6.321555e+06 3.211390e+06 2.490760e+06 1.549475e+06 1.288073e+06 7.595164e+05 5.968590e+05 4.820920e+05 4.539666e+05 4.336293e+05 4.058189e+05 3.875044e+05 3.744793e+05 3.647277e+05 3.571343e+05 3.510283e+05 3.459867e+05 3.298021e+05 3.218679e+05 3.186811e+05 3.180336e+05 3.180626e+05 3.174817e+05 3.128233e+05 3.057696e+05 3.013116e+05 3.031668e+05 3.128400e+05 3.302421e+05 6.603622e+05 8.769804e+05 9.946795e+05 1.057503e+06
5.371215e+05 5.371219e+05 5.371228e+05 5.371072e+05 5.369086e+05 5.242775e+05 4.985095e+05 4.469030e+05 4.298365e+05 4.159407e+05 3.949834e+05 3.801046e+05 3.690812e+05 3.606159e+05 3.539071e+05 3.484401e+05 3.438778e+05 3.289543e+05 3.215538e+05 3.186543e+05 3.181675e+05 3.182751e+05 3.177176e+05 3.130232e+05 3.059193e+05 3.014503e+05 3.033391e+05 3.130777e+05 3.305612e+05 6.610174e+05 8.774385e+05 9.950027e+05 1.057724e+06
4.403175e+05 4.403177e+05 4.403181e+05 4.403257e+05 4.403289e+05 4.379693e+05 4.321589e+05 4.160858e+05 4.046685e+05 3.957515e+05 3.821557e+05 3.713951e+05 3.628115e+05 3.559052e+05 3.502555e+05 3.455435e+05 3.415402e+05 3.280465e+05 3.212281e+05 3.186335e+05 3.183134e+05 3.185001e+05 3.179640e+05 3.132286e+05 3.060717e+05 3.015912e+05 3.035147e+05 3.133202e+05 3.308864e+05 6.616782e+05 8.778988e+05 9.953270e+05 1.057945e+06
4.013163e+05 4.013163e+05 4.013165e+05 4.013205e+05 4.013268e+05 4.007655e+05 3.969894e+05 3.926538e+05 3.881428e+05 3.817551e+05 3.701042e+05 3.622296e+05 3.560101e+05 3.507557e+05 3.462650e+05 3.423884e+05 3.390050e+05 3.270845e+05 3.208927e+05 3.186199e+05 3.184719e+05 3.187378e+05 3.182209e+05 3.134395e+05 3.062267e+05 3.017344e+05 3.036936e+05 3.135673e+05 3.312177e+05 6.623448e+05 8.783613e+05 9.956523e+05 1.058166e+06
3.782269e+05 3.782269e+05 3.782270e+05 3.782298e+05 3.782355e+05 3.780915e+05 3.764079e+05 3.722746e+05 3.716634e+05 3.697543e+05 3.622827e+05 3.547920e+05 3.494715e+05 3.455102e+05 3.421020e+05 3.390631e+05 3.363226e+05 3.260747e+05 3.205498e+05 3.186147e+05 3.186438e+05 3.189886e+05 3.184886e+05 3.136556e+05 3.063840e+05 3.018797e+05 3.038757e+05 3.138192e+05 3.315552e+05 6.630170e+05 8.788260e+05 9.959786e+05 1.058388e+06
3.626370e+05 3.626371e+05 3.626371e+05 3.626395e+05 3.626450e+05 3.626371e+05 3.619422e+05 3.582918e+05 3.577212e+05 3.576219e+05 3.551511e+05 3.499211e+05 3.447757e+05 3.408803e+05 3.380985e+05 3.357386e+05 3.335870e+05 3.250265e+05 3.202018e+05 3.186188e+05 3.188295e+05 3.192527e+05 3.187670e+05 3.138768e+05 3.065437e+05 3.020271e+05 3.040611e+05 3.140760e+05 3.318990e+05 6.636948e+05 8.792928e+05 9.963060e+05 1.058611e+06
3.515469e+05 3.515469e+05 3.515470e+05 3.515488e+05 3.515535e+05 3.515940e+05 3.513277e+05 3.487520e+05 3.477244e+05 3.475596e+05 3.476027e+05 3.453874e+05 3.416073e+05 3.378795e+05 3.348892e+05 3.327223e+05 3.309656e+05 3.239552e+05 3.198516e+05 3.186335e+05 3.190296e+05 3.195304e+05 3.190561e+05 3.141030e+05 3.067055e+05 3.021766e+05 3.042497e+05 3.143376e+05 3.322492e+05 6.643784e+05 8.797619e+05 9.966344e+05 1.058834e+06
3.434392e+05 3.434392e+05 3.434392e+05 3.434407e+05 3.434446e+05 3.435008e+05 3.434243e+05 3.418098e+05 3.407030e+05 3.401525e+05 3.405802e+05 3.405101e+05 3.386395e+05 3.357962e+05 3.329535e+05 3.305603e+05 3.287379e+05 3.228857e+05 3.195038e+05 3.186601e+05 3.192445e+05 3.198216e+05 3.193558e+05 3.143339e+05 3.068693e+05 3.023280e+05 3.044416e+05 3.146042e+05 3.326058e+05 6.650677e+05 8.802331e+05 9.969637e+05 1.059057e+06
3.373905e+05 3.373905e+05 3.373906e+05 3.373918e+05 3.373952e+05 3.374534e+05 3.374635e+05 3.365178e+05 3.355861e+05 3.348470e+05 3.348435e+05 3.356568e+05 3.354199e+05 3.338448e+05 3.316036e+05 3.293275e+05 3.273372e+05 3.218573e+05 3.191652e+05 3.187005e+05 3.194750e+05 3.201266e+05 3.196660e+05 3.145693e+05 3.070350e+05 3.024812e+05 3.046368e+05 3.148757e+05 3.329689e+05 6.657627e+05 8.807066e+05 9.972941e+05 1.059280e+06
3.328013e+05 3.328013e+05 3.328014e+05 3.328024e+05 3.328053e+05 3.328613e+05 3.329126e+05 3.323947e+05 3.317070e+05 3.309834e+05 3.305064e+05 3.313514e+05 3.320731e+05 3.317089e+05 3.303444e+05 3.284936e+05 3.265955e+05 3.209276e+05 3.188463e+05 3.187573e+05 3.197218e+05 3.204455e+05 3.199865e+05 3.148089e+05 3.072022e+05 3.026363e+05 3.048352e+05 3.151523e+05 3.333386e+05 6.664635e+05 8.811822e+05 9.976255e+05 1.059504e+06
3.292800e+05 3.292801e+05 3.292801e+05 3.292810e+05 3.292835e+05 3.293355e+05 3.294063e+05 3.291612e+05 3.286986e+05 3.280980e+05 3.273507e+05 3.278658e+05 3.289138e+05 3.294100e+05 3.289453e+05 3.277232e+05 3.261377e+05 3.201791e+05 3.185618e+05 3.188343e+05 3.199858e+05 3.207784e+05 3.203171e+05 3.150524e+05 3.073708e+05 3.027930e+05 3.050368e+05 3.154338e+05 3.337150e+05 6.671700e+05 8.816599e+05 9.979580e+05 1.059729e+06
3.196890e+05 3.196890e+05 3.196890e+05 3.196893e+05 3.196902e+05 3.197134e+05 3.197715e+05 3.199256e+05 3.199942e+05 3.200400e+05 3.200186e+05 3.198194e+05 3.195342e+05 3.193604e+05 3.194685e+05 3.199097e+05 3.206143e+05 3.236780e+05 3.232344e+05 3.231248e+05 3.242997e+05 3.250745e+05 3.241929e+05 3.176342e+05 3.090834e+05 3.044295e+05 3.072276e+05 3.185364e+05 3.378586e+05 6.745531e+05 8.865562e+05 1.001337e+06 1.061997e+06
3.255859e+05 3.255859e+05 3.255859e+05 3.255861e+05 3.255869e+05 3.256080e+05 3.256684e+05 3.258829e+05 3.260283e+05 3.261938e+05 3.265688e+05 3.269687e+05 3.273455e+05 3.276587e+05 3.279006e+05 3.281038e+05 3.283267e+05 3.311243e+05 3.351824e+05 3.368917e+05 3.360950e+05 3.336645e+05 3.300328e+05 3.204215e+05 3.107180e+05 3.061295e+05 3.097315e+05 3.221908e+05 3.427414e+05 6.825172e+05 8.916641e+05 1.004813e+06 1.064305e+06
3.448309e+05 3.448309e+05 3.448309e+05 3.448311e+05 3.448317e+05 3.448503e+05 3.449058e+05 3.451148e+05 3.452641e+05 3.454409e+05 3.458689e+05 3.463761e+05 3.469252e+05 3.474671e+05 3.479529e+05 3.483474e+05 3.486364e+05 3.491923e+05 3.503219e+05 3.513274e+05 3.499944e+05 3.457464e+05 3.393357e+05 3.243079e+05 3.124102e+05 3.079354e+05 3.126045e+05 3.264719e+05 3.484461e+05 6.910600e+05 8.969763e+05 1.008382e+06 1.066649e+06
3.741106e+05 3.741106e+05 3.741106e+05 3.741108e+05 3.741114e+05 3.741287e+05 3.741808e+05 3.743744e+05 3.745046e+05 3.746492e+05 3.749640e+05 3.752886e+05 3.755904e+05 3.758313e+05 3.759738e+05 3.759885e+05 3.758569e+05 3.731633e+05 3.690330e+05 3.651934e+05 3.609057e+05 3.549466e+05 3.470979e+05 3.291283e+05 3.151024e+05 3.102766e+05 3.160863e+05 3.315488e+05 3.551036e+05 7.001710e+05 9.024836e+05 1.012040e+06 1.069028e+06
3.999393e+05 3.999393e+05 3.999393e+05 3.999393e+05 3.999395e+05 3.999433e+05 3.999533e+05 3.999845e+05 4.000031e+05 4.000219e+05 4.000553e+05 4.000697e+05 4.000362e+05 3.999138e+05 3.996605e+05 3.992435e+05 3.986426e+05 3.929521e+05 3.845166e+05 3.758022e+05 3.675589e+05 3.592556e+05 3.503784e+05 3.320372e+05 3.182406e+05 3.140073e+05 3.207810e+05 3.377654e+05 3.629394e+05 7.098319e+05 9.081745e+05 1.015782e+06 1.071436e+06
4.148918e+05 4.148918e+05 4.148918e+05 4.148918e+05 4.148917e+05 4.148892e+05 4.148774e+05 4.147949e+05 4.147173e+05 4.146150e+05 4.143384e+05 4.139655e+05 4.134819e+05 4.128607e+05 4.120737e+05 4.111011e+05 4.099349e+05 4.015423e+05 3.906105e+05 3.792656e+05 3.685585e+05 3.585796e+05 3.491035e+05 3.319839e+05 3.205308e+05 3.185552e+05 3.272680e+05 3.457797e+05 3.723362e+05 7.200187e+05 9.140361e+05 1.019600e+06 1.073871e+06
4.068802e+05 4.068802e+05 4.068802e+05 4.068801e+05 4.068800e+05 4.068762e+05 4.068636e+05 4.068092e+05 4.067647e+05 4.067065e+05 4.065411e+05 4.062943e+05 4.059399e+05 4.054461e+05 4.047854e+05 4.039403e+05 4.029058e+05 3.952869e+05 3.851839e+05 3.743071e+05 3.636178e+05 3.535770e+05 3.443989e+05 3.295531e+05 3.217279e+05 3.233649e+05 3.350751e+05 3.558481e+05 3.839091e+05 7.307032e+05 9.200537e+05 1.023490e+06 1.076329e+06
3.865581e+05 3.865581e+05 3.865581e+05 3.865581e+05 3.865581e+05 3.865581e+05 3.865578e+05 3.865546e+05 3.865511e+05 3.865459e+05 3.865285e+05 3.864924e+05 3.864133e+05 3.862567e+05 3.859875e+05 3.855795e+05 3.850177e+05 3.800077e+05 3.724589e+05 3.637297e+05 3.546524e+05 3.458388e+05 3.378179e+05 3.260234e+05 3.223698e+05 3.283987e+05 3.439192e+05 3.675984e+05 3.976286e+05 7.418564e+05 9.262118e+05 1.027445e+06 1.078805e+06
3.695120e+05 3.695120e+05 3.695120e+05 3.695120e+05 3.695120e+05 3.695118e+05 3.695111e+05 3.695085e+05 3.695068e+05 3.695045e+05 3.694962e+05 3.694742e+05 3.694174e+05 3.692970e+05 3.690846e+05 3.687597e+05 3.683115e+05 3.643498e+05 3.584614e+05 3.516397e+05 3.444205e+05 3.373063e+05 3.308998e+05 3.226407e+05 3.233075e+05 3.339963e+05 3.537734e+05 3.808233e+05 4.131846e+05 7.534519e+05 9.324945e+05 1.031456e+06 1.081294e+06
3.549876e+05 3.549876e+05 3.549876e+05 3.549876e+05 3.549876e+05 3.549867e+05 3.549839e+05 3.549724e+05 3.549637e+05 3.549528e+05 3.549240e+05 3.548808e+05 3.548079e+05 3.546822e+05 3.544809e+05 3.541872e+05 3.537931e+05 3.504608e+05 3.457147e+05 3.403811e+05 3.348306e+05 3.294469e+05 3.248023e+05 3.203285e+05 3.253336e+05 3.406645e+05 3.648106e+05 3.954496e+05 4.303678e+05 7.654699e+05 9.388860e+05 1.035518e+06 1.083793e+06
3.415140e+05 3.415140e+05 3.415140e+05 3.415140e+05 3.415141e+05 3.415153e+05 3.415188e+05 3.415323e+05 3.415420e+05 3.415535e+05 3.415806e+05 3.416070e+05 3.416172e+05 3.415884e+05 3.414986e+05 3.413313e+05 3.410783e+05 3.386358e+05 3.350014e+05 3.309622e+05 3.268850e+05 3.231314e+05 3.202496e+05 3.196768e+05 3.290339e+05 3.488974e+05 3.773092e+05 4.115176e+05 4.490399e+05 7.779026e+05 9.453712e+05 1.039621e+06 1.086296e+06
3.319236e+05 3.319236e+05 3.319236e+05 3.319236e+05 3.319236e+05 3.319245e+05 3.319272e+05 3.319383e+05 3.319470e+05 3.319578e+05 3.319853e+05 3.320163e+05 3.320378e+05 3.320306e+05 3.319756e+05 3.318586e+05 3.316724e+05 3.297889e+05 3.269818e+05 3.239672e+05 3.211273e+05 3.188433e+05 3.176562e+05 3.210312e+05 3.347894e+05 3.590853e+05 3.915576e+05 4.291344e+05 4.691267e+05 7.907607e+05 9.519367e+05 1.043760e+06 1.088798e+06
3.256911e+05 3.256911e+05 3.256911e+05 3.256911e+05 3.256911e+05 3.256924e+05 3.256961e+05 3.257103e+05 3.257208e+05 3.257334e+05 3.257646e+05 3.257997e+05 3.258272e+05 3.258304e+05 3.257931e+05 3.257033e+05 3.255551e+05 3.240297e+05 3.218112e+05 3.195844e+05 3.177712e+05 3.168014e+05 3.172293e+05 3.245849e+05 3.428304e+05 3.714961e+05 4.077904e+05 4.484193e+05 4.905944e+05 8.040876e+05 9.585717e+05 1.047926e+06 1.091295e+06
3.221731e+05 3.221731e+05 3.221731e+05 3.221731e+05 3.221731e+05 3.221745e+05 3.221787e+05 3.221951e+05 3.222072e+05 3.222219e+05 3.222581e+05 3.222998e+05 3.223372e+05 3.223557e+05 3.223409e+05 3.222824e+05 3.221749e+05 3.209870e+05 3.192773e+05 3.177213e+05 3.168104e+05 3.170560e+05 3.190507e+05 3.304466e+05 3.532925e+05 3.862904e+05 4.261583e+05 4.694560e+05 5.134159e+05 8.180021e+05 9.652685e+05 1.052113e+06 1.093782e+06
3.211776e+05 3.211776e+05 3.211776e+05 3.211776e+05 3.211776e+05 3.211792e+05 3.211839e+05 3.212024e+05 3.212162e+05 3.212329e+05 3.212744e+05 3.213233e+05 3.213711e+05 3.214048e+05 3.214119e+05 3.213832e+05 3.213142e+05 3.204389e+05 3.191931e+05 3.182488e+05 3.181800e+05 3.195990e+05 3.231549e+05 3.386913e+05 3.662563e+05 4.035435e+05 4.467198e+05 4.922620e+05 5.375378e+05 8.324522e+05 9.720236e+05 1.056314e+06 1.096253e+06
3.226219e+05 3.226219e+05 3.226219e+05 3.226220e+05 3.226220e+05 3.226237e+05 3.226288e+05 3.226485e+05 3.226629e+05 3.226804e+05 3.227241e+05 3.227770e+05 3.228318e+05 3.228774e+05 3.229028e+05 3.228999e+05 3.228648e+05 3.222707e+05 3.214514e+05 3.210864e+05 3.218399e+05 3.244347e+05 3.295837e+05 3.493918e+05 3.817704e+05 4.232603e+05 4.694425e+05 5.167726e+05 5.628556e+05 8.471849e+05 9.788383e+05 1.060525e+06 1.098704e+06
3.264150e+05 3.264150e+05 3.264150e+05 3.264150e+05 3.264151e+05 3.264166e+05 3.264214e+05 3.264415e+05 3.264567e+05 3.264753e+05 3.265221e+05 3.265795e+05 3.266409e+05 3.266967e+05 3.267375e+05 3.267565e+05 3.267504e+05 3.264100e+05 3.259992e+05 3.262113e+05 3.278038e+05 3.316135e+05 3.384162e+05 3.626329e+05 3.998578e+05 4.453814e+05 4.942060e+05 5.428354e+05 5.891999e+05 8.619923e+05 9.857203e+05 1.064740e+06 1.101130e+06
3.324200e+05 3.324200e+05 3.324200e+05 3.324200e+05 3.324201e+05 3.324218e+05 3.324273e+05 3.324491e+05 3.324654e+05 3.324854e+05 3.325356e+05 3.325977e+05 3.326665e+05 3.327342e+05 3.327931e+05 3.328378e+05 3.328656e+05 3.328130e+05 3.328495e+05 3.336795e+05 3.361613e+05 3.412509e+05 3.497815e+05 3.785112e+05 4.205104e+05 4.697812e+05 5.208044e+05 5.702129e+05 6.163331e+05 8.766868e+05 9.926845e+05 1.068956e+06 1.103527e+06
3.405971e+05 3.405971e+05 3.405971e+05 3.405972e+05 3.405972e+05 3.405998e+05 3.406076e+05 3.406386e+05 3.406616e+05 3.406893e+05 3.407586e+05 3.408439e+05 3.409405e+05 3.410415e+05 3.411402e+05 3.412318e+05 3.413140e+05 3.416331e+05 3.421733e+05 3.436690e+05 3.470962e+05 3.535334e+05 3.638566e+05 3.971217e+05 4.436751e+05 4.962625e+05 5.489504e+05 5.985896e+05 6.439548e+05 8.910985e+05 9.997556e+05 1.073171e+06 1.105890e+06
3.517968e+05 3.517968e+05 3.517968e+05 3.517969e+05 3.517970e+05 3.517995e+05 3.518076e+05 3.518392e+05 3.518627e+05 3.518912e+05 3.519630e+05 3.520533e+05 3.521586e+05 3.522738e+05 3.523937e+05 3.525146e+05 3.526347e+05 3.532644e+05 3.542837e+05 3.564534e+05 3.608631e+05 3.686980e+05 3.808462e+05 4.185353e+05 4.692373e+05 5.245517e+05 5.782823e+05 6.275855e+05 6.717148e+05 9.050784e+05 1.006972e+06 1.077384e+06 1.108216e+06
3.660547e+05 3.660547e+05 3.660547e+05 3.660548e+05 3.660548e+05 3.660575e+05 3.660659e+05 3.660993e+05 3.661242e+05 3.661546e+05 3.662317e+05 3.663295e+05 3.664452e+05 3.665753e+05 3.667159e+05 3.668646e+05 3.670204e+05 3.679468e+05 3.694421e+05 3.723048e+05 3.777341e+05 3.869963e+05 4.009524e+05 4.427751e+05 4.970078e+05 5.543008e+05 6.083767e+05 6.567750e+05 6.992317e+05 9.185022e+05 1.014403e+06 1.081596e+06 1.110500e+06
3.834409e+05 3.834409e+05 3.834409e+05 3.834409e+05 3.834410e+05 3.834440e+05 3.834534e+05 3.834904e+05 3.835179e+05 3.835514e+05 3.836362e+05 3.837446e+05 3.838753e+05 3.840264e+05 3.841956e+05 3.843815e+05 3.845835e+05 3.858660e+05 3.878931e+05 3.915017e+05 3.979928e+05 4.086801e+05 4.243552e+05 4.697980e+05 5.267196e+05 5.850988e+05 6.387699e+05 6.857101e+05 7.261150e+05 9.312729e+05 1.022089e+06 1.085811e+06 1.112741e+06
4.042772e+05 4.042772e+05 4.042772e+05 4.042773e+05 4.042774e+05 4.042811e+05 4.042927e+05 4.043388e+05 4.043733e+05 4.044151e+05 4.045208e+05 4.046548e+05 4.048160e+05 4.050030e+05 4.052147e+05 4.054503e+05 4.057098e+05 4.073910e+05 4.099904e+05 4.143883e+05 4.219561e+05 4.340015e+05 4.512032e+05 4.994904e+05 5.580383e+05 6.164930e+05 6.689834e+05 7.139477e+05 7.519886e+05 9.433221e+05 1.029941e+06 1.090034e+06 1.114936e+06
4.294410e+05 4.294410e+05 4.294410e+05 4.294410e+05 4.294411e+05 4.294445e+05 4.294554e+05 4.294986e+05 4.295310e+05 4.295705e+05 4.296712e+05 4.298013e+05 4.299618e+05 4.301541e+05 4.303794e+05 4.306390e+05 4.309334e+05 4.329586e+05 4.361462e+05 4.413623e+05 4.499726e+05 4.632115e+05 4.816123e+05 5.316772e+05 5.905836e+05 6.480178e+05 6.985538e+05 7.410753e+05 7.765131e+05 9.546103e+05 1.037892e+06 1.094271e+06 1.117082e+06
4.584800e+05 4.584800e+05 4.584800e+05 4.584801e+05 4.584802e+05 4.584849e+05 4.584996e+05 4.585580e+05 4.586012e+05 4.586535e+05 4.587845e+05 4.589507e+05 4.591531e+05 4.593940e+05 4.596758e+05 4.600007e+05 4.603700e+05 4.629100e+05 4.668085e+05 4.728829e+05 4.824297e+05 4.965628e+05 5.156682e+05 5.661339e+05 6.239517e+05 6.792196e+05 7.270564e+05 7.667327e+05 7.994036e+05 9.651247e+05 1.045887e+06 1.098534e+06 1.119179e+06
4.927425e+05 4.927425e+05 4.927425e+05 4.927425e+05 4.927427e+05 4.927473e+05 4.927617e+05 4.928192e+05 4.928625e+05 4.929157e+05 4.930526e+05 4.932318e+05 4.934568e+05 4.937320e+05 4.940616e+05 4.944486e+05 4.948945e+05 4.980033e+05 5.026603e+05 5.095257e+05 5.197426e+05 5.342743e+05 5.533899e+05 6.025695e+05 6.577166e+05 7.096685e+05 7.541198e+05 7.906247e+05 8.204402e+05 9.748772e+05 1.053879e+06 1.102838e+06 1.121225e+06
5.329038e+05 5.329038e+05 5.329038e+05 5.329039e+05 5.329041e+05 5.329099e+05 5.329280e+05 5.330001e+05 5.330541e+05 5.331199e+05 5.332871e+05 5.335027e+05 5.337704e+05 5.340959e+05 5.344851e+05 5.349424e+05 5.354699e+05 5.391321e+05 5.444381e+05 5.518100e+05 5.621800e+05 5.763680e+05 5.945895e+05 6.405472e+05 6.913976e+05 7.389497e+05 7.794264e+05 8.125258e+05 8.394730e+05 9.839002e+05 1.061824e+06 1.107201e+06 1.123221e+06
5.801395e+05 5.801395e+05 5.801395e+05 5.801396e+05 5.801398e+05 5.801457e+05 5.801642e+05 5.802385e+05 5.802941e+05 5.803621e+05 5.805353e+05 5.807601e+05 5.810422e+05 5.813898e+05 5.818111e+05 5.823113e+05 5.828927e+05 5.869258e+05 5.925232e+05 5.998021e+05 6.095001e+05 6.223582e+05 6.386254e+05 6.793555e+05 7.244037e+05 7.666424e+05 8.027050e+05 8.322756e+05 8.564193e+05 9.922437e+05 1.069687e+06 1.111657e+06 1.125169e+06
6.344428e+05 6.344428e+05 6.344428e+05 6.344429e+05 6.344431e+05 6.344496e+05 6.344699e+05 6.345505e+05 6.346107e+05 6.346840e+05 6.348701e+05 6.351102e+05 6.354096e+05 6.357761e+05 6.362169e+05 6.367359e+05 6.373328e+05 6.412999e+05 6.463860e+05 6.525490e+05 6.604619e+05 6.708762e+05 6.841382e+05 7.178977e+05 7.559938e+05 7.923050e+05 8.237230e+05 8.497745e+05 8.712590e+05 9.999705e+05 1.077432e+06 1.116243e+06 1.127069e+06
6.960334e+05 6.960334e+05 6.960334e+05 6.960335e+05 6.960336e+05 6.960371e+05 6.960482e+05 6.960939e+05 6.961297e+05 6.961747e+05 6.962927e+05 6.964484e+05 6.966445e+05 6.968862e+05 6.971781e+05 6.975225e+05 6.979184e+05 7.004901e+05 7.036214e+05 7.073574e+05 7.123752e+05 7.194313e+05 7.289480e+05 7.547049e+05 7.853034e+05 8.154906e+05 8.422910e+05 8.649799e+05 8.840291e+05 1.007153e+06 1.085034e+06 1.120916e+06 1.128926e+06
7.599768e+05 7.599768e+05 7.599768e+05 7.599767e+05 7.599766e+05 7.599716e+05 7.599559e+05 7.598948e+05 7.598518e+05 7.598024e+05 7.596883e+05 7.595596e+05 7.594239e+05 7.592897e+05 7.591653e+05 7.590566e+05 7.589668e+05 7.587795e+05 7.588992e+05 7.595033e+05 7.611998e+05 7.646686e+05 7.703452e+05 7.881483e+05 8.114597e+05 8.357989e+05 8.582801e+05 8.779089e+05 8.948189e+05 1.013869e+06 1.092467e+06 1.125635e+06 1.130743e+06
8.119484e+05 8.119484e+05 8.119484e+05 8.119484e+05 8.119481e+05 8.119416e+05 8.119212e+05 8.118395e+05 8.117784e+05 8.117043e+05 8.115176e+05 8.112829e+05 8.110056e+05 8.106931e+05 8.103532e+05 8.099925e+05 8.096164e+05 8.076025e+05 8.055254e+05 8.037344e+05 8.028044e+05 8.033531e+05 8.058266e+05 8.168180e+05 8.337597e+05 8.529515e+05 8.716495e+05 8.886432e+05 9.037663e+05 1.020200e+06 1.099714e+06 1.130367e+06 1.132526e+06
8.465253e+05 8.465253e+05 8.465253e+05 8.465253e+05 8.465252e+05 8.465212e+05 8.465087e+05 8.464582e+05 8.464196e+05 8.463716e+05 8.462458e+05 8.460792e+05 8.458721e+05 8.456258e+05 8.453426e+05 8.450245e+05 8.446736e+05 8.424947e+05 8.398187e+05 8.370631e+05 8.347868e+05 8.335771e+05 8.339061e+05 8.398898e+05 8.518316e+05 8.668589e+05 8.824694e+05 8.973333e+05 9.110545e+05 1.026227e+06 1.106761e+06 1.135084e+06 1.134282e+06
8.683091e+05 8.683091e+05 8.683091e+05 8.683090e+05 8.683089e+05 8.683053e+05 8.682941e+05 8.682488e+05 8.682146e+05 8.681726e+05 8.680650e+05 8.679262e+05 8.677564e+05 8.675562e+05 8.673257e+05 8.670654e+05 8.667754e+05 8.649043e+05 8.624516e+05 8.597155e+05 8.571366e+05 8.552220e+05 8.544359e+05 8.572798e+05 8.657055e+05 8.776484e+05 8.909283e+05 9.041960e+05 9.169046e+05 1.032027e+06 1.113597e+06 1.139759e+06 1.136023e+06
8.803573e+05 8.803573e+05 8.803573e+05 8.803573e+05 8.803572e+05 8.803557e+05 8.803511e+05 8.803317e+05 8.803159e+05 8.802957e+05 8.802406e+05 8.801647e+05 8.800664e+05 8.799439e+05 8.797955e+05 8.796202e+05 8.794175e+05 8.780085e+05 8.760467e+05 8.737490e+05 8.714270e+05 8.694781e+05 8.683179e+05 8.695362e+05 8.757700e+05 8.856430e+05 8.973192e+05 9.095032e+05 9.215673e+05 1.037676e+06 1.120217e+06 1.144367e+06 1.137764e+06
8.866729e+05 8.866729e+05 8.866729e+05 8.866729e+05 8.866728e+05 8.866714e+05 8.866670e+05 8.866491e+05 8.866355e+05 8.866187e+05 8.865757e+05 8.865194e+05 8.864483e+05 8.863603e+05 8.862530e+05 8.861248e+05 8.859748e+05 8.849088e+05 8.834062e+05 8.816167e+05 8.797418e+05 8.780731e+05 8.769608e+05 8.775809e+05 8.826499e+05 8.913017e+05 9.020085e+05 9.135641e+05 9.253100e+05 1.043242e+06 1.126616e+06 1.148886e+06 1.139530e+06
8.891176e+05 8.891176e+05 8.891176e+05 8.891176e+05 8.891176e+05 8.891171e+05 8.891150e+05 8.891058e+05 8.890987e+05 8.890899e+05 8.890669e+05 8.890362e+05 8.889959e+05 8.889433e+05 8.888756e+05 8.887909e+05 8.886881e+05 8.879147e+05 8.867974e+05 8.854534e+05 8.840191e+05 8.827134e+05 8.818307e+05 8.824486e+05 8.870679e+05 8.951485e+05 9.053984e+05 9.167034e+05 9.284039e+05 1.048788e+06 1.132795e+06 1.153292e+06 1.141306e+06
8.894318e+05 8.894318e+05 8.894318e+05 8.894318e+05 8.894318e+05 8.894317e+05 8.894312e+05 8.894299e+05 8.894291e+05 8.894284e+05 8.894270e+05 8.894247e+05 8.894190e+05 8.894061e+05 8.893821e+05 8.893439e+05 8.892896e+05 8.887723e+05 8.879344e+05 8.869031e+05 8.858014e+05 8.848130e+05 8.841952e+05 8.851041e+05 8.897325e+05 8.977078e+05 9.078902e+05 9.192409e+05 9.311117e+05 1.054369e+06 1.138756e+06 1.157567e+06 1.143062e+06
8.894241e+05 8.894241e+05 8.894241e+05 8.894241e+05 8.894241e+05 8.894244e+05 8.894254e+05 8.894290e+05 8.894315e+05 8.894341e+05 8.894393e+05 8.894426e+05 8.894410e+05 8.894301e+05 8.894062e+05 8.893664e+05 8.893092e+05 8.887827e+05 8.879890e+05 8.870787e+05 8.861642e+05 8.854032e+05 8.850234e+05 8.863502e+05 8.912710e+05 8.994610e+05 9.098587e+05 9.214753e+05 9.336773e+05 1.060033e+06 1.144501e+06 1.161690e+06 1.144778e+06
8.892126e+05 8.892126e+05 8.892126e+05 8.892126e+05 8.892126e+05 8.892119e+05 8.892096e+05 8.892006e+05 8.891938e+05 8.891856e+05 8.891650e+05 8.891392e+05 8.891069e+05 8.890652e+05 8.890110e+05 8.889422e+05 8.888578e+05 8.882299e+05 8.874060e+05 8.865416e+05 8.857442e+05 8.851593e+05 8.849972e+05 8.868106e+05 8.922035e+05 9.008247e+05 9.116350e+05 9.236735e+05 9.363191e+05 1.065819e+06 1.150036e+06 1.165645e+06 1.146438e+06
8.876040e+05 8.876040e+05 8.876040e+05 8.876040e+05 8.876040e+05 8.876047e+05 8.876067e+05 8.876146e+05 8.876204e+05 8.876273e+05 8.876434e+05 8.876605e+05 8.876744e+05 8.876798e+05 8.876716e+05 8.876461e+05 8.876015e+05 8.871178e+05 8.863835e+05 8.856113e+05 8.849423e+05 8.845349e+05 8.845977e+05 8.869596e+05 8.929472e+05 9.021452e+05 9.135016e+05 9.260656e+05 9.392263e+05 1.071758e+06 1.155366e+06 1.169415e+06 1.148025e+06
8.866642e+05 8.866642e+05 8.866642e+05 8.866642e+05 8.866642e+05 8.866640e+05 8.866632e+05 8.866609e+05 8.866597e+05 8.866587e+05 8.866570e+05 8.866551e+05 8.866500e+05 8.866372e+05 8.866123e+05 8.865722e+05 8.865153e+05 8.860079e+05 8.853106e+05 8.846290e+05 8.841021e+05 8.838889e+05 8.841963e+05 8.871650e+05 8.938335e+05 9.037044e+05 9.156916e+05 9.288435e+05 9.425572e+05 1.077875e+06 1.160495e+06 1.172987e+06 1.149524e+06
8.856139e+05 8.856139e+05 8.856139e+05 8.856139e+05 8.856139e+05 8.856136e+05 8.856129e+05 8.856112e+05 8.856107e+05 8.856105e+05 8.856113e+05 8.856124e+05 8.856109e+05 8.856023e+05 8.855822e+05 8.855476e+05 8.854970e+05 8.850416e+05 8.844371e+05 8.838875e+05 8.835319e+05 8.835342e+05 8.841042e+05 8.877217e+05 8.951259e+05 9.057275e+05 9.183931e+05 9.321627e+05 9.464403e+05 1.084186e+06 1.165430e+06 1.176347e+06 1.150922e+06
8.846379e+05 8.846379e+05 8.846379e+05 8.846379e+05 8.846379e+05 8.846387e+05 8.846410e+05 8.846503e+05 8.846573e+05 8.846658e+05 8.846874e+05 8.847139e+05 8.847422e+05 8.847670e+05 8.847834e+05 8.847873e+05 8.847768e+05 8.845227e+05 8.840997e+05 8.837190e+05 8.835438e+05 8.837605e+05 8.845919e+05 8.888675e+05 8.970319e+05 9.083909e+05 9.217532e+05 9.361448e+05 9.509755e+05 1.090699e+06 1.170174e+06 1.179485e+06 1.152205e+06
8.851052e+05 8.851052e+05 8.851052e+05 8.851052e+05 8.851052e+05 8.851064e+05 8.851099e+05 8.851242e+05 8.851349e+05 8.851478e+05 8.851802e+05 8.852196e+05 8.852620e+05 8.853016e+05 8.853329e+05 8.853517e+05 8.853554e+05 8.851638e+05 8.847972e+05 8.844884e+05 8.844246e+05 8.848097e+05 8.858742e+05 8.907861e+05 8.997101e+05 9.118289e+05 9.258832e+05 9.408810e+05 9.562369e+05 1.097419e+06 1.174732e+06 1.182391e+06 1.153362e+06
8.875331e+05 8.875331e+05 8.875331e+05 8.875331e+05 8.875331e+05 8.875332e+05 8.875334e+05 8.875352e+05 8.875372e+05 8.875402e+05 8.875491e+05 8.875610e+05 8.875725e+05 8.875786e+05 8.875745e+05 8.875566e+05 8.875231e+05 8.871584e+05 8.866745e+05 8.863240e+05 8.863008e+05 8.868116e+05 8.880836e+05 8.936061e+05 9.032759e+05 9.161391e+05 9.308627e+05 9.464349e+05 9.622747e+05 1.104340e+06 1.179106e+06 1.185057e+06 1.154382e+06
8.904695e+05 8.904695e+05 8.904695e+05 8.904695e+05 8.904695e+05 8.904696e+05 8.904698e+05 8.904705e+05 8.904713e+05 8.904725e+05 8.904767e+05 8.904823e+05 8.904863e+05 8.904838e+05 8.904700e+05 8.904414e+05 8.903967e+05 8.899735e+05 8.894517e+05 8.891083e+05 8.891537e+05 8.898042e+05 8.912886e+05 8.974148e+05 9.078098e+05 9.213879e+05 9.367442e+05 9.528462e+05 9.691183e+05 1.111454e+06 1.183299e+06 1.187476e+06 1.155255e+06
8.935723e+05 8.935723e+05 8.935723e+05 8.935723e+05 8.935723e+05 8.935733e+05 8.935761e+05 8.935876e+05 8.935961e+05 8.936064e+05 8.936325e+05 8.936640e+05 8.936969e+05 8.937254e+05 8.937437e+05 8.937478e+05 8.937354e+05 8.934610e+05 8.930630e+05 8.928370e+05 8.930186e+05 8.938454e+05 8.955572e+05 9.022789e+05 9.133664e+05 9.276166e+05 9.435564e+05 9.601339e+05 9.767783e+05 1.118745e+06 1.187311e+06 1.189643e+06 1.155969e+06
8.981008e+05 8.981008e+05 8.981008e+05 8.981009e+05 8.981009e+05 8.981020e+05 8.981053e+05 8.981184e+05 8.981281e+05 8.981399e+05 8.981695e+05 8.982057e+05 8.982446e+05 8.982806e+05 8.983083e+05 8.983234e+05 8.983241e+05 8.981387e+05 8.978521e+05 8.977465e+05 8.980645e+05 8.990595e+05 9.009826e+05 9.082536e+05 9.199790e+05 9.348440e+05 9.513078e+05 9.682983e+05 9.852490e+05 1.126196e+06 1.191143e+06 1.191554e+06 1.156518e+06
9.042503e+05 9.042503e+05 9.042503e+05 9.042503e+05 9.042503e+05 9.042514e+05 9.042547e+05 9.042680e+05 9.042781e+05 9.042906e+05 9.043227e+05 9.043633e+05 9.044084e+05 9.044522e+05 9.044889e+05 9.045141e+05 9.045253e+05 9.043922e+05 9.041491e+05 9.040858e+05 9.044658e+05 9.055634e+05 9.076417e+05 9.153701e+05 9.276580e+05 9.430688e+05 9.599891e+05 9.773240e+05 9.945104e+05 1.133783e+06 1.194792e+06 1.193207e+06 1.156893e+06
9.122742e+05 9.122742e+05 9.122742e+05 9.122742e+05 9.122743e+05 9.122758e+05 9.122804e+05 9.122987e+05 9.123124e+05 9.123292e+05 9.123713e+05 9.124230e+05 9.124792e+05 9.125330e+05 9.125772e+05 9.126066e+05 9.126184e+05 9.124351e+05 9.120911e+05 9.119326e+05 9.122614e+05 9.133727e+05 9.155364e+05 9.236186e+05 9.363878e+05 9.522705e+05 9.695752e+05 9.871820e+05 1.004530e+06 1.141480e+06 1.198256e+06 1.194599e+06 1.157088e+06
9.226022e+05 9.226022e+05 9.226022e+05 9.226022e+05 9.226022e+05 9.226021e+05 9.226019e+05 9.226018e+05 9.226026e+05 9.226042e+05 9.226105e+05 9.226197e+05 9.226278e+05 9.226286e+05 9.226160e+05 9.225856e+05 9.225355e+05 9.220397e+05 9.214271e+05 9.210724e+05 9.212861e+05 9.223657e+05 9.245779e+05 9.329472e+05 9.461298e+05 9.624131e+05 9.800282e+05 9.978318e+05 1.015267e+06 1.149257e+06 1.201533e+06 1.195730e+06 1.157095e+06
9.330191e+05 9.330191e+05 9.330191e+05 9.330191e+05 9.330191e+05 9.330190e+05 9.330187e+05 9.330177e+05 9.330170e+05 9.330164e+05 9.330158e+05 9.330153e+05 9.330114e+05 9.329982e+05 9.329698e+05 9.329220e+05 9.328532e+05 9.322533e+05 9.315377e+05 9.311018e+05 9.312730e+05 9.323621e+05 9.346407e+05 9.432862e+05 9.568335e+05 9.734500e+05 9.913007e+05 1.009224e+06 1.026668e+06 1.157084e+06 1.204617e+06 1.196599e+06 1.156911e+06
9.430020e+05 9.430020e+05 9.430020e+05 9.430020e+05 9.430020e+05 9.430033e+05 9.430071e+05 9.430224e+05 9.430338e+05 9.430476e+05 9.430822e+05 9.431237e+05 9.431664e+05 9.432027e+05 9.432251e+05 9.432281e+05 9.432090e+05 9.428176e+05 9.422329e+05 9.418747e+05 9.421070e+05 9.432696e+05 9.456494e+05 9.545795e+05 9.684488e+05 9.853303e+05 1.003339e+06 1.021302e+06 1.038676e+06 1.164925e+06 1.207505e+06 1.197209e+06 1.156530e+06
9.545926e+05 9.545926e+05 9.545926e+05 9.545926e+05 9.545927e+05 9.545939e+05 9.545977e+05 9.546118e+05 9.546221e+05 9.546345e+05 9.546653e+05 9.547024e+05 9.547412e+05 9.547744e+05 9.547951e+05 9.547979e+05 9.547802e+05 9.544167e+05 9.538779e+05 9.535726e+05 9.538687e+05 9.551142e+05 9.576006e+05 9.667967e+05 9.809320e+05 9.980014e+05 1.016083e+06 1.034002e+06 1.051227e+06 1.172747e+06 1.210190e+06 1.197559e+06 1.155949e+06
9.675704e+05 9.675704e+05 9.675704e+05 9.675704e+05 9.675704e+05 9.675712e+05 9.675738e+05 9.675839e+05 9.675914e+05 9.676006e+05 9.676238e+05 9.676517e+05 9.676795e+05 9.677004e+05 9.677074e+05 9.676955e+05 9.676623e+05 9.672230e+05 9.666353e+05 9.663192e+05 9.666411e+05 9.679451e+05 9.705162e+05 9.799215e+05 9.942432e+05 1.011409e+06 1.029471e+06 1.047258e+06 1.064251e+06 1.180513e+06 1.212667e+06 1.197653e+06 1.155167e+06
9.813921e+05 9.813921e+05 9.813921e+05 9.813921e+05 9.813921e+05 9.813930e+05 9.813957e+05 9.814067e+05 9.814148e+05 9.814247e+05 9.814495e+05 9.814791e+05 9.815086e+05 9.815305e+05 9.815378e+05 9.815251e+05 9.814899e+05 9.810305e+05 9.804234e+05 9.801042e+05 9.804436e+05 9.817850e+05 9.844095e+05 9.939373e+05 1.008340e+06 1.025493e+06 1.043433e+06 1.060996e+06 1.077674e+06 1.188188e+06 1.214929e+06 1.197494e+06 1.154180e+06
9.961217e+05 9.961217e+05 9.961217e+05 9.961217e+05 9.961218e+05 9.961227e+05 9.961254e+05 9.961363e+05 9.961445e+05 9.961545e+05 9.961801e+05 9.962116e+05 9.962444e+05 9.962711e+05 9.962843e+05 9.962787e+05 9.962516e+05 9.958356e+05 9.952626e+05 9.949613e+05 9.953083e+05 9.966549e+05 9.992853e+05 1.008816e+06 1.023169e+06 1.040185e+06 1.057894e+06 1.075136e+06 1.091418e+06 1.195734e+06 1.216971e+06 1.197083e+06 1.152989e+06
1.011937e+06 1.011937e+06 1.011937e+06 1.011937e+06 1.011937e+06 1.011939e+06 1.011944e+06 1.011964e+06 1.011978e+06 1.011996e+06 1.012041e+06 1.012095e+06 1.012153e+06 1.012206e+06 1.012246e+06 1.012266e+06 1.012262e+06 1.011920e+06 1.011351e+06 1.011007e+06 1.011290e+06 1.012566e+06 1.015126e+06 1.024505e+06 1.038660e+06 1.055407e+06 1.072769e+06 1.089596e+06 1.105400e+06 1.203116e+06 1.218784e+06 1.196425e+06 1.151593e+06
1.029898e+06 1.029898e+06 1.029898e+06 1.029899e+06 1.029899e+06 1.029900e+06 1.029905e+06 1.029925e+06 1.029939e+06 1.029957e+06 1.029999e+06 1.030047e+06 1.030096e+06 1.030136e+06 1.030158e+06 1.030154e+06 1.030123e+06 1.029595e+06 1.028804e+06 1.028249e+06 1.028343e+06 1.029450e+06 1.031851e+06 1.040916e+06 1.054722e+06 1.071064e+06 1.087968e+06 1.104286e+06 1.119535e+06 1.210298e+06 1.220364e+06 1.195523e+06 1.149992e+06
1.049449e+06 1.049449e+06 1.049449e+06 1.049449e+06 1.049449e+06 1.049450e+06 1.049450e+06 1.049450e+06 1.049450e+06 1.049451e+06 1.049452e+06 1.049451e+06 1.049445e+06 1.049424e+06 1.049380e+06 1.049309e+06 1.049207e+06 1.048316e+06 1.047200e+06 1.046370e+06 1.046225e+06 1.047112e+06 1.049300e+06 1.057923e+06 1.071243e+06 1.087054e+06 1.103391e+06 1.119112e+06 1.133735e+06 1.217246e+06 1.221704e+06 1.194382e+06 1.148188e+06
1.068178e+06 1.068178e+06 1.068178e+06 1.068178e+06 1.068178e+06 1.068178e+06 1.068178e+06 1.068179e+06 1.068180e+06 1.068183e+06 1.068190e+06 1.068200e+06 1.068206e+06 1.068198e+06 1.068167e+06 1.068106e+06 1.068013e+06 1.067117e+06 1.065922e+06 1.064958e+06 1.064643e+06 1.065330e+06 1.067289e+06 1.075382e+06 1.088098e+06 1.103264e+06 1.118936e+06 1.133980e+06 1.147912e+06 1.223926e+06 1.222797e+06 1.193006e+06 1.146182e+06
1.086781e+06 1.086781e+06 1.086781e+06 1.086781e+06 1.086781e+06 1.086782e+06 1.086786e+06 1.086803e+06 1.086815e+06 1.086830e+06 1.086867e+06 1.086912e+06 1.086956e+06 1.086989e+06 1.086999e+06 1.086979e+06 1.086924e+06 1.086158e+06 1.084977e+06 1.083936e+06 1.083474e+06 1.083959e+06 1.085670e+06 1.093152e+06 1.105161e+06 1.119580e+06 1.134499e+06 1.148794e+06 1.161978e+06 1.230307e+06 1.223637e+06 1.191398e+06 1.143978e+06
1.107032e+06 1.107032e+06 1.107032e+06 1.107032e+06 1.107032e+06 1.107034e+06 1.107038e+06 1.107052e+06 1.107061e+06 1.107072e+06 1.107097e+06 1.107125e+06 1.107147e+06 1.107153e+06 1.107133e+06 1.107078e+06 1.106985e+06 1.106005e+06 1.104604e+06 1.103348e+06 1.102661e+06 1.102893e+06 1.104313e+06 1.111098e+06 1.122304e+06 1.135886e+06 1.149975e+06 1.163459e+06 1.175846e+06 1.236360e+06 1.224221e+06 1.189564e+06 1.141577e+06
1.127808e+06 1.127808e+06 1.127808e+06 1.127808e+06 1.127808e+06 1.127808e+06 1.127808e+06 1.127807e+06 1.127806e+06 1.127805e+06 1.127803e+06 1.127797e+06 1.127780e+06 1.127743e+06 1.127674e+06 1.127567e+06 1.127419e+06 1.126144e+06 1.124464e+06 1.122954e+06 1.122012e+06 1.121965e+06 1.123064e+06 1.129079e+06 1.139402e+06 1.152070e+06 1.165264e+06 1.177884e+06 1.189434e+06 1.242056e+06 1.224543e+06 1.187509e+06 1.138983e+06
1.147367e+06 1.147367e+06 1.147367e+06 1.147367e+06 1.147367e+06 1.147367e+06 1.147367e+06 1.147368e+06 1.147369e+06 1.147371e+06 1.147376e+06 1.147382e+06 1.147380e+06 1.147359e+06 1.147306e+06 1.147214e+06 1.147079e+06 1.145824e+06 1.144083e+06 1.142439e+06 1.141299e+06 1.140988e+06 1.141760e+06 1.146956e+06 1.156330e+06 1.168021e+06 1.180266e+06 1.191981e+06 1.202663e+06 1.247370e+06 1.224599e+06 1.185237e+06 1.136201e+06
1.166547e+06 1.166547e+06 1.166547e+06 1.166547e+06 1.166547e+06 1.166548e+06 1.166551e+06 1.166562e+06 1.166571e+06 1.166581e+06 1.166607e+06 1.166636e+06 1.166660e+06 1.166667e+06 1.166643e+06 1.166579e+06 1.166469e+06 1.165290e+06 1.163520e+06 1.161757e+06 1.160420e+06 1.159836e+06 1.160264e+06 1.164597e+06 1.172971e+06 1.183636e+06 1.194890e+06 1.205668e+06 1.215458e+06 1.252280e+06 1.224386e+06 1.182752e+06 1.133234e+06
1.186616e+06 1.186616e+06 1.186616e+06 1.186616e+06 1.186616e+06 1.186617e+06 1.186620e+06 1.186630e+06 1.186636e+06 1.186643e+06 1.186659e+06 1.186674e+06 1.186678e+06 1.186660e+06 1.186605e+06 1.186506e+06 1.186358e+06 1.184945e+06 1.182922e+06 1.180901e+06 1.179287e+06 1.178386e+06 1.178442e+06 1.181874e+06 1.189212e+06 1.198815e+06 1.209049e+06 1.218867e+06 1.227751e+06 1.256764e+06 1.223900e+06 1.180061e+06 1.130087e+06
1.206561e+06 1.206561e+06 1.206561e+06 1.206561e+06 1.206561e+06 1.206561e+06 1.206559e+06 1.206554e+06 1.206549e+06 1.206544e+06 1.206531e+06 1.206510e+06 1.206474e+06 1.206409e+06 1.206305e+06 1.206151e+06 1.205944e+06 1.204215e+06 1.201885e+06 1.199578e+06 1.197676e+06 1.196454e+06 1.196139e+06 1.198661e+06 1.204946e+06 1.213468e+06 1.222663e+06 1.231507e+06 1.239478e+06 1.260806e+06 1.223141e+06 1.177169e+06 1.126765e+06
1.224615e+06 1.224615e+06 1.224615e+06 1.224615e+06 1.224615e+06 1.224615e+06 1.224613e+06 1.224608e+06 1.224604e+06 1.224600e+06 1.224590e+06 1.224576e+06 1.224548e+06 1.224493e+06 1.224397e+06 1.224251e+06 1.224050e+06 1.222309e+06 1.219898e+06 1.217454e+06 1.215353e+06 1.213865e+06 1.213208e+06 1.214847e+06 1.220081e+06 1.227513e+06 1.235661e+06 1.243527e+06 1.250584e+06 1.264390e+06 1.222107e+06 1.174079e+06 1.123273e+06
1.241376e+06 1.241376e+06 1.241376e+06 1.241376e+06 1.241376e+06 1.241376e+06 1.241378e+06 1.241383e+06 1.241388e+06 1.241393e+06 1.241405e+06 1.241417e+06 1.241418e+06 1.241394e+06 1.241330e+06 1.241215e+06 1.241044e+06 1.239409e+06 1.237019e+06 1.234509e+06 1.232260e+06 1.230539e+06 1.229565e+06 1.230348e+06 1.234539e+06 1.240881e+06 1.247981e+06 1.254871e+06 1.261020e+06 1.267503e+06 1.220798e+06 1.170799e+06 1.119617e+06
1.258208e+06 1.258208e+06 1.258208e+06 1.258208e+06 1.258208e+06 1.258208e+06 1.258210e+06 1.258215e+06 1.258220e+06 1.258224e+06 1.258236e+06 1.258245e+06 1.258241e+06 1.258209e+06 1.258134e+06 1.258005e+06 1.257817e+06 1.256070e+06 1.253538e+06 1.250867e+06 1.248424e+06 1.246453e+06 1.245161e+06 1.245097e+06 1.248254e+06 1.253512e+06 1.259569e+06 1.265490e+06 1.270742e+06 1.270138e+06 1.219213e+06 1.167332e+06 1.115801e+06
1.274824e+06 1.274824e+06 1.274824e+06 1.274824e+06 1.274824e+06 1.274824e+06 1.274822e+06 1.274814e+06 1.274809e+06 1.274802e+06 1.274785e+06 1.274760e+06 1.274718e+06 1.274643e+06 1.274523e+06 1.274345e+06 1.274107e+06 1.272093e+06 1.269316e+06 1.266429e+06 1.263768e+06 1.261543e+06 1.259936e+06 1.259040e+06 1.261174e+06 1.265357e+06 1.270380e+06 1.275345e+06 1.279718e+06 1.272285e+06 1.217356e+06 1.163684e+06 1.111831e+06
1.289622e+06 1.289622e+06 1.289622e+06 1.289622e+06 1.289622e+06 1.289621e+06 1.289619e+06 1.289612e+06 1.289607e+06 1.289600e+06 1.289582e+06 1.289556e+06 1.289511e+06 1.289434e+06 1.289309e+06 1.289126e+06 1.288880e+06 1.286809e+06 1.283952e+06 1.280962e+06 1.278156e+06 1.275724e+06 1.273830e+06 1.272131e+06 1.273256e+06 1.276375e+06 1.280378e+06 1.284403e+06 1.287917e+06 1.273943e+06 1.215226e+06 1.159862e+06 1.107713e+06
1.302592e+06 1.302592e+06 1.302592e+06 1.302592e+06 1.302592e+06 1.302592e+06 1.302594e+06 1.302598e+06 1.302602e+06 1.302606e+06 1.302614e+06 1.302619e+06 1.302609e+06 1.302569e+06 1.302482e+06 1.302337e+06 1.302129e+06 1.300220e+06 1.297453e+06 1.294472e+06 1.291588e+06 1.288985e+06 1.286825e+06 1.284342e+06 1.284468e+06 1.286535e+06 1.289535e+06 1.292642e+06 1.295320e+06 1.275109e+06 1.212828e+06 1.155869e+06 1.103454e+06
1.315314e+06 1.315314e+06 1.315314e+06 1.315314e+06 1.315314e+06 1.315314e+06 1.315316e+06 1.315320e+06 1.315324e+06 1.315328e+06 1.315339e+06 1.315348e+06 1.315344e+06 1.315311e+06 1.315234e+06 1.315098e+06 1.314899e+06 1.313017e+06 1.310235e+06 1.307189e+06 1.304180e+06 1.301378e+06 1.298936e+06 1.295654e+06 1.294785e+06 1.295812e+06 1.297829e+06 1.300041e+06 1.301913e+06 1.275783e+06 1.210165e+06 1.151712e+06 1.099058e+06
1.328215e+06 1.328215e+06 1.328215e+06 1.328215e+06 1.328215e+06 1.328215e+06 1.328213e+06 1.328209e+06 1.328206e+06 1.328202e+06 1.328194e+06 1.328179e+06 1.328147e+06 1.328082e+06 1.327967e+06 1.327792e+06 1.327549e+06 1.325431e+06 1.322422e+06 1.319169e+06 1.315949e+06 1.312898e+06 1.310146e+06 1.306047e+06 1.304185e+06 1.304189e+06 1.305246e+06 1.306593e+06 1.307687e+06 1.275971e+06 1.207240e+06 1.147396e+06 1.094532e+06
1.340002e+06 1.340002e+06 1.340002e+06 1.340002e+06 1.340002e+06 1.340001e+06 1.339998e+06 1.339989e+06 1.339982e+06 1.339973e+06 1.339950e+06 1.339916e+06 1.339860e+06 1.339767e+06 1.339620e+06 1.339409e+06 1.339128e+06 1.336799e+06 1.333588e+06 1.330150e+06 1.326735e+06 1.323446e+06 1.320392e+06 1.315487e+06 1.312649e+06 1.311654e+06 1.311779e+06 1.312291e+06 1.312642e+06 1.275676e+06 1.204060e+06 1.142927e+06 1.089882e+06
1.349615e+06 1.349615e+06 1.349615e+06 1.349615e+06 1.349615e+06 1.349614e+06 1.349612e+06 1.349602e+06 1.349595e+06 1.349587e+06 1.349567e+06 1.349538e+06 1.349491e+06 1.349408e+06 1.349274e+06 1.349077e+06 1.348811e+06 1.346550e+06 1.343373e+06 1.339914e+06 1.336408e+06 1.332943e+06 1.329623e+06 1.323951e+06 1.320165e+06 1.318200e+06 1.317427e+06 1.317140e+06 1.316783e+06 1.274908e+06 1.200629e+06 1.138311e+06 1.085113e+06
