1.926809e+06 9.841701e+05 7.942985e+05 5.920553e+05 5.353038e+05 4.205381e+05 4.037659e+05 3.963977e+05 3.950291e+05 3.947275e+05 3.970295e+05 4.026647e+05 4.110384e+05 4.216960e+05 4.343145e+05 4.486601e+05 4.645328e+05 5.515787e+05 5.477826e+05 4.076484e+05 2.842076e+05 2.137050e+05 1.745784e+05 1.366235e+05 1.192319e+05 1.094252e+05 1.032425e+05 9.929258e+04 9.706152e+04 1.551534e+05 3.130861e+05 4.822333e+05 6.183375e+05
3.976624e+05 3.976635e+05 3.976665e+05 3.977315e+05 3.978244e+05 3.963227e+05 3.965464e+05 3.921857e+05 3.923279e+05 3.930839e+05 3.968624e+05 4.035391e+05 4.127083e+05 4.240032e+05 4.371505e+05 4.519461e+05 4.682056e+05 5.561815e+05 5.509392e+05 4.086548e+05 2.842508e+05 2.134886e+05 1.743256e+05 1.364225e+05 1.190809e+05 1.093061e+05 1.031456e+05 9.921408e+04 9.700105e+04 1.553432e+05 3.134801e+05 4.826820e+05 6.187463e+05
3.930999e+05 3.931002e+05 3.931009e+05 3.931183e+05 3.931538e+05 3.921451e+05 3.908665e+05 3.913095e+05 3.897699e+05 3.907011e+05 3.964624e+05 4.046361e+05 4.148401e+05 4.268922e+05 4.406273e+05 4.558992e+05 4.725532e+05 5.613512e+05 5.543879e+05 4.097389e+05 2.843009e+05 2.132646e+05 1.740642e+05 1.362157e+05 1.189261e+05 1.091843e+05 1.030466e+05 9.913412e+04 9.693961e+04 1.555352e+05 3.138769e+05 4.831328e+05 6.191563e+05
3.881047e+05 3.881049e+05 3.881053e+05 3.881163e+05 3.881445e+05 3.883073e+05 3.868240e+05 3.914059e+05 3.932310e+05 3.939180e+05 3.976939e+05 4.064166e+05 4.175970e+05 4.304464e+05 4.448024e+05 4.605671e+05 4.776180e+05 5.671135e+05 5.581386e+05 4.109025e+05 2.843583e+05 2.130330e+05 1.737941e+05 1.360031e+05 1.187673e+05 1.090597e+05 1.029456e+05 9.905267e+04 9.687721e+04 1.557294e+05 3.142764e+05 4.835857e+05 6.195678e+05
3.871168e+05 3.871169e+05 3.871172e+05 3.871256e+05 3.871489e+05 3.875553e+05 3.875745e+05 3.901898e+05 3.945445e+05 3.983743e+05 4.039159e+05 4.110041e+05 4.216812e+05 4.349434e+05 4.498051e+05 4.660210e+05 4.834469e+05 5.734881e+05 5.621980e+05 4.121467e+05 2.844227e+05 2.127938e+05 1.735153e+05 1.357845e+05 1.186046e+05 1.089322e+05 1.028424e+05 9.896973e+04 9.681383e+04 1.559260e+05 3.146788e+05 4.840408e+05 6.199806e+05
3.902588e+05 3.902588e+05 3.902591e+05 3.902664e+05 3.902886e+05 3.908307e+05 3.916636e+05 3.935837e+05 3.971782e+05 4.020752e+05 4.113027e+05 4.193360e+05 4.288866e+05 4.411602e+05 4.559805e+05 4.724329e+05 4.901342e+05 5.804913e+05 5.665703e+05 4.134717e+05 2.844940e+05 2.125468e+05 1.732277e+05 1.355601e+05 1.184380e+05 1.088019e+05 1.027372e+05 9.888529e+04 9.674948e+04 1.561249e+05 3.150840e+05 4.844980e+05 6.203948e+05
3.975475e+05 3.975475e+05 3.975477e+05 3.975538e+05 3.975716e+05 3.980189e+05 3.989768e+05 4.010323e+05 4.035061e+05 4.076949e+05 4.184853e+05 4.287809e+05 4.388548e+05 4.503825e+05 4.641282e+05 4.801794e+05 4.978812e+05 5.881431e+05 5.712578e+05 4.148765e+05 2.845715e+05 2.122916e+05 1.729312e+05 1.353297e+05 1.182674e+05 1.086687e+05 1.026299e+05 9.879934e+04 9.668416e+04 1.563261e+05 3.154920e+05 4.849574e+05 6.208104e+05
4.071517e+05 4.071518e+05 4.071519e+05 4.071572e+05 4.071729e+05 4.075915e+05 4.086011e+05 4.110562e+05 4.129711e+05 4.162192e+05 4.264679e+05 4.383690e+05 4.498838e+05 4.617129e+05 4.749301e+05 4.900322e+05 5.070785e+05 5.964759e+05 5.762619e+05 4.163597e+05 2.846545e+05 2.120282e+05 1.726257e+05 1.350933e+05 1.180927e+05 1.085326e+05 1.025204e+05 9.871188e+04 9.661787e+04 1.565297e+05 3.159029e+05 4.854189e+05 6.212274e+05
4.186266e+05 4.186266e+05 4.186268e+05 4.186316e+05 4.186458e+05 4.190389e+05 4.200534e+05 4.228576e+05 4.246439e+05 4.272840e+05 4.362094e+05 4.484247e+05 4.612704e+05 4.740606e+05 4.874533e+05 5.021414e+05 5.184033e+05 6.055449e+05 5.815854e+05 4.179195e+05 2.847420e+05 2.117560e+05 1.723111e+05 1.348509e+05 1.179140e+05 1.083936e+05 1.024087e+05 9.862290e+04 9.655061e+04 1.567357e+05 3.163166e+05 4.858827e+05 6.216457e+05
4.317005e+05 4.317005e+05 4.317007e+05 4.317050e+05 4.317181e+05 4.320884e+05 4.330856e+05 4.361074e+05 4.379468e+05 4.403079e+05 4.479765e+05 4.595780e+05 4.730623e+05 4.868991e+05 5.009580e+05 5.157374e+05 5.316368e+05 6.154408e+05 5.872337e+05 4.195535e+05 2.848329e+05 2.114746e+05 1.719872e+05 1.346025e+05 1.177312e+05 1.082517e+05 1.022949e+05 9.853238e+04 9.648238e+04 1.569441e+05 3.167332e+05 4.863485e+05 6.220655e+05
4.461848e+05 4.461849e+05 4.461850e+05 4.461890e+05 4.462011e+05 4.465519e+05 4.475231e+05 4.506518e+05 4.525827e+05 4.548611e+05 4.616214e+05 4.722233e+05 4.856244e+05 5.001645e+05 5.150381e+05 5.302835e+05 5.461962e+05 6.263065e+05 5.932179e+05 4.212600e+05 2.849260e+05 2.111837e+05 1.716538e+05 1.343479e+05 1.175443e+05 1.081067e+05 1.021790e+05 9.844033e+04 9.641318e+04 1.571550e+05 3.171527e+05 4.868166e+05 6.224866e+05
6.478121e+05 6.478121e+05 6.478122e+05 6.478148e+05 6.478227e+05 6.480744e+05 6.488405e+05 6.517362e+05 6.538081e+05 6.562601e+05 6.622019e+05 6.694405e+05 6.781042e+05 6.884947e+05 7.007921e+05 7.148409e+05 7.301112e+05 7.861372e+05 6.769800e+05 4.431224e+05 2.859001e+05 2.077029e+05 1.677869e+05 1.314610e+05 1.154421e+05 1.064880e+05 1.008958e+05 9.743432e+04 9.566876e+04 1.594030e+05 3.215092e+05 4.916178e+05 6.267735e+05
9.432759e+05 9.432759e+05 9.432760e+05 9.432786e+05 9.432866e+05 9.435363e+05 9.442996e+05 9.472646e+05 9.494007e+05 9.518728e+05 9.573632e+05 9.628320e+05 9.676271e+05 9.714283e+05 9.741895e+05 9.760188e+05 9.770104e+05 9.515689e+05 7.583288e+05 4.659082e+05 2.875037e+05 2.040131e+05 1.633473e+05 1.280297e+05 1.129247e+05 1.045569e+05 9.938513e+04 9.627396e+04 9.483479e+04 1.619220e+05 3.261689e+05 4.966415e+05 6.311989e+05
1.144039e+06 1.144039e+06 1.144039e+06 1.144038e+06 1.144035e+06 1.143954e+06 1.143737e+06 1.142780e+06 1.141838e+06 1.140463e+06 1.136352e+06 1.130619e+06 1.123622e+06 1.115674e+06 1.106993e+06 1.097687e+06 1.087718e+06 1.007131e+06 7.689362e+05 4.603651e+05 2.809451e+05 1.987538e+05 1.590567e+05 1.245893e+05 1.101371e+05 1.023613e+05 9.766962e+04 9.497739e+04 9.393054e+04 1.647377e+05 3.311447e+05 5.018915e+05 6.357625e+05
1.009253e+06 1.009253e+06 1.009253e+06 1.009252e+06 1.009251e+06 1.009202e+06 1.009043e+06 1.008375e+06 1.007869e+06 1.007256e+06 1.005726e+06 1.003809e+06 1.001491e+06 9.987309e+05 9.954646e+05 9.915854e+05 9.868940e+05 9.282074e+05 7.119770e+05 4.280550e+05 2.639346e+05 1.891789e+05 1.530754e+05 1.212854e+05 1.075026e+05 1.000798e+05 9.583617e+04 9.359914e+04 9.299801e+04 1.678772e+05 3.364493e+05 5.073712e+05 6.404641e+05
8.581550e+05 8.581550e+05 8.581550e+05 8.581549e+05 8.581545e+05 8.581405e+05 8.580941e+05 8.578966e+05 8.577422e+05 8.575480e+05 8.570305e+05 8.563236e+05 8.554062e+05 8.542569e+05 8.528426e+05 8.510880e+05 8.488238e+05 8.088717e+05 6.298915e+05 3.853735e+05 2.422963e+05 1.768770e+05 1.452842e+05 1.173377e+05 1.049002e+05 9.800855e+04 9.407949e+04 9.224887e+04 9.211275e+04 1.713689e+05 3.420947e+05 5.130836e+05 6.453028e+05
7.299720e+05 7.299720e+05 7.299720e+05 7.299719e+05 7.299717e+05 7.299652e+05 7.299434e+05 7.298487e+05 7.297732e+05 7.296773e+05 7.294196e+05 7.290668e+05 7.286114e+05 7.280437e+05 7.273424e+05 7.264499e+05 7.252277e+05 6.963521e+05 5.496618e+05 3.431487e+05 2.205984e+05 1.640902e+05 1.367338e+05 1.126646e+05 1.019729e+05 9.597570e+04 9.257284e+04 9.112012e+04 9.139564e+04 1.752431e+05 3.480922e+05 5.190305e+05 6.502774e+05
6.269011e+05 6.269011e+05 6.269011e+05 6.269011e+05 6.269010e+05 6.268973e+05 6.268849e+05 6.268309e+05 6.267881e+05 6.267340e+05 6.265907e+05 6.263975e+05 6.261509e+05 6.258450e+05 6.254637e+05 6.249606e+05 6.242217e+05 6.019743e+05 4.801681e+05 3.054885e+05 2.007225e+05 1.520059e+05 1.283139e+05 1.076275e+05 9.871066e+04 9.383811e+04 9.118905e+04 9.029316e+04 9.102407e+04 1.795320e+05 3.544527e+05 5.252134e+05 6.553861e+05
5.448486e+05 5.448486e+05 5.448486e+05 5.448486e+05 5.448485e+05 5.448466e+05 5.448399e+05 5.448101e+05 5.447862e+05 5.447559e+05 5.446751e+05 5.445656e+05 5.444251e+05 5.442495e+05 5.440263e+05 5.437173e+05 5.432267e+05 5.252649e+05 4.223666e+05 2.732120e+05 1.831664e+05 1.410476e+05 1.204811e+05 1.026491e+05 9.532081e+04 9.162677e+04 8.988371e+04 8.969970e+04 9.102156e+04 1.842709e+05 3.611863e+05 5.316330e+05 6.606268e+05
4.791516e+05 4.791516e+05 4.791516e+05 4.791516e+05 4.791516e+05 4.791507e+05 4.791476e+05 4.791328e+05 4.791205e+05 4.791045e+05 4.790605e+05 4.789990e+05 4.789179e+05 4.788139e+05 4.786768e+05 4.784741e+05 4.781239e+05 4.631322e+05 3.747902e+05 2.459623e+05 1.679299e+05 1.313320e+05 1.134348e+05 9.804073e+04 9.207338e+04 8.948695e+04 8.870409e+04 8.933984e+04 9.136474e+04 1.894981e+05 3.683025e+05 5.382892e+05 6.659968e+05
4.260838e+05 4.260838e+05 4.260838e+05 4.260838e+05 4.260838e+05 4.260827e+05 4.260792e+05 4.260643e+05 4.260530e+05 4.260390e+05 4.260028e+05 4.259548e+05 4.258942e+05 4.258185e+05 4.257192e+05 4.255684e+05 4.252947e+05 4.124516e+05 3.355563e+05 2.230685e+05 1.548608e+05 1.228762e+05 1.072652e+05 9.399652e+04 8.920342e+04 8.760758e+04 8.776142e+04 8.926574e+04 9.207467e+04 1.952563e+05 3.758102e+05 5.451813e+05 6.714931e+05
3.823534e+05 3.823534e+05 3.823534e+05 3.823534e+05 3.823534e+05 3.823529e+05 3.823513e+05 3.823438e+05 3.823376e+05 3.823296e+05 3.823077e+05 3.822771e+05 3.822370e+05 3.821854e+05 3.821148e+05 3.820010e+05 3.817813e+05 3.706060e+05 3.029613e+05 2.038459e+05 1.437667e+05 1.156615e+05 1.020187e+05 9.063478e+04 8.688431e+04 8.616862e+04 8.719660e+04 8.956785e+04 9.320382e+04 2.015935e+05 3.837181e+05 5.523075e+05 6.771121e+05
3.459092e+05 3.459092e+05 3.459092e+05 3.459092e+05 3.459092e+05 3.459088e+05 3.459073e+05 3.459006e+05 3.458952e+05 3.458884e+05 3.458700e+05 3.458451e+05 3.458133e+05 3.457732e+05 3.457185e+05 3.456278e+05 3.454454e+05 3.356175e+05 2.756469e+05 1.877019e+05 1.344591e+05 1.096559e+05 9.772269e+04 8.803349e+04 8.523811e+04 8.531916e+04 8.715186e+04 9.035764e+04 9.482914e+04 2.085651e+05 3.920342e+05 5.596658e+05 6.828498e+05
3.150631e+05 3.150631e+05 3.150631e+05 3.150631e+05 3.150631e+05 3.150630e+05 3.150624e+05 3.150598e+05 3.150574e+05 3.150543e+05 3.150454e+05 3.150325e+05 3.150150e+05 3.149915e+05 3.149563e+05 3.148902e+05 3.147436e+05 3.060627e+05 2.526018e+05 1.741680e+05 1.267768e+05 1.048277e+05 9.439857e+04 8.625271e+04 8.435457e+04 8.517705e+04 8.775559e+04 9.175192e+04 9.704310e+04 2.162378e+05 4.007666e+05 5.672532e+05 6.887018e+05
2.889292e+05 2.889292e+05 2.889292e+05 2.889292e+05 2.889292e+05 2.889291e+05 2.889287e+05 2.889267e+05 2.889250e+05 2.889227e+05 2.889163e+05 2.889072e+05 2.888951e+05 2.888789e+05 2.888536e+05 2.888021e+05 2.886799e+05 2.809586e+05 2.330963e+05 1.628935e+05 1.205974e+05 1.011571e+05 9.207085e+04 8.534712e+04 8.430647e+04 8.583695e+04 8.911864e+04 9.386282e+04 9.994481e+04 2.247020e+05 4.099232e+05 5.750661e+05 6.946632e+05
2.666040e+05 2.666040e+05 2.666040e+05 2.666040e+05 2.666040e+05 2.666041e+05 2.666043e+05 2.666045e+05 2.666044e+05 2.666039e+05 2.666022e+05 2.665991e+05 2.665944e+05 2.665870e+05 2.665724e+05 2.665352e+05 2.664353e+05 2.595491e+05 2.165840e+05 1.536229e+05 1.158395e+05 9.864180e+04 9.077186e+04 8.537157e+04 8.515917e+04 8.737915e+04 9.133672e+04 9.679369e+04 1.036335e+05 2.340052e+05 4.195125e+05 5.831003e+05 7.007288e+05
2.475423e+05 2.475423e+05 2.475423e+05 2.475423e+05 2.475423e+05 2.475424e+05 2.475426e+05 2.475435e+05 2.475440e+05 2.475445e+05 2.475455e+05 2.475461e+05 2.475462e+05 2.475448e+05 2.475379e+05 2.475114e+05 2.474294e+05 2.412733e+05 2.026609e+05 1.461785e+05 1.124584e+05 9.729583e+04 9.054117e+04 8.638202e+04 8.697528e+04 8.987631e+04 9.449507e+04 1.006390e+05 1.082046e+05 2.441377e+05 4.295435e+05 5.913514e+05 7.068930e+05
2.312662e+05 2.312662e+05 2.312662e+05 2.312662e+05 2.312662e+05 2.312664e+05 2.312670e+05 2.312689e+05 2.312701e+05 2.312714e+05 2.312744e+05 2.312777e+05 2.312812e+05 2.312842e+05 2.312831e+05 2.312654e+05 2.311984e+05 2.256969e+05 1.910274e+05 1.404410e+05 1.104349e+05 9.714202e+04 9.142020e+04 8.843406e+04 8.981689e+04 9.339808e+04 9.867289e+04 1.054863e+05 1.137491e+05 2.550971e+05 4.400264e+05 5.998142e+05 7.131499e+05
2.173840e+05 2.173840e+05 2.173840e+05 2.173840e+05 2.173840e+05 2.173842e+05 2.173849e+05 2.173876e+05 2.173895e+05 2.173919e+05 2.173979e+05 2.174054e+05 2.174145e+05 2.174247e+05 2.174325e+05 2.174267e+05 2.173776e+05 2.124974e+05 1.814722e+05 1.363305e+05 1.097592e+05 9.820210e+04 9.344688e+04 9.158244e+04 9.374757e+04 9.801479e+04 1.039472e+05 1.114186e+05 1.203529e+05 2.668801e+05 4.509731e+05 6.084835e+05 7.194933e+05
2.057178e+05 2.057178e+05 2.057178e+05 2.057178e+05 2.057178e+05 2.057184e+05 2.057201e+05 2.057268e+05 2.057316e+05 2.057372e+05 2.057507e+05 2.057667e+05 2.057849e+05 2.058048e+05 2.058234e+05 2.058304e+05 2.057993e+05 2.015004e+05 1.738661e+05 1.337911e+05 1.104229e+05 1.004944e+05 9.665700e+04 9.588456e+04 9.883581e+04 1.038006e+05 1.103960e+05 1.185167e+05 1.280979e+05 2.794807e+05 4.623985e+05 6.173538e+05 7.259168e+05
1.962363e+05 1.962363e+05 1.962363e+05 1.962363e+05 1.962363e+05 1.962368e+05 1.962383e+05 1.962441e+05 1.962482e+05 1.962531e+05 1.962655e+05 1.962815e+05 1.963012e+05 1.963243e+05 1.963482e+05 1.963639e+05 1.963475e+05 1.925891e+05 1.681203e+05 1.327819e+05 1.124240e+05 1.040437e+05 1.010945e+05 1.014078e+05 1.051593e+05 1.108360e+05 1.180997e+05 1.268602e+05 1.370623e+05 2.928896e+05 4.743229e+05 6.264197e+05 7.324138e+05
1.887184e+05 1.887184e+05 1.887184e+05 1.887184e+05 1.887184e+05 1.887193e+05 1.887219e+05 1.887322e+05 1.887397e+05 1.887486e+05 1.887705e+05 1.887974e+05 1.888292e+05 1.888651e+05 1.889025e+05 1.889333e+05 1.889361e+05 1.856935e+05 1.641798e+05 1.332865e+05 1.157839e+05 1.088983e+05 1.068255e+05 1.082376e+05 1.128084e+05 1.192094e+05 1.271418e+05 1.365276e+05 1.473199e+05 3.070947e+05 4.867805e+05 6.356756e+05 7.389775e+05
1.833585e+05 1.833585e+05 1.833585e+05 1.833585e+05 1.833585e+05 1.833592e+05 1.833613e+05 1.833695e+05 1.833756e+05 1.833830e+05 1.834016e+05 1.834255e+05 1.834548e+05 1.834893e+05 1.835270e+05 1.835606e+05 1.835712e+05 1.807733e+05 1.620117e+05 1.353219e+05 1.205625e+05 1.151431e+05 1.139487e+05 1.164810e+05 1.218867e+05 1.290155e+05 1.376071e+05 1.475946e+05 1.589391e+05 3.220812e+05 4.997912e+05 6.451166e+05 7.456013e+05
1.797983e+05 1.797983e+05 1.797983e+05 1.797983e+05 1.797983e+05 1.797992e+05 1.798020e+05 1.798129e+05 1.798211e+05 1.798311e+05 1.798564e+05 1.798885e+05 1.799270e+05 1.799714e+05 1.800195e+05 1.800646e+05 1.800899e+05 1.777252e+05 1.615796e+05 1.389372e+05 1.268612e+05 1.229014e+05 1.225941e+05 1.262633e+05 1.325063e+05 1.403512e+05 1.495781e+05 1.601316e+05 1.719805e+05 3.378314e+05 5.133102e+05 6.547382e+05 7.522783e+05
1.782239e+05 1.782239e+05 1.782239e+05 1.782240e+05 1.782240e+05 1.782245e+05 1.782264e+05 1.782345e+05 1.782406e+05 1.782482e+05 1.782676e+05 1.782928e+05 1.783239e+05 1.783610e+05 1.784024e+05 1.784427e+05 1.784672e+05 1.764675e+05 1.628574e+05 1.442103e+05 1.348130e+05 1.323227e+05 1.329105e+05 1.377172e+05 1.447790e+05 1.533086e+05 1.631298e+05 1.741995e+05 1.864939e+05 3.543250e+05 5.272979e+05 6.645365e+05 7.590017e+05
1.780809e+05 1.780809e+05 1.780809e+05 1.780809e+05 1.780809e+05 1.780819e+05 1.780851e+05 1.780978e+05 1.781071e+05 1.781182e+05 1.781455e+05 1.781792e+05 1.782191e+05 1.782648e+05 1.783151e+05 1.783651e+05 1.784024e+05 1.768246e+05 1.658144e+05 1.512361e+05 1.445633e+05 1.435610e+05 1.450460e+05 1.509669e+05 1.588050e+05 1.679667e+05 1.783234e+05 1.898454e+05 2.025159e+05 3.715390e+05 5.417157e+05 6.745093e+05 7.657652e+05
1.795413e+05 1.795413e+05 1.795413e+05 1.795414e+05 1.795414e+05 1.795422e+05 1.795449e+05 1.795556e+05 1.795637e+05 1.795737e+05 1.795997e+05 1.796342e+05 1.796772e+05 1.797288e+05 1.797878e+05 1.798500e+05 1.799048e+05 1.788004e+05 1.705095e+05 1.601343e+05 1.562512e+05 1.567521e+05 1.591253e+05 1.661123e+05 1.746614e+05 1.843832e+05 1.952009e+05 2.070987e+05 2.200661e+05 3.894471e+05 5.565240e+05 6.846560e+05 7.725622e+05
1.826894e+05 1.826894e+05 1.826894e+05 1.826894e+05 1.826894e+05 1.826907e+05 1.826948e+05 1.827110e+05 1.827231e+05 1.827379e+05 1.827755e+05 1.828235e+05 1.828815e+05 1.829492e+05 1.830252e+05 1.831061e+05 1.831836e+05 1.825763e+05 1.770905e+05 1.710320e+05 1.699887e+05 1.719937e+05 1.752334e+05 1.832162e+05 1.923929e+05 2.025883e+05 2.137803e+05 2.259678e+05 2.391457e+05 4.080196e+05 5.716812e+05 6.949796e+05 7.793867e+05
1.879858e+05 1.879858e+05 1.879858e+05 1.879858e+05 1.879859e+05 1.879871e+05 1.879910e+05 1.880063e+05 1.880178e+05 1.880317e+05 1.880671e+05 1.881127e+05 1.881686e+05 1.882349e+05 1.883112e+05 1.883952e+05 1.884810e+05 1.883317e+05 1.856928e+05 1.840221e+05 1.858393e+05 1.893319e+05 1.934046e+05 2.022972e+05 2.120074e+05 2.225810e+05 2.340533e+05 2.464383e+05 2.597355e+05 4.272231e+05 5.871438e+05 7.054904e+05 7.862332e+05
1.951185e+05 1.951185e+05 1.951185e+05 1.951185e+05 1.951186e+05 1.951205e+05 1.951263e+05 1.951483e+05 1.951642e+05 1.951833e+05 1.952309e+05 1.952907e+05 1.953626e+05 1.954463e+05 1.955412e+05 1.956456e+05 1.957559e+05 1.961276e+05 1.963942e+05 1.991447e+05 2.038113e+05 2.087575e+05 2.136207e+05 2.233294e+05 2.334751e+05 2.443285e+05 2.559845e+05 2.684723e+05 2.817962e+05 4.470196e+05 6.028670e+05 7.162025e+05 7.930966e+05
2.046463e+05 2.046463e+05 2.046463e+05 2.046463e+05 2.046464e+05 2.046478e+05 2.046522e+05 2.046699e+05 2.046835e+05 2.047003e+05 2.047438e+05 2.048009e+05 2.048718e+05 2.049567e+05 2.050553e+05 2.051668e+05 2.052900e+05 2.061442e+05 2.092828e+05 2.164025e+05 2.238628e+05 2.302112e+05 2.358162e+05 2.462455e+05 2.567311e+05 2.677684e+05 2.795127e+05 2.920100e+05 3.052687e+05 4.673670e+05 6.188045e+05 7.270785e+05 7.999724e+05
2.163862e+05 2.163862e+05 2.163862e+05 2.163862e+05 2.163863e+05 2.163884e+05 2.163948e+05 2.164206e+05 2.164396e+05 2.164626e+05 2.165200e+05 2.165920e+05 2.166781e+05 2.167779e+05 2.168909e+05 2.170174e+05 2.171582e+05 2.184789e+05 2.243954e+05 2.357509e+05 2.459073e+05 2.535918e+05 2.598866e+05 2.709452e+05 2.816815e+05 2.928121e+05 3.045540e+05 3.169707e+05 3.300755e+05 4.882186e+05 6.349092e+05 7.380804e+05 8.068570e+05
2.307574e+05 2.307574e+05 2.307574e+05 2.307574e+05 2.307575e+05 2.307589e+05 2.307634e+05 2.307813e+05 2.307948e+05 2.308116e+05 2.308552e+05 2.309129e+05 2.309851e+05 2.310723e+05 2.311749e+05 2.312939e+05 2.314326e+05 2.331358e+05 2.416858e+05 2.570915e+05 2.698208e+05 2.787681e+05 2.857006e+05 2.973037e+05 3.082093e+05 3.193501e+05 3.310048e+05 3.432561e+05 3.561229e+05 5.095227e+05 6.511339e+05 7.491746e+05 8.137479e+05
2.470553e+05 2.470553e+05 2.470553e+05 2.470553e+05 2.470554e+05 2.470575e+05 2.470641e+05 2.470905e+05 2.471101e+05 2.471338e+05 2.471931e+05 2.472674e+05 2.473562e+05 2.474589e+05 2.475756e+05 2.477078e+05 2.478609e+05 2.499676e+05 2.610288e+05 2.802869e+05 2.954567e+05 3.055913e+05 3.131112e+05 3.251800e+05 3.361811e+05 3.472561e+05 3.587457e+05 3.707528e+05 3.833030e+05 5.312234e+05 6.674314e+05 7.603286e+05 8.206441e+05
2.657843e+05 2.657843e+05 2.657843e+05 2.657843e+05 2.657844e+05 2.657857e+05 2.657898e+05 2.658064e+05 2.658190e+05 2.658347e+05 2.658758e+05 2.659306e+05 2.659996e+05 2.660835e+05 2.661833e+05 2.663016e+05 2.664457e+05 2.688674e+05 2.822851e+05 3.051870e+05 3.226610e+05 3.339064e+05 3.419632e+05 3.544227e+05 3.654513e+05 3.763913e+05 3.876445e+05 3.993349e+05 4.114963e+05 5.532603e+05 6.837549e+05 7.715107e+05 8.275469e+05
2.860059e+05 2.860059e+05 2.860059e+05 2.860060e+05 2.860060e+05 2.860083e+05 2.860153e+05 2.860430e+05 2.860633e+05 2.860876e+05 2.861481e+05 2.862236e+05 2.863135e+05 2.864175e+05 2.865358e+05 2.866715e+05 2.868335e+05 2.896291e+05 3.052944e+05 3.316379e+05 3.512771e+05 3.635539e+05 3.720962e+05 3.848727e+05 3.958654e+05 4.066074e+05 4.175591e+05 4.288668e+05 4.405730e+05 5.755692e+05 7.000586e+05 7.826893e+05 8.344616e+05
3.084946e+05 3.084946e+05 3.084946e+05 3.084946e+05 3.084946e+05 3.084957e+05 3.084992e+05 3.085142e+05 3.085264e+05 3.085418e+05 3.085826e+05 3.086369e+05 3.087050e+05 3.087872e+05 3.088846e+05 3.090014e+05 3.091484e+05 3.121864e+05 3.299199e+05 3.594833e+05 3.811417e+05 3.943672e+05 4.033425e+05 4.163641e+05 4.272622e+05 4.377485e+05 4.483399e+05 4.592049e+05 4.703960e+05 5.980822e+05 7.162978e+05 7.938331e+05 8.414006e+05
3.321986e+05 3.321986e+05 3.321986e+05 3.321987e+05 3.321987e+05 3.322005e+05 3.322059e+05 3.322264e+05 3.322417e+05 3.322603e+05 3.323074e+05 3.323677e+05 3.324413e+05 3.325285e+05 3.326304e+05 3.327517e+05 3.329051e+05 3.362459e+05 3.559602e+05 3.885467e+05 4.120795e+05 4.261706e+05 4.355269e+05 4.487257e+05 4.594754e+05 4.696539e+05 4.798316e+05 4.901996e+05 5.008217e+05 6.207287e+05 7.324293e+05 8.049114e+05 8.483466e+05
3.572871e+05 3.572871e+05 3.572871e+05 3.572872e+05 3.572872e+05 3.572893e+05 3.572959e+05 3.573214e+05 3.573398e+05 3.573620e+05 3.574170e+05 3.574862e+05 3.575692e+05 3.576660e+05 3.577774e+05 3.579083e+05 3.580726e+05 3.617143e+05 3.832759e+05 4.186584e+05 4.439109e+05 4.587836e+05 4.684708e+05 4.817841e+05 4.923365e+05 5.021596e+05 5.118751e+05 5.216972e+05 5.317022e+05 6.434355e+05 7.484114e+05 8.158939e+05 8.552726e+05
3.841157e+05 3.841157e+05 3.841157e+05 3.841157e+05 3.841157e+05 3.841171e+05 3.841212e+05 3.841377e+05 3.841500e+05 3.841652e+05 3.842041e+05 3.842546e+05 3.843172e+05 3.843924e+05 3.844820e+05 3.845921e+05 3.847385e+05 3.885477e+05 4.117409e+05 4.496528e+05 4.764596e+05 4.920290e+05 5.019989e+05 5.153675e+05 5.256767e+05 5.351000e+05 5.443088e+05 5.535408e+05 5.628863e+05 6.661278e+05 7.642043e+05 8.267512e+05 8.621575e+05
4.116948e+05 4.116948e+05 4.116948e+05 4.116948e+05 4.116949e+05 4.116964e+05 4.117012e+05 4.117203e+05 4.117345e+05 4.117520e+05 4.117963e+05 4.118535e+05 4.119234e+05 4.120064e+05 4.121041e+05 4.122226e+05 4.123788e+05 4.164430e+05 4.411616e+05 4.813629e+05 5.095598e+05 5.257404e+05 5.359441e+05 5.493080e+05 5.593281e+05 5.683088e+05 5.769690e+05 5.855713e+05 5.942204e+05 6.887302e+05 7.797701e+05 8.374550e+05 8.689819e+05
4.403593e+05 4.403593e+05 4.403593e+05 4.403593e+05 4.403594e+05 4.403612e+05 4.403668e+05 4.403892e+05 4.404060e+05 4.404264e+05 4.404781e+05 4.405438e+05 4.406231e+05 4.407158e+05 4.408231e+05 4.409511e+05 4.411177e+05 4.454063e+05 4.714562e+05 5.136592e+05 5.430652e+05 5.597642e+05 5.701483e+05 5.834414e+05 5.931233e+05 6.016182e+05 6.096909e+05 6.176280e+05 6.255496e+05 7.111667e+05 7.950728e+05 8.479778e+05 8.757274e+05
4.704917e+05 4.704917e+05 4.704917e+05 4.704918e+05 4.704918e+05 4.704928e+05 4.704961e+05 4.705098e+05 4.705206e+05 4.705341e+05 4.705696e+05 4.706164e+05 4.706748e+05 4.707451e+05 4.708292e+05 4.709342e+05 4.710791e+05 4.754280e+05 5.025339e+05 5.464171e+05 5.768378e+05 5.939534e+05 6.044573e+05 6.176031e+05 6.268931e+05 6.348589e+05 6.423077e+05 6.495495e+05 6.567189e+05 7.333622e+05 8.100787e+05 8.582938e+05 8.823768e+05
5.011246e+05 5.011246e+05 5.011246e+05 5.011246e+05 5.011247e+05 5.011257e+05 5.011290e+05 5.011425e+05 5.011530e+05 5.011661e+05 5.011998e+05 5.012439e+05 5.012983e+05 5.013636e+05 5.014419e+05 5.015407e+05 5.016799e+05 5.061342e+05 5.341738e+05 5.794831e+05 6.107323e+05 6.281561e+05 6.387109e+05 6.516224e+05 6.604633e+05 6.678582e+05 6.746514e+05 6.811740e+05 6.875738e+05 7.552431e+05 8.247559e+05 8.683785e+05 8.889132e+05
5.320694e+05 5.320694e+05 5.320694e+05 5.320694e+05 5.320695e+05 5.320709e+05 5.320755e+05 5.320938e+05 5.321075e+05 5.321243e+05 5.321668e+05 5.322214e+05 5.322879e+05 5.323666e+05 5.324590e+05 5.325726e+05 5.327276e+05 5.373662e+05 5.662411e+05 6.127178e+05 6.445939e+05 6.622048e+05 6.727336e+05 6.853176e+05 6.936534e+05 7.004403e+05 7.065532e+05 7.123407e+05 7.179623e+05 7.767379e+05 8.390750e+05 8.782091e+05 8.953207e+05
5.639015e+05 5.639015e+05 5.639015e+05 5.639015e+05 5.639016e+05 5.639031e+05 5.639079e+05 5.639269e+05 5.639412e+05 5.639586e+05 5.640028e+05 5.640591e+05 5.641274e+05 5.642073e+05 5.643006e+05 5.644144e+05 5.645696e+05 5.692826e+05 5.987175e+05 6.459886e+05 6.782447e+05 6.959063e+05 7.063283e+05 7.184944e+05 7.262767e+05 7.324280e+05 7.378457e+05 7.428921e+05 7.477364e+05 7.977778e+05 8.530087e+05 8.877645e+05 9.015840e+05
5.966821e+05 5.966821e+05 5.966821e+05 5.966821e+05 5.966821e+05 5.966828e+05 5.966851e+05 5.966948e+05 5.967026e+05 5.967126e+05 5.967390e+05 5.967743e+05 5.968185e+05 5.968722e+05 5.969375e+05 5.970222e+05 5.971478e+05 6.017679e+05 6.314380e+05 6.790916e+05 7.114656e+05 7.290409e+05 7.392801e+05 7.509511e+05 7.581453e+05 7.636462e+05 7.683656e+05 7.726761e+05 7.767545e+05 8.182980e+05 8.665318e+05 8.970254e+05 9.076886e+05
6.293335e+05 6.293335e+05 6.293335e+05 6.293335e+05 6.293335e+05 6.293342e+05 6.293364e+05 6.293453e+05 6.293520e+05 6.293604e+05 6.293821e+05 6.294108e+05 6.294468e+05 6.294905e+05 6.295445e+05 6.296169e+05 6.297296e+05 6.343069e+05 6.640548e+05 7.117576e+05 7.440138e+05 7.613793e+05 7.713703e+05 7.824887e+05 7.890768e+05 7.939272e+05 7.979584e+05 8.015498e+05 8.048841e+05 8.382378e+05 8.796215e+05 9.059745e+05 9.136206e+05
6.615112e+05 6.615112e+05 6.615112e+05 6.615112e+05 6.615112e+05 6.615123e+05 6.615157e+05 6.615292e+05 6.615393e+05 6.615516e+05 6.615828e+05 6.616228e+05 6.616713e+05 6.617286e+05 6.617968e+05 6.618836e+05 6.620107e+05 6.666500e+05 6.963460e+05 7.437658e+05 7.756704e+05 7.927095e+05 8.023958e+05 8.129219e+05 8.189025e+05 8.231163e+05 8.264817e+05 8.293821e+05 8.320042e+05 8.575415e+05 8.922571e+05 9.145963e+05 9.193671e+05
6.938296e+05 6.938296e+05 6.938296e+05 6.938296e+05 6.938296e+05 6.938309e+05 6.938348e+05 6.938502e+05 6.938616e+05 6.938755e+05 6.939106e+05 6.939553e+05 6.940094e+05 6.940730e+05 6.941479e+05 6.942417e+05 6.943755e+05 6.989966e+05 7.283096e+05 7.749821e+05 8.062602e+05 8.228507e+05 8.321803e+05 8.420881e+05 8.474729e+05 8.510763e+05 8.538095e+05 8.560567e+05 8.580073e+05 8.761584e+05 9.044204e+05 9.228771e+05 9.249162e+05
7.265655e+05 7.265655e+05 7.265655e+05 7.265655e+05 7.265656e+05 7.265668e+05 7.265707e+05 7.265858e+05 7.265967e+05 7.266097e+05 7.266414e+05 7.266803e+05 7.267261e+05 7.267789e+05 7.268405e+05 7.269183e+05 7.270333e+05 7.314376e+05 7.598946e+05 8.052718e+05 8.356288e+05 8.516503e+05 8.605767e+05 8.698520e+05 8.746629e+05 8.776914e+05 8.798345e+05 8.814744e+05 8.828018e+05 8.940439e+05 9.160951e+05 9.308055e+05 9.302566e+05
7.593032e+05 7.593032e+05 7.593032e+05 7.593032e+05 7.593032e+05 7.593036e+05 7.593048e+05 7.593096e+05 7.593131e+05 7.593174e+05 7.593283e+05 7.593425e+05 7.593601e+05 7.593816e+05 7.594093e+05 7.594505e+05 7.595255e+05 7.635648e+05 7.907937e+05 8.344293e+05 8.636237e+05 8.789789e+05 8.874669e+05 8.961063e+05 9.003727e+05 9.028684e+05 9.044699e+05 9.055545e+05 9.063125e+05 9.111593e+05 9.272675e+05 9.383715e+05 9.353783e+05
7.908567e+05 7.908567e+05 7.908567e+05 7.908567e+05 7.908567e+05 7.908567e+05 7.908567e+05 7.908570e+05 7.908574e+05 7.908580e+05 7.908600e+05 7.908632e+05 7.908677e+05 7.908738e+05 7.908834e+05 7.909034e+05 7.909532e+05 7.946679e+05 8.205476e+05 8.622134e+05 8.901034e+05 9.047317e+05 9.127607e+05 9.207715e+05 9.245277e+05 9.265370e+05 9.276499e+05 9.282355e+05 9.284818e+05 9.274718e+05 9.379258e+05 9.455673e+05 9.402722e+05
8.207506e+05 8.207506e+05 8.207506e+05 8.207506e+05 8.207506e+05 8.207506e+05 8.207506e+05 8.207505e+05 8.207504e+05 8.207502e+05 8.207498e+05 8.207492e+05 8.207486e+05 8.207482e+05 8.207500e+05 8.207604e+05 8.207979e+05 8.242591e+05 8.488066e+05 8.884345e+05 9.149595e+05 9.288325e+05 9.363947e+05 9.437932e+05 9.470772e+05 9.486496e+05 9.493295e+05 9.494748e+05 9.492693e+05 9.429552e+05 9.480607e+05 9.523866e+05 9.449302e+05
8.488543e+05 8.488543e+05 8.488543e+05 8.488543e+05 8.488543e+05 8.488543e+05 8.488544e+05 8.488546e+05 8.488548e+05 8.488550e+05 8.488553e+05 8.488556e+05 8.488559e+05 8.488563e+05 8.488584e+05 8.488684e+05 8.489033e+05 8.521682e+05 8.754212e+05 9.129959e+05 9.381301e+05 9.512355e+05 9.583307e+05 9.651398e+05 9.679928e+05 9.691798e+05 9.694836e+05 9.692484e+05 9.686519e+05 9.575892e+05 9.576648e+05 9.588250e+05 9.493451e+05
8.753297e+05 8.753297e+05 8.753297e+05 8.753297e+05 8.753297e+05 8.753297e+05 8.753297e+05 8.753298e+05 8.753298e+05 8.753298e+05 8.753297e+05 8.753295e+05 8.753291e+05 8.753289e+05 8.753301e+05 8.753387e+05 8.753707e+05 8.784423e+05 9.003904e+05 9.358756e+05 9.595919e+05 9.719205e+05 9.785522e+05 9.848004e+05 9.872670e+05 9.881214e+05 9.881067e+05 9.875504e+05 9.866228e+05 9.713597e+05 9.667329e+05 9.648796e+05 9.535111e+05
9.002618e+05 9.002618e+05 9.002618e+05 9.002618e+05 9.002618e+05 9.002618e+05 9.002618e+05 9.002616e+05 9.002614e+05 9.002613e+05 9.002607e+05 9.002599e+05 9.002588e+05 9.002578e+05 9.002581e+05 9.002652e+05 9.002940e+05 9.031658e+05 9.237623e+05 9.570855e+05 9.793448e+05 9.908877e+05 9.970627e+05 1.002785e+06 1.004912e+06 1.005488e+06 1.005211e+06 1.004391e+06 1.003190e+06 9.842581e+05 9.752618e+05 9.705490e+05 9.574232e+05
9.237227e+05 9.237227e+05 9.237227e+05 9.237227e+05 9.237227e+05 9.237227e+05 9.237227e+05 9.237228e+05 9.237229e+05 9.237229e+05 9.237228e+05 9.237226e+05 9.237221e+05 9.237216e+05 9.237223e+05 9.237290e+05 9.237557e+05 9.264200e+05 9.455917e+05 9.766523e+05 9.974077e+05 1.008158e+06 1.013888e+06 1.019124e+06 1.020963e+06 1.021312e+06 1.020827e+06 1.019798e+06 1.018377e+06 9.962815e+05 9.832504e+05 9.758331e+05 9.610775e+05
9.458326e+05 9.458326e+05 9.458326e+05 9.458326e+05 9.458326e+05 9.458326e+05 9.458327e+05 9.458326e+05 9.458326e+05 9.458325e+05 9.458322e+05 9.458316e+05 9.458306e+05 9.458294e+05 9.458290e+05 9.458339e+05 9.458566e+05 9.482872e+05 9.659344e+05 9.946181e+05 1.013825e+06 1.023781e+06 1.029078e+06 1.033873e+06 1.035470e+06 1.035643e+06 1.034999e+06 1.033809e+06 1.032217e+06 1.007432e+06 9.906992e+05 9.807334e+05 9.644711e+05
9.666559e+05 9.666559e+05 9.666559e+05 9.666559e+05 9.666559e+05 9.666558e+05 9.666555e+05 9.666543e+05 9.666534e+05 9.666523e+05 9.666495e+05 9.666458e+05 9.666414e+05 9.666364e+05 9.666317e+05 9.666314e+05 9.666465e+05 9.688109e+05 9.848371e+05 1.011044e+06 1.028667e+06 1.037831e+06 1.042713e+06 1.047106e+06 1.048506e+06 1.048544e+06 1.047784e+06 1.046475e+06 1.044755e+06 1.017716e+06 9.976107e+05 9.852525e+05 9.676021e+05
9.861257e+05 9.861257e+05 9.861257e+05 9.861256e+05 9.861256e+05 9.861255e+05 9.861252e+05 9.861239e+05 9.861229e+05 9.861216e+05 9.861181e+05 9.861134e+05 9.861074e+05 9.861002e+05 9.860926e+05 9.860879e+05 9.860961e+05 9.879826e+05 1.002331e+06 1.026001e+06 1.042025e+06 1.050406e+06 1.054888e+06 1.058916e+06 1.060154e+06 1.060093e+06 1.059249e+06 1.057857e+06 1.056043e+06 1.027144e+06 1.003989e+06 9.893939e+05 9.704696e+05
1.004241e+06 1.004241e+06 1.004241e+06 1.004241e+06 1.004241e+06 1.004241e+06 1.004240e+06 1.004238e+06 1.004236e+06 1.004233e+06 1.004227e+06 1.004220e+06 1.004210e+06 1.004199e+06 1.004186e+06 1.004176e+06 1.004176e+06 1.005776e+06 1.018429e+06 1.039560e+06 1.053999e+06 1.061613e+06 1.065712e+06 1.069405e+06 1.070507e+06 1.070370e+06 1.069469e+06 1.068019e+06 1.066138e+06 1.035731e+06 1.009840e+06 9.931625e+05 9.730736e+05
1.020928e+06 1.020928e+06 1.020928e+06 1.020928e+06 1.020928e+06 1.020927e+06 1.020927e+06 1.020924e+06 1.020922e+06 1.020919e+06 1.020912e+06 1.020902e+06 1.020890e+06 1.020875e+06 1.020859e+06 1.020843e+06 1.020834e+06 1.022146e+06 1.033132e+06 1.051784e+06 1.064686e+06 1.071564e+06 1.075297e+06 1.078678e+06 1.079658e+06 1.079461e+06 1.078518e+06 1.077027e+06 1.075100e+06 1.043494e+06 1.015170e+06 9.965637e+05 9.754149e+05
1.036140e+06 1.036140e+06 1.036140e+06 1.036140e+06 1.036140e+06 1.036139e+06 1.036138e+06 1.036134e+06 1.036130e+06 1.036126e+06 1.036115e+06 1.036101e+06 1.036085e+06 1.036065e+06 1.036042e+06 1.036019e+06 1.036001e+06 1.037038e+06 1.046439e+06 1.062739e+06 1.074183e+06 1.080363e+06 1.083751e+06 1.086834e+06 1.087700e+06 1.087448e+06 1.086469e+06 1.084948e+06 1.082989e+06 1.050453e+06 1.019989e+06 9.996042e+05 9.774952e+05
1.049748e+06 1.049748e+06 1.049748e+06 1.049748e+06 1.049748e+06 1.049748e+06 1.049746e+06 1.049742e+06 1.049738e+06 1.049734e+06 1.049723e+06 1.049709e+06 1.049692e+06 1.049672e+06 1.049649e+06 1.049624e+06 1.049602e+06 1.050408e+06 1.058365e+06 1.072495e+06 1.082585e+06 1.088111e+06 1.091171e+06 1.093966e+06 1.094716e+06 1.094406e+06 1.093393e+06 1.091845e+06 1.089861e+06 1.056630e+06 1.024306e+06 1.002291e+06 9.793170e+05
1.061830e+06 1.061830e+06 1.061830e+06 1.061830e+06 1.061830e+06 1.061830e+06 1.061829e+06 1.061824e+06 1.061821e+06 1.061817e+06 1.061806e+06 1.061792e+06 1.061776e+06 1.061756e+06 1.061733e+06 1.061708e+06 1.061684e+06 1.062299e+06 1.068965e+06 1.081125e+06 1.089974e+06 1.094892e+06 1.097642e+06 1.100152e+06 1.100779e+06 1.100403e+06 1.099350e+06 1.097776e+06 1.095770e+06 1.062050e+06 1.028132e+06 1.004632e+06 9.808834e+05
1.072477e+06 1.072477e+06 1.072477e+06 1.072477e+06 1.072477e+06 1.072477e+06 1.072476e+06 1.072472e+06 1.072469e+06 1.072465e+06 1.072456e+06 1.072444e+06 1.072429e+06 1.072413e+06 1.072393e+06 1.072372e+06 1.072351e+06 1.072814e+06 1.078334e+06 1.088713e+06 1.096426e+06 1.100778e+06 1.103231e+06 1.105454e+06 1.105946e+06 1.105494e+06 1.104395e+06 1.102792e+06 1.100767e+06 1.066738e+06 1.031478e+06 1.006636e+06 9.821982e+05
1.081887e+06 1.081887e+06 1.081887e+06 1.081887e+06 1.081887e+06 1.081887e+06 1.081886e+06 1.081884e+06 1.081882e+06 1.081879e+06 1.081873e+06 1.081865e+06 1.081856e+06 1.081844e+06 1.081830e+06 1.081813e+06 1.081795e+06 1.082124e+06 1.086596e+06 1.095342e+06 1.102002e+06 1.105820e+06 1.107983e+06 1.109915e+06 1.110261e+06 1.109724e+06 1.108573e+06 1.106938e+06 1.104895e+06 1.070721e+06 1.034358e+06 1.008311e+06 9.832658e+05
1.090325e+06 1.090325e+06 1.090325e+06 1.090325e+06 1.090325e+06 1.090325e+06 1.090324e+06 1.090321e+06 1.090319e+06 1.090316e+06 1.090309e+06 1.090299e+06 1.090287e+06 1.090272e+06 1.090254e+06 1.090234e+06 1.090210e+06 1.090373e+06 1.093853e+06 1.101071e+06 1.106738e+06 1.110045e+06 1.111927e+06 1.113564e+06 1.113757e+06 1.113128e+06 1.111920e+06 1.110253e+06 1.108196e+06 1.074027e+06 1.036786e+06 1.009667e+06 9.840912e+05
1.097711e+06 1.097711e+06 1.097711e+06 1.097711e+06 1.097711e+06 1.097711e+06 1.097710e+06 1.097705e+06 1.097702e+06 1.097697e+06 1.097686e+06 1.097672e+06 1.097655e+06 1.097635e+06 1.097611e+06 1.097584e+06 1.097553e+06 1.097552e+06 1.100112e+06 1.105909e+06 1.110643e+06 1.113461e+06 1.115070e+06 1.116416e+06 1.116455e+06 1.115733e+06 1.114470e+06 1.112774e+06 1.110706e+06 1.076684e+06 1.038775e+06 1.010714e+06 9.846797e+05
1.103875e+06 1.103875e+06 1.103875e+06 1.103875e+06 1.103875e+06 1.103874e+06 1.103873e+06 1.103868e+06 1.103865e+06 1.103861e+06 1.103850e+06 1.103837e+06 1.103821e+06 1.103802e+06 1.103780e+06 1.103755e+06 1.103724e+06 1.103615e+06 1.105359e+06 1.109850e+06 1.113713e+06 1.116068e+06 1.117415e+06 1.118482e+06 1.118372e+06 1.117564e+06 1.116252e+06 1.114532e+06 1.112461e+06 1.078720e+06 1.040341e+06 1.011462e+06 9.850373e+05
1.108945e+06 1.108945e+06 1.108945e+06 1.108945e+06 1.108945e+06 1.108945e+06 1.108944e+06 1.108941e+06 1.108939e+06 1.108936e+06 1.108929e+06 1.108920e+06 1.108908e+06 1.108895e+06 1.108878e+06 1.108858e+06 1.108832e+06 1.108644e+06 1.109648e+06 1.112918e+06 1.115955e+06 1.117871e+06 1.118969e+06 1.119772e+06 1.119528e+06 1.118644e+06 1.117292e+06 1.115559e+06 1.113496e+06 1.080166e+06 1.041498e+06 1.011920e+06 9.851702e+05
1.113175e+06 1.113175e+06 1.113175e+06 1.113175e+06 1.113175e+06 1.113174e+06 1.113174e+06 1.113171e+06 1.113168e+06 1.113166e+06 1.113159e+06 1.113150e+06 1.113139e+06 1.113127e+06 1.113112e+06 1.113094e+06 1.113071e+06 1.112802e+06 1.113084e+06 1.115161e+06 1.117394e+06 1.118883e+06 1.119745e+06 1.120304e+06 1.119943e+06 1.118999e+06 1.117622e+06 1.115889e+06 1.113844e+06 1.081051e+06 1.042263e+06 1.012100e+06 9.850849e+05
1.116648e+06 1.116648e+06 1.116648e+06 1.116648e+06 1.116648e+06 1.116648e+06 1.116647e+06 1.116646e+06 1.116645e+06 1.116644e+06 1.116641e+06 1.116637e+06 1.116631e+06 1.116624e+06 1.116615e+06 1.116602e+06 1.116583e+06 1.116233e+06 1.115771e+06 1.116636e+06 1.118061e+06 1.119131e+06 1.119765e+06 1.120102e+06 1.119644e+06 1.118659e+06 1.117275e+06 1.115556e+06 1.113542e+06 1.081404e+06 1.042653e+06 1.012012e+06 9.847882e+05
1.119614e+06 1.119614e+06 1.119614e+06 1.119614e+06 1.119614e+06 1.119614e+06 1.119613e+06 1.119612e+06 1.119611e+06 1.119610e+06 1.119606e+06 1.119602e+06 1.119596e+06 1.119588e+06 1.119578e+06 1.119563e+06 1.119541e+06 1.119058e+06 1.117780e+06 1.117383e+06 1.117989e+06 1.118644e+06 1.119060e+06 1.119199e+06 1.118667e+06 1.117662e+06 1.116286e+06 1.114598e+06 1.112630e+06 1.081256e+06 1.042682e+06 1.011667e+06 9.842871e+05
1.122075e+06 1.122075e+06 1.122075e+06 1.122075e+06 1.122075e+06 1.122075e+06 1.122073e+06 1.122068e+06 1.122064e+06 1.122060e+06 1.122049e+06 1.122035e+06 1.122018e+06 1.121998e+06 1.121976e+06 1.121948e+06 1.121912e+06 1.121241e+06 1.119094e+06 1.117412e+06 1.117204e+06 1.117458e+06 1.117670e+06 1.117637e+06 1.117054e+06 1.116048e+06 1.114700e+06 1.113056e+06 1.111147e+06 1.080637e+06 1.042368e+06 1.011074e+06 9.835888e+05
1.123594e+06 1.123594e+06 1.123594e+06 1.123594e+06 1.123594e+06 1.123594e+06 1.123592e+06 1.123587e+06 1.123583e+06 1.123579e+06 1.123567e+06 1.123551e+06 1.123532e+06 1.123510e+06 1.123483e+06 1.123451e+06 1.123408e+06 1.122594e+06 1.119636e+06 1.116723e+06 1.115738e+06 1.115616e+06 1.115644e+06 1.115467e+06 1.114855e+06 1.113866e+06 1.112560e+06 1.110975e+06 1.109135e+06 1.079575e+06 1.041728e+06 1.010246e+06 9.827006e+05
1.124074e+06 1.124074e+06 1.124074e+06 1.124074e+06 1.124074e+06 1.124074e+06 1.124073e+06 1.124071e+06 1.124068e+06 1.124065e+06 1.124058e+06 1.124048e+06 1.124036e+06 1.124021e+06 1.124003e+06 1.123980e+06 1.123945e+06 1.123067e+06 1.119401e+06 1.115354e+06 1.113649e+06 1.113181e+06 1.113043e+06 1.112747e+06 1.112124e+06 1.111167e+06 1.109916e+06 1.108400e+06 1.106640e+06 1.078100e+06 1.040778e+06 1.009192e+06 9.816299e+05
1.123875e+06 1.123875e+06 1.123875e+06 1.123875e+06 1.123875e+06 1.123875e+06 1.123875e+06 1.123873e+06 1.123872e+06 1.123870e+06 1.123866e+06 1.123861e+06 1.123855e+06 1.123846e+06 1.123836e+06 1.123820e+06 1.123792e+06 1.122851e+06 1.118510e+06 1.113394e+06 1.111014e+06 1.110226e+06 1.109939e+06 1.109542e+06 1.108920e+06 1.108006e+06 1.106817e+06 1.105378e+06 1.103704e+06 1.076241e+06 1.039534e+06 1.007924e+06 9.803841e+05
1.123295e+06 1.123295e+06 1.123295e+06 1.123295e+06 1.123295e+06 1.123295e+06 1.123295e+06 1.123293e+06 1.123292e+06 1.123290e+06 1.123285e+06 1.123278e+06 1.123269e+06 1.123257e+06 1.123242e+06 1.123221e+06 1.123187e+06 1.122114e+06 1.117074e+06 1.110925e+06 1.107909e+06 1.106823e+06 1.106399e+06 1.105915e+06 1.105302e+06 1.104435e+06 1.103315e+06 1.101957e+06 1.100373e+06 1.074027e+06 1.038013e+06 1.006451e+06 9.789708e+05
