7.381554e+07 3.856252e+07 2.891286e+07 1.484210e+07 1.168715e+07 7.664266e+06 6.662392e+06 5.924692e+06 5.739467e+06 5.605904e+06 5.427970e+06 5.319310e+06 5.248749e+06 5.194957e+06 5.139564e+06 5.066703e+06 4.964324e+06 3.958092e+06 2.785365e+06 2.012654e+06 1.571322e+06 1.316350e+06 1.161470e+06 9.942845e+05 9.089901e+05 8.555224e+05 8.160488e+05 7.837224e+05 7.558636e+05 6.449639e+05 7.447078e+05 8.974406e+05 1.025748e+06
6.299914e+06 6.299924e+06 6.299949e+06 6.300238e+06 6.299389e+06 6.201516e+06 6.034791e+06 5.679061e+06 5.570364e+06 5.482121e+06 5.353468e+06 5.270412e+06 5.215164e+06 5.171077e+06 5.121800e+06 5.052558e+06 4.952043e+06 3.945337e+06 2.773590e+06 2.003980e+06 1.565330e+06 1.312225e+06 1.158581e+06 9.927459e+05 9.080389e+05 8.548223e+05 8.154502e+05 7.831619e+05 7.553184e+05 6.447690e+05 7.449232e+05 8.978161e+05 1.026122e+06
5.641554e+06 5.641558e+06 5.641567e+06 5.641768e+06 5.642130e+06 5.621857e+06 5.579241e+06 5.481082e+06 5.392336e+06 5.333488e+06 5.260390e+06 5.210376e+06 5.174926e+06 5.143076e+06 5.101282e+06 5.036342e+06 4.937982e+06 3.930969e+06 2.760740e+06 1.994718e+06 1.559023e+06 1.307924e+06 1.155590e+06 9.911660e+05 9.070651e+05 8.541057e+05 8.148376e+05 7.825888e+05 7.547616e+05 6.445731e+05 7.451408e+05 8.981936e+05 1.026498e+06
5.374645e+06 5.374647e+06 5.374651e+06 5.374752e+06 5.374984e+06 5.372171e+06 5.335897e+06 5.331696e+06 5.306534e+06 5.258125e+06 5.177788e+06 5.146720e+06 5.130539e+06 5.111921e+06 5.078388e+06 5.018158e+06 4.922105e+06 3.914856e+06 2.746770e+06 1.984858e+06 1.552399e+06 1.303450e+06 1.152499e+06 9.895453e+05 9.060686e+05 8.533724e+05 8.142107e+05 7.820029e+05 7.541932e+05 6.443761e+05 7.453605e+05 8.985732e+05 1.026875e+06
5.221062e+06 5.221063e+06 5.221066e+06 5.221129e+06 5.221286e+06 5.221809e+06 5.206427e+06 5.180496e+06 5.194774e+06 5.194600e+06 5.149692e+06 5.107285e+06 5.091326e+06 5.081196e+06 5.054567e+06 4.998553e+06 4.904549e+06 3.896862e+06 2.731638e+06 1.974391e+06 1.545460e+06 1.298804e+06 1.149309e+06 9.878844e+05 9.050496e+05 8.526224e+05 8.135694e+05 7.814038e+05 7.536129e+05 6.441782e+05 7.455824e+05 8.989549e+05 1.027253e+06
5.121268e+06 5.121268e+06 5.121270e+06 5.121319e+06 5.121448e+06 5.123002e+06 5.118371e+06 5.087758e+06 5.095648e+06 5.113685e+06 5.125563e+06 5.103240e+06 5.079127e+06 5.060233e+06 5.033754e+06 4.979235e+06 4.886002e+06 3.876864e+06 2.715305e+06 1.963314e+06 1.538206e+06 1.293988e+06 1.146022e+06 9.861836e+05 9.040079e+05 8.518554e+05 8.129134e+05 7.807914e+05 7.530206e+05 6.439793e+05 7.458065e+05 8.993387e+05 1.027633e+06
5.057110e+06 5.057110e+06 5.057111e+06 5.057150e+06 5.057256e+06 5.059097e+06 5.059249e+06 5.038569e+06 5.036401e+06 5.049691e+06 5.089534e+06 5.102237e+06 5.089112e+06 5.063451e+06 5.024578e+06 4.963941e+06 4.868178e+06 3.854801e+06 2.697748e+06 1.951625e+06 1.530642e+06 1.289006e+06 1.142639e+06 9.844438e+05 9.029437e+05 8.510713e+05 8.122424e+05 7.801656e+05 7.524161e+05 6.437795e+05 7.460329e+05 8.997246e+05 1.028014e+06
5.019529e+06 5.019530e+06 5.019531e+06 5.019564e+06 5.019656e+06 5.021615e+06 5.024072e+06 5.015051e+06 5.010007e+06 5.015696e+06 5.056288e+06 5.094129e+06 5.101373e+06 5.079865e+06 5.033598e+06 4.960031e+06 4.854417e+06 3.830720e+06 2.678958e+06 1.939330e+06 1.522773e+06 1.283860e+06 1.139162e+06 9.826655e+05 9.018570e+05 8.502698e+05 8.115563e+05 7.795260e+05 7.517993e+05 6.435787e+05 7.462615e+05 9.001127e+05 1.028396e+06
5.003622e+06 5.003622e+06 5.003623e+06 5.003653e+06 5.003738e+06 5.005714e+06 5.009354e+06 5.009378e+06 5.006105e+06 5.007915e+06 5.038789e+06 5.084376e+06 5.108531e+06 5.096936e+06 5.049722e+06 4.967842e+06 4.850308e+06 3.804832e+06 2.658959e+06 1.926441e+06 1.514607e+06 1.278556e+06 1.135596e+06 9.808495e+05 9.007478e+05 8.494508e+05 8.108548e+05 7.788726e+05 7.511699e+05 6.433770e+05 7.464923e+05 9.005028e+05 1.028780e+06
5.006148e+06 5.006148e+06 5.006149e+06 5.006176e+06 5.006255e+06 5.008221e+06 5.012503e+06 5.018676e+06 5.018597e+06 5.019833e+06 5.040482e+06 5.080936e+06 5.111607e+06 5.108720e+06 5.064329e+06 4.978399e+06 4.852482e+06 3.777568e+06 2.637807e+06 1.912979e+06 1.506154e+06 1.273100e+06 1.131942e+06 9.789964e+05 8.996162e+05 8.486141e+05 8.101377e+05 7.782049e+05 7.505278e+05 6.431745e+05 7.467255e+05 9.008951e+05 1.029165e+06
5.024888e+06 5.024888e+06 5.024889e+06 5.024913e+06 5.024986e+06 5.026911e+06 5.031521e+06 5.041614e+06 5.044458e+06 5.046579e+06 5.059138e+06 5.087718e+06 5.114244e+06 5.114037e+06 5.072436e+06 4.985371e+06 4.854339e+06 3.749657e+06 2.615606e+06 1.898975e+06 1.497428e+06 1.267497e+06 1.128204e+06 9.771072e+05 8.984621e+05 8.477595e+05 8.094046e+05 7.775229e+05 7.498728e+05 6.429711e+05 7.469609e+05 9.012895e+05 1.029552e+06
4.961787e+06 4.961787e+06 4.961787e+06 4.961784e+06 4.961774e+06 4.961409e+06 4.959894e+06 4.950883e+06 4.942593e+06 4.931556e+06 4.901160e+06 4.859819e+06 4.807551e+06 4.743055e+06 4.662706e+06 4.561066e+06 4.432820e+06 3.418380e+06 2.382245e+06 1.747197e+06 1.401354e+06 1.206025e+06 1.087382e+06 9.564795e+05 8.857021e+05 8.381795e+05 8.011437e+05 7.698619e+05 7.425740e+05 6.408956e+05 7.494469e+05 9.053527e+05 1.033494e+06
4.009839e+06 4.009839e+06 4.009839e+06 4.009835e+06 4.009820e+06 4.009391e+06 4.008227e+06 4.004089e+06 4.001181e+06 3.997723e+06 3.988998e+06 3.976846e+06 3.958212e+06 3.927938e+06 3.879995e+06 3.809156e+06 3.712342e+06 2.922030e+06 2.118411e+06 1.608963e+06 1.319071e+06 1.150749e+06 1.047733e+06 9.342385e+05 8.709479e+05 8.266118e+05 7.910218e+05 7.605196e+05 7.337954e+05 6.387661e+05 7.521863e+05 9.096376e+05 1.037575e+06
3.331145e+06 3.331145e+06 3.331145e+06 3.331144e+06 3.331140e+06 3.331012e+06 3.330618e+06 3.329148e+06 3.328095e+06 3.326822e+06 3.323483e+06 3.318317e+06 3.308951e+06 3.291177e+06 3.259754e+06 3.209770e+06 3.137970e+06 2.511800e+06 1.869696e+06 1.471032e+06 1.244046e+06 1.107712e+06 1.019714e+06 9.153528e+05 8.553449e+05 8.132075e+05 7.789346e+05 7.493529e+05 7.234173e+05 6.366188e+05 7.552003e+05 9.141511e+05 1.041797e+06
2.838207e+06 2.838207e+06 2.838207e+06 2.838207e+06 2.838206e+06 2.838175e+06 2.838061e+06 2.837540e+06 2.837113e+06 2.836561e+06 2.834982e+06 2.832181e+06 2.826300e+06 2.813984e+06 2.791003e+06 2.753310e+06 2.698105e+06 2.200391e+06 1.678444e+06 1.354448e+06 1.172806e+06 1.064424e+06 9.927662e+05 9.009216e+05 8.418354e+05 7.989622e+05 7.651746e+05 7.364374e+05 7.114536e+05 6.344987e+05 7.585105e+05 9.188996e+05 1.046160e+06
2.463066e+06 2.463066e+06 2.463066e+06 2.463066e+06 2.463066e+06 2.463043e+06 2.462965e+06 2.462609e+06 2.462320e+06 2.461951e+06 2.460905e+06 2.459002e+06 2.454758e+06 2.445467e+06 2.427698e+06 2.398157e+06 2.354537e+06 1.955794e+06 1.530949e+06 1.262964e+06 1.111491e+06 1.021537e+06 9.623209e+05 8.839200e+05 8.287197e+05 7.856335e+05 7.507963e+05 7.222256e+05 6.981432e+05 6.324604e+05 7.621392e+05 9.238888e+05 1.050663e+06
2.164761e+06 2.164761e+06 2.164761e+06 2.164761e+06 2.164760e+06 2.164740e+06 2.164674e+06 2.164402e+06 2.164194e+06 2.163935e+06 2.163220e+06 2.161883e+06 2.158723e+06 2.151539e+06 2.137538e+06 2.114035e+06 2.079140e+06 1.757509e+06 1.411002e+06 1.188155e+06 1.059008e+06 9.809370e+05 9.294475e+05 8.615563e+05 8.120611e+05 7.710983e+05 7.366086e+05 7.077804e+05 6.840433e+05 6.305700e+05 7.661087e+05 9.291241e+05 1.055305e+06
1.922145e+06 1.922145e+06 1.922145e+06 1.922145e+06 1.922144e+06 1.922136e+06 1.922108e+06 1.921981e+06 1.921877e+06 1.921740e+06 1.921333e+06 1.920450e+06 1.918110e+06 1.912515e+06 1.901388e+06 1.882534e+06 1.854405e+06 1.593193e+06 1.308782e+06 1.122323e+06 1.011066e+06 9.417338e+05 8.951955e+05 8.342895e+05 7.905144e+05 7.533937e+05 7.209963e+05 6.932453e+05 6.701020e+05 6.289058e+05 7.704417e+05 9.346098e+05 1.060086e+06
1.723746e+06 1.723746e+06 1.723746e+06 1.723745e+06 1.723745e+06 1.723740e+06 1.723721e+06 1.723637e+06 1.723569e+06 1.723480e+06 1.723210e+06 1.722574e+06 1.720760e+06 1.716289e+06 1.707287e+06 1.691950e+06 1.668998e+06 1.454520e+06 1.218370e+06 1.060729e+06 9.641928e+05 9.022015e+05 8.595752e+05 8.035879e+05 7.646351e+05 7.320337e+05 7.030588e+05 6.776375e+05 6.561008e+05 6.275595e+05 7.751612e+05 9.403498e+05 1.065004e+06
1.559626e+06 1.559626e+06 1.559626e+06 1.559626e+06 1.559626e+06 1.559619e+06 1.559595e+06 1.559499e+06 1.559428e+06 1.559341e+06 1.559097e+06 1.558559e+06 1.557054e+06 1.553350e+06 1.545889e+06 1.533164e+06 1.514103e+06 1.335152e+06 1.135997e+06 1.000993e+06 9.167098e+05 8.613511e+05 8.224632e+05 7.707956e+05 7.358324e+05 7.076360e+05 6.827393e+05 6.605877e+05 6.415279e+05 6.266374e+05 7.802903e+05 9.463471e+05 1.070056e+06
1.420526e+06 1.420526e+06 1.420526e+06 1.420526e+06 1.420526e+06 1.420524e+06 1.420514e+06 1.420472e+06 1.420438e+06 1.420393e+06 1.420250e+06 1.419863e+06 1.418655e+06 1.415579e+06 1.409309e+06 1.398571e+06 1.382449e+06 1.230346e+06 1.059549e+06 9.424709e+05 8.685122e+05 8.192842e+05 7.842016e+05 7.370048e+05 7.055965e+05 6.813735e+05 6.606164e+05 6.422205e+05 6.262726e+05 6.262605e+05 7.858523e+05 9.526038e+05 1.075240e+06
1.302278e+06 1.302278e+06 1.302278e+06 1.302278e+06 1.302278e+06 1.302272e+06 1.302255e+06 1.302184e+06 1.302133e+06 1.302070e+06 1.301897e+06 1.301512e+06 1.300419e+06 1.297714e+06 1.292252e+06 1.282931e+06 1.268960e+06 1.137103e+06 9.883133e+05 8.856723e+05 8.204988e+05 7.768998e+05 7.456210e+05 7.031796e+05 6.751906e+05 6.545012e+05 6.376001e+05 6.230269e+05 6.105173e+05 6.265657e+05 7.918708e+05 9.591214e+05 1.080553e+06
1.198076e+06 1.198076e+06 1.198076e+06 1.198076e+06 1.198076e+06 1.198075e+06 1.198069e+06 1.198041e+06 1.198019e+06 1.197990e+06 1.197895e+06 1.197619e+06 1.196723e+06 1.194408e+06 1.189668e+06 1.181533e+06 1.169309e+06 1.053534e+06 9.223718e+05 8.316069e+05 7.739457e+05 7.354178e+05 7.077824e+05 6.702056e+05 6.456059e+05 6.281048e+05 6.146548e+05 6.036916e+05 5.946581e+05 6.277078e+05 7.983696e+05 9.659005e+05 1.085990e+06
1.107228e+06 1.107228e+06 1.107228e+06 1.107228e+06 1.107228e+06 1.107225e+06 1.107217e+06 1.107184e+06 1.107160e+06 1.107129e+06 1.107037e+06 1.106789e+06 1.105996e+06 1.103948e+06 1.099751e+06 1.092543e+06 1.081704e+06 9.788787e+05 8.621290e+05 7.812730e+05 7.300363e+05 6.959863e+05 6.717020e+05 6.388585e+05 6.175954e+05 6.030249e+05 5.926299e+05 5.849332e+05 5.792064e+05 6.298667e+05 8.053732e+05 9.729410e+05 1.091547e+06
1.027261e+06 1.027261e+06 1.027261e+06 1.027261e+06 1.027261e+06 1.027261e+06 1.027260e+06 1.027256e+06 1.027251e+06 1.027245e+06 1.027212e+06 1.027046e+06 1.026393e+06 1.024615e+06 1.020906e+06 1.014490e+06 1.004810e+06 9.126620e+05 8.078768e+05 7.353681e+05 6.896254e+05 6.594741e+05 6.381834e+05 6.097616e+05 5.917160e+05 5.798728e+05 5.721961e+05 5.673973e+05 5.646947e+05 6.332771e+05 8.129066e+05 9.802420e+05 1.097219e+06
9.582278e+05 9.582278e+05 9.582278e+05 9.582278e+05 9.582277e+05 9.582271e+05 9.582246e+05 9.582133e+05 9.582043e+05 9.581928e+05 9.581519e+05 9.579930e+05 9.573967e+05 9.557835e+05 9.524236e+05 9.466144e+05 9.378510e+05 8.544442e+05 7.596640e+05 6.942379e+05 6.532046e+05 6.264279e+05 6.077687e+05 5.833696e+05 5.683652e+05 5.590754e+05 5.538471e+05 5.516091e+05 5.516113e+05 6.380356e+05 8.209955e+05 9.878022e+05 1.103002e+06
8.979215e+05 8.979215e+05 8.979215e+05 8.979215e+05 8.979215e+05 8.979217e+05 8.979223e+05 8.979249e+05 8.979270e+05 8.979291e+05 8.979229e+05 8.978145e+05 8.973095e+05 8.958759e+05 8.928454e+05 8.875750e+05 8.796040e+05 8.035946e+05 7.173018e+05 6.579429e+05 6.209728e+05 5.971238e+05 5.807689e+05 5.599844e+05 5.478170e+05 5.409241e+05 5.379312e+05 5.379690e+05 5.403662e+05 6.440830e+05 8.296671e+05 9.956195e+05 1.108888e+06
8.462337e+05 8.462337e+05 8.462337e+05 8.462337e+05 8.462337e+05 8.462339e+05 8.462344e+05 8.462350e+05 8.462350e+05 8.462345e+05 8.462235e+05 8.461193e+05 8.456520e+05 8.443320e+05 8.415439e+05 8.366962e+05 8.293656e+05 7.595422e+05 6.804894e+05 6.263713e+05 5.929397e+05 5.716534e+05 5.573292e+05 5.397912e+05 5.302557e+05 5.256166e+05 5.246884e+05 5.267688e+05 5.312828e+05 6.513931e+05 8.389501e+05 1.003691e+06 1.114873e+06
8.016204e+05 8.016204e+05 8.016204e+05 8.016204e+05 8.016205e+05 8.016222e+05 8.016270e+05 8.016430e+05 8.016535e+05 8.016652e+05 8.016833e+05 8.016182e+05 8.012174e+05 8.000252e+05 7.974696e+05 7.930026e+05 7.862329e+05 7.217119e+05 6.488871e+05 5.993339e+05 5.690194e+05 5.500084e+05 5.374983e+05 5.229001e+05 5.158075e+05 5.132897e+05 5.142843e+05 5.182158e+05 5.246053e+05 6.599478e+05 8.488761e+05 1.012015e+06 1.120950e+06
7.640378e+05 7.640378e+05 7.640378e+05 7.640378e+05 7.640379e+05 7.640386e+05 7.640407e+05 7.640488e+05 7.640549e+05 7.640623e+05 7.640733e+05 7.640091e+05 7.636341e+05 7.625225e+05 7.601397e+05 7.559743e+05 7.496626e+05 6.896142e+05 6.221637e+05 5.766278e+05 5.491008e+05 5.321460e+05 5.212858e+05 5.093831e+05 5.045649e+05 5.040437e+05 5.068351e+05 5.124554e+05 5.205112e+05 6.697305e+05 8.594808e+05 1.020588e+06 1.127111e+06
7.323638e+05 7.323638e+05 7.323638e+05 7.323638e+05 7.323638e+05 7.323650e+05 7.323687e+05 7.323835e+05 7.323947e+05 7.324083e+05 7.324348e+05 7.323941e+05 7.320631e+05 7.310398e+05 7.288207e+05 7.249249e+05 7.190123e+05 6.628086e+05 6.000446e+05 5.580916e+05 5.330985e+05 5.180355e+05 5.087013e+05 4.992994e+05 4.966038e+05 4.979564e+05 5.024243e+05 5.095875e+05 5.191246e+05 6.807245e+05 8.708086e+05 1.029407e+06 1.133351e+06
7.065566e+05 7.065566e+05 7.065566e+05 7.065567e+05 7.065567e+05 7.065577e+05 7.065607e+05 7.065739e+05 7.065846e+05 7.065983e+05 7.066275e+05 7.065963e+05 7.062932e+05 7.053365e+05 7.032482e+05 6.995733e+05 6.939913e+05 6.410425e+05 5.823691e+05 5.436397e+05 5.209791e+05 5.076796e+05 4.997740e+05 4.927086e+05 4.919914e+05 4.950904e+05 5.011115e+05 5.096785e+05 5.205271e+05 6.929120e+05 8.829266e+05 1.038469e+06 1.139661e+06
6.862627e+05 6.862627e+05 6.862627e+05 6.862627e+05 6.862627e+05 6.862644e+05 6.862694e+05 6.862897e+05 6.863053e+05 6.863245e+05 6.863668e+05 6.863535e+05 6.860813e+05 6.851843e+05 6.832055e+05 6.797113e+05 6.743989e+05 6.241666e+05 5.690620e+05 5.332539e+05 5.127586e+05 5.011149e+05 4.945529e+05 4.896708e+05 4.907852e+05 4.954937e+05 5.029364e+05 5.127670e+05 5.247656e+05 7.062739e+05 8.958739e+05 1.047773e+06 1.146035e+06
6.713817e+05 6.713817e+05 6.713817e+05 6.713817e+05 6.713817e+05 6.713830e+05 6.713870e+05 6.714032e+05 6.714161e+05 6.714324e+05 6.714698e+05 6.714560e+05 6.711957e+05 6.703364e+05 6.684381e+05 6.650850e+05 6.599895e+05 6.120459e+05 5.600940e+05 5.269586e+05 5.084837e+05 4.983959e+05 4.930942e+05 4.902382e+05 4.930281e+05 4.991961e+05 5.079171e+05 5.188661e+05 5.318563e+05 7.207886e+05 9.095723e+05 1.057315e+06 1.152467e+06
6.613738e+05 6.613738e+05 6.613738e+05 6.613738e+05 6.613738e+05 6.613761e+05 6.613836e+05 6.614148e+05 6.614384e+05 6.614672e+05 6.615334e+05 6.615538e+05 6.613369e+05 6.605389e+05 6.587330e+05 6.555174e+05 6.506175e+05 6.046480e+05 5.554922e+05 5.248034e+05 5.082086e+05 4.995735e+05 4.954427e+05 4.944430e+05 4.987389e+05 5.062032e+05 5.160479e+05 5.279637e+05 5.417876e+05 7.364317e+05 9.239560e+05 1.067097e+06 1.158948e+06
6.570181e+05 6.570181e+05 6.570181e+05 6.570181e+05 6.570182e+05 6.570202e+05 6.570267e+05 6.570523e+05 6.570714e+05 6.570947e+05 6.571478e+05 6.571548e+05 6.569299e+05 6.561386e+05 6.543656e+05 6.512219e+05 6.464449e+05 6.020182e+05 5.552947e+05 5.268269e+05 5.119655e+05 5.046709e+05 5.016125e+05 5.022832e+05 5.079040e+05 5.164909e+05 5.272959e+05 5.400217e+05 5.545213e+05 7.531743e+05 9.389640e+05 1.077118e+06 1.165472e+06
6.571244e+05 6.571244e+05 6.571244e+05 6.571244e+05 6.571245e+05 6.571281e+05 6.571393e+05 6.571837e+05 6.572165e+05 6.572559e+05 6.573467e+05 6.573967e+05 6.572203e+05 6.564869e+05 6.547880e+05 6.517438e+05 6.471012e+05 6.040542e+05 5.594811e+05 5.330209e+05 5.197399e+05 5.136636e+05 5.115699e+05 5.137130e+05 5.204705e+05 5.300012e+05 5.415986e+05 5.549750e+05 5.699933e+05 7.709827e+05 9.545348e+05 1.087385e+06 1.172034e+06
6.628933e+05 6.628933e+05 6.628933e+05 6.628934e+05 6.628934e+05 6.628957e+05 6.629027e+05 6.629317e+05 6.629543e+05 6.629824e+05 6.630493e+05 6.630766e+05 6.628823e+05 6.621401e+05 6.604477e+05 6.574325e+05 6.528501e+05 6.107737e+05 5.680059e+05 5.433203e+05 5.314548e+05 5.264660e+05 5.252239e+05 5.286371e+05 5.363439e+05 5.466409e+05 5.588637e+05 5.727323e+05 5.881150e+05 7.898170e+05 9.706059e+05 1.097905e+06 1.178626e+06
6.731915e+05 6.731915e+05 6.731915e+05 6.731915e+05 6.731916e+05 6.731947e+05 6.732042e+05 6.732412e+05 6.732687e+05 6.733021e+05 6.733800e+05 6.734183e+05 6.732351e+05 6.725054e+05 6.708302e+05 6.678426e+05 6.633058e+05 6.219697e+05 5.807126e+05 5.575753e+05 5.469584e+05 5.429255e+05 5.424230e+05 5.469116e+05 5.553895e+05 5.662832e+05 5.789700e+05 5.931770e+05 6.087747e+05 8.096302e+05 9.871130e+05 1.108698e+06 1.185243e+06
6.879501e+05 6.879501e+05 6.879501e+05 6.879501e+05 6.879502e+05 6.879536e+05 6.879639e+05 6.880036e+05 6.880324e+05 6.880671e+05 6.881472e+05 6.881871e+05 6.880048e+05 6.872764e+05 6.856049e+05 6.826277e+05 6.781145e+05 6.373307e+05 5.973426e+05 5.755508e+05 5.660282e+05 5.628295e+05 5.629642e+05 5.683515e+05 5.774384e+05 5.887723e+05 6.017712e+05 6.161698e+05 6.318396e+05 8.303684e+05 1.003991e+06 1.119791e+06 1.191881e+06
7.068081e+05 7.068081e+05 7.068081e+05 7.068081e+05 7.068082e+05 7.068105e+05 7.068175e+05 7.068461e+05 7.068681e+05 7.068953e+05 7.069594e+05 7.069829e+05 7.067843e+05 7.060404e+05 7.043560e+05 7.013720e+05 6.968634e+05 6.564869e+05 6.175722e+05 5.969544e+05 5.883937e+05 5.859249e+05 5.866093e+05 5.927433e+05 6.022966e+05 6.139290e+05 6.270994e+05 6.415518e+05 6.571586e+05 8.519698e+05 1.021173e+06 1.131128e+06 1.198536e+06
7.288563e+05 7.288563e+05 7.288563e+05 7.288563e+05 7.288564e+05 7.288599e+05 7.288707e+05 7.289137e+05 7.289454e+05 7.289835e+05 7.290715e+05 7.291195e+05 7.289440e+05 7.282198e+05 7.265517e+05 7.235822e+05 7.190906e+05 6.790587e+05 6.410586e+05 6.214733e+05 6.137665e+05 6.119425e+05 6.131047e+05 6.198577e+05 6.297536e+05 6.415576e+05 6.547703e+05 6.691476e+05 6.845647e+05 8.743650e+05 1.038593e+06 1.142652e+06 1.205205e+06
7.547643e+05 7.547643e+05 7.547643e+05 7.547643e+05 7.547643e+05 7.547661e+05 7.547717e+05 7.547941e+05 7.548112e+05 7.548325e+05 7.548823e+05 7.548881e+05 7.546681e+05 7.538979e+05 7.521828e+05 7.491682e+05 7.446375e+05 7.047194e+05 6.674714e+05 6.488028e+05 6.418639e+05 6.406159e+05 6.421966e+05 6.494605e+05 6.595898e+05 6.714504e+05 6.845863e+05 6.987686e+05 7.138773e+05 8.974772e+05 1.056185e+06 1.154316e+06 1.211888e+06
7.826147e+05 7.826147e+05 7.826147e+05 7.826147e+05 7.826148e+05 7.826181e+05 7.826283e+05 7.826689e+05 7.826988e+05 7.827347e+05 7.828172e+05 7.828572e+05 7.826692e+05 7.819262e+05 7.802318e+05 7.772319e+05 7.727133e+05 7.330232e+05 6.964867e+05 6.786603e+05 6.724215e+05 6.716921e+05 6.736401e+05 6.813185e+05 6.915815e+05 7.033920e+05 7.163397e+05 7.302146e+05 7.449041e+05 9.212228e+05 1.073885e+06 1.166074e+06 1.218584e+06
8.135562e+05 8.135562e+05 8.135562e+05 8.135563e+05 8.135563e+05 8.135583e+05 8.135643e+05 8.135887e+05 8.136072e+05 8.136302e+05 8.136836e+05 8.136922e+05 8.134717e+05 8.126948e+05 8.109655e+05 8.079306e+05 8.033806e+05 7.637743e+05 7.278586e+05 7.107993e+05 7.051983e+05 7.049343e+05 7.072015e+05 7.152016e+05 7.255021e+05 7.371604e+05 7.498142e+05 7.632760e+05 7.774432e+05 9.455119e+05 1.091629e+06 1.177880e+06 1.225299e+06
8.462556e+05 8.462556e+05 8.462556e+05 8.462556e+05 8.462557e+05 8.462586e+05 8.462674e+05 8.463024e+05 8.463282e+05 8.463590e+05 8.464291e+05 8.464540e+05 8.462471e+05 8.454791e+05 8.437527e+05 8.407156e+05 8.361612e+05 7.966882e+05 7.613496e+05 7.449933e+05 7.399705e+05 7.401187e+05 7.426554e+05 7.508810e+05 7.611209e+05 7.725266e+05 7.847855e+05 7.977349e+05 8.112841e+05 9.702491e+05 1.109355e+06 1.189692e+06 1.232041e+06
8.811935e+05 8.811935e+05 8.811935e+05 8.811936e+05 8.811936e+05 8.811958e+05 8.812026e+05 8.812303e+05 8.812515e+05 8.812775e+05 8.813377e+05 8.813525e+05 8.811348e+05 8.803539e+05 8.786117e+05 8.755564e+05 8.709839e+05 8.315883e+05 7.967609e+05 7.810380e+05 7.765290e+05 7.770297e+05 7.797796e+05 7.881236e+05 7.982006e+05 8.092539e+05 8.210209e+05 8.333651e+05 8.462089e+05 9.953348e+05 1.127004e+06 1.201467e+06 1.238832e+06
9.179452e+05 9.179452e+05 9.179452e+05 9.179452e+05 9.179453e+05 9.179479e+05 9.179557e+05 9.179866e+05 9.180095e+05 9.180374e+05 9.181012e+05 9.181188e+05 9.179018e+05 9.171176e+05 9.153665e+05 9.122967e+05 9.077061e+05 8.683373e+05 8.339293e+05 8.187483e+05 8.146705e+05 8.154493e+05 8.183444e+05 8.266861e+05 8.364930e+05 8.470960e+05 8.582799e+05 8.699339e+05 8.819939e+05 1.020666e+06 1.144519e+06 1.213162e+06 1.245647e+06
9.565700e+05 9.565700e+05 9.565700e+05 9.565700e+05 9.565701e+05 9.565729e+05 9.565814e+05 9.566151e+05 9.566398e+05 9.566697e+05 9.567379e+05 9.567598e+05 9.565450e+05 9.557580e+05 9.539965e+05 9.509073e+05 9.462900e+05 9.068452e+05 8.727105e+05 8.579379e+05 8.541789e+05 8.551411e+05 8.581006e+05 8.663074e+05 8.757369e+05 8.857968e+05 8.963144e+05 9.072029e+05 9.184112e+05 1.046136e+06 1.161845e+06 1.224736e+06 1.252448e+06
9.972357e+05 9.972357e+05 9.972357e+05 9.972357e+05 9.972358e+05 9.972381e+05 9.972452e+05 9.972734e+05 9.972944e+05 9.973198e+05 9.973771e+05 9.973847e+05 9.971502e+05 9.963354e+05 9.945349e+05 9.913947e+05 9.867158e+05 9.469915e+05 9.129224e+05 8.983812e+05 8.947998e+05 8.958343e+05 8.987692e+05 9.067067e+05 9.156581e+05 9.250921e+05 9.348715e+05 9.449305e+05 9.552307e+05 1.071640e+06 1.178933e+06 1.236150e+06 1.259206e+06
1.039140e+06 1.039140e+06 1.039140e+06 1.039140e+06 1.039140e+06 1.039142e+06 1.039149e+06 1.039174e+06 1.039192e+06 1.039215e+06 1.039266e+06 1.039266e+06 1.039021e+06 1.038191e+06 1.036365e+06 1.033188e+06 1.028461e+06 9.884430e+05 9.542799e+05 9.397831e+05 9.362268e+05 9.372184e+05 9.400420e+05 9.475878e+05 9.559748e+05 9.647141e+05 9.736964e+05 9.828748e+05 9.922228e+05 1.097069e+06 1.195731e+06 1.247367e+06 1.265895e+06
1.082043e+06 1.082043e+06 1.082043e+06 1.082043e+06 1.082043e+06 1.082046e+06 1.082055e+06 1.082090e+06 1.082116e+06 1.082147e+06 1.082220e+06 1.082244e+06 1.082022e+06 1.081206e+06 1.079381e+06 1.076187e+06 1.071420e+06 1.030994e+06 9.964794e+05 9.818034e+05 9.781156e+05 9.789580e+05 9.815952e+05 9.886499e+05 9.964049e+05 1.004396e+06 1.012537e+06 1.020796e+06 1.029161e+06 1.122318e+06 1.212196e+06 1.258350e+06 1.272489e+06
1.127093e+06 1.127093e+06 1.127093e+06 1.127093e+06 1.127093e+06 1.127094e+06 1.127097e+06 1.127109e+06 1.127119e+06 1.127132e+06 1.127161e+06 1.127134e+06 1.126850e+06 1.125957e+06 1.124034e+06 1.120716e+06 1.115800e+06 1.074411e+06 1.039147e+06 1.024061e+06 1.020107e+06 1.020717e+06 1.023112e+06 1.029602e+06 1.036675e+06 1.043879e+06 1.051146e+06 1.058463e+06 1.065825e+06 1.147284e+06 1.228285e+06 1.269065e+06 1.278965e+06
1.171826e+06 1.171826e+06 1.171826e+06 1.171826e+06 1.171826e+06 1.171827e+06 1.171829e+06 1.171839e+06 1.171847e+06 1.171857e+06 1.171875e+06 1.171828e+06 1.171514e+06 1.170574e+06 1.168581e+06 1.165166e+06 1.160122e+06 1.117805e+06 1.081724e+06 1.066142e+06 1.061857e+06 1.062186e+06 1.064301e+06 1.070173e+06 1.076526e+06 1.082916e+06 1.089289e+06 1.095649e+06 1.102003e+06 1.171866e+06 1.243957e+06 1.279480e+06 1.285302e+06
1.215159e+06 1.215159e+06 1.215159e+06 1.215159e+06 1.215159e+06 1.215160e+06 1.215164e+06 1.215178e+06 1.215189e+06 1.215201e+06 1.215226e+06 1.215188e+06 1.214881e+06 1.213942e+06 1.211938e+06 1.208492e+06 1.203395e+06 1.160509e+06 1.123776e+06 1.107724e+06 1.103087e+06 1.103104e+06 1.104910e+06 1.110117e+06 1.115717e+06 1.121271e+06 1.126741e+06 1.132143e+06 1.137494e+06 1.195967e+06 1.259176e+06 1.289567e+06 1.291477e+06
1.257830e+06 1.257830e+06 1.257830e+06 1.257830e+06 1.257830e+06 1.257832e+06 1.257837e+06 1.257858e+06 1.257874e+06 1.257893e+06 1.257932e+06 1.257911e+06 1.257618e+06 1.256686e+06 1.254674e+06 1.251200e+06 1.246051e+06 1.202594e+06 1.165186e+06 1.148625e+06 1.143591e+06 1.143254e+06 1.144716e+06 1.149202e+06 1.154018e+06 1.158724e+06 1.163291e+06 1.167744e+06 1.172108e+06 1.219497e+06 1.273909e+06 1.299298e+06 1.297471e+06
1.300744e+06 1.300744e+06 1.300744e+06 1.300744e+06 1.300744e+06 1.300744e+06 1.300745e+06 1.300751e+06 1.300756e+06 1.300763e+06 1.300774e+06 1.300718e+06 1.300382e+06 1.299394e+06 1.297309e+06 1.293739e+06 1.288468e+06 1.244131e+06 1.205865e+06 1.188688e+06 1.183181e+06 1.182432e+06 1.183502e+06 1.187208e+06 1.191213e+06 1.195066e+06 1.198740e+06 1.202265e+06 1.205672e+06 1.242370e+06 1.288124e+06 1.308649e+06 1.303264e+06
1.342325e+06 1.342325e+06 1.342325e+06 1.342325e+06 1.342325e+06 1.342325e+06 1.342326e+06 1.342330e+06 1.342334e+06 1.342337e+06 1.342339e+06 1.342268e+06 1.341910e+06 1.340888e+06 1.338751e+06 1.335107e+06 1.329740e+06 1.284637e+06 1.245531e+06 1.227683e+06 1.221632e+06 1.220410e+06 1.221043e+06 1.223916e+06 1.227095e+06 1.230104e+06 1.232909e+06 1.235539e+06 1.238026e+06 1.264507e+06 1.301794e+06 1.317598e+06 1.308839e+06
1.381836e+06 1.381836e+06 1.381836e+06 1.381836e+06 1.381836e+06 1.381837e+06 1.381839e+06 1.381845e+06 1.381850e+06 1.381855e+06 1.381861e+06 1.381795e+06 1.381441e+06 1.380419e+06 1.378274e+06 1.374613e+06 1.369212e+06 1.323680e+06 1.283879e+06 1.265345e+06 1.258694e+06 1.256948e+06 1.257106e+06 1.259114e+06 1.261470e+06 1.263661e+06 1.265634e+06 1.267414e+06 1.269031e+06 1.285838e+06 1.314894e+06 1.326128e+06 1.314178e+06
1.419719e+06 1.419719e+06 1.419719e+06 1.419719e+06 1.419719e+06 1.419720e+06 1.419722e+06 1.419732e+06 1.419739e+06 1.419748e+06 1.419760e+06 1.419702e+06 1.419356e+06 1.418340e+06 1.416199e+06 1.412532e+06 1.407116e+06 1.361242e+06 1.320732e+06 1.301439e+06 1.294124e+06 1.291809e+06 1.291471e+06 1.292609e+06 1.294170e+06 1.295584e+06 1.296776e+06 1.297761e+06 1.298567e+06 1.306297e+06 1.327402e+06 1.334221e+06 1.319267e+06
1.456516e+06 1.456516e+06 1.456516e+06 1.456516e+06 1.456516e+06 1.456516e+06 1.456519e+06 1.456528e+06 1.456535e+06 1.456543e+06 1.456555e+06 1.456495e+06 1.456145e+06 1.455121e+06 1.452963e+06 1.449268e+06 1.443807e+06 1.397381e+06 1.355945e+06 1.335754e+06 1.327702e+06 1.324790e+06 1.323949e+06 1.324244e+06 1.325057e+06 1.325752e+06 1.326223e+06 1.326476e+06 1.326535e+06 1.325830e+06 1.339299e+06 1.341863e+06 1.324091e+06
1.492240e+06 1.492240e+06 1.492240e+06 1.492240e+06 1.492240e+06 1.492240e+06 1.492241e+06 1.492246e+06 1.492249e+06 1.492253e+06 1.492255e+06 1.492182e+06 1.491814e+06 1.490762e+06 1.488561e+06 1.484803e+06 1.479252e+06 1.431952e+06 1.389316e+06 1.368091e+06 1.359253e+06 1.355736e+06 1.354406e+06 1.353906e+06 1.354032e+06 1.354072e+06 1.353890e+06 1.353478e+06 1.352858e+06 1.344387e+06 1.350569e+06 1.349044e+06 1.328637e+06
1.526383e+06 1.526383e+06 1.526383e+06 1.526383e+06 1.526383e+06 1.526383e+06 1.526382e+06 1.526378e+06 1.526375e+06 1.526372e+06 1.526356e+06 1.526261e+06 1.525863e+06 1.524769e+06 1.522506e+06 1.518659e+06 1.512986e+06 1.464595e+06 1.420600e+06 1.398288e+06 1.388662e+06 1.384559e+06 1.382766e+06 1.381533e+06 1.381036e+06 1.380486e+06 1.379718e+06 1.378711e+06 1.377482e+06 1.361930e+06 1.361198e+06 1.355756e+06 1.332895e+06
1.558028e+06 1.558028e+06 1.558028e+06 1.558028e+06 1.558028e+06 1.558027e+06 1.558026e+06 1.558021e+06 1.558017e+06 1.558013e+06 1.557992e+06 1.557889e+06 1.557475e+06 1.556353e+06 1.554041e+06 1.550117e+06 1.544335e+06 1.494909e+06 1.449610e+06 1.426260e+06 1.415889e+06 1.411236e+06 1.409013e+06 1.407105e+06 1.406045e+06 1.404966e+06 1.403675e+06 1.402140e+06 1.400371e+06 1.378427e+06 1.371175e+06 1.361990e+06 1.336853e+06
1.586840e+06 1.586840e+06 1.586840e+06 1.586840e+06 1.586840e+06 1.586839e+06 1.586838e+06 1.586833e+06 1.586830e+06 1.586825e+06 1.586804e+06 1.586700e+06 1.586282e+06 1.585147e+06 1.582807e+06 1.578833e+06 1.572974e+06 1.522723e+06 1.476299e+06 1.452017e+06 1.440961e+06 1.435798e+06 1.433172e+06 1.430637e+06 1.429059e+06 1.427505e+06 1.425751e+06 1.423751e+06 1.421508e+06 1.393853e+06 1.380494e+06 1.367744e+06 1.340505e+06
1.613003e+06 1.613003e+06 1.613003e+06 1.613003e+06 1.613003e+06 1.613003e+06 1.613002e+06 1.612997e+06 1.612994e+06 1.612990e+06 1.612972e+06 1.612870e+06 1.612453e+06 1.611313e+06 1.608958e+06 1.604953e+06 1.599041e+06 1.548152e+06 1.500768e+06 1.475645e+06 1.463951e+06 1.458301e+06 1.455290e+06 1.452156e+06 1.450098e+06 1.448115e+06 1.445951e+06 1.443545e+06 1.440892e+06 1.408192e+06 1.389148e+06 1.373015e+06 1.343842e+06
1.636887e+06 1.636887e+06 1.636887e+06 1.636887e+06 1.636887e+06 1.636887e+06 1.636886e+06 1.636884e+06 1.636883e+06 1.636881e+06 1.636867e+06 1.636770e+06 1.636356e+06 1.635216e+06 1.632852e+06 1.628824e+06 1.622871e+06 1.571433e+06 1.523174e+06 1.497252e+06 1.484934e+06 1.478804e+06 1.475412e+06 1.471695e+06 1.469187e+06 1.466817e+06 1.464295e+06 1.461540e+06 1.458537e+06 1.421436e+06 1.397134e+06 1.377804e+06 1.346858e+06
1.658917e+06 1.658917e+06 1.658917e+06 1.658917e+06 1.658917e+06 1.658917e+06 1.658916e+06 1.658914e+06 1.658913e+06 1.658911e+06 1.658897e+06 1.658800e+06 1.658384e+06 1.657236e+06 1.654857e+06 1.650800e+06 1.644800e+06 1.592800e+06 1.543657e+06 1.516922e+06 1.503968e+06 1.497350e+06 1.493574e+06 1.489288e+06 1.486359e+06 1.483644e+06 1.480813e+06 1.477765e+06 1.474470e+06 1.433582e+06 1.404453e+06 1.382111e+06 1.349550e+06
1.679214e+06 1.679214e+06 1.679214e+06 1.679214e+06 1.679214e+06 1.679214e+06 1.679214e+06 1.679212e+06 1.679210e+06 1.679208e+06 1.679194e+06 1.679095e+06 1.678677e+06 1.677521e+06 1.675125e+06 1.671037e+06 1.664988e+06 1.612389e+06 1.562299e+06 1.534699e+06 1.521081e+06 1.513962e+06 1.509803e+06 1.504967e+06 1.501653e+06 1.498638e+06 1.495549e+06 1.492260e+06 1.488727e+06 1.444635e+06 1.411107e+06 1.385939e+06 1.351915e+06
1.697873e+06 1.697873e+06 1.697873e+06 1.697873e+06 1.697873e+06 1.697873e+06 1.697873e+06 1.697871e+06 1.697869e+06 1.697867e+06 1.697853e+06 1.697754e+06 1.697333e+06 1.696169e+06 1.693754e+06 1.689632e+06 1.683526e+06 1.630249e+06 1.579111e+06 1.550587e+06 1.536277e+06 1.528654e+06 1.524119e+06 1.518770e+06 1.515118e+06 1.511852e+06 1.508555e+06 1.505076e+06 1.501356e+06 1.454603e+06 1.417099e+06 1.389295e+06 1.353952e+06
1.714992e+06 1.714992e+06 1.714992e+06 1.714992e+06 1.714992e+06 1.714992e+06 1.714991e+06 1.714989e+06 1.714987e+06 1.714985e+06 1.714969e+06 1.714866e+06 1.714437e+06 1.713257e+06 1.710811e+06 1.706638e+06 1.700454e+06 1.646349e+06 1.594052e+06 1.564559e+06 1.549557e+06 1.541445e+06 1.536560e+06 1.530753e+06 1.526818e+06 1.523354e+06 1.519897e+06 1.516275e+06 1.512415e+06 1.463503e+06 1.422436e+06 1.392184e+06 1.355659e+06
1.730447e+06 1.730447e+06 1.730447e+06 1.730447e+06 1.730447e+06 1.730447e+06 1.730445e+06 1.730437e+06 1.730431e+06 1.730423e+06 1.730396e+06 1.730278e+06 1.729828e+06 1.728617e+06 1.726123e+06 1.721880e+06 1.715598e+06 1.660555e+06 1.607052e+06 1.576603e+06 1.560943e+06 1.552384e+06 1.547188e+06 1.540994e+06 1.536835e+06 1.533222e+06 1.529651e+06 1.525927e+06 1.521968e+06 1.471353e+06 1.427127e+06 1.394613e+06 1.357037e+06
1.743640e+06 1.743640e+06 1.743640e+06 1.743640e+06 1.743640e+06 1.743640e+06 1.743638e+06 1.743630e+06 1.743624e+06 1.743616e+06 1.743588e+06 1.743469e+06 1.743015e+06 1.741790e+06 1.739267e+06 1.734971e+06 1.728608e+06 1.672710e+06 1.618082e+06 1.586758e+06 1.570510e+06 1.561563e+06 1.556105e+06 1.549597e+06 1.545269e+06 1.541549e+06 1.537901e+06 1.534110e+06 1.530086e+06 1.478177e+06 1.431181e+06 1.396591e+06 1.358089e+06
1.754683e+06 1.754683e+06 1.754683e+06 1.754683e+06 1.754683e+06 1.754682e+06 1.754681e+06 1.754674e+06 1.754669e+06 1.754663e+06 1.754637e+06 1.754520e+06 1.754064e+06 1.752831e+06 1.750285e+06 1.745945e+06 1.739512e+06 1.682855e+06 1.627230e+06 1.595144e+06 1.578394e+06 1.569121e+06 1.563446e+06 1.556689e+06 1.552231e+06 1.548437e+06 1.544738e+06 1.540905e+06 1.536841e+06 1.484002e+06 1.434611e+06 1.398128e+06 1.358818e+06
1.763828e+06 1.763828e+06 1.763828e+06 1.763828e+06 1.763828e+06 1.763827e+06 1.763825e+06 1.763818e+06 1.763813e+06 1.763806e+06 1.763780e+06 1.763662e+06 1.763201e+06 1.761955e+06 1.759384e+06 1.755000e+06 1.748500e+06 1.691159e+06 1.634673e+06 1.601941e+06 1.584769e+06 1.575223e+06 1.569367e+06 1.562401e+06 1.557838e+06 1.553986e+06 1.550251e+06 1.546393e+06 1.542308e+06 1.488858e+06 1.437429e+06 1.399233e+06 1.359228e+06
1.771124e+06 1.771124e+06 1.771124e+06 1.771124e+06 1.771124e+06 1.771124e+06 1.771122e+06 1.771114e+06 1.771109e+06 1.771102e+06 1.771074e+06 1.770954e+06 1.770489e+06 1.769233e+06 1.766641e+06 1.762222e+06 1.755668e+06 1.697781e+06 1.640601e+06 1.607337e+06 1.589809e+06 1.580028e+06 1.574014e+06 1.566860e+06 1.562200e+06 1.558294e+06 1.554529e+06 1.550654e+06 1.546559e+06 1.492776e+06 1.439651e+06 1.399919e+06 1.359324e+06
1.776602e+06 1.776602e+06 1.776602e+06 1.776602e+06 1.776602e+06 1.776601e+06 1.776600e+06 1.776592e+06 1.776587e+06 1.776580e+06 1.776554e+06 1.776434e+06 1.775970e+06 1.774711e+06 1.772112e+06 1.767677e+06 1.761095e+06 1.702867e+06 1.645179e+06 1.611490e+06 1.593663e+06 1.583675e+06 1.577514e+06 1.570176e+06 1.565413e+06 1.561447e+06 1.557649e+06 1.553759e+06 1.549662e+06 1.495792e+06 1.441293e+06 1.400197e+06 1.359111e+06
1.780448e+06 1.780448e+06 1.780448e+06 1.780448e+06 1.780448e+06 1.780447e+06 1.780446e+06 1.780440e+06 1.780436e+06 1.780430e+06 1.780406e+06 1.780290e+06 1.779829e+06 1.778574e+06 1.775976e+06 1.771540e+06 1.764952e+06 1.706561e+06 1.648540e+06 1.614525e+06 1.596444e+06 1.586266e+06 1.579963e+06 1.572433e+06 1.567553e+06 1.563517e+06 1.559681e+06 1.555776e+06 1.551680e+06 1.497941e+06 1.442371e+06 1.400079e+06 1.358596e+06
1.782909e+06 1.782909e+06 1.782909e+06 1.782909e+06 1.782909e+06 1.782908e+06 1.782907e+06 1.782901e+06 1.782897e+06 1.782892e+06 1.782869e+06 1.782755e+06 1.782298e+06 1.781047e+06 1.778456e+06 1.774027e+06 1.767445e+06 1.709019e+06 1.650799e+06 1.616534e+06 1.598230e+06 1.587873e+06 1.581427e+06 1.573691e+06 1.568679e+06 1.564561e+06 1.560681e+06 1.556761e+06 1.552672e+06 1.499260e+06 1.442905e+06 1.399578e+06 1.357787e+06
1.784193e+06 1.784193e+06 1.784193e+06 1.784193e+06 1.784193e+06 1.784193e+06 1.784192e+06 1.784188e+06 1.784186e+06 1.784183e+06 1.784165e+06 1.784056e+06 1.783606e+06 1.782364e+06 1.779785e+06 1.775370e+06 1.768805e+06 1.710418e+06 1.652071e+06 1.617589e+06 1.599073e+06 1.588535e+06 1.581941e+06 1.573986e+06 1.568831e+06 1.564626e+06 1.560700e+06 1.556766e+06 1.552689e+06 1.499787e+06 1.442912e+06 1.398708e+06 1.356691e+06
1.784622e+06 1.784622e+06 1.784622e+06 1.784622e+06 1.784622e+06 1.784622e+06 1.784621e+06 1.784618e+06 1.784615e+06 1.784612e+06 1.784593e+06 1.784485e+06 1.784034e+06 1.782795e+06 1.780222e+06 1.775817e+06 1.769264e+06 1.710915e+06 1.652437e+06 1.617730e+06 1.598993e+06 1.588267e+06 1.581518e+06 1.573337e+06 1.568037e+06 1.563746e+06 1.559779e+06 1.555838e+06 1.551782e+06 1.499561e+06 1.442413e+06 1.397482e+06 1.355316e+06
1.784193e+06 1.784193e+06 1.784193e+06 1.784193e+06 1.784193e+06 1.784193e+06 1.784192e+06 1.784188e+06 1.784184e+06 1.784180e+06 1.784160e+06 1.784050e+06 1.783599e+06 1.782361e+06 1.779793e+06 1.775395e+06 1.768854e+06 1.710531e+06 1.651904e+06 1.616954e+06 1.597984e+06 1.587063e+06 1.580160e+06 1.571757e+06 1.566322e+06 1.561955e+06 1.557958e+06 1.554022e+06 1.549998e+06 1.498621e+06 1.441428e+06 1.395915e+06 1.353671e+06
1.782851e+06 1.782851e+06 1.782851e+06 1.782851e+06 1.782851e+06 1.782850e+06 1.782849e+06 1.782845e+06 1.782841e+06 1.782837e+06 1.782817e+06 1.782707e+06 1.782257e+06 1.781023e+06 1.778460e+06 1.774071e+06 1.767541e+06 1.709232e+06 1.650439e+06 1.615236e+06 1.596030e+06 1.584918e+06 1.577865e+06 1.569259e+06 1.563708e+06 1.559286e+06 1.555277e+06 1.551362e+06 1.547387e+06 1.497005e+06 1.439978e+06 1.394019e+06 1.351765e+06
1.780635e+06 1.780635e+06 1.780635e+06 1.780635e+06 1.780635e+06 1.780635e+06 1.780634e+06 1.780630e+06 1.780627e+06 1.780623e+06 1.780605e+06 1.780497e+06 1.780049e+06 1.778819e+06 1.776262e+06 1.771882e+06 1.765360e+06 1.707030e+06 1.648035e+06 1.612565e+06 1.593126e+06 1.581832e+06 1.574644e+06 1.565866e+06 1.560230e+06 1.555779e+06 1.551780e+06 1.547906e+06 1.543996e+06 1.494754e+06 1.438084e+06 1.391810e+06 1.349608e+06
1.777658e+06 1.777658e+06 1.777658e+06 1.777658e+06 1.777658e+06 1.777657e+06 1.777656e+06 1.777653e+06 1.777650e+06 1.777646e+06 1.777627e+06 1.777518e+06 1.777071e+06 1.775840e+06 1.773284e+06 1.768903e+06 1.762380e+06 1.703956e+06 1.644704e+06 1.608952e+06 1.589287e+06 1.577830e+06 1.570527e+06 1.561617e+06 1.555931e+06 1.551480e+06 1.547517e+06 1.543706e+06 1.539878e+06 1.491907e+06 1.435767e+06 1.389300e+06 1.347209e+06
1.773912e+06 1.773912e+06 1.773912e+06 1.773912e+06 1.773912e+06 1.773911e+06 1.773909e+06 1.773902e+06 1.773896e+06 1.773889e+06 1.773863e+06 1.773746e+06 1.773288e+06 1.772047e+06 1.769480e+06 1.765086e+06 1.758548e+06 1.699970e+06 1.640440e+06 1.604418e+06 1.584552e+06 1.572958e+06 1.565565e+06 1.556567e+06 1.550867e+06 1.546447e+06 1.542544e+06 1.538816e+06 1.535088e+06 1.488504e+06 1.433049e+06 1.386505e+06 1.344579e+06
1.768996e+06 1.768996e+06 1.768996e+06 1.768996e+06 1.768996e+06 1.768996e+06 1.768994e+06 1.768986e+06 1.768981e+06 1.768973e+06 1.768946e+06 1.768827e+06 1.768368e+06 1.767125e+06 1.764555e+06 1.760159e+06 1.753617e+06 1.694956e+06 1.635228e+06 1.599001e+06 1.578981e+06 1.567286e+06 1.559831e+06 1.550789e+06 1.545109e+06 1.540746e+06 1.536925e+06 1.533296e+06 1.529683e+06 1.484582e+06 1.429951e+06 1.383439e+06 1.341726e+06
1.762827e+06 1.762827e+06 1.762827e+06 1.762827e+06 1.762827e+06 1.762827e+06 1.762826e+06 1.762821e+06 1.762817e+06 1.762812e+06 1.762790e+06 1.762678e+06 1.762227e+06 1.760994e+06 1.758437e+06 1.754056e+06 1.747529e+06 1.688918e+06 1.629124e+06 1.592782e+06 1.572665e+06 1.560905e+06 1.553415e+06 1.544366e+06 1.538731e+06 1.534446e+06 1.530724e+06 1.527210e+06 1.523723e+06 1.480181e+06 1.426495e+06 1.380115e+06 1.338661e+06
1.755808e+06 1.755808e+06 1.755808e+06 1.755808e+06 1.755808e+06 1.755808e+06 1.755807e+06 1.755803e+06 1.755800e+06 1.755797e+06 1.755779e+06 1.755672e+06 1.755228e+06 1.754005e+06 1.751461e+06 1.747096e+06 1.740589e+06 1.682076e+06 1.622286e+06 1.585888e+06 1.565715e+06 1.553919e+06 1.546415e+06 1.537387e+06 1.531816e+06 1.527623e+06 1.524012e+06 1.520621e+06 1.517267e+06 1.475337e+06 1.422702e+06 1.376547e+06 1.335394e+06
1.748271e+06 1.748271e+06 1.748271e+06 1.748271e+06 1.748271e+06 1.748271e+06 1.748270e+06 1.748267e+06 1.748264e+06 1.748260e+06 1.748242e+06 1.748135e+06 1.747692e+06 1.746472e+06 1.743933e+06 1.739578e+06 1.733084e+06 1.674653e+06 1.614882e+06 1.578453e+06 1.558247e+06 1.546434e+06 1.538929e+06 1.529939e+06 1.524444e+06 1.520350e+06 1.516854e+06 1.513591e+06 1.510374e+06 1.470087e+06 1.418594e+06 1.372749e+06 1.331935e+06
