8.485042e+05 6.049378e+05 5.870029e+05 5.582832e+05 5.378329e+05 4.680162e+05 4.336803e+05 3.948092e+05 3.813897e+05 3.704051e+05 3.539277e+05 3.430413e+05 3.364127e+05 3.330760e+05 3.322490e+05 3.332726e+05 3.355798e+05 3.505607e+05 3.443127e+05 3.164964e+05 2.919328e+05 2.802419e+05 2.780581e+05 2.859034e+05 2.976774e+05 3.087674e+05 3.182835e+05 3.262488e+05 3.328841e+05 3.599331e+05 3.547003e+05 3.376019e+05 3.172325e+05
4.233386e+05 4.233392e+05 4.233409e+05 4.233585e+05 4.232965e+05 4.168875e+05 4.062877e+05 3.795527e+05 3.696152e+05 3.609542e+05 3.474574e+05 3.384820e+05 3.332294e+05 3.309438e+05 3.309424e+05 3.326225e+05 3.354536e+05 3.517994e+05 3.458025e+05 3.178208e+05 2.930409e+05 2.811861e+05 2.788842e+05 2.865649e+05 2.982214e+05 3.092208e+05 3.186647e+05 3.265719e+05 3.331599e+05 3.600008e+05 3.546989e+05 3.375678e+05 3.171844e+05
3.842901e+05 3.842903e+05 3.842907e+05 3.842979e+05 3.843022e+05 3.820475e+05 3.765671e+05 3.637466e+05 3.548865e+05 3.482754e+05 3.389840e+05 3.328088e+05 3.294610e+05 3.285448e+05 3.295641e+05 3.320204e+05 3.354478e+05 3.532303e+05 3.474345e+05 3.192380e+05 2.942100e+05 2.821729e+05 2.797415e+05 2.872449e+05 2.987774e+05 3.096822e+05 3.190516e+05 3.268990e+05 3.334385e+05 3.600687e+05 3.546972e+05 3.375334e+05 3.171360e+05
3.560447e+05 3.560448e+05 3.560449e+05 3.560489e+05 3.560567e+05 3.556056e+05 3.521272e+05 3.480782e+05 3.443124e+05 3.391478e+05 3.306456e+05 3.266914e+05 3.254084e+05 3.260520e+05 3.282288e+05 3.315480e+05 3.356229e+05 3.548694e+05 3.492133e+05 3.207492e+05 2.954406e+05 2.832023e+05 2.806299e+05 2.879434e+05 2.993452e+05 3.101515e+05 3.194439e+05 3.272300e+05 3.337200e+05 3.601366e+05 3.546952e+05 3.374987e+05 3.170873e+05
3.369957e+05 3.369957e+05 3.369958e+05 3.369988e+05 3.370053e+05 3.369276e+05 3.355282e+05 3.320186e+05 3.317221e+05 3.305011e+05 3.256971e+05 3.221783e+05 3.218573e+05 3.238351e+05 3.271371e+05 3.313257e+05 3.360558e+05 3.567297e+05 3.511416e+05 3.223552e+05 2.967327e+05 2.842742e+05 2.815493e+05 2.886601e+05 2.999247e+05 3.106287e+05 3.198417e+05 3.275648e+05 3.340042e+05 3.602046e+05 3.546930e+05 3.374637e+05 3.170384e+05
3.244707e+05 3.244707e+05 3.244708e+05 3.244733e+05 3.244774e+05 3.243837e+05 3.237086e+05 3.207624e+05 3.206801e+05 3.212738e+05 3.213575e+05 3.202548e+05 3.203949e+05 3.226415e+05 3.266582e+05 3.315545e+05 3.368631e+05 3.588231e+05 3.532209e+05 3.240556e+05 2.980858e+05 2.853880e+05 2.824992e+05 2.893947e+05 3.005156e+05 3.111134e+05 3.202447e+05 3.279033e+05 3.342911e+05 3.602726e+05 3.546906e+05 3.374284e+05 3.169893e+05
3.148560e+05 3.148560e+05 3.148561e+05 3.148583e+05 3.148646e+05 3.149859e+05 3.149713e+05 3.134668e+05 3.132398e+05 3.140656e+05 3.170071e+05 3.191490e+05 3.209113e+05 3.235412e+05 3.274665e+05 3.325707e+05 3.382305e+05 3.611634e+05 3.554510e+05 3.258495e+05 2.994991e+05 2.865432e+05 2.834791e+05 2.901469e+05 3.011177e+05 3.116057e+05 3.206528e+05 3.282455e+05 3.345807e+05 3.603406e+05 3.546878e+05 3.373928e+05 3.169399e+05
3.091290e+05 3.091290e+05 3.091291e+05 3.091311e+05 3.091369e+05 3.092605e+05 3.094328e+05 3.091105e+05 3.090977e+05 3.099012e+05 3.138359e+05 3.184549e+05 3.223275e+05 3.259748e+05 3.301033e+05 3.349551e+05 3.404568e+05 3.637708e+05 3.578320e+05 3.277353e+05 3.009714e+05 2.877388e+05 2.844883e+05 2.909163e+05 3.017307e+05 3.121053e+05 3.210661e+05 3.285912e+05 3.348727e+05 3.604087e+05 3.546848e+05 3.373569e+05 3.168903e+05
3.060250e+05 3.060250e+05 3.060251e+05 3.060270e+05 3.060326e+05 3.061728e+05 3.064942e+05 3.072536e+05 3.077379e+05 3.087090e+05 3.128348e+05 3.186775e+05 3.243124e+05 3.292551e+05 3.339481e+05 3.388209e+05 3.440040e+05 3.666777e+05 3.603645e+05 3.297115e+05 3.025013e+05 2.889738e+05 2.855261e+05 2.917025e+05 3.023544e+05 3.126120e+05 3.214842e+05 3.289404e+05 3.351673e+05 3.604767e+05 3.546816e+05 3.373207e+05 3.168404e+05
3.051013e+05 3.051013e+05 3.051013e+05 3.051031e+05 3.051084e+05 3.053272e+05 3.060415e+05 3.080062e+05 3.090387e+05 3.102861e+05 3.143372e+05 3.204027e+05 3.270076e+05 3.330759e+05 3.385116e+05 3.436388e+05 3.487082e+05 3.699348e+05 3.630517e+05 3.317762e+05 3.040871e+05 2.902470e+05 2.865915e+05 2.925048e+05 3.029885e+05 3.131256e+05 3.219071e+05 3.292930e+05 3.354643e+05 3.605448e+05 3.546780e+05 3.372843e+05 3.167903e+05
3.082312e+05 3.082312e+05 3.082312e+05 3.082333e+05 3.082396e+05 3.085005e+05 3.093215e+05 3.117385e+05 3.130434e+05 3.144366e+05 3.182195e+05 3.238871e+05 3.306697e+05 3.373991e+05 3.435127e+05 3.490313e+05 3.541580e+05 3.736209e+05 3.659005e+05 3.339285e+05 3.057274e+05 2.915571e+05 2.876837e+05 2.933229e+05 3.036326e+05 3.136459e+05 3.223346e+05 3.296488e+05 3.357635e+05 3.606129e+05 3.546742e+05 3.372475e+05 3.167399e+05
3.988170e+05 3.988170e+05 3.988171e+05 3.988179e+05 3.988204e+05 3.988957e+05 3.991094e+05 3.998646e+05 4.003810e+05 4.009693e+05 4.022967e+05 4.037830e+05 4.055459e+05 4.078294e+05 4.108095e+05 4.144589e+05 4.185363e+05 4.310420e+05 4.075236e+05 3.615311e+05 3.251157e+05 3.064887e+05 2.998744e+05 3.022324e+05 3.105393e+05 3.191618e+05 3.268253e+05 3.333583e+05 3.388643e+05 3.612908e+05 3.546195e+05 3.368629e+05 3.162220e+05
4.788477e+05 4.788477e+05 4.788477e+05 4.788486e+05 4.788513e+05 4.789465e+05 4.792494e+05 4.802594e+05 4.808992e+05 4.816014e+05 4.831366e+05 4.847728e+05 4.864353e+05 4.880621e+05 4.896106e+05 4.910501e+05 4.923333e+05 4.908565e+05 4.573145e+05 3.995499e+05 3.522468e+05 3.259943e+05 3.146031e+05 3.121965e+05 3.180465e+05 3.250639e+05 3.315773e+05 3.372486e+05 3.420917e+05 3.619558e+05 3.545323e+05 3.364464e+05 3.156782e+05
5.612711e+05 5.612711e+05 5.612711e+05 5.612712e+05 5.612717e+05 5.612846e+05 5.613209e+05 5.614556e+05 5.615532e+05 5.616687e+05 5.619442e+05 5.622684e+05 5.626235e+05 5.629678e+05 5.632214e+05 5.632653e+05 5.629463e+05 5.490829e+05 5.013114e+05 4.336737e+05 3.798292e+05 3.485805e+05 3.329880e+05 3.239647e+05 3.261448e+05 3.312083e+05 3.364433e+05 3.411967e+05 3.453482e+05 3.625957e+05 3.544085e+05 3.359963e+05 3.151075e+05
6.119410e+05 6.119410e+05 6.119411e+05 6.119416e+05 6.119432e+05 6.119930e+05 6.121269e+05 6.125538e+05 6.128229e+05 6.131175e+05 6.137599e+05 6.144452e+05 6.151385e+05 6.157820e+05 6.162789e+05 6.164853e+05 6.162096e+05 5.990130e+05 5.412652e+05 4.633891e+05 4.032890e+05 3.686748e+05 3.507942e+05 3.376111e+05 3.357564e+05 3.378586e+05 3.414496e+05 3.451597e+05 3.485754e+05 3.631979e+05 3.542439e+05 3.355106e+05 3.145092e+05
6.613981e+05 6.613981e+05 6.613981e+05 6.613982e+05 6.613984e+05 6.614062e+05 6.614306e+05 6.615342e+05 6.616107e+05 6.617009e+05 6.619163e+05 6.621708e+05 6.624463e+05 6.626952e+05 6.628229e+05 6.626802e+05 6.620618e+05 6.422053e+05 5.777822e+05 4.911333e+05 4.243822e+05 3.859835e+05 3.661089e+05 3.505729e+05 3.462717e+05 3.457398e+05 3.469969e+05 3.492647e+05 3.518048e+05 3.637502e+05 3.540340e+05 3.349876e+05 3.138825e+05
7.000436e+05 7.000436e+05 7.000436e+05 7.000437e+05 7.000439e+05 7.000503e+05 7.000705e+05 7.001592e+05 7.002282e+05 7.003120e+05 7.005188e+05 7.007673e+05 7.010342e+05 7.012655e+05 7.013605e+05 7.011631e+05 7.004598e+05 6.792520e+05 6.105314e+05 5.172440e+05 4.444600e+05 4.019091e+05 3.795427e+05 3.617597e+05 3.561104e+05 3.539670e+05 3.534345e+05 3.539484e+05 3.552175e+05 3.642422e+05 3.537745e+05 3.344254e+05 3.132265e+05
7.338524e+05 7.338524e+05 7.338524e+05 7.338525e+05 7.338528e+05 7.338620e+05 7.338899e+05 7.339942e+05 7.340673e+05 7.341524e+05 7.343541e+05 7.345903e+05 7.348393e+05 7.350463e+05 7.351077e+05 7.348620e+05 7.340887e+05 7.118427e+05 6.399614e+05 5.415837e+05 4.637063e+05 4.171592e+05 3.919890e+05 3.713086e+05 3.645643e+05 3.615629e+05 3.599407e+05 3.592122e+05 3.592055e+05 3.646666e+05 3.534611e+05 3.338223e+05 3.125406e+05
7.655683e+05 7.655683e+05 7.655683e+05 7.655683e+05 7.655683e+05 7.655697e+05 7.655753e+05 7.655996e+05 7.656199e+05 7.656470e+05 7.657238e+05 7.658301e+05 7.659488e+05 7.660273e+05 7.659611e+05 7.655854e+05 7.646736e+05 7.412843e+05 6.666788e+05 5.640780e+05 4.818748e+05 4.317279e+05 4.037859e+05 3.797164e+05 3.716061e+05 3.680493e+05 3.658886e+05 3.644243e+05 3.635440e+05 3.650206e+05 3.530898e+05 3.331765e+05 3.118241e+05
7.924185e+05 7.924185e+05 7.924185e+05 7.924185e+05 7.924188e+05 7.924257e+05 7.924467e+05 7.925265e+05 7.925834e+05 7.926508e+05 7.928134e+05 7.930045e+05 7.931995e+05 7.933391e+05 7.933136e+05 7.929534e+05 7.920272e+05 7.679036e+05 6.909404e+05 5.846319e+05 4.986473e+05 4.453279e+05 4.148531e+05 3.873242e+05 3.775203e+05 3.733628e+05 3.709528e+05 3.691653e+05 3.677864e+05 3.653076e+05 3.526571e+05 3.324864e+05 3.110762e+05
8.192061e+05 8.192061e+05 8.192061e+05 8.192061e+05 8.192060e+05 8.192031e+05 8.191938e+05 8.191656e+05 8.191520e+05 8.191414e+05 8.191329e+05 8.191425e+05 8.191546e+05 8.191157e+05 8.189180e+05 8.183906e+05 8.172979e+05 7.920745e+05 7.128348e+05 6.031301e+05 5.137603e+05 4.576592e+05 4.249713e+05 3.942495e+05 3.826087e+05 3.776813e+05 3.750751e+05 3.732111e+05 3.716430e+05 3.655383e+05 3.521603e+05 3.317506e+05 3.102965e+05
8.401256e+05 8.401256e+05 8.401256e+05 8.401256e+05 8.401258e+05 8.401308e+05 8.401461e+05 8.402033e+05 8.402437e+05 8.402911e+05 8.404042e+05 8.405339e+05 8.406561e+05 8.407110e+05 8.405861e+05 8.401068e+05 8.390341e+05 8.133330e+05 7.322108e+05 6.194617e+05 5.270581e+05 4.685284e+05 4.339583e+05 4.004899e+05 3.870820e+05 3.812538e+05 3.783740e+05 3.765148e+05 3.749549e+05 3.657324e+05 3.515972e+05 3.309678e+05 3.094843e+05
8.608949e+05 8.608949e+05 8.608949e+05 8.608948e+05 8.608947e+05 8.608908e+05 8.608798e+05 8.608471e+05 8.608287e+05 8.608107e+05 8.607797e+05 8.607564e+05 8.607253e+05 8.606320e+05 8.603667e+05 8.597544e+05 8.585533e+05 8.320477e+05 7.491576e+05 6.336480e+05 5.385276e+05 4.778867e+05 4.417426e+05 4.060267e+05 3.910679e+05 3.843050e+05 3.810441e+05 3.791563e+05 3.776832e+05 3.659204e+05 3.509670e+05 3.301369e+05 3.086392e+05
8.762974e+05 8.762974e+05 8.762974e+05 8.762974e+05 8.762975e+05 8.763012e+05 8.763121e+05 8.763521e+05 8.763797e+05 8.764118e+05 8.764874e+05 8.765719e+05 8.766422e+05 8.766393e+05 8.764499e+05 8.758966e+05 8.747355e+05 8.480108e+05 7.637455e+05 6.458179e+05 5.482903e+05 4.858230e+05 4.483745e+05 4.108806e+05 3.946505e+05 3.870066e+05 3.832832e+05 3.812792e+05 3.798783e+05 3.661486e+05 3.502697e+05 3.292571e+05 3.077609e+05
8.912090e+05 8.912090e+05 8.912090e+05 8.912090e+05 8.912091e+05 8.912101e+05 8.912121e+05 8.912180e+05 8.912215e+05 8.912255e+05 8.912355e+05 8.912465e+05 8.912416e+05 8.911661e+05 8.909092e+05 8.902939e+05 8.890743e+05 8.619241e+05 7.763874e+05 6.562772e+05 5.565976e+05 4.925402e+05 4.540059e+05 4.151266e+05 3.979022e+05 3.894821e+05 3.852564e+05 3.830398e+05 3.816401e+05 3.664957e+05 3.495070e+05 3.283279e+05 3.068491e+05
9.031444e+05 9.031444e+05 9.031444e+05 9.031444e+05 9.031445e+05 9.031467e+05 9.031534e+05 9.031799e+05 9.031994e+05 9.032227e+05 9.032785e+05 9.033408e+05 9.033877e+05 9.033614e+05 9.031486e+05 9.025707e+05 9.013798e+05 8.741058e+05 7.875055e+05 6.654157e+05 5.637824e+05 4.983134e+05 4.588545e+05 4.188826e+05 4.008966e+05 3.918189e+05 3.870863e+05 3.845749e+05 3.830833e+05 3.669613e+05 3.486821e+05 3.273493e+05 3.059037e+05
9.147016e+05 9.147016e+05 9.147016e+05 9.147016e+05 9.147016e+05 9.147026e+05 9.147053e+05 9.147161e+05 9.147242e+05 9.147341e+05 9.147598e+05 9.147912e+05 9.148103e+05 9.147610e+05 9.145310e+05 9.139407e+05 9.127398e+05 8.852734e+05 7.976541e+05 6.736818e+05 5.702122e+05 5.034439e+05 4.631622e+05 4.222866e+05 4.037077e+05 3.940784e+05 3.888544e+05 3.859880e+05 3.843116e+05 3.674578e+05 3.477998e+05 3.263214e+05 3.049246e+05
9.253508e+05 9.253508e+05 9.253508e+05 9.253508e+05 9.253508e+05 9.253528e+05 9.253588e+05 9.253830e+05 9.254009e+05 9.254225e+05 9.254755e+05 9.255369e+05 9.255863e+05 9.255660e+05 9.253624e+05 9.247948e+05 9.236114e+05 8.960059e+05 8.073581e+05 6.815067e+05 5.762356e+05 5.082149e+05 4.671564e+05 4.254715e+05 4.064013e+05 3.962996e+05 3.906070e+05 3.873460e+05 3.854048e+05 3.679217e+05 3.468668e+05 3.252449e+05 3.039120e+05
9.364666e+05 9.364666e+05 9.364666e+05 9.364666e+05 9.364666e+05 9.364680e+05 9.364722e+05 9.364890e+05 9.365016e+05 9.365170e+05 9.365558e+05 9.366024e+05 9.366381e+05 9.366064e+05 9.363940e+05 9.358192e+05 9.346279e+05 9.067936e+05 8.170354e+05 6.892377e+05 5.821349e+05 5.128542e+05 4.710201e+05 4.285437e+05 4.090256e+05 3.985003e+05 3.923607e+05 3.886821e+05 3.864143e+05 3.683004e+05 3.458923e+05 3.241210e+05 3.028661e+05
9.476928e+05 9.476928e+05 9.476928e+05 9.476928e+05 9.476929e+05 9.476954e+05 9.477031e+05 9.477327e+05 9.477539e+05 9.477788e+05 9.478385e+05 9.479064e+05 9.479623e+05 9.479485e+05 9.477505e+05 9.471856e+05 9.459973e+05 9.179151e+05 8.269491e+05 6.971002e+05 5.880948e+05 5.175112e+05 4.748717e+05 4.315693e+05 4.116034e+05 4.006772e+05 3.941077e+05 3.900012e+05 3.873641e+05 3.685497e+05 3.448881e+05 3.229515e+05 3.017875e+05
9.598641e+05 9.598641e+05 9.598641e+05 9.598641e+05 9.598641e+05 9.598653e+05 9.598690e+05 9.598830e+05 9.598932e+05 9.599055e+05 9.599365e+05 9.599737e+05 9.599989e+05 9.599557e+05 9.597298e+05 9.591372e+05 9.579192e+05 9.294655e+05 8.371809e+05 7.051763e+05 5.941901e+05 5.222477e+05 4.787593e+05 4.345686e+05 4.141289e+05 4.028063e+05 3.958204e+05 3.912857e+05 3.882546e+05 3.686335e+05 3.438702e+05 3.217384e+05 3.006766e+05
9.718684e+05 9.718684e+05 9.718684e+05 9.718684e+05 9.718685e+05 9.718708e+05 9.718780e+05 9.719050e+05 9.719241e+05 9.719466e+05 9.720006e+05 9.720619e+05 9.721099e+05 9.720863e+05 9.718750e+05 9.712903e+05 9.700708e+05 9.412975e+05 8.476540e+05 7.134264e+05 6.003983e+05 5.270464e+05 4.826658e+05 4.375187e+05 4.165693e+05 4.048462e+05 3.974560e+05 3.925017e+05 3.890680e+05 3.685238e+05 3.428640e+05 3.204845e+05 2.995344e+05
9.846753e+05 9.846753e+05 9.846753e+05 9.846753e+05 9.846753e+05 9.846758e+05 9.846773e+05 9.846830e+05 9.846875e+05 9.846933e+05 9.847089e+05 9.847278e+05 9.847317e+05 9.846639e+05 9.844091e+05 9.837804e+05 9.825143e+05 9.532769e+05 8.582093e+05 7.217220e+05 6.066205e+05 5.318266e+05 4.865211e+05 4.403615e+05 4.188699e+05 4.067420e+05 3.989617e+05 3.936047e+05 3.897741e+05 3.682013e+05 3.418839e+05 3.191933e+05 2.983618e+05
9.965759e+05 9.965759e+05 9.965759e+05 9.965760e+05 9.965760e+05 9.965779e+05 9.965835e+05 9.966053e+05 9.966208e+05 9.966389e+05 9.966816e+05 9.967279e+05 9.967569e+05 9.967097e+05 9.964691e+05 9.958467e+05 9.945763e+05 9.649979e+05 8.685639e+05 7.298572e+05 6.126997e+05 5.364612e+05 4.902182e+05 4.430148e+05 4.209618e+05 4.084311e+05 4.002800e+05 3.945449e+05 3.903354e+05 3.676541e+05 3.409008e+05 3.178687e+05 2.971599e+05
1.008644e+06 1.008644e+06 1.008644e+06 1.008644e+06 1.008644e+06 1.008645e+06 1.008645e+06 1.008647e+06 1.008648e+06 1.008650e+06 1.008653e+06 1.008655e+06 1.008637e+06 1.008540e+06 1.008250e+06 1.007578e+06 1.006254e+06 9.762046e+05 8.784285e+05 7.375910e+05 6.184473e+05 5.407990e+05 4.936312e+05 4.453855e+05 4.227708e+05 4.098495e+05 4.013534e+05 3.952722e+05 3.907119e+05 3.668775e+05 3.398934e+05 3.165155e+05 2.959302e+05
1.019012e+06 1.019012e+06 1.019012e+06 1.019012e+06 1.019012e+06 1.019013e+06 1.019016e+06 1.019028e+06 1.019036e+06 1.019046e+06 1.019067e+06 1.019087e+06 1.019084e+06 1.019001e+06 1.018718e+06 1.018047e+06 1.016717e+06 9.863866e+05 8.874574e+05 7.446750e+05 6.236746e+05 5.446892e+05 4.966355e+05 4.473826e+05 4.242258e+05 4.109376e+05 4.021293e+05 3.957401e+05 3.908651e+05 3.658727e+05 3.388455e+05 3.151391e+05 2.946743e+05
1.028492e+06 1.028492e+06 1.028492e+06 1.028492e+06 1.028492e+06 1.028492e+06 1.028491e+06 1.028487e+06 1.028484e+06 1.028481e+06 1.028475e+06 1.028466e+06 1.028436e+06 1.028327e+06 1.028023e+06 1.027331e+06 1.025982e+06 9.953978e+05 8.954690e+05 7.509362e+05 6.282314e+05 5.480047e+05 4.991236e+05 4.489269e+05 4.252654e+05 4.116446e+05 4.025631e+05 3.959088e+05 3.907609e+05 3.646460e+05 3.377434e+05 3.137463e+05 2.933940e+05
1.036370e+06 1.036370e+06 1.036370e+06 1.036370e+06 1.036370e+06 1.036371e+06 1.036373e+06 1.036380e+06 1.036385e+06 1.036390e+06 1.036402e+06 1.036412e+06 1.036400e+06 1.036306e+06 1.036013e+06 1.035329e+06 1.033982e+06 1.003220e+06 9.023972e+05 7.562724e+05 6.320112e+05 5.506499e+05 5.010126e+05 4.499570e+05 4.258427e+05 4.119321e+05 4.026209e+05 3.957476e+05 3.903720e+05 3.632074e+05 3.365757e+05 3.123451e+05 2.920913e+05
1.043453e+06 1.043453e+06 1.043453e+06 1.043453e+06 1.043453e+06 1.043453e+06 1.043453e+06 1.043451e+06 1.043449e+06 1.043447e+06 1.043441e+06 1.043429e+06 1.043393e+06 1.043274e+06 1.042955e+06 1.042244e+06 1.040869e+06 1.009842e+06 9.081645e+05 7.605921e+05 6.349318e+05 5.525556e+05 5.022453e+05 4.504321e+05 4.259270e+05 4.117751e+05 4.022805e+05 3.952354e+05 3.896790e+05 3.615694e+05 3.353329e+05 3.109467e+05 2.907684e+05
1.048831e+06 1.048831e+06 1.048831e+06 1.048831e+06 1.048831e+06 1.048831e+06 1.048831e+06 1.048830e+06 1.048828e+06 1.048827e+06 1.048821e+06 1.048809e+06 1.048771e+06 1.048648e+06 1.048323e+06 1.047603e+06 1.046214e+06 1.014989e+06 9.125931e+05 7.637873e+05 6.369267e+05 5.536774e+05 5.027889e+05 4.503319e+05 4.255043e+05 4.111630e+05 4.015320e+05 3.943618e+05 3.886710e+05 3.597465e+05 3.340076e+05 3.095636e+05 2.894280e+05
1.052650e+06 1.052650e+06 1.052650e+06 1.052650e+06 1.052650e+06 1.052649e+06 1.052645e+06 1.052631e+06 1.052621e+06 1.052609e+06 1.052579e+06 1.052540e+06 1.052474e+06 1.052322e+06 1.051969e+06 1.051223e+06 1.049809e+06 1.018423e+06 9.155188e+05 7.657708e+05 6.379539e+05 5.539950e+05 5.026338e+05 4.496552e+05 4.245767e+05 4.100982e+05 4.003767e+05 3.931263e+05 3.873455e+05 3.577540e+05 3.325942e+05 3.081857e+05 2.880727e+05
1.053886e+06 1.053886e+06 1.053886e+06 1.053886e+06 1.053886e+06 1.053886e+06 1.053887e+06 1.053891e+06 1.053892e+06 1.053894e+06 1.053895e+06 1.053889e+06 1.053856e+06 1.053738e+06 1.053417e+06 1.052701e+06 1.051317e+06 1.020018e+06 9.168916e+05 7.665222e+05 6.380092e+05 5.535141e+05 5.017912e+05 4.484174e+05 4.231595e+05 4.085949e+05 3.988262e+05 3.915371e+05 3.857078e+05 3.556077e+05 3.310893e+05 3.068041e+05 2.867057e+05
1.054115e+06 1.054115e+06 1.054115e+06 1.054115e+06 1.054115e+06 1.054114e+06 1.054112e+06 1.054104e+06 1.054097e+06 1.054090e+06 1.054072e+06 1.054046e+06 1.053995e+06 1.053860e+06 1.053526e+06 1.052800e+06 1.051410e+06 1.020111e+06 9.168592e+05 7.661048e+05 6.371302e+05 5.522665e+05 5.002919e+05 4.466478e+05 4.212798e+05 4.066770e+05 3.969010e+05 3.896106e+05 3.837700e+05 3.533232e+05 3.294909e+05 3.054123e+05 2.853302e+05
1.052822e+06 1.052822e+06 1.052822e+06 1.052822e+06 1.052822e+06 1.052821e+06 1.052819e+06 1.052810e+06 1.052803e+06 1.052795e+06 1.052773e+06 1.052741e+06 1.052680e+06 1.052534e+06 1.052186e+06 1.051447e+06 1.050044e+06 1.018728e+06 9.154707e+05 7.645744e+05 6.353714e+05 5.503032e+05 4.981829e+05 4.443875e+05 4.189740e+05 4.043764e+05 3.946281e+05 3.873691e+05 3.815498e+05 3.509160e+05 3.277991e+05 3.040054e+05 2.839502e+05
1.049638e+06 1.049638e+06 1.049638e+06 1.049638e+06 1.049638e+06 1.049638e+06 1.049635e+06 1.049624e+06 1.049616e+06 1.049606e+06 1.049581e+06 1.049545e+06 1.049481e+06 1.049332e+06 1.048985e+06 1.048251e+06 1.046858e+06 1.015696e+06 9.127090e+05 7.619861e+05 6.328025e+05 5.476901e+05 4.955239e+05 4.416861e+05 4.162847e+05 4.017302e+05 3.920397e+05 3.848397e+05 3.790694e+05 3.484008e+05 3.260154e+05 3.025793e+05 2.825701e+05
1.044581e+06 1.044581e+06 1.044581e+06 1.044581e+06 1.044581e+06 1.044581e+06 1.044582e+06 1.044585e+06 1.044586e+06 1.044587e+06 1.044588e+06 1.044583e+06 1.044553e+06 1.044442e+06 1.044134e+06 1.043442e+06 1.042096e+06 1.011270e+06 9.087775e+05 7.584821e+05 6.295254e+05 5.445068e+05 4.923819e+05 4.385974e+05 4.132580e+05 3.987788e+05 3.891709e+05 3.820525e+05 3.763539e+05 3.457917e+05 3.241426e+05 3.011304e+05 2.811957e+05
1.039286e+06 1.039286e+06 1.039286e+06 1.039286e+06 1.039286e+06 1.039285e+06 1.039283e+06 1.039275e+06 1.039270e+06 1.039264e+06 1.039249e+06 1.039229e+06 1.039184e+06 1.039059e+06 1.038741e+06 1.038044e+06 1.036699e+06 1.006036e+06 9.040089e+05 7.542462e+05 6.256535e+05 5.408359e+05 4.888251e+05 4.351760e+05 4.099412e+05 3.955639e+05 3.860584e+05 3.790393e+05 3.734305e+05 3.431018e+05 3.221851e+05 2.996560e+05 2.798347e+05
1.033194e+06 1.033194e+06 1.033194e+06 1.033194e+06 1.033194e+06 1.033193e+06 1.033191e+06 1.033184e+06 1.033178e+06 1.033171e+06 1.033152e+06 1.033124e+06 1.033070e+06 1.032934e+06 1.032605e+06 1.031898e+06 1.030548e+06 1.000019e+06 8.984906e+05 7.493743e+05 6.212715e+05 5.367502e+05 4.849174e+05 4.314750e+05 4.063807e+05 3.921266e+05 3.827388e+05 3.758323e+05 3.703270e+05 3.403437e+05 3.201479e+05 2.981538e+05 2.784848e+05
1.025876e+06 1.025876e+06 1.025876e+06 1.025876e+06 1.025876e+06 1.025875e+06 1.025874e+06 1.025867e+06 1.025863e+06 1.025857e+06 1.025843e+06 1.025821e+06 1.025774e+06 1.025648e+06 1.025331e+06 1.024640e+06 1.023312e+06 9.930601e+05 8.922038e+05 7.439156e+05 6.164455e+05 5.323142e+05 4.807181e+05 4.275449e+05 4.026208e+05 3.885066e+05 3.792477e+05 3.724633e+05 3.670711e+05 3.375291e+05 3.180372e+05 2.966221e+05 2.771406e+05
1.017780e+06 1.017780e+06 1.017780e+06 1.017780e+06 1.017780e+06 1.017779e+06 1.017778e+06 1.017774e+06 1.017770e+06 1.017766e+06 1.017755e+06 1.017738e+06 1.017697e+06 1.017579e+06 1.017273e+06 1.016598e+06 1.015293e+06 9.853572e+05 8.852798e+05 7.379646e+05 6.112503e+05 5.275912e+05 4.762831e+05 4.234324e+05 3.987028e+05 3.847411e+05 3.756187e+05 3.689624e+05 3.636899e+05 3.346686e+05 3.158595e+05 2.950596e+05 2.757991e+05
1.009229e+06 1.009229e+06 1.009229e+06 1.009229e+06 1.009229e+06 1.009228e+06 1.009228e+06 1.009225e+06 1.009223e+06 1.009221e+06 1.009214e+06 1.009202e+06 1.009167e+06 1.009055e+06 1.008757e+06 1.008096e+06 1.006809e+06 9.771692e+05 8.778962e+05 7.316352e+05 6.057646e+05 5.226427e+05 4.716646e+05 4.191803e+05 3.946642e+05 3.808640e+05 3.718830e+05 3.653580e+05 3.602086e+05 3.317723e+05 3.136219e+05 2.934656e+05 2.744577e+05
1.000460e+06 1.000460e+06 1.000460e+06 1.000460e+06 1.000460e+06 1.000460e+06 1.000459e+06 1.000453e+06 1.000449e+06 1.000445e+06 1.000432e+06 1.000413e+06 1.000371e+06 1.000252e+06 9.999501e+05 9.992878e+05 9.980080e+05 9.686180e+05 8.701561e+05 7.250109e+05 6.000549e+05 5.175232e+05 4.669094e+05 4.148269e+05 3.905390e+05 3.769063e+05 3.680688e+05 3.616760e+05 3.566509e+05 3.288494e+05 3.113316e+05 2.918400e+05 2.731143e+05
9.911743e+05 9.911743e+05 9.911743e+05 9.911743e+05 9.911743e+05 9.911739e+05 9.911729e+05 9.911688e+05 9.911655e+05 9.911614e+05 9.911505e+05 9.911332e+05 9.910923e+05 9.909761e+05 9.906787e+05 9.900247e+05 9.887597e+05 9.596658e+05 8.620849e+05 7.181421e+05 5.941727e+05 5.122785e+05 4.620581e+05 4.104056e+05 3.863564e+05 3.728948e+05 3.642012e+05 3.579400e+05 3.530386e+05 3.259083e+05 3.089960e+05 2.901829e+05 2.717674e+05
9.814495e+05 9.814495e+05 9.814495e+05 9.814495e+05 9.814495e+05 9.814492e+05 9.814482e+05 9.814444e+05 9.814417e+05 9.814386e+05 9.814307e+05 9.814179e+05 9.813832e+05 9.812754e+05 9.809898e+05 9.803526e+05 9.791119e+05 9.503719e+05 8.537472e+05 7.110862e+05 5.881652e+05 5.069481e+05 4.571446e+05 4.059446e+05 3.821419e+05 3.688531e+05 3.603024e+05 3.541706e+05 3.493908e+05 3.229567e+05 3.066225e+05 2.884948e+05 2.704153e+05
9.716023e+05 9.716023e+05 9.716023e+05 9.716023e+05 9.716023e+05 9.716022e+05 9.716021e+05 9.716014e+05 9.716008e+05 9.716000e+05 9.715975e+05 9.715909e+05 9.715631e+05 9.714633e+05 9.711879e+05 9.705650e+05 9.693455e+05 9.409400e+05 8.452698e+05 7.039175e+05 5.820798e+05 5.015666e+05 4.521974e+05 4.014672e+05 3.779167e+05 3.648012e+05 3.563916e+05 3.503862e+05 3.457248e+05 3.200018e+05 3.042181e+05 2.867769e+05 2.690571e+05
9.619143e+05 9.619143e+05 9.619143e+05 9.619143e+05 9.619143e+05 9.619140e+05 9.619130e+05 9.619091e+05 9.619061e+05 9.619024e+05 9.618928e+05 9.618778e+05 9.618411e+05 9.617329e+05 9.614512e+05 9.608265e+05 9.596123e+05 9.314750e+05 8.367265e+05 6.966871e+05 5.759527e+05 4.961620e+05 4.472402e+05 3.969930e+05 3.736987e+05 3.607562e+05 3.524849e+05 3.466023e+05 3.420557e+05 3.170497e+05 3.017897e+05 2.850304e+05 2.676915e+05
9.519754e+05 9.519754e+05 9.519754e+05 9.519754e+05 9.519754e+05 9.519752e+05 9.519747e+05 9.519724e+05 9.519705e+05 9.519680e+05 9.519614e+05 9.519495e+05 9.519162e+05 9.518123e+05 9.515366e+05 9.509217e+05 9.497238e+05 9.218992e+05 8.281078e+05 6.894133e+05 5.698071e+05 4.907560e+05 4.422923e+05 3.925383e+05 3.695029e+05 3.567323e+05 3.485963e+05 3.428325e+05 3.383963e+05 3.141063e+05 2.993439e+05 2.832570e+05 2.663178e+05
9.419233e+05 9.419233e+05 9.419233e+05 9.419233e+05 9.419233e+05 9.419231e+05 9.419226e+05 9.419203e+05 9.419186e+05 9.419165e+05 9.419112e+05 9.419017e+05 9.418720e+05 9.417734e+05 9.415060e+05 9.409042e+05 9.397268e+05 9.122436e+05 8.194424e+05 6.821219e+05 5.636652e+05 4.853673e+05 4.373700e+05 3.881169e+05 3.653416e+05 3.527413e+05 3.447373e+05 3.390880e+05 3.347578e+05 3.111766e+05 2.968867e+05 2.814587e+05 2.649353e+05
9.319304e+05 9.319304e+05 9.319304e+05 9.319304e+05 9.319304e+05 9.319303e+05 9.319302e+05 9.319295e+05 9.319289e+05 9.319282e+05 9.319261e+05 9.319203e+05 9.318949e+05 9.318016e+05 9.315418e+05 9.309515e+05 9.297923e+05 9.026324e+05 8.108038e+05 6.748530e+05 5.575511e+05 4.800131e+05 4.324874e+05 3.837399e+05 3.612252e+05 3.487929e+05 3.409174e+05 3.353782e+05 3.311493e+05 3.082652e+05 2.944239e+05 2.796375e+05 2.635434e+05
9.221624e+05 9.221624e+05 9.221624e+05 9.221624e+05 9.221624e+05 9.221622e+05 9.221615e+05 9.221586e+05 9.221565e+05 9.221539e+05 9.221474e+05 9.221366e+05 9.221058e+05 9.220077e+05 9.217450e+05 9.211558e+05 9.200046e+05 8.931206e+05 8.022298e+05 6.676329e+05 5.514836e+05 4.747080e+05 4.276562e+05 3.794167e+05 3.571618e+05 3.448949e+05 3.371442e+05 3.317108e+05 3.275786e+05 3.053760e+05 2.919608e+05 2.777957e+05 2.621420e+05
9.123568e+05 9.123568e+05 9.123568e+05 9.123568e+05 9.123568e+05 9.123565e+05 9.123558e+05 9.123528e+05 9.123507e+05 9.123481e+05 9.123416e+05 9.123310e+05 9.123007e+05 9.122042e+05 9.119451e+05 9.113636e+05 9.102268e+05 8.836450e+05 7.937063e+05 6.604689e+05 5.454747e+05 4.694629e+05 4.228862e+05 3.751547e+05 3.531578e+05 3.410536e+05 3.334238e+05 3.280920e+05 3.240520e+05 3.025126e+05 2.895020e+05 2.759359e+05 2.607307e+05
9.025296e+05 9.025296e+05 9.025296e+05 9.025296e+05 9.025296e+05 9.025296e+05 9.025295e+05 9.025291e+05 9.025288e+05 9.025284e+05 9.025270e+05 9.025224e+05 9.024990e+05 9.024106e+05 9.021619e+05 9.015946e+05 9.004784e+05 8.742237e+05 7.852489e+05 6.533739e+05 5.395350e+05 4.642867e+05 4.181845e+05 3.709595e+05 3.492181e+05 3.372733e+05 3.297610e+05 3.245266e+05 3.205744e+05 2.996780e+05 2.870519e+05 2.740605e+05 2.593096e+05
8.929700e+05 8.929700e+05 8.929700e+05 8.929700e+05 8.929700e+05 8.929699e+05 8.929694e+05 8.929677e+05 8.929663e+05 8.929648e+05 8.929607e+05 8.929530e+05 8.929266e+05 8.928358e+05 8.925867e+05 8.920231e+05 8.909170e+05 8.649428e+05 7.768974e+05 6.463655e+05 5.336737e+05 4.591857e+05 4.135562e+05 3.668347e+05 3.453460e+05 3.335575e+05 3.261590e+05 3.210183e+05 3.171497e+05 2.968748e+05 2.846144e+05 2.721721e+05 2.578787e+05
8.835115e+05 8.835115e+05 8.835115e+05 8.835115e+05 8.835115e+05 8.835113e+05 8.835109e+05 8.835089e+05 8.835075e+05 8.835057e+05 8.835009e+05 8.834922e+05 8.834645e+05 8.833730e+05 8.831248e+05 8.825655e+05 8.814700e+05 8.557706e+05 7.686429e+05 6.394445e+05 5.278941e+05 4.541632e+05 4.090041e+05 3.627828e+05 3.415437e+05 3.299084e+05 3.226204e+05 3.175697e+05 3.137810e+05 2.941053e+05 2.821930e+05 2.702733e+05 2.564383e+05
8.740750e+05 8.740750e+05 8.740750e+05 8.740750e+05 8.740750e+05 8.740749e+05 8.740745e+05 8.740729e+05 8.740716e+05 8.740701e+05 8.740660e+05 8.740581e+05 8.740317e+05 8.739422e+05 8.736980e+05 8.731465e+05 8.720650e+05 8.466594e+05 7.604643e+05 6.326055e+05 5.221965e+05 4.492204e+05 4.045296e+05 3.588048e+05 3.378123e+05 3.263273e+05 3.191468e+05 3.141828e+05 3.104705e+05 2.913712e+05 2.797906e+05 2.683667e+05 2.549886e+05
8.646939e+05 8.646939e+05 8.646939e+05 8.646939e+05 8.646939e+05 8.646937e+05 8.646934e+05 8.646921e+05 8.646912e+05 8.646902e+05 8.646875e+05 8.646816e+05 8.646579e+05 8.645725e+05 8.643348e+05 8.637939e+05 8.627295e+05 8.376322e+05 7.523767e+05 6.258559e+05 5.165839e+05 4.443589e+05 4.001334e+05 3.549011e+05 3.341523e+05 3.228150e+05 3.157393e+05 3.108590e+05 3.072198e+05 2.886742e+05 2.774098e+05 2.664548e+05 2.535303e+05
8.554850e+05 8.554850e+05 8.554850e+05 8.554850e+05 8.554850e+05 8.554850e+05 8.554850e+05 8.554851e+05 8.554851e+05 8.554851e+05 8.554849e+05 8.554819e+05 8.554618e+05 8.553809e+05 8.551496e+05 8.546186e+05 8.535702e+05 8.287660e+05 7.444223e+05 6.192136e+05 5.110628e+05 4.395807e+05 3.958161e+05 3.510719e+05 3.305641e+05 3.193721e+05 3.123985e+05 3.075992e+05 3.040300e+05 2.860155e+05 2.750530e+05 2.645401e+05 2.520637e+05
8.465879e+05 8.465879e+05 8.465879e+05 8.465879e+05 8.465879e+05 8.465878e+05 8.465873e+05 8.465853e+05 8.465839e+05 8.465822e+05 8.465780e+05 8.465703e+05 8.465451e+05 8.464595e+05 8.462250e+05 8.456943e+05 8.446521e+05 8.200934e+05 7.366177e+05 6.126874e+05 5.056378e+05 4.348883e+05 3.915793e+05 3.473178e+05 3.270480e+05 3.159987e+05 3.091249e+05 3.044039e+05 3.009019e+05 2.833960e+05 2.727221e+05 2.626250e+05 2.505897e+05
8.377481e+05 8.377481e+05 8.377481e+05 8.377481e+05 8.377481e+05 8.377479e+05 8.377474e+05 8.377454e+05 8.377438e+05 8.377419e+05 8.377370e+05 8.377284e+05 8.377024e+05 8.376167e+05 8.373839e+05 8.368585e+05 8.358276e+05 8.115360e+05 7.289340e+05 6.062721e+05 5.003107e+05 4.302841e+05 3.874247e+05 3.436397e+05 3.236044e+05 3.126952e+05 3.059187e+05 3.012735e+05 2.978360e+05 2.808165e+05 2.704186e+05 2.607118e+05 2.491088e+05
8.289134e+05 8.289134e+05 8.289134e+05 8.289134e+05 8.289134e+05 8.289135e+05 8.289137e+05 8.289145e+05 8.289150e+05 8.289157e+05 8.289170e+05 8.289160e+05 8.288985e+05 8.288227e+05 8.286019e+05 8.280919e+05 8.270821e+05 8.030961e+05 7.213793e+05 5.999750e+05 4.950862e+05 4.257713e+05 3.833543e+05 3.400383e+05 3.202336e+05 3.094617e+05 3.027799e+05 2.982080e+05 2.948323e+05 2.782776e+05 2.681438e+05 2.588026e+05 2.476220e+05
8.204379e+05 8.204379e+05 8.204379e+05 8.204379e+05 8.204379e+05 8.204380e+05 8.204382e+05 8.204390e+05 8.204395e+05 8.204401e+05 8.204412e+05 8.204397e+05 8.204220e+05 8.203465e+05 8.201277e+05 8.196230e+05 8.186240e+05 7.948908e+05 7.140057e+05 5.938148e+05 4.899710e+05 4.213526e+05 3.793697e+05 3.365142e+05 3.169358e+05 3.062981e+05 2.997085e+05 2.952073e+05 2.918909e+05 2.757794e+05 2.658988e+05 2.568994e+05 2.461300e+05
8.122782e+05 8.122782e+05 8.122782e+05 8.122782e+05 8.122782e+05 8.122781e+05 8.122776e+05 8.122759e+05 8.122746e+05 8.122730e+05 8.122688e+05 8.122611e+05 8.122365e+05 8.121543e+05 8.119301e+05 8.114230e+05 8.104269e+05 7.869045e+05 7.068057e+05 5.877891e+05 4.849648e+05 4.170283e+05 3.754711e+05 3.330675e+05 3.137108e+05 3.032041e+05 2.967038e+05 2.922710e+05 2.890114e+05 2.733222e+05 2.636845e+05 2.550041e+05 2.446338e+05
8.041132e+05 8.041132e+05 8.041132e+05 8.041132e+05 8.041132e+05 8.041131e+05 8.041126e+05 8.041110e+05 8.041098e+05 8.041084e+05 8.041050e+05 8.040986e+05 8.040758e+05 8.039963e+05 8.037763e+05 8.032767e+05 8.022932e+05 7.790221e+05 6.997265e+05 5.818791e+05 4.800618e+05 4.127968e+05 3.716580e+05 3.296978e+05 3.105579e+05 3.001789e+05 2.937654e+05 2.893983e+05 2.861931e+05 2.709059e+05 2.615014e+05 2.531184e+05 2.431343e+05
7.960205e+05 7.960205e+05 7.960205e+05 7.960205e+05 7.960205e+05 7.960206e+05 7.960206e+05 7.960209e+05 7.960211e+05 7.960213e+05 7.960216e+05 7.960197e+05 7.960021e+05 7.959288e+05 7.957169e+05 7.952286e+05 7.942616e+05 7.712580e+05 6.927698e+05 5.760826e+05 4.752600e+05 4.086565e+05 3.679291e+05 3.264041e+05 3.074763e+05 2.972217e+05 2.908921e+05 2.865883e+05 2.834352e+05 2.685304e+05 2.593499e+05 2.512441e+05 2.416324e+05
7.882164e+05 7.882164e+05 7.882164e+05 7.882164e+05 7.882164e+05 7.882164e+05 7.882165e+05 7.882165e+05 7.882165e+05 7.882164e+05 7.882158e+05 7.882125e+05 7.881935e+05 7.881192e+05 7.879077e+05 7.874227e+05 7.864641e+05 7.636871e+05 6.859668e+05 5.704081e+05 4.705599e+05 4.046059e+05 3.642828e+05 3.231848e+05 3.044645e+05 2.943310e+05 2.880828e+05 2.838400e+05 2.807367e+05 2.661954e+05 2.572304e+05 2.493824e+05 2.401292e+05
7.806045e+05 7.806045e+05 7.806045e+05 7.806045e+05 7.806045e+05 7.806044e+05 7.806041e+05 7.806030e+05 7.806022e+05 7.806012e+05 7.805984e+05 7.805925e+05 7.805708e+05 7.804940e+05 7.802814e+05 7.797979e+05 7.788457e+05 7.562809e+05 6.793055e+05 5.648509e+05 4.659588e+05 4.006431e+05 3.607171e+05 3.200381e+05 3.015208e+05 2.915052e+05 2.853359e+05 2.811519e+05 2.780964e+05 2.639005e+05 2.551428e+05 2.475348e+05 2.386256e+05
7.730393e+05 7.730393e+05 7.730393e+05 7.730393e+05 7.730393e+05 7.730393e+05 7.730390e+05 7.730380e+05 7.730374e+05 7.730367e+05 7.730348e+05 7.730303e+05 7.730104e+05 7.729364e+05 7.727282e+05 7.722521e+05 7.713122e+05 7.489841e+05 6.727613e+05 5.594022e+05 4.614535e+05 3.967657e+05 3.572300e+05 3.169620e+05 2.986433e+05 2.887426e+05 2.826499e+05 2.785225e+05 2.755129e+05 2.616453e+05 2.530871e+05 2.457023e+05 2.371225e+05
7.656028e+05 7.656028e+05 7.656028e+05 7.656028e+05 7.656028e+05 7.656028e+05 7.656029e+05 7.656032e+05 7.656033e+05 7.656035e+05 7.656039e+05 7.656021e+05 7.655854e+05 7.655154e+05 7.653129e+05 7.648454e+05 7.639189e+05 7.418290e+05 6.663490e+05 5.540669e+05 4.570443e+05 3.929727e+05 3.538197e+05 3.139545e+05 2.958298e+05 2.860413e+05 2.800228e+05 2.759503e+05 2.729846e+05 2.594290e+05 2.510633e+05 2.438860e+05 2.356210e+05
7.584252e+05 7.584252e+05 7.584252e+05 7.584252e+05 7.584252e+05 7.584252e+05 7.584253e+05 7.584255e+05 7.584255e+05 7.584255e+05 7.584252e+05 7.584224e+05 7.584047e+05 7.583340e+05 7.581319e+05 7.576675e+05 7.567485e+05 7.348649e+05 6.600909e+05 5.488519e+05 4.527322e+05 3.892629e+05 3.504844e+05 3.110133e+05 2.930785e+05 2.833993e+05 2.774530e+05 2.734334e+05 2.705101e+05 2.572513e+05 2.490710e+05 2.420869e+05 2.341220e+05
7.514292e+05 7.514292e+05 7.514292e+05 7.514292e+05 7.514292e+05 7.514291e+05 7.514289e+05 7.514280e+05 7.514274e+05 7.514265e+05 7.514243e+05 7.514193e+05 7.513991e+05 7.513263e+05 7.511233e+05 7.506604e+05 7.497475e+05 7.280591e+05 6.539711e+05 5.437506e+05 4.485138e+05 3.856339e+05 3.472218e+05 3.081364e+05 2.903871e+05 2.808145e+05 2.749385e+05 2.709703e+05 2.680877e+05 2.551112e+05 2.471099e+05 2.403056e+05 2.326264e+05
7.444887e+05 7.444887e+05 7.444887e+05 7.444887e+05 7.444887e+05 7.444886e+05 7.444884e+05 7.444876e+05 7.444869e+05 7.444862e+05 7.444844e+05 7.444802e+05 7.444612e+05 7.443904e+05 7.441910e+05 7.437344e+05 7.428323e+05 7.213604e+05 6.479647e+05 5.387528e+05 4.443844e+05 3.820825e+05 3.440294e+05 3.053214e+05 2.877536e+05 2.782852e+05 2.724775e+05 2.685591e+05 2.657159e+05 2.530081e+05 2.451797e+05 2.385429e+05 2.311351e+05
7.376582e+05 7.376582e+05 7.376582e+05 7.376582e+05 7.376582e+05 7.376582e+05 7.376583e+05 7.376587e+05 7.376590e+05 7.376593e+05 7.376600e+05 7.376587e+05 7.376433e+05 7.375768e+05 7.373831e+05 7.369349e+05 7.360457e+05 7.147949e+05 6.420827e+05 5.338602e+05 4.403423e+05 3.786062e+05 3.409045e+05 3.025661e+05 2.851759e+05 2.758093e+05 2.700684e+05 2.661983e+05 2.633931e+05 2.509412e+05 2.432798e+05 2.367994e+05 2.296489e+05
7.310773e+05 7.310773e+05 7.310773e+05 7.310773e+05 7.310773e+05 7.310774e+05 7.310775e+05 7.310779e+05 7.310781e+05 7.310784e+05 7.310790e+05 7.310774e+05 7.310615e+05 7.309950e+05 7.308024e+05 7.303576e+05 7.294757e+05 7.084143e+05 6.363466e+05 5.290775e+05 4.363864e+05 3.752027e+05 3.378449e+05 2.998686e+05 2.826523e+05 2.733852e+05 2.677092e+05 2.638861e+05 2.611177e+05 2.489097e+05 2.414098e+05 2.350754e+05 2.281686e+05
7.247028e+05 7.247028e+05 7.247028e+05 7.247028e+05 7.247028e+05 7.247027e+05 7.247025e+05 7.247015e+05 7.247007e+05 7.246997e+05 7.246972e+05 7.246920e+05 7.246722e+05 7.246020e+05 7.244065e+05 7.239612e+05 7.230828e+05 7.021884e+05 6.307374e+05 5.243950e+05 4.325118e+05 3.718691e+05 3.348484e+05 2.972269e+05 2.801810e+05 2.710112e+05 2.653986e+05 2.616210e+05 2.588881e+05 2.469127e+05 2.395691e+05 2.333713e+05 2.266951e+05
7.183503e+05 7.183503e+05 7.183503e+05 7.183503e+05 7.183503e+05 7.183502e+05 7.183500e+05 7.183489e+05 7.183482e+05 7.183472e+05 7.183446e+05 7.183393e+05 7.183195e+05 7.182497e+05 7.180558e+05 7.176144e+05 7.167439e+05 6.960370e+05 6.252130e+05 5.197947e+05 4.287111e+05 3.686019e+05 3.319127e+05 2.946396e+05 2.777604e+05 2.686857e+05 2.631348e+05 2.594015e+05 2.567030e+05 2.449494e+05 2.377571e+05 2.316874e+05 2.252291e+05
7.120078e+05 7.120078e+05 7.120078e+05 7.120078e+05 7.120078e+05 7.120078e+05 7.120079e+05 7.120081e+05 7.120083e+05 7.120085e+05 7.120087e+05 7.120068e+05 7.119909e+05 7.119258e+05 7.117380e+05 7.113052e+05 7.104474e+05 6.899503e+05 6.197666e+05 5.152722e+05 4.249815e+05 3.653988e+05 3.290359e+05 2.921048e+05 2.753889e+05 2.664071e+05 2.609163e+05 2.572260e+05 2.545607e+05 2.430188e+05 2.359732e+05 2.300239e+05 2.237712e+05
7.058353e+05 7.058353e+05 7.058353e+05 7.058353e+05 7.058353e+05 7.058353e+05 7.058354e+05 7.058357e+05 7.058359e+05 7.058361e+05 7.058365e+05 7.058350e+05 7.058201e+05 7.057565e+05 7.055719e+05 7.051446e+05 7.042965e+05 6.839931e+05 6.144291e+05 5.108379e+05 4.213247e+05 3.622590e+05 3.262165e+05 2.896209e+05 2.730651e+05 2.641739e+05 2.587417e+05 2.550930e+05 2.524598e+05 2.411202e+05 2.342167e+05 2.283809e+05 2.223221e+05
6.998693e+05 6.998693e+05 6.998693e+05 6.998693e+05 6.998693e+05 6.998693e+05 6.998692e+05 6.998689e+05 6.998687e+05 6.998685e+05 6.998679e+05 6.998651e+05 6.998486e+05 6.997839e+05 6.995990e+05 6.991736e+05 6.983310e+05 6.781947e+05 6.092164e+05 5.064974e+05 4.177416e+05 3.591815e+05 3.234531e+05 2.871865e+05 2.707872e+05 2.619845e+05 2.566092e+05 2.530010e+05 2.503988e+05 2.392526e+05 2.324871e+05 2.267585e+05 2.208823e+05
6.940267e+05 6.940267e+05 6.940267e+05 6.940267e+05 6.940267e+05 6.940266e+05 6.940265e+05 6.940259e+05 6.940255e+05 6.940250e+05 6.940235e+05 6.940196e+05 6.940020e+05 6.939363e+05 6.937513e+05 6.933277e+05 6.924906e+05 6.725168e+05 6.041093e+05 5.022428e+05 4.142288e+05 3.561645e+05 3.207441e+05 2.847999e+05 2.685537e+05 2.598374e+05 2.545175e+05 2.509485e+05 2.483764e+05 2.374151e+05 2.307837e+05 2.251566e+05 2.194525e+05
6.882383e+05 6.882383e+05 6.882383e+05 6.882383e+05 6.882383e+05 6.882382e+05 6.882381e+05 6.882375e+05 6.882371e+05 6.882366e+05 6.882352e+05 6.882315e+05 6.882142e+05 6.881494e+05 6.879664e+05 6.875470e+05 6.867177e+05 6.669170e+05 5.990835e+05 4.980633e+05 4.107818e+05 3.532057e+05 3.180878e+05 2.824596e+05 2.663630e+05 2.577308e+05 2.524649e+05 2.489339e+05 2.463908e+05 2.356070e+05 2.291058e+05 2.235753e+05 2.180331e+05
