7.118790e+06 3.500643e+06 2.616338e+06 1.509694e+06 1.294221e+06 9.109520e+05 4.343795e+05 1.830662e+05 1.391704e+05 1.119043e+05 8.088637e+04 6.436824e+04 5.441919e+04 4.791215e+04 4.340553e+04 4.015561e+04 3.774453e+04 3.201431e+04 3.086369e+04 3.161047e+04 3.339488e+04 3.582239e+04 3.866559e+04 4.503943e+04 5.174873e+04 5.839322e+04 6.480266e+04 7.096473e+04 7.697195e+04 1.624254e+05 3.192621e+05 4.871866e+05 6.216448e+05
8.584084e+05 8.583780e+05 8.582826e+05 8.558273e+05 8.501165e+05 6.041234e+05 2.923431e+05 1.473927e+05 1.174757e+05 9.753618e+04 7.340904e+04 5.986003e+04 5.143598e+04 4.580956e+04 4.185567e+04 3.897501e+04 3.682289e+04 3.169047e+04 3.075018e+04 3.160034e+04 3.344587e+04 3.591348e+04 3.878450e+04 4.519215e+04 5.191766e+04 5.856799e+04 6.497724e+04 7.113609e+04 7.713924e+04 1.626620e+05 3.196552e+05 4.876321e+05 6.220507e+05
4.331851e+05 4.331841e+05 4.331811e+05 4.330888e+05 4.328298e+05 3.345157e+05 1.828376e+05 1.130213e+05 9.481102e+04 8.189893e+04 6.511281e+04 5.487517e+04 4.816447e+04 4.352408e+04 4.018503e+04 3.771214e+04 3.584394e+04 3.135698e+04 3.063831e+04 3.159552e+04 3.350343e+04 3.601148e+04 3.891026e+04 4.535105e+04 5.209192e+04 5.874729e+04 6.515563e+04 7.131066e+04 7.730927e+04 1.629010e+05 3.200511e+05 4.880796e+05 6.224581e+05
2.713554e+05 2.713554e+05 2.713553e+05 2.713518e+05 2.713362e+05 2.154172e+05 1.259282e+05 8.761040e+04 7.732694e+04 6.906734e+04 5.735271e+04 4.992625e+04 4.483843e+04 4.117652e+04 3.846204e+04 3.640859e+04 3.483444e+04 3.101905e+04 3.052991e+04 3.159687e+04 3.356808e+04 3.611675e+04 3.904309e+04 4.551627e+04 5.227161e+04 5.893114e+04 6.533784e+04 7.148846e+04 7.748206e+04 1.631422e+05 3.204495e+05 4.885293e+05 6.228668e+05
1.984253e+05 1.984253e+05 1.984253e+05 1.984244e+05 1.984201e+05 1.585888e+05 9.565978e+04 6.995228e+04 6.384769e+04 5.891532e+04 5.112558e+04 4.559106e+04 4.171746e+04 3.890018e+04 3.676173e+04 3.510966e+04 3.382332e+04 3.068210e+04 3.042680e+04 3.160528e+04 3.364033e+04 3.622960e+04 3.918325e+04 4.568795e+04 5.245679e+04 5.911961e+04 6.552390e+04 7.166949e+04 7.765761e+04 1.633857e+05 3.208507e+05 4.889812e+05 6.232769e+05
1.583978e+05 1.583978e+05 1.583978e+05 1.583976e+05 1.583964e+05 1.267420e+05 7.751758e+04 5.843488e+04 5.416584e+04 5.097034e+04 4.598671e+04 4.207271e+04 3.907661e+04 3.683963e+04 3.516425e+04 3.386351e+04 3.284117e+04 3.035175e+04 3.033085e+04 3.162161e+04 3.372069e+04 3.635038e+04 3.933094e+04 4.586619e+04 5.264754e+04 5.931273e+04 6.571384e+04 7.185377e+04 7.783593e+04 1.636314e+05 3.212545e+05 4.894351e+05 6.236883e+05
1.336232e+05 1.336232e+05 1.336232e+05 1.336233e+05 1.336229e+05 1.068434e+05 6.578780e+04 5.071528e+04 4.743501e+04 4.508319e+04 4.172879e+04 3.909507e+04 3.689588e+04 3.513095e+04 3.376174e+04 3.272250e+04 3.192087e+04 3.003379e+04 3.024392e+04 3.164672e+04 3.380962e+04 3.647938e+04 3.948640e+04 4.605112e+04 5.284391e+04 5.951053e+04 6.590767e+04 7.204131e+04 7.801703e+04 1.638796e+05 3.216611e+05 4.898912e+05 6.241011e+05
1.170198e+05 1.170198e+05 1.170198e+05 1.170199e+05 1.170199e+05 9.344461e+04 5.774589e+04 4.528977e+04 4.266531e+04 4.079865e+04 3.831852e+04 3.654689e+04 3.502108e+04 3.369917e+04 3.260994e+04 3.175094e+04 3.109985e+04 2.973438e+04 3.016790e+04 3.168143e+04 3.390760e+04 3.661689e+04 3.964981e+04 4.624284e+04 5.304596e+04 5.971304e+04 6.610540e+04 7.223212e+04 7.820090e+04 1.641300e+05 3.220703e+05 4.903494e+05 6.245153e+05
1.052572e+05 1.052572e+05 1.052572e+05 1.052573e+05 1.052576e+05 8.392109e+04 5.196445e+04 4.131718e+04 3.916828e+04 3.763903e+04 3.566370e+04 3.440859e+04 3.338652e+04 3.245803e+04 3.163834e+04 3.095744e+04 3.042334e+04 2.946030e+04 3.010478e+04 3.172658e+04 3.401506e+04 3.676320e+04 3.982135e+04 4.644144e+04 5.325374e+04 5.992029e+04 6.630705e+04 7.242619e+04 7.838755e+04 1.643828e+05 3.224823e+05 4.908097e+05 6.249309e+05
9.658703e+04 9.658703e+04 9.658704e+04 9.658718e+04 9.658749e+04 7.688192e+04 4.765468e+04 3.831685e+04 3.652403e+04 3.525362e+04 3.361812e+04 3.266253e+04 3.197686e+04 3.136592e+04 3.079501e+04 3.028978e+04 2.987551e+04 2.921926e+04 3.005668e+04 3.178304e+04 3.413246e+04 3.691857e+04 4.000122e+04 4.664701e+04 5.346730e+04 6.013230e+04 6.651263e+04 7.262353e+04 7.857697e+04 1.646380e+05 3.228970e+05 4.912722e+05 6.253478e+05
9.001528e+04 9.001528e+04 9.001529e+04 9.001543e+04 9.001578e+04 7.153125e+04 4.435413e+04 3.599855e+04 3.447742e+04 3.341240e+04 3.203813e+04 3.126665e+04 3.078955e+04 3.041049e+04 3.005208e+04 2.971405e+04 2.942056e+04 2.902046e+04 3.002600e+04 3.185171e+04 3.426024e+04 3.708325e+04 4.018957e+04 4.685963e+04 5.368668e+04 6.034908e+04 6.672214e+04 7.282415e+04 7.876917e+04 1.648955e+05 3.233145e+05 4.917368e+05 6.257661e+05
6.800382e+04 6.800382e+04 6.800382e+04 6.800393e+04 6.800423e+04 5.326829e+04 3.275742e+04 2.798103e+04 2.749915e+04 2.726749e+04 2.709577e+04 2.707243e+04 2.711388e+04 2.720894e+04 2.736247e+04 2.757517e+04 2.783934e+04 2.949558e+04 3.131291e+04 3.352726e+04 3.623942e+04 3.930667e+04 4.257491e+04 4.938637e+04 5.620498e+04 6.278059e+04 6.903264e+04 7.500861e+04 8.084212e+04 1.676046e+05 3.276430e+05 4.965024e+05 6.300248e+05
6.931648e+04 6.931648e+04 6.931648e+04 6.931656e+04 6.931676e+04 5.392221e+04 3.304320e+04 2.895541e+04 2.878931e+04 2.882340e+04 2.906106e+04 2.933784e+04 2.960597e+04 2.986286e+04 3.011534e+04 3.037310e+04 3.064625e+04 3.244170e+04 3.482786e+04 3.739894e+04 4.009335e+04 4.298220e+04 4.607811e+04 5.268694e+04 5.931749e+04 6.568256e+04 7.172216e+04 7.750468e+04 8.317864e+04 1.705664e+05 3.322596e+05 5.014880e+05 6.344214e+05
7.612284e+04 7.612284e+04 7.612284e+04 7.612290e+04 7.612306e+04 5.932954e+04 3.689371e+04 3.300575e+04 3.303760e+04 3.324696e+04 3.375607e+04 3.422340e+04 3.463081e+04 3.499433e+04 3.532938e+04 3.564750e+04 3.595759e+04 3.762307e+04 3.981352e+04 4.246295e+04 4.528494e+04 4.814216e+04 5.103119e+04 5.696793e+04 6.305736e+04 6.903991e+04 7.476320e+04 8.028455e+04 8.575498e+04 1.737947e+05 3.371761e+05 5.066979e+05 6.389558e+05
8.423960e+04 8.423960e+04 8.423960e+04 8.423962e+04 8.423964e+04 6.628057e+04 4.255742e+04 3.885367e+04 3.905454e+04 3.941172e+04 4.014488e+04 4.076264e+04 4.127259e+04 4.170779e+04 4.209409e+04 4.244896e+04 4.278403e+04 4.439034e+04 4.624656e+04 4.856452e+04 5.123074e+04 5.402946e+04 5.682062e+04 6.226311e+04 6.759806e+04 7.289054e+04 7.814325e+04 8.332281e+04 8.854568e+04 1.773040e+05 3.424041e+05 5.121356e+05 6.436280e+05
9.228308e+04 9.228308e+04 9.228308e+04 9.228309e+04 9.228310e+04 7.369652e+04 4.938925e+04 4.594745e+04 4.628966e+04 4.676373e+04 4.766567e+04 4.839042e+04 4.896835e+04 4.944640e+04 4.985872e+04 5.022788e+04 5.056869e+04 5.210598e+04 5.369573e+04 5.559485e+04 5.786028e+04 6.037687e+04 6.298028e+04 6.803960e+04 7.278208e+04 7.735552e+04 8.191995e+04 8.662227e+04 9.153892e+04 1.811095e+05 3.479548e+05 5.178045e+05 6.484370e+05
1.000132e+05 1.000132e+05 1.000132e+05 1.000132e+05 1.000132e+05 8.129045e+04 5.703043e+04 5.389593e+04 5.434120e+04 5.489196e+04 5.589330e+04 5.667305e+04 5.728038e+04 5.777205e+04 5.818760e+04 5.855273e+04 5.888415e+04 6.031917e+04 6.169365e+04 6.322304e+04 6.502707e+04 6.710327e+04 6.935407e+04 7.392127e+04 7.818990e+04 8.218708e+04 8.613681e+04 9.025913e+04 9.475798e+04 1.852281e+05 3.538394e+05 5.237070e+05 6.533819e+05
1.072183e+05 1.072183e+05 1.072183e+05 1.072184e+05 1.072184e+05 8.879801e+04 6.513039e+04 6.230417e+04 6.281230e+04 6.340402e+04 6.445228e+04 6.525338e+04 6.586728e+04 6.635559e+04 6.676058e+04 6.710969e+04 6.742081e+04 6.871104e+04 6.987249e+04 7.108107e+04 7.245267e+04 7.404698e+04 7.584347e+04 7.972755e+04 8.352634e+04 8.707543e+04 9.054763e+04 9.420426e+04 9.828680e+04 1.896796e+05 3.600684e+05 5.298452e+05 6.584610e+05
1.139593e+05 1.139593e+05 1.139593e+05 1.139594e+05 1.139594e+05 9.619637e+04 7.352868e+04 7.096696e+04 7.148764e+04 7.207394e+04 7.309420e+04 7.386322e+04 7.444596e+04 7.490393e+04 7.527847e+04 7.559625e+04 7.587467e+04 7.697723e+04 7.790961e+04 7.882597e+04 7.981805e+04 8.096235e+04 8.228949e+04 8.536825e+04 8.863090e+04 9.180044e+04 9.493124e+04 9.825950e+04 1.020495e+05 1.944875e+05 3.666526e+05 5.362204e+05 6.636723e+05
1.201052e+05 1.201052e+05 1.201052e+05 1.201052e+05 1.201051e+05 1.032187e+05 8.180374e+04 7.948353e+04 7.998677e+04 8.053916e+04 8.148161e+04 8.217694e+04 8.269367e+04 8.309246e+04 8.341317e+04 8.368105e+04 8.391231e+04 8.479307e+04 8.549545e+04 8.615028e+04 8.682449e+04 8.758735e+04 8.849222e+04 9.076051e+04 9.343378e+04 9.624152e+04 9.913395e+04 1.022731e+05 1.059065e+05 1.996802e+05 3.736024e+05 5.428332e+05 6.690133e+05
1.249522e+05 1.249522e+05 1.249522e+05 1.249522e+05 1.249522e+05 1.090664e+05 8.902219e+04 8.694976e+04 8.744721e+04 8.798248e+04 8.888796e+04 8.955213e+04 9.004200e+04 9.041531e+04 9.071005e+04 9.095055e+04 9.115269e+04 9.186445e+04 9.237208e+04 9.281139e+04 9.323604e+04 9.370121e+04 9.426403e+04 9.581402e+04 9.790469e+04 1.003579e+05 1.030783e+05 1.061468e+05 1.097606e+05 2.052927e+05 3.809280e+05 5.496837e+05 6.744810e+05
1.294336e+05 1.294336e+05 1.294336e+05 1.294336e+05 1.294336e+05 1.145218e+05 9.575610e+04 9.381993e+04 9.426834e+04 9.474772e+04 9.554932e+04 9.612778e+04 9.654772e+04 9.686306e+04 9.710865e+04 9.730646e+04 9.747054e+04 9.802372e+04 9.838155e+04 9.866120e+04 9.890594e+04 9.915797e+04 9.946928e+04 1.004497e+05 1.020287e+05 1.041568e+05 1.067534e+05 1.098423e+05 1.135583e+05 2.113679e+05 3.886399e+05 5.567711e+05 6.800719e+05
1.330243e+05 1.330243e+05 1.330243e+05 1.330244e+05 1.330244e+05 1.189928e+05 1.013334e+05 9.947742e+04 9.988025e+04 1.003147e+05 1.010441e+05 1.015718e+05 1.019546e+05 1.022407e+05 1.024615e+05 1.026370e+05 1.027799e+05 1.032314e+05 1.034852e+05 1.036558e+05 1.037816e+05 1.038952e+05 1.040404e+05 1.046196e+05 1.058044e+05 1.076717e+05 1.101945e+05 1.133748e+05 1.172929e+05 2.179589e+05 3.967489e+05 5.640942e+05 6.857822e+05
1.365468e+05 1.365468e+05 1.365468e+05 1.365468e+05 1.365467e+05 1.231945e+05 1.063305e+05 1.044291e+05 1.047552e+05 1.051198e+05 1.057373e+05 1.061829e+05 1.065039e+05 1.067416e+05 1.069235e+05 1.070668e+05 1.071826e+05 1.075396e+05 1.077237e+05 1.078282e+05 1.078854e+05 1.079219e+05 1.079747e+05 1.083169e+05 1.092501e+05 1.109526e+05 1.134663e+05 1.168010e+05 1.210011e+05 2.251331e+05 4.052659e+05 5.716509e+05 6.916075e+05
1.393923e+05 1.393923e+05 1.393923e+05 1.393923e+05 1.393923e+05 1.265442e+05 1.102422e+05 1.082837e+05 1.085511e+05 1.088653e+05 1.094091e+05 1.098083e+05 1.100997e+05 1.103180e+05 1.104864e+05 1.106196e+05 1.107272e+05 1.110491e+05 1.111973e+05 1.112668e+05 1.112926e+05 1.113001e+05 1.113211e+05 1.115765e+05 1.124092e+05 1.140652e+05 1.166523e+05 1.202057e+05 1.247542e+05 2.329853e+05 4.142026e+05 5.794388e+05 6.975430e+05
1.425429e+05 1.425429e+05 1.425429e+05 1.425429e+05 1.425429e+05 1.300033e+05 1.139728e+05 1.118441e+05 1.120244e+05 1.122645e+05 1.126934e+05 1.130080e+05 1.132341e+05 1.134000e+05 1.135253e+05 1.136225e+05 1.136998e+05 1.139267e+05 1.140314e+05 1.140822e+05 1.141060e+05 1.141252e+05 1.141673e+05 1.144721e+05 1.153544e+05 1.170940e+05 1.198507e+05 1.236925e+05 1.286488e+05 2.415682e+05 4.235715e+05 5.874548e+05 7.035835e+05
1.455173e+05 1.455173e+05 1.455173e+05 1.455173e+05 1.455173e+05 1.329390e+05 1.167313e+05 1.143882e+05 1.144984e+05 1.146849e+05 1.150421e+05 1.153160e+05 1.155194e+05 1.156736e+05 1.157937e+05 1.158895e+05 1.159675e+05 1.162047e+05 1.163192e+05 1.163873e+05 1.164451e+05 1.165181e+05 1.166321e+05 1.171134e+05 1.181889e+05 1.201442e+05 1.231739e+05 1.273787e+05 1.327985e+05 2.508786e+05 4.333863e+05 5.956952e+05 7.097233e+05
1.488926e+05 1.488926e+05 1.488926e+05 1.488926e+05 1.488927e+05 1.360406e+05 1.193408e+05 1.167340e+05 1.167747e+05 1.169085e+05 1.171906e+05 1.174133e+05 1.175786e+05 1.177026e+05 1.177976e+05 1.178723e+05 1.179322e+05 1.181163e+05 1.182269e+05 1.183307e+05 1.184580e+05 1.186300e+05 1.188679e+05 1.196460e+05 1.210470e+05 1.233433e+05 1.267488e+05 1.313916e+05 1.373277e+05 2.609245e+05 4.436620e+05 6.041561e+05 7.159566e+05
1.530629e+05 1.530629e+05 1.530629e+05 1.530629e+05 1.530629e+05 1.395600e+05 1.218517e+05 1.188255e+05 1.187635e+05 1.188195e+05 1.189929e+05 1.191447e+05 1.192617e+05 1.193516e+05 1.194224e+05 1.194801e+05 1.195287e+05 1.197103e+05 1.198758e+05 1.200730e+05 1.203253e+05 1.206506e+05 1.210660e+05 1.222513e+05 1.240927e+05 1.268404e+05 1.307155e+05 1.358670e+05 1.423679e+05 2.717172e+05 4.544158e+05 6.128331e+05 7.222770e+05
1.577993e+05 1.577993e+05 1.577993e+05 1.577993e+05 1.577993e+05 1.431392e+05 1.237701e+05 1.202858e+05 1.201584e+05 1.201757e+05 1.203108e+05 1.204512e+05 1.205708e+05 1.206717e+05 1.207587e+05 1.208358e+05 1.209060e+05 1.212111e+05 1.215146e+05 1.218677e+05 1.222981e+05 1.228246e+05 1.234630e+05 1.251434e+05 1.275147e+05 1.308023e+05 1.352254e+05 1.409468e+05 1.480538e+05 2.832686e+05 4.656681e+05 6.217215e+05 7.286779e+05
1.645434e+05 1.645434e+05 1.645434e+05 1.645434e+05 1.645434e+05 1.482102e+05 1.264862e+05 1.223986e+05 1.221913e+05 1.221598e+05 1.222384e+05 1.223476e+05 1.224481e+05 1.225371e+05 1.226174e+05 1.226921e+05 1.227636e+05 1.231218e+05 1.235414e+05 1.240575e+05 1.246867e+05 1.254402e+05 1.263283e+05 1.285581e+05 1.315175e+05 1.354066e+05 1.404365e+05 1.467756e+05 1.545213e+05 2.955905e+05 4.774450e+05 6.308167e+05 7.351526e+05
1.725299e+05 1.725299e+05 1.725299e+05 1.725300e+05 1.725300e+05 1.542898e+05 1.299026e+05 1.251509e+05 1.248562e+05 1.247712e+05 1.247887e+05 1.248665e+05 1.249510e+05 1.250333e+05 1.251130e+05 1.251918e+05 1.252711e+05 1.257101e+05 1.262654e+05 1.269600e+05 1.278007e+05 1.287918e+05 1.299386e+05 1.327361e+05 1.363087e+05 1.408335e+05 1.465078e+05 1.534977e+05 1.619040e+05 3.086946e+05 4.897861e+05 6.401138e+05 7.416941e+05
1.824851e+05 1.824851e+05 1.824851e+05 1.824851e+05 1.824851e+05 1.618395e+05 1.341426e+05 1.286432e+05 1.282756e+05 1.281553e+05 1.281459e+05 1.282205e+05 1.283119e+05 1.284068e+05 1.285032e+05 1.286016e+05 1.287031e+05 1.292797e+05 1.300028e+05 1.308876e+05 1.319390e+05 1.331602e+05 1.345561e+05 1.379047e+05 1.420862e+05 1.472564e+05 1.535938e+05 1.612532e+05 1.703313e+05 3.225922e+05 5.027171e+05 6.496084e+05 7.482952e+05
1.938090e+05 1.938090e+05 1.938090e+05 1.938090e+05 1.938090e+05 1.707799e+05 1.397996e+05 1.335566e+05 1.331171e+05 1.329624e+05 1.329288e+05 1.330028e+05 1.331031e+05 1.332116e+05 1.333244e+05 1.334410e+05 1.335619e+05 1.342499e+05 1.351052e+05 1.361435e+05 1.373704e+05 1.387897e+05 1.404062e+05 1.442618e+05 1.490271e+05 1.548353e+05 1.618396e+05 1.701751e+05 1.799263e+05 3.372933e+05 5.161979e+05 6.592962e+05 7.549489e+05
2.075183e+05 2.075183e+05 2.075183e+05 2.075183e+05 2.075183e+05 1.818882e+05 1.473426e+05 1.403135e+05 1.398017e+05 1.396124e+05 1.395495e+05 1.396120e+05 1.397064e+05 1.398113e+05 1.399218e+05 1.400374e+05 1.401587e+05 1.408703e+05 1.417866e+05 1.429207e+05 1.442750e+05 1.458515e+05 1.476541e+05 1.519645e+05 1.572819e+05 1.637127e+05 1.713789e+05 1.803878e+05 1.908044e+05 3.528060e+05 5.301937e+05 6.691736e+05 7.616478e+05
2.228359e+05 2.228359e+05 2.228359e+05 2.228359e+05 2.228359e+05 1.945394e+05 1.563542e+05 1.485445e+05 1.479689e+05 1.477534e+05 1.476776e+05 1.477443e+05 1.478473e+05 1.479617e+05 1.480819e+05 1.482067e+05 1.483369e+05 1.490929e+05 1.500646e+05 1.512748e+05 1.527313e+05 1.544391e+05 1.564038e+05 1.611308e+05 1.669751e+05 1.740142e+05 1.823335e+05 1.920065e+05 2.030730e+05 3.691359e+05 5.446701e+05 6.792382e+05 7.683851e+05
2.395143e+05 2.395143e+05 2.395143e+05 2.395143e+05 2.395143e+05 2.086406e+05 1.669401e+05 1.583749e+05 1.577352e+05 1.574914e+05 1.573970e+05 1.574621e+05 1.575692e+05 1.576902e+05 1.578183e+05 1.579520e+05 1.580917e+05 1.589012e+05 1.599343e+05 1.612191e+05 1.627715e+05 1.646027e+05 1.667217e+05 1.718521e+05 1.782137e+05 1.858529e+05 1.948156e+05 2.051382e+05 2.168312e+05 3.862849e+05 5.595911e+05 6.894891e+05 7.751536e+05
2.585848e+05 2.585848e+05 2.585848e+05 2.585849e+05 2.585849e+05 2.248683e+05 1.792883e+05 1.698833e+05 1.691695e+05 1.688921e+05 1.687735e+05 1.688345e+05 1.689440e+05 1.690697e+05 1.692035e+05 1.693433e+05 1.694894e+05 1.703349e+05 1.714170e+05 1.727725e+05 1.744233e+05 1.763840e+05 1.786648e+05 1.842122e+05 1.910978e+05 1.993354e+05 2.089310e+05 2.198825e+05 2.321700e+05 4.042496e+05 5.749179e+05 6.999290e+05 7.819468e+05
2.806386e+05 2.806386e+05 2.806386e+05 2.806386e+05 2.806386e+05 2.435850e+05 1.934596e+05 1.830752e+05 1.822748e+05 1.819570e+05 1.818065e+05 1.818575e+05 1.819635e+05 1.820883e+05 1.822221e+05 1.823629e+05 1.825106e+05 1.833776e+05 1.845110e+05 1.859524e+05 1.877239e+05 1.898387e+05 1.923045e+05 1.983045e+05 2.057318e+05 2.145681e+05 2.247816e+05 2.363327e+05 2.491718e+05 4.230211e+05 5.906091e+05 7.105672e+05 7.887583e+05
3.049194e+05 3.049194e+05 3.049194e+05 3.049194e+05 3.049194e+05 2.642612e+05 2.092261e+05 1.977761e+05 1.968786e+05 1.965148e+05 1.963285e+05 1.963711e+05 1.964783e+05 1.966087e+05 1.967506e+05 1.969010e+05 1.970596e+05 1.979994e+05 1.992380e+05 2.008175e+05 2.027571e+05 2.050662e+05 2.077497e+05 2.142454e+05 2.222309e+05 2.316597e+05 2.424655e+05 2.545745e+05 2.679089e+05 4.425831e+05 6.066206e+05 7.214171e+05 7.955822e+05
3.322576e+05 3.322576e+05 3.322576e+05 3.322576e+05 3.322577e+05 2.874406e+05 2.267580e+05 2.141060e+05 2.131057e+05 2.126960e+05 2.124787e+05 2.125189e+05 2.126338e+05 2.127770e+05 2.129351e+05 2.131043e+05 2.132842e+05 2.143595e+05 2.157694e+05 2.175445e+05 2.196976e+05 2.222352e+05 2.251608e+05 2.321774e+05 2.407206e+05 2.507194e+05 2.620757e+05 2.746840e+05 2.884411e+05 4.629111e+05 6.229059e+05 7.324397e+05 8.024132e+05
3.631905e+05 3.631905e+05 3.631905e+05 3.631905e+05 3.631905e+05 3.135695e+05 2.463633e+05 2.323469e+05 2.312448e+05 2.307988e+05 2.305764e+05 2.306400e+05 2.307864e+05 2.309634e+05 2.311563e+05 2.313609e+05 2.315765e+05 2.328370e+05 2.344451e+05 2.364296e+05 2.388018e+05 2.415683e+05 2.447331e+05 2.522557e+05 2.613275e+05 2.718502e+05 2.836939e+05 2.967233e+05 3.108123e+05 4.839717e+05 6.394167e+05 7.435951e+05 8.092470e+05
3.974256e+05 3.974256e+05 3.974256e+05 3.974256e+05 3.974257e+05 3.428112e+05 2.688298e+05 2.533935e+05 2.521789e+05 2.516867e+05 2.514386e+05 2.515043e+05 2.516608e+05 2.518512e+05 2.520596e+05 2.522813e+05 2.525156e+05 2.538903e+05 2.556364e+05 2.577766e+05 2.603217e+05 2.632787e+05 2.666503e+05 2.746229e+05 2.841644e+05 2.951397e+05 3.073845e+05 3.207351e+05 3.350459e+05 5.057220e+05 6.561028e+05 7.548477e+05 8.160799e+05
4.358430e+05 4.358430e+05 4.358430e+05 4.358431e+05 4.358431e+05 3.757097e+05 2.942398e+05 2.772326e+05 2.758971e+05 2.753591e+05 2.750961e+05 2.751781e+05 2.753576e+05 2.755712e+05 2.758008e+05 2.760416e+05 2.762926e+05 2.777283e+05 2.795305e+05 2.817490e+05 2.844039e+05 2.875010e+05 2.910375e+05 2.993857e+05 3.093172e+05 3.206506e+05 3.331867e+05 3.467371e+05 3.611404e+05 5.281088e+05 6.729133e+05 7.661627e+05 8.229101e+05
4.772510e+05 4.772510e+05 4.772510e+05 4.772510e+05 4.772510e+05 4.116390e+05 3.227404e+05 3.041712e+05 3.027056e+05 3.021085e+05 3.017963e+05 3.018551e+05 3.020166e+05 3.022131e+05 3.024258e+05 3.026501e+05 3.028856e+05 3.042675e+05 3.060644e+05 3.083255e+05 3.110644e+05 3.142778e+05 3.179530e+05 3.266087e+05 3.368373e+05 3.484133e+05 3.611083e+05 3.747156e+05 3.890640e+05 5.510691e+05 6.897961e+05 7.775059e+05 8.297376e+05
5.216248e+05 5.216248e+05 5.216248e+05 5.216249e+05 5.216249e+05 4.500606e+05 3.531206e+05 3.329194e+05 3.313438e+05 3.307123e+05 3.304039e+05 3.304928e+05 3.306881e+05 3.309171e+05 3.311597e+05 3.314114e+05 3.316720e+05 3.331596e+05 3.350544e+05 3.374222e+05 3.402798e+05 3.436204e+05 3.474254e+05 3.563241e+05 3.667402e+05 3.784202e+05 3.911190e+05 4.046207e+05 4.187511e+05 5.745297e+05 7.066991e+05 7.888429e+05 8.365670e+05
5.687748e+05 5.687748e+05 5.687748e+05 5.687749e+05 5.687749e+05 4.911729e+05 3.860708e+05 3.641896e+05 3.624873e+05 3.618066e+05 3.614774e+05 3.615780e+05 3.617945e+05 3.620484e+05 3.623180e+05 3.625981e+05 3.628884e+05 3.645333e+05 3.665887e+05 3.691111e+05 3.721116e+05 3.755793e+05 3.794920e+05 3.885386e+05 3.990013e+05 4.106191e+05 4.231441e+05 4.363606e+05 4.500974e+05 5.984076e+05 7.235702e+05 8.001395e+05 8.434095e+05
6.198761e+05 6.198761e+05 6.198762e+05 6.198762e+05 6.198762e+05 5.358773e+05 4.221193e+05 3.984415e+05 3.965987e+05 3.958607e+05 3.955008e+05 3.956056e+05 3.958357e+05 3.961060e+05 3.963933e+05 3.966919e+05 3.970015e+05 3.987563e+05 4.009368e+05 4.035807e+05 4.066836e+05 4.102257e+05 4.141815e+05 4.232172e+05 4.335428e+05 4.449031e+05 4.570572e+05 4.697965e+05 4.829576e+05 6.226113e+05 7.403576e+05 8.113619e+05 8.502465e+05
6.738102e+05 6.738102e+05 6.738102e+05 6.738102e+05 6.738102e+05 5.835173e+05 4.612363e+05 4.357838e+05 4.338012e+05 4.330059e+05 4.326149e+05 4.327236e+05 4.329670e+05 4.332534e+05 4.335576e+05 4.338730e+05 4.341993e+05 4.360310e+05 4.382708e+05 4.409474e+05 4.440506e+05 4.475587e+05 4.514463e+05 4.602467e+05 4.702128e+05 4.810990e+05 4.926742e+05 5.047401e+05 5.171434e+05 6.470414e+05 7.570105e+05 8.224767e+05 8.570502e+05
7.296489e+05 7.296489e+05 7.296489e+05 7.296490e+05 7.296490e+05 6.335661e+05 5.034430e+05 4.763571e+05 4.742455e+05 4.733969e+05 4.729750e+05 4.730832e+05 4.733328e+05 4.736261e+05 4.739359e+05 4.742552e+05 4.745834e+05 4.763943e+05 4.785634e+05 4.811262e+05 4.840803e+05 4.874093e+05 4.910901e+05 4.993980e+05 5.087680e+05 5.189593e+05 5.297497e+05 5.409524e+05 5.524249e+05 6.715920e+05 7.734793e+05 8.334513e+05 8.637981e+05
7.883045e+05 7.883045e+05 7.883045e+05 7.883045e+05 7.883045e+05 6.865108e+05 5.486523e+05 5.199515e+05 5.177106e+05 5.168068e+05 5.163474e+05 5.164451e+05 5.166874e+05 5.169705e+05 5.172656e+05 5.175654e+05 5.178693e+05 5.195010e+05 5.214281e+05 5.237146e+05 5.263707e+05 5.293838e+05 5.327310e+05 5.403121e+05 5.488693e+05 5.581629e+05 5.679801e+05 5.781470e+05 5.885336e+05 6.961524e+05 7.897158e+05 8.442540e+05 8.704696e+05
8.479750e+05 8.479750e+05 8.479750e+05 8.479750e+05 8.479749e+05 7.409642e+05 5.960285e+05 5.658091e+05 5.634254e+05 5.624467e+05 5.619054e+05 5.619478e+05 5.621401e+05 5.623728e+05 5.626159e+05 5.628618e+05 5.631099e+05 5.644414e+05 5.660413e+05 5.679795e+05 5.702674e+05 5.728920e+05 5.758292e+05 5.825213e+05 5.900971e+05 5.983261e+05 6.070119e+05 6.159979e+05 6.251689e+05 7.206086e+05 8.056736e+05 8.548542e+05 8.770456e+05
9.051461e+05 9.051461e+05 9.051461e+05 9.051461e+05 9.051460e+05 7.938637e+05 6.431712e+05 6.117654e+05 6.092856e+05 6.082649e+05 6.076940e+05 6.077291e+05 6.079186e+05 6.081477e+05 6.083843e+05 6.086201e+05 6.088541e+05 6.100557e+05 6.114386e+05 6.130910e+05 6.150376e+05 6.172736e+05 6.197801e+05 6.255003e+05 6.319810e+05 6.390218e+05 6.464554e+05 6.541494e+05 6.620070e+05 7.448457e+05 8.213084e+05 8.652230e+05 8.835075e+05
9.617345e+05 9.617345e+05 9.617345e+05 9.617345e+05 9.617344e+05 8.464498e+05 6.903595e+05 6.578263e+05 6.552481e+05 6.541798e+05 6.535669e+05 6.535838e+05 6.537621e+05 6.539820e+05 6.542095e+05 6.544354e+05 6.546582e+05 6.557714e+05 6.569977e+05 6.584192e+05 6.600629e+05 6.619296e+05 6.640067e+05 6.687160e+05 6.740300e+05 6.797998e+05 6.858998e+05 6.922286e+05 6.987105e+05 7.687494e+05 8.365782e+05 8.753328e+05 8.898378e+05
1.017572e+06 1.017572e+06 1.017572e+06 1.017572e+06 1.017572e+06 8.985965e+05 7.375001e+05 7.038771e+05 7.011881e+05 7.000589e+05 6.993796e+05 6.993571e+05 6.995053e+05 6.996988e+05 6.999012e+05 7.001022e+05 7.002998e+05 7.012737e+05 7.023223e+05 7.035098e+05 7.048523e+05 7.063480e+05 7.079876e+05 7.116520e+05 7.157526e+05 7.202035e+05 7.249276e+05 7.298576e+05 7.349393e+05 7.922083e+05 8.514436e+05 8.851580e+05 8.960194e+05
1.070304e+06 1.070304e+06 1.070304e+06 1.070304e+06 1.070304e+06 9.485941e+05 7.837698e+05 7.492997e+05 7.465119e+05 7.453234e+05 7.445731e+05 7.445068e+05 7.446227e+05 7.447894e+05 7.449675e+05 7.451449e+05 7.453185e+05 7.461521e+05 7.470081e+05 7.479387e+05 7.489542e+05 7.500525e+05 7.512293e+05 7.538061e+05 7.566643e+05 7.597816e+05 7.631274e+05 7.666656e+05 7.703614e+05 8.151158e+05 8.658681e+05 8.946747e+05 9.020364e+05
1.120022e+06 1.120022e+06 1.120022e+06 1.120022e+06 1.120022e+06 9.963490e+05 8.288379e+05 7.937390e+05 7.908712e+05 7.896315e+05 7.888150e+05 7.887032e+05 7.887822e+05 7.889159e+05 7.890626e+05 7.892090e+05 7.893512e+05 7.900071e+05 7.906295e+05 7.912560e+05 7.918952e+05 7.925511e+05 7.932288e+05 7.946772e+05 7.962901e+05 7.980976e+05 8.001051e+05 8.023003e+05 8.046633e+05 8.373721e+05 8.798182e+05 9.038614e+05 9.078735e+05
1.167265e+06 1.167265e+06 1.167265e+06 1.167265e+06 1.167265e+06 1.041997e+06 8.722959e+05 8.366697e+05 8.337300e+05 8.324434e+05 8.315649e+05 8.314102e+05 8.314542e+05 8.315560e+05 8.316714e+05 8.317859e+05 8.318948e+05 8.323446e+05 8.326774e+05 8.329321e+05 8.331322e+05 8.332978e+05 8.334471e+05 8.337599e+05 8.341714e+05 8.347420e+05 8.354975e+05 8.364404e+05 8.375606e+05 8.588854e+05 8.932634e+05 9.126985e+05 9.135162e+05
1.212096e+06 1.212096e+06 1.212096e+06 1.212096e+06 1.212096e+06 1.085418e+06 9.137668e+05 8.776445e+05 8.746284e+05 8.732891e+05 8.723380e+05 8.721311e+05 8.721319e+05 8.721935e+05 8.722685e+05 8.723404e+05 8.724033e+05 8.725587e+05 8.725018e+05 8.723055e+05 8.720199e+05 8.716798e+05 8.713108e+05 8.705617e+05 8.698857e+05 8.693498e+05 8.689872e+05 8.688077e+05 8.688081e+05 8.795737e+05 9.061767e+05 9.211688e+05 9.189512e+05
1.253744e+06 1.253744e+06 1.253744e+06 1.253743e+06 1.253743e+06 1.125896e+06 9.526103e+05 9.160286e+05 9.129270e+05 9.115224e+05 9.104670e+05 9.101698e+05 9.100842e+05 9.100599e+05 9.100480e+05 9.100318e+05 9.100054e+05 9.097060e+05 9.091971e+05 9.085588e+05 9.078389e+05 9.070683e+05 9.062692e+05 9.046497e+05 9.030804e+05 9.016246e+05 9.003187e+05 8.991788e+05 8.982079e+05 8.993655e+05 9.185344e+05 9.292570e+05 9.241661e+05
1.288803e+06 1.288803e+06 1.288803e+06 1.288803e+06 1.288803e+06 1.160306e+06 9.861518e+05 9.493379e+05 9.461862e+05 9.447418e+05 9.436250e+05 9.432810e+05 9.431567e+05 9.430979e+05 9.430538e+05 9.430061e+05 9.429484e+05 9.424842e+05 9.417896e+05 9.409442e+05 9.399972e+05 9.389808e+05 9.379180e+05 9.357211e+05 9.335120e+05 9.313610e+05 9.293131e+05 9.273939e+05 9.256161e+05 9.182007e+05 9.303162e+05 9.369504e+05 9.291494e+05
1.317363e+06 1.317363e+06 1.317363e+06 1.317363e+06 1.317363e+06 1.188639e+06 1.014239e+06 9.773770e+05 9.742029e+05 9.727377e+05 9.715913e+05 9.712350e+05 9.711122e+05 9.710651e+05 9.710400e+05 9.710162e+05 9.709855e+05 9.706632e+05 9.700743e+05 9.692801e+05 9.683324e+05 9.672700e+05 9.661224e+05 9.636581e+05 9.610733e+05 9.584582e+05 9.558742e+05 9.533612e+05 9.509443e+05 9.360311e+05 9.415052e+05 9.442385e+05 9.338908e+05
1.342602e+06 1.342602e+06 1.342602e+06 1.342602e+06 1.342602e+06 1.213613e+06 1.038877e+06 1.001916e+06 9.987095e+05 9.972156e+05 9.960241e+05 9.956364e+05 9.954931e+05 9.954338e+05 9.954031e+05 9.953795e+05 9.953538e+05 9.951093e+05 9.946421e+05 9.939710e+05 9.931251e+05 9.921333e+05 9.910218e+05 9.885284e+05 9.857912e+05 9.829178e+05 9.799867e+05 9.770540e+05 9.741583e+05 9.528201e+05 9.520882e+05 9.511127e+05 9.383813e+05
1.365026e+06 1.365026e+06 1.365026e+06 1.365026e+06 1.365026e+06 1.235745e+06 1.060609e+06 1.023511e+06 1.020265e+06 1.018740e+06 1.017499e+06 1.017078e+06 1.016912e+06 1.016837e+06 1.016796e+06 1.016767e+06 1.016739e+06 1.016522e+06 1.016129e+06 1.015560e+06 1.014825e+06 1.013938e+06 1.012916e+06 1.010531e+06 1.007797e+06 1.004825e+06 1.001704e+06 9.985024e+05 9.952715e+05 9.685424e+05 9.620550e+05 9.575667e+05 9.426127e+05
1.384965e+06 1.384965e+06 1.384965e+06 1.384965e+06 1.384964e+06 1.255366e+06 1.079775e+06 1.042515e+06 1.039228e+06 1.037669e+06 1.036381e+06 1.035929e+06 1.035742e+06 1.035653e+06 1.035604e+06 1.035569e+06 1.035538e+06 1.035334e+06 1.034989e+06 1.034494e+06 1.033852e+06 1.033067e+06 1.032144e+06 1.029924e+06 1.027284e+06 1.024322e+06 1.021129e+06 1.017781e+06 1.014337e+06 9.831837e+05 9.713989e+05 9.635962e+05 9.465783e+05
1.402890e+06 1.402890e+06 1.402890e+06 1.402890e+06 1.402890e+06 1.272892e+06 1.096731e+06 1.059281e+06 1.055949e+06 1.054355e+06 1.053017e+06 1.052531e+06 1.052320e+06 1.052215e+06 1.052154e+06 1.052111e+06 1.052074e+06 1.051872e+06 1.051559e+06 1.051121e+06 1.050554e+06 1.049855e+06 1.049023e+06 1.046976e+06 1.044469e+06 1.041581e+06 1.038398e+06 1.034994e+06 1.031435e+06 9.967398e+05 9.801162e+05 9.691987e+05 9.502723e+05
1.418733e+06 1.418733e+06 1.418733e+06 1.418733e+06 1.418732e+06 1.288346e+06 1.111624e+06 1.073987e+06 1.070613e+06 1.068988e+06 1.067606e+06 1.067092e+06 1.066863e+06 1.066745e+06 1.066675e+06 1.066626e+06 1.066586e+06 1.066390e+06 1.066110e+06 1.065721e+06 1.065215e+06 1.064586e+06 1.063829e+06 1.061935e+06 1.059564e+06 1.056781e+06 1.053658e+06 1.050266e+06 1.046666e+06 1.009216e+06 9.882062e+05 9.743738e+05 9.536903e+05
1.432333e+06 1.432333e+06 1.432333e+06 1.432333e+06 1.432333e+06 1.301692e+06 1.124588e+06 1.086804e+06 1.083398e+06 1.081751e+06 1.080342e+06 1.079813e+06 1.079576e+06 1.079455e+06 1.079384e+06 1.079336e+06 1.079299e+06 1.079127e+06 1.078883e+06 1.078536e+06 1.078076e+06 1.077496e+06 1.076793e+06 1.075014e+06 1.072765e+06 1.070094e+06 1.067060e+06 1.063724e+06 1.060141e+06 1.020624e+06 9.956710e+05 9.791224e+05 9.568289e+05
1.444086e+06 1.444086e+06 1.444086e+06 1.444086e+06 1.444086e+06 1.313331e+06 1.136039e+06 1.098147e+06 1.094709e+06 1.093037e+06 1.091593e+06 1.091042e+06 1.090791e+06 1.090660e+06 1.090583e+06 1.090532e+06 1.090494e+06 1.090332e+06 1.090107e+06 1.089778e+06 1.089335e+06 1.088775e+06 1.088096e+06 1.086390e+06 1.084238e+06 1.081677e+06 1.078750e+06 1.075501e+06 1.071975e+06 1.030984e+06 1.002515e+06 9.834473e+05 9.596858e+05
1.454218e+06 1.454218e+06 1.454218e+06 1.454218e+06 1.454218e+06 1.323489e+06 1.146202e+06 1.108245e+06 1.104774e+06 1.103073e+06 1.101584e+06 1.101003e+06 1.100730e+06 1.100584e+06 1.100496e+06 1.100437e+06 1.100391e+06 1.100205e+06 1.099953e+06 1.099594e+06 1.099126e+06 1.098549e+06 1.097867e+06 1.096194e+06 1.094124e+06 1.091672e+06 1.088861e+06 1.085721e+06 1.082284e+06 1.040322e+06 1.008745e+06 9.873525e+05 9.622599e+05
1.462966e+06 1.462966e+06 1.462966e+06 1.462966e+06 1.462966e+06 1.332380e+06 1.155260e+06 1.117270e+06 1.113765e+06 1.112031e+06 1.110487e+06 1.109861e+06 1.109554e+06 1.109377e+06 1.109262e+06 1.109178e+06 1.109109e+06 1.108809e+06 1.108455e+06 1.108013e+06 1.107484e+06 1.106871e+06 1.106174e+06 1.104528e+06 1.102540e+06 1.100203e+06 1.097522e+06 1.094507e+06 1.091182e+06 1.048667e+06 1.014371e+06 9.908434e+05 9.645509e+05
1.470100e+06 1.470100e+06 1.470100e+06 1.470100e+06 1.470100e+06 1.339759e+06 1.162954e+06 1.124961e+06 1.121418e+06 1.119646e+06 1.118029e+06 1.117342e+06 1.116979e+06 1.116754e+06 1.116595e+06 1.116469e+06 1.116362e+06 1.115906e+06 1.115446e+06 1.114938e+06 1.114374e+06 1.113749e+06 1.113061e+06 1.111480e+06 1.109598e+06 1.107393e+06 1.104852e+06 1.101977e+06 1.098779e+06 1.056053e+06 1.019403e+06 9.939266e+05 9.665599e+05
1.474585e+06 1.474585e+06 1.474585e+06 1.474585e+06 1.474585e+06 1.344562e+06 1.168195e+06 1.130274e+06 1.126722e+06 1.124937e+06 1.123297e+06 1.122593e+06 1.122221e+06 1.121992e+06 1.121832e+06 1.121709e+06 1.121606e+06 1.121188e+06 1.120775e+06 1.120316e+06 1.119804e+06 1.119235e+06 1.118606e+06 1.117153e+06 1.115414e+06 1.113360e+06 1.110972e+06 1.108244e+06 1.105181e+06 1.062517e+06 1.023854e+06 9.966098e+05 9.682885e+05
1.477060e+06 1.477060e+06 1.477060e+06 1.477060e+06 1.477060e+06 1.347404e+06 1.171558e+06 1.133761e+06 1.130220e+06 1.128441e+06 1.126810e+06 1.126118e+06 1.125761e+06 1.125551e+06 1.125414e+06 1.125314e+06 1.125237e+06 1.124959e+06 1.124684e+06 1.124353e+06 1.123956e+06 1.123492e+06 1.122961e+06 1.121689e+06 1.120119e+06 1.118228e+06 1.115998e+06 1.113418e+06 1.110492e+06 1.068094e+06 1.027738e+06 9.989014e+05 9.697396e+05
1.478891e+06 1.478891e+06 1.478891e+06 1.478891e+06 1.478891e+06 1.349613e+06 1.174291e+06 1.136600e+06 1.133063e+06 1.131280e+06 1.129641e+06 1.128941e+06 1.128579e+06 1.128367e+06 1.128229e+06 1.128132e+06 1.128059e+06 1.127833e+06 1.127645e+06 1.127417e+06 1.127126e+06 1.126767e+06 1.126337e+06 1.125252e+06 1.123854e+06 1.122123e+06 1.120041e+06 1.117603e+06 1.114807e+06 1.072825e+06 1.031071e+06 1.000811e+06 9.709165e+05
1.480167e+06 1.480167e+06 1.480167e+06 1.480167e+06 1.480167e+06 1.351287e+06 1.176507e+06 1.138920e+06 1.135385e+06 1.133600e+06 1.131951e+06 1.131244e+06 1.130877e+06 1.130660e+06 1.130519e+06 1.130421e+06 1.130348e+06 1.130133e+06 1.129978e+06 1.129801e+06 1.129576e+06 1.129290e+06 1.128936e+06 1.128004e+06 1.126752e+06 1.125159e+06 1.123208e+06 1.120893e+06 1.118215e+06 1.076748e+06 1.033868e+06 1.002349e+06 9.718235e+05
1.480948e+06 1.480948e+06 1.480948e+06 1.480948e+06 1.480948e+06 1.352501e+06 1.178306e+06 1.140827e+06 1.137293e+06 1.135503e+06 1.133844e+06 1.133126e+06 1.132751e+06 1.132527e+06 1.132381e+06 1.132279e+06 1.132202e+06 1.131978e+06 1.131826e+06 1.131664e+06 1.131467e+06 1.131218e+06 1.130908e+06 1.130076e+06 1.128928e+06 1.127437e+06 1.125588e+06 1.123372e+06 1.120792e+06 1.079902e+06 1.036146e+06 1.003525e+06 9.724657e+05
1.481142e+06 1.481142e+06 1.481142e+06 1.481142e+06 1.481142e+06 1.353194e+06 1.179669e+06 1.142314e+06 1.138782e+06 1.136989e+06 1.135319e+06 1.134592e+06 1.134209e+06 1.133979e+06 1.133827e+06 1.133720e+06 1.133639e+06 1.133400e+06 1.133238e+06 1.133073e+06 1.132879e+06 1.132640e+06 1.132346e+06 1.131559e+06 1.130467e+06 1.129038e+06 1.127255e+06 1.125110e+06 1.122605e+06 1.082324e+06 1.037925e+06 1.004351e+06 9.728485e+05
1.480600e+06 1.480600e+06 1.480600e+06 1.480600e+06 1.480599e+06 1.353262e+06 1.180557e+06 1.143361e+06 1.139836e+06 1.138043e+06 1.136367e+06 1.135632e+06 1.135243e+06 1.135007e+06 1.134851e+06 1.134740e+06 1.134655e+06 1.134400e+06 1.134224e+06 1.134045e+06 1.133839e+06 1.133592e+06 1.133293e+06 1.132506e+06 1.131425e+06 1.130017e+06 1.128264e+06 1.126161e+06 1.123707e+06 1.084053e+06 1.039222e+06 1.004839e+06 9.729780e+05
1.479474e+06 1.479474e+06 1.479474e+06 1.479474e+06 1.479474e+06 1.352801e+06 1.180991e+06 1.143969e+06 1.140453e+06 1.138661e+06 1.136980e+06 1.136240e+06 1.135844e+06 1.135604e+06 1.135443e+06 1.135328e+06 1.135239e+06 1.134967e+06 1.134774e+06 1.134577e+06 1.134352e+06 1.134084e+06 1.133765e+06 1.132941e+06 1.131831e+06 1.130407e+06 1.128653e+06 1.126564e+06 1.124141e+06 1.085123e+06 1.040056e+06 1.005001e+06 9.728610e+05
1.478018e+06 1.478018e+06 1.478018e+06 1.478018e+06 1.478018e+06 1.351968e+06 1.180994e+06 1.144133e+06 1.140624e+06 1.138832e+06 1.137145e+06 1.136398e+06 1.135997e+06 1.135751e+06 1.135586e+06 1.135467e+06 1.135374e+06 1.135085e+06 1.134872e+06 1.134653e+06 1.134402e+06 1.134106e+06 1.133755e+06 1.132865e+06 1.131695e+06 1.130225e+06 1.128444e+06 1.126347e+06 1.123937e+06 1.085572e+06 1.040446e+06 1.004848e+06 9.725044e+05
1.476008e+06 1.476008e+06 1.476008e+06 1.476008e+06 1.476008e+06 1.350615e+06 1.180525e+06 1.143832e+06 1.140330e+06 1.138538e+06 1.136845e+06 1.136090e+06 1.135682e+06 1.135430e+06 1.135260e+06 1.135136e+06 1.135039e+06 1.134729e+06 1.134496e+06 1.134252e+06 1.133969e+06 1.133634e+06 1.133241e+06 1.132262e+06 1.131008e+06 1.129471e+06 1.127644e+06 1.125526e+06 1.123119e+06 1.085432e+06 1.040412e+06 1.004394e+06 9.719156e+05
1.472906e+06 1.472906e+06 1.472906e+06 1.472906e+06 1.472906e+06 1.348387e+06 1.179473e+06 1.143012e+06 1.139524e+06 1.137734e+06 1.136037e+06 1.135277e+06 1.134863e+06 1.134607e+06 1.134432e+06 1.134304e+06 1.134204e+06 1.133876e+06 1.133619e+06 1.133342e+06 1.133018e+06 1.132635e+06 1.132189e+06 1.131100e+06 1.129749e+06 1.128134e+06 1.126255e+06 1.124111e+06 1.121702e+06 1.084737e+06 1.039974e+06 1.003651e+06 9.711023e+05
1.468840e+06 1.468840e+06 1.468840e+06 1.468840e+06 1.468839e+06 1.345364e+06 1.177856e+06 1.141676e+06 1.138205e+06 1.136420e+06 1.134721e+06 1.133954e+06 1.133534e+06 1.133272e+06 1.133092e+06 1.132958e+06 1.132853e+06 1.132499e+06 1.132206e+06 1.131881e+06 1.131500e+06 1.131055e+06 1.130547e+06 1.129341e+06 1.127890e+06 1.126200e+06 1.124272e+06 1.122107e+06 1.119702e+06 1.083519e+06 1.039150e+06 1.002630e+06 9.700726e+05
1.464390e+06 1.464390e+06 1.464390e+06 1.464390e+06 1.464390e+06 1.341903e+06 1.175727e+06 1.139811e+06 1.136355e+06 1.134573e+06 1.132869e+06 1.132094e+06 1.131665e+06 1.131396e+06 1.131208e+06 1.131066e+06 1.130953e+06 1.130546e+06 1.130186e+06 1.129789e+06 1.129336e+06 1.128822e+06 1.128250e+06 1.126935e+06 1.125400e+06 1.123653e+06 1.121695e+06 1.119522e+06 1.117132e+06 1.081810e+06 1.037960e+06 1.001346e+06 9.688345e+05
1.459550e+06 1.459550e+06 1.459550e+06 1.459550e+06 1.459549e+06 1.337981e+06 1.173041e+06 1.137364e+06 1.133917e+06 1.132131e+06 1.130409e+06 1.129611e+06 1.129161e+06 1.128869e+06 1.128659e+06 1.128497e+06 1.128362e+06 1.127856e+06 1.127407e+06 1.126933e+06 1.126414e+06 1.125846e+06 1.125227e+06 1.123841e+06 1.122259e+06 1.120488e+06 1.118525e+06 1.116368e+06 1.114012e+06 1.079641e+06 1.036424e+06 9.998108e+05 9.673964e+05
1.453369e+06 1.453369e+06 1.453369e+06 1.453369e+06 1.453368e+06 1.332770e+06 1.169145e+06 1.133737e+06 1.130307e+06 1.128525e+06 1.126797e+06 1.125991e+06 1.125531e+06 1.125230e+06 1.125011e+06 1.124839e+06 1.124696e+06 1.124150e+06 1.123671e+06 1.123175e+06 1.122640e+06 1.122061e+06 1.121434e+06 1.120041e+06 1.118465e+06 1.116710e+06 1.114777e+06 1.112664e+06 1.110364e+06 1.077042e+06 1.034561e+06 9.980364e+05 9.657666e+05
1.445620e+06 1.445620e+06 1.445620e+06 1.445620e+06 1.445619e+06 1.326076e+06 1.163891e+06 1.128790e+06 1.125385e+06 1.123614e+06 1.121896e+06 1.121095e+06 1.120642e+06 1.120348e+06 1.120139e+06 1.119978e+06 1.119846e+06 1.119365e+06 1.118949e+06 1.118506e+06 1.118018e+06 1.117478e+06 1.116886e+06 1.115557e+06 1.114041e+06 1.112348e+06 1.110481e+06 1.108439e+06 1.106219e+06 1.074044e+06 1.032389e+06 9.960354e+05 9.639536e+05
1.436992e+06 1.436992e+06 1.436992e+06 1.436992e+06 1.436991e+06 1.318533e+06 1.157829e+06 1.123048e+06 1.119670e+06 1.117912e+06 1.116204e+06 1.115410e+06 1.114963e+06 1.114678e+06 1.114478e+06 1.114328e+06 1.114208e+06 1.113797e+06 1.113458e+06 1.113091e+06 1.112673e+06 1.112198e+06 1.111669e+06 1.110452e+06 1.109040e+06 1.107447e+06 1.105677e+06 1.103734e+06 1.101615e+06 1.070676e+06 1.029928e+06 9.938201e+05 9.619660e+05
1.428053e+06 1.428053e+06 1.428053e+06 1.428053e+06 1.428053e+06 1.310664e+06 1.151420e+06 1.116951e+06 1.113599e+06 1.111852e+06 1.110152e+06 1.109359e+06 1.108911e+06 1.108625e+06 1.108424e+06 1.108273e+06 1.108154e+06 1.107757e+06 1.107450e+06 1.107132e+06 1.106772e+06 1.106362e+06 1.105899e+06 1.104817e+06 1.103536e+06 1.102068e+06 1.100420e+06 1.098595e+06 1.096594e+06 1.066968e+06 1.027197e+06 9.914024e+05 9.598120e+05
