3.104773e+05 1.760809e+05 1.469060e+05 9.598971e+04 7.890533e+04 4.969514e+04 4.079309e+04 3.413647e+04 3.259184e+04 3.155932e+04 3.026093e+04 2.926608e+04 2.808847e+04 2.652033e+04 2.456350e+04 2.235769e+04 2.009221e+04 1.165339e+04 8.147639e+03 6.767291e+03 6.186739e+03 5.937706e+03 5.842001e+03 5.862084e+03 6.053018e+03 6.423205e+03 7.035633e+03 7.969733e+03 9.306398e+03 5.308533e+04 1.332221e+05 2.090903e+05 2.653386e+05
3.755189e+04 3.755190e+04 3.755191e+04 3.755168e+04 3.754278e+04 3.670175e+04 3.507406e+04 3.205736e+04 3.121515e+04 3.060166e+04 2.974342e+04 2.894107e+04 2.784587e+04 2.631166e+04 2.437132e+04 2.217892e+04 1.992869e+04 1.157378e+04 8.115146e+03 6.755747e+03 6.184791e+03 5.940289e+03 5.846736e+03 5.868406e+03 6.060269e+03 6.432108e+03 7.047412e+03 7.985804e+03 9.328222e+03 5.321328e+04 1.334267e+05 2.092997e+05 2.655162e+05
3.142512e+04 3.142514e+04 3.142519e+04 3.142619e+04 3.142781e+04 3.130034e+04 3.101201e+04 3.036211e+04 2.987226e+04 2.957384e+04 2.916450e+04 2.856856e+04 2.755866e+04 2.605942e+04 2.413848e+04 2.196442e+04 1.973525e+04 1.148535e+04 8.080330e+03 6.743703e+03 6.182883e+03 5.943062e+03 5.851686e+03 5.874917e+03 6.067703e+03 6.441224e+03 7.059466e+03 8.002234e+03 9.350507e+03 5.334261e+04 1.336327e+05 2.095101e+05 2.656944e+05
2.926822e+04 2.926823e+04 2.926825e+04 2.926893e+04 2.927058e+04 2.927191e+04 2.913135e+04 2.930181e+04 2.927999e+04 2.911540e+04 2.871458e+04 2.819233e+04 2.723370e+04 2.576074e+04 2.386061e+04 2.171054e+04 1.950941e+04 1.138802e+04 8.043261e+03 6.731202e+03 6.181037e+03 5.946036e+03 5.856855e+03 5.881617e+03 6.075318e+03 6.450554e+03 7.071799e+03 8.019030e+03 9.373259e+03 5.347336e+04 1.338401e+05 2.097215e+05 2.658731e+05
2.845111e+04 2.845111e+04 2.845114e+04 2.845173e+04 2.845335e+04 2.847994e+04 2.846935e+04 2.857931e+04 2.879374e+04 2.889444e+04 2.862945e+04 2.794796e+04 2.690451e+04 2.542207e+04 2.353724e+04 2.141574e+04 1.924992e+04 1.128188e+04 8.004044e+03 6.718297e+03 6.179275e+03 5.949217e+03 5.862244e+03 5.888505e+03 6.083116e+03 6.460102e+03 7.084416e+03 8.036198e+03 9.396487e+03 5.360551e+04 1.340489e+05 2.099338e+05 2.660524e+05
2.828942e+04 2.828942e+04 2.828944e+04 2.828992e+04 2.829131e+04 2.832144e+04 2.836266e+04 2.841005e+04 2.854480e+04 2.868366e+04 2.857888e+04 2.785797e+04 2.666056e+04 2.507512e+04 2.317914e+04 2.108411e+04 1.895865e+04 1.116731e+04 7.962824e+03 6.705044e+03 6.177621e+03 5.952613e+03 5.867854e+03 5.895578e+03 6.091095e+03 6.469868e+03 7.097319e+03 8.053744e+03 9.420198e+03 5.373910e+04 1.342591e+05 2.101470e+05 2.662322e+05
2.849801e+04 2.849801e+04 2.849802e+04 2.849844e+04 2.849967e+04 2.852993e+04 2.858938e+04 2.858354e+04 2.855950e+04 2.855737e+04 2.838965e+04 2.769130e+04 2.644394e+04 2.477461e+04 2.281912e+04 2.072971e+04 1.864277e+04 1.104511e+04 7.919804e+03 6.691511e+03 6.176095e+03 5.956229e+03 5.873684e+03 5.902833e+03 6.099254e+03 6.479854e+03 7.110514e+03 8.071674e+03 9.444400e+03 5.387412e+04 1.344707e+05 2.103612e+05 2.664126e+05
2.896521e+04 2.896521e+04 2.896522e+04 2.896559e+04 2.896669e+04 2.899513e+04 2.902664e+04 2.881533e+04 2.861802e+04 2.843086e+04 2.804347e+04 2.733812e+04 2.612215e+04 2.445230e+04 2.248184e+04 2.038318e+04 1.831706e+04 1.091660e+04 7.875255e+03 6.677775e+03 6.174721e+03 5.960071e+03 5.879732e+03 5.910268e+03 6.107593e+03 6.490062e+03 7.124003e+03 8.089994e+03 9.469101e+03 5.401060e+04 1.346837e+05 2.105764e+05 2.665935e+05
2.962706e+04 2.962703e+04 2.962693e+04 2.962422e+04 2.961744e+04 2.949427e+04 2.927834e+04 2.873704e+04 2.842236e+04 2.811337e+04 2.753205e+04 2.679338e+04 2.564415e+04 2.404343e+04 2.211716e+04 2.004791e+04 1.800592e+04 1.078375e+04 7.829537e+03 6.663929e+03 6.173526e+03 5.964142e+03 5.885995e+03 5.917876e+03 6.116109e+03 6.500493e+03 7.137792e+03 8.108709e+03 9.494309e+03 5.414854e+04 1.348981e+05 2.107925e+05 2.667750e+05
2.860723e+04 2.860723e+04 2.860723e+04 2.860720e+04 2.860705e+04 2.859514e+04 2.851163e+04 2.809912e+04 2.781034e+04 2.749719e+04 2.685445e+04 2.610019e+04 2.502379e+04 2.352937e+04 2.169511e+04 1.969352e+04 1.770155e+04 1.064927e+04 7.783117e+03 6.650087e+03 6.172537e+03 5.968446e+03 5.892469e+03 5.925655e+03 6.124800e+03 6.511148e+03 7.151884e+03 8.127828e+03 9.520031e+03 5.428795e+04 1.351139e+05 2.110095e+05 2.669570e+05
2.739201e+04 2.739201e+04 2.739200e+04 2.739185e+04 2.739135e+04 2.737782e+04 2.733737e+04 2.710616e+04 2.690079e+04 2.664729e+04 2.604895e+04 2.531423e+04 2.430736e+04 2.292657e+04 2.121003e+04 1.930569e+04 1.738704e+04 1.051677e+04 7.736588e+03 6.636389e+03 6.171790e+03 5.972987e+03 5.899150e+03 5.933597e+03 6.133665e+03 6.522029e+03 7.166283e+03 8.147354e+03 9.546276e+03 5.442885e+04 1.353312e+05 2.112276e+05 2.671396e+05
1.896354e+04 1.896354e+04 1.896354e+04 1.896355e+04 1.896358e+04 1.896411e+04 1.896404e+04 1.895676e+04 1.894651e+04 1.892576e+04 1.881488e+04 1.853759e+04 1.802573e+04 1.726131e+04 1.628282e+04 1.517018e+04 1.401654e+04 9.513321e+03 7.444092e+03 6.568635e+03 6.193708e+03 6.034976e+03 5.977075e+03 6.020813e+03 6.231346e+03 6.643512e+03 7.328083e+03 8.366526e+03 9.839327e+03 5.592222e+04 1.375832e+05 2.134608e+05 2.689958e+05
1.600977e+04 1.600977e+04 1.600977e+04 1.600978e+04 1.600980e+04 1.601003e+04 1.600984e+04 1.600950e+04 1.600839e+04 1.600216e+04 1.594474e+04 1.576799e+04 1.541191e+04 1.485219e+04 1.411213e+04 1.325475e+04 1.235856e+04 8.909353e+03 7.383677e+03 6.700681e+03 6.352631e+03 6.171440e+03 6.090710e+03 6.121852e+03 6.345041e+03 6.789605e+03 7.525749e+03 8.634232e+03 1.019435e+04 5.757736e+04 1.399835e+05 2.157912e+05 2.709071e+05
1.504870e+04 1.504870e+04 1.504870e+04 1.504870e+04 1.504870e+04 1.504864e+04 1.504865e+04 1.504974e+04 1.504969e+04 1.504518e+04 1.499620e+04 1.484150e+04 1.452966e+04 1.404112e+04 1.339668e+04 1.265004e+04 1.186768e+04 8.809944e+03 7.433237e+03 6.836994e+03 6.536867e+03 6.364793e+03 6.269220e+03 6.258304e+03 6.482565e+03 6.966747e+03 7.766862e+03 8.959591e+03 1.062187e+04 5.940640e+04 1.425375e+05 2.182199e+05 2.728728e+05
1.475108e+04 1.475108e+04 1.475108e+04 1.475108e+04 1.475109e+04 1.475128e+04 1.475182e+04 1.475325e+04 1.475245e+04 1.474663e+04 1.469514e+04 1.454261e+04 1.424316e+04 1.378071e+04 1.317596e+04 1.247891e+04 1.175036e+04 8.886050e+03 7.546828e+03 6.947925e+03 6.659764e+03 6.510182e+03 6.433448e+03 6.438483e+03 6.672642e+03 7.192709e+03 8.065515e+03 9.356042e+03 1.113555e+04 6.142169e+04 1.452499e+05 2.207474e+05 2.748923e+05
1.436090e+04 1.436090e+04 1.436090e+04 1.436090e+04 1.436088e+04 1.436049e+04 1.435929e+04 1.435487e+04 1.435061e+04 1.434156e+04 1.428671e+04 1.413918e+04 1.385710e+04 1.342600e+04 1.286494e+04 1.221970e+04 1.154586e+04 8.888401e+03 7.618699e+03 7.026973e+03 6.738991e+03 6.603921e+03 6.554845e+03 6.624371e+03 6.917379e+03 7.499037e+03 8.448046e+03 9.844356e+03 1.175417e+04 6.363581e+04 1.481252e+05 2.233742e+05 2.769647e+05
1.360855e+04 1.360855e+04 1.360855e+04 1.360855e+04 1.360853e+04 1.360816e+04 1.360702e+04 1.360310e+04 1.359952e+04 1.359189e+04 1.354487e+04 1.341699e+04 1.317098e+04 1.279333e+04 1.230000e+04 1.173073e+04 1.113436e+04 8.764812e+03 7.617486e+03 7.071061e+03 6.800857e+03 6.682448e+03 6.660290e+03 6.813137e+03 7.204307e+03 7.887408e+03 8.944490e+03 1.045808e+04 1.250453e+04 6.606169e+04 1.511674e+05 2.261001e+05 2.790889e+05
1.274140e+04 1.274140e+04 1.274140e+04 1.274140e+04 1.274140e+04 1.274130e+04 1.274097e+04 1.273953e+04 1.273762e+04 1.273238e+04 1.269514e+04 1.258911e+04 1.238186e+04 1.206103e+04 1.163947e+04 1.115077e+04 1.063680e+04 8.579124e+03 7.577704e+03 7.102299e+03 6.871204e+03 6.781165e+03 6.789620e+03 7.030980e+03 7.542351e+03 8.360353e+03 9.560047e+03 1.122355e+04 1.342561e+04 6.871277e+04 1.543799e+05 2.289248e+05 2.812634e+05
1.196536e+04 1.196536e+04 1.196536e+04 1.196536e+04 1.196536e+04 1.196541e+04 1.196557e+04 1.196608e+04 1.196562e+04 1.196243e+04 1.193339e+04 1.184561e+04 1.167100e+04 1.139853e+04 1.103880e+04 1.062036e+04 1.017914e+04 8.407115e+03 7.550973e+03 7.157297e+03 6.980196e+03 6.931597e+03 6.978912e+03 7.315267e+03 7.957357e+03 8.933290e+03 1.030586e+04 1.215067e+04 1.453919e+04 7.160328e+04 1.577660e+05 2.318473e+05 2.834868e+05
1.134785e+04 1.134785e+04 1.134785e+04 1.134785e+04 1.134785e+04 1.134788e+04 1.134799e+04 1.134839e+04 1.134808e+04 1.134556e+04 1.132142e+04 1.124716e+04 1.109837e+04 1.086529e+04 1.055683e+04 1.019753e+04 9.818448e+03 8.300474e+03 7.583592e+03 7.275536e+03 7.161450e+03 7.165128e+03 7.260968e+03 7.703929e+03 8.484492e+03 9.632792e+03 1.120148e+04 1.325560e+04 1.585931e+04 7.474856e+04 1.613280e+05 2.348667e+05 2.857574e+05
1.090563e+04 1.090563e+04 1.090563e+04 1.090563e+04 1.090563e+04 1.090560e+04 1.090551e+04 1.090534e+04 1.090482e+04 1.090240e+04 1.088109e+04 1.081647e+04 1.068750e+04 1.048593e+04 1.021979e+04 9.910561e+03 9.585241e+03 8.297889e+03 7.715789e+03 7.495266e+03 7.449991e+03 7.514495e+03 7.668334e+03 8.233527e+03 9.162371e+03 1.049334e+04 1.227449e+04 1.456046e+04 1.740502e+04 7.816554e+04 1.650682e+05 2.379811e+05 2.880731e+05
1.063017e+04 1.063017e+04 1.063017e+04 1.063017e+04 1.063018e+04 1.063024e+04 1.063044e+04 1.063127e+04 1.063147e+04 1.063011e+04 1.061320e+04 1.055867e+04 1.044826e+04 1.027516e+04 1.004688e+04 9.782532e+03 9.505768e+03 8.433305e+03 7.983356e+03 7.852469e+03 7.881115e+03 8.014171e+03 8.235332e+03 8.940889e+03 1.003087e+04 1.155403e+04 1.355912e+04 1.609339e+04 1.919964e+04 8.187329e+04 1.689883e+05 2.411887e+05 2.904318e+05
1.056672e+04 1.056672e+04 1.056672e+04 1.056672e+04 1.056673e+04 1.056702e+04 1.056784e+04 1.057056e+04 1.057192e+04 1.057193e+04 1.055938e+04 1.051342e+04 1.041825e+04 1.026867e+04 1.007222e+04 9.846445e+03 9.612300e+03 8.738375e+03 8.419328e+03 8.382147e+03 8.491374e+03 8.701546e+03 8.999809e+03 9.865214e+03 1.113126e+04 1.285659e+04 1.509426e+04 1.788801e+04 2.127112e+04 8.589402e+04 1.730897e+05 2.444870e+05 2.928310e+05
1.077116e+04 1.077116e+04 1.077116e+04 1.077116e+04 1.077116e+04 1.077128e+04 1.077165e+04 1.077324e+04 1.077412e+04 1.077386e+04 1.076210e+04 1.072025e+04 1.063459e+04 1.050154e+04 1.032924e+04 1.013434e+04 9.935844e+03 9.243755e+03 9.057907e+03 9.122448e+03 9.321935e+03 9.619426e+03 1.000508e+04 1.104958e+04 1.250676e+04 1.444436e+04 1.692169e+04 1.998210e+04 2.365179e+04 9.025486e+04 1.773734e+05 2.478735e+05 2.952684e+05
1.121487e+04 1.121487e+04 1.121487e+04 1.121487e+04 1.121488e+04 1.121505e+04 1.121568e+04 1.121825e+04 1.121980e+04 1.122037e+04 1.121112e+04 1.117393e+04 1.109671e+04 1.097770e+04 1.082621e+04 1.065881e+04 1.049312e+04 9.981711e+03 9.940380e+03 1.012036e+04 1.042277e+04 1.081855e+04 1.130118e+04 1.254119e+04 1.420259e+04 1.636175e+04 1.908471e+04 2.241624e+04 2.637757e+04 9.499348e+04 1.818404e+05 2.513449e+05 2.977410e+05
1.197261e+04 1.197261e+04 1.197261e+04 1.197261e+04 1.197262e+04 1.197297e+04 1.197399e+04 1.197765e+04 1.197985e+04 1.198112e+04 1.197333e+04 1.193820e+04 1.186518e+04 1.175468e+04 1.161796e+04 1.147238e+04 1.133496e+04 1.100436e+04 1.112552e+04 1.143758e+04 1.185499e+04 1.235760e+04 1.294370e+04 1.438984e+04 1.626500e+04 1.865354e+04 2.162724e+04 2.523250e+04 2.948697e+04 1.001300e+05 1.864916e+05 2.548981e+05 3.002460e+05
1.310718e+04 1.310718e+04 1.310718e+04 1.310718e+04 1.310720e+04 1.310779e+04 1.310955e+04 1.311597e+04 1.312008e+04 1.312347e+04 1.311982e+04 1.308776e+04 1.301697e+04 1.291008e+04 1.278159e+04 1.265149e+04 1.253761e+04 1.239225e+04 1.269279e+04 1.314772e+04 1.368557e+04 1.429759e+04 1.498869e+04 1.664473e+04 1.873968e+04 2.136408e+04 2.459309e+04 2.847361e+04 3.302005e+04 1.056597e+05 1.913282e+05 2.585295e+05 3.027804e+05
1.481653e+04 1.481653e+04 1.481653e+04 1.481654e+04 1.481655e+04 1.481709e+04 1.481860e+04 1.482403e+04 1.482742e+04 1.482972e+04 1.482150e+04 1.478020e+04 1.469644e+04 1.457692e+04 1.444148e+04 1.431421e+04 1.421439e+04 1.424011e+04 1.472099e+04 1.531793e+04 1.597348e+04 1.669183e+04 1.748563e+04 1.935111e+04 2.167035e+04 2.453685e+04 2.802577e+04 3.218240e+04 3.701760e+04 1.115798e+05 1.963514e+05 2.622352e+05 3.053409e+05
1.704139e+04 1.704139e+04 1.704139e+04 1.704139e+04 1.704140e+04 1.704172e+04 1.704280e+04 1.704768e+04 1.705099e+04 1.705312e+04 1.704307e+04 1.699611e+04 1.690294e+04 1.677347e+04 1.663235e+04 1.650776e+04 1.642077e+04 1.660733e+04 1.726012e+04 1.799184e+04 1.875897e+04 1.957922e+04 2.047326e+04 2.254900e+04 2.509860e+04 2.821462e+04 3.196850e+04 3.640161e+04 4.152053e+04 1.178857e+05 2.015633e+05 2.660115e+05 3.079244e+05
1.987957e+04 1.987957e+04 1.987957e+04 1.987957e+04 1.987958e+04 1.988004e+04 1.988146e+04 1.988705e+04 1.989053e+04 1.989240e+04 1.987880e+04 1.982187e+04 1.971241e+04 1.956415e+04 1.940759e+04 1.927607e+04 1.919318e+04 1.951432e+04 2.032802e+04 2.118832e+04 2.206396e+04 2.298565e+04 2.398161e+04 2.627526e+04 2.906552e+04 3.244044e+04 3.646475e+04 4.117389e+04 4.656944e+04 1.245710e+05 2.069672e+05 2.698542e+05 3.105275e+05
2.326655e+04 2.326655e+04 2.326655e+04 2.326656e+04 2.326657e+04 2.326717e+04 2.326902e+04 2.327611e+04 2.328044e+04 2.328286e+04 2.326728e+04 2.320124e+04 2.307494e+04 2.290581e+04 2.273060e+04 2.258839e+04 2.250585e+04 2.294918e+04 2.392051e+04 2.491185e+04 2.590206e+04 2.693318e+04 2.803979e+04 3.056856e+04 3.361437e+04 3.725900e+04 4.155872e+04 4.654171e+04 5.220417e+04 1.316267e+05 2.125685e+05 2.737594e+05 3.131468e+05
2.720467e+04 2.720467e+04 2.720467e+04 2.720468e+04 2.720469e+04 2.720517e+04 2.720668e+04 2.721270e+04 2.721631e+04 2.721759e+04 2.719647e+04 2.711770e+04 2.697115e+04 2.677799e+04 2.658103e+04 2.642503e+04 2.633977e+04 2.689781e+04 2.803541e+04 2.917403e+04 3.029675e+04 3.145440e+04 3.268693e+04 3.547514e+04 3.879333e+04 4.271766e+04 4.729551e+04 5.254712e+04 5.846312e+04 1.390416e+05 2.183789e+05 2.777232e+05 3.157788e+05
3.168612e+04 3.168612e+04 3.168613e+04 3.168613e+04 3.168616e+04 3.168701e+04 3.168966e+04 3.169993e+04 3.170633e+04 3.171031e+04 3.169143e+04 3.160595e+04 3.144134e+04 3.122174e+04 3.099686e+04 3.081895e+04 3.072289e+04 3.138286e+04 3.270691e+04 3.401986e+04 3.530018e+04 3.660538e+04 3.798071e+04 4.105205e+04 4.465641e+04 4.886640e+04 5.372062e+04 5.923097e+04 6.538244e+04 1.468021e+05 2.244035e+05 2.817418e+05 3.184203e+05
3.703370e+04 3.703370e+04 3.703370e+04 3.703370e+04 3.703372e+04 3.703424e+04 3.703588e+04 3.704233e+04 3.704594e+04 3.704602e+04 3.701234e+04 3.689699e+04 3.668555e+04 3.640745e+04 3.612264e+04 3.589401e+04 3.576369e+04 3.648937e+04 3.802340e+04 3.953862e+04 4.099861e+04 4.246746e+04 4.399712e+04 4.736543e+04 5.126158e+04 5.575612e+04 6.087851e+04 6.663164e+04 7.299478e+04 1.548928e+05 2.306184e+05 2.858117e+05 3.210678e+05
4.302700e+04 4.302700e+04 4.302700e+04 4.302701e+04 4.302704e+04 4.302804e+04 4.303106e+04 4.304266e+04 4.304967e+04 4.305284e+04 4.301948e+04 4.288840e+04 4.264070e+04 4.231022e+04 4.196815e+04 4.168999e+04 4.152691e+04 4.234332e+04 4.411550e+04 4.584988e+04 4.749805e+04 4.913433e+04 5.081954e+04 5.448351e+04 5.866648e+04 6.343588e+04 6.881055e+04 7.478343e+04 8.132789e+04 1.632960e+05 2.370014e+05 2.899299e+05 3.237180e+05
5.016409e+04 5.016410e+04 5.016410e+04 5.016411e+04 5.016414e+04 5.016526e+04 5.016877e+04 5.018253e+04 5.019081e+04 5.019431e+04 5.015228e+04 4.998965e+04 4.968264e+04 4.927170e+04 4.884288e+04 4.848778e+04 4.826879e+04 4.912343e+04 5.112267e+04 5.306807e+04 5.489527e+04 5.668987e+04 5.852238e+04 6.246782e+04 6.692341e+04 7.194975e+04 7.755278e+04 8.371462e+04 9.040299e+04 1.719921e+05 2.435312e+05 2.940938e+05 3.263678e+05
5.858619e+04 5.858619e+04 5.858619e+04 5.858620e+04 5.858622e+04 5.858690e+04 5.858902e+04 5.859726e+04 5.860120e+04 5.859833e+04 5.853085e+04 5.831523e+04 5.792332e+04 5.740385e+04 5.685999e+04 5.640162e+04 5.610378e+04 5.693109e+04 5.912820e+04 6.126334e+04 6.325205e+04 6.519079e+04 6.715915e+04 7.136733e+04 7.607604e+04 8.133436e+04 8.713375e+04 9.344568e+04 1.002331e+05 1.809590e+05 2.501856e+05 2.983020e+05 3.290141e+05
6.791791e+04 6.791791e+04 6.791791e+04 6.791792e+04 6.791797e+04 6.791940e+04 6.792386e+04 6.794091e+04 6.795052e+04 6.795265e+04 6.788499e+04 6.764247e+04 6.718998e+04 6.658235e+04 6.593847e+04 6.538596e+04 6.501303e+04 6.579077e+04 6.815485e+04 7.045763e+04 7.259317e+04 7.466615e+04 7.676288e+04 8.121885e+04 8.615882e+04 9.161757e+04 9.757283e+04 1.039873e+05 1.108212e+05 1.901727e+05 2.569417e+05 3.025545e+05 3.316543e+05
7.872728e+04 7.872728e+04 7.872728e+04 7.872729e+04 7.872732e+04 7.872842e+04 7.873196e+04 7.874589e+04 7.875305e+04 7.875090e+04 7.866099e+04 7.836438e+04 7.781862e+04 7.708530e+04 7.630081e+04 7.561306e+04 7.512579e+04 7.571895e+04 7.819597e+04 8.064786e+04 8.292562e+04 8.513283e+04 8.735780e+04 9.205241e+04 9.719827e+04 1.028175e+05 1.088783e+05 1.153386e+05 1.221586e+05 1.996063e+05 2.637759e+05 3.068546e+05 3.342856e+05
9.077676e+04 9.077676e+04 9.077676e+04 9.077677e+04 9.077681e+04 9.077794e+04 9.078149e+04 9.079557e+04 9.080245e+04 9.079830e+04 9.068979e+04 9.033879e+04 8.969235e+04 8.881710e+04 8.786758e+04 8.701466e+04 8.638113e+04 8.667467e+04 8.923287e+04 9.183558e+04 9.426601e+04 9.661693e+04 9.897461e+04 1.038969e+05 1.092134e+05 1.149407e+05 1.210448e+05 1.274843e+05 1.342229e+05 2.092307e+05 2.706640e+05 3.112073e+05 3.369057e+05
1.040950e+05 1.040950e+05 1.040950e+05 1.040950e+05 1.040950e+05 1.040963e+05 1.041003e+05 1.041158e+05 1.041229e+05 1.041166e+05 1.039856e+05 1.035677e+05 1.027971e+05 1.017469e+05 1.005941e+05 9.953789e+04 9.872438e+04 9.864344e+04 1.012891e+05 1.040638e+05 1.066648e+05 1.091687e+05 1.116585e+05 1.167801e+05 1.222123e+05 1.279781e+05 1.340499e+05 1.403924e+05 1.469758e+05 2.190142e+05 2.775814e+05 3.155954e+05 3.395128e+05
1.186545e+05 1.186545e+05 1.186545e+05 1.186545e+05 1.186545e+05 1.186560e+05 1.186605e+05 1.186781e+05 1.186860e+05 1.186783e+05 1.185243e+05 1.180339e+05 1.171270e+05 1.158841e+05 1.145072e+05 1.132264e+05 1.122139e+05 1.117198e+05 1.144670e+05 1.174309e+05 1.202083e+05 1.228579e+05 1.254605e+05 1.307177e+05 1.361829e+05 1.418979e+05 1.478492e+05 1.540111e+05 1.603616e+05 2.289225e+05 2.845035e+05 3.200016e+05 3.421053e+05
1.347420e+05 1.347420e+05 1.347420e+05 1.347420e+05 1.347421e+05 1.347437e+05 1.347490e+05 1.347693e+05 1.347784e+05 1.347695e+05 1.345904e+05 1.340184e+05 1.329566e+05 1.314930e+05 1.298578e+05 1.283173e+05 1.270733e+05 1.260862e+05 1.289220e+05 1.320612e+05 1.349874e+05 1.377424e+05 1.404094e+05 1.456930e+05 1.510794e+05 1.566379e+05 1.623719e+05 1.682663e+05 1.743064e+05 2.389194e+05 2.914062e+05 3.244106e+05 3.446822e+05
1.526803e+05 1.526803e+05 1.526803e+05 1.526803e+05 1.526803e+05 1.526820e+05 1.526871e+05 1.527066e+05 1.527143e+05 1.527004e+05 1.524839e+05 1.518085e+05 1.505592e+05 1.488334e+05 1.468941e+05 1.450482e+05 1.435312e+05 1.419255e+05 1.447849e+05 1.480332e+05 1.510339e+05 1.538163e+05 1.564695e+05 1.616320e+05 1.668093e+05 1.720985e+05 1.775179e+05 1.830609e+05 1.887177e+05 2.489666e+05 2.982655e+05 3.288081e+05 3.472432e+05
1.723844e+05 1.723844e+05 1.723844e+05 1.723845e+05 1.723845e+05 1.723861e+05 1.723913e+05 1.724107e+05 1.724173e+05 1.723987e+05 1.721434e+05 1.713588e+05 1.699097e+05 1.679030e+05 1.656357e+05 1.634578e+05 1.616404e+05 1.592864e+05 1.620470e+05 1.652859e+05 1.682494e+05 1.709565e+05 1.735030e+05 1.783859e+05 1.832263e+05 1.881413e+05 1.931589e+05 1.982766e+05 2.034870e+05 2.590243e+05 3.050586e+05 3.331800e+05 3.497890e+05
1.937144e+05 1.937144e+05 1.937144e+05 1.937145e+05 1.937145e+05 1.937159e+05 1.937203e+05 1.937368e+05 1.937403e+05 1.937146e+05 1.934150e+05 1.925146e+05 1.908578e+05 1.885599e+05 1.859501e+05 1.834198e+05 1.812753e+05 1.779900e+05 1.804743e+05 1.835598e+05 1.863690e+05 1.889034e+05 1.912609e+05 1.957328e+05 2.001354e+05 2.045951e+05 2.091433e+05 2.137784e+05 2.184935e+05 2.690520e+05 3.117633e+05 3.375126e+05 3.523222e+05
2.162561e+05 2.162561e+05 2.162561e+05 2.162561e+05 2.162561e+05 2.162575e+05 2.162616e+05 2.162768e+05 2.162783e+05 2.162468e+05 2.159059e+05 2.148925e+05 2.130277e+05 2.104316e+05 2.074626e+05 2.045523e+05 2.020435e+05 1.975903e+05 1.996144e+05 2.024253e+05 2.049958e+05 2.072951e+05 2.094149e+05 2.134024e+05 2.173110e+05 2.212683e+05 2.253057e+05 2.294215e+05 2.336089e+05 2.790086e+05 3.183587e+05 3.417928e+05 3.548482e+05
2.396961e+05 2.396961e+05 2.396961e+05 2.396961e+05 2.396961e+05 2.396967e+05 2.396988e+05 2.397068e+05 2.397017e+05 2.396588e+05 2.392606e+05 2.381096e+05 2.360015e+05 2.330604e+05 2.296753e+05 2.263216e+05 2.233829e+05 2.174974e+05 2.189251e+05 2.213951e+05 2.236948e+05 2.257438e+05 2.276188e+05 2.311157e+05 2.345233e+05 2.379667e+05 2.414786e+05 2.450592e+05 2.487036e+05 2.888533e+05 3.248255e+05 3.460076e+05 3.573602e+05
2.628332e+05 2.628332e+05 2.628332e+05 2.628332e+05 2.628332e+05 2.628335e+05 2.628343e+05 2.628370e+05 2.628274e+05 2.627757e+05 2.623284e+05 2.610514e+05 2.587146e+05 2.554440e+05 2.516564e+05 2.478685e+05 2.445030e+05 2.371403e+05 2.379274e+05 2.400485e+05 2.420922e+05 2.439157e+05 2.455730e+05 2.486260e+05 2.515633e+05 2.545096e+05 2.575033e+05 2.605507e+05 2.636517e+05 2.985460e+05 3.311454e+05 3.501449e+05 3.598473e+05
2.852360e+05 2.852360e+05 2.852360e+05 2.852360e+05 2.852360e+05 2.852370e+05 2.852400e+05 2.852504e+05 2.852449e+05 2.851941e+05 2.847198e+05 2.833419e+05 2.808019e+05 2.772244e+05 2.730507e+05 2.688370e+05 2.650458e+05 2.561690e+05 2.563085e+05 2.581091e+05 2.599397e+05 2.615833e+05 2.630657e+05 2.657446e+05 2.682599e+05 2.707409e+05 2.732375e+05 2.757665e+05 2.783358e+05 3.080485e+05 3.373019e+05 3.541930e+05 3.623011e+05
3.074456e+05 3.074456e+05 3.074456e+05 3.074456e+05 3.074456e+05 3.074456e+05 3.074458e+05 3.074449e+05 3.074299e+05 3.073642e+05 3.068240e+05 3.052966e+05 3.024958e+05 2.985476e+05 2.939224e+05 2.892211e+05 2.849504e+05 2.744387e+05 2.739444e+05 2.754676e+05 2.771308e+05 2.786367e+05 2.799814e+05 2.823461e+05 2.844835e+05 2.865325e+05 2.885583e+05 2.905914e+05 2.926491e+05 3.173242e+05 3.432802e+05 3.581409e+05 3.647141e+05
3.282813e+05 3.282813e+05 3.282813e+05 3.282813e+05 3.282813e+05 3.282818e+05 3.282834e+05 3.282880e+05 3.282761e+05 3.282103e+05 3.276402e+05 3.260065e+05 3.229951e+05 3.187323e+05 3.137152e+05 3.085856e+05 3.038909e+05 2.919233e+05 2.908658e+05 2.921470e+05 2.936660e+05 2.950521e+05 2.962745e+05 2.983523e+05 3.001376e+05 3.017803e+05 3.033613e+05 3.049245e+05 3.064969e+05 3.263392e+05 3.490668e+05 3.619783e+05 3.670793e+05
3.484779e+05 3.484779e+05 3.484779e+05 3.484779e+05 3.484779e+05 3.484785e+05 3.484803e+05 3.484855e+05 3.484730e+05 3.484031e+05 3.477955e+05 3.460506e+05 3.428269e+05 3.382505e+05 3.328448e+05 3.272927e+05 3.221815e+05 3.087956e+05 3.071853e+05 3.082176e+05 3.095802e+05 3.108342e+05 3.119242e+05 3.137058e+05 3.151441e+05 3.163969e+05 3.175570e+05 3.186787e+05 3.197965e+05 3.350628e+05 3.546502e+05 3.656959e+05 3.693903e+05
3.683329e+05 3.683329e+05 3.683329e+05 3.683329e+05 3.683329e+05 3.683335e+05 3.683352e+05 3.683393e+05 3.683246e+05 3.682486e+05 3.675981e+05 3.657360e+05 3.622928e+05 3.573937e+05 3.515873e+05 3.455976e+05 3.400530e+05 3.251725e+05 3.229606e+05 3.237035e+05 3.248718e+05 3.259602e+05 3.268909e+05 3.283439e+05 3.294286e+05 3.303036e+05 3.310670e+05 3.317786e+05 3.324769e+05 3.434676e+05 3.600203e+05 3.692851e+05 3.716410e+05
3.874761e+05 3.874761e+05 3.874761e+05 3.874761e+05 3.874761e+05 3.874761e+05 3.874761e+05 3.874739e+05 3.874539e+05 3.873686e+05 3.866706e+05 3.846911e+05 3.810365e+05 3.758318e+05 3.696490e+05 3.632488e+05 3.572963e+05 3.409753e+05 3.381342e+05 3.385405e+05 3.394684e+05 3.403525e+05 3.410941e+05 3.421856e+05 3.429130e+05 3.434267e+05 3.438226e+05 3.441603e+05 3.444789e+05 3.515296e+05 3.651687e+05 3.727383e+05 3.738256e+05
4.053837e+05 4.053837e+05 4.053837e+05 4.053837e+05 4.053837e+05 4.053842e+05 4.053855e+05 4.053884e+05 4.053715e+05 4.052869e+05 4.045675e+05 4.025074e+05 3.986903e+05 3.932393e+05 3.867453e+05 3.799989e+05 3.736962e+05 3.560603e+05 3.525639e+05 3.525838e+05 3.532297e+05 3.538802e+05 3.544145e+05 3.551339e+05 3.555178e+05 3.556992e+05 3.557655e+05 3.557720e+05 3.557556e+05 3.592290e+05 3.700885e+05 3.760489e+05 3.759388e+05
4.227949e+05 4.227949e+05 4.227949e+05 4.227949e+05 4.227949e+05 4.227951e+05 4.227958e+05 4.227962e+05 4.227767e+05 4.226864e+05 4.219314e+05 4.197755e+05 4.157784e+05 4.100598e+05 4.032279e+05 3.961040e+05 3.894165e+05 3.703022e+05 3.660502e+05 3.656330e+05 3.659751e+05 3.663867e+05 3.667186e+05 3.670926e+05 3.671718e+05 3.670663e+05 3.668514e+05 3.665761e+05 3.662737e+05 3.665497e+05 3.747743e+05 3.792111e+05 3.779756e+05
4.395764e+05 4.395764e+05 4.395764e+05 4.395764e+05 4.395764e+05 4.395766e+05 4.395772e+05 4.395771e+05 4.395559e+05 4.394605e+05 4.386690e+05 4.364110e+05 4.322182e+05 4.262031e+05 4.189901e+05 4.114338e+05 4.043001e+05 3.834562e+05 3.783548e+05 3.774854e+05 3.775384e+05 3.777373e+05 3.778971e+05 3.779893e+05 3.778260e+05 3.774929e+05 3.770535e+05 3.765506e+05 3.760141e+05 3.734796e+05 3.792222e+05 3.822202e+05 3.799314e+05
4.551083e+05 4.551083e+05 4.551083e+05 4.551083e+05 4.551083e+05 4.551075e+05 4.551051e+05 4.550931e+05 4.550626e+05 4.549535e+05 4.541076e+05 4.517308e+05 4.473284e+05 4.410052e+05 4.334011e+05 4.254032e+05 4.178151e+05 3.952235e+05 3.892972e+05 3.880193e+05 3.878320e+05 3.878667e+05 3.879010e+05 3.877960e+05 3.874645e+05 3.869701e+05 3.863664e+05 3.856914e+05 3.849725e+05 3.800103e+05 3.834295e+05 3.850723e+05 3.818020e+05
4.681247e+05 4.681247e+05 4.681247e+05 4.681247e+05 4.681247e+05 4.681244e+05 4.681234e+05 4.681169e+05 4.680896e+05 4.679821e+05 4.671218e+05 4.646823e+05 4.601448e+05 4.536057e+05 4.457149e+05 4.373837e+05 4.294453e+05 4.054565e+05 3.988519e+05 3.972458e+05 3.968777e+05 3.967997e+05 3.967550e+05 3.965358e+05 3.961083e+05 3.955164e+05 3.948058e+05 3.940113e+05 3.931590e+05 3.861372e+05 3.873950e+05 3.877646e+05 3.835838e+05
4.793505e+05 4.793505e+05 4.793505e+05 4.793505e+05 4.793505e+05 4.793502e+05 4.793492e+05 4.793426e+05 4.793151e+05 4.792056e+05 4.783252e+05 4.758231e+05 4.711613e+05 4.644312e+05 4.562930e+05 4.476795e+05 4.394481e+05 4.143102e+05 4.071539e+05 4.052874e+05 4.047856e+05 4.046338e+05 4.045454e+05 4.042762e+05 4.038111e+05 4.031750e+05 4.024068e+05 4.015387e+05 4.005962e+05 3.918588e+05 3.911183e+05 3.902950e+05 3.852732e+05
4.893088e+05 4.893088e+05 4.893088e+05 4.893088e+05 4.893088e+05 4.893087e+05 4.893085e+05 4.893049e+05 4.892788e+05 4.891691e+05 4.882720e+05 4.857107e+05 4.809288e+05 4.740140e+05 4.656378e+05 4.567549e+05 4.482463e+05 4.220492e+05 4.144039e+05 4.123158e+05 4.117074e+05 4.115041e+05 4.113922e+05 4.111125e+05 4.106486e+05 4.100068e+05 4.092187e+05 4.083137e+05 4.073170e+05 3.971770e+05 3.946005e+05 3.926623e+05 3.868675e+05
4.984226e+05 4.984226e+05 4.984226e+05 4.984226e+05 4.984226e+05 4.984226e+05 4.984226e+05 4.984197e+05 4.983935e+05 4.982818e+05 4.973643e+05 4.947398e+05 4.898331e+05 4.827275e+05 4.741065e+05 4.649472e+05 4.561561e+05 4.289033e+05 4.207924e+05 4.185004e+05 4.177971e+05 4.175508e+05 4.174232e+05 4.171494e+05 4.167069e+05 4.160825e+05 4.152996e+05 4.143845e+05 4.133610e+05 4.020962e+05 3.978434e+05 3.948663e+05 3.883641e+05
5.068491e+05 5.068491e+05 5.068491e+05 5.068491e+05 5.068491e+05 5.068490e+05 5.068490e+05 5.068459e+05 5.068192e+05 5.067049e+05 5.057655e+05 5.030765e+05 4.980439e+05 4.907462e+05 4.818784e+05 4.724403e+05 4.633639e+05 4.350485e+05 4.264763e+05 4.239848e+05 4.231883e+05 4.228988e+05 4.227548e+05 4.224875e+05 4.220715e+05 4.214744e+05 4.207108e+05 4.198027e+05 4.187721e+05 4.066233e+05 4.008498e+05 3.969072e+05 3.897610e+05
5.145960e+05 5.145960e+05 5.145960e+05 5.145960e+05 5.145960e+05 5.145958e+05 5.145951e+05 5.145895e+05 5.145603e+05 5.144413e+05 5.134758e+05 5.107197e+05 5.055622e+05 4.980781e+05 4.889733e+05 4.792687e+05 4.699198e+05 4.405851e+05 4.315651e+05 4.288765e+05 4.279847e+05 4.276482e+05 4.274833e+05 4.272144e+05 4.268205e+05 4.262512e+05 4.255119e+05 4.246199e+05 4.235947e+05 4.107671e+05 4.036231e+05 3.987860e+05 3.910566e+05
5.213989e+05 5.213989e+05 5.213989e+05 5.213989e+05 5.213989e+05 5.213987e+05 5.213980e+05 5.213925e+05 5.213630e+05 5.212423e+05 5.202605e+05 5.174551e+05 5.122008e+05 5.045681e+05 4.952707e+05 4.853460e+05 4.757689e+05 4.455516e+05 4.361235e+05 4.332474e+05 4.322608e+05 4.318740e+05 4.316835e+05 4.314022e+05 4.310211e+05 4.304741e+05 4.297580e+05 4.288852e+05 4.278723e+05 4.145380e+05 4.061678e+05 4.005044e+05 3.922498e+05
5.273530e+05 5.273530e+05 5.273530e+05 5.273530e+05 5.273530e+05 5.273529e+05 5.273524e+05 5.273477e+05 5.273184e+05 5.271967e+05 5.262027e+05 5.233586e+05 5.180269e+05 5.102744e+05 5.008202e+05 4.907148e+05 4.809487e+05 4.499825e+05 4.401939e+05 4.371462e+05 4.360693e+05 4.356317e+05 4.354121e+05 4.351079e+05 4.347289e+05 4.341956e+05 4.334978e+05 4.326433e+05 4.316454e+05 4.179479e+05 4.084886e+05 4.020646e+05 3.933398e+05
5.326110e+05 5.326110e+05 5.326110e+05 5.326110e+05 5.326110e+05 5.326109e+05 5.326106e+05 5.326063e+05 5.325771e+05 5.324543e+05 5.314496e+05 5.285719e+05 5.231731e+05 5.153167e+05 5.057265e+05 4.954644e+05 4.855343e+05 4.539169e+05 4.438124e+05 4.406118e+05 4.394515e+05 4.389640e+05 4.387130e+05 4.383765e+05 4.379882e+05 4.374591e+05 4.367731e+05 4.359337e+05 4.349511e+05 4.210095e+05 4.105911e+05 4.034693e+05 3.943262e+05
5.372682e+05 5.372682e+05 5.372682e+05 5.372682e+05 5.372682e+05 5.372681e+05 5.372678e+05 5.372634e+05 5.372338e+05 5.371097e+05 5.360936e+05 5.331828e+05 5.277203e+05 5.197674e+05 5.100536e+05 4.996512e+05 4.895761e+05 4.573942e+05 4.470170e+05 4.436809e+05 4.424430e+05 4.419058e+05 4.416204e+05 4.412419e+05 4.408339e+05 4.402998e+05 4.396188e+05 4.387907e+05 4.378225e+05 4.237363e+05 4.124809e+05 4.047217e+05 3.952091e+05
5.413968e+05 5.413968e+05 5.413968e+05 5.413968e+05 5.413968e+05 5.413967e+05 5.413966e+05 5.413933e+05 5.413640e+05 5.412393e+05 5.402134e+05 5.372713e+05 5.317482e+05 5.237050e+05 5.138772e+05 5.033477e+05 4.931432e+05 4.604673e+05 4.498497e+05 4.463879e+05 4.450730e+05 4.444829e+05 4.441588e+05 4.437285e+05 4.432919e+05 4.427453e+05 4.420639e+05 4.412438e+05 4.402888e+05 4.261423e+05 4.141644e+05 4.058252e+05 3.959888e+05
5.451475e+05 5.451475e+05 5.451475e+05 5.451475e+05 5.451475e+05 5.451475e+05 5.451474e+05 5.451439e+05 5.451144e+05 5.449882e+05 5.439511e+05 5.409773e+05 5.353945e+05 5.272634e+05 5.173257e+05 5.066743e+05 4.963463e+05 4.631992e+05 4.523462e+05 4.487553e+05 4.473579e+05 4.467096e+05 4.463420e+05 4.458524e+05 4.453813e+05 4.448178e+05 4.441327e+05 4.433186e+05 4.423763e+05 4.282416e+05 4.156480e+05 4.067836e+05 3.966661e+05
5.485652e+05 5.485652e+05 5.485652e+05 5.485652e+05 5.485652e+05 5.485652e+05 5.485651e+05 5.485618e+05 5.485320e+05 5.484048e+05 5.473578e+05 5.443547e+05 5.387161e+05 5.305016e+05 5.204584e+05 5.096886e+05 4.992390e+05 4.656147e+05 4.545132e+05 4.507836e+05 4.492977e+05 4.485875e+05 4.481741e+05 4.476231e+05 4.471164e+05 4.465352e+05 4.458458e+05 4.450375e+05 4.441084e+05 4.300488e+05 4.169385e+05 4.076011e+05 3.972421e+05
5.516872e+05 5.516872e+05 5.516872e+05 5.516872e+05 5.516872e+05 5.516872e+05 5.516871e+05 5.516836e+05 5.516536e+05 5.515252e+05 5.504685e+05 5.474375e+05 5.417450e+05 5.334484e+05 5.232993e+05 5.124083e+05 5.018324e+05 4.676994e+05 4.563316e+05 4.524575e+05 4.508826e+05 4.501121e+05 4.496554e+05 4.490478e+05 4.485096e+05 4.479137e+05 4.472220e+05 4.464212e+05 4.455069e+05 4.315782e+05 4.180429e+05 4.082820e+05 3.977182e+05
5.545140e+05 5.545140e+05 5.545140e+05 5.545140e+05 5.545140e+05 5.545139e+05 5.545138e+05 5.545101e+05 5.544796e+05 5.543498e+05 5.532833e+05 5.502237e+05 5.444753e+05 5.360926e+05 5.258312e+05 5.148108e+05 5.040994e+05 4.694223e+05 4.577798e+05 4.537645e+05 4.521071e+05 4.512832e+05 4.507895e+05 4.501362e+05 4.495744e+05 4.489695e+05 4.482798e+05 4.474895e+05 4.465925e+05 4.328441e+05 4.189682e+05 4.088307e+05 3.980960e+05
5.570310e+05 5.570310e+05 5.570310e+05 5.570310e+05 5.570310e+05 5.570310e+05 5.570308e+05 5.570267e+05 5.569956e+05 5.568640e+05 5.557853e+05 5.526918e+05 5.468785e+05 5.383977e+05 5.280105e+05 5.168480e+05 5.059906e+05 4.707551e+05 4.588506e+05 4.547078e+05 4.529793e+05 4.521115e+05 4.515889e+05 4.509026e+05 4.503269e+05 4.497203e+05 4.490378e+05 4.482620e+05 4.473852e+05 4.338604e+05 4.197214e+05 4.092519e+05 3.983773e+05
5.591133e+05 5.591133e+05 5.591133e+05 5.591133e+05 5.591133e+05 5.591131e+05 5.591124e+05 5.591065e+05 5.590738e+05 5.589395e+05 5.578470e+05 5.547186e+05 5.488403e+05 5.402627e+05 5.297527e+05 5.184528e+05 5.074556e+05 4.717002e+05 4.595617e+05 4.553089e+05 4.535211e+05 4.526184e+05 4.520744e+05 4.513671e+05 4.507869e+05 4.501856e+05 4.495157e+05 4.487583e+05 4.479048e+05 4.346411e+05 4.203099e+05 4.095503e+05 3.985643e+05
5.605677e+05 5.605677e+05 5.605677e+05 5.605676e+05 5.605676e+05 5.605674e+05 5.605667e+05 5.605609e+05 5.605282e+05 5.603934e+05 5.592939e+05 5.561433e+05 5.502198e+05 5.415716e+05 5.309693e+05 5.195638e+05 5.084572e+05 4.722809e+05 4.599459e+05 4.555997e+05 4.537626e+05 4.528321e+05 4.522725e+05 4.515538e+05 4.509767e+05 4.503868e+05 4.497342e+05 4.489987e+05 4.481712e+05 4.351996e+05 4.207407e+05 4.097306e+05 3.986594e+05
5.615140e+05 5.615140e+05 5.615140e+05 5.615140e+05 5.615140e+05 5.615139e+05 5.615136e+05 5.615090e+05 5.614770e+05 5.613425e+05 5.602394e+05 5.570733e+05 5.511161e+05 5.424137e+05 5.317395e+05 5.202506e+05 5.090568e+05 4.725381e+05 4.600387e+05 4.556137e+05 4.537353e+05 4.527828e+05 4.522120e+05 4.514888e+05 4.509203e+05 4.503462e+05 4.497142e+05 4.490033e+05 4.482036e+05 4.355491e+05 4.210209e+05 4.097977e+05 3.986649e+05
5.621249e+05 5.621249e+05 5.621249e+05 5.621249e+05 5.621249e+05 5.621248e+05 5.621245e+05 5.621199e+05 5.620878e+05 5.619526e+05 5.608441e+05 5.576617e+05 5.516719e+05 5.429187e+05 5.321783e+05 5.206135e+05 5.093412e+05 4.725188e+05 4.598765e+05 4.553840e+05 4.534713e+05 4.525011e+05 4.519223e+05 4.511992e+05 4.506424e+05 4.500865e+05 4.494769e+05 4.487918e+05 4.480210e+05 4.357023e+05 4.211576e+05 4.097564e+05 3.985835e+05
5.624209e+05 5.624209e+05 5.624209e+05 5.624209e+05 5.624209e+05 5.624208e+05 5.624205e+05 5.624160e+05 5.623837e+05 5.622481e+05 5.611351e+05 5.579386e+05 5.519206e+05 5.431235e+05 5.323256e+05 5.206949e+05 5.093541e+05 4.722653e+05 4.594971e+05 4.549454e+05 4.530029e+05 4.520178e+05 4.514326e+05 4.507113e+05 4.501669e+05 4.496294e+05 4.490425e+05 4.483835e+05 4.476417e+05 4.356716e+05 4.211577e+05 4.096114e+05 3.984179e+05
5.624258e+05 5.624258e+05 5.624258e+05 5.624258e+05 5.624258e+05 5.624257e+05 5.624254e+05 5.624209e+05 5.623885e+05 5.622524e+05 5.611357e+05 5.579280e+05 5.518875e+05 5.430553e+05 5.322113e+05 5.205272e+05 5.091304e+05 4.718168e+05 4.589374e+05 4.543318e+05 4.523615e+05 4.513621e+05 4.507704e+05 4.500495e+05 4.495159e+05 4.489956e+05 4.484302e+05 4.477962e+05 4.470827e+05 4.354686e+05 4.210281e+05 4.093675e+05 3.981710e+05
5.621729e+05 5.621729e+05 5.621729e+05 5.621729e+05 5.621729e+05 5.621729e+05 5.621727e+05 5.621686e+05 5.621365e+05 5.620004e+05 5.608816e+05 5.576658e+05 5.516086e+05 5.427498e+05 5.318704e+05 5.201448e+05 5.087038e+05 4.712055e+05 4.582279e+05 4.535717e+05 4.515735e+05 4.505586e+05 4.499588e+05 4.492349e+05 4.487090e+05 4.482031e+05 4.476571e+05 4.470465e+05 4.463598e+05 4.351050e+05 4.207755e+05 4.090294e+05 3.978457e+05
5.617266e+05 5.617266e+05 5.617266e+05 5.617265e+05 5.617265e+05 5.617265e+05 5.617263e+05 5.617222e+05 5.616900e+05 5.615536e+05 5.604321e+05 5.572088e+05 5.511370e+05 5.422560e+05 5.313474e+05 5.195879e+05 5.081105e+05 4.704553e+05 4.573885e+05 4.526834e+05 4.506568e+05 4.496248e+05 4.490150e+05 4.482842e+05 4.477623e+05 4.472676e+05 4.467384e+05 4.461491e+05 4.454875e+05 4.345914e+05 4.204064e+05 4.086017e+05 3.974450e+05
5.610819e+05 5.610819e+05 5.610819e+05 5.610819e+05 5.610819e+05 5.610818e+05 5.610815e+05 5.610769e+05 5.610443e+05 5.609072e+05 5.597828e+05 5.565528e+05 5.504693e+05 5.415709e+05 5.306398e+05 5.188536e+05 5.073476e+05 4.695637e+05 4.564206e+05 4.516721e+05 4.496191e+05 4.485703e+05 4.479498e+05 4.472093e+05 4.466883e+05 4.462021e+05 4.456871e+05 4.451170e+05 4.444788e+05 4.339384e+05 4.199272e+05 4.080888e+05 3.969718e+05
5.601874e+05 5.601874e+05 5.601874e+05 5.601874e+05 5.601874e+05 5.601873e+05 5.601870e+05 5.601823e+05 5.601497e+05 5.600125e+05 5.588874e+05 5.556554e+05 5.495670e+05 5.406601e+05 5.297161e+05 5.179136e+05 5.063889e+05 4.685158e+05 4.553181e+05 4.505372e+05 4.484631e+05 4.473999e+05 4.467694e+05 4.460186e+05 4.454968e+05 4.450171e+05 4.445145e+05 4.439617e+05 4.433451e+05 4.331557e+05 4.193442e+05 4.074952e+05 3.964293e+05
5.590544e+05 5.590544e+05 5.590544e+05 5.590544e+05 5.590544e+05 5.590544e+05 5.590544e+05 5.590508e+05 5.590190e+05 5.588829e+05 5.577607e+05 5.545324e+05 5.484476e+05 5.395420e+05 5.285960e+05 5.167878e+05 5.052542e+05 4.673268e+05 4.540905e+05 4.492849e+05 4.471938e+05 4.461184e+05 4.454792e+05 4.447190e+05 4.441960e+05 4.437218e+05 4.432302e+05 4.426933e+05 4.420969e+05 4.322530e+05 4.186633e+05 4.068252e+05 3.958205e+05
5.578244e+05 5.578244e+05 5.578244e+05 5.578244e+05 5.578244e+05 5.578244e+05 5.578243e+05 5.578208e+05 5.577890e+05 5.576530e+05 5.565320e+05 5.533066e+05 5.472255e+05 5.383230e+05 5.273774e+05 5.155661e+05 5.040260e+05 4.660437e+05 4.527628e+05 4.479293e+05 4.458203e+05 4.447329e+05 4.440856e+05 4.433168e+05 4.427931e+05 4.423240e+05 4.418429e+05 4.413209e+05 4.407436e+05 4.312390e+05 4.178905e+05 4.060830e+05 3.951483e+05
5.565361e+05 5.565361e+05 5.565361e+05 5.565361e+05 5.565360e+05 5.565359e+05 5.565356e+05 5.565312e+05 5.564988e+05 5.563623e+05 5.552408e+05 5.520163e+05 5.459377e+05 5.370377e+05 5.260928e+05 5.142787e+05 5.027319e+05 4.646855e+05 4.513488e+05 4.464811e+05 4.443514e+05 4.432511e+05 4.425955e+05 4.418189e+05 4.412950e+05 4.408314e+05 4.403605e+05 4.398529e+05 4.392940e+05 4.301224e+05 4.170314e+05 4.052726e+05 3.944157e+05
5.550697e+05 5.550697e+05 5.550697e+05 5.550697e+05 5.550697e+05 5.550695e+05 5.550691e+05 5.550642e+05 5.550315e+05 5.548947e+05 5.537733e+05 5.505515e+05 5.444786e+05 5.355865e+05 5.246497e+05 5.128418e+05 5.012977e+05 4.632221e+05 4.498417e+05 4.449428e+05 4.427928e+05 4.416795e+05 4.410158e+05 4.402322e+05 4.397089e+05 4.392513e+05 4.387905e+05 4.382971e+05 4.377559e+05 4.289111e+05 4.160914e+05 4.043980e+05 3.936259e+05
5.533277e+05 5.533277e+05 5.533277e+05 5.533277e+05 5.533277e+05 5.533275e+05 5.533271e+05 5.533222e+05 5.532895e+05 5.531530e+05 5.520338e+05 5.488184e+05 5.427578e+05 5.338837e+05 5.229686e+05 5.111830e+05 4.996590e+05 4.616246e+05 4.482312e+05 4.433125e+05 4.411467e+05 4.400225e+05 4.393520e+05 4.385630e+05 4.380417e+05 4.375907e+05 4.371404e+05 4.366609e+05 4.361370e+05 4.276128e+05 4.150759e+05 4.034630e+05 3.927816e+05
