4.868888e+04 3.280744e+04 2.648458e+04 1.414110e+04 1.097303e+04 7.468083e+03 6.630432e+03 6.056895e+03 5.910315e+03 5.800811e+03 5.656532e+03 5.587307e+03 5.576418e+03 5.612294e+03 5.686226e+03 5.791185e+03 5.920853e+03 6.708670e+03 7.109949e+03 6.712246e+03 5.862425e+03 5.028577e+03 4.390507e+03 3.656424e+03 3.385163e+03 3.404025e+03 3.657215e+03 4.137309e+03 4.853528e+03 2.646820e+04 6.871899e+04 1.158016e+05 1.566138e+05
6.207562e+03 6.207575e+03 6.207611e+03 6.210144e+03 6.217899e+03 6.206133e+03 6.125580e+03 5.861840e+03 5.772973e+03 5.697542e+03 5.593274e+03 5.549047e+03 5.556401e+03 5.606458e+03 5.691756e+03 5.805968e+03 5.943194e+03 6.749233e+03 7.144496e+03 6.731938e+03 5.870786e+03 5.031224e+03 4.390909e+03 3.656382e+03 3.386367e+03 3.407138e+03 3.662773e+03 4.145845e+03 4.865560e+03 2.653067e+04 6.882446e+04 1.159235e+05 1.567307e+05
5.878286e+03 5.878289e+03 5.878297e+03 5.878476e+03 5.878756e+03 5.855104e+03 5.808854e+03 5.710962e+03 5.621392e+03 5.564986e+03 5.510765e+03 5.501948e+03 5.533947e+03 5.601952e+03 5.700837e+03 5.825611e+03 5.971135e+03 6.795214e+03 7.182100e+03 6.752760e+03 5.879372e+03 5.033809e+03 4.391199e+03 3.656289e+03 3.387593e+03 3.410339e+03 3.668480e+03 4.154588e+03 4.877856e+03 2.659380e+04 6.893064e+04 1.160460e+05 1.568480e+05
5.645488e+03 5.645489e+03 5.645493e+03 5.645573e+03 5.645736e+03 5.640247e+03 5.595144e+03 5.575393e+03 5.546383e+03 5.498660e+03 5.438772e+03 5.454902e+03 5.512983e+03 5.601031e+03 5.714996e+03 5.851249e+03 6.005571e+03 6.846925e+03 7.222802e+03 6.774667e+03 5.888138e+03 5.036304e+03 4.391361e+03 3.656139e+03 3.388842e+03 3.413629e+03 3.674338e+03 4.163542e+03 4.890422e+03 2.665761e+04 6.903754e+04 1.161690e+05 1.569657e+05
5.466397e+03 5.466397e+03 5.466400e+03 5.466455e+03 5.466584e+03 5.466016e+03 5.446495e+03 5.412972e+03 5.430593e+03 5.439049e+03 5.427088e+03 5.439943e+03 5.505304e+03 5.608975e+03 5.736981e+03 5.884511e+03 6.047574e+03 6.904609e+03 7.266593e+03 6.797590e+03 5.897030e+03 5.038677e+03 4.391380e+03 3.655929e+03 3.390113e+03 3.417010e+03 3.680350e+03 4.172712e+03 4.903262e+03 2.672210e+04 6.914516e+04 1.162927e+05 1.570838e+05
5.336093e+03 5.336093e+03 5.336095e+03 5.336142e+03 5.336260e+03 5.337379e+03 5.331900e+03 5.309786e+03 5.330734e+03 5.367351e+03 5.429090e+03 5.472801e+03 5.536773e+03 5.637531e+03 5.772369e+03 5.928360e+03 6.098858e+03 6.968466e+03 7.313419e+03 6.821437e+03 5.905984e+03 5.040893e+03 4.391236e+03 3.655654e+03 3.391408e+03 3.420486e+03 3.686521e+03 4.182101e+03 4.916381e+03 2.678727e+04 6.925351e+04 1.164169e+05 1.572024e+05
5.247511e+03 5.247511e+03 5.247512e+03 5.247551e+03 5.247656e+03 5.250470e+03 5.259287e+03 5.272351e+03 5.292603e+03 5.331990e+03 5.434036e+03 5.522331e+03 5.604471e+03 5.704364e+03 5.832232e+03 5.988227e+03 6.162431e+03 7.038729e+03 7.363182e+03 6.846093e+03 5.914929e+03 5.042914e+03 4.390912e+03 3.655311e+03 3.392725e+03 3.424059e+03 3.692854e+03 4.191714e+03 4.929784e+03 2.685313e+04 6.936258e+04 1.165417e+05 1.573213e+05
5.246822e+03 5.246823e+03 5.246824e+03 5.246882e+03 5.247050e+03 5.252720e+03 5.268887e+03 5.300928e+03 5.320548e+03 5.353895e+03 5.460043e+03 5.578839e+03 5.687913e+03 5.798729e+03 5.925654e+03 6.074202e+03 6.243509e+03 7.115750e+03 7.415763e+03 6.871424e+03 5.923786e+03 5.044699e+03 4.390385e+03 3.654894e+03 3.394065e+03 3.427730e+03 3.699352e+03 4.201554e+03 4.943476e+03 2.691969e+04 6.947237e+04 1.166671e+05 1.574407e+05
5.339183e+03 5.339184e+03 5.339186e+03 5.339237e+03 5.339390e+03 5.343478e+03 5.353901e+03 5.382656e+03 5.400025e+03 5.426320e+03 5.519250e+03 5.647276e+03 5.778947e+03 5.907351e+03 6.041205e+03 6.188332e+03 6.350623e+03 7.200123e+03 7.471039e+03 6.897285e+03 5.932468e+03 5.046207e+03 4.389638e+03 3.654399e+03 3.395430e+03 3.431502e+03 3.706018e+03 4.211627e+03 4.957461e+03 2.698695e+04 6.958291e+04 1.167931e+05 1.575604e+05
5.452168e+03 5.452168e+03 5.452170e+03 5.452216e+03 5.452353e+03 5.456178e+03 5.466208e+03 5.494897e+03 5.511594e+03 5.533688e+03 5.611463e+03 5.734567e+03 5.878214e+03 6.023937e+03 6.169921e+03 6.321213e+03 6.481116e+03 7.292807e+03 7.528910e+03 6.923520e+03 5.940888e+03 5.047394e+03 4.388648e+03 3.653822e+03 3.396818e+03 3.435377e+03 3.712857e+03 4.221937e+03 4.971744e+03 2.705491e+04 6.969417e+04 1.169197e+05 1.576806e+05
5.582857e+03 5.582858e+03 5.582859e+03 5.582901e+03 5.583027e+03 5.586600e+03 5.596232e+03 5.625621e+03 5.643023e+03 5.663884e+03 5.731109e+03 5.844052e+03 5.989902e+03 6.147828e+03 6.307002e+03 6.466391e+03 6.627887e+03 7.395318e+03 7.589331e+03 6.949979e+03 5.948957e+03 5.048219e+03 4.387396e+03 3.653159e+03 3.398231e+03 3.439358e+03 3.719871e+03 4.232487e+03 4.986331e+03 2.712358e+04 6.980618e+04 1.170468e+05 1.578012e+05
7.729683e+03 7.729684e+03 7.729685e+03 7.729715e+03 7.729811e+03 7.732756e+03 7.741624e+03 7.775289e+03 7.799496e+03 7.828208e+03 7.897507e+03 7.979551e+03 8.072031e+03 8.174625e+03 8.286661e+03 8.404925e+03 8.523323e+03 8.847475e+03 8.351737e+03 7.217263e+03 5.997908e+03 5.030000e+03 4.357440e+03 3.641275e+03 3.413971e+03 3.485607e+03 3.800519e+03 4.352246e+03 5.150008e+03 2.785057e+04 7.096753e+04 1.183512e+05 1.590297e+05
1.120066e+04 1.120066e+04 1.120066e+04 1.120056e+04 1.120024e+04 1.119213e+04 1.117251e+04 1.110755e+04 1.106588e+04 1.102031e+04 1.092172e+04 1.081737e+04 1.070990e+04 1.060081e+04 1.049146e+04 1.038312e+04 1.027644e+04 9.702475e+03 8.742842e+03 7.355507e+03 6.001916e+03 4.983170e+03 4.305250e+03 3.622814e+03 3.435022e+03 3.546220e+03 3.903346e+03 4.501394e+03 5.349863e+03 2.865450e+04 7.220607e+04 1.197161e+05 1.602996e+05
9.792838e+03 9.792838e+03 9.792838e+03 9.792840e+03 9.792845e+03 9.792957e+03 9.793200e+03 9.793720e+03 9.793853e+03 9.793733e+03 9.791831e+03 9.785852e+03 9.773763e+03 9.754178e+03 9.726251e+03 9.689329e+03 9.642652e+03 9.217596e+03 8.344237e+03 7.093746e+03 5.857449e+03 4.906794e+03 4.264425e+03 3.618792e+03 3.470504e+03 3.627548e+03 4.034141e+03 4.685783e+03 5.591964e+03 2.954069e+04 7.352471e+04 1.211426e+05 1.616112e+05
8.618588e+03 8.618588e+03 8.618588e+03 8.618590e+03 8.618595e+03 8.618745e+03 8.619177e+03 8.620637e+03 8.621567e+03 8.622588e+03 8.624797e+03 8.627043e+03 8.629034e+03 8.630311e+03 8.630077e+03 8.627026e+03 8.619267e+03 8.417281e+03 7.749069e+03 6.684028e+03 5.606814e+03 4.772633e+03 4.206767e+03 3.643485e+03 3.540699e+03 3.741626e+03 4.201786e+03 4.913220e+03 5.883725e+03 3.051448e+04 7.492622e+04 1.226319e+05 1.629647e+05
8.034535e+03 8.034535e+03 8.034535e+03 8.034537e+03 8.034542e+03 8.034683e+03 8.035073e+03 8.036253e+03 8.036932e+03 8.037630e+03 8.039030e+03 8.040393e+03 8.041644e+03 8.042594e+03 8.042777e+03 8.041268e+03 8.036553e+03 7.879433e+03 7.297294e+03 6.336630e+03 5.365027e+03 4.625273e+03 4.137100e+03 3.682567e+03 3.650053e+03 3.906709e+03 4.420914e+03 5.194870e+03 6.234844e+03 3.158123e+04 7.641325e+04 1.241849e+05 1.643601e+05
7.706729e+03 7.706729e+03 7.706729e+03 7.706731e+03 7.706735e+03 7.706876e+03 7.707258e+03 7.708218e+03 7.708638e+03 7.708963e+03 7.709225e+03 7.708845e+03 7.707704e+03 7.705638e+03 7.702281e+03 7.696880e+03 7.688162e+03 7.519986e+03 6.962042e+03 6.061502e+03 5.165671e+03 4.500467e+03 4.079690e+03 3.737378e+03 3.793083e+03 4.124185e+03 4.707331e+03 5.548081e+03 6.658807e+03 3.274632e+04 7.798827e+04 1.258024e+05 1.657974e+05
7.413637e+03 7.413637e+03 7.413637e+03 7.413636e+03 7.413632e+03 7.413518e+03 7.413152e+03 7.411611e+03 7.410398e+03 7.408870e+03 7.404862e+03 7.399625e+03 7.393239e+03 7.385726e+03 7.376891e+03 7.366151e+03 7.352413e+03 7.171735e+03 6.641266e+03 5.809452e+03 4.996732e+03 4.407854e+03 4.052409e+03 3.820107e+03 3.973072e+03 4.394335e+03 5.062907e+03 5.985832e+03 7.175127e+03 3.401531e+04 7.965360e+04 1.274850e+05 1.672765e+05
6.938937e+03 6.938937e+03 6.938937e+03 6.938937e+03 6.938935e+03 6.938876e+03 6.938685e+03 6.937890e+03 6.937281e+03 6.936527e+03 6.934561e+03 6.931933e+03 6.928578e+03 6.924385e+03 6.919080e+03 6.912066e+03 6.902317e+03 6.751889e+03 6.287122e+03 5.556103e+03 4.849232e+03 4.349671e+03 4.065317e+03 3.945390e+03 4.200047e+03 4.722740e+03 5.491609e+03 6.511678e+03 7.793639e+03 3.539405e+04 8.141143e+04 1.292333e+05 1.687971e+05
6.444738e+03 6.444738e+03 6.444738e+03 6.444738e+03 6.444736e+03 6.444692e+03 6.444548e+03 6.444002e+03 6.443624e+03 6.443188e+03 6.442154e+03 6.440908e+03 6.439432e+03 6.437643e+03 6.435289e+03 6.431818e+03 6.426292e+03 6.313250e+03 5.928693e+03 5.315642e+03 4.730116e+03 4.331572e+03 4.126157e+03 4.126448e+03 4.487698e+03 5.119913e+03 6.001053e+03 7.131817e+03 8.519455e+03 3.688881e+04 8.326382e+04 1.310476e+05 1.703589e+05
6.007429e+03 6.007429e+03 6.007429e+03 6.007430e+03 6.007432e+03 6.007501e+03 6.007706e+03 6.008376e+03 6.008767e+03 6.009165e+03 6.009936e+03 6.010627e+03 6.011191e+03 6.011538e+03 6.011446e+03 6.010449e+03 6.007755e+03 5.922728e+03 5.610471e+03 5.113403e+03 4.652959e+03 4.362093e+03 4.242822e+03 4.375228e+03 4.851152e+03 5.600216e+03 6.602725e+03 7.855099e+03 9.359774e+03 3.850658e+04 8.521271e+04 1.329281e+05 1.719614e+05
5.680890e+03 5.680890e+03 5.680890e+03 5.680890e+03 5.680890e+03 5.680881e+03 5.680850e+03 5.680709e+03 5.680594e+03 5.680449e+03 5.680066e+03 5.679580e+03 5.679020e+03 5.678379e+03 5.677525e+03 5.676103e+03 5.673471e+03 5.603867e+03 5.352788e+03 4.964648e+03 4.628571e+03 4.449831e+03 4.423877e+03 4.703890e+03 5.306449e+03 6.180626e+03 7.311569e+03 8.693281e+03 1.032359e+04 4.025535e+04 8.726002e+04 1.348750e+05 1.736040e+05
5.389704e+03 5.389704e+03 5.389704e+03 5.389705e+03 5.389709e+03 5.389806e+03 5.390084e+03 5.390990e+03 5.391563e+03 5.392188e+03 5.393525e+03 5.394901e+03 5.396254e+03 5.397515e+03 5.398537e+03 5.399011e+03 5.398411e+03 5.348836e+03 5.157006e+03 4.874852e+03 4.664144e+03 4.603253e+03 4.679346e+03 5.126356e+03 5.870994e+03 6.879939e+03 8.145098e+03 9.660782e+03 1.142185e+04 4.214456e+04 8.940761e+04 1.368881e+05 1.752862e+05
5.195843e+03 5.195843e+03 5.195843e+03 5.195843e+03 5.195843e+03 5.195851e+03 5.195872e+03 5.195936e+03 5.195970e+03 5.196001e+03 5.196061e+03 5.196146e+03 5.196299e+03 5.196539e+03 5.196794e+03 5.196844e+03 5.196279e+03 5.160413e+03 5.024464e+03 4.847646e+03 4.766535e+03 4.832378e+03 5.022005e+03 5.659502e+03 6.564135e+03 7.718324e+03 9.122406e+03 1.077392e+04 1.266727e+04 4.418606e+04 9.165744e+04 1.389673e+05 1.770071e+05
5.036732e+03 5.036732e+03 5.036732e+03 5.036732e+03 5.036732e+03 5.036772e+03 5.036926e+03 5.037585e+03 5.038083e+03 5.038685e+03 5.040159e+03 5.041924e+03 5.043903e+03 5.046022e+03 5.048168e+03 5.050140e+03 5.051622e+03 5.034993e+03 4.956192e+03 4.887623e+03 4.944648e+03 5.150432e+03 5.468531e+03 6.323752e+03 7.407306e+03 8.716884e+03 1.026320e+04 1.204989e+04 1.407368e+04 4.639683e+04 9.401156e+04 1.411122e+05 1.787659e+05
4.977737e+03 4.977737e+03 4.977737e+03 4.977737e+03 4.977737e+03 4.977748e+03 4.977784e+03 4.977936e+03 4.978051e+03 4.978193e+03 4.978568e+03 4.979104e+03 4.979853e+03 4.980850e+03 4.982076e+03 4.983434e+03 4.984726e+03 4.980178e+03 4.956698e+03 5.001761e+03 5.210697e+03 5.574844e+03 6.040036e+03 7.142855e+03 8.423507e+03 9.896931e+03 1.158686e+04 1.350571e+04 1.565517e+04 4.878535e+04 9.647224e+04 1.433226e+05 1.805616e+05
4.954107e+03 4.954107e+03 4.954107e+03 4.954109e+03 4.954113e+03 4.954253e+03 4.954658e+03 4.955994e+03 4.956866e+03 4.957852e+03 4.960112e+03 4.962678e+03 4.965483e+03 4.968475e+03 4.971607e+03 4.974813e+03 4.978001e+03 4.991503e+03 5.027949e+03 5.198729e+03 5.580764e+03 6.127545e+03 6.761727e+03 8.142714e+03 9.636068e+03 1.127893e+04 1.311142e+04 1.515721e+04 1.742516e+04 5.134811e+04 9.904207e+04 1.455979e+05 1.823932e+05
5.038546e+03 5.038546e+03 5.038546e+03 5.038546e+03 5.038547e+03 5.038553e+03 5.038582e+03 5.038724e+03 5.038838e+03 5.038985e+03 5.039402e+03 5.040040e+03 5.040969e+03 5.042251e+03 5.043932e+03 5.046048e+03 5.048641e+03 5.074208e+03 5.175902e+03 5.491649e+03 6.075892e+03 6.834670e+03 7.661592e+03 9.349370e+03 1.106693e+04 1.288125e+04 1.485264e+04 1.701821e+04 1.939564e+04 5.408292e+04 1.017241e+05 1.479377e+05 1.842596e+05
5.147688e+03 5.147688e+03 5.147688e+03 5.147688e+03 5.147688e+03 5.147690e+03 5.147741e+03 5.148256e+03 5.148763e+03 5.149442e+03 5.151302e+03 5.153787e+03 5.156831e+03 5.160382e+03 5.164429e+03 5.169029e+03 5.174330e+03 5.225921e+03 5.410313e+03 5.900136e+03 6.722468e+03 7.725210e+03 8.768109e+03 1.078658e+04 1.273488e+04 1.471901e+04 1.682326e+04 1.909985e+04 2.157654e+04 5.698737e+04 1.045218e+05 1.503414e+05 1.861595e+05
5.368381e+03 5.368381e+03 5.368381e+03 5.368382e+03 5.368383e+03 5.368427e+03 5.368561e+03 5.369098e+03 5.369508e+03 5.370028e+03 5.371453e+03 5.373474e+03 5.376177e+03 5.379631e+03 5.383937e+03 5.389268e+03 5.395932e+03 5.473908e+03 5.756719e+03 6.453142e+03 7.551374e+03 8.828672e+03 1.010756e+04 1.247371e+04 1.465421e+04 1.680327e+04 1.903245e+04 2.141030e+04 2.397535e+04 6.005857e+04 1.074400e+05 1.528086e+05 1.880918e+05
5.676736e+03 5.676737e+03 5.676737e+03 5.676739e+03 5.676746e+03 5.676962e+03 5.677628e+03 5.680071e+03 5.681749e+03 5.683689e+03 5.688273e+03 5.693681e+03 5.699818e+03 5.706654e+03 5.714275e+03 5.722950e+03 5.733190e+03 5.846951e+03 6.247673e+03 7.185136e+03 8.594943e+03 1.017238e+04 1.170188e+04 1.442465e+04 1.683423e+04 1.914082e+04 2.148572e+04 2.395457e+04 2.659703e+04 6.329325e+04 1.104846e+05 1.553387e+05 1.900551e+05
6.190081e+03 6.190081e+03 6.190081e+03 6.190082e+03 6.190085e+03 6.190162e+03 6.190402e+03 6.191320e+03 6.191980e+03 6.192776e+03 6.194829e+03 6.197637e+03 6.201393e+03 6.206306e+03 6.212661e+03 6.220924e+03 6.231851e+03 6.380146e+03 6.919921e+03 8.132912e+03 9.884244e+03 1.177959e+04 1.356762e+04 1.664776e+04 1.927945e+04 2.173435e+04 2.418508e+04 2.673471e+04 2.944402e+04 6.668796e+04 1.136651e+05 1.579315e+05 1.920480e+05
6.797133e+03 6.797133e+03 6.797133e+03 6.797137e+03 6.797148e+03 6.797512e+03 6.798643e+03 6.802926e+03 6.805918e+03 6.809393e+03 6.817625e+03 6.827337e+03 6.838338e+03 6.850556e+03 6.864145e+03 6.879624e+03 6.898007e+03 7.107732e+03 7.816045e+03 9.334912e+03 1.144732e+04 1.366838e+04 1.571572e+04 1.914643e+04 2.199012e+04 2.458286e+04 2.712933e+04 2.974999e+04 3.251647e+04 7.023922e+04 1.169883e+05 1.605866e+05 1.940694e+05
7.777055e+03 7.777055e+03 7.777056e+03 7.777057e+03 7.777061e+03 7.777191e+03 7.777596e+03 7.779182e+03 7.780334e+03 7.781718e+03 7.785230e+03 7.789889e+03 7.795947e+03 7.803734e+03 7.813776e+03 7.826988e+03 7.844840e+03 8.099603e+03 8.988201e+03 1.082779e+04 1.330613e+04 1.585018e+04 1.815117e+04 2.191951e+04 2.496273e+04 2.768212e+04 3.031449e+04 3.299732e+04 3.581249e+04 7.394374e+04 1.204457e+05 1.633040e+05 1.961176e+05
8.894421e+03 8.894421e+03 8.894421e+03 8.894428e+03 8.894447e+03 8.895005e+03 8.896431e+03 8.901391e+03 8.904911e+03 8.909122e+03 8.919590e+03 8.932704e+03 8.948357e+03 8.966551e+03 8.987614e+03 9.012461e+03 9.042784e+03 9.391744e+03 1.048276e+04 1.264213e+04 1.547465e+04 1.832903e+04 2.087283e+04 2.496146e+04 2.819023e+04 3.102494e+04 3.373419e+04 3.647165e+04 3.932858e+04 7.779851e+04 1.240304e+05 1.660839e+05 1.981915e+05
1.056281e+04 1.056281e+04 1.056281e+04 1.056281e+04 1.056282e+04 1.056308e+04 1.056388e+04 1.056717e+04 1.056976e+04 1.057308e+04 1.058216e+04 1.059476e+04 1.061103e+04 1.063108e+04 1.065523e+04 1.068441e+04 1.072039e+04 1.112923e+04 1.237663e+04 1.480731e+04 1.795840e+04 2.110092e+04 2.387306e+04 2.826218e+04 3.166213e+04 3.460162e+04 3.738014e+04 4.016646e+04 4.306010e+04 8.180086e+04 1.277359e+05 1.689267e+05 2.002897e+05
1.280812e+04 1.280812e+04 1.280812e+04 1.280812e+04 1.280814e+04 1.280861e+04 1.281007e+04 1.281588e+04 1.282015e+04 1.282524e+04 1.283764e+04 1.285260e+04 1.286980e+04 1.288920e+04 1.291119e+04 1.293696e+04 1.296870e+04 1.336510e+04 1.468197e+04 1.731418e+04 2.074254e+04 2.415069e+04 2.713701e+04 3.180717e+04 3.536496e+04 3.840049e+04 4.124286e+04 4.407448e+04 4.700182e+04 8.594849e+04 1.315556e+05 1.718336e+05 2.024108e+05
1.552900e+04 1.552900e+04 1.552900e+04 1.552900e+04 1.552901e+04 1.552912e+04 1.552946e+04 1.553067e+04 1.553144e+04 1.553229e+04 1.553426e+04 1.553674e+04 1.554005e+04 1.554467e+04 1.555151e+04 1.556215e+04 1.557915e+04 1.592379e+04 1.728203e+04 2.009671e+04 2.378998e+04 2.745348e+04 3.064413e+04 3.557856e+04 3.928326e+04 4.240901e+04 4.531262e+04 4.818842e+04 5.114852e+04 9.023939e+04 1.354826e+05 1.748065e+05 2.045537e+05
1.809109e+04 1.809109e+04 1.809109e+04 1.809109e+04 1.809109e+04 1.809123e+04 1.809182e+04 1.809443e+04 1.809646e+04 1.809897e+04 1.810542e+04 1.811374e+04 1.812385e+04 1.813579e+04 1.815006e+04 1.816801e+04 1.819214e+04 1.858042e+04 2.005118e+04 2.309213e+04 2.706683e+04 3.098503e+04 3.437284e+04 3.955720e+04 4.340140e+04 4.661521e+04 4.958055e+04 5.250185e+04 5.549566e+04 9.467175e+04 1.395096e+05 1.778492e+05 2.067171e+05
2.085118e+04 2.085118e+04 2.085118e+04 2.085118e+04 2.085118e+04 2.085116e+04 2.085114e+04 2.085188e+04 2.085287e+04 2.085432e+04 2.085873e+04 2.086527e+04 2.087413e+04 2.088559e+04 2.090037e+04 2.092000e+04 2.094722e+04 2.138447e+04 2.300175e+04 2.629850e+04 3.056253e+04 3.472902e+04 3.830414e+04 4.372527e+04 4.770574e+04 5.100939e+04 5.403987e+04 5.700999e+04 6.003986e+04 9.924386e+04 1.436292e+05 1.809665e+05 2.089000e+05
2.374947e+04 2.374947e+04 2.374947e+04 2.374947e+04 2.374949e+04 2.375010e+04 2.375199e+04 2.375923e+04 2.376431e+04 2.377020e+04 2.378416e+04 2.380063e+04 2.381930e+04 2.384014e+04 2.386376e+04 2.389182e+04 2.392737e+04 2.442593e+04 2.619361e+04 2.974024e+04 3.427677e+04 3.867296e+04 4.242166e+04 4.806860e+04 5.218677e+04 5.558559e+04 5.868678e+04 6.171029e+04 6.477927e+04 1.039540e+05 1.478336e+05 1.841504e+05 2.111016e+05
2.715626e+04 2.715626e+04 2.715626e+04 2.715626e+04 2.715626e+04 2.715628e+04 2.715635e+04 2.715675e+04 2.715724e+04 2.715808e+04 2.716114e+04 2.716658e+04 2.717491e+04 2.718667e+04 2.720282e+04 2.722525e+04 2.725721e+04 2.777902e+04 2.966866e+04 3.342942e+04 3.820254e+04 4.280280e+04 4.671127e+04 5.257863e+04 5.684068e+04 6.034248e+04 6.352095e+04 6.660258e+04 6.971358e+04 1.088001e+05 1.521149e+05 1.873923e+05 2.133211e+05
3.066371e+04 3.066371e+04 3.066371e+04 3.066372e+04 3.066374e+04 3.066440e+04 3.066646e+04 3.067464e+04 3.068060e+04 3.068768e+04 3.070473e+04 3.072502e+04 3.074796e+04 3.077336e+04 3.080178e+04 3.083503e+04 3.087660e+04 3.144554e+04 3.342998e+04 3.735518e+04 4.232240e+04 4.710300e+04 5.116254e+04 5.725380e+04 6.166989e+04 6.528339e+04 6.854522e+04 7.168878e+04 7.484377e+04 1.137799e+05 1.564651e+05 1.906849e+05 2.155580e+05
3.482048e+04 3.482048e+04 3.482048e+04 3.482048e+04 3.482048e+04 3.482046e+04 3.482039e+04 3.482017e+04 3.482018e+04 3.482040e+04 3.482191e+04 3.482544e+04 3.483157e+04 3.484089e+04 3.485447e+04 3.487440e+04 3.490426e+04 3.544220e+04 3.745639e+04 4.148707e+04 4.661190e+04 5.155986e+04 5.577115e+04 6.209978e+04 6.668230e+04 7.041529e+04 7.376474e+04 7.697219e+04 8.017152e+04 1.188906e+05 1.608760e+05 1.940209e+05 2.178122e+05
3.893663e+04 3.893663e+04 3.893663e+04 3.893664e+04 3.893665e+04 3.893717e+04 3.893879e+04 3.894517e+04 3.894979e+04 3.895523e+04 3.896828e+04 3.898373e+04 3.900117e+04 3.902051e+04 3.904241e+04 3.906878e+04 3.910325e+04 3.964462e+04 4.166882e+04 4.577458e+04 5.104501e+04 5.616559e+04 6.054057e+04 6.712837e+04 7.188946e+04 7.574710e+04 7.918557e+04 8.245641e+04 8.569853e+04 1.241288e+05 1.653396e+05 1.973932e+05 2.200842e+05
4.344260e+04 4.344260e+04 4.344260e+04 4.344260e+04 4.344260e+04 4.344251e+04 4.344223e+04 4.344134e+04 4.344095e+04 4.344075e+04 4.344117e+04 4.344301e+04 4.344660e+04 4.345236e+04 4.346125e+04 4.347532e+04 4.349817e+04 4.398975e+04 4.599666e+04 5.017306e+04 5.560548e+04 6.092257e+04 6.548250e+04 7.235503e+04 7.730383e+04 8.128747e+04 8.481310e+04 8.814430e+04 9.142572e+04 1.294904e+05 1.698478e+05 2.007944e+05 2.223756e+05
4.776067e+04 4.776067e+04 4.776067e+04 4.776068e+04 4.776069e+04 4.776106e+04 4.776220e+04 4.776623e+04 4.776890e+04 4.777193e+04 4.777897e+04 4.778720e+04 4.779653e+04 4.780709e+04 4.781962e+04 4.783604e+04 4.785992e+04 4.834265e+04 5.036268e+04 5.465141e+04 6.029254e+04 6.584449e+04 7.061510e+04 7.779550e+04 8.293596e+04 8.704270e+04 9.065063e+04 9.403701e+04 9.735263e+04 1.349704e+05 1.743924e+05 2.042173e+05 2.246896e+05
5.213429e+04 5.213429e+04 5.213429e+04 5.213429e+04 5.213428e+04 5.213422e+04 5.213427e+04 5.213479e+04 5.213527e+04 5.213588e+04 5.213751e+04 5.213970e+04 5.214254e+04 5.214635e+04 5.215213e+04 5.216203e+04 5.217988e+04 5.265046e+04 5.473285e+04 5.920925e+04 6.512532e+04 7.095519e+04 7.595983e+04 8.346243e+04 8.879207e+04 9.301523e+04 9.669838e+04 1.001333e+05 1.034770e+05 1.405630e+05 1.789656e+05 2.076544e+05 2.270217e+05
5.627859e+04 5.627859e+04 5.627859e+04 5.627859e+04 5.627859e+04 5.627835e+04 5.627766e+04 5.627587e+04 5.627520e+04 5.627484e+04 5.627524e+04 5.627737e+04 5.628147e+04 5.628802e+04 5.629809e+04 5.631395e+04 5.633956e+04 5.688437e+04 5.913396e+04 6.389320e+04 7.014716e+04 7.628681e+04 8.153782e+04 8.936271e+04 9.487262e+04 9.920298e+04 1.029532e+05 1.064296e+05 1.097948e+05 1.462614e+05 1.835592e+05 2.110983e+05 2.293646e+05
6.030748e+04 6.030748e+04 6.030748e+04 6.030749e+04 6.030751e+04 6.030817e+04 6.031024e+04 6.031852e+04 6.032469e+04 6.033220e+04 6.035108e+04 6.037487e+04 6.040322e+04 6.043593e+04 6.047349e+04 6.051771e+04 6.057225e+04 6.127464e+04 6.374424e+04 6.881865e+04 7.542445e+04 8.187422e+04 8.736525e+04 9.549567e+04 1.011721e+05 1.055996e+05 1.094091e+05 1.129200e+05 1.163001e+05 1.520576e+05 1.881653e+05 2.145415e+05 2.317126e+05
6.531002e+04 6.531002e+04 6.531002e+04 6.531003e+04 6.531004e+04 6.531059e+04 6.531229e+04 6.531907e+04 6.532414e+04 6.533030e+04 6.534577e+04 6.536512e+04 6.538804e+04 6.541453e+04 6.544534e+04 6.548264e+04 6.553055e+04 6.622468e+04 6.879089e+04 7.410262e+04 8.101156e+04 8.773839e+04 9.344583e+04 1.018526e+05 1.076802e+05 1.121957e+05 1.160577e+05 1.195972e+05 1.229858e+05 1.579430e+05 1.927760e+05 2.179766e+05 2.340601e+05
7.094591e+04 7.094591e+04 7.094591e+04 7.094591e+04 7.094591e+04 7.094586e+04 7.094571e+04 7.094509e+04 7.094467e+04 7.094422e+04 7.094357e+04 7.094380e+04 7.094563e+04 7.095000e+04 7.095846e+04 7.097385e+04 7.100092e+04 7.162810e+04 7.424320e+04 7.974286e+04 8.690646e+04 9.387078e+04 9.976632e+04 1.084181e+05 1.143834e+05 1.189803e+05 1.228901e+05 1.264530e+05 1.298441e+05 1.639074e+05 1.973833e+05 2.213963e+05 2.364020e+05
7.627466e+04 7.627466e+04 7.627466e+04 7.627467e+04 7.627469e+04 7.627542e+04 7.627769e+04 7.628608e+04 7.629183e+04 7.629846e+04 7.631416e+04 7.633292e+04 7.635470e+04 7.637973e+04 7.640908e+04 7.644526e+04 7.649290e+04 7.722564e+04 7.998263e+04 8.568408e+04 9.307488e+04 1.002438e+05 1.063026e+05 1.151740e+05 1.212684e+05 1.259431e+05 1.298975e+05 1.334791e+05 1.368666e+05 1.699398e+05 2.019793e+05 2.247934e+05 2.387331e+05
8.216692e+04 8.216692e+04 8.216692e+04 8.216693e+04 8.216695e+04 8.216768e+04 8.216996e+04 8.217873e+04 8.218510e+04 8.219277e+04 8.221191e+04 8.223607e+04 8.226514e+04 8.229919e+04 8.233898e+04 8.238672e+04 8.244675e+04 8.324881e+04 8.609696e+04 9.193518e+04 9.949565e+04 1.068304e+05 1.130301e+05 1.221038e+05 1.283239e+05 1.330755e+05 1.370720e+05 1.406676e+05 1.440443e+05 1.760281e+05 2.065561e+05 2.281609e+05 2.410484e+05
8.895823e+04 8.895823e+04 8.895823e+04 8.895823e+04 8.895825e+04 8.895873e+04 8.896025e+04 8.896631e+04 8.897082e+04 8.897627e+04 8.898976e+04 8.900634e+04 8.902570e+04 8.904790e+04 8.907391e+04 8.910619e+04 8.914937e+04 8.985741e+04 9.263534e+04 9.848531e+04 1.061399e+05 1.136026e+05 1.199269e+05 1.291955e+05 1.355427e+05 1.403716e+05 1.444072e+05 1.480107e+05 1.513682e+05 1.821590e+05 2.111056e+05 2.314918e+05 2.433431e+05
9.611712e+04 9.611712e+04 9.611712e+04 9.611712e+04 9.611712e+04 9.611699e+04 9.611660e+04 9.611501e+04 9.611384e+04 9.611244e+04 9.610922e+04 9.610592e+04 9.610323e+04 9.610205e+04 9.610391e+04 9.611171e+04 9.613027e+04 9.671617e+04 9.939446e+04 1.052229e+05 1.129476e+05 1.205277e+05 1.269747e+05 1.364434e+05 1.429220e+05 1.478276e+05 1.518974e+05 1.555004e+05 1.588279e+05 1.883184e+05 2.156200e+05 2.347797e+05 2.456123e+05
1.026934e+05 1.026934e+05 1.026934e+05 1.026934e+05 1.026935e+05 1.026940e+05 1.026955e+05 1.027012e+05 1.027050e+05 1.027093e+05 1.027193e+05 1.027311e+05 1.027446e+05 1.027600e+05 1.027785e+05 1.028024e+05 1.028362e+05 1.034768e+05 1.061764e+05 1.120465e+05 1.198707e+05 1.275845e+05 1.341654e+05 1.438481e+05 1.504622e+05 1.554413e+05 1.595368e+05 1.631274e+05 1.664112e+05 1.944910e+05 2.200910e+05 2.380181e+05 2.478513e+05
1.094157e+05 1.094157e+05 1.094157e+05 1.094157e+05 1.094157e+05 1.094162e+05 1.094178e+05 1.094240e+05 1.094286e+05 1.094343e+05 1.094484e+05 1.094663e+05 1.094878e+05 1.095131e+05 1.095428e+05 1.095790e+05 1.096256e+05 1.103211e+05 1.130491e+05 1.189724e+05 1.269123e+05 1.347764e+05 1.415047e+05 1.514153e+05 1.581652e+05 1.632094e+05 1.673173e+05 1.708798e+05 1.741035e+05 2.006606e+05 2.245109e+05 2.412009e+05 2.500555e+05
1.166771e+05 1.166771e+05 1.166771e+05 1.166771e+05 1.166771e+05 1.166775e+05 1.166787e+05 1.166836e+05 1.166873e+05 1.166917e+05 1.167029e+05 1.167171e+05 1.167339e+05 1.167534e+05 1.167761e+05 1.168040e+05 1.168409e+05 1.174654e+05 1.201162e+05 1.260427e+05 1.340929e+05 1.421185e+05 1.490053e+05 1.591522e+05 1.660310e+05 1.711254e+05 1.752271e+05 1.787420e+05 1.818862e+05 2.068103e+05 2.288716e+05 2.443225e+05 2.522205e+05
1.242501e+05 1.242501e+05 1.242501e+05 1.242501e+05 1.242500e+05 1.242497e+05 1.242488e+05 1.242451e+05 1.242426e+05 1.242398e+05 1.242338e+05 1.242276e+05 1.242214e+05 1.242159e+05 1.242120e+05 1.242124e+05 1.242211e+05 1.247057e+05 1.272613e+05 1.332133e+05 1.414069e+05 1.496187e+05 1.566773e+05 1.670620e+05 1.740543e+05 1.791769e+05 1.832489e+05 1.866929e+05 1.897364e+05 2.129226e+05 2.331651e+05 2.473773e+05 2.543421e+05
1.311145e+05 1.311145e+05 1.311145e+05 1.311145e+05 1.311145e+05 1.311142e+05 1.311132e+05 1.311095e+05 1.311071e+05 1.311046e+05 1.310998e+05 1.310957e+05 1.310926e+05 1.310912e+05 1.310926e+05 1.310991e+05 1.311148e+05 1.316486e+05 1.342975e+05 1.404218e+05 1.488453e+05 1.572834e+05 1.645270e+05 1.751409e+05 1.822215e+05 1.873436e+05 1.913579e+05 1.947056e+05 1.976258e+05 2.189794e+05 2.373838e+05 2.503604e+05 2.564161e+05
1.374838e+05 1.374838e+05 1.374838e+05 1.374838e+05 1.374838e+05 1.374845e+05 1.374865e+05 1.374947e+05 1.375008e+05 1.375082e+05 1.375270e+05 1.375507e+05 1.375788e+05 1.376110e+05 1.376476e+05 1.376904e+05 1.377434e+05 1.384726e+05 1.413480e+05 1.477440e+05 1.564510e+05 1.651334e+05 1.725599e+05 1.833750e+05 1.905083e+05 1.955955e+05 1.995214e+05 2.027466e+05 2.055213e+05 2.249624e+05 2.415199e+05 2.532667e+05 2.584386e+05
1.447525e+05 1.447525e+05 1.447525e+05 1.447525e+05 1.447525e+05 1.447529e+05 1.447543e+05 1.447601e+05 1.447645e+05 1.447699e+05 1.447842e+05 1.448029e+05 1.448261e+05 1.448540e+05 1.448876e+05 1.449290e+05 1.449824e+05 1.457501e+05 1.487446e+05 1.553480e+05 1.642986e+05 1.731941e+05 1.807748e+05 1.917382e+05 1.988784e+05 2.038926e+05 2.076989e+05 2.107760e+05 2.133847e+05 2.308533e+05 2.455659e+05 2.560921e+05 2.604060e+05
1.526567e+05 1.526567e+05 1.526567e+05 1.526567e+05 1.526567e+05 1.526572e+05 1.526586e+05 1.526642e+05 1.526684e+05 1.526735e+05 1.526866e+05 1.527034e+05 1.527240e+05 1.527487e+05 1.527785e+05 1.528155e+05 1.528642e+05 1.536100e+05 1.566202e+05 1.633222e+05 1.724279e+05 1.814695e+05 1.891529e+05 2.001896e+05 2.072835e+05 2.121853e+05 2.158422e+05 2.187486e+05 2.211742e+05 2.366340e+05 2.495145e+05 2.588324e+05 2.623148e+05
1.610373e+05 1.610373e+05 1.610373e+05 1.610373e+05 1.610373e+05 1.610378e+05 1.610392e+05 1.610449e+05 1.610491e+05 1.610543e+05 1.610674e+05 1.610843e+05 1.611050e+05 1.611298e+05 1.611594e+05 1.611962e+05 1.612440e+05 1.619728e+05 1.649541e+05 1.716658e+05 1.808280e+05 1.899316e+05 1.976523e+05 2.086728e+05 2.156646e+05 2.204165e+05 2.238981e+05 2.266157e+05 2.288453e+05 2.422867e+05 2.533589e+05 2.614839e+05 2.641618e+05
1.698813e+05 1.698813e+05 1.698813e+05 1.698813e+05 1.698813e+05 1.698817e+05 1.698832e+05 1.698890e+05 1.698934e+05 1.698989e+05 1.699127e+05 1.699306e+05 1.699526e+05 1.699787e+05 1.700098e+05 1.700478e+05 1.700963e+05 1.708038e+05 1.737089e+05 1.803365e+05 1.894482e+05 1.985210e+05 2.062073e+05 2.171181e+05 2.239540e+05 2.285239e+05 2.318102e+05 2.343266e+05 2.363528e+05 2.477945e+05 2.570924e+05 2.640433e+05 2.659440e+05
1.792316e+05 1.792316e+05 1.792316e+05 1.792316e+05 1.792316e+05 1.792321e+05 1.792337e+05 1.792402e+05 1.792451e+05 1.792510e+05 1.792660e+05 1.792848e+05 1.793072e+05 1.793326e+05 1.793616e+05 1.793954e+05 1.794373e+05 1.800616e+05 1.827966e+05 1.892320e+05 1.981894e+05 2.071447e+05 2.147300e+05 2.254457e+05 2.320799e+05 2.364434e+05 2.395220e+05 2.418314e+05 2.436528e+05 2.531415e+05 2.607086e+05 2.665076e+05 2.676587e+05
1.890956e+05 1.890956e+05 1.890956e+05 1.890956e+05 1.890956e+05 1.890952e+05 1.890941e+05 1.890899e+05 1.890871e+05 1.890841e+05 1.890777e+05 1.890712e+05 1.890649e+05 1.890593e+05 1.890550e+05 1.890538e+05 1.890592e+05 1.894751e+05 1.919622e+05 1.981513e+05 2.068992e+05 2.156815e+05 2.231175e+05 2.335722e+05 2.399713e+05 2.441135e+05 2.469799e+05 2.490837e+05 2.507043e+05 2.583127e+05 2.642018e+05 2.688740e+05 2.693035e+05
1.982045e+05 1.982045e+05 1.982045e+05 1.982045e+05 1.982045e+05 1.982042e+05 1.982030e+05 1.981985e+05 1.981951e+05 1.981910e+05 1.981809e+05 1.981686e+05 1.981548e+05 1.981400e+05 1.981254e+05 1.981129e+05 1.981061e+05 1.984447e+05 2.008175e+05 2.068500e+05 2.154135e+05 2.240081e+05 2.312685e+05 2.414192e+05 2.475628e+05 2.514790e+05 2.541365e+05 2.560419e+05 2.574711e+05 2.632947e+05 2.675666e+05 2.711404e+05 2.708762e+05
2.062282e+05 2.062282e+05 2.062282e+05 2.062282e+05 2.062282e+05 2.062284e+05 2.062293e+05 2.062327e+05 2.062353e+05 2.062383e+05 2.062457e+05 2.062543e+05 2.062637e+05 2.062739e+05 2.062852e+05 2.062990e+05 2.063185e+05 2.067791e+05 2.092209e+05 2.152135e+05 2.236321e+05 2.320346e+05 2.391018e+05 2.489206e+05 2.548002e+05 2.584940e+05 2.609525e+05 2.626720e+05 2.639232e+05 2.680757e+05 2.707981e+05 2.733047e+05 2.723750e+05
2.142210e+05 2.142210e+05 2.142210e+05 2.142210e+05 2.142210e+05 2.142213e+05 2.142222e+05 2.142256e+05 2.142282e+05 2.142313e+05 2.142393e+05 2.142495e+05 2.142621e+05 2.142770e+05 2.142949e+05 2.143172e+05 2.143469e+05 2.148763e+05 2.173646e+05 2.232949e+05 2.315362e+05 2.397141e+05 2.465637e+05 2.560278e+05 2.616429e+05 2.651244e+05 2.673984e+05 2.689482e+05 2.700375e+05 2.726453e+05 2.738920e+05 2.753653e+05 2.737981e+05
2.223718e+05 2.223718e+05 2.223718e+05 2.223718e+05 2.223719e+05 2.223721e+05 2.223730e+05 2.223766e+05 2.223793e+05 2.223826e+05 2.223908e+05 2.224015e+05 2.224144e+05 2.224297e+05 2.224478e+05 2.224703e+05 2.224999e+05 2.230160e+05 2.254268e+05 2.311652e+05 2.391300e+05 2.470221e+05 2.536211e+05 2.627095e+05 2.680651e+05 2.713484e+05 2.734551e+05 2.748530e+05 2.757980e+05 2.769949e+05 2.768444e+05 2.773209e+05 2.751442e+05
2.306966e+05 2.306966e+05 2.306966e+05 2.306966e+05 2.306966e+05 2.306969e+05 2.306978e+05 2.307012e+05 2.307035e+05 2.307062e+05 2.307126e+05 2.307201e+05 2.307286e+05 2.307383e+05 2.307496e+05 2.307639e+05 2.307838e+05 2.312106e+05 2.334143e+05 2.388149e+05 2.463923e+05 2.539343e+05 2.602515e+05 2.689498e+05 2.740551e+05 2.771561e+05 2.791134e+05 2.803774e+05 2.811956e+05 2.811177e+05 2.796521e+05 2.791704e+05 2.764122e+05
2.389716e+05 2.389716e+05 2.389716e+05 2.389716e+05 2.389716e+05 2.389716e+05 2.389715e+05 2.389709e+05 2.389705e+05 2.389699e+05 2.389686e+05 2.389670e+05 2.389653e+05 2.389636e+05 2.389625e+05 2.389633e+05 2.389680e+05 2.392683e+05 2.411911e+05 2.461590e+05 2.532740e+05 2.604238e+05 2.664408e+05 2.747458e+05 2.796129e+05 2.825478e+05 2.843726e+05 2.855197e+05 2.862276e+05 2.850083e+05 2.823124e+05 2.809131e+05 2.776013e+05
2.467511e+05 2.467511e+05 2.467511e+05 2.467511e+05 2.467511e+05 2.467510e+05 2.467509e+05 2.467503e+05 2.467498e+05 2.467492e+05 2.467477e+05 2.467457e+05 2.467432e+05 2.467403e+05 2.467372e+05 2.467347e+05 2.467343e+05 2.469456e+05 2.485892e+05 2.530994e+05 2.597269e+05 2.664715e+05 2.721856e+05 2.801056e+05 2.847481e+05 2.875315e+05 2.892387e+05 2.902837e+05 2.908961e+05 2.886632e+05 2.848233e+05 2.825487e+05 2.787108e+05
2.540349e+05 2.540349e+05 2.540349e+05 2.540349e+05 2.540349e+05 2.540348e+05 2.540346e+05 2.540339e+05 2.540333e+05 2.540326e+05 2.540308e+05 2.540284e+05 2.540255e+05 2.540220e+05 2.540180e+05 2.540138e+05 2.540104e+05 2.541472e+05 2.555245e+05 2.595835e+05 2.657291e+05 2.720758e+05 2.774953e+05 2.850456e+05 2.894767e+05 2.921209e+05 2.937226e+05 2.946780e+05 2.952073e+05 2.920802e+05 2.871831e+05 2.840770e+05 2.797404e+05
2.608317e+05 2.608317e+05 2.608317e+05 2.608317e+05 2.608317e+05 2.608317e+05 2.608315e+05 2.608306e+05 2.608298e+05 2.608289e+05 2.608265e+05 2.608233e+05 2.608192e+05 2.608143e+05 2.608084e+05 2.608015e+05 2.607941e+05 2.608551e+05 2.619748e+05 2.656003e+05 2.712843e+05 2.772507e+05 2.823889e+05 2.895869e+05 2.938179e+05 2.963324e+05 2.978381e+05 2.987136e+05 2.991703e+05 2.952587e+05 2.893910e+05 2.854980e+05 2.806899e+05
2.671130e+05 2.671130e+05 2.671130e+05 2.671130e+05 2.671130e+05 2.671129e+05 2.671125e+05 2.671109e+05 2.671097e+05 2.671082e+05 2.671045e+05 2.670997e+05 2.670939e+05 2.670870e+05 2.670788e+05 2.670690e+05 2.670574e+05 2.670485e+05 2.679314e+05 2.711555e+05 2.764087e+05 2.820176e+05 2.868895e+05 2.937516e+05 2.977916e+05 3.001835e+05 3.016003e+05 3.024035e+05 3.027957e+05 2.981992e+05 2.914464e+05 2.868122e+05 2.815595e+05
2.728245e+05 2.728245e+05 2.728245e+05 2.728245e+05 2.728245e+05 2.728244e+05 2.728240e+05 2.728224e+05 2.728213e+05 2.728200e+05 2.728167e+05 2.728126e+05 2.728076e+05 2.728017e+05 2.727945e+05 2.727854e+05 2.727736e+05 2.727188e+05 2.734014e+05 2.762669e+05 2.811252e+05 2.864002e+05 2.910201e+05 2.975605e+05 3.014165e+05 3.036912e+05 3.050243e+05 3.057610e+05 3.060953e+05 3.009035e+05 2.933495e+05 2.880203e+05 2.823493e+05
2.780409e+05 2.780409e+05 2.780409e+05 2.780409e+05 2.780409e+05 2.780409e+05 2.780407e+05 2.780399e+05 2.780394e+05 2.780387e+05 2.780369e+05 2.780346e+05 2.780316e+05 2.780279e+05 2.780229e+05 2.780158e+05 2.780052e+05 2.779176e+05 2.784273e+05 2.809697e+05 2.854626e+05 2.904229e+05 2.948020e+05 3.010322e+05 3.047101e+05 3.068717e+05 3.081251e+05 3.087996e+05 3.090809e+05 3.033743e+05 2.951008e+05 2.891229e+05 2.830600e+05
2.828766e+05 2.828766e+05 2.828766e+05 2.828766e+05 2.828766e+05 2.828765e+05 2.828763e+05 2.828756e+05 2.828750e+05 2.828743e+05 2.828727e+05 2.828706e+05 2.828680e+05 2.828648e+05 2.828604e+05 2.828537e+05 2.828431e+05 2.827209e+05 2.830687e+05 2.853074e+05 2.894521e+05 2.941094e+05 2.982553e+05 3.041840e+05 3.076886e+05 3.097403e+05 3.109168e+05 3.115324e+05 3.117646e+05 3.056151e+05 2.967015e+05 2.901213e+05 2.836920e+05
2.873692e+05 2.873692e+05 2.873692e+05 2.873692e+05 2.873692e+05 2.873692e+05 2.873691e+05 2.873687e+05 2.873685e+05 2.873681e+05 2.873673e+05 2.873661e+05 2.873646e+05 2.873625e+05 2.873591e+05 2.873531e+05 2.873424e+05 2.871854e+05 2.873745e+05 2.893165e+05 2.931203e+05 2.974806e+05 3.013983e+05 3.070320e+05 3.103669e+05 3.123110e+05 3.134126e+05 3.139716e+05 3.141579e+05 3.076304e+05 2.981530e+05 2.910166e+05 2.842464e+05
2.915819e+05 2.915819e+05 2.915819e+05 2.915819e+05 2.915819e+05 2.915819e+05 2.915818e+05 2.915814e+05 2.915811e+05 2.915807e+05 2.915797e+05 2.915783e+05 2.915763e+05 2.915736e+05 2.915693e+05 2.915619e+05 2.915489e+05 2.913466e+05 2.913713e+05 2.930163e+05 2.964833e+05 3.005520e+05 3.042460e+05 3.095907e+05 3.127586e+05 3.145967e+05 3.156248e+05 3.161290e+05 3.162718e+05 3.094251e+05 2.994572e+05 2.918104e+05 2.847239e+05
2.955033e+05 2.955033e+05 2.955033e+05 2.955033e+05 2.955033e+05 2.955032e+05 2.955029e+05 2.955016e+05 2.955006e+05 2.954994e+05 2.954964e+05 2.954926e+05 2.954880e+05 2.954823e+05 2.954749e+05 2.954639e+05 2.954468e+05 2.951928e+05 2.950536e+05 2.964082e+05 2.995479e+05 3.033338e+05 3.068105e+05 3.118725e+05 3.148757e+05 3.166087e+05 3.175643e+05 3.180152e+05 3.181166e+05 3.110049e+05 3.006164e+05 2.925043e+05 2.851259e+05
2.990330e+05 2.990330e+05 2.990330e+05 2.990330e+05 2.990330e+05 2.990329e+05 2.990325e+05 2.990312e+05 2.990302e+05 2.990290e+05 2.990260e+05 2.990222e+05 2.990177e+05 2.990125e+05 2.990055e+05 2.989950e+05 2.989780e+05 2.986959e+05 2.984150e+05 2.994991e+05 3.023268e+05 3.058397e+05 3.091046e+05 3.138885e+05 3.167283e+05 3.183569e+05 3.192409e+05 3.196400e+05 3.197022e+05 3.123757e+05 3.016334e+05 2.931001e+05 2.854534e+05
3.021982e+05 3.021982e+05 3.021982e+05 3.021982e+05 3.021982e+05 3.021983e+05 3.021986e+05 3.021998e+05 3.022007e+05 3.022017e+05 3.022041e+05 3.022067e+05 3.022095e+05 3.022120e+05 3.022132e+05 3.022108e+05 3.022012e+05 3.019216e+05 3.015167e+05 3.023375e+05 3.048544e+05 3.080930e+05 3.111449e+05 3.156490e+05 3.183251e+05 3.198499e+05 3.206634e+05 3.210124e+05 3.210377e+05 3.135440e+05 3.025110e+05 2.935997e+05 2.857080e+05
3.053267e+05 3.053267e+05 3.053267e+05 3.053267e+05 3.053267e+05 3.053268e+05 3.053271e+05 3.053283e+05 3.053292e+05 3.053303e+05 3.053331e+05 3.053367e+05 3.053408e+05 3.053452e+05 3.053485e+05 3.053481e+05 3.053402e+05 3.050339e+05 3.044732e+05 3.049961e+05 3.071731e+05 3.101187e+05 3.129467e+05 3.171626e+05 3.196734e+05 3.210951e+05 3.218399e+05 3.221411e+05 3.221323e+05 3.145167e+05 3.032526e+05 2.940053e+05 2.858911e+05
3.085070e+05 3.085070e+05 3.085070e+05 3.085070e+05 3.085070e+05 3.085069e+05 3.085068e+05 3.085064e+05 3.085062e+05 3.085059e+05 3.085055e+05 3.085049e+05 3.085043e+05 3.085032e+05 3.085004e+05 3.084932e+05 3.084773e+05 3.080940e+05 3.073244e+05 3.074977e+05 3.092956e+05 3.119242e+05 3.145157e+05 3.184345e+05 3.207794e+05 3.220996e+05 3.227783e+05 3.230345e+05 3.229946e+05 3.153009e+05 3.038618e+05 2.943190e+05 2.860042e+05
3.115155e+05 3.115155e+05 3.115155e+05 3.115155e+05 3.115155e+05 3.115154e+05 3.115151e+05 3.115138e+05 3.115129e+05 3.115117e+05 3.115088e+05 3.115049e+05 3.115003e+05 3.114944e+05 3.114861e+05 3.114726e+05 3.114493e+05 3.109854e+05 3.099913e+05 3.097938e+05 3.111957e+05 3.134975e+05 3.158479e+05 3.194679e+05 3.216486e+05 3.228705e+05 3.234864e+05 3.237013e+05 3.236339e+05 3.159038e+05 3.043422e+05 2.945432e+05 2.860491e+05
3.141693e+05 3.141693e+05 3.141693e+05 3.141693e+05 3.141693e+05 3.141692e+05 3.141689e+05 3.141676e+05 3.141667e+05 3.141656e+05 3.141630e+05 3.141599e+05 3.141564e+05 3.141519e+05 3.141451e+05 3.141329e+05 3.141098e+05 3.135994e+05 3.123982e+05 3.118379e+05 3.128492e+05 3.148284e+05 3.169408e+05 3.202669e+05 3.222879e+05 3.234157e+05 3.239730e+05 3.241505e+05 3.240595e+05 3.163330e+05 3.046978e+05 2.946803e+05 2.860274e+05
