1.371418e+08 9.162052e+07 7.586698e+07 5.056121e+07 4.621493e+07 4.418037e+07 4.276982e+07 4.000222e+07 3.901271e+07 3.825672e+07 3.729135e+07 3.686021e+07 3.680594e+07 3.702781e+07 3.745804e+07 3.804811e+07 3.876138e+07 4.335933e+07 4.862160e+07 5.399749e+07 5.895484e+07 6.266302e+07 6.442681e+07 6.226318e+07 5.620115e+07 4.974085e+07 4.407075e+07 3.933194e+07 3.539559e+07 1.695874e+07 1.111420e+07 8.493594e+06 7.054206e+06
4.261955e+07 4.261961e+07 4.261977e+07 4.262135e+07 4.261470e+07 4.197043e+07 4.100028e+07 3.878276e+07 3.809070e+07 3.754795e+07 3.686561e+07 3.661339e+07 3.668177e+07 3.699198e+07 3.748751e+07 3.812613e+07 3.887508e+07 4.353480e+07 4.878075e+07 5.413075e+07 5.906139e+07 6.273860e+07 6.446772e+07 6.224103e+07 5.614088e+07 4.966402e+07 4.398955e+07 3.925230e+07 3.532017e+07 1.692626e+07 1.109867e+07 8.485067e+06 7.048977e+06
3.901535e+07 3.901536e+07 3.901541e+07 3.901630e+07 3.901722e+07 3.882746e+07 3.841630e+07 3.758336e+07 3.697206e+07 3.661305e+07 3.631977e+07 3.631744e+07 3.654633e+07 3.696512e+07 3.753670e+07 3.822922e+07 3.901598e+07 4.373064e+07 4.895126e+07 5.427040e+07 5.917145e+07 6.281555e+07 6.450834e+07 6.221672e+07 5.607804e+07 4.958484e+07 4.390637e+07 3.917105e+07 3.524345e+07 1.689357e+07 1.108308e+07 8.476521e+06 7.043741e+06
3.680284e+07 3.680285e+07 3.680287e+07 3.680356e+07 3.680512e+07 3.678493e+07 3.653307e+07 3.652786e+07 3.640816e+07 3.616193e+07 3.587357e+07 3.603658e+07 3.642538e+07 3.696022e+07 3.761332e+07 3.836243e+07 3.918750e+07 4.394703e+07 4.913266e+07 5.441600e+07 5.928465e+07 6.289360e+07 6.454847e+07 6.219013e+07 5.601256e+07 4.950327e+07 4.382120e+07 3.908818e+07 3.516542e+07 1.686067e+07 1.106745e+07 8.467957e+06 7.038496e+06
3.559791e+07 3.559791e+07 3.559793e+07 3.559851e+07 3.560003e+07 3.561755e+07 3.555373e+07 3.552272e+07 3.572570e+07 3.585232e+07 3.586384e+07 3.598012e+07 3.639277e+07 3.700834e+07 3.773216e+07 3.853342e+07 3.939384e+07 4.418359e+07 4.932417e+07 5.456696e+07 5.940059e+07 6.297244e+07 6.458785e+07 6.216111e+07 5.594435e+07 4.941928e+07 4.373402e+07 3.900369e+07 3.508609e+07 1.682758e+07 1.105176e+07 8.459375e+06 7.033242e+06
3.505366e+07 3.505367e+07 3.505369e+07 3.505419e+07 3.505558e+07 3.508252e+07 3.510083e+07 3.507460e+07 3.525570e+07 3.552779e+07 3.596286e+07 3.623970e+07 3.661148e+07 3.718155e+07 3.792579e+07 3.875818e+07 3.964307e+07 4.443964e+07 4.952476e+07 5.472256e+07 5.951879e+07 6.305173e+07 6.462625e+07 6.212952e+07 5.587336e+07 4.933281e+07 4.364481e+07 3.891756e+07 3.500545e+07 1.679428e+07 1.103603e+07 8.450774e+06 7.027981e+06
3.495494e+07 3.495494e+07 3.495496e+07 3.495538e+07 3.495660e+07 3.498503e+07 3.503433e+07 3.507333e+07 3.518575e+07 3.542685e+07 3.606177e+07 3.659163e+07 3.705281e+07 3.759036e+07 3.826253e+07 3.906849e+07 3.995140e+07 4.471466e+07 4.973322e+07 5.488196e+07 5.963869e+07 6.313110e+07 6.466338e+07 6.209522e+07 5.579950e+07 4.924385e+07 4.355354e+07 3.882979e+07 3.492350e+07 1.676079e+07 1.102024e+07 8.442156e+06 7.022712e+06
3.516798e+07 3.516798e+07 3.516800e+07 3.516837e+07 3.516945e+07 3.519706e+07 3.525742e+07 3.536044e+07 3.544350e+07 3.562316e+07 3.625212e+07 3.695832e+07 3.757393e+07 3.815861e+07 3.879747e+07 3.952618e+07 4.034897e+07 4.500889e+07 4.994829e+07 5.504428e+07 5.975973e+07 6.321015e+07 6.469897e+07 6.205806e+07 5.572269e+07 4.915234e+07 4.346021e+07 3.874037e+07 3.484023e+07 1.672709e+07 1.100440e+07 8.433520e+06 7.017436e+06
3.560883e+07 3.560884e+07 3.560885e+07 3.560918e+07 3.561016e+07 3.563631e+07 3.569981e+07 3.584677e+07 3.592978e+07 3.606979e+07 3.661194e+07 3.736977e+07 3.811785e+07 3.879522e+07 3.945139e+07 4.014002e+07 4.088665e+07 4.532405e+07 5.016886e+07 5.520861e+07 5.988130e+07 6.328846e+07 6.473273e+07 6.201789e+07 5.564288e+07 4.905825e+07 4.336480e+07 3.864929e+07 3.475564e+07 1.669320e+07 1.098851e+07 8.424866e+06 7.012151e+06
3.622320e+07 3.622321e+07 3.622322e+07 3.622352e+07 3.622441e+07 3.624903e+07 3.631248e+07 3.648507e+07 3.657874e+07 3.670264e+07 3.715531e+07 3.787696e+07 3.868914e+07 3.945654e+07 4.016187e+07 4.084417e+07 4.154223e+07 4.566416e+07 5.039412e+07 5.537411e+07 6.000281e+07 6.336562e+07 6.476435e+07 6.197457e+07 5.555997e+07 4.896156e+07 4.326728e+07 3.855655e+07 3.466973e+07 1.665911e+07 1.097256e+07 8.416195e+06 7.006859e+06
3.697526e+07 3.697526e+07 3.697527e+07 3.697554e+07 3.697636e+07 3.699950e+07 3.706144e+07 3.724704e+07 3.735203e+07 3.747359e+07 3.786076e+07 3.850777e+07 3.931604e+07 4.013608e+07 4.089374e+07 4.159199e+07 4.226476e+07 4.603661e+07 5.062386e+07 5.554006e+07 6.012370e+07 6.344123e+07 6.479354e+07 6.192794e+07 5.547391e+07 4.886222e+07 4.316766e+07 3.846213e+07 3.458249e+07 1.662483e+07 1.095657e+07 8.407507e+06 7.001559e+06
4.861317e+07 4.861317e+07 4.861317e+07 4.861332e+07 4.861378e+07 4.862768e+07 4.866847e+07 4.879163e+07 4.884830e+07 4.889056e+07 4.892018e+07 4.887866e+07 4.879494e+07 4.871733e+07 4.869125e+07 4.874378e+07 4.888217e+07 5.057509e+07 5.350072e+07 5.735423e+07 6.127463e+07 6.406068e+07 6.490389e+07 6.125214e+07 5.442645e+07 4.771783e+07 4.205305e+07 3.742565e+07 3.363774e+07 1.627161e+07 1.079403e+07 8.319704e+06 6.948150e+06
5.031137e+07 5.031137e+07 5.031137e+07 5.031139e+07 5.031145e+07 5.031282e+07 5.031608e+07 5.032428e+07 5.032718e+07 5.032761e+07 5.031555e+07 5.027926e+07 5.021643e+07 5.013489e+07 5.005412e+07 5.000230e+07 5.001003e+07 5.156541e+07 5.526450e+07 5.941942e+07 6.283477e+07 6.475309e+07 6.478192e+07 6.017429e+07 5.302308e+07 4.629337e+07 4.072364e+07 3.622418e+07 3.256498e+07 1.590059e+07 1.062699e+07 8.230337e+06 6.894042e+06
4.878484e+07 4.878484e+07 4.878484e+07 4.878487e+07 4.878496e+07 4.878770e+07 4.879593e+07 4.882719e+07 4.884966e+07 4.887632e+07 4.894111e+07 4.901946e+07 4.911051e+07 4.921714e+07 4.934763e+07 4.951476e+07 4.973341e+07 5.196662e+07 5.597382e+07 6.042646e+07 6.387944e+07 6.540692e+07 6.476933e+07 5.891908e+07 5.132957e+07 4.461980e+07 3.919963e+07 3.487291e+07 3.137623e+07 1.551368e+07 1.045595e+07 8.139569e+06 6.839298e+06
5.115642e+07 5.115642e+07 5.115642e+07 5.115646e+07 5.115656e+07 5.115975e+07 5.116946e+07 5.120625e+07 5.123159e+07 5.126008e+07 5.132261e+07 5.138840e+07 5.145657e+07 5.153213e+07 5.162624e+07 5.175403e+07 5.193123e+07 5.386929e+07 5.731881e+07 6.112605e+07 6.406314e+07 6.517894e+07 6.414280e+07 5.756844e+07 4.956398e+07 4.279721e+07 3.753377e+07 3.340435e+07 3.009350e+07 1.511307e+07 1.028142e+07 8.047570e+06 6.783985e+06
5.423921e+07 5.423921e+07 5.423921e+07 5.423921e+07 5.423922e+07 5.423963e+07 5.424059e+07 5.424274e+07 5.424330e+07 5.424312e+07 5.424005e+07 5.423405e+07 5.422852e+07 5.423109e+07 5.425401e+07 5.431239e+07 5.442111e+07 5.596374e+07 5.875637e+07 6.165429e+07 6.368869e+07 6.412406e+07 6.267037e+07 5.575901e+07 4.769455e+07 4.097398e+07 3.581986e+07 3.187031e+07 2.874957e+07 1.470126e+07 1.010395e+07 7.954515e+06 6.728171e+06
5.558781e+07 5.558781e+07 5.558781e+07 5.558783e+07 5.558787e+07 5.558932e+07 5.559361e+07 5.560880e+07 5.561897e+07 5.563041e+07 5.565601e+07 5.568390e+07 5.571408e+07 5.575030e+07 5.580087e+07 5.587723e+07 5.599119e+07 5.732011e+07 5.952833e+07 6.160493e+07 6.276452e+07 6.247087e+07 6.055700e+07 5.344365e+07 4.558048e+07 3.909244e+07 3.413359e+07 3.034524e+07 2.738787e+07 1.428099e+07 9.924132e+06 7.860587e+06 6.671924e+06
5.729790e+07 5.729790e+07 5.729790e+07 5.729789e+07 5.729787e+07 5.729705e+07 5.729442e+07 5.728376e+07 5.727593e+07 5.726658e+07 5.724359e+07 5.721538e+07 5.718365e+07 5.715282e+07 5.713070e+07 5.712738e+07 5.715319e+07 5.790345e+07 5.940312e+07 6.075956e+07 6.123032e+07 6.035157e+07 5.804523e+07 5.078521e+07 4.323529e+07 3.710588e+07 3.243047e+07 2.885545e+07 2.606152e+07 1.385521e+07 9.742573e+06 7.765973e+06 6.615315e+06
5.703128e+07 5.703128e+07 5.703128e+07 5.703127e+07 5.703125e+07 5.703046e+07 5.702775e+07 5.701632e+07 5.700758e+07 5.699686e+07 5.696959e+07 5.693492e+07 5.689417e+07 5.685089e+07 5.681127e+07 5.678344e+07 5.677580e+07 5.720460e+07 5.822547e+07 5.909762e+07 5.912397e+07 5.786897e+07 5.530557e+07 4.798005e+07 4.075946e+07 3.503438e+07 3.069605e+07 2.737465e+07 2.477108e+07 1.342703e+07 9.559895e+06 7.670862e+06 6.558414e+06
5.502230e+07 5.502230e+07 5.502230e+07 5.502230e+07 5.502229e+07 5.502207e+07 5.502133e+07 5.501795e+07 5.501517e+07 5.501157e+07 5.500159e+07 5.498759e+07 5.497002e+07 5.495115e+07 5.493553e+07 5.492923e+07 5.493864e+07 5.534313e+07 5.617687e+07 5.680640e+07 5.659786e+07 5.514697e+07 5.245995e+07 4.517210e+07 3.826758e+07 3.293462e+07 2.894555e+07 2.589856e+07 2.350292e+07 1.299964e+07 9.376731e+06 7.575445e+06 6.501294e+06
5.261039e+07 5.261039e+07 5.261039e+07 5.261038e+07 5.261038e+07 5.261022e+07 5.260970e+07 5.260745e+07 5.260567e+07 5.260343e+07 5.259746e+07 5.258947e+07 5.258000e+07 5.257095e+07 5.256601e+07 5.257008e+07 5.258821e+07 5.298034e+07 5.370623e+07 5.419362e+07 5.385741e+07 5.231895e+07 4.960233e+07 4.244589e+07 3.584630e+07 3.086944e+07 2.721073e+07 2.443720e+07 2.225595e+07 1.257630e+07 9.193721e+06 7.479912e+06 6.444023e+06
5.023706e+07 5.023706e+07 5.023706e+07 5.023706e+07 5.023705e+07 5.023687e+07 5.023627e+07 5.023378e+07 5.023188e+07 5.022952e+07 5.022345e+07 5.021558e+07 5.020645e+07 5.019776e+07 5.019267e+07 5.019532e+07 5.021001e+07 5.053892e+07 5.113986e+07 5.149715e+07 5.106713e+07 4.949129e+07 4.679959e+07 3.984426e+07 3.354642e+07 2.888839e+07 2.552645e+07 2.300864e+07 2.103641e+07 1.216026e+07 9.011502e+06 7.384456e+06 6.386674e+06
4.788526e+07 4.788526e+07 4.788526e+07 4.788526e+07 4.788525e+07 4.788512e+07 4.788468e+07 4.788277e+07 4.788128e+07 4.787941e+07 4.787450e+07 4.786802e+07 4.786037e+07 4.785291e+07 4.784823e+07 4.784972e+07 4.786088e+07 4.812316e+07 4.859629e+07 4.882663e+07 4.831594e+07 4.672721e+07 4.409160e+07 3.738525e+07 3.139106e+07 2.702205e+07 2.392127e+07 2.163269e+07 1.985473e+07 1.175475e+07 8.830708e+06 7.289264e+06 6.329315e+06
4.558773e+07 4.558773e+07 4.558773e+07 4.558773e+07 4.558773e+07 4.558759e+07 4.558714e+07 4.558525e+07 4.558378e+07 4.558195e+07 4.557718e+07 4.557093e+07 4.556351e+07 4.555602e+07 4.555052e+07 4.554973e+07 4.555648e+07 4.575237e+07 4.610501e+07 4.621924e+07 4.564155e+07 4.405767e+07 4.149866e+07 3.507376e+07 2.938642e+07 2.528470e+07 2.241381e+07 2.032607e+07 1.872239e+07 1.136305e+07 8.651959e+06 7.194522e+06 6.272015e+06
4.332775e+07 4.332775e+07 4.332775e+07 4.332775e+07 4.332774e+07 4.332758e+07 4.332706e+07 4.332490e+07 4.332325e+07 4.332121e+07 4.331594e+07 4.330913e+07 4.330106e+07 4.329263e+07 4.328550e+07 4.328186e+07 4.328396e+07 4.342009e+07 4.366908e+07 4.368639e+07 4.305974e+07 4.149753e+07 3.903063e+07 3.290865e+07 2.752986e+07 2.367949e+07 2.101322e+07 1.910019e+07 1.764930e+07 1.098895e+07 8.475863e+06 7.100414e+06 6.214842e+06
4.105651e+07 4.105651e+07 4.105651e+07 4.105651e+07 4.105650e+07 4.105638e+07 4.105597e+07 4.105423e+07 4.105288e+07 4.105119e+07 4.104681e+07 4.104110e+07 4.103428e+07 4.102704e+07 4.102068e+07 4.101690e+07 4.101748e+07 4.111580e+07 4.128861e+07 4.123444e+07 4.057965e+07 3.905539e+07 3.669281e+07 3.088654e+07 2.581484e+07 2.220306e+07 1.972150e+07 1.796092e+07 1.664246e+07 1.063333e+07 8.303009e+06 7.007117e+06 6.157863e+06
3.881486e+07 3.881486e+07 3.881486e+07 3.881486e+07 3.881485e+07 3.881476e+07 3.881446e+07 3.881318e+07 3.881219e+07 3.881095e+07 3.880774e+07 3.880354e+07 3.879850e+07 3.879313e+07 3.878843e+07 3.878569e+07 3.878625e+07 3.886059e+07 3.897845e+07 3.887474e+07 3.821050e+07 3.673812e+07 3.448868e+07 2.900334e+07 2.423352e+07 2.084880e+07 1.853597e+07 1.690958e+07 1.570559e+07 1.029438e+07 8.133969e+06 6.914804e+06 6.101140e+06
3.666339e+07 3.666339e+07 3.666339e+07 3.666339e+07 3.666339e+07 3.666330e+07 3.666303e+07 3.666188e+07 3.666100e+07 3.665992e+07 3.665711e+07 3.665343e+07 3.664901e+07 3.664423e+07 3.663986e+07 3.663688e+07 3.663634e+07 3.668682e+07 3.675985e+07 3.662149e+07 3.596200e+07 3.455175e+07 3.242069e+07 2.725475e+07 2.277785e+07 1.960870e+07 1.745124e+07 1.594420e+07 1.483952e+07 9.971039e+06 7.969292e+06 6.823645e+06 6.044738e+06
3.460316e+07 3.460316e+07 3.460316e+07 3.460315e+07 3.460315e+07 3.460306e+07 3.460277e+07 3.460158e+07 3.460068e+07 3.459956e+07 3.459671e+07 3.459302e+07 3.458862e+07 3.458383e+07 3.457924e+07 3.457565e+07 3.457385e+07 3.460468e+07 3.464440e+07 3.448507e+07 3.384194e+07 3.250094e+07 3.049014e+07 2.563623e+07 2.144001e+07 1.847449e+07 1.646067e+07 1.506075e+07 1.404282e+07 9.662541e+06 7.809511e+06 6.733801e+06 5.988717e+06
3.261282e+07 3.261282e+07 3.261282e+07 3.261282e+07 3.261282e+07 3.261276e+07 3.261256e+07 3.261174e+07 3.261111e+07 3.261034e+07 3.260835e+07 3.260574e+07 3.260260e+07 3.259914e+07 3.259584e+07 3.259329e+07 3.259213e+07 3.261633e+07 3.263892e+07 3.247294e+07 3.185597e+07 3.058847e+07 2.869684e+07 2.414280e+07 2.021240e+07 1.743800e+07 1.555710e+07 1.425408e+07 1.331256e+07 9.368267e+06 7.655152e+06 6.645427e+06 5.933136e+06
3.072689e+07 3.072689e+07 3.072689e+07 3.072689e+07 3.072688e+07 3.072685e+07 3.072675e+07 3.072629e+07 3.072592e+07 3.072546e+07 3.072425e+07 3.072265e+07 3.072071e+07 3.071861e+07 3.071673e+07 3.071553e+07 3.071551e+07 3.073970e+07 3.075593e+07 3.059316e+07 3.000829e+07 2.881521e+07 2.703888e+07 2.276881e+07 1.908765e+07 1.649148e+07 1.473346e+07 1.351851e+07 1.264486e+07 9.087724e+06 7.506759e+06 6.558675e+06 5.878051e+06
2.897687e+07 2.897687e+07 2.897687e+07 2.897687e+07 2.897687e+07 2.897685e+07 2.897676e+07 2.897642e+07 2.897616e+07 2.897584e+07 2.897500e+07 2.897391e+07 2.897261e+07 2.897125e+07 2.897015e+07 2.896969e+07 2.897029e+07 2.899419e+07 2.900741e+07 2.885167e+07 2.830043e+07 2.717948e+07 2.551233e+07 2.150788e+07 1.805846e+07 1.562755e+07 1.398292e+07 1.284830e+07 1.203536e+07 8.820523e+06 7.365008e+06 6.473689e+06 5.823519e+06
2.736632e+07 2.736632e+07 2.736632e+07 2.736632e+07 2.736632e+07 2.736631e+07 2.736626e+07 2.736606e+07 2.736590e+07 2.736569e+07 2.736514e+07 2.736440e+07 2.736351e+07 2.736260e+07 2.736194e+07 2.736188e+07 2.736276e+07 2.738543e+07 2.739625e+07 2.724828e+07 2.672954e+07 2.567649e+07 2.411113e+07 2.035289e+07 1.711764e+07 1.483928e+07 1.329906e+07 1.223785e+07 1.147955e+07 8.566352e+06 7.230259e+06 6.390606e+06 5.769591e+06
2.588997e+07 2.588997e+07 2.588997e+07 2.588997e+07 2.588997e+07 2.588996e+07 2.588991e+07 2.588970e+07 2.588954e+07 2.588934e+07 2.588884e+07 2.588819e+07 2.588743e+07 2.588669e+07 2.588620e+07 2.588627e+07 2.588720e+07 2.590827e+07 2.591721e+07 2.577700e+07 2.528880e+07 2.429878e+07 2.282752e+07 1.929626e+07 1.625813e+07 1.412014e+07 1.267592e+07 1.168186e+07 1.097299e+07 8.324956e+06 7.101907e+06 6.309560e+06 5.716318e+06
2.453353e+07 2.453353e+07 2.453353e+07 2.453353e+07 2.453353e+07 2.453352e+07 2.453350e+07 2.453339e+07 2.453330e+07 2.453318e+07 2.453288e+07 2.453247e+07 2.453200e+07 2.453156e+07 2.453136e+07 2.453167e+07 2.453279e+07 2.455312e+07 2.456117e+07 2.442877e+07 2.396910e+07 2.303731e+07 2.165270e+07 1.833015e+07 1.547312e+07 1.346405e+07 1.210797e+07 1.117541e+07 1.051141e+07 8.096107e+06 6.979508e+06 6.230681e+06 5.663749e+06
2.329098e+07 2.329098e+07 2.329098e+07 2.329098e+07 2.329098e+07 2.329098e+07 2.329096e+07 2.329089e+07 2.329082e+07 2.329075e+07 2.329053e+07 2.329024e+07 2.328991e+07 2.328963e+07 2.328959e+07 2.329005e+07 2.329125e+07 2.331091e+07 2.331855e+07 2.319375e+07 2.276061e+07 2.188250e+07 2.057762e+07 1.744687e+07 1.475610e+07 1.286535e+07 1.159017e+07 1.071396e+07 1.009081e+07 7.879586e+06 6.862703e+06 6.154098e+06 5.611931e+06
2.215256e+07 2.215256e+07 2.215256e+07 2.215256e+07 2.215256e+07 2.215255e+07 2.215254e+07 2.215249e+07 2.215244e+07 2.215239e+07 2.215223e+07 2.215202e+07 2.215178e+07 2.215160e+07 2.215167e+07 2.215220e+07 2.215342e+07 2.217231e+07 2.217966e+07 2.206207e+07 2.165349e+07 2.082488e+07 1.959341e+07 1.663902e+07 1.410096e+07 1.231883e+07 1.111788e+07 1.029333e+07 9.707490e+06 7.675157e+06 6.751170e+06 6.079943e+06 5.560910e+06
2.110834e+07 2.110834e+07 2.110834e+07 2.110834e+07 2.110834e+07 2.110834e+07 2.110833e+07 2.110828e+07 2.110824e+07 2.110819e+07 2.110806e+07 2.110789e+07 2.110771e+07 2.110759e+07 2.110771e+07 2.110827e+07 2.110950e+07 2.112765e+07 2.113489e+07 2.102412e+07 2.063835e+07 1.985547e+07 1.869168e+07 1.589969e+07 1.350206e+07 1.181970e+07 1.068690e+07 9.909751e+06 9.358031e+06 7.482558e+06 6.644612e+06 6.008361e+06 5.510729e+06
2.014863e+07 2.014863e+07 2.014863e+07 2.014863e+07 2.014863e+07 2.014863e+07 2.014863e+07 2.014860e+07 2.014858e+07 2.014855e+07 2.014846e+07 2.014835e+07 2.014823e+07 2.014818e+07 2.014836e+07 2.014897e+07 2.015022e+07 2.016784e+07 2.017523e+07 2.007104e+07 1.970653e+07 1.896600e+07 1.786472e+07 1.522252e+07 1.295420e+07 1.136359e+07 1.029342e+07 9.559783e+06 9.039321e+06 7.301486e+06 6.542750e+06 5.939541e+06 5.461431e+06
1.926574e+07 1.926574e+07 1.926574e+07 1.926574e+07 1.926574e+07 1.926574e+07 1.926574e+07 1.926573e+07 1.926572e+07 1.926570e+07 1.926565e+07 1.926557e+07 1.926549e+07 1.926550e+07 1.926573e+07 1.926638e+07 1.926764e+07 1.928491e+07 1.929272e+07 1.919488e+07 1.885024e+07 1.814898e+07 1.710556e+07 1.460173e+07 1.245267e+07 1.094652e+07 9.933949e+06 9.240309e+06 8.748525e+06 7.131596e+06 6.445322e+06 5.873677e+06 5.413057e+06
1.845250e+07 1.845250e+07 1.845250e+07 1.845250e+07 1.845250e+07 1.845250e+07 1.845250e+07 1.845251e+07 1.845251e+07 1.845251e+07 1.845250e+07 1.845247e+07 1.845247e+07 1.845254e+07 1.845284e+07 1.845355e+07 1.845485e+07 1.847197e+07 1.848039e+07 1.838863e+07 1.806253e+07 1.739773e+07 1.640791e+07 1.403209e+07 1.199316e+07 1.056490e+07 9.605360e+06 8.948510e+06 8.483069e+06 6.972500e+06 6.352083e+06 5.810528e+06 5.365650e+06
1.770371e+07 1.770371e+07 1.770371e+07 1.770371e+07 1.770371e+07 1.770371e+07 1.770371e+07 1.770372e+07 1.770372e+07 1.770371e+07 1.770370e+07 1.770369e+07 1.770370e+07 1.770379e+07 1.770411e+07 1.770484e+07 1.770614e+07 1.772305e+07 1.773208e+07 1.764604e+07 1.733722e+07 1.670626e+07 1.576614e+07 1.350888e+07 1.157181e+07 1.021546e+07 9.304809e+06 8.681832e+06 8.240616e+06 6.823772e+06 6.262805e+06 5.749863e+06 5.319250e+06
1.701294e+07 1.701294e+07 1.701294e+07 1.701294e+07 1.701294e+07 1.701295e+07 1.701295e+07 1.701297e+07 1.701299e+07 1.701300e+07 1.701304e+07 1.701307e+07 1.701313e+07 1.701328e+07 1.701365e+07 1.701442e+07 1.701575e+07 1.703252e+07 1.704217e+07 1.696147e+07 1.666870e+07 1.606917e+07 1.517518e+07 1.302785e+07 1.118512e+07 9.895255e+06 9.029719e+06 8.437965e+06 8.019049e+06 6.684948e+06 6.177275e+06 5.691502e+06 5.273902e+06
1.637617e+07 1.637617e+07 1.637617e+07 1.637617e+07 1.637617e+07 1.637617e+07 1.637617e+07 1.637618e+07 1.637619e+07 1.637620e+07 1.637621e+07 1.637624e+07 1.637628e+07 1.637643e+07 1.637679e+07 1.637754e+07 1.637885e+07 1.639534e+07 1.640548e+07 1.632974e+07 1.605189e+07 1.548157e+07 1.463043e+07 1.258517e+07 1.082992e+07 9.601602e+06 8.777759e+06 8.214814e+06 7.816447e+06 6.555541e+06 6.095296e+06 5.635283e+06 5.229652e+06
1.578749e+07 1.578749e+07 1.578749e+07 1.578749e+07 1.578749e+07 1.578750e+07 1.578750e+07 1.578753e+07 1.578754e+07 1.578756e+07 1.578760e+07 1.578765e+07 1.578772e+07 1.578789e+07 1.578828e+07 1.578904e+07 1.579034e+07 1.580661e+07 1.581723e+07 1.574612e+07 1.548217e+07 1.493905e+07 1.412777e+07 1.217739e+07 1.050335e+07 9.332084e+06 8.546817e+06 8.010479e+06 7.631064e+06 6.435042e+06 6.016683e+06 5.581057e+06 5.186556e+06
1.524315e+07 1.524315e+07 1.524315e+07 1.524315e+07 1.524315e+07 1.524315e+07 1.524316e+07 1.524317e+07 1.524319e+07 1.524320e+07 1.524323e+07 1.524326e+07 1.524333e+07 1.524349e+07 1.524387e+07 1.524462e+07 1.524590e+07 1.526196e+07 1.527309e+07 1.520635e+07 1.495541e+07 1.443764e+07 1.366349e+07 1.180139e+07 1.020283e+07 9.084509e+06 8.334975e+06 7.823238e+06 7.461317e+06 6.322932e+06 5.941265e+06 5.528681e+06 5.144686e+06
1.473856e+07 1.473856e+07 1.473856e+07 1.473856e+07 1.473856e+07 1.473856e+07 1.473857e+07 1.473859e+07 1.473861e+07 1.473863e+07 1.473868e+07 1.473874e+07 1.473883e+07 1.473901e+07 1.473941e+07 1.474018e+07 1.474147e+07 1.475746e+07 1.476920e+07 1.470665e+07 1.446789e+07 1.397378e+07 1.323423e+07 1.145435e+07 9.926028e+06 8.856891e+06 8.140491e+06 7.651523e+06 7.305764e+06 6.218685e+06 5.868883e+06 5.478022e+06 5.104152e+06
1.427089e+07 1.427089e+07 1.427089e+07 1.427089e+07 1.427089e+07 1.427090e+07 1.427090e+07 1.427093e+07 1.427095e+07 1.427097e+07 1.427103e+07 1.427110e+07 1.427121e+07 1.427141e+07 1.427183e+07 1.427261e+07 1.427391e+07 1.428989e+07 1.430226e+07 1.424367e+07 1.401631e+07 1.354427e+07 1.283699e+07 1.113373e+07 9.670812e+06 8.647422e+06 7.961781e+06 7.493905e+06 7.163090e+06 6.121778e+06 5.799385e+06 5.428951e+06 5.064872e+06
1.383754e+07 1.383754e+07 1.383754e+07 1.383754e+07 1.383754e+07 1.383754e+07 1.383755e+07 1.383757e+07 1.383759e+07 1.383761e+07 1.383767e+07 1.383774e+07 1.383784e+07 1.383804e+07 1.383845e+07 1.383922e+07 1.384051e+07 1.385639e+07 1.386932e+07 1.381441e+07 1.359766e+07 1.314620e+07 1.246901e+07 1.083722e+07 9.435259e+06 8.454459e+06 7.797402e+06 7.349085e+06 7.032097e+06 6.031693e+06 5.732629e+06 5.381347e+06 5.026712e+06
1.343523e+07 1.343523e+07 1.343523e+07 1.343523e+07 1.343523e+07 1.343524e+07 1.343524e+07 1.343527e+07 1.343528e+07 1.343530e+07 1.343536e+07 1.343542e+07 1.343553e+07 1.343574e+07 1.343616e+07 1.343694e+07 1.343823e+07 1.345409e+07 1.346757e+07 1.341606e+07 1.320919e+07 1.277691e+07 1.212779e+07 1.056269e+07 9.217609e+06 8.276500e+06 7.646034e+06 7.215871e+06 6.911689e+06 5.947922e+06 5.668479e+06 5.335094e+06 4.989573e+06
1.306159e+07 1.306159e+07 1.306159e+07 1.306159e+07 1.306159e+07 1.306159e+07 1.306160e+07 1.306164e+07 1.306167e+07 1.306170e+07 1.306178e+07 1.306189e+07 1.306203e+07 1.306227e+07 1.306272e+07 1.306352e+07 1.306483e+07 1.308062e+07 1.309448e+07 1.304604e+07 1.284832e+07 1.243391e+07 1.181101e+07 1.030822e+07 9.016257e+06 8.112175e+06 7.506472e+06 7.093176e+06 6.800863e+06 5.869972e+06 5.606804e+06 5.290084e+06 4.953371e+06
1.271561e+07 1.271561e+07 1.271561e+07 1.271561e+07 1.271561e+07 1.271561e+07 1.271561e+07 1.271563e+07 1.271563e+07 1.271565e+07 1.271567e+07 1.271571e+07 1.271578e+07 1.271594e+07 1.271631e+07 1.271703e+07 1.271825e+07 1.273357e+07 1.274754e+07 1.270185e+07 1.251261e+07 1.211491e+07 1.151653e+07 1.007203e+07 8.829733e+06 7.960232e+06 7.377612e+06 6.980002e+06 6.698696e+06 5.797367e+06 5.547476e+06 5.246216e+06 4.918028e+06
1.239202e+07 1.239202e+07 1.239202e+07 1.239202e+07 1.239202e+07 1.239202e+07 1.239202e+07 1.239205e+07 1.239206e+07 1.239208e+07 1.239212e+07 1.239217e+07 1.239225e+07 1.239243e+07 1.239280e+07 1.239351e+07 1.239472e+07 1.240987e+07 1.242410e+07 1.238105e+07 1.219982e+07 1.181780e+07 1.124240e+07 9.852509e+06 8.656699e+06 7.819527e+06 7.258446e+06 6.875434e+06 6.604344e+06 5.729650e+06 5.490372e+06 5.203393e+06 4.883471e+06
1.208941e+07 1.208941e+07 1.208941e+07 1.208941e+07 1.208941e+07 1.208941e+07 1.208941e+07 1.208944e+07 1.208945e+07 1.208947e+07 1.208952e+07 1.208959e+07 1.208969e+07 1.208988e+07 1.209027e+07 1.209101e+07 1.209223e+07 1.210741e+07 1.212206e+07 1.208162e+07 1.190797e+07 1.154069e+07 1.098687e+07 9.648190e+06 8.495934e+06 7.689012e+06 7.148044e+06 6.778630e+06 6.517029e+06 5.666384e+06 5.435372e+06 5.161528e+06 4.849633e+06
1.180696e+07 1.180696e+07 1.180696e+07 1.180696e+07 1.180696e+07 1.180696e+07 1.180697e+07 1.180700e+07 1.180701e+07 1.180704e+07 1.180709e+07 1.180716e+07 1.180727e+07 1.180746e+07 1.180785e+07 1.180859e+07 1.180980e+07 1.182490e+07 1.183989e+07 1.180189e+07 1.163537e+07 1.128194e+07 1.074838e+07 9.457747e+06 8.346324e+06 7.567726e+06 7.045555e+06 6.688816e+06 6.436033e+06 5.607153e+06 5.382356e+06 5.120540e+06 4.816447e+06
1.154329e+07 1.154329e+07 1.154329e+07 1.154329e+07 1.154329e+07 1.154330e+07 1.154330e+07 1.154331e+07 1.154333e+07 1.154334e+07 1.154337e+07 1.154341e+07 1.154349e+07 1.154365e+07 1.154401e+07 1.154470e+07 1.154588e+07 1.156078e+07 1.157603e+07 1.154030e+07 1.138047e+07 1.104005e+07 1.052550e+07 9.279967e+06 8.206849e+06 7.454787e+06 6.950193e+06 6.605275e+06 6.360693e+06 5.551562e+06 5.331209e+06 5.080352e+06 4.783854e+06
1.129573e+07 1.129573e+07 1.129573e+07 1.129573e+07 1.129573e+07 1.129573e+07 1.129573e+07 1.129575e+07 1.129577e+07 1.129578e+07 1.129582e+07 1.129587e+07 1.129595e+07 1.129612e+07 1.129648e+07 1.129718e+07 1.129836e+07 1.131324e+07 1.132886e+07 1.129534e+07 1.114181e+07 1.081360e+07 1.031692e+07 9.113737e+06 8.076567e+06 7.349379e+06 6.861230e+06 6.527346e+06 6.290394e+06 5.499241e+06 5.281815e+06 5.040897e+06 4.751794e+06
1.106337e+07 1.106337e+07 1.106337e+07 1.106337e+07 1.106337e+07 1.106337e+07 1.106337e+07 1.106339e+07 1.106341e+07 1.106342e+07 1.106346e+07 1.106352e+07 1.106361e+07 1.106379e+07 1.106417e+07 1.106489e+07 1.106608e+07 1.108104e+07 1.109709e+07 1.106567e+07 1.091807e+07 1.060133e+07 1.012142e+07 8.958024e+06 7.954607e+06 7.250745e+06 6.777992e+06 6.454412e+06 6.224570e+06 5.449840e+06 5.234062e+06 5.002112e+06 4.720214e+06
1.084562e+07 1.084562e+07 1.084562e+07 1.084562e+07 1.084562e+07 1.084563e+07 1.084563e+07 1.084566e+07 1.084567e+07 1.084570e+07 1.084575e+07 1.084582e+07 1.084592e+07 1.084612e+07 1.084650e+07 1.084723e+07 1.084843e+07 1.086338e+07 1.087970e+07 1.085015e+07 1.070804e+07 1.040204e+07 9.937879e+06 8.811870e+06 7.840157e+06 7.158183e+06 6.699852e+06 6.385906e+06 6.162692e+06 5.403031e+06 5.187839e+06 4.963939e+06 4.689063e+06
1.064205e+07 1.064205e+07 1.064205e+07 1.064205e+07 1.064205e+07 1.064205e+07 1.064205e+07 1.064206e+07 1.064207e+07 1.064208e+07 1.064211e+07 1.064215e+07 1.064222e+07 1.064238e+07 1.064273e+07 1.064341e+07 1.064456e+07 1.065921e+07 1.067555e+07 1.064758e+07 1.051053e+07 1.021459e+07 9.765232e+06 8.674377e+06 7.732462e+06 7.071038e+06 6.626229e+06 6.321298e+06 6.104274e+06 5.358510e+06 5.143039e+06 4.926328e+06 4.658291e+06
1.045025e+07 1.045025e+07 1.045025e+07 1.045025e+07 1.045025e+07 1.045025e+07 1.045025e+07 1.045026e+07 1.045027e+07 1.045028e+07 1.045030e+07 1.045033e+07 1.045039e+07 1.045052e+07 1.045085e+07 1.045149e+07 1.045260e+07 1.046695e+07 1.048323e+07 1.045669e+07 1.032439e+07 1.003791e+07 9.602481e+06 8.544712e+06 7.630820e+06 6.988705e+06 6.556585e+06 6.260102e+06 6.048868e+06 5.315993e+06 5.099556e+06 4.889230e+06 4.627854e+06
1.026866e+07 1.026866e+07 1.026866e+07 1.026866e+07 1.026866e+07 1.026866e+07 1.026866e+07 1.026867e+07 1.026868e+07 1.026868e+07 1.026870e+07 1.026872e+07 1.026876e+07 1.026889e+07 1.026920e+07 1.026983e+07 1.027091e+07 1.028509e+07 1.030142e+07 1.027630e+07 1.014853e+07 9.870995e+06 9.448712e+06 8.422108e+06 7.534585e+06 6.910624e+06 6.490425e+06 6.201869e+06 5.996060e+06 5.275216e+06 5.057288e+06 4.852605e+06 4.597712e+06
1.009623e+07 1.009623e+07 1.009623e+07 1.009623e+07 1.009623e+07 1.009624e+07 1.009624e+07 1.009625e+07 1.009625e+07 1.009626e+07 1.009627e+07 1.009630e+07 1.009634e+07 1.009647e+07 1.009678e+07 1.009741e+07 1.009849e+07 1.011261e+07 1.012912e+07 1.010547e+07 9.982033e+06 9.712979e+06 9.303103e+06 8.305863e+06 7.443163e+06 6.836284e+06 6.427297e+06 6.146189e+06 5.945474e+06 5.235938e+06 5.016136e+06 4.816415e+06 4.567826e+06
9.932456e+06 9.932456e+06 9.932456e+06 9.932456e+06 9.932456e+06 9.932457e+06 9.932459e+06 9.932467e+06 9.932473e+06 9.932480e+06 9.932497e+06 9.932521e+06 9.932570e+06 9.932700e+06 9.933013e+06 9.933643e+06 9.934726e+06 9.948857e+06 9.965633e+06 9.943432e+06 9.824138e+06 9.563097e+06 9.164920e+06 8.195339e+06 7.356014e+06 6.765220e+06 6.366787e+06 6.092691e+06 5.896768e+06 5.197934e+06 4.976005e+06 4.780624e+06 4.538163e+06
9.776898e+06 9.776898e+06 9.776898e+06 9.776898e+06 9.776898e+06 9.776899e+06 9.776901e+06 9.776912e+06 9.776920e+06 9.776929e+06 9.776951e+06 9.776981e+06 9.777038e+06 9.777176e+06 9.777496e+06 9.778133e+06 9.779222e+06 9.793373e+06 9.810397e+06 9.789562e+06 9.674164e+06 9.420664e+06 9.033496e+06 8.089954e+06 7.272646e+06 6.697009e+06 6.308524e+06 6.041036e+06 5.849630e+06 5.161003e+06 4.936803e+06 4.745204e+06 4.508690e+06
9.629365e+06 9.629365e+06 9.629365e+06 9.629365e+06 9.629365e+06 9.629366e+06 9.629369e+06 9.629378e+06 9.629384e+06 9.629392e+06 9.629409e+06 9.629433e+06 9.629482e+06 9.629611e+06 9.629921e+06 9.630545e+06 9.631620e+06 9.645686e+06 9.662855e+06 9.643243e+06 9.531467e+06 9.285034e+06 8.908209e+06 7.989174e+06 7.192614e+06 6.631270e+06 6.252171e+06 5.990921e+06 5.803781e+06 5.124958e+06 4.898445e+06 4.710126e+06 4.479380e+06
9.489018e+06 9.489018e+06 9.489018e+06 9.489018e+06 9.489018e+06 9.489019e+06 9.489020e+06 9.489025e+06 9.489028e+06 9.489032e+06 9.489041e+06 9.489056e+06 9.489093e+06 9.489208e+06 9.489502e+06 9.490109e+06 9.491163e+06 9.505101e+06 9.522346e+06 9.503825e+06 9.395406e+06 9.155584e+06 8.788472e+06 7.892508e+06 7.115510e+06 6.567657e+06 6.197425e+06 5.942072e+06 5.758970e+06 5.089632e+06 4.860847e+06 4.675366e+06 4.450208e+06
9.354904e+06 9.354904e+06 9.354904e+06 9.354904e+06 9.354904e+06 9.354904e+06 9.354906e+06 9.354910e+06 9.354913e+06 9.354916e+06 9.354924e+06 9.354937e+06 9.354972e+06 9.355085e+06 9.355375e+06 9.355975e+06 9.357020e+06 9.370877e+06 9.388193e+06 9.370666e+06 9.265359e+06 9.031720e+06 8.673731e+06 7.799498e+06 7.040965e+06 6.505858e+06 6.144012e+06 5.894244e+06 5.714972e+06 5.054876e+06 4.823933e+06 4.640903e+06 4.421153e+06
9.226585e+06 9.226585e+06 9.226585e+06 9.226585e+06 9.226585e+06 9.226586e+06 9.226587e+06 9.226591e+06 9.226594e+06 9.226597e+06 9.226605e+06 9.226617e+06 9.226651e+06 9.226763e+06 9.227052e+06 9.227648e+06 9.228688e+06 9.242472e+06 9.259829e+06 9.243181e+06 9.140742e+06 8.912879e+06 8.563462e+06 7.709724e+06 6.968638e+06 6.445591e+06 6.091688e+06 5.847218e+06 5.671588e+06 5.020555e+06 4.787629e+06 4.606716e+06 4.392196e+06
9.103710e+06 9.103710e+06 9.103710e+06 9.103710e+06 9.103710e+06 9.103710e+06 9.103712e+06 9.103717e+06 9.103721e+06 9.103725e+06 9.103735e+06 9.103750e+06 9.103787e+06 9.103901e+06 9.104191e+06 9.104785e+06 9.105818e+06 9.119481e+06 9.136763e+06 9.120825e+06 9.020998e+06 8.798526e+06 8.457173e+06 7.622792e+06 6.898219e+06 6.386598e+06 6.040231e+06 5.800799e+06 5.628641e+06 4.986550e+06 4.751867e+06 4.572788e+06 4.363322e+06
8.986107e+06 8.986107e+06 8.986107e+06 8.986107e+06 8.986107e+06 8.986107e+06 8.986109e+06 8.986114e+06 8.986117e+06 8.986120e+06 8.986128e+06 8.986137e+06 8.986165e+06 8.986265e+06 8.986534e+06 8.987101e+06 8.988098e+06 9.001449e+06 9.018451e+06 9.003023e+06 8.905566e+06 8.688140e+06 8.354396e+06 7.538341e+06 6.829423e+06 6.328648e+06 5.989445e+06 5.754813e+06 5.585974e+06 4.952757e+06 4.716585e+06 4.539103e+06 4.334515e+06
8.872976e+06 8.872976e+06 8.872976e+06 8.872976e+06 8.872976e+06 8.872975e+06 8.872973e+06 8.872962e+06 8.872954e+06 8.872945e+06 8.872920e+06 8.872891e+06 8.872876e+06 8.872928e+06 8.873145e+06 8.873654e+06 8.874585e+06 8.887501e+06 8.904134e+06 8.889127e+06 8.793881e+06 8.581228e+06 8.254699e+06 7.456040e+06 6.761996e+06 6.271534e+06 5.939157e+06 5.709109e+06 5.543455e+06 4.919088e+06 4.681726e+06 4.505649e+06 4.305767e+06
8.762231e+06 8.762231e+06 8.762231e+06 8.762231e+06 8.762231e+06 8.762230e+06 8.762228e+06 8.762218e+06 8.762210e+06 8.762202e+06 8.762180e+06 8.762157e+06 8.762148e+06 8.762207e+06 8.762427e+06 8.762935e+06 8.763859e+06 8.776614e+06 8.793069e+06 8.778554e+06 8.685458e+06 8.477364e+06 8.157707e+06 7.375600e+06 6.695708e+06 6.215073e+06 5.889214e+06 5.663560e+06 5.500970e+06 4.885464e+06 4.647236e+06 4.472412e+06 4.277068e+06
8.654065e+06 8.654065e+06 8.654065e+06 8.654065e+06 8.654065e+06 8.654065e+06 8.654065e+06 8.654064e+06 8.654063e+06 8.654062e+06 8.654059e+06 8.654056e+06 8.654071e+06 8.654154e+06 8.654399e+06 8.654928e+06 8.655867e+06 8.668587e+06 8.684968e+06 8.670982e+06 8.579964e+06 8.376226e+06 8.063116e+06 7.296769e+06 6.630364e+06 6.159109e+06 5.839489e+06 5.618057e+06 5.458425e+06 4.851821e+06 4.613067e+06 4.439382e+06 4.248411e+06
8.549382e+06 8.549382e+06 8.549382e+06 8.549382e+06 8.549382e+06 8.549382e+06 8.549381e+06 8.549379e+06 8.549377e+06 8.549374e+06 8.549365e+06 8.549354e+06 8.549359e+06 8.549429e+06 8.549658e+06 8.550168e+06 8.551082e+06 8.563585e+06 8.579778e+06 8.566236e+06 8.477168e+06 8.277560e+06 7.970673e+06 7.219334e+06 6.565795e+06 6.103511e+06 5.789878e+06 5.572513e+06 5.415747e+06 4.818107e+06 4.579178e+06 4.406549e+06 4.219793e+06
8.447497e+06 8.447497e+06 8.447497e+06 8.447497e+06 8.447497e+06 8.447496e+06 8.447494e+06 8.447485e+06 8.447478e+06 8.447469e+06 8.447447e+06 8.447421e+06 8.447408e+06 8.447457e+06 8.447662e+06 8.448143e+06 8.449023e+06 8.461263e+06 8.477225e+06 8.464067e+06 8.376825e+06 8.181128e+06 7.880153e+06 7.143109e+06 6.501861e+06 6.048174e+06 5.740299e+06 5.526864e+06 5.372881e+06 4.784278e+06 4.545529e+06 4.373906e+06 4.191210e+06
8.347451e+06 8.347451e+06 8.347451e+06 8.347451e+06 8.347451e+06 8.347450e+06 8.347448e+06 8.347440e+06 8.347434e+06 8.347427e+06 8.347408e+06 8.347388e+06 8.347382e+06 8.347439e+06 8.347650e+06 8.348134e+06 8.349013e+06 8.361144e+06 8.376969e+06 8.364203e+06 8.278693e+06 8.086702e+06 7.791347e+06 7.067934e+06 6.438448e+06 5.993017e+06 5.690693e+06 5.481064e+06 5.329789e+06 4.750301e+06 4.512088e+06 4.341444e+06 4.162661e+06
8.249513e+06 8.249513e+06 8.249513e+06 8.249513e+06 8.249513e+06 8.249513e+06 8.249512e+06 8.249509e+06 8.249507e+06 8.249504e+06 8.249496e+06 8.249487e+06 8.249494e+06 8.249564e+06 8.249788e+06 8.250282e+06 8.251165e+06 8.263208e+06 8.278890e+06 8.266465e+06 8.182569e+06 7.994081e+06 7.704068e+06 6.993672e+06 6.375465e+06 5.937980e+06 5.641019e+06 5.435083e+06 5.286450e+06 4.716154e+06 4.478824e+06 4.309159e+06 4.134146e+06
8.154182e+06 8.154182e+06 8.154182e+06 8.154182e+06 8.154182e+06 8.154181e+06 8.154181e+06 8.154177e+06 8.154173e+06 8.154169e+06 8.154156e+06 8.154140e+06 8.154137e+06 8.154195e+06 8.154402e+06 8.154874e+06 8.155729e+06 8.167513e+06 8.182906e+06 8.170696e+06 8.088265e+06 7.903075e+06 7.618143e+06 6.920208e+06 6.312845e+06 5.883026e+06 5.591257e+06 5.388910e+06 5.242857e+06 4.681820e+06 4.445714e+06 4.277045e+06 4.105666e+06
8.060845e+06 8.060845e+06 8.060845e+06 8.060845e+06 8.060845e+06 8.060844e+06 8.060841e+06 8.060830e+06 8.060822e+06 8.060811e+06 8.060784e+06 8.060752e+06 8.060729e+06 8.060765e+06 8.060946e+06 8.061386e+06 8.062203e+06 8.073671e+06 8.088713e+06 8.076641e+06 7.995559e+06 7.813491e+06 7.533413e+06 6.847446e+06 6.250539e+06 5.828133e+06 5.541400e+06 5.342546e+06 5.199013e+06 4.647291e+06 4.412735e+06 4.245098e+06 4.077225e+06
7.968551e+06 7.968551e+06 7.968551e+06 7.968551e+06 7.968551e+06 7.968550e+06 7.968547e+06 7.968536e+06 7.968527e+06 7.968517e+06 7.968492e+06 7.968461e+06 7.968442e+06 7.968481e+06 7.968663e+06 7.969099e+06 7.969905e+06 7.981191e+06 7.995958e+06 7.984028e+06 7.904227e+06 7.725148e+06 7.449736e+06 6.775312e+06 6.188517e+06 5.773294e+06 5.491453e+06 5.296002e+06 5.154934e+06 4.612564e+06 4.379870e+06 4.213314e+06 4.048825e+06
7.877432e+06 7.877432e+06 7.877432e+06 7.877432e+06 7.877432e+06 7.877431e+06 7.877430e+06 7.877423e+06 7.877418e+06 7.877412e+06 7.877396e+06 7.877377e+06 7.877369e+06 7.877420e+06 7.877612e+06 7.878054e+06 7.878860e+06 7.890000e+06 7.904502e+06 7.892689e+06 7.814105e+06 7.637899e+06 7.366994e+06 6.703750e+06 6.126762e+06 5.718515e+06 5.441432e+06 5.249299e+06 5.110641e+06 4.577644e+06 4.347106e+06 4.181692e+06 4.020471e+06
7.787960e+06 7.787960e+06 7.787960e+06 7.787960e+06 7.787960e+06 7.787960e+06 7.787958e+06 7.787952e+06 7.787946e+06 7.787940e+06 7.787922e+06 7.787901e+06 7.787891e+06 7.787936e+06 7.788117e+06 7.788544e+06 7.789325e+06 7.800185e+06 7.814300e+06 7.802513e+06 7.725064e+06 7.551630e+06 7.285099e+06 6.632721e+06 6.065269e+06 5.663808e+06 5.391358e+06 5.202461e+06 5.066161e+06 4.542538e+06 4.314431e+06 4.150229e+06 3.992167e+06
7.699870e+06 7.699870e+06 7.699870e+06 7.699870e+06 7.699870e+06 7.699869e+06 7.699866e+06 7.699852e+06 7.699842e+06 7.699829e+06 7.699796e+06 7.699757e+06 7.699726e+06 7.699746e+06 7.699899e+06 7.700290e+06 7.701027e+06 7.711508e+06 7.725152e+06 7.713336e+06 7.636972e+06 7.466240e+06 7.203979e+06 6.562202e+06 6.004043e+06 5.609192e+06 5.341257e+06 5.155519e+06 5.021524e+06 4.507260e+06 4.281838e+06 4.118925e+06 3.963920e+06
7.612212e+06 7.612212e+06 7.612212e+06 7.612212e+06 7.612212e+06 7.612210e+06 7.612207e+06 7.612193e+06 7.612183e+06 7.612170e+06 7.612137e+06 7.612096e+06 7.612063e+06 7.612079e+06 7.612224e+06 7.612601e+06 7.613315e+06 7.623514e+06 7.636766e+06 7.624973e+06 7.549711e+06 7.381652e+06 7.123587e+06 6.492183e+06 5.943095e+06 5.554691e+06 5.291159e+06 5.108503e+06 4.976765e+06 4.471825e+06 4.249322e+06 4.087778e+06 3.935734e+06
7.524857e+06 7.524857e+06 7.524857e+06 7.524857e+06 7.524857e+06 7.524856e+06 7.524854e+06 7.524844e+06 7.524836e+06 7.524826e+06 7.524801e+06 7.524771e+06 7.524748e+06 7.524774e+06 7.524927e+06 7.525307e+06 7.526017e+06 7.536051e+06 7.549029e+06 7.537350e+06 7.463237e+06 7.297842e+06 7.043911e+06 6.422670e+06 5.882444e+06 5.500329e+06 5.241093e+06 5.061448e+06 4.931917e+06 4.436254e+06 4.216880e+06 4.056790e+06 3.907617e+06
7.438244e+06 7.438244e+06 7.438244e+06 7.438244e+06 7.438244e+06 7.438244e+06 7.438241e+06 7.438231e+06 7.438223e+06 7.438214e+06 7.438189e+06 7.438159e+06 7.438138e+06 7.438167e+06 7.438320e+06 7.438697e+06 7.439399e+06 7.449280e+06 7.462040e+06 7.450530e+06 7.377591e+06 7.214839e+06 6.964974e+06 6.353682e+06 5.822110e+06 5.446133e+06 5.191090e+06 5.014386e+06 4.887015e+06 4.400568e+06 4.184512e+06 4.025961e+06 3.879574e+06
7.352443e+06 7.352443e+06 7.352443e+06 7.352443e+06 7.352443e+06 7.352443e+06 7.352441e+06 7.352432e+06 7.352426e+06 7.352418e+06 7.352397e+06 7.352372e+06 7.352357e+06 7.352390e+06 7.352547e+06 7.352925e+06 7.353622e+06 7.363373e+06 7.375944e+06 7.364625e+06 7.292854e+06 7.132701e+06 6.886817e+06 6.285245e+06 5.762119e+06 5.392131e+06 5.141181e+06 4.967353e+06 4.842097e+06 4.364790e+06 4.152219e+06 3.995292e+06 3.851613e+06
7.267669e+06 7.267669e+06 7.267669e+06 7.267669e+06 7.267669e+06 7.267668e+06 7.267667e+06 7.267659e+06 7.267654e+06 7.267647e+06 7.267629e+06 7.267608e+06 7.267597e+06 7.267634e+06 7.267794e+06 7.268171e+06 7.268863e+06 7.278484e+06 7.290870e+06 7.279737e+06 7.209105e+06 7.051485e+06 6.809482e+06 6.217386e+06 5.702495e+06 5.338351e+06 5.091399e+06 4.920383e+06 4.797200e+06 4.328946e+06 4.120004e+06 3.964784e+06 3.823740e+06
7.184090e+06 7.184090e+06 7.184090e+06 7.184090e+06 7.184090e+06 7.184089e+06 7.184087e+06 7.184080e+06 7.184074e+06 7.184067e+06 7.184049e+06 7.184028e+06 7.184016e+06 7.184052e+06 7.184208e+06 7.184578e+06 7.185258e+06 7.194720e+06 7.206899e+06 7.195928e+06 7.126391e+06 6.971227e+06 6.732996e+06 6.150125e+06 5.643262e+06 5.284821e+06 5.041776e+06 4.873512e+06 4.752359e+06 4.293063e+06 4.087872e+06 3.934441e+06 3.795963e+06
