1.251054e+02 1.143080e+01 4.052738e+00 3.638720e-01 1.290475e-01 1.240426e-02 6.791756e-03 2.025688e-02 4.320530e-02 8.449856e-02 2.377131e-01 4.842205e-01 7.937459e-01 1.128711e+00 1.464378e+00 1.790929e+00 2.107515e+00 3.642810e+00 5.253772e+00 6.959861e+00 8.717086e+00 1.049940e+01 1.230959e+01 1.611664e+01 2.039204e+01 2.534016e+01 3.105156e+01 3.752549e+01 4.471358e+01 1.458553e+02 2.754205e+02 3.962188e+02 4.897312e+02
3.458685e-03 3.461009e-03 3.461195e-03 3.466818e-03 3.484161e-03 4.188962e-03 6.822326e-03 2.726015e-02 5.491676e-02 1.016533e-01 2.657204e-01 5.205613e-01 8.354395e-01 1.173807e+00 1.511979e+00 1.840752e+00 2.159542e+00 3.706622e+00 5.328461e+00 7.042637e+00 8.805122e+00 1.059067e+01 1.240306e+01 1.621455e+01 2.049722e+01 2.545619e+01 3.118118e+01 3.767021e+01 4.487382e+01 1.461357e+02 2.757611e+02 3.965559e+02 4.900238e+02
9.109775e-03 9.126930e-03 9.127475e-03 9.139291e-03 9.175783e-03 1.034230e-02 1.473940e-02 4.507666e-02 7.966631e-02 1.335994e-01 3.099928e-01 5.723175e-01 8.908793e-01 1.231091e+00 1.570576e+00 1.900709e+00 2.221075e+00 3.778313e+00 5.410093e+00 7.131528e+00 8.898510e+00 1.068664e+01 1.250069e+01 1.631590e+01 2.060553e+01 2.557526e+01 3.131385e+01 3.781800e+01 4.503717e+01 1.464189e+02 2.761037e+02 3.968944e+02 4.903174e+02
2.504527e-02 2.513403e-02 2.514291e-02 2.516520e-02 2.523460e-02 2.749236e-02 3.541840e-02 8.241404e-02 1.275482e-01 1.902355e-01 3.765282e-01 6.424681e-01 9.615996e-01 1.301476e+00 1.640835e+00 1.971363e+00 2.292628e+00 3.858264e+00 5.498947e+00 7.226728e+00 8.997386e+00 1.078739e+01 1.260254e+01 1.642075e+01 2.071701e+01 2.569740e+01 3.144961e+01 3.796892e+01 4.520367e+01 1.467048e+02 2.764485e+02 3.972345e+02 4.906119e+02
6.359438e-02 6.359566e-02 6.359717e-02 6.364452e-02 6.379138e-02 6.820965e-02 8.315780e-02 1.520391e-01 2.077713e-01 2.789836e-01 4.728828e-01 7.356795e-01 1.049450e+00 1.385838e+00 1.723290e+00 2.053128e+00 2.374568e+00 3.946781e+00 5.595257e+00 7.328406e+00 9.101866e+00 1.089301e+01 1.270868e+01 1.652914e+01 2.083170e+01 2.582266e+01 3.158849e+01 3.812301e+01 4.537336e+01 1.469933e+02 2.767954e+02 3.975761e+02 4.909073e+02
1.488946e-01 1.488288e-01 1.488313e-01 1.489058e-01 1.491738e-01 1.598029e-01 1.861352e-01 2.703942e-01 3.298985e-01 4.031780e-01 5.969706e-01 8.541619e-01 1.158602e+00 1.486253e+00 1.819021e+00 2.146666e+00 2.467362e+00 4.044117e+00 5.699220e+00 7.436705e+00 9.212051e+00 1.100356e+01 1.281915e+01 1.664110e+01 2.094963e+01 2.595108e+01 3.173054e+01 3.828029e+01 4.554627e+01 1.472846e+02 2.771444e+02 3.979191e+02 4.912037e+02
3.411250e-01 3.411353e-01 3.411364e-01 3.411880e-01 3.413422e-01 3.460038e-01 3.639443e-01 4.410411e-01 4.947871e-01 5.610808e-01 7.425655e-01 9.910497e-01 1.287645e+00 1.606760e+00 1.930969e+00 2.253530e+00 2.571955e+00 4.150523e+00 5.811002e+00 7.551741e+00 9.328020e+00 1.111911e+01 1.293400e+01 1.675667e+01 2.107084e+01 2.608268e+01 3.187579e+01 3.844081e+01 4.572244e+01 1.475787e+02 2.774956e+02 3.982636e+02 4.915010e+02
5.355821e-01 5.356886e-01 5.356882e-01 5.356780e-01 5.358618e-01 5.519765e-01 5.833343e-01 6.495630e-01 6.895568e-01 7.420067e-01 9.022240e-01 1.139540e+00 1.430269e+00 1.744120e+00 2.062064e+00 2.377355e+00 2.690342e+00 4.266318e+00 5.930753e+00 7.673613e+00 9.449838e+00 1.123970e+01 1.305326e+01 1.687587e+01 2.119535e+01 2.621751e+01 3.202428e+01 3.860460e+01 4.590191e+01 1.478755e+02 2.778489e+02 3.986096e+02 4.917992e+02
8.636082e-01 8.636041e-01 8.636004e-01 8.634935e-01 8.632215e-01 8.573276e-01 8.515771e-01 8.660846e-01 8.890000e-01 9.278355e-01 1.068618e+00 1.295605e+00 1.582226e+00 1.893799e+00 2.208545e+00 2.519195e+00 2.826299e+00 4.391988e+00 6.058633e+00 7.802401e+00 9.577554e+00 1.136536e+01 1.317694e+01 1.699872e+01 2.132320e+01 2.635559e+01 3.217604e+01 3.877171e+01 4.608470e+01 1.481750e+02 2.782043e+02 3.989571e+02 4.920983e+02
1.038214e+00 1.038170e+00 1.038171e+00 1.038189e+00 1.038241e+00 1.039096e+00 1.038248e+00 1.047732e+00 1.068243e+00 1.104426e+00 1.238215e+00 1.458778e+00 1.742271e+00 2.053103e+00 2.367061e+00 2.675539e+00 2.979033e+00 4.528293e+00 6.194835e+00 7.938182e+00 9.711203e+00 1.149610e+01 1.330508e+01 1.712524e+01 2.145441e+01 2.649697e+01 3.233112e+01 3.894217e+01 4.627087e+01 1.484774e+02 2.785619e+02 3.993061e+02 4.923984e+02
1.154135e+00 1.154201e+00 1.154202e+00 1.154220e+00 1.154277e+00 1.155893e+00 1.162782e+00 1.202808e+00 1.234593e+00 1.277473e+00 1.414269e+00 1.631398e+00 1.911549e+00 2.221352e+00 2.535518e+00 2.843704e+00 3.145585e+00 4.676429e+00 6.339620e+00 8.081036e+00 9.850814e+00 1.163194e+01 1.343766e+01 1.725544e+01 2.158901e+01 2.664166e+01 3.248954e+01 3.911601e+01 4.646044e+01 1.487825e+02 2.789217e+02 3.996566e+02 4.926994e+02
3.723674e+00 3.723674e+00 3.723675e+00 3.723692e+00 3.723746e+00 3.725431e+00 3.735833e+00 3.780261e+00 3.812554e+00 3.854067e+00 3.972682e+00 4.140865e+00 4.348178e+00 4.581261e+00 4.831840e+00 5.096244e+00 5.372437e+00 6.852886e+00 8.380471e+00 9.952943e+00 1.158785e+01 1.327198e+01 1.500674e+01 1.876034e+01 2.312468e+01 2.827731e+01 3.426521e+01 4.104835e+01 4.855077e+01 1.519906e+02 2.826401e+02 4.032440e+02 4.957603e+02
7.697128e+00 7.697128e+00 7.697128e+00 7.697121e+00 7.697100e+00 7.696693e+00 7.700211e+00 7.735045e+00 7.765146e+00 7.802163e+00 7.892910e+00 8.000405e+00 8.121493e+00 8.256888e+00 8.408401e+00 8.577057e+00 8.762928e+00 9.918335e+00 1.128755e+01 1.267670e+01 1.405978e+01 1.549519e+01 1.704261e+01 2.063747e+01 2.501625e+01 3.027454e+01 3.641147e+01 4.335689e+01 5.101792e+01 1.554920e+02 2.865817e+02 4.069829e+02 4.989138e+02
1.297567e+01 1.297567e+01 1.297568e+01 1.297581e+01 1.297623e+01 1.298636e+01 1.300956e+01 1.306818e+01 1.309899e+01 1.312845e+01 1.317244e+01 1.318516e+01 1.317305e+01 1.315725e+01 1.315665e+01 1.318049e+01 1.323031e+01 1.378621e+01 1.468896e+01 1.578585e+01 1.697124e+01 1.823166e+01 1.961486e+01 2.296384e+01 2.730573e+01 3.267132e+01 3.896562e+01 4.607717e+01 5.389447e+01 1.592976e+02 2.907520e+02 4.108748e+02 5.021594e+02
1.948881e+01 1.948881e+01 1.948881e+01 1.948876e+01 1.948860e+01 1.948366e+01 1.947149e+01 1.945278e+01 1.944949e+01 1.944433e+01 1.939930e+01 1.927597e+01 1.907984e+01 1.885102e+01 1.863030e+01 1.844168e+01 1.829348e+01 1.805976e+01 1.836687e+01 1.903971e+01 1.998595e+01 2.113823e+01 2.247632e+01 2.579314e+01 3.013041e+01 3.555407e+01 4.198829e+01 4.925597e+01 5.721772e+01 1.634168e+02 2.951556e+02 4.149207e+02 5.054966e+02
2.543489e+01 2.543489e+01 2.543489e+01 2.543498e+01 2.543526e+01 2.544402e+01 2.546560e+01 2.550314e+01 2.550954e+01 2.550101e+01 2.540772e+01 2.517502e+01 2.481220e+01 2.437842e+01 2.393775e+01 2.353202e+01 2.317968e+01 2.217525e+01 2.198801e+01 2.231304e+01 2.304918e+01 2.412784e+01 2.549534e+01 2.900118e+01 3.352860e+01 3.908298e+01 4.559729e+01 5.296710e+01 6.103854e+01 1.678575e+02 2.997967e+02 4.191213e+02 5.089243e+02
3.029302e+01 3.029302e+01 3.029302e+01 3.029295e+01 3.029274e+01 3.028601e+01 3.026838e+01 3.023790e+01 3.022825e+01 3.021328e+01 3.011985e+01 2.987449e+01 2.946087e+01 2.893455e+01 2.837239e+01 2.783277e+01 2.734708e+01 2.584464e+01 2.540881e+01 2.559289e+01 2.625039e+01 2.732300e+01 2.876350e+01 3.257914e+01 3.745380e+01 4.326623e+01 4.992630e+01 5.734139e+01 6.543521e+01 1.726263e+02 3.046787e+02 4.234766e+02 5.124414e+02
3.492668e+01 3.492668e+01 3.492668e+01 3.492667e+01 3.492663e+01 3.492546e+01 3.492165e+01 3.491116e+01 3.490611e+01 3.489284e+01 3.478190e+01 3.446679e+01 3.392495e+01 3.323460e+01 3.250249e+01 3.180781e+01 3.119118e+01 2.936013e+01 2.887449e+01 2.908750e+01 2.979452e+01 3.093870e+01 3.248839e+01 3.664640e+01 4.193229e+01 4.808557e+01 5.495537e+01 6.245535e+01 7.053296e+01 1.777297e+02 3.098042e+02 4.279864e+02 5.160462e+02
4.177272e+01 4.177272e+01 4.177272e+01 4.177262e+01 4.177230e+01 4.176725e+01 4.176514e+01 4.178080e+01 4.178347e+01 4.175382e+01 4.148345e+01 4.082503e+01 3.983318e+01 3.869050e+01 3.756856e+01 3.656572e+01 3.571640e+01 3.338862e+01 3.284613e+01 3.312926e+01 3.394608e+01 3.521337e+01 3.689880e+01 4.138621e+01 4.705638e+01 5.355761e+01 6.066259e+01 6.826825e+01 7.634465e+01 1.831746e+02 3.151757e+02 4.326498e+02 5.197369e+02
4.961201e+01 4.961202e+01 4.961202e+01 4.961230e+01 4.961316e+01 4.964067e+01 4.972389e+01 4.998110e+01 5.009802e+01 5.015204e+01 4.989121e+01 4.899039e+01 4.756137e+01 4.590253e+01 4.428108e+01 4.284425e+01 4.163965e+01 3.841859e+01 3.768393e+01 3.801057e+01 3.895478e+01 4.037169e+01 4.220639e+01 4.698473e+01 5.295101e+01 5.972917e+01 6.703759e+01 7.474136e+01 8.281582e+01 1.889699e+02 3.207951e+02 4.374654e+02 5.235115e+02
6.930341e+01 6.930341e+01 6.930341e+01 6.930341e+01 6.930341e+01 6.930331e+01 6.930134e+01 6.925609e+01 6.914943e+01 6.888544e+01 6.755319e+01 6.498999e+01 6.160786e+01 5.807563e+01 5.487546e+01 5.220412e+01 5.007107e+01 4.481682e+01 4.366793e+01 4.399305e+01 4.506088e+01 4.662869e+01 4.860366e+01 5.360099e+01 5.973482e+01 6.665936e+01 7.408058e+01 8.183629e+01 8.989110e+01 1.951272e+02 3.266640e+02 4.424317e+02 5.273675e+02
8.982250e+01 8.982250e+01 8.982249e+01 8.982230e+01 8.982172e+01 8.980303e+01 8.974639e+01 8.958084e+01 8.942628e+01 8.907129e+01 8.719077e+01 8.341070e+01 7.831651e+01 7.294910e+01 6.807577e+01 6.401463e+01 6.078442e+01 5.292126e+01 5.115567e+01 5.139608e+01 5.253176e+01 5.419976e+01 5.626243e+01 6.135172e+01 6.749195e+01 7.439521e+01 8.179377e+01 8.951683e+01 9.751205e+01 2.016636e+02 3.327841e+02 4.475465e+02 5.313023e+02
1.230644e+02 1.230644e+02 1.230645e+02 1.230650e+02 1.230666e+02 1.231189e+02 1.232651e+02 1.236635e+02 1.237038e+02 1.233249e+02 1.203219e+02 1.138725e+02 1.051746e+02 9.611290e+01 8.799939e+01 8.133286e+01 7.610044e+01 6.364843e+01 6.071556e+01 6.060744e+01 6.163313e+01 6.326572e+01 6.530531e+01 7.029590e+01 7.625541e+01 8.295195e+01 9.016828e+01 9.774655e+01 1.056210e+02 2.086031e+02 3.391571e+02 4.528071e+02 5.353129e+02
1.729768e+02 1.729768e+02 1.729768e+02 1.729774e+02 1.729795e+02 1.730456e+02 1.732468e+02 1.738473e+02 1.738850e+02 1.732305e+02 1.682580e+02 1.577397e+02 1.436921e+02 1.291762e+02 1.162723e+02 1.057351e+02 9.750483e+01 7.791118e+01 7.284123e+01 7.188631e+01 7.250340e+01 7.389985e+01 7.576606e+01 8.042385e+01 8.600034e+01 9.230239e+01 9.917297e+01 1.064834e+02 1.141627e+02 2.159820e+02 3.457854e+02 4.582109e+02 5.393960e+02
2.469293e+02 2.469293e+02 2.469293e+02 2.469302e+02 2.469327e+02 2.469613e+02 2.469974e+02 2.469553e+02 2.464295e+02 2.448222e+02 2.360430e+02 2.190108e+02 1.969397e+02 1.744853e+02 1.547100e+02 1.386482e+02 1.261294e+02 9.602130e+01 8.756921e+01 8.521214e+01 8.511660e+01 8.606988e+01 8.759903e+01 9.166245e+01 9.664555e+01 1.023745e+02 1.087489e+02 1.156751e+02 1.230835e+02 2.238613e+02 3.526717e+02 4.637547e+02 5.435483e+02
3.378538e+02 3.378538e+02 3.378538e+02 3.378541e+02 3.378552e+02 3.378913e+02 3.380416e+02 3.387005e+02 3.385625e+02 3.369836e+02 3.258400e+02 3.023167e+02 2.707329e+02 2.379075e+02 2.085484e+02 1.844086e+02 1.654031e+02 1.188347e+02 1.051784e+02 1.007138e+02 9.951648e+01 9.975238e+01 1.007300e+02 1.038837e+02 1.080573e+02 1.130548e+02 1.188095e+02 1.252571e+02 1.323308e+02 2.322604e+02 3.598202e+02 4.694351e+02 5.477661e+02
5.162535e+02 5.162535e+02 5.162535e+02 5.162535e+02 5.162535e+02 5.162546e+02 5.162574e+02 5.160130e+02 5.146793e+02 5.107176e+02 4.892194e+02 4.475579e+02 3.936090e+02 3.387897e+02 2.905913e+02 2.515185e+02 2.211208e+02 1.480165e+02 1.264967e+02 1.187643e+02 1.158014e+02 1.148887e+02 1.150165e+02 1.168908e+02 1.200515e+02 1.241950e+02 1.292473e+02 1.351559e+02 1.418537e+02 2.411443e+02 3.672358e+02 4.752486e+02 5.520455e+02
6.718203e+02 6.718204e+02 6.718204e+02 6.718223e+02 6.718283e+02 6.720046e+02 6.724606e+02 6.736702e+02 6.729436e+02 6.688461e+02 6.426319e+02 5.890590e+02 5.181845e+02 4.452142e+02 3.803882e+02 3.273413e+02 2.856990e+02 1.832813e+02 1.515357e+02 1.391975e+02 1.336937e+02 1.311596e+02 1.301363e+02 1.304026e+02 1.324035e+02 1.356271e+02 1.399450e+02 1.452959e+02 1.516065e+02 2.504888e+02 3.749256e+02 4.811918e+02 5.563826e+02
9.628803e+02 9.628803e+02 9.628803e+02 9.628803e+02 9.628802e+02 9.628789e+02 9.628755e+02 9.623683e+02 9.597139e+02 9.518499e+02 9.092024e+02 8.265320e+02 7.193786e+02 6.103151e+02 5.141878e+02 4.360027e+02 3.749231e+02 2.257764e+02 1.795328e+02 1.611265e+02 1.524435e+02 1.479611e+02 1.456022e+02 1.440872e+02 1.448779e+02 1.471847e+02 1.507911e+02 1.556094e+02 1.615538e+02 2.602735e+02 3.828986e+02 4.872609e+02 5.607732e+02
1.236393e+03 1.236393e+03 1.236393e+03 1.236391e+03 1.236386e+03 1.236227e+03 1.235730e+03 1.233209e+03 1.228527e+03 1.216981e+03 1.158964e+03 1.049538e+03 9.091966e+02 7.671250e+02 6.422855e+02 5.409121e+02 4.617683e+02 2.681995e+02 2.075971e+02 1.830449e+02 1.711182e+02 1.646504e+02 1.609386e+02 1.576480e+02 1.572730e+02 1.587300e+02 1.616970e+02 1.660474e+02 1.716764e+02 2.704808e+02 3.911674e+02 4.934527e+02 5.652132e+02
1.450073e+03 1.450073e+03 1.450073e+03 1.450073e+03 1.450073e+03 1.450069e+03 1.450067e+03 1.449562e+03 1.445828e+03 1.434187e+03 1.369531e+03 1.242905e+03 1.077943e+03 9.094433e+02 7.604710e+02 6.389406e+02 5.437067e+02 3.091587e+02 2.348656e+02 2.043796e+02 1.893038e+02 1.809063e+02 1.758842e+02 1.709007e+02 1.694574e+02 1.701744e+02 1.726110e+02 1.765887e+02 1.819771e+02 2.810957e+02 3.997494e+02 4.997638e+02 5.696982e+02
1.751773e+03 1.751773e+03 1.751773e+03 1.751772e+03 1.751768e+03 1.751646e+03 1.751275e+03 1.749156e+03 1.743495e+03 1.728001e+03 1.646307e+03 1.489404e+03 1.286723e+03 1.080737e+03 8.992549e+02 7.515780e+02 6.360734e+02 3.523340e+02 2.625497e+02 2.255820e+02 2.071572e+02 1.967568e+02 1.904090e+02 1.837842e+02 1.813804e+02 1.814882e+02 1.835254e+02 1.872455e+02 1.924842e+02 2.921066e+02 4.086742e+02 5.061913e+02 5.742240e+02
2.033959e+03 2.033959e+03 2.033959e+03 2.033959e+03 2.033959e+03 2.033957e+03 2.033955e+03 2.032990e+03 2.027343e+03 2.010272e+03 1.916739e+03 1.734584e+03 1.497896e+03 1.256497e+03 1.043277e+03 8.694316e+02 7.332400e+02 3.976769e+02 2.910160e+02 2.469254e+02 2.248430e+02 2.122933e+02 2.045612e+02 1.963153e+02 1.930597e+02 1.926997e+02 1.944799e+02 1.980672e+02 2.032537e+02 3.035048e+02 4.179600e+02 5.127328e+02 5.787864e+02
2.377697e+03 2.377697e+03 2.377697e+03 2.377696e+03 2.377692e+03 2.377565e+03 2.377168e+03 2.374371e+03 2.366465e+03 2.344890e+03 2.231574e+03 2.014432e+03 1.734258e+03 1.449713e+03 1.199131e+03 9.952820e+02 8.358636e+02 4.440807e+02 3.197123e+02 2.681889e+02 2.422876e+02 2.275071e+02 2.183640e+02 2.085492e+02 2.045686e+02 2.038917e+02 2.055607e+02 2.091396e+02 2.143689e+02 3.152848e+02 4.275712e+02 5.193864e+02 5.833812e+02
2.633311e+03 2.633311e+03 2.633311e+03 2.633311e+03 2.633311e+03 2.633332e+03 2.633484e+03 2.632846e+03 2.625803e+03 2.603773e+03 2.481780e+03 2.243476e+03 1.933526e+03 1.617236e+03 1.337729e+03 1.109707e+03 9.309469e+02 4.893834e+02 3.480374e+02 2.891192e+02 2.593750e+02 2.423644e+02 2.318414e+02 2.205815e+02 2.160353e+02 2.152010e+02 2.168999e+02 2.205837e+02 2.259385e+02 3.274434e+02 4.374776e+02 5.261511e+02 5.880043e+02
2.997203e+03 2.997203e+03 2.997203e+03 2.997203e+03 2.997203e+03 2.997194e+03 2.997165e+03 2.995393e+03 2.986499e+03 2.960271e+03 2.818319e+03 2.543409e+03 2.187198e+03 1.824547e+03 1.504622e+03 1.243993e+03 1.039914e+03 5.369750e+02 3.764963e+02 3.097236e+02 2.760726e+02 2.568845e+02 2.450736e+02 2.325769e+02 2.276558e+02 2.268213e+02 2.286728e+02 2.325518e+02 2.380917e+02 3.399787e+02 4.476509e+02 5.330270e+02 5.926519e+02
3.307608e+03 3.307608e+03 3.307608e+03 3.307608e+03 3.307608e+03 3.307608e+03 3.307608e+03 3.305769e+03 3.296003e+03 3.267047e+03 3.109996e+03 2.805589e+03 2.410997e+03 2.009162e+03 1.654594e+03 1.365692e+03 1.139437e+03 5.816419e+02 4.035643e+02 3.295072e+02 2.922777e+02 2.711540e+02 2.582496e+02 2.448070e+02 2.397067e+02 2.390027e+02 2.410927e+02 2.452198e+02 2.509718e+02 3.528887e+02 4.580628e+02 5.400160e+02 5.973204e+02
3.565845e+03 3.565845e+03 3.565845e+03 3.565844e+03 3.565843e+03 3.565812e+03 3.565718e+03 3.563439e+03 3.552744e+03 3.521345e+03 3.351591e+03 3.022870e+03 2.596887e+03 2.163123e+03 1.780370e+03 1.468458e+03 1.224131e+03 6.213196e+02 4.285904e+02 3.484391e+02 3.082421e+02 2.855497e+02 2.717933e+02 2.576883e+02 2.525495e+02 2.520429e+02 2.543981e+02 2.587760e+02 2.647259e+02 3.661703e+02 4.686841e+02 5.471227e+02 6.020063e+02
3.800299e+03 3.800299e+03 3.800299e+03 3.800300e+03 3.800301e+03 3.800338e+03 3.800439e+03 3.798703e+03 3.787738e+03 3.754721e+03 3.574559e+03 3.224541e+03 2.770340e+03 2.307464e+03 1.898782e+03 1.565586e+03 1.304483e+03 6.597861e+02 4.535180e+02 3.678297e+02 3.249913e+02 3.009294e+02 2.864409e+02 2.717756e+02 2.666053e+02 2.662624e+02 2.688325e+02 2.734047e+02 2.794929e+02 3.798175e+02 4.794848e+02 5.543573e+02 6.067069e+02
4.066008e+03 4.066008e+03 4.066008e+03 4.066009e+03 4.066011e+03 4.066071e+03 4.066253e+03 4.064631e+03 4.053036e+03 4.017848e+03 3.825306e+03 3.450832e+03 2.964607e+03 2.468870e+03 2.031000e+03 1.673883e+03 1.393951e+03 7.024970e+02 4.813706e+02 3.896957e+02 3.440035e+02 3.184320e+02 3.030965e+02 2.876710e+02 2.822950e+02 2.819638e+02 2.846169e+02 2.892677e+02 2.953909e+02 3.938204e+02 4.904340e+02 5.617334e+02 6.114194e+02
4.377439e+03 4.377439e+03 4.377439e+03 4.377439e+03 4.377439e+03 4.377441e+03 4.377447e+03 4.375062e+03 4.362179e+03 4.323862e+03 4.115668e+03 3.711684e+03 3.187598e+03 2.653518e+03 2.181944e+03 1.797448e+03 1.496130e+03 7.521703e+02 5.143488e+02 4.157514e+02 3.665991e+02 3.390788e+02 3.225591e+02 3.058850e+02 2.999627e+02 2.993880e+02 3.019226e+02 3.064867e+02 3.125047e+02 4.081641e+02 5.015005e+02 5.692240e+02 6.161419e+02
4.709639e+03 4.709639e+03 4.709639e+03 4.709641e+03 4.709646e+03 4.709801e+03 4.710284e+03 4.709559e+03 4.696955e+03 4.657099e+03 4.435746e+03 4.003004e+03 3.439957e+03 2.865200e+03 2.357088e+03 1.942385e+03 1.617109e+03 8.125593e+02 5.545974e+02 4.473397e+02 3.936894e+02 3.635260e+02 3.453225e+02 3.267251e+02 3.198158e+02 3.186801e+02 3.208511e+02 3.251304e+02 3.308779e+02 4.228281e+02 5.126526e+02 5.768020e+02 6.208730e+02
5.228519e+03 5.228519e+03 5.228519e+03 5.228519e+03 5.228519e+03 5.228521e+03 5.228528e+03 5.225655e+03 5.210201e+03 5.164283e+03 4.914932e+03 4.431270e+03 3.803973e+03 3.164812e+03 2.600505e+03 2.140410e+03 1.779834e+03 8.892161e+02 6.039384e+02 4.851808e+02 4.256013e+02 3.919460e+02 3.714951e+02 3.502574e+02 3.419054e+02 3.398781e+02 3.414266e+02 3.452094e+02 3.505088e+02 4.377855e+02 5.238590e+02 5.844436e+02 6.256124e+02
5.789027e+03 5.789027e+03 5.789027e+03 5.789028e+03 5.789031e+03 5.789136e+03 5.789464e+03 5.787520e+03 5.771237e+03 5.721250e+03 5.446574e+03 4.911633e+03 4.216714e+03 3.507969e+03 2.881756e+03 2.370854e+03 1.970222e+03 9.793930e+02 6.613427e+02 5.286644e+02 4.619042e+02 4.240206e+02 4.008389e+02 3.763465e+02 3.661488e+02 3.629244e+02 3.636014e+02 3.666783e+02 3.713511e+02 4.530032e+02 5.350884e+02 5.921266e+02 6.303605e+02
6.455487e+03 6.455487e+03 6.455487e+03 6.455487e+03 6.455487e+03 6.455488e+03 6.455492e+03 6.451907e+03 6.432738e+03 6.375826e+03 6.066915e+03 5.467874e+03 4.691004e+03 3.899431e+03 3.200491e+03 2.630527e+03 2.183742e+03 1.079270e+03 7.246719e+02 5.765375e+02 5.017994e+02 4.591997e+02 4.329514e+02 4.047469e+02 3.923768e+02 3.876901e+02 3.872687e+02 3.894426e+02 3.933176e+02 4.684419e+02 5.463102e+02 5.998292e+02 6.351199e+02
7.124858e+03 7.124858e+03 7.124858e+03 7.124859e+03 7.124862e+03 7.124947e+03 7.125214e+03 7.122250e+03 7.101732e+03 7.039551e+03 6.699552e+03 6.038597e+03 5.180608e+03 4.305876e+03 3.533158e+03 2.902783e+03 2.408467e+03 1.185591e+03 7.924691e+02 6.279501e+02 5.447009e+02 4.970342e+02 4.674657e+02 4.351897e+02 4.203782e+02 4.140006e+02 4.122778e+02 4.133682e+02 4.162866e+02 4.840567e+02 5.574946e+02 6.075298e+02 6.398959e+02
7.859939e+03 7.859939e+03 7.859939e+03 7.859939e+03 7.859939e+03 7.859941e+03 7.859948e+03 7.855658e+03 7.832352e+03 7.763001e+03 7.386235e+03 6.655407e+03 5.707543e+03 4.741680e+03 3.888777e+03 3.193185e+03 2.647842e+03 1.298895e+03 8.648245e+02 6.827641e+02 5.903579e+02 5.372327e+02 5.040875e+02 4.674103e+02 4.499217e+02 4.416506e+02 4.384443e+02 4.382884e+02 4.401071e+02 4.997978e+02 5.686128e+02 6.152074e+02 6.446996e+02
8.600253e+03 8.600253e+03 8.600254e+03 8.600255e+03 8.600259e+03 8.600359e+03 8.600618e+03 8.596753e+03 8.571826e+03 8.496651e+03 8.086180e+03 7.288332e+03 6.252366e+03 5.195771e+03 4.261977e+03 3.499808e+03 2.901809e+03 1.419948e+03 9.416445e+02 7.405862e+02 6.383389e+02 5.794017e+02 5.424700e+02 5.011266e+02 4.807577e+02 4.704118e+02 4.655582e+02 4.640109e+02 4.646042e+02 5.156114e+02 5.796373e+02 6.228412e+02 6.495188e+02
9.429400e+03 9.429400e+03 9.429400e+03 9.429402e+03 9.429406e+03 9.429546e+03 9.429963e+03 9.425895e+03 9.398419e+03 9.315668e+03 8.864462e+03 7.988002e+03 6.850226e+03 5.689909e+03 4.664509e+03 3.827621e+03 3.171043e+03 1.544512e+03 1.019998e+03 7.996926e+02 6.876323e+02 6.229086e+02 5.821734e+02 5.360392e+02 5.126213e+02 5.000346e+02 4.933863e+02 4.903218e+02 4.895844e+02 5.314409e+02 5.905418e+02 6.304112e+02 6.543346e+02
1.014993e+04 1.014993e+04 1.014993e+04 1.014993e+04 1.014992e+04 1.014963e+04 1.014872e+04 1.013949e+04 1.010680e+04 1.001445e+04 9.522739e+03 8.575379e+03 7.349510e+03 6.101637e+03 5.000261e+03 4.102235e+03 3.398232e+03 1.656166e+03 1.094513e+03 8.581165e+02 7.374138e+02 6.673215e+02 6.228931e+02 5.718802e+02 5.452377e+02 5.302492e+02 5.216751e+02 5.169896e+02 5.148395e+02 5.472282e+02 6.013018e+02 6.378978e+02 6.591317e+02
1.054492e+04 1.054492e+04 1.054492e+04 1.054492e+04 1.054493e+04 1.054530e+04 1.054644e+04 1.054513e+04 1.051722e+04 1.042837e+04 9.933187e+03 8.963092e+03 7.698879e+03 6.406419e+03 5.262044e+03 4.326498e+03 3.591391e+03 1.763628e+03 1.169677e+03 9.180086e+02 7.886557e+02 7.130038e+02 6.646688e+02 6.084224e+02 5.783126e+02 5.607610e+02 5.501519e+02 5.437693e+02 5.401526e+02 5.629144e+02 6.118939e+02 6.452824e+02 6.638969e+02
1.152490e+04 1.152490e+04 1.152490e+04 1.152490e+04 1.152490e+04 1.152492e+04 1.152500e+04 1.151886e+04 1.148486e+04 1.138357e+04 1.083285e+04 9.763798e+03 8.376253e+03 6.961269e+03 5.710717e+03 4.689865e+03 3.888693e+03 1.900888e+03 1.256435e+03 9.834234e+02 8.428793e+02 7.604233e+02 7.074997e+02 6.453587e+02 6.114977e+02 5.912445e+02 5.785277e+02 5.704085e+02 5.653038e+02 5.784417e+02 6.222967e+02 6.525471e+02 6.686175e+02
1.259084e+04 1.259084e+04 1.259084e+04 1.259084e+04 1.259084e+04 1.259084e+04 1.259084e+04 1.258382e+04 1.254640e+04 1.243531e+04 1.183205e+04 1.066147e+04 9.142357e+03 7.593361e+03 6.224522e+03 5.107253e+03 4.230534e+03 2.056059e+03 1.351433e+03 1.052932e+03 8.991788e+02 8.088546e+02 7.507511e+02 6.821724e+02 6.443670e+02 6.213464e+02 6.065066e+02 5.966566e+02 5.900789e+02 5.937544e+02 6.324904e+02 6.596751e+02 6.732815e+02
1.359830e+04 1.359830e+04 1.359830e+04 1.359830e+04 1.359830e+04 1.359830e+04 1.359829e+04 1.359068e+04 1.355025e+04 1.343025e+04 1.277871e+04 1.151427e+04 9.873028e+03 8.199093e+03 6.719463e+03 5.511437e+03 4.563242e+03 2.209852e+03 1.446157e+03 1.122157e+03 9.550177e+02 8.566703e+02 7.932839e+02 7.181872e+02 6.764498e+02 6.507090e+02 6.338025e+02 6.222772e+02 6.142781e+02 6.087995e+02 6.424569e+02 6.666508e+02 6.778773e+02
1.453246e+04 1.453246e+04 1.453246e+04 1.453246e+04 1.453246e+04 1.453246e+04 1.453245e+04 1.452429e+04 1.448107e+04 1.435287e+04 1.365678e+04 1.230572e+04 1.055174e+04 8.762482e+03 7.180558e+03 5.888690e+03 4.874403e+03 2.354979e+03 1.536041e+03 1.188067e+03 1.008304e+03 9.023772e+02 8.339967e+02 7.527448e+02 7.073047e+02 6.790081e+02 6.601608e+02 6.470614e+02 6.377249e+02 6.235283e+02 6.521797e+02 6.734595e+02 6.823940e+02
1.539454e+04 1.539454e+04 1.539454e+04 1.539454e+04 1.539454e+04 1.539454e+04 1.539452e+04 1.538585e+04 1.534003e+04 1.520410e+04 1.446610e+04 1.303385e+04 1.117467e+04 9.278283e+03 7.601766e+03 6.232688e+03 5.157764e+03 2.487049e+03 1.618169e+03 1.248623e+03 1.057558e+03 9.448753e+02 8.720575e+02 7.853370e+02 7.365887e+02 7.059888e+02 6.853783e+02 6.708393e+02 6.602737e+02 6.378966e+02 6.616441e+02 6.800880e+02 6.868210e+02
1.618402e+04 1.618402e+04 1.618402e+04 1.618402e+04 1.618401e+04 1.618386e+04 1.618337e+04 1.617251e+04 1.612312e+04 1.597880e+04 1.519966e+04 1.369055e+04 1.173323e+04 9.737757e+03 7.974379e+03 6.534916e+03 5.405143e+03 2.600534e+03 1.689285e+03 1.301932e+03 1.101638e+03 9.834398e+02 9.069728e+02 8.156826e+02 7.641011e+02 7.314880e+02 7.093142e+02 6.934866e+02 6.818136e+02 6.518656e+02 6.708371e+02 6.865243e+02 6.911483e+02
1.670581e+04 1.670581e+04 1.670581e+04 1.670581e+04 1.670580e+04 1.670564e+04 1.670515e+04 1.669390e+04 1.664289e+04 1.649397e+04 1.569019e+04 1.413341e+04 1.211408e+04 1.005521e+04 8.235606e+03 6.750098e+03 5.584078e+03 2.688950e+03 1.747972e+03 1.347752e+03 1.140595e+03 1.018168e+03 9.388194e+02 8.437867e+02 7.897971e+02 7.554361e+02 7.318896e+02 7.149236e+02 7.022681e+02 6.654022e+02 6.797474e+02 6.927577e+02 6.953664e+02
1.703486e+04 1.703486e+04 1.703486e+04 1.703486e+04 1.703486e+04 1.703502e+04 1.703550e+04 1.702790e+04 1.697872e+04 1.683021e+04 1.601822e+04 1.443807e+04 1.238427e+04 1.028757e+04 8.432720e+03 6.917152e+03 5.726624e+03 2.765723e+03 1.800790e+03 1.389592e+03 1.176411e+03 1.050221e+03 9.682909e+02 8.698955e+02 8.137486e+02 7.778330e+02 7.530748e+02 7.351090e+02 7.215921e+02 6.784789e+02 6.883650e+02 6.987786e+02 6.994664e+02
1.762388e+04 1.762388e+04 1.762388e+04 1.762388e+04 1.762388e+04 1.762388e+04 1.762389e+04 1.761413e+04 1.756188e+04 1.740663e+04 1.656308e+04 1.492534e+04 1.279887e+04 1.062933e+04 8.710878e+03 7.143848e+03 5.913190e+03 2.853489e+03 1.856525e+03 1.431630e+03 1.211306e+03 1.080852e+03 9.961209e+02 8.942726e+02 8.360491e+02 7.987059e+02 7.728691e+02 7.540296e+02 7.397667e+02 6.910742e+02 6.966818e+02 7.045789e+02 7.034399e+02
1.826961e+04 1.826961e+04 1.826961e+04 1.826961e+04 1.826961e+04 1.826962e+04 1.826962e+04 1.825944e+04 1.820512e+04 1.804386e+04 1.716813e+04 1.546844e+04 1.326202e+04 1.101132e+04 9.021408e+03 7.396238e+03 6.120075e+03 2.947821e+03 1.914260e+03 1.473738e+03 1.245334e+03 1.110143e+03 1.022379e+03 9.169601e+02 8.567259e+02 8.180736e+02 7.912854e+02 7.716933e+02 7.567947e+02 7.031719e+02 7.046907e+02 7.101517e+02 7.072792e+02
1.887282e+04 1.887282e+04 1.887282e+04 1.887282e+04 1.887282e+04 1.887281e+04 1.887278e+04 1.886210e+04 1.880586e+04 1.863908e+04 1.773369e+04 1.597665e+04 1.369590e+04 1.136948e+04 9.312728e+03 7.633044e+03 6.314133e+03 3.035877e+03 1.967822e+03 1.512607e+03 1.276632e+03 1.137023e+03 1.046448e+03 9.377631e+02 8.757348e+02 8.359452e+02 8.083487e+02 7.881265e+02 7.726990e+02 7.147612e+02 7.123864e+02 7.154913e+02 7.109772e+02
1.941179e+04 1.941179e+04 1.941179e+04 1.941178e+04 1.941178e+04 1.941159e+04 1.941100e+04 1.939789e+04 1.933854e+04 1.916527e+04 1.823020e+04 1.641929e+04 1.407050e+04 1.167581e+04 9.559451e+03 7.831643e+03 6.475363e+03 3.106887e+03 2.011165e+03 1.544745e+03 1.303161e+03 1.160299e+03 1.067639e+03 9.564781e+02 8.930475e+02 8.523525e+02 8.241074e+02 8.033776e+02 7.875218e+02 7.258358e+02 7.197643e+02 7.205930e+02 7.145275e+02
1.964290e+04 1.964290e+04 1.964290e+04 1.964290e+04 1.964290e+04 1.964271e+04 1.964211e+04 1.962876e+04 1.956861e+04 1.939318e+04 1.844699e+04 1.661493e+04 1.423891e+04 1.181653e+04 9.675718e+03 7.927950e+03 6.556009e+03 3.148784e+03 2.040587e+03 1.568839e+03 1.324412e+03 1.179782e+03 1.085906e+03 9.731679e+02 9.087565e+02 8.673900e+02 8.386473e+02 8.175201e+02 8.013241e+02 7.363937e+02 7.268214e+02 7.254535e+02 7.179243e+02
1.959661e+04 1.959661e+04 1.959661e+04 1.959661e+04 1.959662e+04 1.959678e+04 1.959728e+04 1.958835e+04 1.953162e+04 1.936056e+04 1.842579e+04 1.660711e+04 1.424350e+04 1.183064e+04 9.696135e+03 7.952063e+03 6.581998e+03 3.173932e+03 2.062517e+03 1.588479e+03 1.342502e+03 1.196780e+03 1.102097e+03 9.882470e+02 9.231063e+02 8.812242e+02 8.520923e+02 8.306507e+02 8.141828e+02 7.464360e+02 7.335555e+02 7.300701e+02 7.211625e+02
1.982746e+04 1.982746e+04 1.982746e+04 1.982747e+04 1.982747e+04 1.982763e+04 1.982810e+04 1.981861e+04 1.976079e+04 1.958727e+04 1.864085e+04 1.680078e+04 1.440996e+04 1.196958e+04 9.810800e+03 8.046877e+03 6.661174e+03 3.213729e+03 2.089170e+03 1.609485e+03 1.360605e+03 1.213191e+03 1.117426e+03 1.002293e+03 9.364211e+02 8.940628e+02 8.645890e+02 8.428797e+02 8.261839e+02 7.559669e+02 7.399653e+02 7.344413e+02 7.242378e+02
2.022876e+04 2.022876e+04 2.022876e+04 2.022876e+04 2.022876e+04 2.022875e+04 2.022872e+04 2.021734e+04 2.015725e+04 1.997901e+04 1.901110e+04 1.713199e+04 1.469177e+04 1.220161e+04 9.999109e+03 8.199619e+03 6.786046e+03 3.269466e+03 2.122542e+03 1.633540e+03 1.380019e+03 1.229999e+03 1.132641e+03 1.015753e+03 9.489858e+02 9.061012e+02 8.762805e+02 8.543168e+02 8.374142e+02 7.649925e+02 7.460504e+02 7.385664e+02 7.271464e+02
2.058997e+04 2.058997e+04 2.058997e+04 2.058997e+04 2.058997e+04 2.058996e+04 2.058994e+04 2.057838e+04 2.051722e+04 2.033577e+04 1.935039e+04 1.743749e+04 1.495355e+04 1.241886e+04 1.017701e+04 8.345315e+03 6.906369e+03 3.325745e+03 2.157095e+03 1.658518e+03 1.399965e+03 1.246996e+03 1.147777e+03 1.028797e+03 9.609677e+02 9.174813e+02 8.872836e+02 8.650581e+02 8.479530e+02 7.735202e+02 7.518112e+02 7.424456e+02 7.298854e+02
2.091589e+04 2.091589e+04 2.091589e+04 2.091589e+04 2.091589e+04 2.091588e+04 2.091586e+04 2.090411e+04 2.084195e+04 2.065752e+04 1.965610e+04 1.771228e+04 1.518848e+04 1.261339e+04 1.033602e+04 8.475449e+03 7.013886e+03 3.376934e+03 2.189409e+03 1.682400e+03 1.419278e+03 1.263526e+03 1.162486e+03 1.041371e+03 9.724155e+02 9.282810e+02 8.976794e+02 8.751789e+02 8.578669e+02 7.815583e+02 7.572484e+02 7.460795e+02 7.324523e+02
2.121000e+04 2.121000e+04 2.121000e+04 2.121000e+04 2.121000e+04 2.120999e+04 2.120998e+04 2.119806e+04 2.113500e+04 2.094790e+04 1.993197e+04 1.796011e+04 1.540011e+04 1.278835e+04 1.047876e+04 8.592037e+03 7.110041e+03 3.422626e+03 2.218544e+03 1.704264e+03 1.437218e+03 1.279053e+03 1.176405e+03 1.053340e+03 9.833072e+02 9.385297e+02 9.075169e+02 8.847331e+02 8.672079e+02 7.891154e+02 7.623637e+02 7.494698e+02 7.348454e+02
2.147508e+04 2.147508e+04 2.147508e+04 2.147508e+04 2.147508e+04 2.147507e+04 2.147505e+04 2.146299e+04 2.139911e+04 2.120960e+04 2.018057e+04 1.818333e+04 1.559053e+04 1.294550e+04 1.060668e+04 8.696227e+03 7.195724e+03 3.462936e+03 2.244303e+03 1.723797e+03 1.453460e+03 1.293292e+03 1.189307e+03 1.064589e+03 9.936056e+02 9.482337e+02 9.168244e+02 8.937575e+02 8.760148e+02 7.961996e+02 7.671590e+02 7.526184e+02 7.370635e+02
2.171364e+04 2.171364e+04 2.171364e+04 2.171364e+04 2.171363e+04 2.171363e+04 2.171362e+04 2.170144e+04 2.163686e+04 2.144520e+04 2.040443e+04 1.838436e+04 1.576194e+04 1.308678e+04 1.072145e+04 8.789484e+03 7.272201e+03 3.498487e+03 2.266983e+03 1.741118e+03 1.468023e+03 1.306213e+03 1.201141e+03 1.075077e+03 1.003295e+03 9.573982e+02 9.256202e+02 9.022777e+02 8.843156e+02 8.028191e+02 7.716367e+02 7.555279e+02 7.391063e+02
2.193046e+04 2.193046e+04 2.193046e+04 2.193046e+04 2.193046e+04 2.193046e+04 2.193045e+04 2.191815e+04 2.185290e+04 2.165928e+04 2.060783e+04 1.856700e+04 1.591764e+04 1.321505e+04 1.082556e+04 8.873972e+03 7.341379e+03 3.530368e+03 2.287252e+03 1.756643e+03 1.481168e+03 1.317973e+03 1.212004e+03 1.084839e+03 1.012390e+03 9.660374e+02 9.339208e+02 9.103120e+02 8.921299e+02 8.089811e+02 7.757996e+02 7.582013e+02 7.409736e+02
2.212980e+04 2.212980e+04 2.212980e+04 2.212980e+04 2.212980e+04 2.212980e+04 2.212980e+04 2.211744e+04 2.205162e+04 2.185624e+04 2.079506e+04 1.873521e+04 1.606110e+04 1.333328e+04 1.092153e+04 8.951831e+03 7.405099e+03 3.559617e+03 2.305799e+03 1.770855e+03 1.493234e+03 1.328813e+03 1.222064e+03 1.093955e+03 1.020933e+03 9.741739e+02 9.417419e+02 9.178740e+02 8.994703e+02 8.146922e+02 7.796510e+02 7.606420e+02 7.426662e+02
2.231855e+04 2.231855e+04 2.231855e+04 2.231855e+04 2.231855e+04 2.231855e+04 2.231855e+04 2.230608e+04 2.223969e+04 2.204261e+04 2.097217e+04 1.889429e+04 1.619674e+04 1.344502e+04 1.101219e+04 9.025346e+03 7.465224e+03 3.587111e+03 2.323184e+03 1.784158e+03 1.504524e+03 1.338961e+03 1.231490e+03 1.102517e+03 1.028970e+03 9.818318e+02 9.490964e+02 9.249716e+02 9.063434e+02 8.199581e+02 7.831944e+02 7.628540e+02 7.441849e+02
2.249921e+04 2.249921e+04 2.249921e+04 2.249921e+04 2.249921e+04 2.249921e+04 2.249922e+04 2.248667e+04 2.241975e+04 2.222106e+04 2.114178e+04 1.904668e+04 1.632672e+04 1.355213e+04 1.109911e+04 9.095829e+03 7.522865e+03 3.613425e+03 2.339780e+03 1.796824e+03 1.515247e+03 1.348578e+03 1.240407e+03 1.110596e+03 1.036539e+03 9.890283e+02 9.559908e+02 9.316066e+02 9.127492e+02 8.247842e+02 7.864336e+02 7.648412e+02 7.455314e+02
2.267506e+04 2.267506e+04 2.267506e+04 2.267506e+04 2.267506e+04 2.267506e+04 2.267507e+04 2.266242e+04 2.259496e+04 2.239468e+04 2.130676e+04 1.919486e+04 1.645307e+04 1.365622e+04 1.118355e+04 9.164272e+03 7.578811e+03 3.638889e+03 2.355783e+03 1.808990e+03 1.525508e+03 1.357746e+03 1.248880e+03 1.118228e+03 1.043655e+03 9.957671e+02 9.624220e+02 9.377731e+02 9.186815e+02 8.291752e+02 7.893729e+02 7.666081e+02 7.467077e+02
2.284555e+04 2.284555e+04 2.284555e+04 2.284555e+04 2.284555e+04 2.284555e+04 2.284556e+04 2.283280e+04 2.276482e+04 2.256299e+04 2.146669e+04 1.933851e+04 1.657555e+04 1.375711e+04 1.126539e+04 9.230602e+03 7.633022e+03 3.663516e+03 2.371207e+03 1.820670e+03 1.535316e+03 1.366474e+03 1.256913e+03 1.125411e+03 1.050312e+03 1.002037e+03 9.683764e+02 9.434572e+02 9.241278e+02 8.331358e+02 7.920169e+02 7.681594e+02 7.477160e+02
2.300975e+04 2.300975e+04 2.300975e+04 2.300975e+04 2.300975e+04 2.300975e+04 2.300976e+04 2.299690e+04 2.292842e+04 2.272510e+04 2.162072e+04 1.947682e+04 1.669346e+04 1.385421e+04 1.134412e+04 9.294386e+03 7.685129e+03 3.687120e+03 2.385937e+03 1.831779e+03 1.544608e+03 1.374709e+03 1.264464e+03 1.132114e+03 1.056481e+03 1.007811e+03 9.738304e+02 9.486383e+02 9.290708e+02 8.366706e+02 7.943706e+02 7.694999e+02 7.485590e+02
2.316532e+04 2.316532e+04 2.316532e+04 2.316532e+04 2.316532e+04 2.316532e+04 2.316531e+04 2.315233e+04 2.308334e+04 2.287859e+04 2.176649e+04 1.960767e+04 1.680493e+04 1.394595e+04 1.141846e+04 9.354585e+03 7.734280e+03 3.709332e+03 2.399763e+03 1.842176e+03 1.553279e+03 1.382369e+03 1.271463e+03 1.138282e+03 1.062118e+03 1.013053e+03 9.787531e+02 9.532908e+02 9.334901e+02 8.397847e+02 7.964393e+02 7.706348e+02 7.492399e+02
2.330806e+04 2.330806e+04 2.330806e+04 2.330806e+04 2.330806e+04 2.330806e+04 2.330805e+04 2.329498e+04 2.322556e+04 2.301950e+04 2.190036e+04 1.972783e+04 1.690730e+04 1.403018e+04 1.148672e+04 9.409845e+03 7.779398e+03 3.729730e+03 2.412461e+03 1.851717e+03 1.561220e+03 1.389366e+03 1.277835e+03 1.143857e+03 1.067174e+03 1.017722e+03 9.831100e+02 9.573870e+02 9.373638e+02 8.424839e+02 7.982289e+02 7.715693e+02 7.497618e+02
2.343672e+04 2.343672e+04 2.343672e+04 2.343672e+04 2.343672e+04 2.343672e+04 2.343670e+04 2.342353e+04 2.335369e+04 2.314643e+04 2.202086e+04 1.983591e+04 1.699928e+04 1.410580e+04 1.154794e+04 9.459391e+03 7.819842e+03 3.748045e+03 2.423886e+03 1.860301e+03 1.568349e+03 1.395627e+03 1.283513e+03 1.148779e+03 1.071598e+03 1.021774e+03 9.868665e+02 9.608996e+02 9.406714e+02 8.447746e+02 7.997454e+02 7.723089e+02 7.501284e+02
2.354809e+04 2.354809e+04 2.354809e+04 2.354809e+04 2.354809e+04 2.354809e+04 2.354807e+04 2.353483e+04 2.346464e+04 2.325637e+04 2.212525e+04 1.992952e+04 1.707896e+04 1.417132e+04 1.160102e+04 9.502385e+03 7.854986e+03 3.764110e+03 2.433966e+03 1.867875e+03 1.574616e+03 1.401097e+03 1.288441e+03 1.152992e+03 1.075340e+03 1.025169e+03 9.899910e+02 9.638050e+02 9.433960e+02 8.466648e+02 8.009954e+02 7.728590e+02 7.503434e+02
2.364237e+04 2.364237e+04 2.364237e+04 2.364237e+04 2.364237e+04 2.364237e+04 2.364235e+04 2.362904e+04 2.355855e+04 2.334940e+04 2.221353e+04 2.000863e+04 1.714622e+04 1.422662e+04 1.164584e+04 9.538743e+03 7.884770e+03 3.777918e+03 2.442692e+03 1.874414e+03 1.579981e+03 1.405729e+03 1.292565e+03 1.156446e+03 1.078358e+03 1.027874e+03 9.924585e+02 9.660857e+02 9.455263e+02 8.481636e+02 8.019861e+02 7.732254e+02 7.504108e+02
2.371916e+04 2.371916e+04 2.371916e+04 2.371916e+04 2.371916e+04 2.371916e+04 2.371914e+04 2.370579e+04 2.363505e+04 2.342518e+04 2.228540e+04 2.007299e+04 1.720096e+04 1.427167e+04 1.168245e+04 9.568558e+03 7.909306e+03 3.789536e+03 2.450062e+03 1.879879e+03 1.584387e+03 1.409460e+03 1.295826e+03 1.159091e+03 1.080615e+03 1.029864e+03 9.942533e+02 9.677331e+02 9.470591e+02 8.492817e+02 8.027247e+02 7.734137e+02 7.503347e+02
2.377922e+04 2.377922e+04 2.377922e+04 2.377922e+04 2.377922e+04 2.377922e+04 2.377921e+04 2.376584e+04 2.369494e+04 2.348451e+04 2.234167e+04 2.012337e+04 1.724385e+04 1.430707e+04 1.171135e+04 9.592213e+03 7.928882e+03 3.798966e+03 2.455988e+03 1.884163e+03 1.587734e+03 1.412205e+03 1.298154e+03 1.160883e+03 1.082085e+03 1.031126e+03 9.953723e+02 9.687497e+02 9.480004e+02 8.500312e+02 8.032193e+02 7.734299e+02 7.501194e+02
2.382669e+04 2.382669e+04 2.382669e+04 2.382669e+04 2.382669e+04 2.382669e+04 2.382668e+04 2.381328e+04 2.374222e+04 2.353131e+04 2.238596e+04 2.016293e+04 1.727743e+04 1.433471e+04 1.173386e+04 9.610593e+03 7.944053e+03 3.806103e+03 2.460288e+03 1.887108e+03 1.589903e+03 1.413877e+03 1.299487e+03 1.161798e+03 1.082766e+03 1.031668e+03 9.958276e+02 9.691503e+02 9.483665e+02 8.504259e+02 8.034779e+02 7.732799e+02 7.497692e+02
2.386294e+04 2.386294e+04 2.386294e+04 2.386294e+04 2.386294e+04 2.386293e+04 2.386289e+04 2.384940e+04 2.377815e+04 2.356681e+04 2.241935e+04 2.019251e+04 1.730231e+04 1.435498e+04 1.175017e+04 9.623746e+03 7.954762e+03 3.810731e+03 2.462784e+03 1.888595e+03 1.590818e+03 1.414435e+03 1.299809e+03 1.161846e+03 1.082681e+03 1.031517e+03 9.956481e+02 9.689631e+02 9.481839e+02 8.504811e+02 8.035092e+02 7.729695e+02 7.492886e+02
2.387782e+04 2.387782e+04 2.387782e+04 2.387782e+04 2.387782e+04 2.387780e+04 2.387776e+04 2.386422e+04 2.379288e+04 2.358134e+04 2.243297e+04 2.020455e+04 1.731243e+04 1.436326e+04 1.175686e+04 9.629157e+03 7.959162e+03 3.812420e+03 2.463367e+03 1.888609e+03 1.590503e+03 1.413920e+03 1.299170e+03 1.161085e+03 1.081883e+03 1.030723e+03 9.948786e+02 9.682283e+02 9.474889e+02 8.502133e+02 8.033221e+02 7.725048e+02 7.486821e+02
2.386310e+04 2.386310e+04 2.386310e+04 2.386310e+04 2.386310e+04 2.386309e+04 2.386304e+04 2.384951e+04 2.377823e+04 2.356686e+04 2.241942e+04 2.019276e+04 1.730288e+04 1.435590e+04 1.175134e+04 9.625031e+03 7.956037e+03 3.811086e+03 2.462149e+03 1.887294e+03 1.589102e+03 1.412467e+03 1.297694e+03 1.159614e+03 1.080455e+03 1.029355e+03 9.935773e+02 9.669959e+02 9.463251e+02 8.496401e+02 8.029257e+02 7.718917e+02 7.479542e+02
