2.925233e+06 2.550102e+06 2.401201e+06 1.953456e+06 1.743364e+06 1.219462e+06 1.016691e+06 8.435274e+05 7.983545e+05 7.673462e+05 7.323874e+05 7.197613e+05 7.205109e+05 7.297874e+05 7.447297e+05 7.635314e+05 7.849902e+05 9.104015e+05 1.052289e+06 1.256646e+06 1.638689e+06 2.339042e+06 3.466974e+06 7.098536e+06 1.210734e+07 1.759795e+07 2.278565e+07 2.717586e+07 3.051949e+07 2.288335e+07 1.040133e+07 5.623444e+06 3.526616e+06
9.493939e+05 9.493943e+05 9.493949e+05 9.493367e+05 9.488921e+05 9.247112e+05 8.778907e+05 7.862319e+05 7.581007e+05 7.377867e+05 7.153091e+05 7.096690e+05 7.148462e+05 7.271488e+05 7.442612e+05 7.646693e+05 7.873423e+05 9.157183e+05 1.058405e+06 1.263094e+06 1.645729e+06 2.347236e+06 3.476899e+06 7.112961e+06 1.212608e+07 1.761941e+07 2.280774e+07 2.719661e+07 3.053740e+07 2.287417e+07 1.039388e+07 5.618992e+06 3.523856e+06
7.792853e+05 7.792855e+05 7.792860e+05 7.792912e+05 7.792702e+05 7.741950e+05 7.618356e+05 7.321153e+05 7.145681e+05 7.038044e+05 6.958222e+05 6.986912e+05 7.091316e+05 7.249075e+05 7.444265e+05 7.665599e+05 7.904985e+05 9.217484e+05 1.065060e+06 1.269961e+06 1.653130e+06 2.355772e+06 3.487173e+06 7.127772e+06 1.214522e+07 1.764125e+07 2.283013e+07 2.721759e+07 3.055546e+07 2.286485e+07 1.038638e+07 5.614522e+06 3.521087e+06
7.007202e+05 7.007203e+05 7.007208e+05 7.007304e+05 7.007497e+05 7.000310e+05 6.941887e+05 6.906496e+05 6.872040e+05 6.823730e+05 6.797117e+05 6.888603e+05 7.043033e+05 7.235755e+05 7.455395e+05 7.694110e+05 7.946039e+05 9.285264e+05 1.072263e+06 1.277250e+06 1.660889e+06 2.364647e+06 3.497793e+06 7.142961e+06 1.216475e+07 1.766345e+07 2.285283e+07 2.723878e+07 3.057364e+07 2.285539e+07 1.037883e+07 5.610033e+06 3.518310e+06
6.601669e+05 6.601670e+05 6.601674e+05 6.601776e+05 6.602044e+05 6.604909e+05 6.592285e+05 6.588897e+05 6.636281e+05 6.678285e+05 6.741591e+05 6.847227e+05 7.021301e+05 7.239723e+05 7.480287e+05 7.734680e+05 7.998091e+05 9.360745e+05 1.080017e+06 1.284958e+06 1.669002e+06 2.373855e+06 3.508752e+06 7.158524e+06 1.218466e+07 1.768600e+07 2.287582e+07 2.726019e+07 3.059194e+07 2.284580e+07 1.037123e+07 5.605525e+06 3.515525e+06
6.412170e+05 6.412171e+05 6.412174e+05 6.412275e+05 6.412558e+05 6.418719e+05 6.425895e+05 6.439011e+05 6.491883e+05 6.570674e+05 6.731539e+05 6.882409e+05 7.059399e+05 7.276390e+05 7.526307e+05 7.791164e+05 8.063272e+05 9.444068e+05 1.088318e+06 1.293077e+06 1.677460e+06 2.383389e+06 3.520042e+06 7.174451e+06 1.220495e+07 1.770891e+07 2.289910e+07 2.728180e+07 3.061037e+07 2.283607e+07 1.036358e+07 5.600998e+06 3.512732e+06
6.365749e+05 6.365750e+05 6.365753e+05 6.365846e+05 6.366115e+05 6.372791e+05 6.386555e+05 6.416965e+05 6.461160e+05 6.538515e+05 6.745247e+05 6.951722e+05 7.152284e+05 7.367901e+05 7.607440e+05 7.870301e+05 8.145187e+05 9.535392e+05 1.097157e+06 1.301598e+06 1.686255e+06 2.393240e+06 3.531653e+06 7.190733e+06 1.222561e+07 1.773215e+07 2.292265e+07 2.730361e+07 3.062891e+07 2.282620e+07 1.035587e+07 5.596452e+06 3.509930e+06
6.413404e+05 6.413405e+05 6.413407e+05 6.413491e+05 6.413741e+05 6.420450e+05 6.436682e+05 6.480347e+05 6.520358e+05 6.587803e+05 6.796424e+05 7.039045e+05 7.271912e+05 7.499257e+05 7.734704e+05 7.984665e+05 8.250144e+05 9.635031e+05 1.106523e+06 1.310506e+06 1.695374e+06 2.403394e+06 3.543575e+06 7.207361e+06 1.224663e+07 1.775573e+07 2.294648e+07 2.732561e+07 3.064755e+07 2.281620e+07 1.034812e+07 5.591888e+06 3.507121e+06
6.528955e+05 6.528956e+05 6.528959e+05 6.529036e+05 6.529267e+05 6.535693e+05 6.552409e+05 6.603804e+05 6.643600e+05 6.703537e+05 6.895633e+05 7.147674e+05 7.405944e+05 7.651937e+05 7.892108e+05 8.136033e+05 8.388645e+05 9.743619e+05 1.116406e+06 1.319788e+06 1.704802e+06 2.413841e+06 3.555795e+06 7.224320e+06 1.226800e+07 1.777963e+07 2.297057e+07 2.734779e+07 3.066628e+07 2.280605e+07 1.034032e+07 5.587304e+06 3.504303e+06
6.694514e+05 6.694515e+05 6.694517e+05 6.694588e+05 6.694800e+05 6.700872e+05 6.717345e+05 6.772226e+05 6.813003e+05 6.868822e+05 7.041755e+05 7.284590e+05 7.553410e+05 7.816240e+05 8.066638e+05 8.310943e+05 8.556259e+05 9.862302e+05 1.126805e+06 1.329429e+06 1.714526e+06 2.424564e+06 3.568299e+06 7.241600e+06 1.228970e+07 1.780384e+07 2.299491e+07 2.737014e+07 3.068511e+07 2.279575e+07 1.033246e+07 5.582702e+06 3.501478e+06
6.898578e+05 6.898578e+05 6.898581e+05 6.898644e+05 6.898838e+05 6.904470e+05 6.920151e+05 6.975403e+05 7.016794e+05 7.070474e+05 7.227405e+05 7.452502e+05 7.717819e+05 7.989547e+05 8.250502e+05 8.499642e+05 8.742574e+05 9.993010e+05 1.137730e+06 1.339415e+06 1.724529e+06 2.435550e+06 3.581072e+06 7.259186e+06 1.231173e+07 1.782835e+07 2.301949e+07 2.739265e+07 3.070401e+07 2.278532e+07 1.032455e+07 5.578081e+06 3.498644e+06
9.686314e+05 9.686315e+05 9.686316e+05 9.686341e+05 9.686420e+05 9.688787e+05 9.695753e+05 9.726254e+05 9.754842e+05 9.793703e+05 9.896336e+05 1.001992e+06 1.015653e+06 1.030637e+06 1.047211e+06 1.065418e+06 1.084961e+06 1.185442e+06 1.286609e+06 1.461470e+06 1.838569e+06 2.557239e+06 3.720601e+06 7.448661e+06 1.254675e+07 1.808726e+07 2.327620e+07 2.762463e+07 3.089551e+07 2.267264e+07 1.024263e+07 5.530836e+06 3.469861e+06
1.228756e+06 1.228756e+06 1.228756e+06 1.228757e+06 1.228761e+06 1.228867e+06 1.229183e+06 1.230855e+06 1.232798e+06 1.235667e+06 1.243683e+06 1.253512e+06 1.263982e+06 1.274436e+06 1.284659e+06 1.294740e+06 1.304927e+06 1.364804e+06 1.450577e+06 1.616448e+06 1.987817e+06 2.708754e+06 3.883555e+06 7.657210e+06 1.280044e+07 1.836258e+07 2.354435e+07 2.786132e+07 3.108453e+07 2.254384e+07 1.015543e+07 5.481706e+06 3.440277e+06
1.422858e+06 1.422858e+06 1.422858e+06 1.422858e+06 1.422860e+06 1.422913e+06 1.423072e+06 1.424184e+06 1.425747e+06 1.428179e+06 1.435174e+06 1.443821e+06 1.452988e+06 1.462012e+06 1.470561e+06 1.478511e+06 1.485880e+06 1.520529e+06 1.582036e+06 1.743750e+06 2.129039e+06 2.876642e+06 4.084000e+06 7.905817e+06 1.307585e+07 1.864902e+07 2.381509e+07 2.809275e+07 3.126128e+07 2.239746e+07 1.006285e+07 5.430698e+06 3.409903e+06
1.560840e+06 1.560840e+06 1.560840e+06 1.560840e+06 1.560841e+06 1.560875e+06 1.560971e+06 1.561825e+06 1.563193e+06 1.565389e+06 1.571809e+06 1.579777e+06 1.588196e+06 1.596431e+06 1.604166e+06 1.611266e+06 1.617700e+06 1.643504e+06 1.689253e+06 1.842165e+06 2.237350e+06 3.016203e+06 4.272034e+06 8.199738e+06 1.341372e+07 1.896432e+07 2.409161e+07 2.831527e+07 3.141917e+07 2.223211e+07 9.964818e+06 5.377829e+06 3.378754e+06
1.660200e+06 1.660200e+06 1.660200e+06 1.660199e+06 1.660199e+06 1.660175e+06 1.660116e+06 1.660496e+06 1.661551e+06 1.663382e+06 1.668951e+06 1.675983e+06 1.683452e+06 1.690773e+06 1.697657e+06 1.703986e+06 1.709734e+06 1.732454e+06 1.773049e+06 1.922372e+06 2.324751e+06 3.128216e+06 4.428169e+06 8.480779e+06 1.379302e+07 1.935114e+07 2.440261e+07 2.853828e+07 3.155899e+07 2.204657e+07 9.861278e+06 5.323119e+06 3.346845e+06
1.723014e+06 1.723014e+06 1.723014e+06 1.723014e+06 1.723015e+06 1.723032e+06 1.723085e+06 1.723734e+06 1.724881e+06 1.726758e+06 1.732299e+06 1.739200e+06 1.746494e+06 1.753629e+06 1.760338e+06 1.766516e+06 1.772144e+06 1.794876e+06 1.836272e+06 1.988880e+06 2.402008e+06 3.227888e+06 4.564026e+06 8.726688e+06 1.415347e+07 1.976047e+07 2.477132e+07 2.879494e+07 3.169389e+07 2.183990e+07 9.752228e+06 5.266602e+06 3.314197e+06
1.776221e+06 1.776221e+06 1.776221e+06 1.776221e+06 1.776222e+06 1.776236e+06 1.776281e+06 1.776857e+06 1.777883e+06 1.779563e+06 1.784525e+06 1.790712e+06 1.797262e+06 1.803686e+06 1.809750e+06 1.815360e+06 1.820502e+06 1.842146e+06 1.885446e+06 2.045151e+06 2.473579e+06 3.324248e+06 4.693663e+06 8.943519e+06 1.446811e+07 2.013676e+07 2.513699e+07 2.908094e+07 3.185416e+07 2.161151e+07 9.637703e+06 5.208317e+06 3.280830e+06
1.823093e+06 1.823093e+06 1.823093e+06 1.823093e+06 1.823093e+06 1.823102e+06 1.823127e+06 1.823581e+06 1.824446e+06 1.825880e+06 1.830147e+06 1.835481e+06 1.841131e+06 1.846670e+06 1.851895e+06 1.856729e+06 1.861164e+06 1.880570e+06 1.925379e+06 2.093699e+06 2.540622e+06 3.419392e+06 4.822882e+06 9.143750e+06 1.473465e+07 2.045030e+07 2.545108e+07 2.933911e+07 3.201351e+07 2.136129e+07 9.517786e+06 5.148313e+06 3.246768e+06
1.863604e+06 1.863604e+06 1.863604e+06 1.863605e+06 1.863605e+06 1.863619e+06 1.863660e+06 1.864097e+06 1.864841e+06 1.866053e+06 1.869617e+06 1.874046e+06 1.878726e+06 1.883306e+06 1.887619e+06 1.891604e+06 1.895260e+06 1.912008e+06 1.958053e+06 2.135570e+06 2.602674e+06 3.511786e+06 4.950766e+06 9.333705e+06 1.496041e+07 2.069206e+07 2.568445e+07 2.952870e+07 3.212556e+07 2.108970e+07 9.392611e+06 5.086650e+06 3.212039e+06
1.899423e+06 1.899423e+06 1.899423e+06 1.899423e+06 1.899423e+06 1.899427e+06 1.899439e+06 1.899713e+06 1.900257e+06 1.901166e+06 1.903875e+06 1.907261e+06 1.910839e+06 1.914335e+06 1.917618e+06 1.920643e+06 1.923414e+06 1.937073e+06 1.984106e+06 2.170891e+06 2.658583e+06 3.598554e+06 5.073157e+06 9.512085e+06 1.515081e+07 2.086404e+07 2.582497e+07 2.962402e+07 3.215786e+07 2.079780e+07 9.262367e+06 5.023395e+06 3.176670e+06
1.927899e+06 1.927899e+06 1.927899e+06 1.927899e+06 1.927900e+06 1.927910e+06 1.927940e+06 1.928202e+06 1.928620e+06 1.929290e+06 1.931236e+06 1.933632e+06 1.936140e+06 1.938572e+06 1.940840e+06 1.942916e+06 1.944813e+06 1.955440e+06 2.003488e+06 2.199381e+06 2.707066e+06 3.676679e+06 5.185030e+06 9.672837e+06 1.530559e+07 2.097037e+07 2.587163e+07 2.961331e+07 3.208990e+07 2.048737e+07 9.127301e+06 4.958626e+06 3.140693e+06
1.949362e+06 1.949362e+06 1.949362e+06 1.949362e+06 1.949362e+06 1.949361e+06 1.949361e+06 1.949471e+06 1.949699e+06 1.950079e+06 1.951209e+06 1.952611e+06 1.954080e+06 1.955501e+06 1.956821e+06 1.958026e+06 1.959131e+06 1.967119e+06 2.016345e+06 2.220924e+06 2.747142e+06 3.743613e+06 5.281744e+06 9.808178e+06 1.541988e+07 2.101275e+07 2.582809e+07 2.949511e+07 3.191248e+07 2.016092e+07 8.987717e+06 4.892430e+06 3.104142e+06
1.963965e+06 1.963965e+06 1.963965e+06 1.963965e+06 1.963965e+06 1.963973e+06 1.963996e+06 1.964106e+06 1.964225e+06 1.964397e+06 1.964858e+06 1.965399e+06 1.965946e+06 1.966457e+06 1.966915e+06 1.967318e+06 1.967686e+06 1.973147e+06 2.023376e+06 2.235763e+06 2.778257e+06 3.797484e+06 5.359577e+06 9.910619e+06 1.548658e+07 2.098988e+07 2.569860e+07 2.927380e+07 3.162539e+07 1.982194e+07 8.843980e+06 4.824904e+06 3.067052e+06
1.975291e+06 1.975291e+06 1.975291e+06 1.975291e+06 1.975291e+06 1.975290e+06 1.975288e+06 1.975244e+06 1.975166e+06 1.975038e+06 1.974654e+06 1.974163e+06 1.973623e+06 1.973071e+06 1.972524e+06 1.971997e+06 1.971516e+06 1.974101e+06 2.025019e+06 2.244144e+06 2.800155e+06 3.837077e+06 5.415870e+06 9.974060e+06 1.549868e+07 2.089877e+07 2.548643e+07 2.895624e+07 3.123435e+07 1.947570e+07 8.696512e+06 4.756152e+06 3.029461e+06
1.977762e+06 1.977762e+06 1.977762e+06 1.977762e+06 1.977762e+06 1.977762e+06 1.977760e+06 1.977658e+06 1.977454e+06 1.977115e+06 1.976104e+06 1.974839e+06 1.973496e+06 1.972171e+06 1.970912e+06 1.969741e+06 1.968684e+06 1.969479e+06 2.021479e+06 2.246462e+06 2.812980e+06 3.861870e+06 5.449062e+06 9.994312e+06 1.545074e+07 2.073650e+07 2.519415e+07 2.854991e+07 3.074834e+07 1.912318e+07 8.545790e+06 4.686289e+06 2.991410e+06
1.975385e+06 1.975385e+06 1.975385e+06 1.975385e+06 1.975385e+06 1.975383e+06 1.975381e+06 1.975248e+06 1.974956e+06 1.974458e+06 1.972957e+06 1.971070e+06 1.969069e+06 1.967102e+06 1.965242e+06 1.963521e+06 1.961970e+06 1.961266e+06 2.014290e+06 2.243924e+06 2.817537e+06 3.872104e+06 5.458687e+06 9.969293e+06 1.533983e+07 2.050168e+07 2.482455e+07 2.806240e+07 3.017778e+07 1.876110e+07 8.392345e+06 4.615437e+06 2.952940e+06
1.972586e+06 1.972586e+06 1.972586e+06 1.972586e+06 1.972586e+06 1.972584e+06 1.972576e+06 1.972360e+06 1.971931e+06 1.971215e+06 1.969080e+06 1.966414e+06 1.963599e+06 1.960851e+06 1.958272e+06 1.955908e+06 1.953794e+06 1.951484e+06 2.005292e+06 2.238148e+06 2.815110e+06 3.868681e+06 5.445293e+06 9.899051e+06 1.516588e+07 2.019535e+07 2.438160e+07 2.750156e+07 2.953359e+07 1.838792e+07 8.236757e+06 4.543725e+06 2.914095e+06
1.965741e+06 1.965741e+06 1.965741e+06 1.965742e+06 1.965742e+06 1.965753e+06 1.965782e+06 1.965653e+06 1.965218e+06 1.964443e+06 1.962058e+06 1.959040e+06 1.955844e+06 1.952724e+06 1.949802e+06 1.947132e+06 1.944752e+06 1.941794e+06 1.996433e+06 2.230994e+06 2.807331e+06 3.853061e+06 5.410373e+06 9.785697e+06 1.493178e+07 1.982141e+07 2.387104e+07 2.687586e+07 2.882681e+07 1.800299e+07 8.079654e+06 4.471291e+06 2.874920e+06
1.965096e+06 1.965096e+06 1.965096e+06 1.965096e+06 1.965096e+06 1.965099e+06 1.965105e+06 1.964866e+06 1.964299e+06 1.963325e+06 1.960390e+06 1.956717e+06 1.952852e+06 1.949103e+06 1.945615e+06 1.942449e+06 1.939642e+06 1.935528e+06 1.990323e+06 2.224626e+06 2.796114e+06 3.827209e+06 5.356308e+06 9.633248e+06 1.464316e+07 1.938652e+07 2.330062e+07 2.619461e+07 2.806855e+07 1.760644e+07 7.921715e+06 4.398276e+06 2.835462e+06
1.969372e+06 1.969372e+06 1.969372e+06 1.969372e+06 1.969372e+06 1.969373e+06 1.969377e+06 1.969091e+06 1.968431e+06 1.967304e+06 1.963910e+06 1.959669e+06 1.955212e+06 1.950894e+06 1.946883e+06 1.943250e+06 1.940034e+06 1.934671e+06 1.988949e+06 2.220929e+06 2.783391e+06 3.793454e+06 5.286259e+06 9.447347e+06 1.430788e+07 1.889968e+07 2.267985e+07 2.546797e+07 2.726986e+07 1.719899e+07 7.763694e+06 4.324828e+06 2.795768e+06
1.979713e+06 1.979713e+06 1.979713e+06 1.979713e+06 1.979714e+06 1.979718e+06 1.979733e+06 1.979446e+06 1.978725e+06 1.977478e+06 1.973703e+06 1.968979e+06 1.964019e+06 1.959219e+06 1.954767e+06 1.950740e+06 1.947178e+06 1.940647e+06 1.993780e+06 2.221430e+06 2.770997e+06 3.754367e+06 5.203974e+06 9.234822e+06 1.393538e+07 1.837153e+07 2.201955e+07 2.470669e+07 2.644170e+07 1.678193e+07 7.606518e+06 4.251099e+06 2.755889e+06
2.000935e+06 2.000935e+06 2.000935e+06 2.000935e+06 2.000936e+06 2.000937e+06 2.000942e+06 2.000575e+06 1.999730e+06 1.998286e+06 1.993941e+06 1.988516e+06 1.982821e+06 1.977311e+06 1.972197e+06 1.967570e+06 1.963469e+06 1.954979e+06 2.005960e+06 2.227289e+06 2.760567e+06 3.712557e+06 5.113473e+06 9.003096e+06 1.353584e+07 1.781351e+07 2.133114e+07 2.392174e+07 2.559464e+07 1.635696e+07 7.450825e+06 4.177245e+06 2.715873e+06
2.029283e+06 2.029283e+06 2.029283e+06 2.029283e+06 2.029283e+06 2.029288e+06 2.029304e+06 2.028927e+06 2.028004e+06 2.026415e+06 2.021616e+06 2.015611e+06 2.009303e+06 2.003194e+06 1.997521e+06 1.992379e+06 1.987809e+06 1.977387e+06 2.025563e+06 2.238955e+06 2.753266e+06 3.670354e+06 5.018629e+06 8.759522e+06 1.311940e+07 1.723703e+07 2.062600e+07 2.312381e+07 2.473871e+07 1.592613e+07 7.296284e+06 4.103425e+06 2.675771e+06
2.067032e+06 2.067032e+06 2.067032e+06 2.067032e+06 2.067032e+06 2.067035e+06 2.067050e+06 2.066638e+06 2.065618e+06 2.063858e+06 2.058533e+06 2.051859e+06 2.044830e+06 2.038004e+06 2.031643e+06 2.025852e+06 2.020671e+06 2.007589e+06 2.052067e+06 2.256186e+06 2.749641e+06 3.629537e+06 4.922767e+06 8.510786e+06 1.269541e+07 1.665271e+07 1.991477e+07 2.232288e+07 2.388308e+07 1.549170e+07 7.142757e+06 4.029800e+06 2.635634e+06
2.112752e+06 2.112752e+06 2.112752e+06 2.112752e+06 2.112752e+06 2.112752e+06 2.112750e+06 2.112203e+06 2.111008e+06 2.108982e+06 2.102903e+06 2.095301e+06 2.087289e+06 2.079496e+06 2.072218e+06 2.065575e+06 2.059612e+06 2.043326e+06 2.083698e+06 2.277893e+06 2.749555e+06 3.591208e+06 4.828445e+06 8.262491e+06 1.227189e+07 1.606987e+07 1.920693e+07 2.152785e+07 2.303588e+07 1.505601e+07 6.990220e+06 3.956533e+06 2.595514e+06
2.155332e+06 2.155332e+06 2.155332e+06 2.155333e+06 2.155333e+06 2.155345e+06 2.155383e+06 2.154948e+06 2.153765e+06 2.151698e+06 2.145397e+06 2.137460e+06 2.129069e+06 2.120888e+06 2.113230e+06 2.106220e+06 2.099903e+06 2.081799e+06 2.118568e+06 2.302863e+06 2.752587e+06 3.555959e+06 4.737450e+06 8.018983e+06 1.185532e+07 1.549622e+07 1.851043e+07 2.074631e+07 2.220403e+07 1.462139e+07 6.838704e+06 3.883794e+06 2.555462e+06
2.207220e+06 2.207220e+06 2.207220e+06 2.207220e+06 2.207220e+06 2.207219e+06 2.207214e+06 2.206568e+06 2.205165e+06 2.202787e+06 2.195651e+06 2.186724e+06 2.177309e+06 2.168141e+06 2.159564e+06 2.151715e+06 2.144635e+06 2.123457e+06 2.156120e+06 2.330359e+06 2.758320e+06 3.524027e+06 4.650897e+06 7.783374e+06 1.145059e+07 1.493774e+07 1.783166e+07 1.998443e+07 2.139319e+07 1.419003e+07 6.688280e+06 3.811758e+06 2.515529e+06
2.256593e+06 2.256593e+06 2.256593e+06 2.256593e+06 2.256593e+06 2.256597e+06 2.256608e+06 2.255970e+06 2.254500e+06 2.251989e+06 2.244416e+06 2.234922e+06 2.224894e+06 2.215113e+06 2.205945e+06 2.197533e+06 2.189919e+06 2.166256e+06 2.194961e+06 2.359331e+06 2.766088e+06 3.495273e+06 4.569305e+06 7.557696e+06 1.106112e+07 1.439884e+07 1.717544e+07 1.924696e+07 2.060780e+07 1.376398e+07 6.539049e+06 3.740631e+06 2.475767e+06
2.306875e+06 2.306875e+06 2.306875e+06 2.306875e+06 2.306875e+06 2.306878e+06 2.306883e+06 2.306181e+06 2.304597e+06 2.301898e+06 2.293774e+06 2.283588e+06 2.272824e+06 2.262317e+06 2.252459e+06 2.243403e+06 2.235193e+06 2.208936e+06 2.233792e+06 2.388677e+06 2.775107e+06 3.469329e+06 4.492795e+06 7.343154e+06 1.068914e+07 1.388253e+07 1.654517e+07 1.853736e+07 1.985112e+07 1.334505e+07 6.391135e+06 3.670616e+06 2.436226e+06
2.354950e+06 2.354950e+06 2.354950e+06 2.354950e+06 2.354950e+06 2.354952e+06 2.354955e+06 2.354206e+06 2.352525e+06 2.349665e+06 2.341058e+06 2.330266e+06 2.318858e+06 2.307715e+06 2.297249e+06 2.287622e+06 2.278877e+06 2.250243e+06 2.271520e+06 2.417503e+06 2.784747e+06 3.445867e+06 4.421365e+06 7.140416e+06 1.033596e+07 1.339064e+07 1.594305e+07 1.785793e+07 1.912535e+07 1.293478e+07 6.244677e+06 3.601643e+06 2.396956e+06
2.400883e+06 2.400883e+06 2.400883e+06 2.400883e+06 2.400883e+06 2.400881e+06 2.400871e+06 2.400031e+06 2.398225e+06 2.395172e+06 2.386013e+06 2.374542e+06 2.362420e+06 2.350580e+06 2.339463e+06 2.329241e+06 2.319959e+06 2.289208e+06 2.307466e+06 2.445415e+06 2.794835e+06 3.424885e+06 4.355151e+06 6.949866e+06 1.000226e+07 1.292415e+07 1.537026e+07 1.720999e+07 1.843183e+07 1.253448e+07 6.099831e+06 3.533653e+06 2.358008e+06
2.439866e+06 2.439866e+06 2.439866e+06 2.439866e+06 2.439866e+06 2.439875e+06 2.439898e+06 2.439150e+06 2.437357e+06 2.434278e+06 2.424966e+06 2.413270e+06 2.400903e+06 2.388829e+06 2.377499e+06 2.367086e+06 2.357635e+06 2.326106e+06 2.342230e+06 2.473061e+06 2.805975e+06 3.406903e+06 4.294575e+06 6.771755e+06 9.688227e+06 1.248332e+07 1.482722e+07 1.659404e+07 1.777109e+07 1.214516e+07 5.956760e+06 3.466617e+06 2.319432e+06
2.484805e+06 2.484805e+06 2.484805e+06 2.484805e+06 2.484805e+06 2.484804e+06 2.484798e+06 2.483900e+06 2.481946e+06 2.478637e+06 2.468707e+06 2.456279e+06 2.443163e+06 2.430377e+06 2.418399e+06 2.407412e+06 2.397461e+06 2.364201e+06 2.378013e+06 2.502070e+06 2.819399e+06 3.392824e+06 4.240240e+06 6.606196e+06 9.393674e+06 1.206788e+07 1.431371e+07 1.600994e+07 1.714307e+07 1.176762e+07 5.815631e+06 3.400523e+06 2.281279e+06
2.527847e+06 2.527847e+06 2.527847e+06 2.527847e+06 2.527847e+06 2.527857e+06 2.527883e+06 2.527077e+06 2.525134e+06 2.521795e+06 2.511697e+06 2.499018e+06 2.485624e+06 2.472564e+06 2.460329e+06 2.449108e+06 2.438944e+06 2.404744e+06 2.416453e+06 2.533935e+06 2.836284e+06 3.383465e+06 4.192618e+06 6.453060e+06 9.118077e+06 1.167713e+07 1.382899e+07 1.545705e+07 1.654721e+07 1.140241e+07 5.676611e+06 3.335362e+06 2.243600e+06
2.579549e+06 2.579549e+06 2.579549e+06 2.579549e+06 2.579549e+06 2.579553e+06 2.579562e+06 2.578650e+06 2.576579e+06 2.573048e+06 2.562418e+06 2.549104e+06 2.535057e+06 2.521373e+06 2.508563e+06 2.496819e+06 2.486185e+06 2.450070e+06 2.459019e+06 2.569618e+06 2.857224e+06 3.379112e+06 4.151708e+06 6.311847e+06 8.860570e+06 1.131002e+07 1.337199e+07 1.493434e+07 1.598258e+07 1.104987e+07 5.539863e+06 3.271134e+06 2.206456e+06
2.636957e+06 2.636957e+06 2.636957e+06 2.636957e+06 2.636957e+06 2.636960e+06 2.636966e+06 2.636001e+06 2.633829e+06 2.630130e+06 2.618995e+06 2.605038e+06 2.590293e+06 2.575905e+06 2.562409e+06 2.550009e+06 2.538750e+06 2.499853e+06 2.505299e+06 2.608641e+06 2.881696e+06 3.379185e+06 4.116844e+06 6.181639e+06 8.619980e+06 1.096519e+07 1.294132e+07 1.444049e+07 1.544796e+07 1.071020e+07 5.405542e+06 3.207840e+06 2.169918e+06
2.695201e+06 2.695201e+06 2.695201e+06 2.695201e+06 2.695201e+06 2.695202e+06 2.695203e+06 2.694179e+06 2.691902e+06 2.688034e+06 2.676398e+06 2.661812e+06 2.646392e+06 2.631329e+06 2.617183e+06 2.604166e+06 2.592323e+06 2.550787e+06 2.552804e+06 2.649081e+06 2.908143e+06 3.382342e+06 4.086788e+06 6.061180e+06 8.394909e+06 1.064116e+07 1.253546e+07 1.397401e+07 1.494196e+07 1.038342e+07 5.273793e+06 3.145483e+06 2.133974e+06
2.750903e+06 2.750903e+06 2.750903e+06 2.750903e+06 2.750903e+06 2.750903e+06 2.750900e+06 2.749823e+06 2.747453e+06 2.743429e+06 2.731333e+06 2.716172e+06 2.700142e+06 2.684477e+06 2.669757e+06 2.656202e+06 2.643857e+06 2.600110e+06 2.599125e+06 2.688874e+06 2.934786e+06 3.387010e+06 4.060087e+06 5.949068e+06 8.183863e+06 1.033631e+07 1.215276e+07 1.353329e+07 1.446307e+07 1.006943e+07 5.144746e+06 3.084069e+06 2.098593e+06
2.802677e+06 2.802677e+06 2.802677e+06 2.802677e+06 2.802677e+06 2.802679e+06 2.802680e+06 2.801580e+06 2.799138e+06 2.794989e+06 2.782509e+06 2.766860e+06 2.750310e+06 2.734134e+06 2.718929e+06 2.704919e+06 2.692150e+06 2.646516e+06 2.642849e+06 2.726572e+06 2.960208e+06 3.391823e+06 4.035416e+06 5.843953e+06 7.985375e+06 1.004907e+07 1.179158e+07 1.311671e+07 1.400971e+07 9.768037e+06 5.018516e+06 3.023606e+06 2.063756e+06
2.851589e+06 2.851589e+06 2.851589e+06 2.851589e+06 2.851589e+06 2.851589e+06 2.851584e+06 2.850429e+06 2.847898e+06 2.843604e+06 2.830699e+06 2.814518e+06 2.797400e+06 2.780660e+06 2.764912e+06 2.750390e+06 2.737141e+06 2.689417e+06 2.683103e+06 2.761190e+06 2.983393e+06 3.395756e+06 4.011727e+06 5.744671e+06 7.798106e+06 9.777934e+06 1.145033e+07 1.272266e+07 1.358034e+07 9.478959e+06 4.895202e+06 2.964102e+06 2.029452e+06
2.895023e+06 2.895023e+06 2.895023e+06 2.895023e+06 2.895023e+06 2.895021e+06 2.895009e+06 2.893794e+06 2.891174e+06 2.886739e+06 2.873427e+06 2.856741e+06 2.839086e+06 2.821815e+06 2.805564e+06 2.790574e+06 2.776892e+06 2.727389e+06 2.718864e+06 2.791949e+06 3.003674e+06 3.398160e+06 3.988323e+06 5.650322e+06 7.620902e+06 9.521536e+06 1.112750e+07 1.234958e+07 1.317341e+07 9.201857e+06 4.774884e+06 2.905566e+06 1.995670e+06
2.929792e+06 2.929792e+06 2.929792e+06 2.929792e+06 2.929792e+06 2.929794e+06 2.929797e+06 2.928612e+06 2.925972e+06 2.921485e+06 2.907981e+06 2.891045e+06 2.873127e+06 2.855609e+06 2.839135e+06 2.823948e+06 2.810095e+06 2.759904e+06 2.749976e+06 2.818809e+06 3.020992e+06 3.398880e+06 3.964911e+06 5.560278e+06 7.452808e+06 9.278661e+06 1.082172e+07 1.199603e+07 1.278747e+07 8.936345e+06 4.657625e+06 2.848008e+06 1.962404e+06
2.962125e+06 2.962125e+06 2.962125e+06 2.962125e+06 2.962125e+06 2.962127e+06 2.962130e+06 2.960921e+06 2.958230e+06 2.953656e+06 2.939896e+06 2.922642e+06 2.904397e+06 2.886566e+06 2.869808e+06 2.854367e+06 2.840291e+06 2.789230e+06 2.777876e+06 2.842679e+06 3.035891e+06 3.398181e+06 3.941517e+06 5.474135e+06 7.293046e+06 9.048239e+06 1.053172e+07 1.166062e+07 1.242113e+07 8.682006e+06 4.543470e+06 2.791439e+06 1.929646e+06
2.993936e+06 2.993936e+06 2.993936e+06 2.993936e+06 2.993936e+06 2.993936e+06 2.993932e+06 2.992676e+06 2.989917e+06 2.985237e+06 2.971167e+06 2.953529e+06 2.934872e+06 2.916631e+06 2.899479e+06 2.883668e+06 2.869245e+06 2.816730e+06 2.803569e+06 2.864286e+06 3.048877e+06 3.396373e+06 3.918256e+06 5.391614e+06 7.140969e+06 8.829324e+06 1.025635e+07 1.134211e+07 1.207309e+07 8.438400e+06 4.432445e+06 2.735867e+06 1.897392e+06
3.022333e+06 3.022333e+06 3.022333e+06 3.022333e+06 3.022333e+06 3.022332e+06 3.022325e+06 3.021035e+06 3.018221e+06 3.013451e+06 2.999117e+06 2.981149e+06 2.962141e+06 2.943555e+06 2.926075e+06 2.909957e+06 2.895251e+06 2.841535e+06 2.826755e+06 2.883641e+06 3.060089e+06 3.393591e+06 3.895181e+06 5.312480e+06 6.996012e+06 8.621069e+06 9.994550e+06 1.103930e+07 1.174211e+07 8.205078e+06 4.324561e+06 2.681304e+06 1.865636e+06
3.046188e+06 3.046188e+06 3.046188e+06 3.046188e+06 3.046188e+06 3.046189e+06 3.046188e+06 3.044903e+06 3.042063e+06 3.037240e+06 3.022737e+06 3.004552e+06 2.985318e+06 2.966514e+06 2.948833e+06 2.932536e+06 2.917669e+06 2.863295e+06 2.847323e+06 2.900793e+06 3.069644e+06 3.389946e+06 3.872333e+06 5.236520e+06 6.857665e+06 8.422701e+06 9.745364e+06 1.075113e+07 1.142707e+07 7.981585e+06 4.219816e+06 2.627758e+06 1.834373e+06
3.068207e+06 3.068207e+06 3.068207e+06 3.068207e+06 3.068207e+06 3.068208e+06 3.068207e+06 3.066905e+06 3.064029e+06 3.059145e+06 3.044457e+06 3.026042e+06 3.006569e+06 2.987536e+06 2.969646e+06 2.953161e+06 2.938127e+06 2.883090e+06 2.865992e+06 2.916231e+06 3.077873e+06 3.385636e+06 3.849780e+06 5.163527e+06 6.725446e+06 8.233500e+06 9.507893e+06 1.047657e+07 1.112689e+07 7.767470e+06 4.118190e+06 2.575237e+06 1.803601e+06
3.089626e+06 3.089626e+06 3.089626e+06 3.089626e+06 3.089626e+06 3.089626e+06 3.089623e+06 3.088297e+06 3.085379e+06 3.080425e+06 3.065533e+06 3.046864e+06 3.027120e+06 3.007823e+06 2.989682e+06 2.972964e+06 2.957717e+06 2.901792e+06 2.883407e+06 2.930406e+06 3.085061e+06 3.380804e+06 3.827534e+06 5.093265e+06 6.598881e+06 8.052789e+06 9.281300e+06 1.021469e+07 1.084058e+07 7.562289e+06 4.019654e+06 2.523748e+06 1.773314e+06
3.109642e+06 3.109642e+06 3.109642e+06 3.109642e+06 3.109642e+06 3.109642e+06 3.109639e+06 3.108297e+06 3.105343e+06 3.100330e+06 3.085260e+06 3.066366e+06 3.046385e+06 3.026853e+06 3.008490e+06 2.991563e+06 2.976121e+06 2.919314e+06 2.899574e+06 2.943327e+06 3.091186e+06 3.375373e+06 3.805454e+06 5.025430e+06 6.477488e+06 7.879916e+06 9.064801e+06 9.964617e+06 1.056722e+07 7.365607e+06 3.924167e+06 2.473297e+06 1.743510e+06
3.128306e+06 3.128306e+06 3.128306e+06 3.128306e+06 3.128306e+06 3.128306e+06 3.128303e+06 3.126945e+06 3.123957e+06 3.118885e+06 3.103637e+06 3.084517e+06 3.064290e+06 3.044510e+06 3.025905e+06 3.008747e+06 2.993084e+06 2.935254e+06 2.914066e+06 2.954605e+06 3.095905e+06 3.369034e+06 3.783234e+06 4.959652e+06 6.360776e+06 7.714260e+06 8.857661e+06 9.725530e+06 1.030596e+07 7.177003e+06 3.831677e+06 2.423888e+06 1.714186e+06
3.144452e+06 3.144452e+06 3.144452e+06 3.144452e+06 3.144452e+06 3.144450e+06 3.144440e+06 3.143044e+06 3.140008e+06 3.134866e+06 3.119417e+06 3.100052e+06 3.079562e+06 3.059521e+06 3.040664e+06 3.023268e+06 3.007382e+06 2.948567e+06 2.926045e+06 2.963587e+06 3.098702e+06 3.361357e+06 3.760487e+06 4.895538e+06 6.248266e+06 7.555235e+06 8.659197e+06 9.496676e+06 1.005598e+07 6.996074e+06 3.742126e+06 2.375524e+06 1.685339e+06
3.155375e+06 3.155375e+06 3.155375e+06 3.155375e+06 3.155375e+06 3.155375e+06 3.155369e+06 3.153978e+06 3.150930e+06 3.145761e+06 3.130225e+06 3.110745e+06 3.090135e+06 3.069977e+06 3.051012e+06 3.033517e+06 3.017540e+06 2.958293e+06 2.934851e+06 2.969780e+06 3.099180e+06 3.351998e+06 3.736891e+06 4.832732e+06 6.139520e+06 7.402303e+06 8.468781e+06 9.277359e+06 9.816562e+06 6.822430e+06 3.655450e+06 2.328206e+06 1.656966e+06
3.163091e+06 3.163091e+06 3.163091e+06 3.163091e+06 3.163091e+06 3.163091e+06 3.163085e+06 3.161685e+06 3.158619e+06 3.153419e+06 3.137791e+06 3.118197e+06 3.097469e+06 3.077199e+06 3.058132e+06 3.040545e+06 3.024484e+06 2.964880e+06 2.940648e+06 2.973190e+06 3.097256e+06 3.340815e+06 3.712258e+06 4.770959e+06 6.034160e+06 7.254983e+06 8.285843e+06 9.066943e+06 9.587019e+06 6.655700e+06 3.571576e+06 2.281933e+06 1.629064e+06
3.168417e+06 3.168417e+06 3.168417e+06 3.168417e+06 3.168417e+06 3.168416e+06 3.168408e+06 3.166993e+06 3.163905e+06 3.158671e+06 3.142944e+06 3.123228e+06 3.102370e+06 3.081970e+06 3.062779e+06 3.045076e+06 3.028908e+06 2.968818e+06 2.943739e+06 2.973979e+06 3.092991e+06 3.327795e+06 3.686514e+06 4.710029e+06 5.931878e+06 7.112856e+06 8.109871e+06 8.864847e+06 9.366732e+06 6.495531e+06 3.490430e+06 2.236703e+06 1.601633e+06
3.170539e+06 3.170539e+06 3.170539e+06 3.170539e+06 3.170539e+06 3.170537e+06 3.170529e+06 3.169108e+06 3.166007e+06 3.160751e+06 3.144957e+06 3.125157e+06 3.104208e+06 3.083718e+06 3.064439e+06 3.046651e+06 3.030402e+06 2.969918e+06 2.944066e+06 2.972152e+06 3.086408e+06 3.312952e+06 3.659640e+06 4.649821e+06 5.832433e+06 6.975567e+06 7.940415e+06 8.670550e+06 9.155132e+06 6.341586e+06 3.411935e+06 2.192510e+06 1.574668e+06
3.169227e+06 3.169227e+06 3.169227e+06 3.169227e+06 3.169227e+06 3.169226e+06 3.169217e+06 3.167789e+06 3.164677e+06 3.159405e+06 3.143564e+06 3.123706e+06 3.102696e+06 3.082146e+06 3.062810e+06 3.044971e+06 3.028675e+06 2.967973e+06 2.941536e+06 2.967709e+06 3.077561e+06 3.296351e+06 3.631683e+06 4.590285e+06 5.735648e+06 6.842816e+06 7.777075e+06 8.483579e+06 8.951701e+06 6.193549e+06 3.336010e+06 2.149349e+06 1.548169e+06
3.164325e+06 3.164325e+06 3.164325e+06 3.164325e+06 3.164325e+06 3.164324e+06 3.164318e+06 3.162899e+06 3.159792e+06 3.154522e+06 3.138684e+06 3.118827e+06 3.097819e+06 3.077273e+06 3.057944e+06 3.040115e+06 3.023831e+06 2.963169e+06 2.936376e+06 2.960889e+06 3.066678e+06 3.278190e+06 3.602792e+06 4.531440e+06 5.641399e+06 6.714353e+06 7.619500e+06 8.303511e+06 8.755966e+06 6.051118e+06 3.262573e+06 2.107212e+06 1.522132e+06
3.157264e+06 3.157264e+06 3.157264e+06 3.157264e+06 3.157264e+06 3.157263e+06 3.157257e+06 3.155838e+06 3.152730e+06 3.147459e+06 3.131620e+06 3.111764e+06 3.090760e+06 3.070223e+06 3.050908e+06 3.033096e+06 3.016832e+06 2.956266e+06 2.929200e+06 2.952193e+06 3.054165e+06 3.258787e+06 3.573202e+06 4.473357e+06 5.549604e+06 6.589967e+06 7.467378e+06 8.129960e+06 8.567495e+06 5.914009e+06 3.191542e+06 2.066089e+06 1.496556e+06
3.148777e+06 3.148777e+06 3.148777e+06 3.148777e+06 3.148777e+06 3.148776e+06 3.148772e+06 3.147358e+06 3.144256e+06 3.138992e+06 3.123171e+06 3.103336e+06 3.082356e+06 3.061843e+06 3.042552e+06 3.024764e+06 3.008525e+06 2.948038e+06 2.920666e+06 2.942164e+06 3.040459e+06 3.238483e+06 3.543163e+06 4.416121e+06 5.460203e+06 6.469475e+06 7.320429e+06 7.962574e+06 8.385890e+06 5.781955e+06 3.122834e+06 2.025968e+06 1.471438e+06
3.139674e+06 3.139674e+06 3.139674e+06 3.139674e+06 3.139674e+06 3.139674e+06 3.139669e+06 3.138257e+06 3.135156e+06 3.129895e+06 3.114082e+06 3.094257e+06 3.073287e+06 3.052782e+06 3.033498e+06 3.015715e+06 2.999479e+06 2.938950e+06 2.911170e+06 2.931142e+06 3.025848e+06 3.217514e+06 3.512857e+06 4.359791e+06 5.373133e+06 6.352703e+06 7.178393e+06 7.801031e+06 8.210784e+06 5.654702e+06 3.056369e+06 1.986838e+06 1.446777e+06
3.129792e+06 3.129792e+06 3.129792e+06 3.129792e+06 3.129792e+06 3.129791e+06 3.129784e+06 3.128363e+06 3.125259e+06 3.119996e+06 3.104180e+06 3.084353e+06 3.063379e+06 3.042869e+06 3.023577e+06 3.005785e+06 2.989538e+06 2.928911e+06 2.900698e+06 2.919175e+06 3.010420e+06 3.195980e+06 3.482370e+06 4.304386e+06 5.288318e+06 6.239488e+06 7.041028e+06 7.645031e+06 8.041837e+06 5.532014e+06 2.992064e+06 1.948683e+06 1.422568e+06
3.118057e+06 3.118057e+06 3.118057e+06 3.118057e+06 3.118057e+06 3.118056e+06 3.118049e+06 3.116632e+06 3.113533e+06 3.108280e+06 3.092496e+06 3.072709e+06 3.051778e+06 3.031312e+06 3.012063e+06 2.994310e+06 2.978100e+06 2.917576e+06 2.889078e+06 2.906201e+06 2.994171e+06 3.173902e+06 3.451728e+06 4.249890e+06 5.205672e+06 6.129665e+06 6.908106e+06 7.494291e+06 7.878731e+06 5.413665e+06 2.929841e+06 1.911489e+06 1.398811e+06
3.104901e+06 3.104901e+06 3.104901e+06 3.104901e+06 3.104901e+06 3.104901e+06 3.104896e+06 3.103490e+06 3.100405e+06 3.095171e+06 3.079439e+06 3.059717e+06 3.038856e+06 3.018459e+06 2.999277e+06 2.981589e+06 2.965439e+06 2.905117e+06 2.876416e+06 2.892286e+06 2.977148e+06 3.151313e+06 3.420946e+06 4.196272e+06 5.125100e+06 6.023076e+06 6.779409e+06 7.348550e+06 7.721171e+06 5.299446e+06 2.869622e+06 1.875240e+06 1.375501e+06
3.091319e+06 3.091319e+06 3.091319e+06 3.091319e+06 3.091319e+06 3.091318e+06 3.091313e+06 3.089910e+06 3.086831e+06 3.081609e+06 3.065913e+06 3.046235e+06 3.025419e+06 3.005066e+06 2.985923e+06 2.968269e+06 2.952149e+06 2.891899e+06 2.862924e+06 2.877552e+06 2.959419e+06 3.128249e+06 3.390036e+06 4.143494e+06 5.046508e+06 5.919566e+06 6.654731e+06 7.207559e+06 7.568881e+06 5.189158e+06 2.811331e+06 1.839918e+06 1.352635e+06
3.076857e+06 3.076857e+06 3.076857e+06 3.076857e+06 3.076857e+06 3.076856e+06 3.076849e+06 3.075444e+06 3.072370e+06 3.067158e+06 3.051497e+06 3.031865e+06 3.011096e+06 2.990786e+06 2.971683e+06 2.954063e+06 2.937972e+06 2.877785e+06 2.848541e+06 2.861981e+06 2.940986e+06 3.104715e+06 3.358995e+06 4.091515e+06 4.969803e+06 5.818992e+06 6.533880e+06 7.071089e+06 7.421601e+06 5.082615e+06 2.754894e+06 1.805506e+06 1.330211e+06
3.060792e+06 3.060792e+06 3.060792e+06 3.060792e+06 3.060792e+06 3.060791e+06 3.060784e+06 3.059384e+06 3.056323e+06 3.051132e+06 3.035533e+06 3.015978e+06 2.995293e+06 2.975067e+06 2.956043e+06 2.938497e+06 2.922475e+06 2.862524e+06 2.833143e+06 2.845523e+06 2.921837e+06 3.080712e+06 3.327821e+06 4.040302e+06 4.894902e+06 5.721217e+06 6.416675e+06 6.938923e+06 7.279092e+06 4.979640e+06 2.700239e+06 1.771983e+06 1.308224e+06
3.043593e+06 3.043593e+06 3.043593e+06 3.043593e+06 3.043593e+06 3.043593e+06 3.043587e+06 3.042199e+06 3.039154e+06 3.033989e+06 3.018465e+06 2.999004e+06 2.978419e+06 2.958292e+06 2.939362e+06 2.921906e+06 2.905967e+06 2.846314e+06 2.816858e+06 2.828264e+06 2.902034e+06 3.056283e+06 3.296538e+06 3.989833e+06 4.821733e+06 5.626119e+06 6.302950e+06 6.810861e+06 7.141127e+06 4.880068e+06 2.647298e+06 1.739332e+06 1.286671e+06
3.025958e+06 3.025958e+06 3.025958e+06 3.025958e+06 3.025958e+06 3.025957e+06 3.025952e+06 3.024569e+06 3.021537e+06 3.016394e+06 3.000936e+06 2.981557e+06 2.961058e+06 2.941014e+06 2.922162e+06 2.904777e+06 2.888901e+06 2.829461e+06 2.799887e+06 2.810343e+06 2.881673e+06 3.031496e+06 3.265190e+06 3.940101e+06 4.750233e+06 5.533586e+06 6.192551e+06 6.686715e+06 7.007497e+06 4.783744e+06 2.596003e+06 1.707532e+06 1.265546e+06
3.007639e+06 3.007639e+06 3.007639e+06 3.007639e+06 3.007639e+06 3.007638e+06 3.007632e+06 3.006251e+06 3.003231e+06 2.998109e+06 2.982717e+06 2.963421e+06 2.943009e+06 2.923049e+06 2.904276e+06 2.886962e+06 2.871151e+06 2.811926e+06 2.782251e+06 2.791812e+06 2.860820e+06 3.006414e+06 3.233826e+06 3.891108e+06 4.680352e+06 5.443518e+06 6.085336e+06 6.566313e+06 6.878005e+06 4.690520e+06 2.546290e+06 1.676563e+06 1.244847e+06
2.988193e+06 2.988193e+06 2.988193e+06 2.988192e+06 2.988192e+06 2.988192e+06 2.988185e+06 2.986812e+06 2.983808e+06 2.978713e+06 2.963405e+06 2.944215e+06 2.923917e+06 2.904071e+06 2.885406e+06 2.868195e+06 2.852479e+06 2.793614e+06 2.763954e+06 2.772729e+06 2.839553e+06 2.981110e+06 3.202503e+06 3.842865e+06 4.612047e+06 5.355821e+06 5.981173e+06 6.449491e+06 6.752470e+06 4.600260e+06 2.498096e+06 1.646404e+06 1.224568e+06
2.968057e+06 2.968057e+06 2.968057e+06 2.968057e+06 2.968057e+06 2.968057e+06 2.968053e+06 2.966695e+06 2.963714e+06 2.958655e+06 2.943448e+06 2.924384e+06 2.904221e+06 2.884508e+06 2.865972e+06 2.848881e+06 2.833277e+06 2.774835e+06 2.745235e+06 2.753275e+06 2.818007e+06 2.955686e+06 3.171291e+06 3.795383e+06 4.545276e+06 5.270411e+06 5.879938e+06 6.336099e+06 6.630718e+06 4.512831e+06 2.451364e+06 1.617036e+06 1.204704e+06
2.948231e+06 2.948231e+06 2.948231e+06 2.948231e+06 2.948231e+06 2.948231e+06 2.948227e+06 2.946877e+06 2.943912e+06 2.938881e+06 2.923758e+06 2.904799e+06 2.884745e+06 2.865139e+06 2.846701e+06 2.829701e+06 2.814179e+06 2.756020e+06 2.726375e+06 2.733638e+06 2.796309e+06 2.930225e+06 3.140243e+06 3.748664e+06 4.479998e+06 5.187204e+06 5.781516e+06 6.225994e+06 6.512589e+06 4.428112e+06 2.406034e+06 1.588438e+06 1.185250e+06
2.928534e+06 2.928534e+06 2.928534e+06 2.928534e+06 2.928534e+06 2.928533e+06 2.928527e+06 2.927178e+06 2.924223e+06 2.919214e+06 2.904159e+06 2.885287e+06 2.865325e+06 2.845806e+06 2.827448e+06 2.810519e+06 2.795060e+06 2.737093e+06 2.707339e+06 2.713804e+06 2.774460e+06 2.904736e+06 3.109366e+06 3.702696e+06 4.416167e+06 5.106121e+06 5.685796e+06 6.119042e+06 6.397932e+06 4.345986e+06 2.362052e+06 1.560589e+06 1.166200e+06
2.908015e+06 2.908015e+06 2.908015e+06 2.908015e+06 2.908015e+06 2.908015e+06 2.908009e+06 2.906667e+06 2.903730e+06 2.898751e+06 2.883786e+06 2.865026e+06 2.845181e+06 2.825777e+06 2.807527e+06 2.790695e+06 2.775325e+06 2.717659e+06 2.687880e+06 2.693630e+06 2.752381e+06 2.879176e+06 3.078634e+06 3.657453e+06 4.353735e+06 5.027086e+06 5.592676e+06 6.015117e+06 6.286604e+06 4.266344e+06 2.319366e+06 1.533468e+06 1.147549e+06
2.886621e+06 2.886621e+06 2.886621e+06 2.886621e+06 2.886621e+06 2.886621e+06 2.886616e+06 2.885287e+06 2.882372e+06 2.877429e+06 2.862569e+06 2.843940e+06 2.824235e+06 2.804969e+06 2.786848e+06 2.770139e+06 2.754880e+06 2.697629e+06 2.667929e+06 2.673071e+06 2.730047e+06 2.853532e+06 3.048040e+06 3.612919e+06 4.292661e+06 4.950027e+06 5.502057e+06 5.914101e+06 6.178472e+06 4.189082e+06 2.277925e+06 1.507056e+06 1.129291e+06
2.864939e+06 2.864939e+06 2.864939e+06 2.864939e+06 2.864939e+06 2.864939e+06 2.864934e+06 2.863614e+06 2.860719e+06 2.855808e+06 2.841047e+06 2.822543e+06 2.802970e+06 2.783834e+06 2.765839e+06 2.749245e+06 2.734094e+06 2.677251e+06 2.647649e+06 2.652234e+06 2.707532e+06 2.827857e+06 3.017617e+06 3.569094e+06 4.232911e+06 4.874881e+06 5.413850e+06 5.815883e+06 6.073409e+06 4.114101e+06 2.237682e+06 1.481332e+06 1.111420e+06
2.843126e+06 2.843126e+06 2.843126e+06 2.843126e+06 2.843126e+06 2.843126e+06 2.843121e+06 2.841811e+06 2.838935e+06 2.834058e+06 2.819398e+06 2.801020e+06 2.781582e+06 2.762577e+06 2.744705e+06 2.728226e+06 2.713180e+06 2.656728e+06 2.627215e+06 2.631263e+06 2.684946e+06 2.802232e+06 2.987424e+06 3.525991e+06 4.174462e+06 4.801591e+06 5.327971e+06 5.720359e+06 5.971298e+06 4.041311e+06 2.198590e+06 1.456277e+06 1.093930e+06
2.821276e+06 2.821276e+06 2.821276e+06 2.821276e+06 2.821276e+06 2.821276e+06 2.821271e+06 2.819970e+06 2.817115e+06 2.812271e+06 2.797713e+06 2.779462e+06 2.760158e+06 2.741286e+06 2.723538e+06 2.707174e+06 2.692234e+06 2.636169e+06 2.606739e+06 2.610264e+06 2.662384e+06 2.776733e+06 2.957516e+06 3.483628e+06 4.117292e+06 4.730103e+06 5.244340e+06 5.627430e+06 5.872026e+06 3.970621e+06 2.160604e+06 1.431871e+06 1.076813e+06
2.799466e+06 2.799466e+06 2.799466e+06 2.799466e+06 2.799466e+06 2.799466e+06 2.799461e+06 2.798169e+06 2.795334e+06 2.790524e+06 2.776066e+06 2.757942e+06 2.738772e+06 2.720030e+06 2.702406e+06 2.686156e+06 2.671319e+06 2.615633e+06 2.586285e+06 2.589300e+06 2.639906e+06 2.751415e+06 2.927936e+06 3.442014e+06 4.061379e+06 4.660367e+06 5.162883e+06 5.537003e+06 5.775486e+06 3.901950e+06 2.123684e+06 1.408095e+06 1.060064e+06
