3.152366e+09 3.070866e+09 3.016231e+09 2.767418e+09 2.620672e+09 2.126169e+09 1.884031e+09 1.642636e+09 1.568130e+09 1.509808e+09 1.424070e+09 1.360504e+09 1.306345e+09 1.257192e+09 1.212049e+09 1.170702e+09 1.133017e+09 9.925850e+08 9.098915e+08 8.589148e+08 8.240894e+08 7.973729e+08 7.747326e+08 7.346551e+08 6.972656e+08 6.612812e+08 6.267276e+08 5.938500e+08 5.628350e+08 3.482966e+08 2.404146e+08 1.789101e+08 1.400019e+08
1.807917e+09 1.807919e+09 1.807923e+09 1.807904e+09 1.807343e+09 1.770364e+09 1.702972e+09 1.557153e+09 1.505199e+09 1.461176e+09 1.392089e+09 1.337529e+09 1.288795e+09 1.243222e+09 1.200618e+09 1.161167e+09 1.124948e+09 9.885649e+08 9.075602e+08 8.573808e+08 8.229452e+08 7.964164e+08 7.738598e+08 7.338156e+08 6.964044e+08 6.603975e+08 6.258348e+08 5.929627e+08 5.619651e+08 3.477604e+08 2.400967e+08 1.787066e+08 1.398626e+08
1.562412e+09 1.562412e+09 1.562413e+09 1.562431e+09 1.562411e+09 1.553026e+09 1.530586e+09 1.472213e+09 1.431622e+09 1.400178e+09 1.352075e+09 1.309586e+09 1.267972e+09 1.226965e+09 1.187521e+09 1.150379e+09 1.115913e+09 9.842083e+08 9.050729e+08 8.557563e+08 8.217378e+08 7.954096e+08 7.729437e+08 7.329404e+08 6.955126e+08 6.594874e+08 6.249194e+08 5.920560e+08 5.610786e+08 3.472201e+08 2.397773e+08 1.785025e+08 1.397231e+08
1.432995e+09 1.432995e+09 1.432996e+09 1.433012e+09 1.433038e+09 1.430837e+09 1.416118e+09 1.397310e+09 1.379929e+09 1.356411e+09 1.313465e+09 1.279603e+09 1.245055e+09 1.208986e+09 1.173062e+09 1.138516e+09 1.106024e+09 9.795309e+08 9.024319e+08 8.540405e+08 8.204658e+08 7.943511e+08 7.719830e+08 7.320287e+08 6.945896e+08 6.585505e+08 6.239809e+08 5.911296e+08 5.601753e+08 3.466759e+08 2.394566e+08 1.782978e+08 1.395832e+08
1.347917e+09 1.347917e+09 1.347918e+09 1.347929e+09 1.347954e+09 1.347501e+09 1.341496e+09 1.326737e+09 1.324451e+09 1.317554e+09 1.289334e+09 1.255588e+09 1.222956e+09 1.190539e+09 1.157849e+09 1.125902e+09 1.095464e+09 9.745528e+08 8.996396e+08 8.522326e+08 8.191276e+08 7.932391e+08 7.709762e+08 7.310793e+08 6.936346e+08 6.575863e+08 6.230192e+08 5.901834e+08 5.592552e+08 3.461276e+08 2.391346e+08 1.780926e+08 1.394431e+08
1.290383e+09 1.290383e+09 1.290383e+09 1.290396e+09 1.290429e+09 1.290831e+09 1.289572e+09 1.279535e+09 1.278570e+09 1.278829e+09 1.268216e+09 1.240971e+09 1.207404e+09 1.174179e+09 1.143068e+09 1.113143e+09 1.084565e+09 9.693039e+08 8.966995e+08 8.503315e+08 8.177214e+08 7.920721e+08 7.699219e+08 7.300913e+08 6.926469e+08 6.565944e+08 6.220339e+08 5.892171e+08 5.583179e+08 3.455753e+08 2.388112e+08 1.778867e+08 1.393027e+08
1.256520e+09 1.256520e+09 1.256521e+09 1.256532e+09 1.256562e+09 1.257147e+09 1.257464e+09 1.251791e+09 1.249514e+09 1.249597e+09 1.246851e+09 1.228206e+09 1.197472e+09 1.163487e+09 1.130917e+09 1.101293e+09 1.073895e+09 9.638320e+08 8.936168e+08 8.483364e+08 8.162453e+08 7.908481e+08 7.688183e+08 7.290635e+08 6.916259e+08 6.555742e+08 6.210246e+08 5.882306e+08 5.573635e+08 3.450190e+08 2.384865e+08 1.776803e+08 1.391620e+08
1.238197e+09 1.238197e+09 1.238197e+09 1.238204e+09 1.238225e+09 1.238663e+09 1.239322e+09 1.236754e+09 1.233990e+09 1.232201e+09 1.228756e+09 1.214977e+09 1.188588e+09 1.156055e+09 1.123039e+09 1.092177e+09 1.064375e+09 9.582132e+08 8.904012e+08 8.462474e+08 8.146978e+08 7.895654e+08 7.676641e+08 7.279949e+08 6.905709e+08 6.545253e+08 6.199912e+08 5.872236e+08 5.563918e+08 3.444587e+08 2.381604e+08 1.774733e+08 1.390209e+08
1.228526e+09 1.228526e+09 1.228526e+09 1.228535e+09 1.228559e+09 1.229153e+09 1.230356e+09 1.230198e+09 1.227641e+09 1.224320e+09 1.216447e+09 1.202463e+09 1.179115e+09 1.149159e+09 1.117096e+09 1.086029e+09 1.057403e+09 9.525639e+08 8.870686e+08 8.440655e+08 8.130773e+08 7.882222e+08 7.664575e+08 7.268845e+08 6.894810e+08 6.534473e+08 6.189332e+08 5.861960e+08 5.554026e+08 3.438944e+08 2.378330e+08 1.772657e+08 1.388796e+08
1.227160e+09 1.227160e+09 1.227160e+09 1.227168e+09 1.227191e+09 1.227787e+09 1.229133e+09 1.229909e+09 1.227452e+09 1.222982e+09 1.209894e+09 1.192236e+09 1.169323e+09 1.141627e+09 1.111375e+09 1.081068e+09 1.052410e+09 9.470524e+08 8.836440e+08 8.417942e+08 8.113830e+08 7.868170e+08 7.651971e+08 7.257311e+08 6.883558e+08 6.523397e+08 6.178505e+08 5.851476e+08 5.543959e+08 3.433262e+08 2.375042e+08 1.770575e+08 1.387380e+08
1.232441e+09 1.232441e+09 1.232442e+09 1.232449e+09 1.232470e+09 1.232943e+09 1.233775e+09 1.233758e+09 1.231014e+09 1.225561e+09 1.207679e+09 1.184865e+09 1.160075e+09 1.133401e+09 1.105030e+09 1.076145e+09 1.048156e+09 9.419163e+08 8.801642e+08 8.394396e+08 8.096149e+08 7.853485e+08 7.638815e+08 7.245337e+08 6.871944e+08 6.512021e+08 6.167427e+08 5.840782e+08 5.533715e+08 3.427539e+08 2.371741e+08 1.768488e+08 1.385961e+08
1.216506e+09 1.216506e+09 1.216506e+09 1.216506e+09 1.216506e+09 1.216487e+09 1.216369e+09 1.214777e+09 1.211615e+09 1.205036e+09 1.178814e+09 1.140107e+09 1.099485e+09 1.063189e+09 1.032706e+09 1.007472e+09 9.863691e+08 9.110994e+08 8.560266e+08 8.166558e+08 7.891767e+08 7.673968e+08 7.475952e+08 7.099698e+08 6.734670e+08 6.380923e+08 6.042339e+08 5.721965e+08 5.421375e+08 3.368151e+08 2.338015e+08 1.747304e+08 1.371615e+08
1.098498e+09 1.098498e+09 1.098498e+09 1.098497e+09 1.098496e+09 1.098450e+09 1.098287e+09 1.097358e+09 1.095596e+09 1.091495e+09 1.073478e+09 1.045491e+09 1.015402e+09 9.878137e+08 9.637238e+08 9.428218e+08 9.246394e+08 8.635465e+08 8.288705e+08 8.001426e+08 7.733467e+08 7.492772e+08 7.279827e+08 6.908698e+08 6.557614e+08 6.216917e+08 5.890276e+08 5.580983e+08 5.290715e+08 3.304927e+08 2.303022e+08 1.725576e+08 1.356993e+08
9.553550e+08 9.553550e+08 9.553550e+08 9.553547e+08 9.553539e+08 9.553275e+08 9.552423e+08 9.551372e+08 9.548184e+08 9.534810e+08 9.455858e+08 9.315037e+08 9.152592e+08 8.996666e+08 8.855463e+08 8.728386e+08 8.613059e+08 8.167631e+08 7.891070e+08 7.696106e+08 7.507757e+08 7.305412e+08 7.097578e+08 6.701804e+08 6.348745e+08 6.022505e+08 5.712208e+08 5.418372e+08 5.142159e+08 3.238053e+08 2.266829e+08 1.703328e+08 1.342106e+08
8.264954e+08 8.264954e+08 8.264954e+08 8.264953e+08 8.264949e+08 8.264818e+08 8.264409e+08 8.267546e+08 8.273188e+08 8.279227e+08 8.280178e+08 8.256422e+08 8.212815e+08 8.159277e+08 8.102075e+08 8.044008e+08 7.986191e+08 7.713486e+08 7.489806e+08 7.319713e+08 7.173659e+08 7.021760e+08 6.853548e+08 6.489435e+08 6.133857e+08 5.808999e+08 5.513520e+08 5.237151e+08 4.977626e+08 3.167786e+08 2.229511e+08 1.680591e+08 1.326968e+08
7.199128e+08 7.199128e+08 7.199128e+08 7.199127e+08 7.199125e+08 7.199051e+08 7.198842e+08 7.203770e+08 7.214334e+08 7.232787e+08 7.289981e+08 7.352790e+08 7.398626e+08 7.422099e+08 7.427221e+08 7.419306e+08 7.402486e+08 7.257299e+08 7.086177e+08 6.929664e+08 6.793911e+08 6.666343e+08 6.532945e+08 6.231513e+08 5.907579e+08 5.594455e+08 5.305821e+08 5.043482e+08 4.800895e+08 3.094445e+08 2.191153e+08 1.657396e+08 1.311593e+08
6.335169e+08 6.335169e+08 6.335169e+08 6.335169e+08 6.335168e+08 6.335122e+08 6.335010e+08 6.340589e+08 6.353708e+08 6.379543e+08 6.472946e+08 6.593634e+08 6.700086e+08 6.775766e+08 6.822752e+08 6.848004e+08 6.857802e+08 6.794571e+08 6.666275e+08 6.528678e+08 6.400086e+08 6.282287e+08 6.168302e+08 5.924451e+08 5.651225e+08 5.369360e+08 5.098681e+08 4.847599e+08 4.617846e+08 3.018416e+08 2.151851e+08 1.633776e+08 1.295996e+08
5.630042e+08 5.630042e+08 5.630042e+08 5.630041e+08 5.630040e+08 5.630003e+08 5.629919e+08 5.635472e+08 5.649502e+08 5.678825e+08 5.791570e+08 5.944881e+08 6.086383e+08 6.192726e+08 6.264587e+08 6.309746e+08 6.335691e+08 6.324551e+08 6.230056e+08 6.115642e+08 6.000501e+08 5.892069e+08 5.790053e+08 5.587490e+08 5.365580e+08 5.126004e+08 4.884338e+08 4.652698e+08 4.436477e+08 2.940148e+08 2.111706e+08 1.609768e+08 1.280192e+08
5.036867e+08 5.036867e+08 5.036867e+08 5.036867e+08 5.036866e+08 5.036838e+08 5.036783e+08 5.042124e+08 5.056166e+08 5.086501e+08 5.206951e+08 5.374934e+08 5.533309e+08 5.655253e+08 5.740453e+08 5.796867e+08 5.832430e+08 5.856542e+08 5.789635e+08 5.698941e+08 5.601854e+08 5.506345e+08 5.415479e+08 5.242435e+08 5.062672e+08 4.866362e+08 4.659835e+08 4.453922e+08 4.256356e+08 2.860146e+08 2.070829e+08 1.585408e+08 1.264198e+08
4.530865e+08 4.530865e+08 4.530865e+08 4.530865e+08 4.530864e+08 4.530846e+08 4.530818e+08 4.535879e+08 4.549482e+08 4.579460e+08 4.700776e+08 4.872483e+08 5.036406e+08 5.164426e+08 5.255594e+08 5.317678e+08 5.358607e+08 5.406523e+08 5.361434e+08 5.291739e+08 5.213240e+08 5.132663e+08 5.053858e+08 4.904591e+08 4.756741e+08 4.598085e+08 4.427119e+08 4.250217e+08 4.074851e+08 2.778968e+08 2.029337e+08 1.560737e+08 1.248031e+08
4.098575e+08 4.098575e+08 4.098575e+08 4.098575e+08 4.098575e+08 4.098563e+08 4.098551e+08 4.103296e+08 4.116247e+08 4.145165e+08 4.263639e+08 4.432942e+08 4.595902e+08 4.724365e+08 4.816976e+08 4.881149e+08 4.924570e+08 4.987289e+08 4.958249e+08 4.905290e+08 4.843173e+08 4.777188e+08 4.710689e+08 4.582579e+08 4.458912e+08 4.330244e+08 4.191111e+08 4.043154e+08 3.891660e+08 2.697211e+08 1.987351e+08 1.535794e+08 1.231707e+08
3.728411e+08 3.728411e+08 3.728411e+08 3.728411e+08 3.728410e+08 3.728402e+08 3.728399e+08 3.732820e+08 3.745040e+08 3.772584e+08 3.886405e+08 4.050109e+08 4.208534e+08 4.334176e+08 4.425466e+08 4.489417e+08 4.533380e+08 4.604151e+08 4.586391e+08 4.546114e+08 4.497332e+08 4.444228e+08 4.389294e+08 4.280596e+08 4.176040e+08 4.070404e+08 3.957579e+08 3.835924e+08 3.707953e+08 2.615505e+08 1.944998e+08 1.510621e+08 1.215244e+08
3.409237e+08 3.409237e+08 3.409237e+08 3.409237e+08 3.409236e+08 3.409230e+08 3.409231e+08 3.413333e+08 3.424793e+08 3.450811e+08 3.559001e+08 3.715332e+08 3.867205e+08 3.988169e+08 4.076551e+08 4.138942e+08 4.182305e+08 4.257029e+08 4.247380e+08 4.216733e+08 4.178494e+08 4.136148e+08 4.091423e+08 4.000315e+08 3.911568e+08 3.823619e+08 3.731558e+08 3.632226e+08 3.525812e+08 2.534507e+08 1.902409e+08 1.485262e+08 1.198661e+08
3.131375e+08 3.131375e+08 3.131375e+08 3.131375e+08 3.131375e+08 3.131370e+08 3.131375e+08 3.135193e+08 3.145923e+08 3.170401e+08 3.272632e+08 3.420851e+08 3.565264e+08 3.680677e+08 3.765379e+08 3.825544e+08 3.867728e+08 3.944156e+08 3.940609e+08 3.917396e+08 3.887405e+08 3.853746e+08 3.817630e+08 3.742012e+08 3.666711e+08 3.592618e+08 3.516621e+08 3.435383e+08 3.347627e+08 2.454915e+08 1.859717e+08 1.459759e+08 1.181975e+08
2.888703e+08 2.888703e+08 2.888703e+08 2.888703e+08 2.888702e+08 2.888699e+08 2.888708e+08 2.892264e+08 2.902300e+08 2.925275e+08 3.021542e+08 3.161479e+08 3.298156e+08 3.407710e+08 3.488429e+08 3.546077e+08 3.586799e+08 3.663563e+08 3.664621e+08 3.647120e+08 3.623487e+08 3.596660e+08 3.567546e+08 3.505148e+08 3.441380e+08 3.378422e+08 3.314846e+08 3.247878e+08 3.175601e+08 2.377557e+08 1.817055e+08 1.434156e+08 1.165205e+08
2.676110e+08 2.676110e+08 2.676110e+08 2.676110e+08 2.676110e+08 2.676107e+08 2.676118e+08 2.679435e+08 2.688828e+08 2.710391e+08 2.800972e+08 2.932930e+08 3.062083e+08 3.165871e+08 3.242602e+08 3.297653e+08 3.336784e+08 3.412851e+08 3.417232e+08 3.404024e+08 3.385211e+08 3.363649e+08 3.340086e+08 3.288672e+08 3.234763e+08 3.180956e+08 3.127094e+08 3.071246e+08 3.011440e+08 2.302653e+08 1.774558e+08 1.408497e+08 1.148370e+08
2.488971e+08 2.488971e+08 2.488971e+08 2.488971e+08 2.488970e+08 2.488969e+08 2.488979e+08 2.492080e+08 2.500888e+08 2.521155e+08 2.606478e+08 2.730996e+08 2.853076e+08 2.951382e+08 3.024260e+08 3.076741e+08 3.114230e+08 3.188845e+08 3.195553e+08 3.185562e+08 3.170403e+08 3.152878e+08 3.133661e+08 3.091215e+08 3.045668e+08 2.999504e+08 2.953376e+08 2.906189e+08 2.856258e+08 2.229855e+08 1.732359e+08 1.382827e+08 1.131488e+08
2.323247e+08 2.323247e+08 2.323247e+08 2.323247e+08 2.323247e+08 2.323245e+08 2.323255e+08 2.326156e+08 2.334427e+08 2.353500e+08 2.433947e+08 2.551535e+08 2.666992e+08 2.760134e+08 2.829349e+08 2.879353e+08 2.915225e+08 2.988029e+08 2.996442e+08 2.988949e+08 2.976629e+08 2.962241e+08 2.946435e+08 2.911246e+08 2.872736e+08 2.833015e+08 2.793166e+08 2.752783e+08 2.710611e+08 2.158986e+08 1.690590e+08 1.357189e+08 1.114578e+08
2.175361e+08 2.175361e+08 2.175361e+08 2.175361e+08 2.175361e+08 2.175359e+08 2.175370e+08 2.178092e+08 2.185874e+08 2.203851e+08 2.279796e+08 2.390959e+08 2.500258e+08 2.588584e+08 2.654369e+08 2.702037e+08 2.736371e+08 2.807285e+08 2.817047e+08 2.811586e+08 2.801543e+08 2.789637e+08 2.776528e+08 2.747192e+08 2.714564e+08 2.680301e+08 2.645640e+08 2.610677e+08 2.574605e+08 2.089939e+08 1.649383e+08 1.331628e+08 1.097658e+08
2.042839e+08 2.042839e+08 2.042839e+08 2.042839e+08 2.042838e+08 2.042837e+08 2.042848e+08 2.045411e+08 2.052748e+08 2.069718e+08 2.141507e+08 2.246717e+08 2.350298e+08 2.434140e+08 2.496723e+08 2.542205e+08 2.575089e+08 2.644136e+08 2.655001e+08 2.651225e+08 2.643035e+08 2.633117e+08 2.622151e+08 2.597523e+08 2.569780e+08 2.540147e+08 2.509833e+08 2.479261e+08 2.448019e+08 2.022651e+08 1.608868e+08 1.306187e+08 1.080748e+08
1.923768e+08 1.923768e+08 1.923768e+08 1.923768e+08 1.923768e+08 1.923767e+08 1.923778e+08 1.926196e+08 1.933126e+08 1.949172e+08 2.017129e+08 2.116837e+08 2.215124e+08 2.294809e+08 2.354418e+08 2.397862e+08 2.429388e+08 2.496593e+08 2.508327e+08 2.505925e+08 2.499232e+08 2.490901e+08 2.481639e+08 2.460787e+08 2.437081e+08 2.411371e+08 2.384739e+08 2.357788e+08 2.330416e+08 1.957090e+08 1.569182e+08 1.280907e+08 1.063866e+08
1.816442e+08 1.816442e+08 1.816442e+08 1.816442e+08 1.816442e+08 1.816442e+08 1.816452e+08 1.818737e+08 1.825295e+08 1.840497e+08 1.904946e+08 1.999608e+08 2.093029e+08 2.168884e+08 2.225741e+08 2.267287e+08 2.297537e+08 2.362879e+08 2.375234e+08 2.373922e+08 2.368424e+08 2.361356e+08 2.353448e+08 2.335627e+08 2.315249e+08 2.292864e+08 2.269376e+08 2.245459e+08 2.221237e+08 1.893255e+08 1.530486e+08 1.255832e+08 1.047029e+08
1.719279e+08 1.719279e+08 1.719279e+08 1.719279e+08 1.719279e+08 1.719279e+08 1.719288e+08 1.721453e+08 1.727674e+08 1.742107e+08 1.803355e+08 1.893399e+08 1.982354e+08 2.054678e+08 2.108983e+08 2.148756e+08 2.177799e+08 2.241250e+08 2.254019e+08 2.253568e+08 2.249033e+08 2.242983e+08 2.236165e+08 2.220794e+08 2.203166e+08 2.183599e+08 2.162814e+08 2.141477e+08 2.119863e+08 1.831164e+08 1.492876e+08 1.231001e+08 1.030256e+08
1.630845e+08 1.630845e+08 1.630845e+08 1.630845e+08 1.630845e+08 1.630844e+08 1.630853e+08 1.632907e+08 1.638820e+08 1.652548e+08 1.710854e+08 1.796643e+08 1.881473e+08 1.950526e+08 2.002458e+08 2.040571e+08 2.068476e+08 2.130062e+08 2.143114e+08 2.143372e+08 2.139640e+08 2.134436e+08 2.128516e+08 2.115158e+08 2.099814e+08 2.082644e+08 2.064193e+08 2.045079e+08 2.025662e+08 1.770848e+08 1.456248e+08 1.206454e+08 1.013566e+08
1.549876e+08 1.549876e+08 1.549876e+08 1.549876e+08 1.549876e+08 1.549876e+08 1.549885e+08 1.551838e+08 1.557468e+08 1.570547e+08 1.626138e+08 1.707992e+08 1.789001e+08 1.855016e+08 1.904739e+08 1.941302e+08 1.968138e+08 2.027931e+08 2.041195e+08 2.042067e+08 2.039031e+08 2.034553e+08 2.029393e+08 2.017715e+08 2.004285e+08 1.989159e+08 1.972735e+08 1.955554e+08 1.938017e+08 1.712346e+08 1.420535e+08 1.182232e+08 9.969739e+07
1.475486e+08 1.475486e+08 1.475486e+08 1.475486e+08 1.475486e+08 1.475486e+08 1.475494e+08 1.477357e+08 1.482726e+08 1.495206e+08 1.548281e+08 1.626480e+08 1.703932e+08 1.767115e+08 1.814772e+08 1.849883e+08 1.875714e+08 1.933789e+08 1.947215e+08 1.948627e+08 1.946205e+08 1.942359e+08 1.937850e+08 1.927592e+08 1.915776e+08 1.902398e+08 1.887737e+08 1.872252e+08 1.856348e+08 1.655699e+08 1.385689e+08 1.158371e+08 9.804984e+07
1.407025e+08 1.407025e+08 1.407025e+08 1.407025e+08 1.407025e+08 1.407025e+08 1.407034e+08 1.408812e+08 1.413941e+08 1.425864e+08 1.476596e+08 1.551386e+08 1.625514e+08 1.686047e+08 1.731767e+08 1.765511e+08 1.790393e+08 1.846812e+08 1.860347e+08 1.862224e+08 1.860335e+08 1.857034e+08 1.853085e+08 1.844028e+08 1.833577e+08 1.821697e+08 1.808574e+08 1.794584e+08 1.780114e+08 1.600941e+08 1.351673e+08 1.134911e+08 9.641555e+07
1.343922e+08 1.343922e+08 1.343922e+08 1.343922e+08 1.343922e+08 1.343922e+08 1.343930e+08 1.345630e+08 1.350534e+08 1.361940e+08 1.410486e+08 1.482093e+08 1.553115e+08 1.611166e+08 1.655068e+08 1.687524e+08 1.711508e+08 1.766317e+08 1.779894e+08 1.782154e+08 1.780715e+08 1.777877e+08 1.774400e+08 1.766358e+08 1.757061e+08 1.746467e+08 1.734686e+08 1.722022e+08 1.708824e+08 1.548098e+08 1.318454e+08 1.111892e+08 9.479616e+07
1.285598e+08 1.285598e+08 1.285598e+08 1.285598e+08 1.285598e+08 1.285598e+08 1.285606e+08 1.287234e+08 1.291930e+08 1.302855e+08 1.349373e+08 1.418018e+08 1.486145e+08 1.541876e+08 1.584073e+08 1.615317e+08 1.638449e+08 1.691680e+08 1.705227e+08 1.707784e+08 1.706713e+08 1.704260e+08 1.701179e+08 1.693991e+08 1.685673e+08 1.676183e+08 1.665578e+08 1.654091e+08 1.642031e+08 1.497183e+08 1.286009e+08 1.089360e+08 9.319324e+07
1.231584e+08 1.231584e+08 1.231584e+08 1.231584e+08 1.231584e+08 1.231584e+08 1.231592e+08 1.233152e+08 1.237655e+08 1.248134e+08 1.292762e+08 1.358646e+08 1.424067e+08 1.477625e+08 1.518218e+08 1.548314e+08 1.570633e+08 1.622301e+08 1.635746e+08 1.638523e+08 1.637749e+08 1.635614e+08 1.632865e+08 1.626400e+08 1.618917e+08 1.610380e+08 1.600807e+08 1.590370e+08 1.579334e+08 1.448197e+08 1.254314e+08 1.067363e+08 9.160832e+07
1.181413e+08 1.181413e+08 1.181413e+08 1.181413e+08 1.181413e+08 1.181413e+08 1.181421e+08 1.182918e+08 1.187241e+08 1.197301e+08 1.240162e+08 1.303459e+08 1.366339e+08 1.417851e+08 1.456927e+08 1.485932e+08 1.507472e+08 1.557593e+08 1.570881e+08 1.573821e+08 1.573291e+08 1.571425e+08 1.568960e+08 1.563115e+08 1.556352e+08 1.548643e+08 1.539980e+08 1.530482e+08 1.520373e+08 1.401128e+08 1.223352e+08 1.045866e+08 9.004291e+07
1.134665e+08 1.134665e+08 1.134665e+08 1.134665e+08 1.134665e+08 1.134665e+08 1.134672e+08 1.136110e+08 1.140262e+08 1.149929e+08 1.191123e+08 1.251979e+08 1.312459e+08 1.362034e+08 1.399670e+08 1.427636e+08 1.448430e+08 1.497035e+08 1.510132e+08 1.513196e+08 1.512873e+08 1.511241e+08 1.509024e+08 1.503724e+08 1.497588e+08 1.490607e+08 1.482748e+08 1.474095e+08 1.464827e+08 1.355949e+08 1.193111e+08 1.024839e+08 8.849847e+07
1.090943e+08 1.090943e+08 1.090943e+08 1.090943e+08 1.090943e+08 1.090943e+08 1.090950e+08 1.092333e+08 1.096325e+08 1.105622e+08 1.145246e+08 1.203797e+08 1.262009e+08 1.309749e+08 1.346019e+08 1.372993e+08 1.393074e+08 1.440200e+08 1.453083e+08 1.456242e+08 1.456099e+08 1.454676e+08 1.452682e+08 1.447865e+08 1.442286e+08 1.435946e+08 1.428804e+08 1.420911e+08 1.412409e+08 1.312625e+08 1.163578e+08 1.004261e+08 8.697645e+07
1.049991e+08 1.049991e+08 1.049991e+08 1.049991e+08 1.049991e+08 1.049990e+08 1.049997e+08 1.051327e+08 1.055168e+08 1.064113e+08 1.102248e+08 1.158612e+08 1.214670e+08 1.260665e+08 1.295632e+08 1.321659e+08 1.341055e+08 1.386742e+08 1.399396e+08 1.402627e+08 1.402644e+08 1.401407e+08 1.399613e+08 1.395230e+08 1.390145e+08 1.384375e+08 1.377874e+08 1.370667e+08 1.362866e+08 1.271109e+08 1.134746e+08 9.841154e+07 8.547832e+07
1.011551e+08 1.011551e+08 1.011551e+08 1.011551e+08 1.011551e+08 1.011551e+08 1.011558e+08 1.012838e+08 1.016537e+08 1.025149e+08 1.061871e+08 1.116161e+08 1.170171e+08 1.214506e+08 1.248231e+08 1.273354e+08 1.292093e+08 1.336384e+08 1.348798e+08 1.352080e+08 1.352233e+08 1.351162e+08 1.349545e+08 1.345549e+08 1.340905e+08 1.335643e+08 1.329715e+08 1.323130e+08 1.315969e+08 1.231347e+08 1.106610e+08 9.643873e+07 8.400559e+07
9.754192e+07 9.754192e+07 9.754192e+07 9.754192e+07 9.754192e+07 9.754190e+07 9.754252e+07 9.766588e+07 9.802217e+07 9.885193e+07 1.023902e+08 1.076223e+08 1.128290e+08 1.171048e+08 1.203591e+08 1.227850e+08 1.245962e+08 1.288899e+08 1.301058e+08 1.304368e+08 1.304632e+08 1.303701e+08 1.302240e+08 1.298587e+08 1.294335e+08 1.289526e+08 1.284114e+08 1.278092e+08 1.271518e+08 1.193280e+08 1.079164e+08 9.450642e+07 8.256005e+07
9.413868e+07 9.413868e+07 9.413868e+07 9.413868e+07 9.413868e+07 9.413867e+07 9.413927e+07 9.425821e+07 9.460173e+07 9.540176e+07 9.881359e+07 1.038596e+08 1.088824e+08 1.130087e+08 1.161507e+08 1.184944e+08 1.202455e+08 1.244076e+08 1.255963e+08 1.259273e+08 1.259623e+08 1.258811e+08 1.257483e+08 1.254131e+08 1.250229e+08 1.245826e+08 1.240878e+08 1.235367e+08 1.229331e+08 1.156844e+08 1.052407e+08 9.261346e+07 8.114393e+07
9.092816e+07 9.092816e+07 9.092816e+07 9.092816e+07 9.092816e+07 9.092815e+07 9.092872e+07 9.104348e+07 9.137493e+07 9.214686e+07 9.543921e+07 1.003092e+08 1.051580e+08 1.091424e+08 1.121777e+08 1.144429e+08 1.161363e+08 1.201698e+08 1.213298e+08 1.216587e+08 1.217003e+08 1.216290e+08 1.215078e+08 1.211993e+08 1.208403e+08 1.204365e+08 1.199836e+08 1.194789e+08 1.189248e+08 1.121972e+08 1.026335e+08 9.075886e+07 7.975637e+07
8.789381e+07 8.789381e+07 8.789381e+07 8.789381e+07 8.789381e+07 8.789380e+07 8.789435e+07 8.800513e+07 8.832512e+07 8.907042e+07 9.224948e+07 9.695256e+07 1.016360e+08 1.054854e+08 1.084188e+08 1.106088e+08 1.122469e+08 1.161554e+08 1.172858e+08 1.176114e+08 1.176581e+08 1.175953e+08 1.174845e+08 1.171999e+08 1.168692e+08 1.164984e+08 1.160835e+08 1.156211e+08 1.151123e+08 1.088598e+08 1.000946e+08 8.894170e+07 7.839572e+07
8.501832e+07 8.501832e+07 8.501832e+07 8.501832e+07 8.501832e+07 8.501830e+07 8.501883e+07 8.512583e+07 8.543493e+07 8.615493e+07 8.922638e+07 9.377081e+07 9.829693e+07 1.020179e+08 1.048542e+08 1.069725e+08 1.085576e+08 1.123455e+08 1.134466e+08 1.137680e+08 1.138191e+08 1.137640e+08 1.136624e+08 1.133997e+08 1.130948e+08 1.127540e+08 1.123735e+08 1.119498e+08 1.114827e+08 1.056654e+08 9.762360e+07 8.716118e+07 7.706090e+07
8.228654e+07 8.228654e+07 8.228654e+07 8.228654e+07 8.228653e+07 8.228652e+07 8.228704e+07 8.239046e+07 8.268925e+07 8.338525e+07 8.635456e+07 9.074838e+07 9.512513e+07 9.872400e+07 1.014679e+08 1.035179e+08 1.050525e+08 1.087246e+08 1.097971e+08 1.101140e+08 1.101688e+08 1.101207e+08 1.100277e+08 1.097852e+08 1.095039e+08 1.091905e+08 1.088415e+08 1.084530e+08 1.080242e+08 1.026073e+08 9.522027e+07 8.541657e+07 7.575105e+07
7.968870e+07 7.968870e+07 7.968870e+07 7.968870e+07 7.968870e+07 7.968869e+07 7.968919e+07 7.978922e+07 8.007820e+07 8.075140e+07 8.362366e+07 8.787433e+07 9.210906e+07 9.559177e+07 9.824773e+07 1.002326e+08 1.017190e+08 1.052801e+08 1.063246e+08 1.066369e+08 1.066949e+08 1.066532e+08 1.065683e+08 1.063444e+08 1.060848e+08 1.057964e+08 1.054761e+08 1.051198e+08 1.047261e+08 9.967901e+07 9.288412e+07 8.370725e+07 7.446545e+07
7.721606e+07 7.721606e+07 7.721606e+07 7.721606e+07 7.721606e+07 7.721605e+07 7.721655e+07 7.731338e+07 7.759307e+07 7.824463e+07 8.102473e+07 8.513936e+07 8.923903e+07 9.261118e+07 9.518335e+07 9.710609e+07 9.854644e+07 1.020011e+08 1.030184e+08 1.033259e+08 1.033868e+08 1.033510e+08 1.032733e+08 1.030666e+08 1.028269e+08 1.025614e+08 1.022672e+08 1.019404e+08 1.015789e+08 9.687415e+07 9.061460e+07 8.203264e+07 7.320342e+07
7.486229e+07 7.486229e+07 7.486229e+07 7.486229e+07 7.486229e+07 7.486228e+07 7.486276e+07 7.495652e+07 7.522736e+07 7.585832e+07 7.855064e+07 8.253570e+07 8.650668e+07 8.977345e+07 9.226572e+07 9.412919e+07 9.552556e+07 9.887827e+07 9.986924e+07 1.001718e+08 1.002350e+08 1.002044e+08 1.001334e+08 9.994231e+07 9.972073e+07 9.947607e+07 9.920566e+07 9.890566e+07 9.857378e+07 9.418666e+07 8.841103e+07 8.039228e+07 7.196439e+07
7.262158e+07 7.262158e+07 7.262158e+07 7.262158e+07 7.262158e+07 7.262157e+07 7.262204e+07 7.271291e+07 7.297533e+07 7.358666e+07 7.619533e+07 8.005686e+07 8.390515e+07 8.707142e+07 8.948745e+07 9.129433e+07 9.264867e+07 9.590362e+07 9.686885e+07 9.716614e+07 9.723104e+07 9.720498e+07 9.713983e+07 9.696274e+07 9.675756e+07 9.653178e+07 9.628299e+07 9.600745e+07 9.570260e+07 9.161070e+07 8.627261e+07 7.878571e+07 7.074780e+07
7.048794e+07 7.048794e+07 7.048794e+07 7.048794e+07 7.048794e+07 7.048794e+07 7.048839e+07 7.057648e+07 7.083087e+07 7.142352e+07 7.395257e+07 7.769647e+07 8.142785e+07 8.449829e+07 8.684155e+07 8.859436e+07 8.990847e+07 9.306928e+07 9.400913e+07 9.430067e+07 9.436661e+07 9.434433e+07 9.428431e+07 9.411968e+07 9.392926e+07 9.372057e+07 9.349140e+07 9.323810e+07 9.295795e+07 8.914070e+07 8.419842e+07 7.721255e+07 6.955313e+07
6.845340e+07 6.845340e+07 6.845340e+07 6.845340e+07 6.845340e+07 6.845340e+07 6.845384e+07 6.853933e+07 6.878614e+07 6.936109e+07 7.181459e+07 7.544675e+07 7.906696e+07 8.204616e+07 8.432005e+07 8.602121e+07 8.729683e+07 9.036694e+07 9.128181e+07 9.156724e+07 9.163365e+07 9.161451e+07 9.155894e+07 9.140540e+07 9.122825e+07 9.103501e+07 9.082362e+07 9.059054e+07 9.033295e+07 8.677137e+07 8.218741e+07 7.567247e+07 6.837993e+07
6.651386e+07 6.651386e+07 6.651386e+07 6.651386e+07 6.651386e+07 6.651386e+07 6.651429e+07 6.659727e+07 6.683683e+07 6.739488e+07 6.977629e+07 7.330178e+07 7.681582e+07 7.970784e+07 8.191538e+07 8.356709e+07 8.480579e+07 8.778851e+07 8.867886e+07 8.895795e+07 8.902438e+07 8.900787e+07 8.895621e+07 8.881259e+07 8.864742e+07 8.846815e+07 8.827290e+07 8.805821e+07 8.782117e+07 8.449767e+07 8.023845e+07 7.416514e+07 6.722775e+07
6.466386e+07 6.466386e+07 6.466386e+07 6.466386e+07 6.466386e+07 6.466385e+07 6.466427e+07 6.474484e+07 6.497747e+07 6.551936e+07 6.783180e+07 7.125526e+07 7.466772e+07 7.747627e+07 7.962026e+07 8.122455e+07 8.242783e+07 8.532633e+07 8.619271e+07 8.646534e+07 8.653148e+07 8.651723e+07 8.646905e+07 8.633440e+07 8.618010e+07 8.601353e+07 8.583293e+07 8.563495e+07 8.541667e+07 8.231487e+07 7.835027e+07 7.269027e+07 6.609619e+07
6.289616e+07 6.289616e+07 6.289616e+07 6.289616e+07 6.289616e+07 6.289615e+07 6.289656e+07 6.297486e+07 6.320089e+07 6.372739e+07 6.597412e+07 6.930026e+07 7.261573e+07 7.534453e+07 7.742770e+07 7.898658e+07 8.015587e+07 8.297326e+07 8.381629e+07 8.408249e+07 8.414816e+07 8.413590e+07 8.409090e+07 8.396446e+07 8.382010e+07 8.366509e+07 8.349782e+07 8.331504e+07 8.311384e+07 8.021845e+07 7.652153e+07 7.124758e+07 6.498486e+07
6.120596e+07 6.120596e+07 6.120596e+07 6.120596e+07 6.120596e+07 6.120596e+07 6.120636e+07 6.128248e+07 6.150220e+07 6.201401e+07 6.419794e+07 6.743105e+07 7.065378e+07 7.330626e+07 7.533121e+07 7.684657e+07 7.798327e+07 8.072271e+07 8.154322e+07 8.180312e+07 8.186826e+07 8.185782e+07 8.181575e+07 8.169688e+07 8.156165e+07 8.141721e+07 8.126206e+07 8.109312e+07 8.090748e+07 7.820418e+07 7.475083e+07 6.983680e+07 6.389342e+07
5.958904e+07 5.958904e+07 5.958904e+07 5.958904e+07 5.958904e+07 5.958904e+07 5.958943e+07 5.966348e+07 5.987718e+07 6.037493e+07 6.249875e+07 6.564280e+07 6.877672e+07 7.135612e+07 7.332531e+07 7.479898e+07 7.590444e+07 7.856910e+07 7.936792e+07 7.962172e+07 7.968627e+07 7.967749e+07 7.963813e+07 7.952627e+07 7.939941e+07 7.926462e+07 7.912053e+07 7.896415e+07 7.879268e+07 7.626804e+07 7.303668e+07 6.845764e+07 6.282153e+07
5.804203e+07 5.804203e+07 5.804203e+07 5.804203e+07 5.804203e+07 5.804203e+07 5.804241e+07 5.811447e+07 5.832239e+07 5.880665e+07 6.087285e+07 6.393153e+07 6.698036e+07 6.948973e+07 7.140548e+07 7.283919e+07 7.391472e+07 7.650760e+07 7.728549e+07 7.753333e+07 7.759721e+07 7.758990e+07 7.755304e+07 7.744762e+07 7.732844e+07 7.720245e+07 7.706839e+07 7.692344e+07 7.676483e+07 7.440624e+07 7.137756e+07 6.710982e+07 6.176891e+07
5.656090e+07 5.656090e+07 5.656090e+07 5.656090e+07 5.656090e+07 5.656090e+07 5.656127e+07 5.663142e+07 5.683382e+07 5.730518e+07 5.931624e+07 6.229323e+07 6.526057e+07 6.770288e+07 6.956743e+07 7.096285e+07 7.200966e+07 7.453362e+07 7.529132e+07 7.553331e+07 7.559642e+07 7.559042e+07 7.555581e+07 7.545626e+07 7.534407e+07 7.522607e+07 7.510113e+07 7.496652e+07 7.481960e+07 7.261521e+07 6.977191e+07 6.579303e+07 6.073526e+07
5.514207e+07 5.514207e+07 5.514207e+07 5.514207e+07 5.514207e+07 5.514207e+07 5.514244e+07 5.521078e+07 5.540791e+07 5.586695e+07 5.782530e+07 6.072408e+07 6.361341e+07 6.599145e+07 6.780694e+07 6.916564e+07 7.018492e+07 7.264270e+07 7.338096e+07 7.361725e+07 7.367951e+07 7.367462e+07 7.364203e+07 7.354780e+07 7.344194e+07 7.333117e+07 7.321446e+07 7.308922e+07 7.295288e+07 7.089157e+07 6.821813e+07 6.450696e+07 5.972033e+07
5.378343e+07 5.378343e+07 5.378343e+07 5.378343e+07 5.378343e+07 5.378343e+07 5.378379e+07 5.385038e+07 5.404244e+07 5.448964e+07 5.639729e+07 5.922093e+07 6.203529e+07 6.435162e+07 6.612000e+07 6.744344e+07 6.843630e+07 7.083061e+07 7.155018e+07 7.178091e+07 7.184225e+07 7.183830e+07 7.180750e+07 7.171804e+07 7.161788e+07 7.151363e+07 7.140434e+07 7.128755e+07 7.116079e+07 6.923212e+07 6.671463e+07 6.325128e+07 5.872387e+07
5.248115e+07 5.248115e+07 5.248115e+07 5.248115e+07 5.248115e+07 5.248115e+07 5.248150e+07 5.254641e+07 5.273360e+07 5.316943e+07 5.502844e+07 5.777998e+07 6.052243e+07 6.277955e+07 6.450274e+07 6.579238e+07 6.675990e+07 6.909332e+07 6.979491e+07 7.002023e+07 7.008056e+07 7.007740e+07 7.004818e+07 6.996298e+07 6.986792e+07 6.976952e+07 6.966691e+07 6.955774e+07 6.943963e+07 6.763385e+07 6.525981e+07 6.202561e+07 5.774565e+07
5.123143e+07 5.123143e+07 5.123143e+07 5.123143e+07 5.123143e+07 5.123143e+07 5.123177e+07 5.129509e+07 5.147763e+07 5.190258e+07 5.371508e+07 5.639762e+07 5.907123e+07 6.127166e+07 6.295156e+07 6.420880e+07 6.515202e+07 6.742698e+07 6.811122e+07 6.833125e+07 6.839053e+07 6.838799e+07 6.836016e+07 6.827876e+07 6.818827e+07 6.809512e+07 6.799850e+07 6.789620e+07 6.778590e+07 6.609390e+07 6.385206e+07 6.082959e+07 5.678545e+07
5.003191e+07 5.003191e+07 5.003191e+07 5.003191e+07 5.003191e+07 5.003191e+07 5.003224e+07 5.009402e+07 5.027209e+07 5.068662e+07 5.245449e+07 5.507087e+07 5.767845e+07 5.982451e+07 6.146288e+07 6.268903e+07 6.360893e+07 6.582772e+07 6.649526e+07 6.671015e+07 6.676833e+07 6.676630e+07 6.673969e+07 6.666169e+07 6.657530e+07 6.648686e+07 6.639563e+07 6.629950e+07 6.619627e+07 6.460957e+07 6.248980e+07 5.966279e+07 5.584308e+07
4.887998e+07 4.887998e+07 4.887998e+07 4.887998e+07 4.887998e+07 4.887998e+07 4.888030e+07 4.894061e+07 4.911440e+07 4.951891e+07 5.124395e+07 5.379679e+07 5.634098e+07 5.843482e+07 6.003330e+07 6.122960e+07 6.212710e+07 6.429194e+07 6.494340e+07 6.515328e+07 6.521033e+07 6.520871e+07 6.518318e+07 6.510823e+07 6.502554e+07 6.494133e+07 6.485496e+07 6.476441e+07 6.466755e+07 6.317830e+07 6.117144e+07 5.852478e+07 5.491833e+07
4.777313e+07 4.777313e+07 4.777313e+07 4.777313e+07 4.777313e+07 4.777313e+07 4.777345e+07 4.783233e+07 4.800201e+07 4.839690e+07 5.008080e+07 5.257263e+07 5.505593e+07 5.709962e+07 5.865979e+07 5.982740e+07 6.070337e+07 6.281629e+07 6.345220e+07 6.365719e+07 6.371308e+07 6.371177e+07 6.368721e+07 6.361502e+07 6.353568e+07 6.345531e+07 6.337333e+07 6.328782e+07 6.319673e+07 6.179766e+07 5.989546e+07 5.741512e+07 5.401101e+07
4.670874e+07 4.670874e+07 4.670874e+07 4.670874e+07 4.670874e+07 4.670874e+07 4.670904e+07 4.676656e+07 4.693228e+07 4.731793e+07 4.896229e+07 5.139550e+07 5.382031e+07 5.581581e+07 5.733915e+07 5.847919e+07 5.933445e+07 6.139740e+07 6.201829e+07 6.221852e+07 6.227325e+07 6.227220e+07 6.224852e+07 6.217887e+07 6.210259e+07 6.202572e+07 6.194774e+07 6.186680e+07 6.178096e+07 6.046535e+07 5.866033e+07 5.633332e+07 5.312094e+07
4.568410e+07 4.568410e+07 4.568410e+07 4.568410e+07 4.568410e+07 4.568410e+07 4.568440e+07 4.574060e+07 4.590252e+07 4.627928e+07 4.788564e+07 5.026249e+07 5.263106e+07 5.458023e+07 5.606818e+07 5.718171e+07 5.801708e+07 6.003198e+07 6.063845e+07 6.083412e+07 6.088772e+07 6.088690e+07 6.086404e+07 6.079676e+07 6.072332e+07 6.064967e+07 6.057535e+07 6.049858e+07 6.041751e+07 5.917919e+07 5.746458e+07 5.527889e+07 5.224793e+07
4.469711e+07 4.469711e+07 4.469711e+07 4.469711e+07 4.469711e+07 4.469711e+07 4.469740e+07 4.475235e+07 4.491060e+07 4.527881e+07 4.684860e+07 4.917123e+07 5.148571e+07 5.339031e+07 5.484422e+07 5.593225e+07 5.674848e+07 5.871720e+07 5.930982e+07 5.950110e+07 5.955362e+07 5.955302e+07 5.953093e+07 5.946589e+07 5.939511e+07 5.932444e+07 5.925348e+07 5.918055e+07 5.910384e+07 5.793712e+07 5.630675e+07 5.425130e+07 5.139180e+07
4.374598e+07 4.374598e+07 4.374598e+07 4.374598e+07 4.374598e+07 4.374598e+07 4.374627e+07 4.380000e+07 4.395471e+07 4.431468e+07 4.584924e+07 4.811968e+07 5.038207e+07 5.224380e+07 5.366494e+07 5.472843e+07 5.552625e+07 5.745052e+07 5.802977e+07 5.821682e+07 5.826829e+07 5.826789e+07 5.824656e+07 5.818364e+07 5.811536e+07 5.804748e+07 5.797964e+07 5.791022e+07 5.783751e+07 5.673718e+07 5.518543e+07 5.325002e+07 5.055237e+07
4.282873e+07 4.282873e+07 4.282873e+07 4.282873e+07 4.282873e+07 4.282873e+07 4.282901e+07 4.288156e+07 4.303287e+07 4.338490e+07 4.488553e+07 4.710569e+07 4.931795e+07 5.113838e+07 5.252798e+07 5.356786e+07 5.434795e+07 5.622943e+07 5.679583e+07 5.697880e+07 5.702927e+07 5.702908e+07 5.700845e+07 5.694756e+07 5.688166e+07 5.681639e+07 5.675144e+07 5.668527e+07 5.661625e+07 5.557750e+07 5.409927e+07 5.227451e+07 4.972944e+07
4.194344e+07 4.194344e+07 4.194344e+07 4.194344e+07 4.194344e+07 4.194344e+07 4.194372e+07 4.199513e+07 4.214317e+07 4.248755e+07 4.395552e+07 4.612727e+07 4.829124e+07 5.007190e+07 5.143112e+07 5.244825e+07 5.321127e+07 5.505159e+07 5.560566e+07 5.578474e+07 5.583426e+07 5.583427e+07 5.581434e+07 5.575541e+07 5.569175e+07 5.562894e+07 5.556668e+07 5.550353e+07 5.543790e+07 5.445632e+07 5.304694e+07 5.132421e+07 4.892284e+07
4.108885e+07 4.108885e+07 4.108885e+07 4.108885e+07 4.108885e+07 4.108885e+07 4.108912e+07 4.113945e+07 4.128433e+07 4.162135e+07 4.305783e+07 4.518291e+07 4.730032e+07 4.904264e+07 5.037258e+07 5.136779e+07 5.211436e+07 5.391500e+07 5.445720e+07 5.463255e+07 5.468117e+07 5.468138e+07 5.466212e+07 5.460505e+07 5.454352e+07 5.448302e+07 5.442329e+07 5.436292e+07 5.430042e+07 5.337196e+07 5.202716e+07 5.039854e+07 4.813237e+07
4.026403e+07 4.026403e+07 4.026403e+07 4.026403e+07 4.026403e+07 4.026403e+07 4.026429e+07 4.031357e+07 4.045539e+07 4.078528e+07 4.219133e+07 4.427134e+07 4.634380e+07 4.804910e+07 4.935077e+07 5.032482e+07 5.105551e+07 5.281786e+07 5.334858e+07 5.352030e+07 5.356805e+07 5.356844e+07 5.354982e+07 5.349452e+07 5.343501e+07 5.337667e+07 5.331929e+07 5.326151e+07 5.320191e+07 5.232282e+07 5.103869e+07 4.949693e+07 4.735784e+07
3.946738e+07 3.946738e+07 3.946738e+07 3.946738e+07 3.946738e+07 3.946737e+07 3.946763e+07 3.951588e+07 3.965476e+07 3.997776e+07 4.135442e+07 4.339089e+07 4.541994e+07 4.708951e+07 4.836389e+07 4.931751e+07 5.003288e+07 5.175827e+07 5.227792e+07 5.244615e+07 5.249304e+07 5.249361e+07 5.247559e+07 5.242197e+07 5.236436e+07 5.230805e+07 5.225285e+07 5.219748e+07 5.214055e+07 5.130740e+07 5.008033e+07 4.861880e+07 4.659904e+07
3.869731e+07 3.869731e+07 3.869731e+07 3.869731e+07 3.869731e+07 3.869731e+07 3.869756e+07 3.874483e+07 3.888085e+07 3.919722e+07 4.054550e+07 4.253994e+07 4.452707e+07 4.616214e+07 4.741018e+07 4.834408e+07 4.904466e+07 5.073442e+07 5.124344e+07 5.140833e+07 5.145441e+07 5.145514e+07 5.143769e+07 5.138564e+07 5.132981e+07 5.127539e+07 5.122223e+07 5.116909e+07 5.111464e+07 5.032425e+07 4.915095e+07 4.776356e+07 4.585577e+07
3.795272e+07 3.795272e+07 3.795272e+07 3.795272e+07 3.795272e+07 3.795272e+07 3.795297e+07 3.799929e+07 3.813257e+07 3.844253e+07 3.976342e+07 4.171727e+07 4.366393e+07 4.526567e+07 4.648826e+07 4.740313e+07 4.808943e+07 4.974482e+07 5.024358e+07 5.040524e+07 5.045053e+07 5.045140e+07 5.043448e+07 5.038390e+07 5.032972e+07 5.027706e+07 5.022578e+07 5.017471e+07 5.012256e+07 4.937201e+07 4.824942e+07 4.693062e+07 4.512783e+07
3.723287e+07 3.723287e+07 3.723287e+07 3.723287e+07 3.723287e+07 3.723287e+07 3.723311e+07 3.727852e+07 3.740914e+07 3.771291e+07 3.900733e+07 4.092196e+07 4.282951e+07 4.439904e+07 4.559705e+07 4.649351e+07 4.716600e+07 4.878811e+07 4.927689e+07 4.943539e+07 4.947986e+07 4.948083e+07 4.946437e+07 4.941514e+07 4.936250e+07 4.931146e+07 4.926194e+07 4.921279e+07 4.916277e+07 4.844939e+07 4.737469e+07 4.611941e+07 4.441498e+07
3.653655e+07 3.653655e+07 3.653655e+07 3.653655e+07 3.653655e+07 3.653655e+07 3.653679e+07 3.658131e+07 3.670937e+07 3.700715e+07 3.827599e+07 4.015270e+07 4.202244e+07 4.356084e+07 4.473507e+07 4.561373e+07 4.627287e+07 4.786275e+07 4.834184e+07 4.849722e+07 4.854086e+07 4.854188e+07 4.852585e+07 4.847786e+07 4.842664e+07 4.837712e+07 4.832923e+07 4.828186e+07 4.823383e+07 4.755514e+07 4.652574e+07 4.532933e+07 4.371702e+07
3.586254e+07 3.586254e+07 3.586254e+07 3.586254e+07 3.586254e+07 3.586254e+07 3.586277e+07 3.590644e+07 3.603201e+07 3.632400e+07 3.756807e+07 3.940810e+07 4.124124e+07 4.274951e+07 4.390074e+07 4.476218e+07 4.540839e+07 4.696712e+07 4.743683e+07 4.758919e+07 4.763202e+07 4.763307e+07 4.761743e+07 4.757060e+07 4.752070e+07 4.747261e+07 4.742624e+07 4.738054e+07 4.733435e+07 4.668810e+07 4.570157e+07 4.455981e+07 4.303371e+07
3.520975e+07 3.520975e+07 3.520975e+07 3.520975e+07 3.520975e+07 3.520975e+07 3.520998e+07 3.525281e+07 3.537598e+07 3.566235e+07 3.688244e+07 3.868694e+07 4.048465e+07 4.196376e+07 4.309271e+07 4.393748e+07 4.457119e+07 4.609975e+07 4.656041e+07 4.670985e+07 4.675189e+07 4.675297e+07 4.673770e+07 4.669197e+07 4.664332e+07 4.659657e+07 4.655163e+07 4.650750e+07 4.646304e+07 4.584716e+07 4.490126e+07 4.381028e+07 4.236482e+07
3.457704e+07 3.457704e+07 3.457704e+07 3.457704e+07 3.457704e+07 3.457704e+07 3.457727e+07 3.461929e+07 3.474014e+07 3.502108e+07 3.621797e+07 3.798810e+07 3.975154e+07 4.120243e+07 4.230983e+07 4.313846e+07 4.376006e+07 4.525940e+07 4.571126e+07 4.585787e+07 4.589913e+07 4.590025e+07 4.588533e+07 4.584065e+07 4.579321e+07 4.574772e+07 4.570415e+07 4.566149e+07 4.561866e+07 4.503124e+07 4.412390e+07 4.308017e+07 4.171012e+07
3.396346e+07 3.396346e+07 3.396346e+07 3.396346e+07 3.396346e+07 3.396346e+07 3.396368e+07 3.400493e+07 3.412352e+07 3.439920e+07 3.557366e+07 3.731054e+07 3.904083e+07 4.046441e+07 4.155095e+07 4.236397e+07 4.297384e+07 4.444485e+07 4.488816e+07 4.503201e+07 4.507252e+07 4.507366e+07 4.505908e+07 4.501542e+07 4.496914e+07 4.492487e+07 4.488260e+07 4.484134e+07 4.480005e+07 4.423936e+07 4.336861e+07 4.236892e+07 4.106936e+07
3.336821e+07 3.336821e+07 3.336821e+07 3.336821e+07 3.336821e+07 3.336821e+07 3.336843e+07 3.340892e+07 3.352533e+07 3.379591e+07 3.494861e+07 3.665327e+07 3.835142e+07 3.974855e+07 4.081488e+07 4.161276e+07 4.221128e+07 4.365487e+07 4.408991e+07 4.423108e+07 4.427087e+07 4.427203e+07 4.425779e+07 4.421513e+07 4.416997e+07 4.412689e+07 4.408585e+07 4.404593e+07 4.400610e+07 4.347054e+07 4.263458e+07 4.167599e+07 4.044230e+07
3.279054e+07 3.279054e+07 3.279054e+07 3.279054e+07 3.279054e+07 3.279054e+07 3.279076e+07 3.283051e+07 3.294479e+07 3.321043e+07 3.434199e+07 3.601535e+07 3.768231e+07 3.905376e+07 4.010049e+07 4.088372e+07 4.147123e+07 4.288831e+07 4.331537e+07 4.345399e+07 4.349308e+07 4.349428e+07 4.348037e+07 4.343869e+07 4.339464e+07 4.335270e+07 4.331286e+07 4.327422e+07 4.323578e+07 4.272387e+07 4.192101e+07 4.100083e+07 3.982870e+07
