2.883480e+05 3.394530e+04 1.744413e+04 9.101483e+03 8.545293e+03 8.107947e+03 8.079070e+03 8.141733e+03 8.143321e+03 8.114487e+03 8.018752e+03 7.961089e+03 7.999917e+03 8.145069e+03 8.380814e+03 8.683226e+03 9.029295e+03 1.092633e+04 1.268089e+04 1.426644e+04 1.574891e+04 1.716177e+04 1.851615e+04 2.105218e+04 2.334531e+04 2.538863e+04 2.719108e+04 2.877269e+04 3.015852e+04 3.765845e+04 4.002296e+04 4.040718e+04 3.992673e+04
8.013916e+03 8.013940e+03 8.014008e+03 8.015541e+03 8.018112e+03 8.007428e+03 8.074490e+03 8.125245e+03 8.123643e+03 8.084551e+03 7.976522e+03 7.926028e+03 7.984867e+03 8.154844e+03 8.414905e+03 8.738365e+03 9.101208e+03 1.102998e+04 1.277964e+04 1.435666e+04 1.583290e+04 1.724147e+04 1.859260e+04 2.112325e+04 2.341125e+04 2.544935e+04 2.724657e+04 2.882312e+04 3.020418e+04 3.767590e+04 4.003028e+04 4.040961e+04 3.992658e+04
8.096693e+03 8.096700e+03 8.096721e+03 8.097265e+03 8.098583e+03 8.100287e+03 8.147470e+03 8.185993e+03 8.084045e+03 8.001973e+03 7.891233e+03 7.868702e+03 7.964172e+03 8.170270e+03 8.461502e+03 8.809606e+03 9.190618e+03 1.114652e+04 1.288626e+04 1.445227e+04 1.592104e+04 1.732459e+04 1.867195e+04 2.119650e+04 2.347886e+04 2.551136e+04 2.730306e+04 2.887433e+04 3.025045e+04 3.769342e+04 4.003761e+04 4.041204e+04 3.992642e+04
8.412414e+03 8.412418e+03 8.412429e+03 8.412748e+03 8.413611e+03 8.411862e+03 8.308903e+03 8.166749e+03 8.069787e+03 7.949160e+03 7.786263e+03 7.796999e+03 7.944268e+03 8.197294e+03 8.525737e+03 8.901065e+03 9.300639e+03 1.127634e+04 1.300065e+04 1.455320e+04 1.601331e+04 1.741113e+04 1.875422e+04 2.127194e+04 2.354815e+04 2.557466e+04 2.736056e+04 2.892632e+04 3.029733e+04 3.771103e+04 4.004495e+04 4.041446e+04 3.992625e+04
8.172919e+03 8.172920e+03 8.172925e+03 8.173036e+03 8.173318e+03 8.165204e+03 8.080381e+03 7.895802e+03 7.859400e+03 7.815818e+03 7.729005e+03 7.759875e+03 7.947398e+03 8.248736e+03 8.615773e+03 9.018070e+03 9.434709e+03 1.141947e+04 1.312258e+04 1.465932e+04 1.610967e+04 1.750107e+04 1.883939e+04 2.134957e+04 2.361911e+04 2.563925e+04 2.741906e+04 2.897909e+04 3.034482e+04 3.772870e+04 4.005229e+04 4.041687e+04 3.992606e+04
7.640618e+03 7.640620e+03 7.640625e+03 7.640769e+03 7.641174e+03 7.649668e+03 7.655477e+03 7.599363e+03 7.592327e+03 7.608083e+03 7.668794e+03 7.792357e+03 8.021284e+03 8.349485e+03 8.745027e+03 9.168173e+03 9.597053e+03 1.157565e+04 1.325170e+04 1.477045e+04 1.621003e+04 1.759438e+04 1.892746e+04 2.142938e+04 2.369174e+04 2.570513e+04 2.747855e+04 2.903263e+04 3.039292e+04 3.774646e+04 4.005964e+04 4.041927e+04 3.992586e+04
7.429003e+03 7.429004e+03 7.429006e+03 7.429080e+03 7.429287e+03 7.434193e+03 7.441181e+03 7.404350e+03 7.400263e+03 7.438132e+03 7.617452e+03 7.870337e+03 8.176509e+03 8.535321e+03 8.935740e+03 9.362445e+03 9.793353e+03 1.174441e+04 1.338752e+04 1.488637e+04 1.631431e+04 1.769103e+04 1.901841e+04 2.151138e+04 2.376604e+04 2.577229e+04 2.753903e+04 2.908694e+04 3.044161e+04 3.776428e+04 4.006700e+04 4.042166e+04 3.992565e+04
7.354926e+03 7.354927e+03 7.354929e+03 7.354987e+03 7.355154e+03 7.356137e+03 7.334866e+03 7.273543e+03 7.288163e+03 7.356181e+03 7.633253e+03 8.005746e+03 8.400091e+03 8.800224e+03 9.206864e+03 9.618453e+03 1.003187e+04 1.192520e+04 1.352953e+04 1.500684e+04 1.642238e+04 1.779096e+04 1.911221e+04 2.159553e+04 2.384199e+04 2.584072e+04 2.760049e+04 2.914201e+04 3.049090e+04 3.778218e+04 4.007436e+04 4.042404e+04 3.992543e+04
7.157394e+03 7.157394e+03 7.157395e+03 7.157424e+03 7.157503e+03 7.149284e+03 7.118500e+03 7.173343e+03 7.268492e+03 7.403509e+03 7.778451e+03 8.233207e+03 8.694430e+03 9.130999e+03 9.543453e+03 9.939657e+03 1.032504e+04 1.211763e+04 1.367718e+04 1.513159e+04 1.653413e+04 1.789410e+04 1.920882e+04 2.168184e+04 2.391959e+04 2.591042e+04 2.766293e+04 2.919783e+04 3.054077e+04 3.780014e+04 4.008174e+04 4.042641e+04 3.992520e+04
6.714247e+03 6.714247e+03 6.714248e+03 6.714267e+03 6.714322e+03 6.748615e+03 6.895326e+03 7.275226e+03 7.470049e+03 7.669230e+03 8.102949e+03 8.582728e+03 9.066509e+03 9.518193e+03 9.929461e+03 1.030838e+04 1.066569e+04 1.232173e+04 1.383000e+04 1.526038e+04 1.664945e+04 1.800039e+04 1.930819e+04 2.177027e+04 2.399882e+04 2.598137e+04 2.772633e+04 2.925440e+04 3.059122e+04 3.781818e+04 4.008911e+04 4.042878e+04 3.992495e+04
7.356090e+03 7.356091e+03 7.356094e+03 7.356184e+03 7.356458e+03 7.374558e+03 7.481083e+03 7.832852e+03 8.023236e+03 8.215000e+03 8.617114e+03 9.058055e+03 9.515364e+03 9.952408e+03 1.034971e+04 1.070793e+04 1.103717e+04 1.253841e+04 1.398771e+04 1.539301e+04 1.676821e+04 1.810976e+04 1.941030e+04 2.186080e+04 2.407967e+04 2.605357e+04 2.779069e+04 2.931171e+04 3.064225e+04 3.783628e+04 4.009650e+04 4.043113e+04 3.992469e+04
1.439402e+04 1.439402e+04 1.439402e+04 1.439387e+04 1.439339e+04 1.438286e+04 1.436614e+04 1.433800e+04 1.432416e+04 1.430780e+04 1.426356e+04 1.420661e+04 1.415104e+04 1.411619e+04 1.411735e+04 1.416100e+04 1.424522e+04 1.500743e+04 1.593714e+04 1.698360e+04 1.815025e+04 1.936674e+04 2.057313e+04 2.287536e+04 2.497233e+04 2.684018e+04 2.848396e+04 2.992304e+04 3.118208e+04 3.802070e+04 4.017053e+04 4.045408e+04 3.992136e+04
1.448866e+04 1.448866e+04 1.448866e+04 1.448869e+04 1.448879e+04 1.449997e+04 1.455511e+04 1.474180e+04 1.484825e+04 1.495713e+04 1.517591e+04 1.539042e+04 1.559605e+04 1.579007e+04 1.597230e+04 1.614527e+04 1.631319e+04 1.720014e+04 1.818823e+04 1.914636e+04 2.007797e+04 2.103435e+04 2.203066e+04 2.407681e+04 2.600175e+04 2.772995e+04 2.925566e+04 3.059427e+04 3.176794e+04 3.821017e+04 4.024464e+04 4.047583e+04 3.991663e+04
2.012335e+04 2.012335e+04 2.012334e+04 2.012328e+04 2.012309e+04 2.011866e+04 2.010895e+04 2.008408e+04 2.006865e+04 2.005023e+04 2.000415e+04 1.994908e+04 1.989162e+04 1.983844e+04 1.979461e+04 1.976348e+04 1.974709e+04 1.992097e+04 2.050991e+04 2.133828e+04 2.221406e+04 2.306276e+04 2.388850e+04 2.552966e+04 2.716590e+04 2.870679e+04 3.008842e+04 3.131006e+04 3.238704e+04 3.840296e+04 4.031832e+04 4.049617e+04 3.991042e+04
2.029182e+04 2.029182e+04 2.029183e+04 2.029211e+04 2.029298e+04 2.031967e+04 2.038693e+04 2.056178e+04 2.065401e+04 2.074608e+04 2.092682e+04 2.110062e+04 2.126551e+04 2.142009e+04 2.156365e+04 2.169619e+04 2.181833e+04 2.232742e+04 2.284708e+04 2.351594e+04 2.429530e+04 2.509160e+04 2.584958e+04 2.723712e+04 2.853300e+04 2.978356e+04 3.097561e+04 3.205902e+04 3.302790e+04 3.859717e+04 4.039106e+04 4.051488e+04 3.990260e+04
2.531550e+04 2.531550e+04 2.531550e+04 2.531546e+04 2.531535e+04 2.531178e+04 2.530210e+04 2.527590e+04 2.526048e+04 2.524296e+04 2.520115e+04 2.515308e+04 2.510454e+04 2.506125e+04 2.502722e+04 2.500451e+04 2.499367e+04 2.508943e+04 2.536562e+04 2.580469e+04 2.638989e+04 2.705783e+04 2.773621e+04 2.897188e+04 3.003643e+04 3.101067e+04 3.194169e+04 3.284323e+04 3.368582e+04 3.879092e+04 4.046234e+04 4.053173e+04 3.989307e+04
2.613494e+04 2.613494e+04 2.613495e+04 2.613510e+04 2.613558e+04 2.615088e+04 2.619469e+04 2.631857e+04 2.638525e+04 2.645196e+04 2.658234e+04 2.670602e+04 2.682123e+04 2.692719e+04 2.702384e+04 2.711172e+04 2.719172e+04 2.751133e+04 2.778050e+04 2.808874e+04 2.848974e+04 2.898300e+04 2.952866e+04 3.060014e+04 3.151356e+04 3.229270e+04 3.300630e+04 3.369341e+04 3.436984e+04 3.898246e+04 4.053159e+04 4.054650e+04 3.988171e+04
3.017396e+04 3.017396e+04 3.017396e+04 3.017395e+04 3.017392e+04 3.017300e+04 3.017005e+04 3.015712e+04 3.014630e+04 3.013234e+04 3.009641e+04 3.005445e+04 3.001268e+04 2.997602e+04 2.994741e+04 2.992802e+04 2.991783e+04 2.997084e+04 3.011031e+04 3.029094e+04 3.053010e+04 3.084615e+04 3.123053e+04 3.208275e+04 3.286759e+04 3.351936e+04 3.407966e+04 3.460026e+04 3.511024e+04 3.917041e+04 4.059828e+04 4.055895e+04 3.986843e+04
3.131945e+04 3.131945e+04 3.131946e+04 3.131953e+04 3.131975e+04 3.132556e+04 3.134028e+04 3.139037e+04 3.142322e+04 3.145941e+04 3.153706e+04 3.161591e+04 3.169133e+04 3.176073e+04 3.182299e+04 3.187798e+04 3.192618e+04 3.209462e+04 3.220352e+04 3.229926e+04 3.241586e+04 3.258333e+04 3.281426e+04 3.341924e+04 3.406329e+04 3.462381e+04 3.508778e+04 3.549363e+04 3.587862e+04 3.935388e+04 4.066191e+04 4.056884e+04 3.985312e+04
3.440037e+04 3.440037e+04 3.440037e+04 3.440035e+04 3.440030e+04 3.439873e+04 3.439384e+04 3.437489e+04 3.436092e+04 3.434413e+04 3.430368e+04 3.425764e+04 3.421053e+04 3.416602e+04 3.412650e+04 3.409316e+04 3.406627e+04 3.400912e+04 3.401637e+04 3.403725e+04 3.406783e+04 3.412779e+04 3.423660e+04 3.461081e+04 3.510257e+04 3.558122e+04 3.598593e+04 3.632345e+04 3.662481e+04 3.953274e+04 4.072200e+04 4.057595e+04 3.983565e+04
3.477310e+04 3.477310e+04 3.477310e+04 3.477315e+04 3.477330e+04 3.477809e+04 3.479270e+04 3.484287e+04 3.487418e+04 3.490774e+04 3.497796e+04 3.504807e+04 3.511462e+04 3.517547e+04 3.522951e+04 3.527640e+04 3.531630e+04 3.543230e+04 3.546529e+04 3.546148e+04 3.544516e+04 3.543898e+04 3.546470e+04 3.565529e+04 3.600073e+04 3.639645e+04 3.675832e+04 3.705999e+04 3.731450e+04 3.970776e+04 4.077816e+04 4.058006e+04 3.981593e+04
3.714102e+04 3.714102e+04 3.714102e+04 3.714100e+04 3.714097e+04 3.713984e+04 3.713627e+04 3.712166e+04 3.711055e+04 3.709697e+04 3.706311e+04 3.702229e+04 3.697771e+04 3.693253e+04 3.688926e+04 3.684948e+04 3.681400e+04 3.669697e+04 3.663782e+04 3.659304e+04 3.654843e+04 3.650880e+04 3.648819e+04 3.655388e+04 3.677539e+04 3.708863e+04 3.741081e+04 3.769331e+04 3.792755e+04 3.988085e+04 4.083009e+04 4.058097e+04 3.979386e+04
3.690129e+04 3.690129e+04 3.690129e+04 3.690134e+04 3.690150e+04 3.690640e+04 3.692032e+04 3.696427e+04 3.699143e+04 3.702061e+04 3.708171e+04 3.714228e+04 3.719910e+04 3.725032e+04 3.729508e+04 3.733314e+04 3.736475e+04 3.744644e+04 3.745484e+04 3.743336e+04 3.739766e+04 3.735646e+04 3.732101e+04 3.731679e+04 3.744404e+04 3.768046e+04 3.796093e+04 3.822877e+04 3.845748e+04 4.005523e+04 4.087760e+04 4.057848e+04 3.976934e+04
3.847149e+04 3.847149e+04 3.847149e+04 3.847148e+04 3.847146e+04 3.847059e+04 3.846783e+04 3.845572e+04 3.844612e+04 3.843428e+04 3.840481e+04 3.836996e+04 3.833275e+04 3.829585e+04 3.826118e+04 3.822990e+04 3.820255e+04 3.811983e+04 3.809112e+04 3.807706e+04 3.805874e+04 3.803119e+04 3.799912e+04 3.796332e+04 3.802377e+04 3.819279e+04 3.842949e+04 3.868048e+04 3.890850e+04 4.023604e+04 4.092065e+04 4.057245e+04 3.974229e+04
3.814226e+04 3.814226e+04 3.814226e+04 3.814224e+04 3.814221e+04 3.814258e+04 3.814537e+04 3.815899e+04 3.816968e+04 3.818259e+04 3.821343e+04 3.824811e+04 3.828379e+04 3.831854e+04 3.835119e+04 3.838116e+04 3.840827e+04 3.850666e+04 3.856352e+04 3.859390e+04 3.860193e+04 3.859054e+04 3.856580e+04 3.851591e+04 3.852991e+04 3.864256e+04 3.883568e+04 3.906559e+04 3.929145e+04 4.043226e+04 4.095936e+04 4.056274e+04 3.971262e+04
3.908731e+04 3.908731e+04 3.908731e+04 3.908730e+04 3.908728e+04 3.908663e+04 3.908483e+04 3.907899e+04 3.907504e+04 3.907040e+04 3.905947e+04 3.904748e+04 3.903605e+04 3.902647e+04 3.901953e+04 3.901551e+04 3.901429e+04 3.903626e+04 3.906985e+04 3.909078e+04 3.909373e+04 3.907992e+04 3.905354e+04 3.899206e+04 3.897425e+04 3.904237e+04 3.919505e+04 3.940055e+04 3.961993e+04 4.064431e+04 4.099402e+04 4.054927e+04 3.968027e+04
3.937467e+04 3.937467e+04 3.937468e+04 3.937470e+04 3.937480e+04 3.937769e+04 3.938567e+04 3.940842e+04 3.942138e+04 3.943483e+04 3.946198e+04 3.948798e+04 3.951160e+04 3.953212e+04 3.954924e+04 3.956295e+04 3.957346e+04 3.959054e+04 3.957763e+04 3.955593e+04 3.953084e+04 3.950201e+04 3.946900e+04 3.940062e+04 3.936501e+04 3.940145e+04 3.951954e+04 3.969939e+04 3.990758e+04 4.086303e+04 4.102513e+04 4.053197e+04 3.964519e+04
4.036533e+04 4.036533e+04 4.036533e+04 4.036532e+04 4.036526e+04 4.036361e+04 4.035941e+04 4.034529e+04 4.033552e+04 4.032409e+04 4.029720e+04 4.026679e+04 4.023493e+04 4.020319e+04 4.017259e+04 4.014370e+04 4.011678e+04 4.001110e+04 3.994252e+04 3.989677e+04 3.986337e+04 3.983471e+04 3.980619e+04 3.974770e+04 3.970965e+04 3.972747e+04 3.981838e+04 3.997340e+04 4.016657e+04 4.108186e+04 4.105342e+04 4.051086e+04 3.960733e+04
3.995596e+04 3.995596e+04 3.995596e+04 3.995595e+04 3.995591e+04 3.995493e+04 3.995280e+04 3.995082e+04 3.995186e+04 3.995432e+04 3.996292e+04 3.997494e+04 3.998848e+04 4.000208e+04 4.001479e+04 4.002615e+04 4.003601e+04 4.006665e+04 4.008039e+04 4.008748e+04 4.008986e+04 4.008689e+04 4.007794e+04 4.004609e+04 4.001788e+04 4.002802e+04 4.009915e+04 4.023143e+04 4.040697e+04 4.129542e+04 4.107989e+04 4.048598e+04 3.956666e+04
4.010620e+04 4.010620e+04 4.010620e+04 4.010620e+04 4.010618e+04 4.010573e+04 4.010431e+04 4.009865e+04 4.009469e+04 4.009035e+04 4.008182e+04 4.007514e+04 4.007152e+04 4.007136e+04 4.007456e+04 4.008071e+04 4.008927e+04 4.015024e+04 4.021201e+04 4.025976e+04 4.029242e+04 4.031200e+04 4.032074e+04 4.031526e+04 4.030129e+04 4.031076e+04 4.036819e+04 4.048031e+04 4.063662e+04 4.149917e+04 4.110588e+04 4.045744e+04 3.952319e+04
4.025537e+04 4.025537e+04 4.025537e+04 4.025538e+04 4.025542e+04 4.025673e+04 4.026072e+04 4.027414e+04 4.028246e+04 4.029139e+04 4.031011e+04 4.032868e+04 4.034606e+04 4.036174e+04 4.037560e+04 4.038777e+04 4.039852e+04 4.044039e+04 4.047547e+04 4.050668e+04 4.053211e+04 4.055088e+04 4.056309e+04 4.057123e+04 4.057004e+04 4.058250e+04 4.063073e+04 4.072509e+04 4.086135e+04 4.168938e+04 4.113322e+04 4.042541e+04 3.947692e+04
4.091768e+04 4.091768e+04 4.091768e+04 4.091768e+04 4.091767e+04 4.091729e+04 4.091609e+04 4.091094e+04 4.090685e+04 4.090179e+04 4.088932e+04 4.087494e+04 4.086010e+04 4.084593e+04 4.083310e+04 4.082194e+04 4.081251e+04 4.078655e+04 4.078062e+04 4.078271e+04 4.078865e+04 4.079667e+04 4.080535e+04 4.082017e+04 4.083086e+04 4.084864e+04 4.089084e+04 4.096940e+04 4.108509e+04 4.186313e+04 4.116491e+04 4.039013e+04 3.942789e+04
4.087330e+04 4.087330e+04 4.087330e+04 4.087331e+04 4.087335e+04 4.087443e+04 4.087780e+04 4.088992e+04 4.089775e+04 4.090631e+04 4.092459e+04 4.094314e+04 4.096082e+04 4.097687e+04 4.099087e+04 4.100264e+04 4.101218e+04 4.103266e+04 4.102874e+04 4.102142e+04 4.101963e+04 4.102498e+04 4.103576e+04 4.106338e+04 4.108861e+04 4.111363e+04 4.115165e+04 4.121553e+04 4.131017e+04 4.201831e+04 4.120264e+04 4.035192e+04 3.937615e+04
4.141137e+04 4.141137e+04 4.141137e+04 4.141137e+04 4.141136e+04 4.141105e+04 4.141008e+04 4.140596e+04 4.140260e+04 4.139829e+04 4.138704e+04 4.137299e+04 4.135716e+04 4.134056e+04 4.132395e+04 4.130790e+04 4.129277e+04 4.123531e+04 4.120671e+04 4.120018e+04 4.120937e+04 4.122884e+04 4.125391e+04 4.130653e+04 4.134927e+04 4.138169e+04 4.141550e+04 4.146463e+04 4.153743e+04 4.215351e+04 4.124284e+04 4.031116e+04 3.932179e+04
4.114829e+04 4.114829e+04 4.114829e+04 4.114830e+04 4.114834e+04 4.114935e+04 4.115126e+04 4.115601e+04 4.115880e+04 4.116186e+04 4.116869e+04 4.117622e+04 4.118407e+04 4.119191e+04 4.119956e+04 4.120695e+04 4.121410e+04 4.124926e+04 4.128915e+04 4.133508e+04 4.138445e+04 4.143423e+04 4.148185e+04 4.156330e+04 4.162053e+04 4.165652e+04 4.168353e+04 4.171648e+04 4.176628e+04 4.226802e+04 4.128285e+04 4.026835e+04 3.926491e+04
4.121595e+04 4.121595e+04 4.121595e+04 4.121595e+04 4.121594e+04 4.121569e+04 4.121490e+04 4.121202e+04 4.121038e+04 4.120898e+04 4.120777e+04 4.120964e+04 4.121503e+04 4.122384e+04 4.123564e+04 4.124987e+04 4.126599e+04 4.136015e+04 4.145670e+04 4.154572e+04 4.162521e+04 4.169505e+04 4.175548e+04 4.184908e+04 4.190838e+04 4.193962e+04 4.195498e+04 4.196927e+04 4.199469e+04 4.236162e+04 4.132054e+04 4.022407e+04 3.920564e+04
4.166519e+04 4.166519e+04 4.166519e+04 4.166519e+04 4.166520e+04 4.166546e+04 4.166629e+04 4.166957e+04 4.167195e+04 4.167473e+04 4.168120e+04 4.168840e+04 4.169597e+04 4.170378e+04 4.171186e+04 4.172034e+04 4.172933e+04 4.178396e+04 4.185087e+04 4.192017e+04 4.198510e+04 4.204285e+04 4.209263e+04 4.216800e+04 4.221188e+04 4.222821e+04 4.222639e+04 4.221939e+04 4.221934e+04 4.243456e+04 4.135404e+04 4.017905e+04 3.914415e+04
4.231980e+04 4.231980e+04 4.231980e+04 4.231980e+04 4.231980e+04 4.231983e+04 4.231990e+04 4.232018e+04 4.232039e+04 4.232065e+04 4.232135e+04 4.232238e+04 4.232382e+04 4.232575e+04 4.232819e+04 4.233110e+04 4.233444e+04 4.235499e+04 4.237805e+04 4.240179e+04 4.242576e+04 4.244925e+04 4.247116e+04 4.250549e+04 4.252086e+04 4.251469e+04 4.249164e+04 4.246167e+04 4.243581e+04 4.248735e+04 4.138173e+04 4.013423e+04 3.908062e+04
4.295246e+04 4.295246e+04 4.295246e+04 4.295246e+04 4.295246e+04 4.295249e+04 4.295258e+04 4.295292e+04 4.295317e+04 4.295347e+04 4.295419e+04 4.295494e+04 4.295551e+04 4.295564e+04 4.295514e+04 4.295386e+04 4.295175e+04 4.293054e+04 4.290188e+04 4.287687e+04 4.285938e+04 4.284877e+04 4.284276e+04 4.283467e+04 4.281918e+04 4.278840e+04 4.274298e+04 4.269001e+04 4.263912e+04 4.252074e+04 4.140220e+04 4.009094e+04 3.901529e+04
4.354256e+04 4.354256e+04 4.354256e+04 4.354256e+04 4.354254e+04 4.354193e+04 4.354009e+04 4.353364e+04 4.352930e+04 4.352428e+04 4.351238e+04 4.349831e+04 4.348261e+04 4.346582e+04 4.344848e+04 4.343101e+04 4.341375e+04 4.333668e+04 4.327881e+04 4.323707e+04 4.320662e+04 4.318349e+04 4.316465e+04 4.313081e+04 4.309131e+04 4.303877e+04 4.297263e+04 4.289830e+04 4.282427e+04 4.253560e+04 4.141423e+04 4.005072e+04 3.894841e+04
4.335761e+04 4.335761e+04 4.335761e+04 4.335762e+04 4.335764e+04 4.335818e+04 4.335987e+04 4.336603e+04 4.337001e+04 4.337431e+04 4.338339e+04 4.339259e+04 4.340150e+04 4.340989e+04 4.341762e+04 4.342467e+04 4.343102e+04 4.345352e+04 4.346313e+04 4.346262e+04 4.345462e+04 4.344143e+04 4.342458e+04 4.338214e+04 4.332729e+04 4.325778e+04 4.317414e+04 4.308121e+04 4.298678e+04 4.253287e+04 4.141681e+04 4.001219e+04 3.888028e+04
4.349368e+04 4.349368e+04 4.349368e+04 4.349368e+04 4.349369e+04 4.349371e+04 4.349379e+04 4.349419e+04 4.349467e+04 4.349544e+04 4.349813e+04 4.350258e+04 4.350882e+04 4.351671e+04 4.352597e+04 4.353625e+04 4.354719e+04 4.360115e+04 4.363912e+04 4.365733e+04 4.366001e+04 4.365184e+04 4.363608e+04 4.358842e+04 4.352298e+04 4.344060e+04 4.334291e+04 4.323461e+04 4.312296e+04 4.251349e+04 4.140918e+04 3.997407e+04 3.881122e+04
4.392268e+04 4.392268e+04 4.392268e+04 4.392268e+04 4.392268e+04 4.392271e+04 4.392278e+04 4.392306e+04 4.392326e+04 4.392349e+04 4.392399e+04 4.392435e+04 4.392434e+04 4.392379e+04 4.392263e+04 4.392084e+04 4.391850e+04 4.390182e+04 4.388347e+04 4.386630e+04 4.384912e+04 4.383010e+04 4.380791e+04 4.375139e+04 4.367705e+04 4.358468e+04 4.347607e+04 4.335563e+04 4.323014e+04 4.247841e+04 4.139075e+04 3.993543e+04 3.874164e+04
4.428923e+04 4.428923e+04 4.428923e+04 4.428922e+04 4.428921e+04 4.428874e+04 4.428728e+04 4.428150e+04 4.427728e+04 4.427228e+04 4.426029e+04 4.424624e+04 4.423082e+04 4.421462e+04 4.419810e+04 4.418166e+04 4.416556e+04 4.409538e+04 4.404532e+04 4.401061e+04 4.398390e+04 4.395936e+04 4.393337e+04 4.387031e+04 4.378889e+04 4.368884e+04 4.357205e+04 4.344257e+04 4.330655e+04 4.242858e+04 4.136115e+04 3.989550e+04 3.867198e+04
4.395352e+04 4.395352e+04 4.395352e+04 4.395353e+04 4.395354e+04 4.395393e+04 4.395516e+04 4.395993e+04 4.396324e+04 4.396697e+04 4.397526e+04 4.398403e+04 4.399280e+04 4.400126e+04 4.400922e+04 4.401657e+04 4.402327e+04 4.404745e+04 4.405859e+04 4.405923e+04 4.405083e+04 4.403442e+04 4.401090e+04 4.394538e+04 4.385849e+04 4.375270e+04 4.363024e+04 4.349465e+04 4.335133e+04 4.236491e+04 4.132022e+04 3.985362e+04 3.860278e+04
4.396187e+04 4.396187e+04 4.396187e+04 4.396187e+04 4.396187e+04 4.396189e+04 4.396195e+04 4.396230e+04 4.396274e+04 4.396344e+04 4.396578e+04 4.396952e+04 4.397466e+04 4.398112e+04 4.398870e+04 4.399717e+04 4.400625e+04 4.405220e+04 4.408458e+04 4.409742e+04 4.409334e+04 4.407659e+04 4.405053e+04 4.397852e+04 4.388620e+04 4.377642e+04 4.365077e+04 4.351193e+04 4.336439e+04 4.228828e+04 4.126796e+04 3.980920e+04 3.853478e+04
4.421290e+04 4.421290e+04 4.421290e+04 4.421290e+04 4.421290e+04 4.421292e+04 4.421297e+04 4.421316e+04 4.421331e+04 4.421348e+04 4.421389e+04 4.421435e+04 4.421476e+04 4.421500e+04 4.421496e+04 4.421454e+04 4.421369e+04 4.420249e+04 4.418166e+04 4.415462e+04 4.412352e+04 4.408926e+04 4.405208e+04 4.396864e+04 4.387188e+04 4.376056e+04 4.363449e+04 4.349524e+04 4.334641e+04 4.219958e+04 4.120457e+04 3.976174e+04 3.846898e+04
4.445782e+04 4.445782e+04 4.445782e+04 4.445781e+04 4.445780e+04 4.445744e+04 4.445653e+04 4.445316e+04 4.445071e+04 4.444773e+04 4.444023e+04 4.443069e+04 4.441925e+04 4.440611e+04 4.439157e+04 4.437595e+04 4.435957e+04 4.427529e+04 4.420028e+04 4.413874e+04 4.408736e+04 4.404183e+04 4.399877e+04 4.391161e+04 4.381561e+04 4.370656e+04 4.358313e+04 4.344620e+04 4.329876e+04 4.209967e+04 4.113035e+04 3.971079e+04 3.840503e+04
4.414507e+04 4.414507e+04 4.414507e+04 4.414507e+04 4.414505e+04 4.414454e+04 4.414300e+04 4.413781e+04 4.413463e+04 4.413121e+04 4.412390e+04 4.411614e+04 4.410814e+04 4.410004e+04 4.409197e+04 4.408402e+04 4.407625e+04 4.404070e+04 4.400921e+04 4.397917e+04 4.394881e+04 4.391714e+04 4.388349e+04 4.380830e+04 4.372022e+04 4.361745e+04 4.349947e+04 4.336722e+04 4.322340e+04 4.198941e+04 4.104577e+04 3.965601e+04 3.834215e+04
4.351444e+04 4.351444e+04 4.351444e+04 4.351444e+04 4.351446e+04 4.351488e+04 4.351621e+04 4.352147e+04 4.352532e+04 4.352990e+04 4.354098e+04 4.355414e+04 4.356884e+04 4.358453e+04 4.360072e+04 4.361697e+04 4.363292e+04 4.370046e+04 4.374113e+04 4.375805e+04 4.375797e+04 4.374631e+04 4.372645e+04 4.366893e+04 4.359218e+04 4.349800e+04 4.338723e+04 4.326130e+04 4.312280e+04 4.186965e+04 4.095137e+04 3.959707e+04 3.827983e+04
4.356635e+04 4.356635e+04 4.356635e+04 4.356635e+04 4.356635e+04 4.356636e+04 4.356640e+04 4.356653e+04 4.356662e+04 4.356672e+04 4.356694e+04 4.356717e+04 4.356744e+04 4.356781e+04 4.356831e+04 4.356897e+04 4.356980e+04 4.357560e+04 4.358099e+04 4.358253e+04 4.357864e+04 4.356894e+04 4.355351e+04 4.350646e+04 4.343936e+04 4.335365e+04 4.325058e+04 4.313175e+04 4.299964e+04 4.174122e+04 4.084777e+04 3.953375e+04 3.821769e+04
4.360735e+04 4.360735e+04 4.360735e+04 4.360735e+04 4.360734e+04 4.360708e+04 4.360626e+04 4.360296e+04 4.360051e+04 4.359754e+04 4.359021e+04 4.358132e+04 4.357123e+04 4.356031e+04 4.354890e+04 4.353729e+04 4.352574e+04 4.347462e+04 4.343955e+04 4.341739e+04 4.340172e+04 4.338746e+04 4.337149e+04 4.332863e+04 4.326801e+04 4.318930e+04 4.309342e+04 4.298182e+04 4.285666e+04 4.160497e+04 4.073568e+04 3.946587e+04 3.815537e+04
4.318590e+04 4.318590e+04 4.318590e+04 4.318590e+04 4.318591e+04 4.318612e+04 4.318679e+04 4.318904e+04 4.319040e+04 4.319181e+04 4.319467e+04 4.319747e+04 4.320013e+04 4.320260e+04 4.320485e+04 4.320684e+04 4.320857e+04 4.321338e+04 4.321311e+04 4.320924e+04 4.320228e+04 4.319207e+04 4.317825e+04 4.313860e+04 4.308205e+04 4.300863e+04 4.291906e+04 4.281443e+04 4.269646e+04 4.146171e+04 4.061581e+04 3.939333e+04 3.809259e+04
4.288068e+04 4.288068e+04 4.288068e+04 4.288069e+04 4.288069e+04 4.288091e+04 4.288158e+04 4.288397e+04 4.288558e+04 4.288746e+04 4.289193e+04 4.289730e+04 4.290350e+04 4.291038e+04 4.291777e+04 4.292546e+04 4.293328e+04 4.296863e+04 4.299093e+04 4.299981e+04 4.299874e+04 4.299072e+04 4.297749e+04 4.293831e+04 4.288366e+04 4.281410e+04 4.273002e+04 4.263207e+04 4.252140e+04 4.131226e+04 4.048892e+04 3.931608e+04 3.802909e+04
4.286189e+04 4.286189e+04 4.286189e+04 4.286189e+04 4.286189e+04 4.286190e+04 4.286192e+04 4.286201e+04 4.286206e+04 4.286211e+04 4.286208e+04 4.286181e+04 4.286120e+04 4.286022e+04 4.285890e+04 4.285728e+04 4.285539e+04 4.284371e+04 4.283072e+04 4.281741e+04 4.280338e+04 4.278796e+04 4.277051e+04 4.272791e+04 4.267368e+04 4.260719e+04 4.252823e+04 4.243687e+04 4.233363e+04 4.115739e+04 4.035576e+04 3.923413e+04 3.796463e+04
4.278800e+04 4.278800e+04 4.278800e+04 4.278800e+04 4.278799e+04 4.278779e+04 4.278713e+04 4.278452e+04 4.278256e+04 4.278019e+04 4.277427e+04 4.276699e+04 4.275866e+04 4.274956e+04 4.273997e+04 4.273011e+04 4.272018e+04 4.267392e+04 4.263785e+04 4.261097e+04 4.258939e+04 4.256976e+04 4.254992e+04 4.250546e+04 4.245212e+04 4.238891e+04 4.231526e+04 4.223070e+04 4.213515e+04 4.099787e+04 4.021709e+04 3.914754e+04 3.789900e+04
4.233451e+04 4.233451e+04 4.233451e+04 4.233451e+04 4.233452e+04 4.233469e+04 4.233522e+04 4.233700e+04 4.233806e+04 4.233917e+04 4.234143e+04 4.234364e+04 4.234574e+04 4.234772e+04 4.234955e+04 4.235121e+04 4.235269e+04 4.235732e+04 4.235718e+04 4.235225e+04 4.234276e+04 4.232921e+04 4.231223e+04 4.227010e+04 4.221922e+04 4.216026e+04 4.209265e+04 4.201541e+04 4.192793e+04 4.083442e+04 4.007364e+04 3.905643e+04 3.783202e+04
4.197725e+04 4.197725e+04 4.197725e+04 4.197725e+04 4.197726e+04 4.197743e+04 4.197797e+04 4.198010e+04 4.198164e+04 4.198346e+04 4.198785e+04 4.199312e+04 4.199913e+04 4.200576e+04 4.201285e+04 4.202023e+04 4.202775e+04 4.206244e+04 4.208496e+04 4.209333e+04 4.209035e+04 4.207955e+04 4.206369e+04 4.202331e+04 4.197598e+04 4.192266e+04 4.186218e+04 4.179301e+04 4.171402e+04 4.066772e+04 3.992612e+04 3.896094e+04 3.776354e+04
4.189627e+04 4.189627e+04 4.189627e+04 4.189627e+04 4.189627e+04 4.189628e+04 4.189630e+04 4.189636e+04 4.189641e+04 4.189646e+04 4.189659e+04 4.189673e+04 4.189684e+04 4.189689e+04 4.189682e+04 4.189659e+04 4.189618e+04 4.189070e+04 4.187950e+04 4.186401e+04 4.184592e+04 4.182652e+04 4.180655e+04 4.176594e+04 4.172383e+04 4.167807e+04 4.162610e+04 4.156576e+04 4.149560e+04 4.049843e+04 3.977521e+04 3.886128e+04 3.769342e+04
4.181879e+04 4.181879e+04 4.181879e+04 4.181879e+04 4.181878e+04 4.181855e+04 4.181781e+04 4.181494e+04 4.181288e+04 4.181047e+04 4.180468e+04 4.179773e+04 4.178975e+04 4.178085e+04 4.177119e+04 4.176093e+04 4.175023e+04 4.169543e+04 4.164677e+04 4.160780e+04 4.157723e+04 4.155273e+04 4.153226e+04 4.149760e+04 4.146499e+04 4.142936e+04 4.138724e+04 4.133625e+04 4.127496e+04 4.032712e+04 3.962154e+04 3.875765e+04 3.762156e+04
4.138833e+04 4.138833e+04 4.138833e+04 4.138833e+04 4.138832e+04 4.138808e+04 4.138734e+04 4.138450e+04 4.138255e+04 4.138036e+04 4.137548e+04 4.137013e+04 4.136450e+04 4.135869e+04 4.135280e+04 4.134689e+04 4.134104e+04 4.131374e+04 4.129102e+04 4.127299e+04 4.125886e+04 4.124763e+04 4.123830e+04 4.122191e+04 4.120403e+04 4.118069e+04 4.114909e+04 4.110736e+04 4.105445e+04 4.015433e+04 3.946571e+04 3.865033e+04 3.754786e+04
4.074797e+04 4.074797e+04 4.074797e+04 4.074797e+04 4.074798e+04 4.074818e+04 4.074882e+04 4.075138e+04 4.075330e+04 4.075563e+04 4.076149e+04 4.076876e+04 4.077713e+04 4.078624e+04 4.079580e+04 4.080551e+04 4.081518e+04 4.085847e+04 4.089002e+04 4.091144e+04 4.092595e+04 4.093598e+04 4.094294e+04 4.094999e+04 4.094844e+04 4.093733e+04 4.091546e+04 4.088192e+04 4.083628e+04 3.998053e+04 3.930829e+04 3.853957e+04 3.747226e+04
4.052268e+04 4.052268e+04 4.052268e+04 4.052268e+04 4.052268e+04 4.052263e+04 4.052250e+04 4.052211e+04 4.052195e+04 4.052187e+04 4.052204e+04 4.052275e+04 4.052404e+04 4.052592e+04 4.052840e+04 4.053144e+04 4.053500e+04 4.055854e+04 4.058615e+04 4.061275e+04 4.063627e+04 4.065622e+04 4.067267e+04 4.069579e+04 4.070639e+04 4.070447e+04 4.068983e+04 4.066237e+04 4.062222e+04 3.980613e+04 3.914979e+04 3.842568e+04 3.739471e+04
4.037530e+04 4.037530e+04 4.037530e+04 4.037530e+04 4.037530e+04 4.037526e+04 4.037512e+04 4.037459e+04 4.037419e+04 4.037372e+04 4.037259e+04 4.037126e+04 4.036982e+04 4.036835e+04 4.036693e+04 4.036564e+04 4.036456e+04 4.036398e+04 4.037233e+04 4.038717e+04 4.040509e+04 4.042350e+04 4.044074e+04 4.046814e+04 4.048348e+04 4.048564e+04 4.047448e+04 4.045024e+04 4.041336e+04 3.963150e+04 3.899068e+04 3.830895e+04 3.731518e+04
4.016683e+04 4.016683e+04 4.016683e+04 4.016683e+04 4.016683e+04 4.016686e+04 4.016696e+04 4.016737e+04 4.016767e+04 4.016804e+04 4.016894e+04 4.017004e+04 4.017127e+04 4.017259e+04 4.017395e+04 4.017534e+04 4.017673e+04 4.018384e+04 4.019242e+04 4.020352e+04 4.021677e+04 4.023100e+04 4.024493e+04 4.026804e+04 4.028098e+04 4.028177e+04 4.026999e+04 4.024589e+04 4.020996e+04 3.945693e+04 3.883139e+04 3.818969e+04 3.723368e+04
4.001661e+04 4.001661e+04 4.001661e+04 4.001661e+04 4.001661e+04 4.001665e+04 4.001674e+04 4.001707e+04 4.001729e+04 4.001755e+04 4.001817e+04 4.001894e+04 4.001984e+04 4.002088e+04 4.002203e+04 4.002329e+04 4.002464e+04 4.003226e+04 4.004062e+04 4.004954e+04 4.005897e+04 4.006847e+04 4.007741e+04 4.009110e+04 4.009624e+04 4.009106e+04 4.007507e+04 4.004839e+04 4.001138e+04 3.928269e+04 3.867232e+04 3.806821e+04 3.715021e+04
3.990798e+04 3.990798e+04 3.990798e+04 3.990798e+04 3.990798e+04 3.990798e+04 3.990799e+04 3.990803e+04 3.990805e+04 3.990808e+04 3.990816e+04 3.990826e+04 3.990839e+04 3.990854e+04 3.990874e+04 3.990898e+04 3.990928e+04 3.991160e+04 3.991507e+04 3.991912e+04 3.992314e+04 3.992665e+04 3.992922e+04 3.993015e+04 3.992396e+04 3.990968e+04 3.988696e+04 3.985578e+04 3.981625e+04 3.910901e+04 3.851381e+04 3.794483e+04 3.706481e+04
3.980342e+04 3.980342e+04 3.980342e+04 3.980342e+04 3.980342e+04 3.980342e+04 3.980341e+04 3.980338e+04 3.980335e+04 3.980332e+04 3.980325e+04 3.980318e+04 3.980308e+04 3.980298e+04 3.980287e+04 3.980276e+04 3.980264e+04 3.980207e+04 3.980151e+04 3.980048e+04 3.979843e+04 3.979507e+04 3.979031e+04 3.977657e+04 3.975732e+04 3.973250e+04 3.970194e+04 3.966541e+04 3.962273e+04 3.893609e+04 3.835620e+04 3.781984e+04 3.697751e+04
3.969420e+04 3.969420e+04 3.969420e+04 3.969420e+04 3.969420e+04 3.969420e+04 3.969419e+04 3.969415e+04 3.969412e+04 3.969409e+04 3.969399e+04 3.969387e+04 3.969372e+04 3.969356e+04 3.969337e+04 3.969317e+04 3.969294e+04 3.969125e+04 3.968779e+04 3.968180e+04 3.967320e+04 3.966236e+04 3.964980e+04 3.962108e+04 3.958899e+04 3.955402e+04 3.951598e+04 3.947443e+04 3.942885e+04 3.876413e+04 3.819976e+04 3.769355e+04 3.688837e+04
3.957808e+04 3.957808e+04 3.957808e+04 3.957808e+04 3.957808e+04 3.957808e+04 3.957809e+04 3.957810e+04 3.957812e+04 3.957813e+04 3.957817e+04 3.957820e+04 3.957821e+04 3.957820e+04 3.957814e+04 3.957800e+04 3.957775e+04 3.957413e+04 3.956547e+04 3.955212e+04 3.953538e+04 3.951650e+04 3.949638e+04 3.945456e+04 3.941205e+04 3.936917e+04 3.932546e+04 3.928027e+04 3.923283e+04 3.859335e+04 3.804476e+04 3.756625e+04 3.679747e+04
3.946280e+04 3.946280e+04 3.946280e+04 3.946280e+04 3.946280e+04 3.946280e+04 3.946280e+04 3.946282e+04 3.946281e+04 3.946278e+04 3.946260e+04 3.946219e+04 3.946149e+04 3.946046e+04 3.945909e+04 3.945736e+04 3.945528e+04 3.944004e+04 3.941895e+04 3.939490e+04 3.936969e+04 3.934425e+04 3.931896e+04 3.926938e+04 3.922122e+04 3.917419e+04 3.912772e+04 3.908107e+04 3.903342e+04 3.842396e+04 3.789143e+04 3.743820e+04 3.670488e+04
3.930835e+04 3.930835e+04 3.930835e+04 3.930835e+04 3.930835e+04 3.930825e+04 3.930796e+04 3.930679e+04 3.930590e+04 3.930483e+04 3.930211e+04 3.929869e+04 3.929463e+04 3.929004e+04 3.928500e+04 3.927960e+04 3.927393e+04 3.924386e+04 3.921424e+04 3.918647e+04 3.916023e+04 3.913494e+04 3.911020e+04 3.906161e+04 3.901399e+04 3.896735e+04 3.892151e+04 3.887599e+04 3.883008e+04 3.825621e+04 3.773996e+04 3.730967e+04 3.661069e+04
3.897139e+04 3.897139e+04 3.897139e+04 3.897139e+04 3.897138e+04 3.897129e+04 3.897099e+04 3.896991e+04 3.896919e+04 3.896841e+04 3.896670e+04 3.896488e+04 3.896299e+04 3.896104e+04 3.895906e+04 3.895707e+04 3.895506e+04 3.894492e+04 3.893404e+04 3.892152e+04 3.890696e+04 3.889047e+04 3.887238e+04 3.883296e+04 3.879135e+04 3.874920e+04 3.870719e+04 3.866529e+04 3.862306e+04 3.809036e+04 3.759053e+04 3.718090e+04 3.651501e+04
3.856953e+04 3.856953e+04 3.856953e+04 3.856954e+04 3.856954e+04 3.856963e+04 3.856990e+04 3.857100e+04 3.857182e+04 3.857283e+04 3.857537e+04 3.857855e+04 3.858228e+04 3.858643e+04 3.859086e+04 3.859543e+04 3.860003e+04 3.862051e+04 3.863325e+04 3.863775e+04 3.863560e+04 3.862853e+04 3.861793e+04 3.859001e+04 3.855717e+04 3.852221e+04 3.848643e+04 3.845021e+04 3.841333e+04 3.792671e+04 3.744330e+04 3.705211e+04 3.641793e+04
3.835635e+04 3.835635e+04 3.835635e+04 3.835635e+04 3.835635e+04 3.835644e+04 3.835670e+04 3.835753e+04 3.835802e+04 3.835854e+04 3.835962e+04 3.836075e+04 3.836190e+04 3.836308e+04 3.836425e+04 3.836542e+04 3.836657e+04 3.837143e+04 3.837405e+04 3.837407e+04 3.837152e+04 3.836659e+04 3.835953e+04 3.834033e+04 3.831645e+04 3.828990e+04 3.826185e+04 3.823275e+04 3.820247e+04 3.776556e+04 3.729840e+04 3.692353e+04 3.631956e+04
3.819437e+04 3.819437e+04 3.819437e+04 3.819437e+04 3.819436e+04 3.819428e+04 3.819403e+04 3.819303e+04 3.819228e+04 3.819135e+04 3.818902e+04 3.818606e+04 3.818256e+04 3.817864e+04 3.817440e+04 3.816997e+04 3.816547e+04 3.814453e+04 3.812924e+04 3.811931e+04 3.811258e+04 3.810714e+04 3.810178e+04 3.808931e+04 3.807389e+04 3.805609e+04 3.803650e+04 3.801533e+04 3.799243e+04 3.760721e+04 3.715593e+04 3.679534e+04 3.622001e+04
3.786899e+04 3.786899e+04 3.786899e+04 3.786899e+04 3.786899e+04 3.786891e+04 3.786867e+04 3.786791e+04 3.786747e+04 3.786701e+04 3.786605e+04 3.786506e+04 3.786405e+04 3.786303e+04 3.786201e+04 3.786099e+04 3.785999e+04 3.785561e+04 3.785257e+04 3.785063e+04 3.784917e+04 3.784768e+04 3.784584e+04 3.784070e+04 3.783351e+04 3.782443e+04 3.781349e+04 3.780056e+04 3.778534e+04 3.745199e+04 3.701599e+04 3.666771e+04 3.611939e+04
3.751316e+04 3.751316e+04 3.751316e+04 3.751316e+04 3.751316e+04 3.751324e+04 3.751348e+04 3.751446e+04 3.751518e+04 3.751608e+04 3.751833e+04 3.752118e+04 3.752456e+04 3.752836e+04 3.753246e+04 3.753677e+04 3.754116e+04 3.756179e+04 3.757695e+04 3.758638e+04 3.759177e+04 3.759477e+04 3.759650e+04 3.759828e+04 3.759891e+04 3.759828e+04 3.759582e+04 3.759102e+04 3.758337e+04 3.730019e+04 3.687864e+04 3.654081e+04 3.601783e+04
3.732806e+04 3.732806e+04 3.732806e+04 3.732806e+04 3.732806e+04 3.732814e+04 3.732838e+04 3.732922e+04 3.732974e+04 3.733030e+04 3.733149e+04 3.733274e+04 3.733403e+04 3.733534e+04 3.733665e+04 3.733796e+04 3.733926e+04 3.734502e+04 3.734907e+04 3.735172e+04 3.735377e+04 3.735593e+04 3.735855e+04 3.736539e+04 3.737331e+04 3.738074e+04 3.738632e+04 3.738914e+04 3.738855e+04 3.715206e+04 3.674393e+04 3.641476e+04 3.591542e+04
3.719786e+04 3.719786e+04 3.719786e+04 3.719786e+04 3.719786e+04 3.719779e+04 3.719756e+04 3.719666e+04 3.719598e+04 3.719516e+04 3.719306e+04 3.719042e+04 3.718728e+04 3.718376e+04 3.717994e+04 3.717593e+04 3.717183e+04 3.715237e+04 3.713805e+04 3.712985e+04 3.712685e+04 3.712780e+04 3.713157e+04 3.714418e+04 3.715959e+04 3.717466e+04 3.718754e+04 3.719711e+04 3.720272e+04 3.700782e+04 3.661188e+04 3.628969e+04 3.581228e+04
3.692165e+04 3.692165e+04 3.692165e+04 3.692164e+04 3.692164e+04 3.692157e+04 3.692134e+04 3.692048e+04 3.691989e+04 3.691923e+04 3.691776e+04 3.691616e+04 3.691448e+04 3.691276e+04 3.691100e+04 3.690924e+04 3.690749e+04 3.689980e+04 3.689548e+04 3.689542e+04 3.689928e+04 3.690623e+04 3.691538e+04 3.693739e+04 3.696077e+04 3.698276e+04 3.700174e+04 3.701678e+04 3.702736e+04 3.686765e+04 3.648249e+04 3.616569e+04 3.570852e+04
3.658597e+04 3.658597e+04 3.658597e+04 3.658597e+04 3.658597e+04 3.658604e+04 3.658625e+04 3.658709e+04 3.658773e+04 3.658850e+04 3.659045e+04 3.659289e+04 3.659576e+04 3.659898e+04 3.660248e+04 3.660619e+04 3.661004e+04 3.662997e+04 3.664916e+04 3.666716e+04 3.668438e+04 3.670119e+04 3.671775e+04 3.675002e+04 3.678030e+04 3.680748e+04 3.683073e+04 3.684952e+04 3.686353e+04 3.673164e+04 3.635576e+04 3.604286e+04 3.560424e+04
3.639271e+04 3.639271e+04 3.639271e+04 3.639271e+04 3.639271e+04 3.639278e+04 3.639299e+04 3.639384e+04 3.639447e+04 3.639524e+04 3.639713e+04 3.639945e+04 3.640216e+04 3.640522e+04 3.640860e+04 3.641226e+04 3.641618e+04 3.643838e+04 3.646240e+04 3.648610e+04 3.650869e+04 3.653005e+04 3.655027e+04 3.658764e+04 3.662109e+04 3.665049e+04 3.667554e+04 3.669601e+04 3.671173e+04 3.659982e+04 3.623165e+04 3.592127e+04 3.549954e+04
3.632286e+04 3.632286e+04 3.632286e+04 3.632286e+04 3.632286e+04 3.632286e+04 3.632287e+04 3.632288e+04 3.632289e+04 3.632290e+04 3.632296e+04 3.632310e+04 3.632336e+04 3.632378e+04 3.632439e+04 3.632520e+04 3.632623e+04 3.633465e+04 3.634778e+04 3.636394e+04 3.638161e+04 3.639978e+04 3.641785e+04 3.645244e+04 3.648402e+04 3.651203e+04 3.653616e+04 3.655616e+04 3.657183e+04 3.647218e+04 3.611011e+04 3.580096e+04 3.539452e+04
3.626689e+04 3.626689e+04 3.626689e+04 3.626689e+04 3.626689e+04 3.626689e+04 3.626689e+04 3.626690e+04 3.626691e+04 3.626692e+04 3.626694e+04 3.626696e+04 3.626699e+04 3.626703e+04 3.626708e+04 3.626717e+04 3.626729e+04 3.626903e+04 3.627354e+04 3.628106e+04 3.629106e+04 3.630274e+04 3.631540e+04 3.634164e+04 3.636714e+04 3.639063e+04 3.641142e+04 3.642904e+04 3.644312e+04 3.634861e+04 3.599108e+04 3.568198e+04 3.528927e+04
3.621078e+04 3.621078e+04 3.621078e+04 3.621078e+04 3.621078e+04 3.621078e+04 3.621078e+04 3.621080e+04 3.621081e+04 3.621082e+04 3.621085e+04 3.621088e+04 3.621092e+04 3.621096e+04 3.621101e+04 3.621106e+04 3.621111e+04 3.621159e+04 3.621292e+04 3.621568e+04 3.622007e+04 3.622592e+04 3.623292e+04 3.624905e+04 3.626633e+04 3.628335e+04 3.629915e+04 3.631302e+04 3.632434e+04 3.622896e+04 3.587447e+04 3.556436e+04 3.518388e+04
3.615511e+04 3.615511e+04 3.615511e+04 3.615511e+04 3.615511e+04 3.615511e+04 3.615512e+04 3.615513e+04 3.615514e+04 3.615515e+04 3.615518e+04 3.615521e+04 3.615525e+04 3.615529e+04 3.615533e+04 3.615537e+04 3.615541e+04 3.615558e+04 3.615576e+04 3.615617e+04 3.615709e+04 3.615867e+04 3.616100e+04 3.616770e+04 3.617650e+04 3.618646e+04 3.619659e+04 3.620601e+04 3.621392e+04 3.611303e+04 3.576018e+04 3.544810e+04 3.507842e+04
3.609996e+04 3.609996e+04 3.609996e+04 3.609996e+04 3.609996e+04 3.609995e+04 3.609995e+04 3.609995e+04 3.609995e+04 3.609994e+04 3.609994e+04 3.609992e+04 3.609991e+04 3.609989e+04 3.609987e+04 3.609984e+04 3.609980e+04 3.609944e+04 3.609862e+04 3.609729e+04 3.609563e+04 3.609395e+04 3.609257e+04 3.609140e+04 3.609273e+04 3.609615e+04 3.610082e+04 3.610579e+04 3.611012e+04 3.600056e+04 3.564812e+04 3.533323e+04 3.497297e+04
3.604295e+04 3.604295e+04 3.604295e+04 3.604295e+04 3.604295e+04 3.604295e+04 3.604295e+04 3.604293e+04 3.604292e+04 3.604291e+04 3.604288e+04 3.604283e+04 3.604277e+04 3.604269e+04 3.604260e+04 3.604248e+04 3.604234e+04 3.604108e+04 3.603872e+04 3.603529e+04 3.603113e+04 3.602669e+04 3.602238e+04 3.601525e+04 3.601087e+04 3.600911e+04 3.600923e+04 3.601028e+04 3.601131e+04 3.589128e+04 3.553816e+04 3.521972e+04 3.486759e+04
3.598217e+04 3.598217e+04 3.598217e+04 3.598217e+04 3.598217e+04 3.598217e+04 3.598216e+04 3.598215e+04 3.598213e+04 3.598211e+04 3.598203e+04 3.598189e+04 3.598169e+04 3.598142e+04 3.598108e+04 3.598067e+04 3.598018e+04 3.597667e+04 3.597162e+04 3.596557e+04 3.595905e+04 3.595252e+04 3.594632e+04 3.593569e+04 3.592792e+04 3.592282e+04 3.591973e+04 3.591777e+04 3.591606e+04 3.578488e+04 3.543018e+04 3.510756e+04 3.476235e+04
