6.708103e+05 3.627959e+05 3.067627e+05 2.351157e+05 2.073504e+05 1.445587e+05 1.221292e+05 1.031398e+05 9.832193e+04 9.500853e+04 9.105542e+04 8.915967e+04 8.844106e+04 8.847869e+04 8.904872e+04 9.001735e+04 9.128869e+04 9.854232e+04 9.470493e+04 7.759948e+04 6.218442e+04 5.289622e+04 4.785301e+04 4.386074e+04 4.311594e+04 4.352188e+04 4.447316e+04 4.585992e+04 4.776093e+04 1.211608e+05 2.817714e+05 4.476396e+05 5.766625e+05
1.147163e+05 1.147163e+05 1.147163e+05 1.147074e+05 1.146540e+05 1.118479e+05 1.066425e+05 9.691243e+04 9.406854e+04 9.197529e+04 8.938946e+04 8.820441e+04 8.790481e+04 8.821346e+04 8.897199e+04 9.007919e+04 9.145615e+04 9.893898e+04 9.497618e+04 7.767317e+04 6.217080e+04 5.286714e+04 4.783212e+04 4.386372e+04 4.313401e+04 4.354771e+04 4.450340e+04 4.589404e+04 4.780016e+04 1.213765e+05 2.821739e+05 4.480850e+05 5.770581e+05
9.550313e+04 9.550317e+04 9.550329e+04 9.550548e+04 9.550775e+04 9.503799e+04 9.394160e+04 9.142015e+04 8.968078e+04 8.858961e+04 8.750871e+04 8.715793e+04 8.734524e+04 8.796222e+04 8.893061e+04 9.018902e+04 9.167903e+04 9.939016e+04 9.527396e+04 7.775300e+04 6.215705e+04 5.283722e+04 4.781084e+04 4.386711e+04 4.315274e+04 4.357421e+04 4.453427e+04 4.592878e+04 4.784005e+04 1.215945e+05 2.825791e+05 4.485326e+05 5.774550e+05
8.789748e+04 8.789751e+04 8.789759e+04 8.789964e+04 8.790466e+04 8.790269e+04 8.743179e+04 8.766379e+04 8.742693e+04 8.683874e+04 8.603991e+04 8.620942e+04 8.683630e+04 8.775998e+04 8.894419e+04 9.035948e+04 9.196644e+04 9.989916e+04 9.559918e+04 7.783904e+04 6.214315e+04 5.280645e+04 4.778920e+04 4.387095e+04 4.317214e+04 4.360139e+04 4.456577e+04 4.596414e+04 4.788060e+04 1.218150e+05 2.829872e+05 4.489822e+05 5.778532e+05
8.487222e+04 8.487224e+04 8.487229e+04 8.487387e+04 8.487811e+04 8.494019e+04 8.485164e+04 8.494874e+04 8.549214e+04 8.581713e+04 8.577524e+04 8.585506e+04 8.655133e+04 8.767852e+04 8.904666e+04 9.060875e+04 9.232936e+04 1.004685e+05 9.595232e+04 7.793121e+04 6.212900e+04 5.277482e+04 4.776721e+04 4.387525e+04 4.319224e+04 4.362924e+04 4.459791e+04 4.600012e+04 4.792182e+04 1.220378e+05 2.833980e+05 4.494340e+05 5.782527e+05
8.384020e+04 8.384021e+04 8.384025e+04 8.384144e+04 8.384477e+04 8.390910e+04 8.395413e+04 8.389784e+04 8.432187e+04 8.494352e+04 8.584920e+04 8.627806e+04 8.686170e+04 8.788117e+04 8.931198e+04 9.097415e+04 9.278821e+04 1.011008e+05 9.633356e+04 7.802928e+04 6.211449e+04 5.274229e+04 4.774487e+04 4.388004e+04 4.321303e+04 4.365777e+04 4.463067e+04 4.603672e+04 4.796370e+04 1.222631e+05 2.838117e+05 4.498878e+05 5.786536e+05
8.375253e+04 8.375254e+04 8.375258e+04 8.375351e+04 8.375619e+04 8.381602e+04 8.390922e+04 8.391282e+04 8.411800e+04 8.461532e+04 8.592009e+04 8.690403e+04 8.767745e+04 8.861882e+04 8.989738e+04 9.153038e+04 9.338326e+04 1.017994e+05 9.674282e+04 7.813288e+04 6.209945e+04 5.270882e+04 4.772220e+04 4.388532e+04 4.323452e+04 4.368699e+04 4.466407e+04 4.607395e+04 4.800626e+04 1.224908e+05 2.842283e+05 4.503438e+05 5.790557e+05
8.421437e+04 8.421438e+04 8.421441e+04 8.421518e+04 8.421743e+04 8.427217e+04 8.438140e+04 8.449372e+04 8.459803e+04 8.491698e+04 8.615192e+04 8.751855e+04 8.864314e+04 8.970253e+04 9.092913e+04 9.242340e+04 9.418859e+04 1.025700e+05 9.718000e+04 7.824154e+04 6.208364e+04 5.267433e+04 4.769917e+04 4.389110e+04 4.325672e+04 4.371689e+04 4.469811e+04 4.611180e+04 4.804949e+04 1.227209e+05 2.846477e+05 4.508019e+05 5.794591e+05
8.503949e+04 8.503949e+04 8.503952e+04 8.504018e+04 8.504214e+04 8.509201e+04 8.520451e+04 8.540352e+04 8.549444e+04 8.570441e+04 8.670591e+04 8.817853e+04 8.961666e+04 9.091455e+04 9.222124e+04 9.367661e+04 9.532823e+04 1.034225e+05 9.764526e+04 7.835472e+04 6.206683e+04 5.263877e+04 4.767578e+04 4.389741e+04 4.327963e+04 4.374748e+04 4.473277e+04 4.615027e+04 4.809339e+04 1.229536e+05 2.850700e+05 4.512621e+05 5.798639e+05
8.612547e+04 8.612548e+04 8.612550e+04 8.612608e+04 8.612781e+04 8.617336e+04 8.628367e+04 8.653911e+04 8.665386e+04 8.682424e+04 8.761200e+04 8.900351e+04 9.061047e+04 9.215592e+04 9.363250e+04 9.514247e+04 9.675796e+04 1.043725e+05 9.813929e+04 7.847190e+04 6.204875e+04 5.260203e+04 4.765203e+04 4.390424e+04 4.330326e+04 4.377874e+04 4.476806e+04 4.618937e+04 4.813798e+04 1.231887e+05 2.854952e+05 4.517244e+05 5.802699e+05
8.740766e+04 8.740766e+04 8.740768e+04 8.740819e+04 8.740973e+04 8.745162e+04 8.755878e+04 8.785437e+04 8.800401e+04 8.817763e+04 8.882880e+04 9.006699e+04 9.169945e+04 9.342082e+04 9.509070e+04 9.672258e+04 9.836974e+04 1.054439e+05 9.866370e+04 7.859263e+04 6.202915e+04 5.256405e+04 4.762788e+04 4.391160e+04 4.332760e+04 4.381068e+04 4.480398e+04 4.622908e+04 4.818324e+04 1.234264e+05 2.859233e+05 4.521889e+05 5.806773e+05
1.092081e+05 1.092081e+05 1.092081e+05 1.092085e+05 1.092096e+05 1.092439e+05 1.093456e+05 1.097257e+05 1.099952e+05 1.103114e+05 1.110649e+05 1.119568e+05 1.129921e+05 1.142018e+05 1.155996e+05 1.171481e+05 1.187538e+05 1.221701e+05 1.063554e+05 8.014665e+04 6.175176e+04 5.211871e+04 4.737034e+04 4.401660e+04 4.360976e+04 4.416588e+04 4.519612e+04 4.665962e+04 4.867328e+04 1.259473e+05 2.903665e+05 4.569521e+05 5.848226e+05
1.464195e+05 1.464195e+05 1.464195e+05 1.464199e+05 1.464209e+05 1.464535e+05 1.465516e+05 1.468465e+05 1.469716e+05 1.470500e+05 1.470383e+05 1.468033e+05 1.463674e+05 1.457583e+05 1.450074e+05 1.441432e+05 1.431785e+05 1.347309e+05 1.111968e+05 8.119817e+04 6.165444e+04 5.187368e+04 4.724820e+04 4.421448e+04 4.396570e+04 4.458117e+04 4.564280e+04 4.714762e+04 4.923116e+04 1.287453e+05 2.951142e+05 4.619332e+05 5.890986e+05
1.459588e+05 1.459588e+05 1.459588e+05 1.459587e+05 1.459585e+05 1.459504e+05 1.459249e+05 1.458123e+05 1.457186e+05 1.455948e+05 1.452418e+05 1.447325e+05 1.440632e+05 1.432420e+05 1.422795e+05 1.411797e+05 1.399321e+05 1.294849e+05 1.057286e+05 7.799122e+04 6.046492e+04 5.175965e+04 4.759339e+04 4.470506e+04 4.444150e+04 4.506220e+04 4.614040e+04 4.769010e+04 4.985764e+04 1.318433e+05 3.001791e+05 4.671359e+05 5.935048e+05
1.201254e+05 1.201254e+05 1.201254e+05 1.201254e+05 1.201254e+05 1.201247e+05 1.201216e+05 1.201045e+05 1.200893e+05 1.200692e+05 1.200126e+05 1.199309e+05 1.198192e+05 1.196699e+05 1.194710e+05 1.192025e+05 1.188319e+05 1.130877e+05 9.489513e+04 7.248118e+04 5.827520e+04 5.128557e+04 4.795570e+04 4.555216e+04 4.518926e+04 4.566119e+04 4.670567e+04 4.829471e+04 5.056005e+04 1.352651e+05 3.055736e+05 4.725631e+05 5.980404e+05
1.019792e+05 1.019792e+05 1.019792e+05 1.019792e+05 1.019792e+05 1.019802e+05 1.019827e+05 1.019900e+05 1.019941e+05 1.019982e+05 1.020058e+05 1.020115e+05 1.020134e+05 1.020082e+05 1.019892e+05 1.019422e+05 1.018419e+05 9.852744e+04 8.509454e+04 6.759069e+04 5.631581e+04 5.079392e+04 4.822478e+04 4.642875e+04 4.613003e+04 4.648162e+04 4.740300e+04 4.899275e+04 5.136030e+04 1.390362e+05 3.113095e+05 4.782172e+05 6.027043e+05
9.081970e+04 9.081970e+04 9.081970e+04 9.081972e+04 9.081976e+04 9.082103e+04 9.082481e+04 9.083909e+04 9.084916e+04 9.086084e+04 9.088810e+04 9.091927e+04 9.095289e+04 9.098674e+04 9.101591e+04 9.102976e+04 9.100821e+04 8.874241e+04 7.830757e+04 6.429743e+04 5.513160e+04 5.060870e+04 4.852920e+04 4.718534e+04 4.704450e+04 4.740380e+04 4.828852e+04 4.986081e+04 5.230531e+04 1.431835e+05 3.173981e+05 4.840999e+05 6.074948e+05
8.452318e+04 8.452318e+04 8.452318e+04 8.452319e+04 8.452323e+04 8.452427e+04 8.452739e+04 8.453919e+04 8.454753e+04 8.455725e+04 8.458005e+04 8.460627e+04 8.463474e+04 8.466369e+04 8.468921e+04 8.470258e+04 8.468715e+04 8.282043e+04 7.412817e+04 6.238593e+04 5.462858e+04 5.074078e+04 4.892952e+04 4.781331e+04 4.782778e+04 4.829751e+04 4.926133e+04 5.091928e+04 5.347894e+04 1.477365e+05 3.238501e+05 4.902120e+05 6.124097e+05
8.100975e+04 8.100975e+04 8.100975e+04 8.100975e+04 8.100975e+04 8.100981e+04 8.101010e+04 8.101125e+04 8.101210e+04 8.101317e+04 8.101604e+04 8.101993e+04 8.102460e+04 8.102893e+04 8.102965e+04 8.101921e+04 8.098309e+04 7.923862e+04 7.158013e+04 6.131382e+04 5.450593e+04 5.103954e+04 4.938043e+04 4.834618e+04 4.846965e+04 4.910585e+04 5.025320e+04 5.210541e+04 5.488187e+04 1.527273e+05 3.306756e+05 4.965538e+05 6.174464e+05
7.852303e+04 7.852303e+04 7.852303e+04 7.852303e+04 7.852304e+04 7.852311e+04 7.852325e+04 7.852320e+04 7.852270e+04 7.852179e+04 7.851862e+04 7.851366e+04 7.850676e+04 7.849710e+04 7.848200e+04 7.845492e+04 7.840312e+04 7.673012e+04 6.979592e+04 6.059361e+04 5.448966e+04 5.134673e+04 4.980446e+04 4.881067e+04 4.901210e+04 4.983724e+04 5.124530e+04 5.339318e+04 5.648803e+04 1.581919e+05 3.378839e+05 5.031246e+05 6.226020e+05
7.623319e+04 7.623319e+04 7.623319e+04 7.623319e+04 7.623319e+04 7.623310e+04 7.623280e+04 7.623139e+04 7.623022e+04 7.622866e+04 7.622417e+04 7.621751e+04 7.620825e+04 7.619544e+04 7.617657e+04 7.614571e+04 7.609137e+04 7.453027e+04 6.822923e+04 5.991830e+04 5.441248e+04 5.156455e+04 5.014868e+04 4.922722e+04 4.951467e+04 5.054452e+04 5.226533e+04 5.479216e+04 5.830087e+04 1.641708e+05 3.454841e+05 5.099230e+05 6.278727e+05
7.393080e+04 7.393080e+04 7.393080e+04 7.393080e+04 7.393079e+04 7.393046e+04 7.392940e+04 7.392519e+04 7.392218e+04 7.391861e+04 7.390994e+04 7.389927e+04 7.388648e+04 7.387085e+04 7.385010e+04 7.381882e+04 7.376652e+04 7.234194e+04 6.664794e+04 5.916119e+04 5.421598e+04 5.166647e+04 5.040459e+04 4.962394e+04 5.004127e+04 5.130337e+04 5.337653e+04 5.634623e+04 6.035042e+04 1.707103e+05 3.534845e+05 5.169468e+05 6.332547e+05
7.150217e+04 7.150217e+04 7.150217e+04 7.150216e+04 7.150216e+04 7.150199e+04 7.150144e+04 7.149925e+04 7.149762e+04 7.149566e+04 7.149076e+04 7.148445e+04 7.147645e+04 7.146597e+04 7.145086e+04 7.142616e+04 7.138238e+04 7.011456e+04 6.501193e+04 5.831606e+04 5.391937e+04 5.168202e+04 5.060526e+04 5.004576e+04 5.066026e+04 5.219973e+04 5.466461e+04 5.812752e+04 6.269261e+04 1.778642e+05 3.618931e+05 5.241931e+05 6.387434e+05
6.913441e+04 6.913441e+04 6.913441e+04 6.913441e+04 6.913440e+04 6.913436e+04 6.913420e+04 6.913318e+04 6.913222e+04 6.913091e+04 6.912725e+04 6.912210e+04 6.911531e+04 6.910628e+04 6.909317e+04 6.907164e+04 6.903321e+04 6.790635e+04 6.336720e+04 5.743687e+04 5.358537e+04 5.167638e+04 5.081466e+04 5.055725e+04 5.144857e+04 5.332605e+04 5.622838e+04 6.022841e+04 6.540573e+04 1.856976e+05 3.707176e+05 5.316581e+05 6.443339e+05
6.682721e+04 6.682721e+04 6.682721e+04 6.682721e+04 6.682720e+04 6.682712e+04 6.682689e+04 6.682599e+04 6.682529e+04 6.682440e+04 6.682198e+04 6.681861e+04 6.681416e+04 6.680809e+04 6.679878e+04 6.678231e+04 6.675111e+04 6.576826e+04 6.177779e+04 5.659914e+04 5.329688e+04 5.173524e+04 5.111817e+04 5.124227e+04 5.249552e+04 5.478230e+04 5.817528e+04 6.275472e+04 6.858522e+04 1.942978e+05 3.799657e+05 5.393375e+05 6.500208e+05
6.464783e+04 6.464783e+04 6.464783e+04 6.464783e+04 6.464783e+04 6.464792e+04 6.464816e+04 6.464899e+04 6.464953e+04 6.465012e+04 6.465131e+04 6.465232e+04 6.465285e+04 6.465230e+04 6.464909e+04 6.463965e+04 6.461720e+04 6.377717e+04 6.032062e+04 5.588765e+04 5.314747e+04 5.195795e+04 5.161786e+04 5.220358e+04 5.390563e+04 5.667831e+04 6.062025e+04 6.582132e+04 7.233856e+04 2.037171e+05 3.896451e+05 5.472260e+05 6.557984e+05
6.277012e+04 6.277012e+04 6.277012e+04 6.277012e+04 6.277012e+04 6.277013e+04 6.277011e+04 6.276973e+04 6.276933e+04 6.276879e+04 6.276739e+04 6.276570e+04 6.276379e+04 6.276139e+04 6.275723e+04 6.274825e+04 6.272851e+04 6.200661e+04 5.906917e+04 5.539058e+04 5.323993e+04 5.245736e+04 5.243244e+04 5.356327e+04 5.580027e+04 5.913572e+04 6.368595e+04 6.954964e+04 7.678105e+04 2.139583e+05 3.997640e+05 5.553182e+05 6.616605e+05
6.105668e+04 6.105668e+04 6.105668e+04 6.105668e+04 6.105668e+04 6.105683e+04 6.105728e+04 6.105899e+04 6.106023e+04 6.106169e+04 6.106519e+04 6.106923e+04 6.107352e+04 6.107756e+04 6.108013e+04 6.107846e+04 6.106742e+04 6.048300e+04 5.808468e+04 5.520107e+04 5.369012e+04 5.336344e+04 5.369991e+04 5.546365e+04 5.831827e+04 6.228864e+04 6.750272e+04 7.406602e+04 8.203259e+04 2.250304e+05 4.103316e+05 5.636077e+05 6.676008e+05
5.970726e+04 5.970726e+04 5.970726e+04 5.970726e+04 5.970726e+04 5.970722e+04 5.970718e+04 5.970762e+04 5.970819e+04 5.970901e+04 5.971143e+04 5.971492e+04 5.971938e+04 5.972444e+04 5.972904e+04 5.973077e+04 5.972525e+04 5.927395e+04 5.744593e+04 5.542909e+04 5.463450e+04 5.482871e+04 5.558097e+04 5.806734e+04 6.161474e+04 6.628255e+04 7.220755e+04 7.950009e+04 8.821500e+04 2.369410e+05 4.213582e+05 5.720881e+05 6.736123e+05
5.870422e+04 5.870422e+04 5.870422e+04 5.870422e+04 5.870422e+04 5.870433e+04 5.870465e+04 5.870593e+04 5.870694e+04 5.870824e+04 5.871184e+04 5.871689e+04 5.872339e+04 5.873102e+04 5.873890e+04 5.874504e+04 5.874589e+04 5.843846e+04 5.724210e+04 5.620678e+04 5.623598e+04 5.703168e+04 5.825993e+04 6.155500e+04 6.585767e+04 7.127119e+04 7.794160e+04 8.598258e+04 9.544956e+04 2.496943e+05 4.328568e+05 5.807525e+05 6.796883e+05
5.809623e+04 5.809623e+04 5.809623e+04 5.809624e+04 5.809624e+04 5.809649e+04 5.809726e+04 5.810022e+04 5.810239e+04 5.810501e+04 5.811166e+04 5.812024e+04 5.813078e+04 5.814306e+04 5.815640e+04 5.816928e+04 5.817910e+04 5.804339e+04 5.758192e+04 5.769351e+04 5.868481e+04 6.017470e+04 6.194062e+04 6.611915e+04 7.122182e+04 7.741149e+04 8.484641e+04 9.364241e+04 1.038544e+05 2.632910e+05 4.448451e+05 5.895939e+05 6.858213e+05
5.798803e+04 5.798803e+04 5.798803e+04 5.798804e+04 5.798805e+04 5.798849e+04 5.798986e+04 5.799517e+04 5.799905e+04 5.800371e+04 5.801526e+04 5.802964e+04 5.804670e+04 5.806620e+04 5.808756e+04 5.810978e+04 5.813134e+04 5.820125e+04 5.861038e+04 6.007738e+04 6.219278e+04 6.447503e+04 6.683617e+04 7.195431e+04 7.788048e+04 8.485727e+04 9.305935e+04 1.026034e+05 1.135419e+05 2.777277e+05 4.573535e+05 5.986052e+05 6.920042e+05
5.857508e+04 5.857508e+04 5.857508e+04 5.857508e+04 5.857509e+04 5.857554e+04 5.857691e+04 5.858231e+04 5.858628e+04 5.859108e+04 5.860322e+04 5.861891e+04 5.863829e+04 5.866137e+04 5.868795e+04 5.871765e+04 5.875026e+04 5.905880e+04 6.050305e+04 6.356673e+04 6.698032e+04 7.014989e+04 7.315412e+04 7.924457e+04 8.599604e+04 9.375249e+04 1.027089e+05 1.129809e+05 1.246160e+05 2.929972e+05 4.703989e+05 6.077797e+05 6.982295e+05
5.990083e+04 5.990083e+04 5.990083e+04 5.990084e+04 5.990086e+04 5.990157e+04 5.990378e+04 5.991257e+04 5.991911e+04 5.992703e+04 5.994692e+04 5.997206e+04 6.000235e+04 6.003775e+04 6.007829e+04 6.012428e+04 6.017700e+04 6.079643e+04 6.346910e+04 6.838096e+04 7.325979e+04 7.739818e+04 8.107939e+04 8.815120e+04 9.571171e+04 1.042256e+05 1.139106e+05 1.248791e+05 1.371703e+05 3.090879e+05 4.839368e+05 6.171107e+05 7.044898e+05
6.232287e+04 6.232287e+04 6.232287e+04 6.232288e+04 6.232292e+04 6.232408e+04 6.232740e+04 6.233991e+04 6.234909e+04 6.236022e+04 6.238831e+04 6.242417e+04 6.246774e+04 6.251894e+04 6.257780e+04 6.264515e+04 6.272367e+04 6.370612e+04 6.776590e+04 7.473643e+04 8.121523e+04 8.638195e+04 9.075922e+04 9.880366e+04 1.071461e+05 1.163861e+05 1.267650e+05 1.383888e+05 1.512861e+05 3.259838e+05 4.979265e+05 6.265927e+05 7.107779e+05
6.634334e+04 6.634334e+04 6.634334e+04 6.634335e+04 6.634339e+04 6.634455e+04 6.634820e+04 6.636274e+04 6.637365e+04 6.638693e+04 6.642046e+04 6.646280e+04 6.651348e+04 6.657223e+04 6.663936e+04 6.671667e+04 6.680892e+04 6.811601e+04 7.363797e+04 8.280901e+04 9.098062e+04 9.721369e+04 1.022958e+05 1.112974e+05 1.203926e+05 1.303242e+05 1.413563e+05 1.535867e+05 1.670313e+05 3.436644e+05 5.123278e+05 6.362208e+05 7.170864e+05
7.208701e+04 7.208701e+04 7.208701e+04 7.208701e+04 7.208703e+04 7.208750e+04 7.208897e+04 7.209500e+04 7.209987e+04 7.210634e+04 7.212520e+04 7.215344e+04 7.219230e+04 7.224262e+04 7.230552e+04 7.238382e+04 7.248422e+04 7.413551e+04 8.121979e+04 9.270652e+04 1.026354e+05 1.099593e+05 1.157518e+05 1.256997e+05 1.355238e+05 1.461131e+05 1.577540e+05 1.705352e+05 1.844597e+05 3.621035e+05 5.270986e+05 6.459924e+05 7.234086e+05
7.906780e+04 7.906780e+04 7.906780e+04 7.906782e+04 7.906789e+04 7.906998e+04 7.907648e+04 7.910171e+04 7.912004e+04 7.914199e+04 7.919634e+04 7.926386e+04 7.934373e+04 7.943548e+04 7.953974e+04 7.965986e+04 7.980452e+04 8.192736e+04 9.065775e+04 1.045153e+05 1.162297e+05 1.246585e+05 1.311680e+05 1.420624e+05 1.525991e+05 1.638131e+05 1.760140e+05 1.892825e+05 2.036102e+05 3.812693e+05 5.421943e+05 6.559076e+05 7.297376e+05
8.876060e+04 8.876060e+04 8.876060e+04 8.876061e+04 8.876065e+04 8.876211e+04 8.876676e+04 8.878552e+04 8.879961e+04 8.881686e+04 8.886083e+04 8.891757e+04 8.898734e+04 8.907067e+04 8.916919e+04 8.928758e+04 8.943667e+04 9.187791e+04 1.021478e+05 1.183194e+05 1.318070e+05 1.413469e+05 1.485837e+05 1.604350e+05 1.716720e+05 1.834751e+05 1.961797e+05 2.098621e+05 2.245056e+05 4.011236e+05 5.575678e+05 6.659736e+05 7.360673e+05
1.005304e+05 1.005304e+05 1.005304e+05 1.005304e+05 1.005305e+05 1.005321e+05 1.005373e+05 1.005579e+05 1.005734e+05 1.005924e+05 1.006408e+05 1.007030e+05 1.007789e+05 1.008687e+05 1.009740e+05 1.011002e+05 1.012600e+05 1.040011e+05 1.157320e+05 1.341588e+05 1.494095e+05 1.600728e+05 1.680520e+05 1.808741e+05 1.927948e+05 2.051418e+05 2.182815e+05 2.322913e+05 2.471509e+05 4.216214e+05 5.731698e+05 6.762012e+05 7.423919e+05
1.145074e+05 1.145074e+05 1.145074e+05 1.145074e+05 1.145074e+05 1.145089e+05 1.145136e+05 1.145322e+05 1.145463e+05 1.145635e+05 1.146077e+05 1.146650e+05 1.147357e+05 1.148206e+05 1.149218e+05 1.150458e+05 1.152074e+05 1.182124e+05 1.313749e+05 1.520562e+05 1.690938e+05 1.809065e+05 1.896461e+05 2.034447e+05 2.160169e+05 2.288449e+05 2.423337e+05 2.565684e+05 2.715306e+05 4.427100e+05 5.889496e+05 6.865525e+05 7.487064e+05
1.302853e+05 1.302853e+05 1.302853e+05 1.302853e+05 1.302854e+05 1.302873e+05 1.302933e+05 1.303172e+05 1.303349e+05 1.303565e+05 1.304105e+05 1.304789e+05 1.305612e+05 1.306579e+05 1.307709e+05 1.309075e+05 1.310841e+05 1.344007e+05 1.490464e+05 1.720557e+05 1.909413e+05 2.039386e+05 2.134526e+05 2.282107e+05 2.413763e+05 2.545981e+05 2.683288e+05 2.826682e+05 2.976054e+05 4.643297e+05 6.048548e+05 6.969892e+05 7.550067e+05
1.482208e+05 1.482208e+05 1.482208e+05 1.482208e+05 1.482208e+05 1.482223e+05 1.482270e+05 1.482458e+05 1.482600e+05 1.482774e+05 1.483225e+05 1.483815e+05 1.484549e+05 1.485437e+05 1.486508e+05 1.487843e+05 1.489626e+05 1.525678e+05 1.687691e+05 1.942290e+05 2.150457e+05 2.292611e+05 2.395508e+05 2.552183e+05 2.688869e+05 2.823878e+05 2.962306e+05 3.105369e+05 3.253082e+05 4.864128e+05 6.208328e+05 7.074767e+05 7.612895e+05
1.678381e+05 1.678381e+05 1.678381e+05 1.678381e+05 1.678381e+05 1.678402e+05 1.678465e+05 1.678717e+05 1.678905e+05 1.679133e+05 1.679705e+05 1.680431e+05 1.681309e+05 1.682346e+05 1.683570e+05 1.685073e+05 1.687059e+05 1.726890e+05 1.905888e+05 2.186553e+05 2.414861e+05 2.569382e+05 2.679859e+05 2.844747e+05 2.985235e+05 3.121625e+05 3.259671e+05 3.400870e+05 3.545412e+05 5.088846e+05 6.368306e+05 7.179823e+05 7.675531e+05
1.896027e+05 1.896027e+05 1.896027e+05 1.896027e+05 1.896028e+05 1.896048e+05 1.896113e+05 1.896371e+05 1.896563e+05 1.896799e+05 1.897398e+05 1.898167e+05 1.899108e+05 1.900227e+05 1.901558e+05 1.903198e+05 1.905374e+05 1.949234e+05 2.146215e+05 2.454072e+05 2.702984e+05 2.869777e+05 2.987431e+05 3.159302e+05 3.302089e+05 3.438236e+05 3.574237e+05 3.711934e+05 3.851729e+05 5.316633e+05 6.527955e+05 7.284732e+05 7.737982e+05
2.137013e+05 2.137013e+05 2.137013e+05 2.137013e+05 2.137014e+05 2.137036e+05 2.137105e+05 2.137381e+05 2.137586e+05 2.137837e+05 2.138473e+05 2.139288e+05 2.140282e+05 2.141466e+05 2.142875e+05 2.144618e+05 2.146943e+05 2.194682e+05 2.409816e+05 2.745092e+05 3.014483e+05 3.193113e+05 3.317331e+05 3.494675e+05 3.638063e+05 3.772200e+05 3.904400e+05 4.036907e+05 4.170370e+05 5.546612e+05 6.686761e+05 7.389176e+05 7.800290e+05
2.402236e+05 2.402236e+05 2.402236e+05 2.402236e+05 2.402237e+05 2.402261e+05 2.402337e+05 2.402636e+05 2.402859e+05 2.403131e+05 2.403818e+05 2.404696e+05 2.405764e+05 2.407028e+05 2.408522e+05 2.410363e+05 2.412819e+05 2.464138e+05 2.696918e+05 3.058999e+05 3.348181e+05 3.537903e+05 3.667889e+05 3.848990e+05 3.991163e+05 4.121456e+05 4.248080e+05 4.373728e+05 4.499329e+05 5.777852e+05 6.844220e+05 7.492840e+05 7.862568e+05
2.693883e+05 2.693883e+05 2.693883e+05 2.693883e+05 2.693883e+05 2.693901e+05 2.693959e+05 2.694199e+05 2.694379e+05 2.694600e+05 2.695164e+05 2.695891e+05 2.696783e+05 2.697857e+05 2.699160e+05 2.700825e+05 2.703153e+05 2.757042e+05 3.006578e+05 3.394328e+05 3.702165e+05 3.901949e+05 4.036735e+05 4.219703e+05 4.358785e+05 4.483412e+05 4.602742e+05 4.719957e+05 4.836283e+05 6.009384e+05 6.999845e+05 7.595413e+05 7.924648e+05
3.002206e+05 3.002206e+05 3.002206e+05 3.002206e+05 3.002207e+05 3.002222e+05 3.002269e+05 3.002482e+05 3.002657e+05 3.002881e+05 3.003481e+05 3.004289e+05 3.005309e+05 3.006551e+05 3.008062e+05 3.009977e+05 3.012609e+05 3.070870e+05 3.337302e+05 3.749237e+05 4.074035e+05 4.282478e+05 4.420881e+05 4.603649e+05 4.737757e+05 4.854978e+05 4.965433e+05 5.072809e+05 5.178631e+05 6.240213e+05 7.153173e+05 7.696595e+05 7.986275e+05
3.333229e+05 3.333229e+05 3.333229e+05 3.333229e+05 3.333231e+05 3.333266e+05 3.333378e+05 3.333822e+05 3.334150e+05 3.334545e+05 3.335521e+05 3.336728e+05 3.338148e+05 3.339778e+05 3.341656e+05 3.343919e+05 3.346894e+05 3.408823e+05 3.689509e+05 4.122034e+05 4.460984e+05 4.676152e+05 4.816731e+05 4.997076e+05 5.124392e+05 5.232635e+05 5.332854e+05 5.429224e+05 5.523557e+05 6.469335e+05 7.303762e+05 7.796097e+05 8.047249e+05
3.701834e+05 3.701834e+05 3.701834e+05 3.701835e+05 3.701835e+05 3.701849e+05 3.701895e+05 3.702075e+05 3.702210e+05 3.702376e+05 3.702807e+05 3.703382e+05 3.704122e+05 3.705054e+05 3.706242e+05 3.707845e+05 3.710218e+05 3.771646e+05 4.061785e+05 4.509844e+05 4.859328e+05 5.078889e+05 5.220026e+05 5.395690e+05 5.514568e+05 5.612527e+05 5.701448e+05 5.785952e+05 5.868108e+05 6.695750e+05 7.451199e+05 7.893638e+05 8.107389e+05
4.077135e+05 4.077135e+05 4.077135e+05 4.077135e+05 4.077136e+05 4.077161e+05 4.077238e+05 4.077546e+05 4.077776e+05 4.078056e+05 4.078760e+05 4.079646e+05 4.080707e+05 4.081947e+05 4.083411e+05 4.085252e+05 4.087829e+05 4.150965e+05 4.448711e+05 4.907939e+05 5.264275e+05 5.485793e+05 5.625849e+05 5.794739e+05 5.903844e+05 5.990579e+05 6.067517e+05 6.139656e+05 6.209284e+05 6.918482e+05 7.595098e+05 7.988956e+05 8.166523e+05
4.472573e+05 4.472573e+05 4.472573e+05 4.472573e+05 4.472574e+05 4.472590e+05 4.472640e+05 4.472846e+05 4.473006e+05 4.473206e+05 4.473729e+05 4.474414e+05 4.475264e+05 4.476286e+05 4.477529e+05 4.479148e+05 4.481505e+05 4.544287e+05 4.845804e+05 5.311057e+05 5.670326e+05 5.891359e+05 6.028803e+05 6.189197e+05 6.287641e+05 6.362664e+05 6.427364e+05 6.487036e+05 6.544137e+05 7.136594e+05 7.735104e+05 8.081803e+05 8.224492e+05
4.878903e+05 4.878903e+05 4.878903e+05 4.878903e+05 4.878904e+05 4.878920e+05 4.878968e+05 4.879149e+05 4.879276e+05 4.879427e+05 4.879797e+05 4.880258e+05 4.880811e+05 4.881471e+05 4.882297e+05 4.883453e+05 4.885315e+05 4.945822e+05 5.247136e+05 5.713191e+05 6.071527e+05 6.289796e+05 6.423327e+05 6.574036e+05 6.661469e+05 6.724793e+05 6.777450e+05 6.824949e+05 6.869881e+05 7.349203e+05 7.870895e+05 8.171948e+05 8.281142e+05
5.281529e+05 5.281529e+05 5.281529e+05 5.281529e+05 5.281529e+05 5.281535e+05 5.281554e+05 5.281626e+05 5.281681e+05 5.281750e+05 5.281933e+05 5.282189e+05 5.282532e+05 5.282986e+05 5.283613e+05 5.284580e+05 5.286262e+05 5.345855e+05 5.645438e+05 6.108080e+05 6.461995e+05 6.675514e+05 6.804130e+05 6.944567e+05 7.021190e+05 7.073313e+05 7.114545e+05 7.150538e+05 7.183979e+05 7.555493e+05 8.002178e+05 8.259180e+05 8.336328e+05
5.672902e+05 5.672902e+05 5.672902e+05 5.672902e+05 5.672902e+05 5.672923e+05 5.672985e+05 5.673236e+05 5.673423e+05 5.673651e+05 5.674222e+05 5.674935e+05 5.675778e+05 5.676749e+05 5.677888e+05 5.679345e+05 5.681476e+05 5.741901e+05 6.037169e+05 6.491146e+05 6.836847e+05 7.043728e+05 7.166665e+05 7.296767e+05 7.363253e+05 7.405084e+05 7.435871e+05 7.461337e+05 7.484238e+05 7.754731e+05 8.128697e+05 8.343310e+05 8.389913e+05
6.075752e+05 6.075752e+05 6.075752e+05 6.075752e+05 6.075752e+05 6.075759e+05 6.075781e+05 6.075881e+05 6.075964e+05 6.076073e+05 6.076367e+05 6.076767e+05 6.077274e+05 6.077895e+05 6.078676e+05 6.079761e+05 6.081493e+05 6.138053e+05 6.421619e+05 6.859308e+05 7.192393e+05 7.390769e+05 7.507430e+05 7.627512e+05 7.684872e+05 7.717616e+05 7.739195e+05 7.755345e+05 7.768862e+05 7.946268e+05 8.250227e+05 8.424166e+05 8.441768e+05
6.475851e+05 6.475851e+05 6.475851e+05 6.475851e+05 6.475851e+05 6.475858e+05 6.475880e+05 6.475963e+05 6.476020e+05 6.476086e+05 6.476233e+05 6.476394e+05 6.476566e+05 6.476757e+05 6.477014e+05 6.477479e+05 6.478484e+05 6.528100e+05 6.793739e+05 7.208686e+05 7.525539e+05 7.713974e+05 7.824010e+05 7.934665e+05 7.984099e+05 8.009126e+05 8.022891e+05 8.031076e+05 8.036494e+05 8.129553e+05 8.366576e+05 8.501600e+05 8.491775e+05
6.856836e+05 6.856836e+05 6.856836e+05 6.856836e+05 6.856836e+05 6.856829e+05 6.856808e+05 6.856723e+05 6.856659e+05 6.856580e+05 6.856382e+05 6.856134e+05 6.855844e+05 6.855528e+05 6.855234e+05 6.855096e+05 6.855422e+05 6.898280e+05 7.144694e+05 7.534571e+05 7.833646e+05 8.011556e+05 8.114970e+05 8.217026e+05 8.259811e+05 8.278544e+05 8.285939e+05 8.287566e+05 8.286224e+05 8.304132e+05 8.477585e+05 8.575485e+05 8.539820e+05
7.200553e+05 7.200553e+05 7.200553e+05 7.200553e+05 7.200553e+05 7.200548e+05 7.200533e+05 7.200470e+05 7.200421e+05 7.200361e+05 7.200204e+05 7.199996e+05 7.199740e+05 7.199443e+05 7.199143e+05 7.198959e+05 7.199174e+05 7.238190e+05 7.467785e+05 7.833590e+05 8.115116e+05 8.282684e+05 8.379791e+05 8.474235e+05 8.511638e+05 8.525461e+05 8.527896e+05 8.524348e+05 8.517572e+05 8.469653e+05 8.583126e+05 8.645714e+05 8.585804e+05
7.510939e+05 7.510939e+05 7.510939e+05 7.510939e+05 7.510938e+05 7.510933e+05 7.510917e+05 7.510854e+05 7.510809e+05 7.510757e+05 7.510635e+05 7.510492e+05 7.510330e+05 7.510157e+05 7.510002e+05 7.509970e+05 7.510314e+05 7.547241e+05 7.762122e+05 8.105253e+05 8.369909e+05 8.527581e+05 8.618814e+05 8.706653e+05 8.739854e+05 8.750047e+05 8.748833e+05 8.741409e+05 8.730456e+05 8.625857e+05 8.683102e+05 8.712202e+05 8.629634e+05
7.795276e+05 7.795276e+05 7.795276e+05 7.795276e+05 7.795276e+05 7.795278e+05 7.795283e+05 7.795303e+05 7.795318e+05 7.795336e+05 7.795379e+05 7.795429e+05 7.795480e+05 7.795530e+05 7.795601e+05 7.795779e+05 7.796291e+05 7.831092e+05 8.031034e+05 8.351404e+05 8.599333e+05 8.747390e+05 8.833111e+05 8.915229e+05 8.945262e+05 8.952952e+05 8.949258e+05 8.939126e+05 8.925140e+05 8.772580e+05 8.777446e+05 8.774885e+05 8.671230e+05
8.064643e+05 8.064643e+05 8.064643e+05 8.064643e+05 8.064642e+05 8.064638e+05 8.064626e+05 8.064577e+05 8.064543e+05 8.064504e+05 8.064414e+05 8.064307e+05 8.064185e+05 8.064051e+05 8.063927e+05 8.063892e+05 8.064150e+05 8.094737e+05 8.277805e+05 8.574287e+05 8.805199e+05 8.943743e+05 9.024213e+05 9.101330e+05 9.129065e+05 9.135204e+05 9.130027e+05 9.118196e+05 9.102175e+05 8.909745e+05 8.866117e+05 8.833717e+05 8.710520e+05
8.312519e+05 8.312519e+05 8.312519e+05 8.312519e+05 8.312519e+05 8.312515e+05 8.312502e+05 8.312447e+05 8.312406e+05 8.312356e+05 8.312224e+05 8.312051e+05 8.311836e+05 8.311580e+05 8.311303e+05 8.311074e+05 8.311072e+05 8.337118e+05 8.502780e+05 8.775134e+05 8.989105e+05 9.118353e+05 9.193842e+05 9.266590e+05 9.292739e+05 9.298104e+05 9.292256e+05 9.279560e+05 9.262340e+05 9.037350e+05 8.949100e+05 8.888671e+05 8.747443e+05
8.535594e+05 8.535594e+05 8.535594e+05 8.535594e+05 8.535594e+05 8.535588e+05 8.535568e+05 8.535489e+05 8.535430e+05 8.535357e+05 8.535171e+05 8.534933e+05 8.534643e+05 8.534305e+05 8.533932e+05 8.533584e+05 8.533415e+05 8.555638e+05 8.705105e+05 8.954576e+05 9.152433e+05 9.272903e+05 9.343790e+05 9.412787e+05 9.437939e+05 9.443132e+05 9.437242e+05 9.424328e+05 9.406576e+05 9.155464e+05 9.026406e+05 8.939737e+05 8.781950e+05
8.732260e+05 8.732260e+05 8.732260e+05 8.732260e+05 8.732260e+05 8.732253e+05 8.732234e+05 8.732160e+05 8.732107e+05 8.732043e+05 8.731881e+05 8.731676e+05 8.731426e+05 8.731131e+05 8.730801e+05 8.730480e+05 8.730302e+05 8.749777e+05 8.884959e+05 9.113597e+05 9.296683e+05 9.409148e+05 9.475918e+05 9.541789e+05 9.566410e+05 9.571866e+05 9.566379e+05 9.553716e+05 9.535923e+05 9.264215e+05 9.098068e+05 8.986922e+05 8.814002e+05
8.905984e+05 8.905984e+05 8.905984e+05 8.905984e+05 8.905984e+05 8.905980e+05 8.905968e+05 8.905921e+05 8.905885e+05 8.905841e+05 8.905728e+05 8.905580e+05 8.905397e+05 8.905174e+05 8.904916e+05 8.904657e+05 8.904508e+05 8.921693e+05 9.044064e+05 9.253887e+05 9.423676e+05 9.529011e+05 9.592186e+05 9.655505e+05 9.679926e+05 9.685911e+05 9.681091e+05 9.668971e+05 9.651467e+05 9.363780e+05 9.164138e+05 9.030249e+05 8.843569e+05
9.061164e+05 9.061164e+05 9.061164e+05 9.061164e+05 9.061164e+05 9.061160e+05 9.061145e+05 9.061089e+05 9.061046e+05 9.060994e+05 9.060862e+05 9.060692e+05 9.060484e+05 9.060235e+05 9.059948e+05 9.059650e+05 9.059433e+05 9.074129e+05 9.184682e+05 9.377546e+05 9.535494e+05 9.634555e+05 9.694618e+05 9.755825e+05 9.780217e+05 9.786826e+05 9.782771e+05 9.771325e+05 9.754286e+05 9.454375e+05 9.224686e+05 9.069752e+05 8.870631e+05
9.197754e+05 9.197754e+05 9.197754e+05 9.197754e+05 9.197754e+05 9.197749e+05 9.197735e+05 9.197676e+05 9.197632e+05 9.197578e+05 9.197440e+05 9.197264e+05 9.197050e+05 9.196795e+05 9.196500e+05 9.196184e+05 9.195924e+05 9.208488e+05 9.308676e+05 9.486676e+05 9.634263e+05 9.727840e+05 9.785180e+05 9.844529e+05 9.868889e+05 9.876059e+05 9.872716e+05 9.861936e+05 9.845410e+05 9.536246e+05 9.279800e+05 9.105480e+05 8.895181e+05
9.316596e+05 9.316596e+05 9.316596e+05 9.316596e+05 9.316596e+05 9.316593e+05 9.316584e+05 9.316545e+05 9.316515e+05 9.316479e+05 9.316384e+05 9.316260e+05 9.316103e+05 9.315908e+05 9.315673e+05 9.315410e+05 9.315181e+05 9.326255e+05 9.417866e+05 9.583257e+05 9.721933e+05 9.810715e+05 9.865618e+05 9.923181e+05 9.947355e+05 9.954888e+05 9.952085e+05 9.941849e+05 9.925781e+05 9.609664e+05 9.329583e+05 9.137493e+05 8.917217e+05
9.421100e+05 9.421100e+05 9.421100e+05 9.421100e+05 9.421099e+05 9.421096e+05 9.421086e+05 9.421046e+05 9.421016e+05 9.420980e+05 9.420888e+05 9.420772e+05 9.420632e+05 9.420464e+05 9.420262e+05 9.420033e+05 9.419828e+05 9.429758e+05 9.514343e+05 9.669139e+05 9.800157e+05 9.884700e+05 9.937349e+05 9.993052e+05 1.001678e+06 1.002438e+06 1.002186e+06 1.001197e+06 9.996231e+05 9.674910e+05 9.374150e+05 9.165860e+05 8.936749e+05
9.513096e+05 9.513096e+05 9.513096e+05 9.513096e+05 9.513096e+05 9.513095e+05 9.513090e+05 9.513071e+05 9.513057e+05 9.513039e+05 9.512992e+05 9.512930e+05 9.512850e+05 9.512747e+05 9.512614e+05 9.512454e+05 9.512308e+05 9.521477e+05 9.600273e+05 9.746007e+05 9.870287e+05 9.950959e+05 1.000144e+06 1.005509e+06 1.007804e+06 1.008538e+06 1.008284e+06 1.007306e+06 1.005747e+06 9.732280e+05 9.413626e+05 9.190660e+05 8.953794e+05
9.595809e+05 9.595809e+05 9.595809e+05 9.595809e+05 9.595809e+05 9.595807e+05 9.595803e+05 9.595784e+05 9.595772e+05 9.595760e+05 9.595731e+05 9.595702e+05 9.595669e+05 9.595629e+05 9.595572e+05 9.595496e+05 9.595435e+05 9.604139e+05 9.677892e+05 9.815406e+05 9.933405e+05 1.001034e+06 1.005861e+06 1.010995e+06 1.013176e+06 1.013849e+06 1.013563e+06 1.012570e+06 1.011008e+06 9.782072e+05 9.448147e+05 9.211979e+05 8.968378e+05
9.672204e+05 9.672204e+05 9.672204e+05 9.672204e+05 9.672204e+05 9.672206e+05 9.672212e+05 9.672235e+05 9.672252e+05 9.672272e+05 9.672324e+05 9.672388e+05 9.672461e+05 9.672535e+05 9.672597e+05 9.672639e+05 9.672684e+05 9.680903e+05 9.749493e+05 9.878691e+05 9.990308e+05 1.006338e+06 1.010928e+06 1.015797e+06 1.017831e+06 1.018412e+06 1.018066e+06 1.017036e+06 1.015454e+06 9.824586e+05 9.477858e+05 9.229909e+05 8.980533e+05
9.747341e+05 9.747341e+05 9.747341e+05 9.747341e+05 9.747341e+05 9.747343e+05 9.747348e+05 9.747367e+05 9.747378e+05 9.747391e+05 9.747420e+05 9.747453e+05 9.747487e+05 9.747517e+05 9.747529e+05 9.747515e+05 9.747487e+05 9.754274e+05 9.816651e+05 9.936656e+05 1.004137e+06 1.011026e+06 1.015358e+06 1.019927e+06 1.021786e+06 1.022248e+06 1.021820e+06 1.020735e+06 1.019119e+06 9.860122e+05 9.502911e+05 9.244551e+05 8.990301e+05
9.819421e+05 9.819421e+05 9.819421e+05 9.819421e+05 9.819421e+05 9.819420e+05 9.819418e+05 9.819409e+05 9.819402e+05 9.819394e+05 9.819372e+05 9.819344e+05 9.819308e+05 9.819258e+05 9.819182e+05 9.819066e+05 9.818916e+05 9.823873e+05 9.879258e+05 9.989211e+05 1.008644e+06 1.015082e+06 1.019136e+06 1.023378e+06 1.025040e+06 1.025367e+06 1.024843e+06 1.023692e+06 1.022032e+06 9.888978e+05 9.523461e+05 9.256008e+05 8.997725e+05
9.885485e+05 9.885485e+05 9.885485e+05 9.885485e+05 9.885485e+05 9.885484e+05 9.885482e+05 9.885472e+05 9.885463e+05 9.885453e+05 9.885426e+05 9.885389e+05 9.885340e+05 9.885273e+05 9.885173e+05 9.885019e+05 9.884809e+05 9.888134e+05 9.936323e+05 1.003573e+06 1.012508e+06 1.018471e+06 1.022230e+06 1.026129e+06 1.027585e+06 1.027770e+06 1.027144e+06 1.025921e+06 1.024217e+06 9.911449e+05 9.539672e+05 9.264386e+05 9.002858e+05
9.945354e+05 9.945354e+05 9.945354e+05 9.945354e+05 9.945354e+05 9.945353e+05 9.945349e+05 9.945333e+05 9.945322e+05 9.945307e+05 9.945269e+05 9.945219e+05 9.945156e+05 9.945071e+05 9.944947e+05 9.944761e+05 9.944497e+05 9.946223e+05 9.987051e+05 1.007556e+06 1.015677e+06 1.021149e+06 1.024607e+06 1.028158e+06 1.029409e+06 1.029453e+06 1.028728e+06 1.027437e+06 1.025691e+06 9.927830e+05 9.551709e+05 9.269797e+05 9.005757e+05
9.998694e+05 9.998694e+05 9.998694e+05 9.998694e+05 9.998694e+05 9.998693e+05 9.998689e+05 9.998671e+05 9.998657e+05 9.998640e+05 9.998593e+05 9.998529e+05 9.998448e+05 9.998340e+05 9.998186e+05 9.997957e+05 9.997629e+05 9.997663e+05 1.003089e+06 1.010820e+06 1.018106e+06 1.023079e+06 1.026235e+06 1.029444e+06 1.030500e+06 1.030416e+06 1.029602e+06 1.028253e+06 1.026473e+06 9.938411e+05 9.559742e+05 9.272354e+05 9.006482e+05
1.004496e+06 1.004496e+06 1.004496e+06 1.004496e+06 1.004496e+06 1.004496e+06 1.004496e+06 1.004493e+06 1.004490e+06 1.004488e+06 1.004480e+06 1.004471e+06 1.004460e+06 1.004445e+06 1.004426e+06 1.004398e+06 1.004357e+06 1.004186e+06 1.006733e+06 1.013322e+06 1.019761e+06 1.024234e+06 1.027091e+06 1.029974e+06 1.030855e+06 1.030661e+06 1.029776e+06 1.028384e+06 1.026584e+06 9.943484e+05 9.563942e+05 9.272172e+05 9.005098e+05
1.008306e+06 1.008306e+06 1.008306e+06 1.008306e+06 1.008306e+06 1.008306e+06 1.008305e+06 1.008302e+06 1.008300e+06 1.008297e+06 1.008290e+06 1.008280e+06 1.008267e+06 1.008252e+06 1.008230e+06 1.008199e+06 1.008153e+06 1.007816e+06 1.009588e+06 1.015030e+06 1.020622e+06 1.024599e+06 1.027167e+06 1.029749e+06 1.030480e+06 1.030200e+06 1.029265e+06 1.027850e+06 1.026046e+06 9.943339e+05 9.564483e+05 9.269366e+05 9.001673e+05
1.011294e+06 1.011294e+06 1.011294e+06 1.011294e+06 1.011294e+06 1.011294e+06 1.011293e+06 1.011289e+06 1.011287e+06 1.011283e+06 1.011274e+06 1.011263e+06 1.011249e+06 1.011231e+06 1.011207e+06 1.011172e+06 1.011121e+06 1.010619e+06 1.011618e+06 1.015922e+06 1.020680e+06 1.024178e+06 1.026472e+06 1.028783e+06 1.029393e+06 1.029053e+06 1.028093e+06 1.026675e+06 1.024887e+06 9.938267e+05 9.561538e+05 9.264054e+05 8.996277e+05
1.013420e+06 1.013420e+06 1.013420e+06 1.013420e+06 1.013420e+06 1.013420e+06 1.013419e+06 1.013415e+06 1.013412e+06 1.013408e+06 1.013399e+06 1.013387e+06 1.013372e+06 1.013352e+06 1.013326e+06 1.013288e+06 1.013231e+06 1.012559e+06 1.012796e+06 1.015991e+06 1.019946e+06 1.022989e+06 1.025030e+06 1.027104e+06 1.027623e+06 1.027251e+06 1.026290e+06 1.024891e+06 1.023138e+06 9.928558e+05 9.555284e+05 9.256351e+05 8.988983e+05
1.014663e+06 1.014663e+06 1.014663e+06 1.014663e+06 1.014663e+06 1.014663e+06 1.014661e+06 1.014656e+06 1.014652e+06 1.014647e+06 1.014634e+06 1.014617e+06 1.014597e+06 1.014572e+06 1.014539e+06 1.014494e+06 1.014428e+06 1.013585e+06 1.013097e+06 1.015248e+06 1.018450e+06 1.021072e+06 1.022883e+06 1.024755e+06 1.025211e+06 1.024833e+06 1.023894e+06 1.022535e+06 1.020836e+06 9.914502e+05 9.545894e+05 9.246374e+05 8.979866e+05
1.014844e+06 1.014844e+06 1.014844e+06 1.014844e+06 1.014844e+06 1.014843e+06 1.014842e+06 1.014836e+06 1.014832e+06 1.014827e+06 1.014814e+06 1.014797e+06 1.014777e+06 1.014752e+06 1.014719e+06 1.014673e+06 1.014606e+06 1.013642e+06 1.012521e+06 1.013725e+06 1.016241e+06 1.018479e+06 1.020087e+06 1.021790e+06 1.022209e+06 1.021846e+06 1.020949e+06 1.019649e+06 1.018020e+06 9.896391e+05 9.533543e+05 9.234239e+05 8.969002e+05
1.014002e+06 1.014002e+06 1.014002e+06 1.014002e+06 1.014002e+06 1.014002e+06 1.014002e+06 1.013999e+06 1.013997e+06 1.013995e+06 1.013988e+06 1.013979e+06 1.013967e+06 1.013951e+06 1.013928e+06 1.013892e+06 1.013833e+06 1.012807e+06 1.011144e+06 1.011499e+06 1.013390e+06 1.015283e+06 1.016708e+06 1.018271e+06 1.018674e+06 1.018345e+06 1.017506e+06 1.016279e+06 1.014734e+06 9.874511e+05 9.518403e+05 9.220059e+05 8.956466e+05
1.012553e+06 1.012553e+06 1.012553e+06 1.012553e+06 1.012553e+06 1.012553e+06 1.012552e+06 1.012550e+06 1.012548e+06 1.012545e+06 1.012539e+06 1.012531e+06 1.012521e+06 1.012507e+06 1.012487e+06 1.012453e+06 1.012396e+06 1.011286e+06 1.009104e+06 1.008667e+06 1.009983e+06 1.011559e+06 1.012820e+06 1.014266e+06 1.014667e+06 1.014384e+06 1.013616e+06 1.012473e+06 1.011023e+06 9.849152e+05 9.500646e+05 9.203947e+05 8.942336e+05
1.010618e+06 1.010618e+06 1.010618e+06 1.010618e+06 1.010618e+06 1.010618e+06 1.010617e+06 1.010613e+06 1.010610e+06 1.010607e+06 1.010599e+06 1.010588e+06 1.010574e+06 1.010557e+06 1.010532e+06 1.010493e+06 1.010429e+06 1.009196e+06 1.006495e+06 1.005311e+06 1.006096e+06 1.007382e+06 1.008497e+06 1.009841e+06 1.010250e+06 1.010021e+06 1.009331e+06 1.008282e+06 1.006933e+06 9.820595e+05 9.480440e+05 9.186014e+05 8.926688e+05
1.008057e+06 1.008057e+06 1.008057e+06 1.008057e+06 1.008057e+06 1.008056e+06 1.008055e+06 1.008051e+06 1.008048e+06 1.008044e+06 1.008033e+06 1.008020e+06 1.008003e+06 1.007983e+06 1.007954e+06 1.007911e+06 1.007841e+06 1.006497e+06 1.003333e+06 1.001482e+06 1.001791e+06 1.002819e+06 1.003802e+06 1.005060e+06 1.005484e+06 1.005314e+06 1.004706e+06 1.003753e+06 1.002511e+06 9.789119e+05 9.457952e+05 9.166369e+05 8.909599e+05
1.004755e+06 1.004755e+06 1.004755e+06 1.004755e+06 1.004755e+06 1.004754e+06 1.004753e+06 1.004749e+06 1.004745e+06 1.004742e+06 1.004732e+06 1.004719e+06 1.004705e+06 1.004686e+06 1.004660e+06 1.004620e+06 1.004552e+06 1.003158e+06 9.996352e+05 9.972268e+05 9.971277e+05 9.979306e+05 9.987989e+05 9.999831e+05 1.000425e+06 1.000314e+06 9.997895e+05 9.989341e+05 9.978002e+05 9.754997e+05 9.433344e+05 9.145118e+05 8.891145e+05
