3.440704e+04 9.769741e+04 1.284475e+05 1.514957e+05 1.390647e+05 9.443444e+04 7.817516e+04 6.629795e+04 6.394668e+04 6.265955e+04 6.178019e+04 6.197349e+04 6.259141e+04 6.336070e+04 6.416167e+04 6.494247e+04 6.568249e+04 6.873150e+04 7.103305e+04 7.278649e+04 7.376942e+04 7.357254e+04 7.184832e+04 6.376056e+04 5.216114e+04 4.108818e+04 3.251182e+04 2.646460e+04 2.231837e+04 1.125502e+04 9.947647e+03 1.099648e+04 1.276926e+04
7.241954e+04 7.241956e+04 7.241953e+04 7.241285e+04 7.237299e+04 7.062186e+04 6.757411e+04 6.267634e+04 6.172434e+04 6.127074e+04 6.125834e+04 6.183880e+04 6.264083e+04 6.349870e+04 6.434042e+04 6.513717e+04 6.588016e+04 6.889307e+04 7.116169e+04 7.289444e+04 7.386095e+04 7.364742e+04 7.190545e+04 6.378408e+04 5.216269e+04 4.108084e+04 3.250339e+04 2.645802e+04 2.231409e+04 1.125392e+04 9.948525e+03 1.100026e+04 1.277457e+04
6.061011e+04 6.061015e+04 6.061028e+04 6.061338e+04 6.062016e+04 6.048953e+04 6.028103e+04 6.018398e+04 5.990055e+04 6.002002e+04 6.081484e+04 6.177539e+04 6.275096e+04 6.368596e+04 6.455835e+04 6.536292e+04 6.610254e+04 6.906418e+04 7.129573e+04 7.300624e+04 7.395532e+04 7.372421e+04 7.196364e+04 6.380745e+04 5.216365e+04 4.107292e+04 3.249455e+04 2.645120e+04 2.230966e+04 1.125280e+04 9.949413e+03 1.100406e+04 1.277991e+04
5.784682e+04 5.784685e+04 5.784694e+04 5.784969e+04 5.785733e+04 5.798735e+04 5.804669e+04 5.938446e+04 5.990358e+04 6.017060e+04 6.081711e+04 6.186837e+04 6.293973e+04 6.392171e+04 6.480965e+04 6.561307e+04 6.634349e+04 6.924232e+04 7.143415e+04 7.312145e+04 7.405230e+04 7.380278e+04 7.202278e+04 6.383058e+04 5.216395e+04 4.106442e+04 3.248530e+04 2.644412e+04 2.230509e+04 1.125166e+04 9.950313e+03 1.100789e+04 1.278527e+04
5.839093e+04 5.839095e+04 5.839101e+04 5.839281e+04 5.839797e+04 5.851087e+04 5.865701e+04 5.943766e+04 6.025678e+04 6.093396e+04 6.172451e+04 6.240420e+04 6.328457e+04 6.422433e+04 6.509437e+04 6.588226e+04 6.659655e+04 6.942443e+04 7.157574e+04 7.323952e+04 7.415161e+04 7.388292e+04 7.208272e+04 6.385339e+04 5.216356e+04 4.105529e+04 3.247562e+04 2.643678e+04 2.230037e+04 1.125050e+04 9.951224e+03 1.101175e+04 1.279066e+04
5.994318e+04 5.994319e+04 5.994323e+04 5.994437e+04 5.994766e+04 6.002291e+04 6.014700e+04 6.046213e+04 6.100258e+04 6.169928e+04 6.281515e+04 6.345013e+04 6.400845e+04 6.467779e+04 6.544043e+04 6.617805e+04 6.686151e+04 6.960751e+04 7.171919e+04 7.335986e+04 7.425294e+04 7.396446e+04 7.214332e+04 6.387577e+04 5.216241e+04 4.104551e+04 3.246549e+04 2.642918e+04 2.229549e+04 1.124933e+04 9.952147e+03 1.101563e+04 1.279607e+04
6.160104e+04 6.160105e+04 6.160108e+04 6.160182e+04 6.160394e+04 6.165826e+04 6.176697e+04 6.191274e+04 6.215592e+04 6.261784e+04 6.374074e+04 6.452523e+04 6.500391e+04 6.543482e+04 6.593844e+04 6.653608e+04 6.715301e+04 6.978964e+04 7.186328e+04 7.348185e+04 7.435593e+04 7.404715e+04 7.220441e+04 6.389763e+04 5.216045e+04 4.103505e+04 3.245492e+04 2.642130e+04 2.229046e+04 1.124814e+04 9.953081e+03 1.101954e+04 1.280150e+04
6.320567e+04 6.320568e+04 6.320570e+04 6.320625e+04 6.320785e+04 6.324696e+04 6.332796e+04 6.340800e+04 6.347896e+04 6.370363e+04 6.455862e+04 6.541954e+04 6.597187e+04 6.632912e+04 6.665961e+04 6.704553e+04 6.751123e+04 6.997103e+04 7.200706e+04 7.360491e+04 7.446024e+04 7.413077e+04 7.226582e+04 6.391886e+04 5.215762e+04 4.102388e+04 3.244387e+04 2.641314e+04 2.228527e+04 1.124693e+04 9.954027e+03 1.102347e+04 1.280696e+04
6.464438e+04 6.464439e+04 6.464440e+04 6.464481e+04 6.464600e+04 6.467440e+04 6.473096e+04 6.477742e+04 6.477237e+04 6.484180e+04 6.536373e+04 6.614424e+04 6.677943e+04 6.717775e+04 6.744947e+04 6.770846e+04 6.801324e+04 7.015534e+04 7.215018e+04 7.372857e+04 7.456554e+04 7.421506e+04 7.232735e+04 6.393934e+04 5.215385e+04 4.101196e+04 3.243234e+04 2.640470e+04 2.227992e+04 1.124570e+04 9.954986e+03 1.102742e+04 1.281245e+04
6.585638e+04 6.585638e+04 6.585639e+04 6.585671e+04 6.585762e+04 6.587964e+04 6.592422e+04 6.596316e+04 6.593581e+04 6.592707e+04 6.617652e+04 6.677700e+04 6.742084e+04 6.789292e+04 6.819123e+04 6.840591e+04 6.861686e+04 7.035092e+04 7.229312e+04 7.385257e+04 7.467155e+04 7.429981e+04 7.238883e+04 6.395895e+04 5.214908e+04 4.099927e+04 3.242031e+04 2.639596e+04 2.227441e+04 1.124446e+04 9.955956e+03 1.103141e+04 1.281796e+04
6.687681e+04 6.687682e+04 6.687683e+04 6.687708e+04 6.687780e+04 6.689539e+04 6.693179e+04 6.697021e+04 6.694341e+04 6.690531e+04 6.697488e+04 6.737361e+04 6.794749e+04 6.846369e+04 6.882460e+04 6.905903e+04 6.923740e+04 7.057242e+04 7.243755e+04 7.397691e+04 7.477804e+04 7.438478e+04 7.245004e+04 6.397758e+04 5.214324e+04 4.098578e+04 3.240777e+04 2.638692e+04 2.226873e+04 1.124319e+04 9.956939e+03 1.103541e+04 1.282349e+04
7.199816e+04 7.199817e+04 7.199817e+04 7.199823e+04 7.199843e+04 7.200382e+04 7.201809e+04 7.206236e+04 7.208564e+04 7.210514e+04 7.212108e+04 7.209945e+04 7.206385e+04 7.206489e+04 7.214754e+04 7.232815e+04 7.259332e+04 7.412819e+04 7.501177e+04 7.565573e+04 7.595430e+04 7.524271e+04 7.302042e+04 6.408318e+04 5.201118e+04 4.079939e+04 3.225096e+04 2.627873e+04 2.220208e+04 1.122950e+04 9.967483e+03 1.107693e+04 1.288019e+04
7.507004e+04 7.507004e+04 7.507004e+04 7.507008e+04 7.507021e+04 7.507380e+04 7.508375e+04 7.511737e+04 7.513908e+04 7.516283e+04 7.521300e+04 7.526120e+04 7.530172e+04 7.533272e+04 7.535972e+04 7.539562e+04 7.545679e+04 7.643362e+04 7.790175e+04 7.861958e+04 7.821139e+04 7.659604e+04 7.365599e+04 6.400044e+04 5.170844e+04 4.050075e+04 3.202886e+04 2.613461e+04 2.211595e+04 1.121379e+04 9.979456e+03 1.112118e+04 1.293944e+04
7.844931e+04 7.844932e+04 7.844932e+04 7.844935e+04 7.844945e+04 7.845246e+04 7.846159e+04 7.849808e+04 7.852446e+04 7.855530e+04 7.862781e+04 7.871113e+04 7.880123e+04 7.889405e+04 7.898574e+04 7.907357e+04 7.915695e+04 7.962092e+04 8.034741e+04 8.082153e+04 8.024266e+04 7.820029e+04 7.464556e+04 6.388836e+04 5.124639e+04 4.008605e+04 3.173899e+04 2.595357e+04 2.200984e+04 1.119594e+04 9.993057e+03 1.116831e+04 1.300132e+04
8.309947e+04 8.309947e+04 8.309947e+04 8.309950e+04 8.309959e+04 8.310232e+04 8.311045e+04 8.314105e+04 8.316296e+04 8.318886e+04 8.325068e+04 8.332099e+04 8.339249e+04 8.345760e+04 8.350964e+04 8.354333e+04 8.355511e+04 8.328831e+04 8.276014e+04 8.212489e+04 8.094750e+04 7.864439e+04 7.490487e+04 6.372349e+04 5.078211e+04 3.960902e+04 3.140123e+04 2.574412e+04 2.188751e+04 1.117586e+04 1.000850e+04 1.121849e+04 1.306591e+04
8.820533e+04 8.820533e+04 8.820532e+04 8.820521e+04 8.820484e+04 8.819316e+04 8.815886e+04 8.804262e+04 8.796716e+04 8.788328e+04 8.769656e+04 8.749140e+04 8.727273e+04 8.704332e+04 8.680480e+04 8.655804e+04 8.630352e+04 8.492563e+04 8.345279e+04 8.195365e+04 8.018147e+04 7.764510e+04 7.393334e+04 6.301034e+04 5.024077e+04 3.917976e+04 3.107303e+04 2.552947e+04 2.175936e+04 1.115354e+04 1.002603e+04 1.127188e+04 1.313328e+04
8.384311e+04 8.384311e+04 8.384311e+04 8.384311e+04 8.384309e+04 8.384249e+04 8.384046e+04 8.383167e+04 8.382455e+04 8.381530e+04 8.378903e+04 8.375004e+04 8.369582e+04 8.362477e+04 8.353621e+04 8.343021e+04 8.330730e+04 8.246589e+04 8.131245e+04 7.988703e+04 7.806412e+04 7.553417e+04 7.197786e+04 6.166242e+04 4.945089e+04 3.872933e+04 3.080643e+04 2.535512e+04 2.164498e+04 1.112908e+04 1.004591e+04 1.132864e+04 1.320350e+04
7.856223e+04 7.856223e+04 7.856223e+04 7.856223e+04 7.856226e+04 7.856296e+04 7.856502e+04 7.857250e+04 7.857750e+04 7.858298e+04 7.859435e+04 7.860451e+04 7.861160e+04 7.861399e+04 7.861021e+04 7.859897e+04 7.857912e+04 7.832112e+04 7.774121e+04 7.675171e+04 7.520461e+04 7.287545e+04 6.954823e+04 5.990667e+04 4.841761e+04 3.819858e+04 3.055200e+04 2.523332e+04 2.157542e+04 1.110278e+04 1.006845e+04 1.138895e+04 1.327665e+04
7.488733e+04 7.488733e+04 7.488733e+04 7.488732e+04 7.488731e+04 7.488684e+04 7.488549e+04 7.488006e+04 7.487587e+04 7.487069e+04 7.485758e+04 7.484138e+04 7.482279e+04 7.480237e+04 7.478040e+04 7.475690e+04 7.473168e+04 7.456121e+04 7.422755e+04 7.354315e+04 7.227203e+04 7.017557e+04 6.707944e+04 5.803780e+04 4.725235e+04 3.759296e+04 3.028238e+04 2.513129e+04 2.154282e+04 1.107510e+04 1.009396e+04 1.145298e+04 1.335279e+04
7.135146e+04 7.135146e+04 7.135146e+04 7.135147e+04 7.135150e+04 7.135228e+04 7.135459e+04 7.136211e+04 7.136652e+04 7.137103e+04 7.137988e+04 7.138796e+04 7.139476e+04 7.139991e+04 7.140310e+04 7.140413e+04 7.140282e+04 7.135366e+04 7.117428e+04 7.068360e+04 6.961670e+04 6.771563e+04 6.481735e+04 5.626767e+04 4.608554e+04 3.695613e+04 2.999504e+04 2.503131e+04 2.152554e+04 1.104682e+04 1.012281e+04 1.152091e+04 1.343200e+04
6.878531e+04 6.878531e+04 6.878531e+04 6.878531e+04 6.878531e+04 6.878538e+04 6.878554e+04 6.878588e+04 6.878601e+04 6.878609e+04 6.878613e+04 6.878614e+04 6.878633e+04 6.878686e+04 6.878771e+04 6.878872e+04 6.878961e+04 6.877808e+04 6.867101e+04 6.828509e+04 6.734780e+04 6.559067e+04 6.285112e+04 5.470085e+04 4.501303e+04 3.634120e+04 2.970397e+04 2.492710e+04 2.151051e+04 1.101901e+04 1.015542e+04 1.159292e+04 1.351433e+04
6.668666e+04 6.668666e+04 6.668666e+04 6.668667e+04 6.668670e+04 6.668760e+04 6.669036e+04 6.669991e+04 6.670575e+04 6.671185e+04 6.672406e+04 6.673556e+04 6.674585e+04 6.675465e+04 6.676182e+04 6.676729e+04 6.677105e+04 6.676137e+04 6.666163e+04 6.631113e+04 6.544409e+04 6.378855e+04 6.117806e+04 5.336609e+04 4.408582e+04 3.579104e+04 2.942971e+04 2.482108e+04 2.149102e+04 1.099310e+04 1.019224e+04 1.166921e+04 1.359984e+04
6.524451e+04 6.524451e+04 6.524451e+04 6.524451e+04 6.524450e+04 6.524426e+04 6.524347e+04 6.524021e+04 6.523772e+04 6.523467e+04 6.522702e+04 6.521771e+04 6.520730e+04 6.519628e+04 6.518496e+04 6.517353e+04 6.516202e+04 6.509843e+04 6.497703e+04 6.463792e+04 6.381941e+04 6.224923e+04 5.975679e+04 5.225462e+04 4.332212e+04 3.533233e+04 2.919152e+04 2.472076e+04 2.146585e+04 1.097096e+04 1.023376e+04 1.174995e+04 1.368858e+04
6.355611e+04 6.355611e+04 6.355611e+04 6.355611e+04 6.355613e+04 6.355660e+04 6.355805e+04 6.356302e+04 6.356610e+04 6.356932e+04 6.357565e+04 6.358121e+04 6.358552e+04 6.358831e+04 6.358947e+04 6.358899e+04 6.358692e+04 6.355437e+04 6.345659e+04 6.315381e+04 6.239694e+04 6.091945e+04 5.854933e+04 5.134952e+04 4.272362e+04 3.497824e+04 2.900370e+04 2.463526e+04 2.143788e+04 1.095504e+04 1.028054e+04 1.183534e+04 1.378062e+04
6.220020e+04 6.220020e+04 6.220020e+04 6.220020e+04 6.220019e+04 6.220005e+04 6.219962e+04 6.219783e+04 6.219647e+04 6.219479e+04 6.219059e+04 6.218553e+04 6.218000e+04 6.217439e+04 6.216900e+04 6.216403e+04 6.215955e+04 6.214069e+04 6.208351e+04 6.183877e+04 6.116036e+04 5.978655e+04 5.754487e+04 5.064196e+04 4.228759e+04 3.473384e+04 2.887548e+04 2.457313e+04 2.141237e+04 1.094890e+04 1.033319e+04 1.192559e+04 1.387600e+04
6.074865e+04 6.074865e+04 6.074865e+04 6.074866e+04 6.074868e+04 6.074947e+04 6.075166e+04 6.075880e+04 6.076349e+04 6.076881e+04 6.078085e+04 6.079407e+04 6.080781e+04 6.082162e+04 6.083519e+04 6.084836e+04 6.086103e+04 6.091467e+04 6.091950e+04 6.074114e+04 6.014465e+04 5.887500e+04 5.675925e+04 5.013504e+04 4.201302e+04 3.460086e+04 2.881248e+04 2.454164e+04 2.139564e+04 1.095386e+04 1.039237e+04 1.202089e+04 1.397476e+04
5.998015e+04 5.998015e+04 5.998015e+04 5.998015e+04 5.998014e+04 5.998010e+04 5.997994e+04 5.997928e+04 5.997878e+04 5.997819e+04 5.997689e+04 5.997584e+04 5.997554e+04 5.997639e+04 5.997865e+04 5.998241e+04 5.998769e+04 6.003108e+04 6.005812e+04 5.992555e+04 5.939813e+04 5.822188e+04 5.622013e+04 4.984039e+04 4.190251e+04 3.458074e+04 2.881866e+04 2.454699e+04 2.139438e+04 1.096878e+04 1.045882e+04 1.212145e+04 1.407693e+04
5.926893e+04 5.926893e+04 5.926893e+04 5.926894e+04 5.926896e+04 5.926965e+04 5.927137e+04 5.927702e+04 5.928086e+04 5.928531e+04 5.929575e+04 5.930768e+04 5.932050e+04 5.933382e+04 5.934743e+04 5.936128e+04 5.937539e+04 5.945098e+04 5.950786e+04 5.941754e+04 5.895177e+04 5.785816e+04 5.595512e+04 4.977391e+04 4.196222e+04 3.467636e+04 2.889789e+04 2.459498e+04 2.141540e+04 1.099341e+04 1.053334e+04 1.222749e+04 1.418257e+04
5.909907e+04 5.909907e+04 5.909907e+04 5.909907e+04 5.909906e+04 5.909896e+04 5.909861e+04 5.909723e+04 5.909623e+04 5.909509e+04 5.909283e+04 5.909145e+04 5.909183e+04 5.909452e+04 5.909978e+04 5.910763e+04 5.911796e+04 5.919885e+04 5.928403e+04 5.923735e+04 5.883112e+04 5.781187e+04 5.599140e+04 4.995436e+04 4.220175e+04 3.489300e+04 2.905511e+04 2.469171e+04 2.146571e+04 1.102796e+04 1.061680e+04 1.233924e+04 1.429170e+04
5.899195e+04 5.899195e+04 5.899195e+04 5.899196e+04 5.899199e+04 5.899288e+04 5.899564e+04 5.900632e+04 5.901376e+04 5.902221e+04 5.904114e+04 5.906160e+04 5.908278e+04 5.910427e+04 5.912598e+04 5.914798e+04 5.917044e+04 5.929426e+04 5.941698e+04 5.941703e+04 5.906917e+04 5.811581e+04 5.635974e+04 5.040375e+04 4.263415e+04 3.523875e+04 2.929705e+04 2.484414e+04 2.155274e+04 1.107297e+04 1.071019e+04 1.245691e+04 1.440434e+04
5.962277e+04 5.962277e+04 5.962277e+04 5.962277e+04 5.962277e+04 5.962273e+04 5.962261e+04 5.962206e+04 5.962164e+04 5.962118e+04 5.962059e+04 5.962127e+04 5.962416e+04 5.962993e+04 5.963899e+04 5.965149e+04 5.966742e+04 5.979223e+04 5.994866e+04 5.999856e+04 5.970806e+04 5.881023e+04 5.709645e+04 5.114778e+04 4.327587e+04 3.572476e+04 2.963258e+04 2.506045e+04 2.168451e+04 1.112932e+04 1.081463e+04 1.258074e+04 1.452053e+04
6.030154e+04 6.030154e+04 6.030154e+04 6.030155e+04 6.030158e+04 6.030252e+04 6.030541e+04 6.031628e+04 6.032384e+04 6.033262e+04 6.035327e+04 6.037723e+04 6.040371e+04 6.043217e+04 6.046229e+04 6.049397e+04 6.052724e+04 6.071958e+04 6.093224e+04 6.103870e+04 6.080162e+04 5.994342e+04 5.824327e+04 5.221538e+04 4.414651e+04 3.636511e+04 3.007285e+04 2.535028e+04 2.186979e+04 1.119815e+04 1.093157e+04 1.271097e+04 1.464028e+04
6.191677e+04 6.191677e+04 6.191677e+04 6.191677e+04 6.191677e+04 6.191677e+04 6.191679e+04 6.191697e+04 6.191726e+04 6.191779e+04 6.192007e+04 6.192483e+04 6.193305e+04 6.194545e+04 6.196242e+04 6.198414e+04 6.201059e+04 6.220589e+04 6.245601e+04 6.260928e+04 6.241091e+04 6.156722e+04 5.984374e+04 5.363709e+04 4.526824e+04 3.717664e+04 3.063122e+04 2.572472e+04 2.211816e+04 1.128089e+04 1.106214e+04 1.284787e+04 1.476363e+04
6.371044e+04 6.371044e+04 6.371044e+04 6.371045e+04 6.371048e+04 6.371166e+04 6.371532e+04 6.372964e+04 6.373991e+04 6.375193e+04 6.378035e+04 6.381338e+04 6.384991e+04 6.388922e+04 6.393088e+04 6.397472e+04 6.402073e+04 6.428516e+04 6.458166e+04 6.477074e+04 6.458909e+04 6.372724e+04 6.193711e+04 5.544311e+04 4.666514e+04 3.817867e+04 3.132319e+04 2.619630e+04 2.244001e+04 1.137916e+04 1.120605e+04 1.299170e+04 1.489057e+04
6.672533e+04 6.672533e+04 6.672533e+04 6.672533e+04 6.672533e+04 6.672537e+04 6.672563e+04 6.672692e+04 6.672795e+04 6.672927e+04 6.673299e+04 6.673886e+04 6.674795e+04 6.676130e+04 6.677966e+04 6.680352e+04 6.683307e+04 6.706055e+04 6.736257e+04 6.756261e+04 6.737061e+04 6.645533e+04 6.455374e+04 5.766196e+04 4.836297e+04 3.939287e+04 3.216619e+04 2.677889e+04 2.284649e+04 1.149476e+04 1.136324e+04 1.314274e+04 1.502113e+04
6.974748e+04 6.974748e+04 6.974748e+04 6.974750e+04 6.974755e+04 6.974905e+04 6.975372e+04 6.977210e+04 6.978534e+04 6.980085e+04 6.983745e+04 6.987976e+04 6.992622e+04 6.997581e+04 7.002789e+04 7.008215e+04 7.013845e+04 7.045066e+04 7.078587e+04 7.098992e+04 7.076697e+04 6.976800e+04 6.771492e+04 6.032123e+04 5.038946e+04 4.084324e+04 3.317947e+04 2.748754e+04 2.334943e+04 1.162957e+04 1.153372e+04 1.330130e+04 1.515533e+04
7.426065e+04 7.426065e+04 7.426065e+04 7.426065e+04 7.426065e+04 7.426067e+04 7.426075e+04 7.426105e+04 7.426131e+04 7.426177e+04 7.426376e+04 7.426816e+04 7.427597e+04 7.428799e+04 7.430478e+04 7.432672e+04 7.435401e+04 7.456923e+04 7.486385e+04 7.504397e+04 7.477449e+04 7.367266e+04 7.143843e+04 6.345071e+04 5.277557e+04 4.255632e+04 3.438400e+04 2.833837e+04 2.396124e+04 1.178557e+04 1.171753e+04 1.346773e+04 1.529317e+04
7.867546e+04 7.867546e+04 7.867546e+04 7.867546e+04 7.867546e+04 7.867548e+04 7.867561e+04 7.867737e+04 7.867969e+04 7.868323e+04 7.869431e+04 7.871088e+04 7.873286e+04 7.876000e+04 7.879205e+04 7.882884e+04 7.887026e+04 7.914380e+04 7.948122e+04 7.968258e+04 7.938801e+04 7.818485e+04 7.575203e+04 6.708792e+04 5.555706e+04 4.456151e+04 3.580241e+04 2.934842e+04 2.469479e+04 1.196473e+04 1.191472e+04 1.364242e+04 1.543467e+04
8.366316e+04 8.366316e+04 8.366316e+04 8.366317e+04 8.366321e+04 8.366415e+04 8.366669e+04 8.367627e+04 8.368327e+04 8.369175e+04 8.371307e+04 8.374015e+04 8.377291e+04 8.381130e+04 8.385527e+04 8.390474e+04 8.395961e+04 8.430846e+04 8.472004e+04 8.496965e+04 8.466506e+04 8.335983e+04 8.070978e+04 7.128276e+04 5.877581e+04 4.689131e+04 3.745890e+04 3.053552e+04 2.556332e+04 1.216898e+04 1.212532e+04 1.382593e+04 1.557984e+04
8.955411e+04 8.955411e+04 8.955411e+04 8.955413e+04 8.955417e+04 8.955560e+04 8.955991e+04 8.957511e+04 8.958542e+04 8.959736e+04 8.962595e+04 8.966050e+04 8.970065e+04 8.974618e+04 8.979697e+04 8.985298e+04 8.991426e+04 9.029843e+04 9.075403e+04 9.103556e+04 9.070948e+04 8.928546e+04 8.638902e+04 7.609713e+04 6.247970e+04 4.958109e+04 3.937904e+04 3.191814e+04 2.658033e+04 1.240019e+04 1.234935e+04 1.401885e+04 1.572870e+04
9.657135e+04 9.657135e+04 9.657135e+04 9.657135e+04 9.657135e+04 9.657142e+04 9.657163e+04 9.657313e+04 9.657500e+04 9.657795e+04 9.658775e+04 9.660365e+04 9.662652e+04 9.665700e+04 9.669543e+04 9.674196e+04 9.679656e+04 9.718119e+04 9.766900e+04 9.797539e+04 9.761742e+04 9.605429e+04 9.287618e+04 8.160128e+04 6.672153e+04 5.266871e+04 4.158956e+04 3.351522e+04 2.775946e+04 1.266014e+04 1.258681e+04 1.422079e+04 1.588128e+04
1.040021e+05 1.040021e+05 1.040021e+05 1.040021e+05 1.040021e+05 1.040039e+05 1.040092e+05 1.040302e+05 1.040453e+05 1.040631e+05 1.041059e+05 1.041568e+05 1.042143e+05 1.042775e+05 1.043461e+05 1.044198e+05 1.044988e+05 1.049747e+05 1.055295e+05 1.058741e+05 1.054828e+05 1.037621e+05 1.002637e+05 8.787156e+04 7.155794e+04 5.619397e+04 4.411799e+04 3.534599e+04 2.911438e+04 1.295047e+04 1.283770e+04 1.443130e+04 1.603761e+04
1.131475e+05 1.131475e+05 1.131475e+05 1.131475e+05 1.131475e+05 1.131476e+05 1.131478e+05 1.131490e+05 1.131503e+05 1.131524e+05 1.131603e+05 1.131746e+05 1.131973e+05 1.132296e+05 1.132722e+05 1.133255e+05 1.133895e+05 1.138576e+05 1.144627e+05 1.148477e+05 1.144186e+05 1.125177e+05 1.086536e+05 9.498976e+04 7.704839e+04 6.019793e+04 4.699238e+04 3.742977e+04 3.065866e+04 1.327270e+04 1.310196e+04 1.465004e+04 1.619772e+04
1.226015e+05 1.226015e+05 1.226015e+05 1.226015e+05 1.226016e+05 1.226038e+05 1.226108e+05 1.226382e+05 1.226582e+05 1.226820e+05 1.227395e+05 1.228081e+05 1.228859e+05 1.229715e+05 1.230639e+05 1.231628e+05 1.232680e+05 1.238894e+05 1.245969e+05 1.250339e+05 1.245567e+05 1.224434e+05 1.181566e+05 1.030413e+05 8.325388e+04 6.472225e+04 5.024085e+04 3.978574e+04 3.240565e+04 1.362819e+04 1.337955e+04 1.487665e+04 1.636168e+04
1.345163e+05 1.345163e+05 1.345163e+05 1.345163e+05 1.345163e+05 1.345164e+05 1.345167e+05 1.345182e+05 1.345200e+05 1.345229e+05 1.345335e+05 1.345522e+05 1.345810e+05 1.346213e+05 1.346739e+05 1.347394e+05 1.348180e+05 1.353923e+05 1.361323e+05 1.365911e+05 1.360357e+05 1.336635e+05 1.288842e+05 1.121114e+05 9.023519e+04 6.980835e+04 5.389124e+04 4.243276e+04 3.436835e+04 1.401813e+04 1.367036e+04 1.511079e+04 1.652960e+04
1.468172e+05 1.468172e+05 1.468172e+05 1.468172e+05 1.468173e+05 1.468199e+05 1.468282e+05 1.468602e+05 1.468830e+05 1.469097e+05 1.469737e+05 1.470502e+05 1.471378e+05 1.472353e+05 1.473420e+05 1.474573e+05 1.475810e+05 1.483194e+05 1.491532e+05 1.496347e+05 1.489725e+05 1.462886e+05 1.409381e+05 1.222811e+05 9.805142e+04 7.549680e+04 5.797076e+04 4.538912e+04 3.655925e+04 1.444355e+04 1.397427e+04 1.535208e+04 1.670164e+04
1.618906e+05 1.618906e+05 1.618906e+05 1.618906e+05 1.618907e+05 1.618908e+05 1.618912e+05 1.618960e+05 1.619014e+05 1.619093e+05 1.619329e+05 1.619676e+05 1.620139e+05 1.620724e+05 1.621435e+05 1.622274e+05 1.623244e+05 1.629939e+05 1.638217e+05 1.642755e+05 1.634634e+05 1.604104e+05 1.544066e+05 1.336258e+05 1.067595e+05 8.182698e+04 6.250571e+04 4.867235e+04 3.899022e+04 1.490530e+04 1.429113e+04 1.560013e+04 1.687811e+04
1.778585e+05 1.778585e+05 1.778585e+05 1.778586e+05 1.778587e+05 1.778607e+05 1.778661e+05 1.778860e+05 1.779005e+05 1.779181e+05 1.779624e+05 1.780190e+05 1.780879e+05 1.781690e+05 1.782622e+05 1.783673e+05 1.784843e+05 1.792339e+05 1.801094e+05 1.805452e+05 1.795670e+05 1.761012e+05 1.693679e+05 1.462186e+05 1.164150e+05 8.883707e+04 6.752123e+04 5.229896e+04 4.167226e+04 1.540406e+04 1.462075e+04 1.585452e+04 1.705870e+04
1.956426e+05 1.956426e+05 1.956426e+05 1.956426e+05 1.956427e+05 1.956455e+05 1.956543e+05 1.956862e+05 1.957081e+05 1.957335e+05 1.957940e+05 1.958667e+05 1.959510e+05 1.960463e+05 1.961521e+05 1.962682e+05 1.963946e+05 1.971792e+05 1.980846e+05 1.985031e+05 1.973535e+05 1.934426e+05 1.859083e+05 1.601359e+05 1.270739e+05 9.656396e+04 7.304100e+04 5.628421e+04 4.461539e+04 1.594030e+04 1.496289e+04 1.611482e+04 1.724291e+04
2.157544e+05 2.157544e+05 2.157544e+05 2.157544e+05 2.157544e+05 2.157545e+05 2.157549e+05 2.157566e+05 2.157584e+05 2.157614e+05 2.157726e+05 2.157930e+05 2.158248e+05 2.158701e+05 2.159304e+05 2.160070e+05 2.161007e+05 2.168267e+05 2.177866e+05 2.182355e+05 2.169356e+05 2.125537e+05 2.041407e+05 1.754623e+05 1.387915e+05 1.050423e+05 7.908650e+04 6.064161e+04 4.782834e+04 1.651432e+04 1.531727e+04 1.638058e+04 1.743033e+04
2.359183e+05 2.359183e+05 2.359183e+05 2.359183e+05 2.359184e+05 2.359212e+05 2.359299e+05 2.359646e+05 2.359907e+05 2.360224e+05 2.361028e+05 2.362047e+05 2.363267e+05 2.364675e+05 2.366258e+05 2.368006e+05 2.369912e+05 2.381467e+05 2.394086e+05 2.399805e+05 2.385301e+05 2.336134e+05 2.242069e+05 1.922838e+05 1.516193e+05 1.143027e+05 8.567611e+04 6.538253e+04 5.131831e+04 1.712621e+04 1.568358e+04 1.665134e+04 1.762057e+04
2.600539e+05 2.600539e+05 2.600539e+05 2.600539e+05 2.600540e+05 2.600569e+05 2.600660e+05 2.601022e+05 2.601293e+05 2.601625e+05 2.602465e+05 2.603535e+05 2.604823e+05 2.606314e+05 2.607994e+05 2.609848e+05 2.611864e+05 2.623931e+05 2.636748e+05 2.641643e+05 2.624001e+05 2.567947e+05 2.462282e+05 2.106676e+05 1.655967e+05 1.243686e+05 9.282402e+04 7.051565e+04 5.509074e+04 1.777588e+04 1.606145e+04 1.692660e+04 1.781323e+04
2.883056e+05 2.883056e+05 2.883056e+05 2.883056e+05 2.883056e+05 2.883058e+05 2.883064e+05 2.883112e+05 2.883166e+05 2.883247e+05 2.883492e+05 2.883856e+05 2.884348e+05 2.884974e+05 2.885745e+05 2.886669e+05 2.887756e+05 2.895695e+05 2.905546e+05 2.907635e+05 2.885430e+05 2.821136e+05 2.702316e+05 2.306443e+05 1.807469e+05 1.352550e+05 1.005395e+05 7.604667e+04 5.914913e+04 1.846302e+04 1.645044e+04 1.720587e+04 1.800796e+04
3.168778e+05 3.168778e+05 3.168778e+05 3.168778e+05 3.168778e+05 3.168779e+05 3.168787e+05 3.168852e+05 3.168923e+05 3.169024e+05 3.169317e+05 3.169738e+05 3.170292e+05 3.170988e+05 3.171833e+05 3.172837e+05 3.174009e+05 3.182420e+05 3.192541e+05 3.193657e+05 3.167567e+05 3.094783e+05 2.961812e+05 2.522165e+05 1.970778e+05 1.469684e+05 1.088269e+05 8.197821e+04 6.349499e+04 1.918713e+04 1.685010e+04 1.748863e+04 1.820434e+04
3.460579e+05 3.460579e+05 3.460579e+05 3.460580e+05 3.460581e+05 3.460610e+05 3.460702e+05 3.461070e+05 3.461346e+05 3.461683e+05 3.462541e+05 3.463640e+05 3.464970e+05 3.466523e+05 3.468284e+05 3.470242e+05 3.472385e+05 3.485355e+05 3.498570e+05 3.500195e+05 3.470636e+05 3.388947e+05 3.240742e+05 2.753785e+05 2.145865e+05 1.595077e+05 1.176856e+05 8.830987e+04 6.812782e+04 1.994749e+04 1.725988e+04 1.777438e+04 1.840201e+04
3.793522e+05 3.793522e+05 3.793522e+05 3.793522e+05 3.793523e+05 3.793555e+05 3.793653e+05 3.794046e+05 3.794340e+05 3.794699e+05 3.795610e+05 3.796770e+05 3.798166e+05 3.799782e+05 3.801603e+05 3.803614e+05 3.805801e+05 3.818833e+05 3.831596e+05 3.831246e+05 3.796411e+05 3.704263e+05 3.539214e+05 3.001149e+05 2.332608e+05 1.728655e+05 1.271112e+05 9.503851e+04 7.304526e+04 2.074321e+04 1.767922e+04 1.806259e+04 1.860056e+04
4.168119e+05 4.168119e+05 4.168119e+05 4.168119e+05 4.168119e+05 4.168122e+05 4.168130e+05 4.168186e+05 4.168248e+05 4.168338e+05 4.168611e+05 4.169014e+05 4.169552e+05 4.170232e+05 4.171058e+05 4.172039e+05 4.173181e+05 4.181280e+05 4.189976e+05 4.185332e+05 4.143676e+05 4.039783e+05 3.856518e+05 3.263874e+05 2.530795e+05 1.870293e+05 1.370954e+05 1.021584e+05 7.824315e+04 2.157317e+04 1.810748e+04 1.835271e+04 1.879960e+04
4.544116e+05 4.544116e+05 4.544116e+05 4.544116e+05 4.544117e+05 4.544119e+05 4.544125e+05 4.544156e+05 4.544187e+05 4.544235e+05 4.544394e+05 4.544654e+05 4.545032e+05 4.545541e+05 4.546191e+05 4.546996e+05 4.547964e+05 4.555278e+05 4.563103e+05 4.556258e+05 4.508889e+05 4.393494e+05 4.191487e+05 3.541499e+05 2.740179e+05 2.019829e+05 1.476270e+05 1.096617e+05 8.371566e+04 2.243606e+04 1.854397e+04 1.864423e+04 1.899874e+04
4.915071e+05 4.915071e+05 4.915071e+05 4.915072e+05 4.915072e+05 4.915101e+05 4.915191e+05 4.915551e+05 4.915820e+05 4.916149e+05 4.916981e+05 4.918037e+05 4.919302e+05 4.920763e+05 4.922407e+05 4.924224e+05 4.926207e+05 4.938218e+05 4.949361e+05 4.943101e+05 4.891549e+05 4.765099e+05 4.543897e+05 3.833795e+05 2.960532e+05 2.177075e+05 1.586922e+05 1.175382e+05 8.945534e+04 2.333039e+04 1.898796e+04 1.893661e+04 1.919758e+04
5.320181e+05 5.320181e+05 5.320181e+05 5.320181e+05 5.320182e+05 5.320210e+05 5.320296e+05 5.320641e+05 5.320900e+05 5.321217e+05 5.322025e+05 5.323065e+05 5.324338e+05 5.325841e+05 5.327573e+05 5.329529e+05 5.331704e+05 5.345308e+05 5.358114e+05 5.351485e+05 5.294903e+05 5.156344e+05 4.914561e+05 4.140716e+05 3.191609e+05 2.341803e+05 1.702736e+05 1.257755e+05 9.545319e+04 2.425448e+04 1.943867e+04 1.922931e+04 1.939574e+04
5.758304e+05 5.758304e+05 5.758304e+05 5.758304e+05 5.758305e+05 5.758332e+05 5.758419e+05 5.758763e+05 5.759021e+05 5.759335e+05 5.760132e+05 5.761153e+05 5.762396e+05 5.763862e+05 5.765548e+05 5.767450e+05 5.769566e+05 5.782781e+05 5.794670e+05 5.785101e+05 5.721130e+05 5.568267e+05 5.303772e+05 4.461928e+05 3.433017e+05 2.513711e+05 1.823503e+05 1.343590e+05 1.016987e+05 2.520647e+04 1.989527e+04 1.952181e+04 1.959281e+04
6.226460e+05 6.226460e+05 6.226460e+05 6.226460e+05 6.226461e+05 6.226487e+05 6.226569e+05 6.226897e+05 6.227143e+05 6.227442e+05 6.228202e+05 6.229171e+05 6.230339e+05 6.231695e+05 6.233228e+05 6.234929e+05 6.236789e+05 6.247977e+05 6.256651e+05 6.241792e+05 6.168278e+05 5.999145e+05 5.710053e+05 4.796436e+05 3.684136e+05 2.692415e+05 1.948974e+05 1.432720e+05 1.081801e+05 2.618435e+04 2.035691e+04 1.981357e+04 1.978843e+04
6.720468e+05 6.720468e+05 6.720468e+05 6.720468e+05 6.720468e+05 6.720471e+05 6.720481e+05 6.720530e+05 6.720579e+05 6.720651e+05 6.720868e+05 6.721192e+05 6.721630e+05 6.722185e+05 6.722862e+05 6.723669e+05 6.724609e+05 6.731138e+05 6.735161e+05 6.714311e+05 6.630812e+05 6.444905e+05 6.130475e+05 5.142761e+05 3.944195e+05 2.877480e+05 2.078882e+05 1.524963e+05 1.148843e+05 2.718594e+04 2.082266e+04 2.010407e+04 1.998221e+04
7.207141e+05 7.207141e+05 7.207141e+05 7.207141e+05 7.207141e+05 7.207144e+05 7.207153e+05 7.207187e+05 7.207216e+05 7.207254e+05 7.207371e+05 7.207561e+05 7.207839e+05 7.208220e+05 7.208718e+05 7.209342e+05 7.210103e+05 7.215795e+05 7.218652e+05 7.194609e+05 7.103140e+05 6.901673e+05 6.562355e+05 5.499590e+05 4.212497e+05 3.068491e+05 2.212952e+05 1.620129e+05 1.217976e+05 2.820893e+04 2.129161e+04 2.039281e+04 2.017378e+04
7.680282e+05 7.680282e+05 7.680282e+05 7.680282e+05 7.680283e+05 7.680308e+05 7.680387e+05 7.680702e+05 7.680938e+05 7.681225e+05 7.681948e+05 7.682858e+05 7.683942e+05 7.685187e+05 7.686584e+05 7.688125e+05 7.689806e+05 7.699797e+05 7.705651e+05 7.681559e+05 7.584322e+05 7.368634e+05 7.004971e+05 5.866344e+05 4.488586e+05 3.265099e+05 2.350925e+05 1.718023e+05 1.289050e+05 2.925090e+04 2.176280e+04 2.067926e+04 2.036279e+04
8.175473e+05 8.175473e+05 8.175473e+05 8.175473e+05 8.175474e+05 8.175499e+05 8.175578e+05 8.175894e+05 8.176130e+05 8.176419e+05 8.177154e+05 8.178097e+05 8.179249e+05 8.180607e+05 8.182169e+05 8.183930e+05 8.185884e+05 8.197851e+05 8.205679e+05 8.181231e+05 8.078140e+05 7.848034e+05 7.459546e+05 6.243161e+05 4.772232e+05 3.467009e+05 2.492541e+05 1.818440e+05 1.361909e+05 3.030929e+04 2.223524e+04 2.096295e+04 2.054888e+04
8.695781e+05 8.695781e+05 8.695781e+05 8.695781e+05 8.695782e+05 8.695807e+05 8.695887e+05 8.696203e+05 8.696441e+05 8.696730e+05 8.697467e+05 8.698411e+05 8.699560e+05 8.700912e+05 8.702464e+05 8.704213e+05 8.706155e+05 8.718139e+05 8.725758e+05 8.699022e+05 8.588424e+05 8.342390e+05 7.927577e+05 6.630304e+05 5.063219e+05 3.673906e+05 2.637515e+05 1.921153e+05 1.436379e+05 3.138148e+04 2.270793e+04 2.124338e+04 2.073174e+04
9.240231e+05 9.240231e+05 9.240231e+05 9.240231e+05 9.240231e+05 9.240253e+05 9.240318e+05 9.240582e+05 9.240782e+05 9.241027e+05 9.241658e+05 9.242477e+05 9.243485e+05 9.244682e+05 9.246067e+05 9.247640e+05 9.249399e+05 9.260359e+05 9.266409e+05 9.235810e+05 9.116012e+05 8.852283e+05 8.409322e+05 7.027518e+05 5.361103e+05 3.885364e+05 2.785506e+05 2.025906e+05 1.512268e+05 3.246477e+04 2.317989e+04 2.152007e+04 2.091103e+04
9.801858e+05 9.801858e+05 9.801858e+05 9.801859e+05 9.801859e+05 9.801880e+05 9.801946e+05 9.802208e+05 9.802404e+05 9.802644e+05 9.803251e+05 9.804028e+05 9.804971e+05 9.806081e+05 9.807355e+05 9.808795e+05 9.810398e+05 9.820263e+05 9.824310e+05 9.789051e+05 9.658933e+05 9.376120e+05 8.903431e+05 7.433753e+05 5.665075e+05 4.100789e+05 2.936094e+05 2.132401e+05 1.589366e+05 3.355639e+04 2.365008e+04 2.179258e+04 2.108645e+04
1.037684e+06 1.037684e+06 1.037684e+06 1.037684e+06 1.037685e+06 1.037686e+06 1.037692e+06 1.037714e+06 1.037731e+06 1.037751e+06 1.037803e+06 1.037871e+06 1.037953e+06 1.038051e+06 1.038164e+06 1.038293e+06 1.038437e+06 1.039312e+06 1.039504e+06 1.035476e+06 1.021370e+06 9.910898e+05 9.407357e+05 7.847245e+05 5.973964e+05 4.319421e+05 3.088780e+05 2.240305e+05 1.667440e+05 3.465356e+04 2.411752e+04 2.206044e+04 2.125771e+04
1.096001e+06 1.096001e+06 1.096001e+06 1.096001e+06 1.096001e+06 1.096003e+06 1.096009e+06 1.096031e+06 1.096047e+06 1.096067e+06 1.096118e+06 1.096181e+06 1.096258e+06 1.096347e+06 1.096449e+06 1.096564e+06 1.096691e+06 1.097444e+06 1.097407e+06 1.092857e+06 1.077621e+06 1.045294e+06 9.917904e+05 8.265770e+05 6.286341e+05 4.540369e+05 3.243005e+05 2.349256e+05 1.746247e+05 3.575346e+04 2.458120e+04 2.232324e+04 2.142453e+04
1.154807e+06 1.154807e+06 1.154807e+06 1.154807e+06 1.154807e+06 1.154809e+06 1.154812e+06 1.154828e+06 1.154839e+06 1.154853e+06 1.154889e+06 1.154936e+06 1.154993e+06 1.155061e+06 1.155141e+06 1.155231e+06 1.155333e+06 1.155939e+06 1.155665e+06 1.150590e+06 1.134224e+06 1.099840e+06 1.043168e+06 8.686934e+05 6.600669e+05 4.762688e+05 3.398184e+05 2.458878e+05 1.825536e+05 3.685329e+04 2.504013e+04 2.258056e+04 2.158666e+04
1.213291e+06 1.213291e+06 1.213291e+06 1.213291e+06 1.213291e+06 1.213293e+06 1.213297e+06 1.213312e+06 1.213323e+06 1.213337e+06 1.213371e+06 1.213415e+06 1.213468e+06 1.213530e+06 1.213602e+06 1.213683e+06 1.213773e+06 1.214287e+06 1.213816e+06 1.208248e+06 1.190778e+06 1.154363e+06 1.094545e+06 9.108423e+05 6.915449e+05 4.985449e+05 3.553741e+05 2.568803e+05 1.905059e+05 3.795026e+04 2.549334e+04 2.283200e+04 2.174387e+04
1.271299e+06 1.271299e+06 1.271299e+06 1.271299e+06 1.271299e+06 1.271300e+06 1.271304e+06 1.271317e+06 1.271326e+06 1.271338e+06 1.271368e+06 1.271407e+06 1.271454e+06 1.271509e+06 1.271573e+06 1.271645e+06 1.271725e+06 1.272163e+06 1.271517e+06 1.265486e+06 1.246952e+06 1.208554e+06 1.145645e+06 9.528212e+05 7.229344e+05 5.207811e+05 3.709143e+05 2.678685e+05 1.984581e+05 3.904159e+04 2.593989e+04 2.307719e+04 2.189592e+04
1.328632e+06 1.328632e+06 1.328632e+06 1.328632e+06 1.328632e+06 1.328633e+06 1.328636e+06 1.328648e+06 1.328657e+06 1.328667e+06 1.328693e+06 1.328725e+06 1.328764e+06 1.328809e+06 1.328861e+06 1.328919e+06 1.328984e+06 1.329322e+06 1.328502e+06 1.322036e+06 1.302489e+06 1.262176e+06 1.196254e+06 9.944712e+05 7.541271e+05 5.429064e+05 3.863927e+05 2.788211e+05 2.063886e+05 4.012459e+04 2.637886e+04 2.331577e+04 2.204261e+04
1.384960e+06 1.384960e+06 1.384960e+06 1.384960e+06 1.384961e+06 1.384961e+06 1.384963e+06 1.384970e+06 1.384975e+06 1.384982e+06 1.384998e+06 1.385019e+06 1.385045e+06 1.385076e+06 1.385113e+06 1.385155e+06 1.385204e+06 1.385466e+06 1.384524e+06 1.377691e+06 1.357212e+06 1.315073e+06 1.246235e+06 1.035685e+06 7.850446e+05 5.648659e+05 4.017711e+05 2.897112e+05 2.142778e+05 4.119659e+04 2.680936e+04 2.354740e+04 2.218376e+04
1.439774e+06 1.439774e+06 1.439774e+06 1.439774e+06 1.439774e+06 1.439775e+06 1.439777e+06 1.439785e+06 1.439791e+06 1.439799e+06 1.439821e+06 1.439850e+06 1.439886e+06 1.439929e+06 1.439979e+06 1.440037e+06 1.440101e+06 1.440437e+06 1.439499e+06 1.432403e+06 1.411081e+06 1.367204e+06 1.295540e+06 1.076411e+06 8.156384e+05 5.866202e+05 4.170193e+05 3.005160e+05 2.221083e+05 4.225501e+04 2.723054e+04 2.377178e+04 2.231920e+04
1.493679e+06 1.493679e+06 1.493679e+06 1.493679e+06 1.493679e+06 1.493680e+06 1.493684e+06 1.493699e+06 1.493710e+06 1.493724e+06 1.493759e+06 1.493803e+06 1.493857e+06 1.493919e+06 1.493990e+06 1.494069e+06 1.494156e+06 1.494594e+06 1.493679e+06 1.486340e+06 1.464204e+06 1.418632e+06 1.344200e+06 1.116639e+06 8.458832e+05 6.081422e+05 4.321134e+05 3.112160e+05 2.298646e+05 4.329732e+04 2.764160e+04 2.398859e+04 2.244878e+04
1.547556e+06 1.547556e+06 1.547556e+06 1.547556e+06 1.547556e+06 1.547558e+06 1.547561e+06 1.547576e+06 1.547586e+06 1.547599e+06 1.547629e+06 1.547668e+06 1.547714e+06 1.547767e+06 1.547828e+06 1.547897e+06 1.547972e+06 1.548356e+06 1.547349e+06 1.539694e+06 1.516711e+06 1.469442e+06 1.392266e+06 1.156377e+06 8.757668e+05 6.294123e+05 4.470337e+05 3.217939e+05 2.375322e+05 4.432110e+04 2.804177e+04 2.419758e+04 2.257237e+04
1.601041e+06 1.601041e+06 1.601041e+06 1.601041e+06 1.601041e+06 1.601042e+06 1.601044e+06 1.601052e+06 1.601058e+06 1.601065e+06 1.601084e+06 1.601109e+06 1.601139e+06 1.601175e+06 1.601218e+06 1.601267e+06 1.601322e+06 1.601610e+06 1.600474e+06 1.592478e+06 1.568634e+06 1.519670e+06 1.439769e+06 1.195633e+06 9.052789e+05 6.504131e+05 4.617619e+05 3.322332e+05 2.450974e+05 4.532401e+04 2.843032e+04 2.439850e+04 2.268985e+04
1.653465e+06 1.653465e+06 1.653465e+06 1.653465e+06 1.653465e+06 1.653465e+06 1.653467e+06 1.653476e+06 1.653482e+06 1.653490e+06 1.653511e+06 1.653538e+06 1.653573e+06 1.653615e+06 1.653663e+06 1.653719e+06 1.653782e+06 1.654098e+06 1.652923e+06 1.644636e+06 1.619958e+06 1.569318e+06 1.486713e+06 1.234401e+06 9.344034e+05 6.711244e+05 4.762786e+05 3.425170e+05 2.525459e+05 4.630380e+04 2.880658e+04 2.459111e+04 2.280113e+04
1.705155e+06 1.705155e+06 1.705155e+06 1.705155e+06 1.705155e+06 1.705156e+06 1.705160e+06 1.705174e+06 1.705184e+06 1.705197e+06 1.705229e+06 1.705270e+06 1.705320e+06 1.705378e+06 1.705443e+06 1.705517e+06 1.705597e+06 1.705985e+06 1.704793e+06 1.696222e+06 1.670709e+06 1.618391e+06 1.533091e+06 1.272658e+06 9.631129e+05 6.915197e+05 4.905608e+05 3.526265e+05 2.598629e+05 4.725834e+04 2.916994e+04 2.477523e+04 2.290612e+04
1.756831e+06 1.756831e+06 1.756831e+06 1.756831e+06 1.756831e+06 1.756832e+06 1.756836e+06 1.756849e+06 1.756860e+06 1.756872e+06 1.756903e+06 1.756942e+06 1.756987e+06 1.757040e+06 1.757098e+06 1.757163e+06 1.757233e+06 1.757555e+06 1.756231e+06 1.747293e+06 1.720889e+06 1.666865e+06 1.578862e+06 1.310358e+06 9.913635e+05 7.115635e+05 5.045809e+05 3.625406e+05 2.670321e+05 4.818557e+04 2.951982e+04 2.495068e+04 2.300476e+04
1.808281e+06 1.808281e+06 1.808281e+06 1.808281e+06 1.808281e+06 1.808282e+06 1.808283e+06 1.808287e+06 1.808290e+06 1.808294e+06 1.808304e+06 1.808318e+06 1.808335e+06 1.808357e+06 1.808384e+06 1.808416e+06 1.808452e+06 1.808601e+06 1.807066e+06 1.797705e+06 1.770376e+06 1.714629e+06 1.623928e+06 1.347418e+06 1.019093e+06 7.312094e+05 5.183055e+05 3.722352e+05 2.740358e+05 4.908359e+04 2.985570e+04 2.511729e+04 2.309700e+04
1.858341e+06 1.858341e+06 1.858341e+06 1.858341e+06 1.858341e+06 1.858341e+06 1.858342e+06 1.858346e+06 1.858349e+06 1.858353e+06 1.858363e+06 1.858375e+06 1.858390e+06 1.858409e+06 1.858432e+06 1.858458e+06 1.858488e+06 1.858586e+06 1.856924e+06 1.847190e+06 1.818964e+06 1.761514e+06 1.668142e+06 1.383727e+06 1.046218e+06 7.504003e+05 5.316954e+05 3.816830e+05 2.808547e+05 4.995060e+04 3.017714e+04 2.527496e+04 2.318282e+04
1.906969e+06 1.906969e+06 1.906969e+06 1.906969e+06 1.906969e+06 1.906970e+06 1.906972e+06 1.906981e+06 1.906987e+06 1.906995e+06 1.907015e+06 1.907039e+06 1.907068e+06 1.907101e+06 1.907139e+06 1.907180e+06 1.907225e+06 1.907376e+06 1.905660e+06 1.895591e+06 1.866485e+06 1.807351e+06 1.711340e+06 1.419148e+06 1.072641e+06 7.690694e+05 5.447062e+05 3.908544e+05 2.874686e+05 5.078495e+04 3.048372e+04 2.542356e+04 2.326218e+04
1.954827e+06 1.954827e+06 1.954827e+06 1.954827e+06 1.954827e+06 1.954827e+06 1.954829e+06 1.954838e+06 1.954845e+06 1.954853e+06 1.954873e+06 1.954898e+06 1.954929e+06 1.954964e+06 1.955002e+06 1.955044e+06 1.955087e+06 1.955192e+06 1.953319e+06 1.942828e+06 1.912787e+06 1.851953e+06 1.753329e+06 1.453520e+06 1.098248e+06 7.871421e+05 5.572900e+05 3.997180e+05 2.938563e+05 5.158511e+04 3.077509e+04 2.556302e+04 2.333510e+04
2.002113e+06 2.002113e+06 2.002113e+06 2.002113e+06 2.002113e+06 2.002112e+06 2.002111e+06 2.002107e+06 2.002105e+06 2.002103e+06 2.002099e+06 2.002093e+06 2.002087e+06 2.002080e+06 2.002073e+06 2.002064e+06 2.002055e+06 2.001868e+06 1.999644e+06 1.988607e+06 1.957572e+06 1.895037e+06 1.793854e+06 1.486656e+06 1.122914e+06 8.045395e+05 5.693970e+05 4.082418e+05 2.999967e+05 5.234972e+04 3.105098e+04 2.569329e+04 2.340157e+04
2.047172e+06 2.047172e+06 2.047172e+06 2.047172e+06 2.047172e+06 2.047171e+06 2.047168e+06 2.047158e+06 2.047151e+06 2.047141e+06 2.047118e+06 2.047087e+06 2.047050e+06 2.047008e+06 2.046960e+06 2.046908e+06 2.046851e+06 2.046405e+06 2.043873e+06 2.032342e+06 2.000381e+06 1.936238e+06 1.832617e+06 1.518359e+06 1.146514e+06 8.211832e+05 5.809783e+05 4.163948e+05 3.058694e+05 5.307759e+04 3.131114e+04 2.581433e+04 2.346162e+04
2.088654e+06 2.088654e+06 2.088654e+06 2.088654e+06 2.088654e+06 2.088653e+06 2.088650e+06 2.088640e+06 2.088633e+06 2.088624e+06 2.088602e+06 2.088575e+06 2.088545e+06 2.088510e+06 2.088471e+06 2.088429e+06 2.088382e+06 2.087970e+06 2.085384e+06 2.073560e+06 2.040841e+06 1.975252e+06 1.869368e+06 1.548456e+06 1.168932e+06 8.370006e+05 5.919885e+05 4.241481e+05 3.114557e+05 5.376768e+04 3.155540e+04 2.592612e+04 2.351528e+04
