1.232262e+06 6.636457e+05 5.339081e+05 3.232815e+05 2.552498e+05 1.421205e+05 1.140955e+05 9.367497e+04 8.829746e+04 8.428383e+04 7.860786e+04 7.469211e+04 7.171203e+04 6.926128e+04 6.713451e+04 6.522964e+04 6.349692e+04 5.685909e+04 5.304341e+04 5.146764e+04 5.157804e+04 5.279664e+04 5.453328e+04 5.781223e+04 6.014945e+04 6.270059e+04 6.671868e+04 7.282128e+04 8.122133e+04 2.849847e+05 6.066281e+05 8.978364e+05 1.104249e+06
1.045227e+05 1.045227e+05 1.045229e+05 1.045206e+05 1.044861e+05 1.020753e+05 9.724017e+04 8.717301e+04 8.370920e+04 8.084123e+04 7.642850e+04 7.317148e+04 7.058299e+04 6.838464e+04 6.643018e+04 6.464856e+04 6.300771e+04 5.661797e+04 5.292393e+04 5.142897e+04 5.160019e+04 5.286535e+04 5.463524e+04 5.794525e+04 6.028630e+04 6.283854e+04 6.686588e+04 7.298713e+04 8.141344e+04 2.855663e+05 6.074487e+05 8.986440e+05 1.104914e+06
8.662909e+04 8.662912e+04 8.662918e+04 8.662988e+04 8.662793e+04 8.607830e+04 8.472525e+04 8.111880e+04 7.868923e+04 7.677029e+04 7.379768e+04 7.136115e+04 6.926079e+04 6.737215e+04 6.562558e+04 6.399062e+04 6.245791e+04 5.635490e+04 5.279699e+04 5.138976e+04 5.162546e+04 5.293903e+04 5.474292e+04 5.808360e+04 6.042744e+04 6.298011e+04 6.701650e+04 7.315650e+04 8.160930e+04 2.861539e+05 6.082746e+05 8.994551e+05 1.105580e+06
7.822705e+04 7.822707e+04 7.822710e+04 7.822766e+04 7.822821e+04 7.809674e+04 7.728694e+04 7.618091e+04 7.516110e+04 7.378607e+04 7.126762e+04 6.943488e+04 6.781473e+04 6.625537e+04 6.473630e+04 6.326387e+04 6.185186e+04 5.607038e+04 5.266299e+04 5.135040e+04 5.165418e+04 5.301798e+04 5.485654e+04 5.822741e+04 6.057293e+04 6.312533e+04 6.717057e+04 7.332942e+04 8.180896e+04 2.867474e+05 6.091058e+05 9.002697e+05 1.106249e+06
7.312284e+04 7.312285e+04 7.312287e+04 7.312327e+04 7.312395e+04 7.308283e+04 7.271973e+04 7.180153e+04 7.160959e+04 7.116228e+04 6.953754e+04 6.782661e+04 6.640240e+04 6.510078e+04 6.379308e+04 6.248354e+04 6.119750e+04 5.576525e+04 5.252241e+04 5.131130e+04 5.168672e+04 5.310251e+04 5.497636e+04 5.837679e+04 6.072284e+04 6.327425e+04 6.732813e+04 7.350594e+04 8.201248e+04 2.873470e+05 6.099424e+05 9.010878e+05 1.106920e+06
6.960573e+04 6.960573e+04 6.960575e+04 6.960610e+04 6.960697e+04 6.960977e+04 6.947808e+04 6.875134e+04 6.861503e+04 6.855825e+04 6.795498e+04 6.670696e+04 6.532716e+04 6.404250e+04 6.285666e+04 6.167966e+04 6.051065e+04 5.544108e+04 5.237587e+04 5.127291e+04 5.172345e+04 5.319292e+04 5.510259e+04 5.853188e+04 6.087722e+04 6.342691e+04 6.748922e+04 7.368609e+04 8.221989e+04 2.879527e+05 6.107843e+05 9.019095e+05 1.107593e+06
6.721019e+04 6.721019e+04 6.721021e+04 6.721054e+04 6.721139e+04 6.721803e+04 6.716702e+04 6.667590e+04 6.647286e+04 6.642195e+04 6.632149e+04 6.565199e+04 6.452560e+04 6.326689e+04 6.204187e+04 6.090651e+04 5.982024e+04 5.510071e+04 5.222424e+04 5.123576e+04 5.176476e+04 5.328951e+04 5.523548e+04 5.869279e+04 6.103613e+04 6.358335e+04 6.765388e+04 7.386993e+04 8.243124e+04 2.885645e+05 6.116316e+05 9.027348e+05 1.108267e+06
6.549265e+04 6.549265e+04 6.549266e+04 6.549295e+04 6.549372e+04 6.550513e+04 6.549302e+04 6.519430e+04 6.497960e+04 6.485393e+04 6.481058e+04 6.452450e+04 6.373790e+04 6.263239e+04 6.143186e+04 6.026081e+04 5.917525e+04 5.474893e+04 5.206876e+04 5.120046e+04 5.181107e+04 5.339259e+04 5.537524e+04 5.885963e+04 6.119962e+04 6.374360e+04 6.782214e+04 7.405748e+04 8.264657e+04 2.891824e+05 6.124843e+05 9.035636e+05 1.108944e+06
6.424055e+04 6.424055e+04 6.424056e+04 6.424082e+04 6.424153e+04 6.425476e+04 6.426326e+04 6.409313e+04 6.390021e+04 6.371890e+04 6.354233e+04 6.337633e+04 6.286607e+04 6.198296e+04 6.089275e+04 5.975206e+04 5.865177e+04 5.439322e+04 5.191114e+04 5.116774e+04 5.186283e+04 5.350249e+04 5.552212e+04 5.903250e+04 6.136775e+04 6.390770e+04 6.799404e+04 7.424880e+04 8.286594e+04 2.898065e+05 6.133424e+05 9.043960e+05 1.109623e+06
6.333643e+04 6.333643e+04 6.333644e+04 6.333667e+04 6.333731e+04 6.335080e+04 6.336805e+04 6.324777e+04 6.306521e+04 6.284519e+04 6.249908e+04 6.228088e+04 6.191876e+04 6.125144e+04 6.032861e+04 5.928083e+04 5.821805e+04 5.404449e+04 5.175382e+04 5.113852e+04 5.192056e+04 5.361953e+04 5.567632e+04 5.921150e+04 6.154055e+04 6.407567e+04 6.816962e+04 7.444391e+04 8.308937e+04 2.904369e+05 6.142059e+05 9.052319e+05 1.110303e+06
6.269682e+04 6.269682e+04 6.269683e+04 6.269703e+04 6.269761e+04 6.271020e+04 6.271219e+04 6.252951e+04 6.232610e+04 6.207291e+04 6.159096e+04 6.126202e+04 6.094193e+04 6.043690e+04 5.969583e+04 5.878639e+04 5.780739e+04 5.371802e+04 5.160001e+04 5.111393e+04 5.198481e+04 5.374407e+04 5.583810e+04 5.939673e+04 6.171807e+04 6.424754e+04 6.834889e+04 7.464285e+04 8.331692e+04 2.910735e+05 6.150749e+05 9.060714e+05 1.110986e+06
5.423493e+04 5.423493e+04 5.423493e+04 5.423499e+04 5.423516e+04 5.423995e+04 5.425248e+04 5.429002e+04 5.431028e+04 5.432724e+04 5.433249e+04 5.426943e+04 5.412833e+04 5.393386e+04 5.372119e+04 5.351354e+04 5.331633e+04 5.225604e+04 5.137104e+04 5.164604e+04 5.320621e+04 5.551431e+04 5.793493e+04 6.161133e+04 6.375894e+04 6.618536e+04 7.035103e+04 7.685098e+04 8.582792e+04 2.977940e+05 6.240687e+05 9.146639e+05 1.117922e+06
5.320213e+04 5.320213e+04 5.320213e+04 5.320215e+04 5.320223e+04 5.320452e+04 5.321189e+04 5.324053e+04 5.326026e+04 5.328215e+04 5.332425e+04 5.334423e+04 5.331945e+04 5.323964e+04 5.311050e+04 5.295003e+04 5.278167e+04 5.241680e+04 5.311975e+04 5.456115e+04 5.658809e+04 5.896251e+04 6.127974e+04 6.457197e+04 6.630114e+04 6.853112e+04 7.274970e+04 7.947964e+04 8.879533e+04 3.051863e+05 6.336274e+05 9.236174e+05 1.125055e+06
5.539172e+04 5.539172e+04 5.539172e+04 5.539176e+04 5.539190e+04 5.539606e+04 5.540868e+04 5.545713e+04 5.549207e+04 5.553324e+04 5.562778e+04 5.572154e+04 5.579405e+04 5.583318e+04 5.583707e+04 5.581179e+04 5.576848e+04 5.575745e+04 5.687936e+04 5.911801e+04 6.183289e+04 6.442543e+04 6.648966e+04 6.858842e+04 6.941429e+04 7.131091e+04 7.557195e+04 8.256372e+04 9.226041e+04 3.132890e+05 6.437675e+05 9.329346e+05 1.132382e+06
6.130222e+04 6.130222e+04 6.130222e+04 6.130226e+04 6.130237e+04 6.130565e+04 6.131497e+04 6.135031e+04 6.137718e+04 6.141028e+04 6.149113e+04 6.157866e+04 6.165720e+04 6.171830e+04 6.176178e+04 6.179303e+04 6.182003e+04 6.218370e+04 6.347141e+04 6.579686e+04 6.860935e+04 7.115901e+04 7.290082e+04 7.373049e+04 7.332163e+04 7.462004e+04 7.887710e+04 8.615553e+04 9.627426e+04 3.221398e+05 6.545035e+05 9.426166e+05 1.139900e+06
6.954291e+04 6.954291e+04 6.954292e+04 6.954296e+04 6.954311e+04 6.954780e+04 6.956222e+04 6.961894e+04 6.966092e+04 6.971150e+04 6.983409e+04 6.997309e+04 7.011360e+04 7.024680e+04 7.037128e+04 7.049079e+04 7.061151e+04 7.143055e+04 7.285516e+04 7.485687e+04 7.706836e+04 7.892325e+04 7.994193e+04 7.934651e+04 7.787222e+04 7.864754e+04 8.281044e+04 9.035009e+04 1.009128e+05 3.317752e+05 6.658486e+05 9.526633e+05 1.147604e+06
8.156331e+04 8.156331e+04 8.156331e+04 8.156333e+04 8.156339e+04 8.156531e+04 8.157171e+04 8.160426e+04 8.163245e+04 8.166895e+04 8.176438e+04 8.188093e+04 8.200779e+04 8.213922e+04 8.227498e+04 8.241790e+04 8.257135e+04 8.353703e+04 8.470908e+04 8.588499e+04 8.688520e+04 8.742747e+04 8.724424e+04 8.492712e+04 8.263643e+04 8.321779e+04 8.751855e+04 9.533249e+04 1.062994e+05 3.422315e+05 6.778137e+05 9.630733e+05 1.155490e+06
9.596145e+04 9.596145e+04 9.596145e+04 9.596151e+04 9.596170e+04 9.596750e+04 9.598552e+04 9.605694e+04 9.611015e+04 9.617468e+04 9.633427e+04 9.652405e+04 9.672905e+04 9.693628e+04 9.713661e+04 9.732419e+04 9.749549e+04 9.805900e+04 9.812624e+04 9.778094e+04 9.708084e+04 9.595417e+04 9.431819e+04 9.015424e+04 8.733452e+04 8.811157e+04 9.286909e+04 1.011913e+05 1.126356e+05 3.535458e+05 6.904080e+05 9.738437e+05 1.163551e+06
1.153144e+05 1.153144e+05 1.153144e+05 1.153144e+05 1.153145e+05 1.153173e+05 1.153220e+05 1.153329e+05 1.153393e+05 1.153463e+05 1.153568e+05 1.153483e+05 1.153033e+05 1.152112e+05 1.150693e+05 1.148804e+05 1.146493e+05 1.130387e+05 1.109801e+05 1.086871e+05 1.062068e+05 1.034876e+05 1.005288e+05 9.482970e+04 9.185672e+04 9.321769e+04 9.876071e+04 1.078386e+05 1.199494e+05 3.657576e+05 7.036390e+05 9.849701e+05 1.171782e+06
1.294087e+05 1.294087e+05 1.294087e+05 1.294086e+05 1.294086e+05 1.294067e+05 1.294004e+05 1.293691e+05 1.293421e+05 1.293066e+05 1.292043e+05 1.290434e+05 1.288048e+05 1.284806e+05 1.280744e+05 1.275967e+05 1.270601e+05 1.238490e+05 1.202764e+05 1.166254e+05 1.129297e+05 1.091480e+05 1.053423e+05 9.885317e+04 9.622966e+04 9.853858e+04 1.051574e+05 1.152242e+05 1.281838e+05 3.789107e+05 7.175124e+05 9.964467e+05 1.180174e+06
1.336006e+05 1.336006e+05 1.336006e+05 1.336006e+05 1.336006e+05 1.335993e+05 1.335953e+05 1.335792e+05 1.335670e+05 1.335515e+05 1.335037e+05 1.334138e+05 1.332574e+05 1.330204e+05 1.326997e+05 1.323002e+05 1.318299e+05 1.287173e+05 1.249176e+05 1.208830e+05 1.167670e+05 1.126144e+05 1.085731e+05 1.022508e+05 1.005668e+05 1.041643e+05 1.120899e+05 1.233360e+05 1.373089e+05 3.930560e+05 7.320327e+05 1.008266e+06 1.188719e+06
1.340849e+05 1.340849e+05 1.340849e+05 1.340849e+05 1.340849e+05 1.340843e+05 1.340823e+05 1.340733e+05 1.340658e+05 1.340553e+05 1.340189e+05 1.339422e+05 1.338023e+05 1.335861e+05 1.332914e+05 1.329230e+05 1.324888e+05 1.295941e+05 1.259939e+05 1.221079e+05 1.181246e+05 1.141543e+05 1.104152e+05 1.051804e+05 1.050302e+05 1.102316e+05 1.196409e+05 1.322024e+05 1.473185e+05 4.082540e+05 7.472030e+05 1.020420e+06 1.197409e+06
1.321786e+05 1.321786e+05 1.321786e+05 1.321786e+05 1.321786e+05 1.321781e+05 1.321766e+05 1.321690e+05 1.321624e+05 1.321535e+05 1.321222e+05 1.320545e+05 1.319286e+05 1.317322e+05 1.314636e+05 1.311275e+05 1.307313e+05 1.281002e+05 1.248401e+05 1.213328e+05 1.177798e+05 1.143434e+05 1.112932e+05 1.078917e+05 1.098031e+05 1.168903e+05 1.279201e+05 1.418855e+05 1.582337e+05 4.245803e+05 7.630258e+05 1.032899e+06 1.206234e+06
1.288700e+05 1.288700e+05 1.288700e+05 1.288700e+05 1.288700e+05 1.288698e+05 1.288690e+05 1.288659e+05 1.288633e+05 1.288596e+05 1.288427e+05 1.287957e+05 1.286979e+05 1.285372e+05 1.283113e+05 1.280242e+05 1.276825e+05 1.253821e+05 1.225269e+05 1.194942e+05 1.165159e+05 1.138131e+05 1.116994e+05 1.106718e+05 1.150697e+05 1.242831e+05 1.370436e+05 1.524692e+05 1.701024e+05 4.421335e+05 7.795032e+05 1.045691e+06 1.215183e+06
1.253957e+05 1.253957e+05 1.253957e+05 1.253957e+05 1.253957e+05 1.253956e+05 1.253952e+05 1.253932e+05 1.253916e+05 1.253890e+05 1.253757e+05 1.253357e+05 1.252498e+05 1.251071e+05 1.249057e+05 1.246497e+05 1.243453e+05 1.223174e+05 1.198559e+05 1.173260e+05 1.149882e+05 1.131260e+05 1.120966e+05 1.138019e+05 1.210020e+05 1.325376e+05 1.471222e+05 1.640474e+05 1.829929e+05 4.610626e+05 7.966378e+05 1.058785e+06 1.224245e+06
1.220286e+05 1.220286e+05 1.220286e+05 1.220286e+05 1.220286e+05 1.220285e+05 1.220282e+05 1.220274e+05 1.220268e+05 1.220256e+05 1.220170e+05 1.219855e+05 1.219135e+05 1.217913e+05 1.216174e+05 1.213957e+05 1.211323e+05 1.193979e+05 1.173560e+05 1.153605e+05 1.137050e+05 1.127431e+05 1.128802e+05 1.175358e+05 1.277547e+05 1.417660e+05 1.582575e+05 1.767159e+05 1.969878e+05 4.814296e+05 8.144326e+05 1.072167e+06 1.233409e+06
1.190761e+05 1.190761e+05 1.190761e+05 1.190761e+05 1.190761e+05 1.190762e+05 1.190766e+05 1.190789e+05 1.190807e+05 1.190828e+05 1.190829e+05 1.190650e+05 1.190136e+05 1.189199e+05 1.187827e+05 1.186056e+05 1.183941e+05 1.170096e+05 1.154351e+05 1.140107e+05 1.130677e+05 1.130361e+05 1.143773e+05 1.220928e+05 1.354649e+05 1.520687e+05 1.705424e+05 1.905693e+05 2.121776e+05 5.031792e+05 8.328926e+05 1.085823e+06 1.242662e+06
1.169405e+05 1.169405e+05 1.169405e+05 1.169405e+05 1.169406e+05 1.169413e+05 1.169436e+05 1.169520e+05 1.169580e+05 1.169651e+05 1.169780e+05 1.169784e+05 1.169530e+05 1.168943e+05 1.168013e+05 1.166768e+05 1.165257e+05 1.155320e+05 1.144566e+05 1.136239e+05 1.134033e+05 1.143053e+05 1.168531e+05 1.276572e+05 1.442540e+05 1.635377e+05 1.840651e+05 2.057008e+05 2.286570e+05 5.262711e+05 8.520251e+05 1.099740e+06 1.251992e+06
1.161595e+05 1.161595e+05 1.161595e+05 1.161595e+05 1.161595e+05 1.161603e+05 1.161627e+05 1.161723e+05 1.161794e+05 1.161877e+05 1.162051e+05 1.162148e+05 1.162064e+05 1.161740e+05 1.161168e+05 1.160375e+05 1.159400e+05 1.153151e+05 1.147296e+05 1.144810e+05 1.149692e+05 1.167835e+05 1.205134e+05 1.343785e+05 1.542291e+05 1.762611e+05 1.989118e+05 2.222025e+05 2.465228e+05 5.506650e+05 8.718412e+05 1.113903e+06 1.261385e+06
1.168351e+05 1.168351e+05 1.168351e+05 1.168351e+05 1.168351e+05 1.168360e+05 1.168385e+05 1.168489e+05 1.168567e+05 1.168663e+05 1.168885e+05 1.169084e+05 1.169182e+05 1.169135e+05 1.168937e+05 1.168607e+05 1.168178e+05 1.165626e+05 1.164601e+05 1.167784e+05 1.179467e+05 1.206349e+05 1.255052e+05 1.423725e+05 1.654849e+05 1.903248e+05 2.151698e+05 2.401676e+05 2.658729e+05 5.763169e+05 8.923581e+05 1.128297e+06 1.270829e+06
1.191332e+05 1.191332e+05 1.191332e+05 1.191332e+05 1.191333e+05 1.191339e+05 1.191361e+05 1.191454e+05 1.191529e+05 1.191622e+05 1.191853e+05 1.192108e+05 1.192342e+05 1.192531e+05 1.192676e+05 1.192790e+05 1.192897e+05 1.194056e+05 1.197792e+05 1.206396e+05 1.224476e+05 1.259600e+05 1.319204e+05 1.517238e+05 1.781054e+05 2.058150e+05 2.329290e+05 2.596906e+05 2.868048e+05 6.031796e+05 9.136038e+05 1.142907e+06 1.280311e+06
1.229583e+05 1.229583e+05 1.229583e+05 1.229583e+05 1.229584e+05 1.229598e+05 1.229642e+05 1.229821e+05 1.229958e+05 1.230126e+05 1.230547e+05 1.231060e+05 1.231639e+05 1.232266e+05 1.232936e+05 1.233654e+05 1.234426e+05 1.239533e+05 1.247792e+05 1.261342e+05 1.285243e+05 1.328028e+05 1.398027e+05 1.624908e+05 1.921673e+05 2.228195e+05 2.522827e+05 2.808674e+05 3.094156e+05 6.312033e+05 9.356327e+05 1.157720e+06 1.289816e+06
1.290459e+05 1.290459e+05 1.290459e+05 1.290459e+05 1.290459e+05 1.290468e+05 1.290495e+05 1.290608e+05 1.290699e+05 1.290815e+05 1.291126e+05 1.291551e+05 1.292099e+05 1.292777e+05 1.293588e+05 1.294535e+05 1.295622e+05 1.303257e+05 1.315004e+05 1.332658e+05 1.361670e+05 1.411545e+05 1.491550e+05 1.747135e+05 2.077432e+05 2.414288e+05 2.733275e+05 3.037951e+05 3.337997e+05 6.603366e+05 9.584725e+05 1.172721e+06 1.299331e+06
1.366479e+05 1.366479e+05 1.366479e+05 1.366480e+05 1.366480e+05 1.366492e+05 1.366528e+05 1.366674e+05 1.366786e+05 1.366926e+05 1.367302e+05 1.367832e+05 1.368545e+05 1.369455e+05 1.370566e+05 1.371870e+05 1.373361e+05 1.383464e+05 1.398174e+05 1.419334e+05 1.452958e+05 1.509599e+05 1.599497e+05 1.884223e+05 2.249063e+05 2.617368e+05 2.961627e+05 3.285699e+05 3.600472e+05 6.905265e+05 9.820266e+05 1.187900e+06 1.308843e+06
1.458725e+05 1.458725e+05 1.458725e+05 1.458725e+05 1.458725e+05 1.458732e+05 1.458759e+05 1.458882e+05 1.458979e+05 1.459101e+05 1.459433e+05 1.459930e+05 1.460647e+05 1.461617e+05 1.462848e+05 1.464334e+05 1.466063e+05 1.478020e+05 1.495348e+05 1.519813e+05 1.557970e+05 1.621455e+05 1.721521e+05 2.036500e+05 2.437345e+05 2.838413e+05 3.208879e+05 3.552846e+05 3.882413e+05 7.217187e+05 1.006209e+06 1.203246e+06 1.318339e+06
1.561492e+05 1.561492e+05 1.561492e+05 1.561492e+05 1.561493e+05 1.561505e+05 1.561545e+05 1.561701e+05 1.561816e+05 1.561955e+05 1.562323e+05 1.562874e+05 1.563686e+05 1.564806e+05 1.566248e+05 1.568006e+05 1.570062e+05 1.584291e+05 1.604621e+05 1.632750e+05 1.675819e+05 1.746619e+05 1.857488e+05 2.204441e+05 2.643138e+05 3.078427e+05 3.476009e+05 3.840261e+05 4.184549e+05 7.538569e+05 1.030939e+06 1.218751e+06 1.327807e+06
1.673323e+05 1.673323e+05 1.673323e+05 1.673323e+05 1.673324e+05 1.673338e+05 1.673381e+05 1.673555e+05 1.673684e+05 1.673843e+05 1.674278e+05 1.674950e+05 1.675961e+05 1.677368e+05 1.679183e+05 1.681388e+05 1.683955e+05 1.701338e+05 1.725389e+05 1.757792e+05 1.806369e+05 1.885175e+05 2.007698e+05 2.388752e+05 2.867405e+05 3.338429e+05 3.763947e+05 4.148709e+05 4.507469e+05 7.868817e+05 1.056132e+06 1.234411e+06 1.337235e+06
1.798183e+05 1.798183e+05 1.798183e+05 1.798183e+05 1.798184e+05 1.798194e+05 1.798226e+05 1.798364e+05 1.798474e+05 1.798615e+05 1.799033e+05 1.799739e+05 1.800859e+05 1.802468e+05 1.804578e+05 1.807164e+05 1.810187e+05 1.830670e+05 1.858670e+05 1.895731e+05 1.950333e+05 2.037839e+05 2.172929e+05 2.590390e+05 3.111199e+05 3.619417e+05 4.073523e+05 4.478809e+05 4.851582e+05 8.207297e+05 1.081703e+06 1.250229e+06 1.346612e+06
1.936815e+05 1.936815e+05 1.936815e+05 1.936815e+05 1.936816e+05 1.936832e+05 1.936879e+05 1.937064e+05 1.937202e+05 1.937374e+05 1.937860e+05 1.938663e+05 1.939932e+05 1.941758e+05 1.944157e+05 1.947105e+05 1.950558e+05 1.974012e+05 2.005972e+05 2.047887e+05 2.108913e+05 2.205764e+05 2.354328e+05 2.810519e+05 3.375627e+05 3.922325e+05 4.405424e+05 4.830983e+05 5.217070e+05 8.553322e+05 1.107564e+06 1.266220e+06 1.355927e+06
2.089889e+05 2.089889e+05 2.089889e+05 2.089889e+05 2.089890e+05 2.089910e+05 2.089971e+05 2.090199e+05 2.090363e+05 2.090563e+05 2.091121e+05 2.092036e+05 2.093487e+05 2.095577e+05 2.098325e+05 2.101700e+05 2.105648e+05 2.132345e+05 2.168485e+05 2.215546e+05 2.283450e+05 2.390317e+05 2.553267e+05 3.050440e+05 3.661786e+05 4.247953e+05 4.760123e+05 5.205398e+05 5.603841e+05 8.906140e+05 1.133627e+06 1.282407e+06 1.365172e+06
2.259180e+05 2.259180e+05 2.259180e+05 2.259180e+05 2.259180e+05 2.259193e+05 2.259234e+05 2.259401e+05 2.259531e+05 2.259698e+05 2.260204e+05 2.261120e+05 2.262658e+05 2.264942e+05 2.267995e+05 2.271780e+05 2.276231e+05 2.306452e+05 2.347241e+05 2.399988e+05 2.475385e+05 2.593017e+05 2.771269e+05 3.311500e+05 3.970673e+05 4.596886e+05 5.137812e+05 5.601909e+05 6.011487e+05 9.264923e+05 1.159800e+06 1.298721e+06 1.374338e+06
2.443024e+05 2.443024e+05 2.443024e+05 2.443024e+05 2.443025e+05 2.443046e+05 2.443112e+05 2.443375e+05 2.443569e+05 2.443810e+05 2.444493e+05 2.445640e+05 2.447491e+05 2.450181e+05 2.453737e+05 2.458111e+05 2.463230e+05 2.497686e+05 2.543782e+05 2.602870e+05 2.686432e+05 2.815570e+05 3.009965e+05 3.594988e+05 4.303077e+05 4.969399e+05 5.538324e+05 6.020006e+05 6.439244e+05 9.628764e+05 1.185995e+06 1.315091e+06 1.383419e+06
2.647369e+05 2.647369e+05 2.647369e+05 2.647369e+05 2.647370e+05 2.647386e+05 2.647438e+05 2.647645e+05 2.647802e+05 2.648002e+05 2.648615e+05 2.649751e+05 2.651696e+05 2.654618e+05 2.658549e+05 2.663437e+05 2.669195e+05 2.708189e+05 2.760198e+05 2.826237e+05 2.918545e+05 3.059797e+05 3.270990e+05 3.902008e+05 4.659463e+05 5.365368e+05 5.961074e+05 6.458770e+05 6.885969e+05 9.996672e+05 1.212121e+06 1.331456e+06 1.392412e+06
2.869484e+05 2.869484e+05 2.869484e+05 2.869484e+05 2.869485e+05 2.869512e+05 2.869594e+05 2.869923e+05 2.870168e+05 2.870472e+05 2.871345e+05 2.872828e+05 2.875238e+05 2.878756e+05 2.883409e+05 2.889131e+05 2.895817e+05 2.940403e+05 2.998940e+05 3.072340e+05 3.173736e+05 3.327456e+05 3.555822e+05 4.233354e+05 5.039879e+05 5.784208e+05 6.405019e+05 6.916855e+05 7.350132e+05 1.036758e+06 1.238092e+06 1.347758e+06 1.401314e+06
3.120194e+05 3.120194e+05 3.120194e+05 3.120194e+05 3.120194e+05 3.120216e+05 3.120282e+05 3.120547e+05 3.120749e+05 3.121006e+05 3.121795e+05 3.123259e+05 3.125768e+05 3.129537e+05 3.134603e+05 3.140889e+05 3.148276e+05 3.197799e+05 3.262630e+05 3.343299e+05 3.453776e+05 3.620020e+05 3.865622e+05 4.589421e+05 5.443903e+05 6.224846e+05 6.868651e+05 7.392493e+05 7.829831e+05 1.074033e+06 1.263821e+06 1.363941e+06 1.410129e+06
3.395342e+05 3.395342e+05 3.395342e+05 3.395343e+05 3.395344e+05 3.395373e+05 3.395465e+05 3.395828e+05 3.396097e+05 3.396433e+05 3.397417e+05 3.399152e+05 3.402044e+05 3.406324e+05 3.412024e+05 3.419056e+05 3.427282e+05 3.481917e+05 3.552790e+05 3.640454e+05 3.759837e+05 3.938483e+05 4.201129e+05 4.970176e+05 5.870649e+05 6.685743e+05 7.350026e+05 7.883532e+05 8.322829e+05 1.111371e+06 1.289226e+06 1.379948e+06 1.418866e+06
3.701939e+05 3.701939e+05 3.701939e+05 3.701939e+05 3.701940e+05 3.701960e+05 3.702024e+05 3.702289e+05 3.702496e+05 3.702765e+05 3.703618e+05 3.705271e+05 3.708179e+05 3.712605e+05 3.718591e+05 3.726042e+05 3.734806e+05 3.793457e+05 3.869827e+05 3.964274e+05 4.092485e+05 4.283394e+05 4.562707e+05 5.375207e+05 6.318817e+05 7.164949e+05 7.846830e+05 8.387489e+05 8.826603e+05 1.148644e+06 1.314230e+06 1.395727e+06 1.427546e+06
4.031495e+05 4.031495e+05 4.031495e+05 4.031495e+05 4.031496e+05 4.031525e+05 4.031611e+05 4.031946e+05 4.032197e+05 4.032515e+05 4.033494e+05 4.035339e+05 4.038545e+05 4.043391e+05 4.049922e+05 4.058028e+05 4.067544e+05 4.130968e+05 4.213286e+05 4.314846e+05 4.452062e+05 4.655107e+05 4.950502e+05 5.803805e+05 6.786772e+05 7.660194e+05 8.356453e+05 8.901628e+05 9.338413e+05 1.185722e+06 1.338757e+06 1.411225e+06 1.436141e+06
4.388719e+05 4.388719e+05 4.388719e+05 4.388720e+05 4.388721e+05 4.388753e+05 4.388853e+05 4.389241e+05 4.389523e+05 4.389874e+05 4.390934e+05 4.392908e+05 4.396327e+05 4.401494e+05 4.408459e+05 4.417111e+05 4.427274e+05 4.495208e+05 4.583655e+05 4.692661e+05 4.839050e+05 5.053956e+05 5.364528e+05 6.255015e+05 7.272618e+05 8.168961e+05 8.876075e+05 9.423032e+05 9.855369e+05 1.222470e+06 1.362738e+06 1.426392e+06 1.444606e+06
4.774276e+05 4.774276e+05 4.774276e+05 4.774277e+05 4.774277e+05 4.774297e+05 4.774358e+05 4.774603e+05 4.774791e+05 4.775039e+05 4.775886e+05 4.777692e+05 4.781051e+05 4.786305e+05 4.793521e+05 4.802587e+05 4.813320e+05 4.885972e+05 4.981203e+05 5.098216e+05 5.253918e+05 5.480172e+05 5.804615e+05 6.727632e+05 7.774230e+05 8.688555e+05 9.402739e+05 9.948677e+05 1.037450e+06 1.258752e+06 1.386106e+06 1.441179e+06 1.452907e+06
5.176763e+05 5.176763e+05 5.176763e+05 5.176763e+05 5.176764e+05 5.176796e+05 5.176897e+05 5.177300e+05 5.177604e+05 5.177991e+05 5.179195e+05 5.181499e+05 5.185538e+05 5.191670e+05 5.199951e+05 5.210242e+05 5.222329e+05 5.302833e+05 5.406566e+05 5.532260e+05 5.697144e+05 5.933793e+05 6.270288e+05 7.220124e+05 8.289250e+05 9.216138e+05 9.933398e+05 1.047549e+06 1.089279e+06 1.294436e+06 1.408800e+06 1.455540e+06 1.461011e+06
5.614521e+05 5.614521e+05 5.614521e+05 5.614522e+05 5.614523e+05 5.614557e+05 5.614665e+05 5.615095e+05 5.615419e+05 5.615832e+05 5.617123e+05 5.619611e+05 5.623990e+05 5.630654e+05 5.639659e+05 5.650849e+05 5.663985e+05 5.751142e+05 5.862532e+05 5.996090e+05 6.169052e+05 6.414421e+05 6.760543e+05 7.730515e+05 8.815051e+05 9.748735e+05 1.046496e+06 1.100039e+06 1.140728e+06 1.329388e+06 1.430765e+06 1.469433e+06 1.468892e+06
6.090185e+05 6.090185e+05 6.090185e+05 6.090185e+05 6.090186e+05 6.090212e+05 6.090293e+05 6.090622e+05 6.090878e+05 6.091213e+05 6.092341e+05 6.094707e+05 6.099071e+05 6.105866e+05 6.115162e+05 6.126802e+05 6.140529e+05 6.232217e+05 6.349554e+05 6.489433e+05 6.668749e+05 6.920621e+05 7.273485e+05 8.256236e+05 9.348683e+05 1.028324e+06 1.099429e+06 1.152033e+06 1.191503e+06 1.363482e+06 1.451950e+06 1.482818e+06 1.476522e+06
6.591120e+05 6.591120e+05 6.591120e+05 6.591120e+05 6.591121e+05 6.591146e+05 6.591227e+05 6.591565e+05 6.591829e+05 6.592176e+05 6.593355e+05 6.595856e+05 6.600494e+05 6.607732e+05 6.617640e+05 6.630041e+05 6.644654e+05 6.741767e+05 6.864801e+05 7.009839e+05 7.193680e+05 7.449598e+05 7.806100e+05 8.794031e+05 9.886850e+05 1.081640e+06 1.151828e+06 1.203233e+06 1.241323e+06 1.396596e+06 1.472308e+06 1.495657e+06 1.483875e+06
7.118296e+05 7.118296e+05 7.118296e+05 7.118296e+05 7.118297e+05 7.118333e+05 7.118445e+05 7.118894e+05 7.119233e+05 7.119666e+05 7.121063e+05 7.123875e+05 7.128956e+05 7.136785e+05 7.147423e+05 7.160665e+05 7.176201e+05 7.278257e+05 7.405578e+05 7.553819e+05 7.739894e+05 7.997201e+05 8.354219e+05 9.339969e+05 1.042594e+06 1.134490e+06 1.203380e+06 1.253349e+06 1.289918e+06 1.428615e+06 1.491799e+06 1.507918e+06 1.490927e+06
7.680115e+05 7.680115e+05 7.680115e+05 7.680116e+05 7.680116e+05 7.680141e+05 7.680217e+05 7.680523e+05 7.680755e+05 7.681061e+05 7.682160e+05 7.684663e+05 7.689478e+05 7.697117e+05 7.707650e+05 7.720867e+05 7.736441e+05 7.839177e+05 7.967209e+05 8.115781e+05 8.301617e+05 8.557843e+05 8.912602e+05 9.889593e+05 1.096212e+06 1.186535e+06 1.253785e+06 1.302107e+06 1.337037e+06 1.459434e+06 1.510385e+06 1.519571e+06 1.497657e+06
8.257052e+05 8.257052e+05 8.257052e+05 8.257052e+05 8.257053e+05 8.257063e+05 8.257096e+05 8.257237e+05 8.257356e+05 8.257531e+05 8.258322e+05 8.260482e+05 8.264952e+05 8.272264e+05 8.282495e+05 8.295436e+05 8.310755e+05 8.412390e+05 8.539434e+05 8.686944e+05 8.871254e+05 9.124889e+05 9.475401e+05 1.043824e+06 1.149157e+06 1.237449e+06 1.302754e+06 1.349249e+06 1.382447e+06 1.488955e+06 1.528036e+06 1.530590e+06 1.504044e+06
8.827367e+05 8.827367e+05 8.827367e+05 8.827367e+05 8.827368e+05 8.827378e+05 8.827409e+05 8.827536e+05 8.827636e+05 8.827784e+05 8.828505e+05 8.830596e+05 8.835026e+05 8.842343e+05 8.852629e+05 8.865667e+05 8.881117e+05 8.983556e+05 9.111110e+05 9.258451e+05 9.441484e+05 9.692068e+05 1.003711e+06 1.098149e+06 1.201061e+06 1.286924e+06 1.350023e+06 1.394544e+06 1.425942e+06 1.517094e+06 1.544725e+06 1.540954e+06 1.510069e+06
9.385392e+05 9.385392e+05 9.385392e+05 9.385392e+05 9.385392e+05 9.385409e+05 9.385462e+05 9.385672e+05 9.385834e+05 9.386054e+05 9.386957e+05 9.389290e+05 9.394038e+05 9.401754e+05 9.412513e+05 9.426082e+05 9.442104e+05 9.547476e+05 9.677208e+05 9.825422e+05 1.000757e+06 1.025481e+06 1.059334e+06 1.151546e+06 1.251596e+06 1.334682e+06 1.395357e+06 1.437789e+06 1.467343e+06 1.543775e+06 1.560430e+06 1.550644e+06 1.515714e+06
9.942260e+05 9.942260e+05 9.942260e+05 9.942260e+05 9.942260e+05 9.942277e+05 9.942330e+05 9.942540e+05 9.942702e+05 9.942923e+05 9.943834e+05 9.946207e+05 9.951047e+05 9.958918e+05 9.969893e+05 9.983731e+05 1.000006e+06 1.010714e+06 1.023811e+06 1.038650e+06 1.056710e+06 1.081008e+06 1.114079e+06 1.203688e+06 1.300477e+06 1.380485e+06 1.438556e+06 1.478812e+06 1.506501e+06 1.568935e+06 1.575132e+06 1.559645e+06 1.520963e+06
1.049910e+06 1.049910e+06 1.049910e+06 1.049910e+06 1.049911e+06 1.049912e+06 1.049917e+06 1.049938e+06 1.049953e+06 1.049974e+06 1.050060e+06 1.050291e+06 1.050767e+06 1.051545e+06 1.052634e+06 1.054010e+06 1.055634e+06 1.066291e+06 1.079309e+06 1.094004e+06 1.111777e+06 1.135519e+06 1.167658e+06 1.254296e+06 1.347462e+06 1.424137e+06 1.479459e+06 1.517480e+06 1.543300e+06 1.592522e+06 1.588821e+06 1.567947e+06 1.525804e+06
1.104981e+06 1.104981e+06 1.104981e+06 1.104981e+06 1.104981e+06 1.104981e+06 1.104983e+06 1.104990e+06 1.104996e+06 1.105006e+06 1.105066e+06 1.105266e+06 1.105709e+06 1.106454e+06 1.107510e+06 1.108852e+06 1.110444e+06 1.120940e+06 1.133777e+06 1.148235e+06 1.165627e+06 1.188707e+06 1.219781e+06 1.303122e+06 1.392354e+06 1.465480e+06 1.517942e+06 1.553692e+06 1.577656e+06 1.614496e+06 1.601486e+06 1.575541e+06 1.530224e+06
1.157986e+06 1.157986e+06 1.157986e+06 1.157986e+06 1.157986e+06 1.157986e+06 1.157988e+06 1.157997e+06 1.158003e+06 1.158013e+06 1.158075e+06 1.158278e+06 1.158727e+06 1.159478e+06 1.160541e+06 1.161890e+06 1.163487e+06 1.173960e+06 1.186680e+06 1.200913e+06 1.217900e+06 1.240258e+06 1.270171e+06 1.349950e+06 1.434991e+06 1.504398e+06 1.553919e+06 1.587381e+06 1.609514e+06 1.634828e+06 1.613123e+06 1.582425e+06 1.534213e+06
1.209120e+06 1.209120e+06 1.209120e+06 1.209120e+06 1.209120e+06 1.209120e+06 1.209122e+06 1.209130e+06 1.209136e+06 1.209147e+06 1.209208e+06 1.209412e+06 1.209862e+06 1.210616e+06 1.211682e+06 1.213035e+06 1.214635e+06 1.225097e+06 1.237726e+06 1.251751e+06 1.268324e+06 1.289915e+06 1.318590e+06 1.394594e+06 1.475243e+06 1.540806e+06 1.587334e+06 1.618510e+06 1.638848e+06 1.653500e+06 1.623732e+06 1.588596e+06 1.537762e+06
1.258491e+06 1.258491e+06 1.258491e+06 1.258491e+06 1.258491e+06 1.258492e+06 1.258493e+06 1.258499e+06 1.258503e+06 1.258511e+06 1.258568e+06 1.258765e+06 1.259207e+06 1.259952e+06 1.261007e+06 1.262349e+06 1.263937e+06 1.274326e+06 1.286827e+06 1.300610e+06 1.316723e+06 1.337486e+06 1.364845e+06 1.436896e+06 1.513009e+06 1.574647e+06 1.618159e+06 1.647066e+06 1.665653e+06 1.670506e+06 1.633317e+06 1.594057e+06 1.540867e+06
1.305942e+06 1.305942e+06 1.305942e+06 1.305942e+06 1.305942e+06 1.305943e+06 1.305944e+06 1.305949e+06 1.305953e+06 1.305960e+06 1.306014e+06 1.306208e+06 1.306644e+06 1.307382e+06 1.308429e+06 1.309760e+06 1.311335e+06 1.321621e+06 1.333930e+06 1.347389e+06 1.362952e+06 1.382799e+06 1.408758e+06 1.476716e+06 1.548206e+06 1.605885e+06 1.646388e+06 1.673059e+06 1.689947e+06 1.685848e+06 1.641884e+06 1.598813e+06 1.543521e+06
1.351413e+06 1.351413e+06 1.351413e+06 1.351413e+06 1.351413e+06 1.351414e+06 1.351414e+06 1.351418e+06 1.351420e+06 1.351426e+06 1.351477e+06 1.351666e+06 1.352096e+06 1.352827e+06 1.353864e+06 1.355182e+06 1.356742e+06 1.366881e+06 1.378903e+06 1.391918e+06 1.406818e+06 1.425652e+06 1.450138e+06 1.513922e+06 1.580768e+06 1.634504e+06 1.672031e+06 1.696514e+06 1.711760e+06 1.699539e+06 1.649444e+06 1.602870e+06 1.545724e+06
1.394821e+06 1.394821e+06 1.394821e+06 1.394821e+06 1.394821e+06 1.394821e+06 1.394821e+06 1.394823e+06 1.394824e+06 1.394829e+06 1.394876e+06 1.395059e+06 1.395482e+06 1.396200e+06 1.397220e+06 1.398515e+06 1.400045e+06 1.409920e+06 1.421499e+06 1.433925e+06 1.448051e+06 1.465800e+06 1.488776e+06 1.548389e+06 1.610644e+06 1.660500e+06 1.695115e+06 1.717471e+06 1.731139e+06 1.711599e+06 1.656011e+06 1.606240e+06 1.547473e+06
1.436101e+06 1.436101e+06 1.436101e+06 1.436101e+06 1.436101e+06 1.436101e+06 1.436101e+06 1.436102e+06 1.436103e+06 1.436107e+06 1.436151e+06 1.436323e+06 1.436724e+06 1.437406e+06 1.438375e+06 1.439605e+06 1.441058e+06 1.450404e+06 1.461328e+06 1.473037e+06 1.486327e+06 1.502978e+06 1.524465e+06 1.580014e+06 1.637806e+06 1.683888e+06 1.715675e+06 1.735979e+06 1.748138e+06 1.722057e+06 1.661602e+06 1.608933e+06 1.548770e+06
1.474891e+06 1.474891e+06 1.474891e+06 1.474891e+06 1.474891e+06 1.474889e+06 1.474885e+06 1.474865e+06 1.474851e+06 1.474836e+06 1.474832e+06 1.474941e+06 1.475259e+06 1.475839e+06 1.476688e+06 1.477785e+06 1.479094e+06 1.487671e+06 1.497850e+06 1.508840e+06 1.521337e+06 1.536959e+06 1.557047e+06 1.608734e+06 1.662247e+06 1.704698e+06 1.733763e+06 1.752097e+06 1.762821e+06 1.730948e+06 1.666237e+06 1.610964e+06 1.549617e+06
1.508767e+06 1.508767e+06 1.508767e+06 1.508767e+06 1.508767e+06 1.508766e+06 1.508761e+06 1.508741e+06 1.508727e+06 1.508712e+06 1.508706e+06 1.508807e+06 1.509106e+06 1.509655e+06 1.510460e+06 1.511500e+06 1.512742e+06 1.520892e+06 1.530581e+06 1.541044e+06 1.552903e+06 1.567635e+06 1.586458e+06 1.634544e+06 1.683998e+06 1.722977e+06 1.749436e+06 1.765892e+06 1.775258e+06 1.738315e+06 1.669939e+06 1.612348e+06 1.550019e+06
1.537916e+06 1.537916e+06 1.537916e+06 1.537916e+06 1.537916e+06 1.537916e+06 1.537914e+06 1.537906e+06 1.537901e+06 1.537896e+06 1.537915e+06 1.538043e+06 1.538367e+06 1.538936e+06 1.539755e+06 1.540802e+06 1.542044e+06 1.550099e+06 1.559566e+06 1.569702e+06 1.581082e+06 1.595066e+06 1.612760e+06 1.657504e+06 1.703119e+06 1.738793e+06 1.762768e+06 1.777440e+06 1.785527e+06 1.744204e+06 1.672732e+06 1.613103e+06 1.549981e+06
1.564047e+06 1.564047e+06 1.564047e+06 1.564047e+06 1.564047e+06 1.564047e+06 1.564045e+06 1.564037e+06 1.564031e+06 1.564026e+06 1.564043e+06 1.564166e+06 1.564482e+06 1.565039e+06 1.565842e+06 1.566870e+06 1.568089e+06 1.575995e+06 1.585261e+06 1.595133e+06 1.606117e+06 1.619445e+06 1.636111e+06 1.677729e+06 1.719703e+06 1.752228e+06 1.773839e+06 1.786822e+06 1.793711e+06 1.748668e+06 1.674643e+06 1.613245e+06 1.549510e+06
1.587300e+06 1.587300e+06 1.587300e+06 1.587300e+06 1.587300e+06 1.587299e+06 1.587297e+06 1.587287e+06 1.587279e+06 1.587272e+06 1.587284e+06 1.587399e+06 1.587703e+06 1.588243e+06 1.589025e+06 1.590027e+06 1.591217e+06 1.598949e+06 1.608017e+06 1.617652e+06 1.628282e+06 1.641009e+06 1.656714e+06 1.695365e+06 1.733861e+06 1.763378e+06 1.782740e+06 1.794129e+06 1.799900e+06 1.751763e+06 1.675701e+06 1.612796e+06 1.548614e+06
1.607554e+06 1.607554e+06 1.607554e+06 1.607554e+06 1.607554e+06 1.607553e+06 1.607551e+06 1.607541e+06 1.607534e+06 1.607528e+06 1.607543e+06 1.607661e+06 1.607966e+06 1.608505e+06 1.609283e+06 1.610279e+06 1.611461e+06 1.619119e+06 1.628067e+06 1.637519e+06 1.647833e+06 1.659996e+06 1.674778e+06 1.710569e+06 1.745715e+06 1.772351e+06 1.789572e+06 1.799458e+06 1.804190e+06 1.753549e+06 1.675938e+06 1.611775e+06 1.547303e+06
1.625279e+06 1.625279e+06 1.625279e+06 1.625279e+06 1.625279e+06 1.625279e+06 1.625277e+06 1.625272e+06 1.625269e+06 1.625266e+06 1.625289e+06 1.625416e+06 1.625729e+06 1.626274e+06 1.627057e+06 1.628055e+06 1.629237e+06 1.636865e+06 1.645724e+06 1.655010e+06 1.665019e+06 1.676624e+06 1.690500e+06 1.723494e+06 1.755393e+06 1.779257e+06 1.794440e+06 1.802913e+06 1.806683e+06 1.754089e+06 1.675383e+06 1.610204e+06 1.545586e+06
1.641130e+06 1.641130e+06 1.641130e+06 1.641130e+06 1.641130e+06 1.641129e+06 1.641128e+06 1.641123e+06 1.641119e+06 1.641116e+06 1.641137e+06 1.641260e+06 1.641569e+06 1.642107e+06 1.642880e+06 1.643867e+06 1.645036e+06 1.652569e+06 1.661287e+06 1.670368e+06 1.680045e+06 1.691077e+06 1.704043e+06 1.734279e+06 1.763018e+06 1.784214e+06 1.797456e+06 1.804601e+06 1.807485e+06 1.753449e+06 1.674072e+06 1.608105e+06 1.543475e+06
1.655083e+06 1.655083e+06 1.655083e+06 1.655083e+06 1.655083e+06 1.655082e+06 1.655081e+06 1.655074e+06 1.655069e+06 1.655065e+06 1.655083e+06 1.655202e+06 1.655504e+06 1.656033e+06 1.656794e+06 1.657767e+06 1.658920e+06 1.666333e+06 1.674878e+06 1.683724e+06 1.693042e+06 1.703482e+06 1.715532e+06 1.743044e+06 1.768707e+06 1.787337e+06 1.798735e+06 1.804637e+06 1.806705e+06 1.751695e+06 1.672038e+06 1.605499e+06 1.540983e+06
1.667054e+06 1.667054e+06 1.667054e+06 1.667054e+06 1.667054e+06 1.667054e+06 1.667052e+06 1.667045e+06 1.667040e+06 1.667036e+06 1.667053e+06 1.667171e+06 1.667469e+06 1.667992e+06 1.668744e+06 1.669706e+06 1.670843e+06 1.678148e+06 1.686526e+06 1.695134e+06 1.704083e+06 1.713921e+06 1.725054e+06 1.749888e+06 1.772569e+06 1.788739e+06 1.798392e+06 1.803133e+06 1.804455e+06 1.748895e+06 1.669316e+06 1.602410e+06 1.538121e+06
1.677147e+06 1.677147e+06 1.677147e+06 1.677147e+06 1.677147e+06 1.677147e+06 1.677145e+06 1.677139e+06 1.677134e+06 1.677130e+06 1.677148e+06 1.677264e+06 1.677559e+06 1.678076e+06 1.678820e+06 1.679769e+06 1.680892e+06 1.688090e+06 1.696301e+06 1.704661e+06 1.713227e+06 1.722454e+06 1.732673e+06 1.754891e+06 1.774703e+06 1.788532e+06 1.796542e+06 1.800206e+06 1.800849e+06 1.745117e+06 1.665941e+06 1.598861e+06 1.534904e+06
1.685490e+06 1.685490e+06 1.685490e+06 1.685490e+06 1.685490e+06 1.685490e+06 1.685488e+06 1.685481e+06 1.685476e+06 1.685472e+06 1.685489e+06 1.685605e+06 1.685896e+06 1.686407e+06 1.687141e+06 1.688079e+06 1.689188e+06 1.696270e+06 1.704288e+06 1.712368e+06 1.720521e+06 1.729121e+06 1.738434e+06 1.758120e+06 1.775200e+06 1.786822e+06 1.793297e+06 1.795968e+06 1.795998e+06 1.740429e+06 1.661949e+06 1.594874e+06 1.531345e+06
1.692164e+06 1.692164e+06 1.692164e+06 1.692164e+06 1.692164e+06 1.692163e+06 1.692162e+06 1.692155e+06 1.692151e+06 1.692147e+06 1.692164e+06 1.692278e+06 1.692567e+06 1.693071e+06 1.693796e+06 1.694721e+06 1.695813e+06 1.702749e+06 1.710523e+06 1.718269e+06 1.725970e+06 1.733930e+06 1.742355e+06 1.759629e+06 1.774143e+06 1.783710e+06 1.788768e+06 1.790532e+06 1.790012e+06 1.734899e+06 1.657375e+06 1.590473e+06 1.527458e+06
1.697273e+06 1.697273e+06 1.697273e+06 1.697273e+06 1.697273e+06 1.697273e+06 1.697271e+06 1.697265e+06 1.697260e+06 1.697256e+06 1.697271e+06 1.697381e+06 1.697659e+06 1.698148e+06 1.698851e+06 1.699748e+06 1.700806e+06 1.707501e+06 1.714946e+06 1.722300e+06 1.729524e+06 1.736853e+06 1.744432e+06 1.759461e+06 1.771612e+06 1.779295e+06 1.783060e+06 1.784005e+06 1.782997e+06 1.728595e+06 1.652255e+06 1.585680e+06 1.523257e+06
1.700662e+06 1.700662e+06 1.700662e+06 1.700662e+06 1.700662e+06 1.700661e+06 1.700657e+06 1.700642e+06 1.700632e+06 1.700620e+06 1.700618e+06 1.700703e+06 1.700951e+06 1.701402e+06 1.702061e+06 1.702908e+06 1.703911e+06 1.710282e+06 1.717360e+06 1.724320e+06 1.731092e+06 1.737844e+06 1.744660e+06 1.757669e+06 1.767691e+06 1.773675e+06 1.776279e+06 1.776493e+06 1.775058e+06 1.721580e+06 1.646625e+06 1.580517e+06 1.518758e+06
1.701401e+06 1.701401e+06 1.701401e+06 1.701401e+06 1.701401e+06 1.701400e+06 1.701396e+06 1.701381e+06 1.701370e+06 1.701359e+06 1.701355e+06 1.701436e+06 1.701676e+06 1.702114e+06 1.702754e+06 1.703576e+06 1.704550e+06 1.710722e+06 1.717541e+06 1.724206e+06 1.730622e+06 1.736899e+06 1.743069e+06 1.754325e+06 1.762472e+06 1.766953e+06 1.768527e+06 1.768098e+06 1.766293e+06 1.713919e+06 1.640519e+06 1.575008e+06 1.513975e+06
1.699524e+06 1.699524e+06 1.699524e+06 1.699524e+06 1.699524e+06 1.699524e+06 1.699522e+06 1.699514e+06 1.699508e+06 1.699502e+06 1.699512e+06 1.699608e+06 1.699861e+06 1.700308e+06 1.700954e+06 1.701778e+06 1.702750e+06 1.708856e+06 1.715542e+06 1.722025e+06 1.728195e+06 1.734110e+06 1.739758e+06 1.749535e+06 1.756064e+06 1.759233e+06 1.759907e+06 1.758917e+06 1.756797e+06 1.705672e+06 1.633972e+06 1.569175e+06 1.508923e+06
1.695966e+06 1.695966e+06 1.695966e+06 1.695966e+06 1.695966e+06 1.695965e+06 1.695963e+06 1.695955e+06 1.695949e+06 1.695944e+06 1.695954e+06 1.696049e+06 1.696298e+06 1.696738e+06 1.697373e+06 1.698183e+06 1.699138e+06 1.705137e+06 1.711699e+06 1.718043e+06 1.724031e+06 1.729668e+06 1.734896e+06 1.743441e+06 1.748587e+06 1.750624e+06 1.750518e+06 1.749046e+06 1.746660e+06 1.696898e+06 1.627016e+06 1.563038e+06 1.503616e+06
1.691011e+06 1.691011e+06 1.691011e+06 1.691011e+06 1.691011e+06 1.691010e+06 1.691008e+06 1.691001e+06 1.690995e+06 1.690990e+06 1.691001e+06 1.691094e+06 1.691336e+06 1.691764e+06 1.692381e+06 1.693168e+06 1.694097e+06 1.699942e+06 1.706358e+06 1.712568e+06 1.718402e+06 1.723812e+06 1.728696e+06 1.736204e+06 1.740171e+06 1.741236e+06 1.740459e+06 1.738574e+06 1.735966e+06 1.687654e+06 1.619686e+06 1.556618e+06 1.498070e+06
1.684807e+06 1.684807e+06 1.684807e+06 1.684807e+06 1.684807e+06 1.684806e+06 1.684804e+06 1.684797e+06 1.684792e+06 1.684787e+06 1.684798e+06 1.684889e+06 1.685125e+06 1.685541e+06 1.686141e+06 1.686906e+06 1.687810e+06 1.693508e+06 1.699784e+06 1.705869e+06 1.711565e+06 1.716781e+06 1.721371e+06 1.727995e+06 1.730951e+06 1.731177e+06 1.729823e+06 1.727586e+06 1.724794e+06 1.677993e+06 1.612011e+06 1.549937e+06 1.492298e+06
1.677479e+06 1.677479e+06 1.677479e+06 1.677479e+06 1.677479e+06 1.677479e+06 1.677477e+06 1.677470e+06 1.677465e+06 1.677460e+06 1.677471e+06 1.677560e+06 1.677792e+06 1.678202e+06 1.678791e+06 1.679544e+06 1.680432e+06 1.686030e+06 1.692196e+06 1.698173e+06 1.703748e+06 1.708790e+06 1.713121e+06 1.718975e+06 1.721052e+06 1.720551e+06 1.718698e+06 1.716160e+06 1.713217e+06 1.667965e+06 1.604024e+06 1.543015e+06 1.486315e+06
