9.556889e+05 5.084602e+05 4.007618e+05 2.255623e+05 1.737223e+05 9.788493e+04 8.128899e+04 6.865332e+04 6.508099e+04 6.232313e+04 5.829799e+04 5.550083e+04 5.346786e+04 5.195353e+04 5.081233e+04 4.995116e+04 4.930637e+04 4.798188e+04 4.739302e+04 4.497924e+04 3.997369e+04 3.384463e+04 2.836086e+04 2.141042e+04 1.848978e+04 1.773516e+04 1.823107e+04 1.962134e+04 2.179756e+04 9.358491e+04 2.464229e+05 4.144128e+05 5.523971e+05
7.588860e+04 7.588880e+04 7.588935e+04 7.589544e+04 7.587984e+04 7.429789e+04 7.121432e+04 6.445420e+04 6.203330e+04 5.997948e+04 5.675665e+04 5.439945e+04 5.264226e+04 5.131573e+04 5.030993e+04 4.955060e+04 4.898497e+04 4.788301e+04 4.738496e+04 4.500064e+04 3.999486e+04 3.385810e+04 2.836935e+04 2.141979e+04 1.850571e+04 1.775846e+04 1.826190e+04 1.966026e+04 2.184559e+04 9.379529e+04 2.468035e+05 4.148531e+05 5.528064e+05
6.455187e+04 6.455188e+04 6.455193e+04 6.455227e+04 6.455030e+04 6.412685e+04 6.309109e+04 6.037337e+04 5.854637e+04 5.709459e+04 5.484452e+04 5.306563e+04 5.166702e+04 5.057845e+04 4.973973e+04 4.910313e+04 4.863095e+04 4.778101e+04 4.737988e+04 4.502497e+04 4.001761e+04 3.387218e+04 2.837806e+04 2.142941e+04 1.852211e+04 1.778238e+04 1.829347e+04 1.970004e+04 2.189459e+04 9.400792e+04 2.471868e+05 4.152956e+05 5.532171e+05
5.852187e+04 5.852188e+04 5.852190e+04 5.852215e+04 5.852204e+04 5.840720e+04 5.775473e+04 5.680026e+04 5.597834e+04 5.489989e+04 5.295791e+04 5.162553e+04 5.059515e+04 4.976839e+04 4.911707e+04 4.861845e+04 4.825090e+04 4.767767e+04 4.737845e+04 4.505246e+04 4.004198e+04 3.388683e+04 2.838697e+04 2.143928e+04 1.853898e+04 1.780695e+04 1.832580e+04 1.974068e+04 2.194456e+04 9.422282e+04 2.475727e+05 4.157401e+05 5.536293e+05
5.456891e+04 5.456892e+04 5.456893e+04 5.456912e+04 5.456931e+04 5.452853e+04 5.422859e+04 5.345544e+04 5.326332e+04 5.288515e+04 5.162674e+04 5.040870e+04 4.955032e+04 4.894110e+04 4.847035e+04 4.811263e+04 4.785473e+04 4.757496e+04 4.738136e+04 4.508330e+04 4.006796e+04 3.390203e+04 2.839604e+04 2.144940e+04 1.855634e+04 1.783216e+04 1.835891e+04 1.978219e+04 2.199553e+04 9.444000e+04 2.479612e+05 4.161868e+05 5.540428e+05
5.172289e+04 5.172290e+04 5.172290e+04 5.172311e+04 5.172364e+04 5.172587e+04 5.162258e+04 5.104534e+04 5.091704e+04 5.084946e+04 5.038913e+04 4.955559e+04 4.876915e+04 4.820549e+04 4.785210e+04 4.761387e+04 4.745875e+04 4.747529e+04 4.738924e+04 4.511763e+04 4.009553e+04 3.391772e+04 2.840522e+04 2.145975e+04 1.857419e+04 1.785803e+04 1.839279e+04 1.982460e+04 2.204749e+04 9.465950e+04 2.483524e+05 4.166356e+05 5.544578e+05
4.979370e+04 4.979370e+04 4.979371e+04 4.979394e+04 4.979450e+04 4.979753e+04 4.975497e+04 4.937197e+04 4.920937e+04 4.916446e+04 4.912191e+04 4.876788e+04 4.821737e+04 4.771202e+04 4.735734e+04 4.716964e+04 4.708976e+04 4.738188e+04 4.740282e+04 4.515556e+04 4.012464e+04 3.393382e+04 2.841448e+04 2.147033e+04 1.859253e+04 1.788457e+04 1.842746e+04 1.986791e+04 2.210048e+04 9.488132e+04 2.487463e+05 4.170866e+05 5.548741e+05
4.840261e+04 4.840261e+04 4.840262e+04 4.840282e+04 4.840334e+04 4.841037e+04 4.839713e+04 4.816430e+04 4.800516e+04 4.792341e+04 4.797411e+04 4.796145e+04 4.771546e+04 4.736562e+04 4.705819e+04 4.686081e+04 4.679033e+04 4.729933e+04 4.742297e+04 4.519720e+04 4.015521e+04 3.395026e+04 2.842375e+04 2.148113e+04 1.861136e+04 1.791178e+04 1.846294e+04 1.991214e+04 2.215449e+04 9.510548e+04 2.491428e+05 4.175396e+05 5.552919e+05
4.737322e+04 4.737323e+04 4.737323e+04 4.737341e+04 4.737390e+04 4.738275e+04 4.738665e+04 4.726241e+04 4.713727e+04 4.703979e+04 4.705458e+04 4.719336e+04 4.720477e+04 4.705967e+04 4.686087e+04 4.670103e+04 4.662464e+04 4.723423e+04 4.745083e+04 4.524268e+04 4.018716e+04 3.396693e+04 2.843297e+04 2.149212e+04 1.863069e+04 1.793968e+04 1.849923e+04 1.995728e+04 2.220954e+04 9.533200e+04 2.495421e+05 4.179948e+05 5.557111e+05
4.662031e+04 4.662032e+04 4.662032e+04 4.662048e+04 4.662093e+04 4.663019e+04 4.664183e+04 4.658558e+04 4.650016e+04 4.641128e+04 4.637529e+04 4.653765e+04 4.670511e+04 4.675229e+04 4.669814e+04 4.661766e+04 4.657113e+04 4.719580e+04 4.748799e+04 4.529217e+04 4.022039e+04 3.398372e+04 2.844207e+04 2.150330e+04 1.865052e+04 1.796827e+04 1.853634e+04 2.000337e+04 2.226564e+04 9.556090e+04 2.499440e+05 4.184522e+05 5.561317e+05
4.607522e+04 4.607522e+04 4.607522e+04 4.607536e+04 4.607576e+04 4.608464e+04 4.609956e+04 4.608419e+04 4.603265e+04 4.596429e+04 4.590030e+04 4.603054e+04 4.626109e+04 4.644803e+04 4.653938e+04 4.656519e+04 4.657840e+04 4.719683e+04 4.753659e+04 4.534596e+04 4.025482e+04 3.400054e+04 2.845099e+04 2.151464e+04 1.867085e+04 1.799755e+04 1.857428e+04 2.005039e+04 2.232281e+04 9.579220e+04 2.503487e+05 4.189117e+05 5.565537e+05
4.615477e+04 4.615477e+04 4.615478e+04 4.615485e+04 4.615509e+04 4.616209e+04 4.618194e+04 4.625146e+04 4.629755e+04 4.634856e+04 4.645766e+04 4.657029e+04 4.669855e+04 4.687107e+04 4.711227e+04 4.742743e+04 4.780156e+04 4.955586e+04 4.940605e+04 4.636386e+04 4.068873e+04 3.415679e+04 2.851734e+04 2.163410e+04 1.890216e+04 1.833038e+04 1.900144e+04 2.057517e+04 2.295585e+04 9.824115e+04 2.545477e+05 4.236261e+05 5.608517e+05
5.157414e+04 5.157414e+04 5.157414e+04 5.157418e+04 5.157430e+04 5.157827e+04 5.159065e+04 5.163682e+04 5.166965e+04 5.170817e+04 5.179876e+04 5.190017e+04 5.200314e+04 5.210057e+04 5.219039e+04 5.227585e+04 5.236268e+04 5.279670e+04 5.200372e+04 4.814188e+04 4.154536e+04 3.443179e+04 2.858510e+04 2.177084e+04 1.918981e+04 1.874177e+04 1.952207e+04 2.120659e+04 2.370905e+04 1.009503e+05 2.590318e+05 4.285609e+05 5.652920e+05
5.736742e+04 5.736742e+04 5.736742e+04 5.736743e+04 5.736745e+04 5.736798e+04 5.736885e+04 5.736050e+04 5.734749e+04 5.732781e+04 5.726849e+04 5.718349e+04 5.707409e+04 5.694127e+04 5.678577e+04 5.660849e+04 5.641087e+04 5.514856e+04 5.295881e+04 4.851496e+04 4.176834e+04 3.461848e+04 2.877290e+04 2.201862e+04 1.956570e+04 1.924833e+04 2.014880e+04 2.195693e+04 2.459563e+04 1.039387e+05 2.638129e+05 4.337206e+05 5.698750e+05
5.650505e+04 5.650505e+04 5.650505e+04 5.650501e+04 5.650490e+04 5.650126e+04 5.649133e+04 5.645985e+04 5.643890e+04 5.641401e+04 5.635064e+04 5.626707e+04 5.616235e+04 5.603668e+04 5.589059e+04 5.572429e+04 5.553732e+04 5.421419e+04 5.175461e+04 4.725980e+04 4.086471e+04 3.420937e+04 2.876546e+04 2.242818e+04 2.011922e+04 1.989117e+04 2.090515e+04 2.284430e+04 2.563239e+04 1.072255e+05 2.689024e+05 4.391091e+05 5.746008e+05
5.199923e+04 5.199923e+04 5.199923e+04 5.199923e+04 5.199923e+04 5.199915e+04 5.199875e+04 5.199647e+04 5.199444e+04 5.199165e+04 5.198308e+04 5.196929e+04 5.194884e+04 5.192036e+04 5.188235e+04 5.183298e+04 5.176977e+04 5.109427e+04 4.918517e+04 4.519886e+04 3.942317e+04 3.343450e+04 2.855522e+04 2.288597e+04 2.084869e+04 2.074010e+04 2.183904e+04 2.389926e+04 2.684396e+04 1.108305e+05 2.743115e+05 4.447299e+05 5.794691e+05
4.834528e+04 4.834528e+04 4.834528e+04 4.834528e+04 4.834529e+04 4.834556e+04 4.834625e+04 4.834793e+04 4.834856e+04 4.834891e+04 4.834854e+04 4.834656e+04 4.834281e+04 4.833702e+04 4.832863e+04 4.831652e+04 4.829868e+04 4.797292e+04 4.657230e+04 4.318796e+04 3.807051e+04 3.271624e+04 2.836617e+04 2.338407e+04 2.169290e+04 2.177089e+04 2.299955e+04 2.517737e+04 2.826913e+04 1.147744e+05 2.800509e+05 4.505859e+05 5.844791e+05
4.567412e+04 4.567412e+04 4.567412e+04 4.567412e+04 4.567414e+04 4.567455e+04 4.567578e+04 4.568042e+04 4.568376e+04 4.568771e+04 4.569727e+04 4.570863e+04 4.572132e+04 4.573486e+04 4.574856e+04 4.576134e+04 4.577143e+04 4.564621e+04 4.458783e+04 4.169250e+04 3.713850e+04 3.231265e+04 2.839087e+04 2.398214e+04 2.263703e+04 2.294989e+04 2.436331e+04 2.671020e+04 2.996958e+04 1.190790e+05 2.861309e+05 4.566795e+05 5.896298e+05
4.419702e+04 4.419702e+04 4.419702e+04 4.419703e+04 4.419704e+04 4.419750e+04 4.419878e+04 4.420351e+04 4.420685e+04 4.421082e+04 4.422057e+04 4.423273e+04 4.424720e+04 4.426376e+04 4.428195e+04 4.430090e+04 4.431908e+04 4.427573e+04 4.341187e+04 4.085605e+04 3.672986e+04 3.231199e+04 2.871615e+04 2.474416e+04 2.370088e+04 2.426949e+04 2.591621e+04 2.848512e+04 3.196368e+04 1.237677e+05 2.925614e+05 4.630125e+05 5.949195e+05
4.362277e+04 4.362277e+04 4.362277e+04 4.362277e+04 4.362278e+04 4.362297e+04 4.362354e+04 4.362614e+04 4.362840e+04 4.363139e+04 4.363971e+04 4.365121e+04 4.366582e+04 4.368332e+04 4.370325e+04 4.372478e+04 4.374646e+04 4.374180e+04 4.298739e+04 4.065254e+04 3.682885e+04 3.270992e+04 2.935508e+04 2.571031e+04 2.492036e+04 2.574655e+04 2.766208e+04 3.050243e+04 3.425077e+04 1.288665e+05 2.993520e+05 4.695859e+05 6.003463e+05
4.372221e+04 4.372221e+04 4.372221e+04 4.372221e+04 4.372223e+04 4.372272e+04 4.372423e+04 4.372998e+04 4.373417e+04 4.373920e+04 4.375167e+04 4.376706e+04 4.378509e+04 4.380552e+04 4.382799e+04 4.385182e+04 4.387575e+04 4.388987e+04 4.319515e+04 4.099675e+04 3.737500e+04 3.346635e+04 3.028840e+04 2.690042e+04 2.633423e+04 2.741616e+04 2.962389e+04 3.277613e+04 3.684128e+04 1.344048e+05 3.065120e+05 4.764003e+05 6.059077e+05
4.442433e+04 4.442433e+04 4.442433e+04 4.442433e+04 4.442434e+04 4.442453e+04 4.442515e+04 4.442812e+04 4.443082e+04 4.443447e+04 4.444456e+04 4.445817e+04 4.447497e+04 4.449461e+04 4.451663e+04 4.454028e+04 4.456426e+04 4.458364e+04 4.391733e+04 4.179601e+04 3.830053e+04 3.453573e+04 3.149118e+04 2.832721e+04 2.798121e+04 2.932466e+04 3.184140e+04 3.533514e+04 3.975591e+04 1.404163e+05 3.140506e+05 4.834556e+05 6.116008e+05
4.557991e+04 4.557991e+04 4.557991e+04 4.557991e+04 4.557993e+04 4.558031e+04 4.558144e+04 4.558556e+04 4.558844e+04 4.559186e+04 4.560040e+04 4.561138e+04 4.562493e+04 4.564108e+04 4.565964e+04 4.567999e+04 4.570096e+04 4.571153e+04 4.505273e+04 4.296852e+04 3.954702e+04 3.588236e+04 3.294785e+04 3.000840e+04 2.990313e+04 3.152553e+04 3.436662e+04 3.822209e+04 4.302662e+04 1.469411e+05 3.219770e+05 4.907510e+05 6.174223e+05
4.700948e+04 4.700948e+04 4.700948e+04 4.700948e+04 4.700949e+04 4.700960e+04 4.700999e+04 4.701257e+04 4.701520e+04 4.701885e+04 4.702918e+04 4.704330e+04 4.706078e+04 4.708117e+04 4.710394e+04 4.712826e+04 4.715283e+04 4.717500e+04 4.652236e+04 4.445361e+04 4.107556e+04 3.748958e+04 3.466117e+04 3.197489e+04 3.214921e+04 3.407795e+04 3.725956e+04 4.148995e+04 4.669563e+04 1.540285e+05 3.303006e+05 4.982853e+05 6.233684e+05
4.883881e+04 4.883881e+04 4.883881e+04 4.883881e+04 4.883882e+04 4.883905e+04 4.883969e+04 4.884212e+04 4.884393e+04 4.884620e+04 4.885236e+04 4.886104e+04 4.887250e+04 4.888681e+04 4.890376e+04 4.892275e+04 4.894256e+04 4.894911e+04 4.828838e+04 4.622079e+04 4.287405e+04 3.936627e+04 3.665768e+04 3.427516e+04 3.477873e+04 3.704645e+04 4.058487e+04 4.519806e+04 5.081293e+04 1.617471e+05 3.390312e+05 5.060567e+05 6.294348e+05
5.079859e+04 5.079859e+04 5.079859e+04 5.079859e+04 5.079861e+04 5.079923e+04 5.080096e+04 5.080682e+04 5.081083e+04 5.081556e+04 5.082715e+04 5.084158e+04 5.085884e+04 5.087882e+04 5.090124e+04 5.092545e+04 5.095021e+04 5.097690e+04 5.032639e+04 4.826806e+04 4.496184e+04 4.155119e+04 3.899068e+04 3.697616e+04 3.786120e+04 4.049981e+04 4.440911e+04 4.940837e+04 5.543292e+04 1.701370e+05 3.481792e+05 5.140627e+05 6.356170e+05
5.309299e+04 5.309299e+04 5.309299e+04 5.309300e+04 5.309301e+04 5.309337e+04 5.309456e+04 5.309981e+04 5.310391e+04 5.310898e+04 5.312180e+04 5.313795e+04 5.315723e+04 5.317951e+04 5.320457e+04 5.323183e+04 5.326008e+04 5.330899e+04 5.267880e+04 5.064309e+04 4.739848e+04 4.411615e+04 4.174021e+04 4.016090e+04 4.147379e+04 4.450879e+04 4.879812e+04 5.418219e+04 6.061125e+04 1.791980e+05 3.577560e+05 5.223007e+05 6.419100e+05
5.574094e+04 5.574094e+04 5.574094e+04 5.574095e+04 5.574098e+04 5.574173e+04 5.574366e+04 5.575010e+04 5.575458e+04 5.575993e+04 5.577339e+04 5.579084e+04 5.581257e+04 5.583863e+04 5.586877e+04 5.590225e+04 5.593764e+04 5.602822e+04 5.543469e+04 5.343889e+04 5.028212e+04 4.716328e+04 4.500870e+04 4.392260e+04 4.569641e+04 4.914257e+04 5.381426e+04 5.957757e+04 6.640199e+04 1.889356e+05 3.677744e+05 5.307675e+05 6.483084e+05
5.888816e+04 5.888816e+04 5.888816e+04 5.888818e+04 5.888821e+04 5.888929e+04 5.889242e+04 5.890316e+04 5.891051e+04 5.891909e+04 5.893979e+04 5.896490e+04 5.899417e+04 5.902748e+04 5.906460e+04 5.910499e+04 5.914746e+04 5.927869e+04 5.872853e+04 5.678739e+04 5.374243e+04 5.081696e+04 4.891205e+04 4.835626e+04 5.060532e+04 5.446455e+04 5.951376e+04 6.564725e+04 7.285577e+04 1.993553e+05 3.782492e+05 5.394596e+05 6.548065e+05
6.273982e+04 6.273982e+04 6.273982e+04 6.273982e+04 6.273982e+04 6.273990e+04 6.274012e+04 6.274155e+04 6.274348e+04 6.274674e+04 6.275834e+04 6.277767e+04 6.280518e+04 6.284076e+04 6.288389e+04 6.293351e+04 6.298783e+04 6.319732e+04 6.272062e+04 6.085103e+04 5.793101e+04 5.521214e+04 5.356752e+04 5.354872e+04 5.626660e+04 6.052858e+04 6.594460e+04 7.243742e+04 8.001863e+04 2.104622e+05 3.891982e+05 5.483734e+05 6.613984e+05
6.735912e+04 6.735912e+04 6.735912e+04 6.735913e+04 6.735915e+04 6.735977e+04 6.736177e+04 6.737150e+04 6.737995e+04 6.739098e+04 6.742074e+04 6.746015e+04 6.750828e+04 6.756426e+04 6.762724e+04 6.769608e+04 6.776902e+04 6.806209e+04 6.764328e+04 6.582276e+04 6.300645e+04 6.047737e+04 5.907877e+04 5.956948e+04 6.273099e+04 6.737636e+04 7.314559e+04 7.998746e+04 8.793191e+04 2.222601e+05 4.006442e+05 5.575051e+05 6.680778e+05
7.342204e+04 7.342204e+04 7.342204e+04 7.342204e+04 7.342205e+04 7.342224e+04 7.342289e+04 7.342729e+04 7.343203e+04 7.343885e+04 7.345934e+04 7.348945e+04 7.352944e+04 7.357924e+04 7.363841e+04 7.370590e+04 7.377973e+04 7.409407e+04 7.368284e+04 7.185838e+04 6.909409e+04 6.670985e+04 6.552015e+04 6.646427e+04 7.003154e+04 7.503709e+04 8.114683e+04 8.833076e+04 9.663292e+04 2.347529e+05 4.126223e+05 5.668510e+05 6.748384e+05
8.051613e+04 8.051613e+04 8.051613e+04 8.051614e+04 8.051617e+04 8.051725e+04 8.052063e+04 8.053486e+04 8.054618e+04 8.056047e+04 8.059793e+04 8.064664e+04 8.070562e+04 8.077376e+04 8.084988e+04 8.093242e+04 8.101913e+04 8.136138e+04 8.091608e+04 7.902990e+04 7.625589e+04 7.395848e+04 7.292807e+04 7.425397e+04 7.818498e+04 8.352949e+04 8.997185e+04 9.749660e+04 1.061565e+05 2.479439e+05 4.251564e+05 5.764076e+05 6.816735e+05
8.930800e+04 8.930800e+04 8.930800e+04 8.930800e+04 8.930801e+04 8.930838e+04 8.930951e+04 8.931426e+04 8.931819e+04 8.932341e+04 8.933834e+04 8.936020e+04 8.938994e+04 8.942823e+04 8.947530e+04 8.953057e+04 8.959231e+04 8.983936e+04 8.930621e+04 8.732066e+04 8.449083e+04 8.222687e+04 8.130524e+04 8.293973e+04 8.719649e+04 9.286592e+04 9.964102e+04 1.075129e+05 1.165369e+05 2.618368e+05 4.382154e+05 5.861716e+05 6.885765e+05
9.837697e+04 9.837697e+04 9.837697e+04 9.837699e+04 9.837704e+04 9.837867e+04 9.838347e+04 9.840200e+04 9.841570e+04 9.843234e+04 9.847426e+04 9.852719e+04 9.859035e+04 9.866288e+04 9.874370e+04 9.883126e+04 9.892311e+04 9.927349e+04 9.874575e+04 9.668436e+04 9.377500e+04 9.149774e+04 9.063664e+04 9.251249e+04 9.706682e+04 1.030579e+05 1.101758e+05 1.184094e+05 1.278101e+05 2.764350e+05 4.517721e+05 5.961404e+05 6.955406e+05
1.091351e+05 1.091351e+05 1.091351e+05 1.091351e+05 1.091351e+05 1.091360e+05 1.091386e+05 1.091494e+05 1.091577e+05 1.091682e+05 1.091964e+05 1.092348e+05 1.092840e+05 1.093441e+05 1.094145e+05 1.094939e+05 1.095795e+05 1.099115e+05 1.093298e+05 1.071474e+05 1.041047e+05 1.017560e+05 1.009053e+05 1.029634e+05 1.078000e+05 1.141220e+05 1.216029e+05 1.302206e+05 1.400162e+05 2.917420e+05 4.658003e+05 6.063126e+05 7.025592e+05
1.209205e+05 1.209205e+05 1.209205e+05 1.209206e+05 1.209206e+05 1.209220e+05 1.209265e+05 1.209442e+05 1.209573e+05 1.209731e+05 1.210122e+05 1.210607e+05 1.211179e+05 1.211835e+05 1.212570e+05 1.213373e+05 1.214221e+05 1.217256e+05 1.210555e+05 1.187049e+05 1.154692e+05 1.129884e+05 1.120998e+05 1.142929e+05 1.194107e+05 1.260850e+05 1.339585e+05 1.429887e+05 1.532009e+05 3.077606e+05 4.802721e+05 6.166880e+05 7.096257e+05
1.338306e+05 1.338306e+05 1.338306e+05 1.338306e+05 1.338306e+05 1.338315e+05 1.338342e+05 1.338456e+05 1.338547e+05 1.338661e+05 1.338964e+05 1.339369e+05 1.339877e+05 1.340490e+05 1.341202e+05 1.342000e+05 1.342855e+05 1.345906e+05 1.338557e+05 1.313270e+05 1.278560e+05 1.251909e+05 1.242226e+05 1.265177e+05 1.319296e+05 1.389885e+05 1.472908e+05 1.567656e+05 1.674165e+05 3.244919e+05 4.951572e+05 6.272696e+05 7.167335e+05
1.476532e+05 1.476532e+05 1.476532e+05 1.476532e+05 1.476533e+05 1.476547e+05 1.476591e+05 1.476766e+05 1.476896e+05 1.477055e+05 1.477458e+05 1.477973e+05 1.478600e+05 1.479334e+05 1.480169e+05 1.481088e+05 1.482062e+05 1.485516e+05 1.477670e+05 1.450426e+05 1.412893e+05 1.383869e+05 1.373006e+05 1.396770e+05 1.454077e+05 1.528911e+05 1.616622e+05 1.716132e+05 1.827226e+05 3.419352e+05 5.104232e+05 6.380667e+05 7.238767e+05
1.628186e+05 1.628186e+05 1.628186e+05 1.628186e+05 1.628186e+05 1.628202e+05 1.628251e+05 1.628441e+05 1.628580e+05 1.628749e+05 1.629172e+05 1.629710e+05 1.630363e+05 1.631129e+05 1.632002e+05 1.632966e+05 1.633990e+05 1.637605e+05 1.629018e+05 1.599353e+05 1.558336e+05 1.526325e+05 1.513896e+05 1.538355e+05 1.599184e+05 1.678702e+05 1.771489e+05 1.876035e+05 1.991846e+05 3.600864e+05 5.260353e+05 6.490922e+05 7.310493e+05
1.793412e+05 1.793412e+05 1.793412e+05 1.793412e+05 1.793413e+05 1.793427e+05 1.793472e+05 1.793651e+05 1.793786e+05 1.793951e+05 1.794374e+05 1.794922e+05 1.795597e+05 1.796398e+05 1.797317e+05 1.798339e+05 1.799427e+05 1.803236e+05 1.793705e+05 1.761051e+05 1.715770e+05 1.680103e+05 1.665726e+05 1.690842e+05 1.755574e+05 1.840205e+05 1.938399e+05 2.048166e+05 2.168721e+05 3.789371e+05 5.419566e+05 6.603119e+05 7.382461e+05
1.972663e+05 1.972663e+05 1.972663e+05 1.972663e+05 1.972664e+05 1.972682e+05 1.972741e+05 1.972976e+05 1.973149e+05 1.973360e+05 1.973888e+05 1.974553e+05 1.975352e+05 1.976278e+05 1.977321e+05 1.978460e+05 1.979659e+05 1.983682e+05 1.972896e+05 1.936588e+05 1.886215e+05 1.846232e+05 1.829570e+05 1.855384e+05 1.924409e+05 2.014514e+05 2.118334e+05 2.233372e+05 2.358556e+05 3.984738e+05 5.581482e+05 6.716905e+05 7.454625e+05
2.170188e+05 2.170188e+05 2.170188e+05 2.170188e+05 2.170188e+05 2.170202e+05 2.170244e+05 2.170413e+05 2.170540e+05 2.170698e+05 2.171108e+05 2.171649e+05 2.172328e+05 2.173147e+05 2.174102e+05 2.175174e+05 2.176321e+05 2.180041e+05 2.167583e+05 2.126986e+05 2.070771e+05 2.025910e+05 2.006713e+05 2.033344e+05 2.107004e+05 2.202823e+05 2.312323e+05 2.432504e+05 2.562026e+05 4.186771e+05 5.745699e+05 6.831961e+05 7.526946e+05
2.380362e+05 2.380362e+05 2.380362e+05 2.380362e+05 2.380363e+05 2.380385e+05 2.380455e+05 2.380733e+05 2.380939e+05 2.381188e+05 2.381809e+05 2.382585e+05 2.383510e+05 2.384575e+05 2.385769e+05 2.387065e+05 2.388419e+05 2.392622e+05 2.378591e+05 2.333300e+05 2.270663e+05 2.220506e+05 2.198624e+05 2.226236e+05 2.304767e+05 2.406355e+05 2.521378e+05 2.646356e+05 2.779724e+05 4.395204e+05 5.911799e+05 6.947977e+05 7.599401e+05
2.612435e+05 2.612435e+05 2.612435e+05 2.612435e+05 2.612435e+05 2.612451e+05 2.612501e+05 2.612700e+05 2.612850e+05 2.613037e+05 2.613521e+05 2.614158e+05 2.614955e+05 2.615911e+05 2.617021e+05 2.618258e+05 2.619574e+05 2.623492e+05 2.607413e+05 2.556885e+05 2.487300e+05 2.431541e+05 2.406905e+05 2.435645e+05 2.519106e+05 2.626279e+05 2.746413e+05 2.875603e+05 3.012105e+05 4.609696e+05 6.079356e+05 7.064639e+05 7.671984e+05
2.860442e+05 2.860442e+05 2.860442e+05 2.860442e+05 2.860443e+05 2.860468e+05 2.860544e+05 2.860847e+05 2.861069e+05 2.861337e+05 2.862005e+05 2.862844e+05 2.863849e+05 2.865014e+05 2.866325e+05 2.867752e+05 2.869240e+05 2.873409e+05 2.855200e+05 2.799048e+05 2.722141e+05 2.660604e+05 2.633201e+05 2.663120e+05 2.751326e+05 2.863612e+05 2.988166e+05 3.120727e+05 3.259432e+05 4.829825e+05 6.247933e+05 7.181634e+05 7.744729e+05
3.132134e+05 3.132134e+05 3.132134e+05 3.132135e+05 3.132135e+05 3.132153e+05 3.132210e+05 3.132442e+05 3.132621e+05 3.132844e+05 3.133417e+05 3.134165e+05 3.135088e+05 3.136183e+05 3.137437e+05 3.138821e+05 3.140273e+05 3.143961e+05 3.123159e+05 3.061033e+05 2.976610e+05 2.909255e+05 2.879101e+05 2.910060e+05 3.002513e+05 3.119121e+05 3.247111e+05 3.381951e+05 3.521720e+05 5.055086e+05 6.417091e+05 7.298644e+05 7.817734e+05
3.423063e+05 3.423063e+05 3.423063e+05 3.423063e+05 3.423064e+05 3.423087e+05 3.423156e+05 3.423427e+05 3.423629e+05 3.423876e+05 3.424502e+05 3.425305e+05 3.426285e+05 3.427439e+05 3.428752e+05 3.430192e+05 3.431694e+05 3.435162e+05 3.411890e+05 3.343900e+05 3.252087e+05 3.178995e+05 3.146059e+05 3.177597e+05 3.273419e+05 3.393219e+05 3.523380e+05 3.659177e+05 3.798689e+05 5.284890e+05 6.586385e+05 7.415352e+05 7.890818e+05
3.734688e+05 3.734688e+05 3.734689e+05 3.734689e+05 3.734690e+05 3.734714e+05 3.734792e+05 3.735097e+05 3.735323e+05 3.735596e+05 3.736284e+05 3.737159e+05 3.738221e+05 3.739464e+05 3.740875e+05 3.742419e+05 3.744026e+05 3.747682e+05 3.722479e+05 3.649112e+05 3.550177e+05 3.471334e+05 3.435353e+05 3.466484e+05 3.564362e+05 3.685889e+05 3.816697e+05 3.951935e+05 4.089724e+05 5.518568e+05 6.755372e+05 7.531440e+05 7.963713e+05
4.069573e+05 4.069573e+05 4.069573e+05 4.069574e+05 4.069574e+05 4.069595e+05 4.069659e+05 4.069917e+05 4.070114e+05 4.070359e+05 4.071003e+05 4.071865e+05 4.072953e+05 4.074268e+05 4.075799e+05 4.077507e+05 4.079315e+05 4.083932e+05 4.057570e+05 3.979185e+05 3.872962e+05 3.787798e+05 3.747996e+05 3.776979e+05 3.875130e+05 3.996608e+05 4.126329e+05 4.259350e+05 4.393857e+05 5.755372e+05 6.923607e+05 7.646594e+05 8.036200e+05
4.429081e+05 4.429081e+05 4.429081e+05 4.429081e+05 4.429082e+05 4.429119e+05 4.429235e+05 4.429699e+05 4.430045e+05 4.430468e+05 4.431537e+05 4.432892e+05 4.434517e+05 4.436392e+05 4.438489e+05 4.440755e+05 4.443101e+05 4.449567e+05 4.421900e+05 4.337608e+05 4.222703e+05 4.129642e+05 4.084507e+05 4.108727e+05 4.204914e+05 4.324310e+05 4.451061e+05 4.580125e+05 4.709760e+05 5.994487e+05 7.090652e+05 7.760505e+05 8.108077e+05
4.834458e+05 4.834458e+05 4.834458e+05 4.834458e+05 4.834459e+05 4.834487e+05 4.834575e+05 4.834925e+05 4.835188e+05 4.835511e+05 4.836337e+05 4.837412e+05 4.838740e+05 4.840319e+05 4.842130e+05 4.844128e+05 4.846221e+05 4.851189e+05 4.819563e+05 4.726826e+05 4.600626e+05 4.497186e+05 4.444559e+05 4.460645e+05 4.552264e+05 4.667370e+05 4.789197e+05 4.912556e+05 5.035758e+05 6.235038e+05 7.256072e+05 7.872869e+05 8.179149e+05
5.270921e+05 5.270921e+05 5.270921e+05 5.270921e+05 5.270922e+05 5.270950e+05 5.271038e+05 5.271389e+05 5.271652e+05 5.271973e+05 5.272790e+05 5.273839e+05 5.275120e+05 5.276629e+05 5.278347e+05 5.280226e+05 5.282172e+05 5.285560e+05 5.248978e+05 5.145911e+05 5.005860e+05 4.889327e+05 4.826752e+05 4.830871e+05 4.915090e+05 5.023622e+05 5.138585e+05 5.254557e+05 5.369859e+05 6.476101e+05 7.419439e+05 7.983394e+05 8.249232e+05
5.734206e+05 5.734206e+05 5.734206e+05 5.734206e+05 5.734207e+05 5.734236e+05 5.734324e+05 5.734680e+05 5.734949e+05 5.735279e+05 5.736122e+05 5.737210e+05 5.738541e+05 5.740107e+05 5.741885e+05 5.743816e+05 5.745795e+05 5.748339e+05 5.706737e+05 5.592138e+05 5.436018e+05 5.303740e+05 5.228682e+05 5.216805e+05 5.290710e+05 5.390413e+05 5.496671e+05 5.603712e+05 5.709804e+05 6.716721e+05 7.580339e+05 8.091795e+05 8.318144e+05
6.225636e+05 6.225636e+05 6.225636e+05 6.225637e+05 6.225638e+05 6.225669e+05 6.225766e+05 6.226155e+05 6.226445e+05 6.226799e+05 6.227689e+05 6.228816e+05 6.230166e+05 6.231725e+05 6.233464e+05 6.235320e+05 6.237177e+05 6.237897e+05 6.190102e+05 6.062352e+05 5.887888e+05 5.737224e+05 5.647143e+05 5.615208e+05 5.675932e+05 5.764682e+05 5.860578e+05 5.957350e+05 6.053132e+05 6.955919e+05 7.738364e+05 8.197805e+05 8.385710e+05
6.744061e+05 6.744061e+05 6.744061e+05 6.744061e+05 6.744061e+05 6.744080e+05 6.744136e+05 6.744363e+05 6.744533e+05 6.744741e+05 6.745277e+05 6.745982e+05 6.746865e+05 6.747930e+05 6.749158e+05 6.750493e+05 6.751821e+05 6.749205e+05 6.694225e+05 6.552091e+05 6.357335e+05 6.185839e+05 6.078284e+05 6.022337e+05 6.067172e+05 6.143068e+05 6.227199e+05 6.312628e+05 6.397256e+05 7.192714e+05 7.893124e+05 8.301166e+05 8.451764e+05
7.268524e+05 7.268524e+05 7.268524e+05 7.268524e+05 7.268525e+05 7.268550e+05 7.268630e+05 7.268942e+05 7.269170e+05 7.269445e+05 7.270133e+05 7.271003e+05 7.272052e+05 7.273273e+05 7.274638e+05 7.276080e+05 7.277472e+05 7.273871e+05 7.212900e+05 7.056261e+05 6.839771e+05 6.645204e+05 6.517826e+05 6.434096e+05 6.460591e+05 6.522036e+05 6.593317e+05 6.666633e+05 6.739545e+05 7.426136e+05 8.044243e+05 8.401640e+05 8.516142e+05
7.805989e+05 7.805989e+05 7.805989e+05 7.805989e+05 7.805990e+05 7.806016e+05 7.806095e+05 7.806413e+05 7.806648e+05 7.806934e+05 7.807652e+05 7.808562e+05 7.809657e+05 7.810926e+05 7.812337e+05 7.813814e+05 7.815216e+05 7.810486e+05 7.743200e+05 7.571035e+05 7.330887e+05 7.110817e+05 6.961255e+05 6.846196e+05 6.852249e+05 6.898019e+05 6.955722e+05 7.016486e+05 7.077415e+05 7.655238e+05 8.191365e+05 8.499004e+05 8.578691e+05
8.358385e+05 8.358385e+05 8.358385e+05 8.358385e+05 8.358385e+05 8.358405e+05 8.358466e+05 8.358710e+05 8.358893e+05 8.359116e+05 8.359682e+05 8.360405e+05 8.361280e+05 8.362296e+05 8.363416e+05 8.364563e+05 8.365588e+05 8.357668e+05 8.282049e+05 8.092236e+05 7.825989e+05 7.577867e+05 7.403848e+05 7.254316e+05 7.238273e+05 7.267566e+05 7.311342e+05 7.359445e+05 7.408413e+05 7.879114e+05 8.334153e+05 8.593053e+05 8.639264e+05
8.915986e+05 8.915986e+05 8.915986e+05 8.915986e+05 8.915987e+05 8.915993e+05 8.916013e+05 8.916095e+05 8.916161e+05 8.916248e+05 8.916487e+05 8.916819e+05 8.917248e+05 8.917768e+05 8.918347e+05 8.918909e+05 8.919304e+05 8.907006e+05 8.821998e+05 8.613297e+05 8.319235e+05 8.041073e+05 7.840766e+05 7.654300e+05 7.615045e+05 7.627496e+05 7.657361e+05 7.693002e+05 7.730297e+05 8.096908e+05 8.472290e+05 8.683601e+05 8.697725e+05
9.459620e+05 9.459620e+05 9.459620e+05 9.459620e+05 9.459621e+05 9.459627e+05 9.459646e+05 9.459721e+05 9.459779e+05 9.459851e+05 9.460039e+05 9.460286e+05 9.460593e+05 9.460953e+05 9.461337e+05 9.461665e+05 9.461780e+05 9.446799e+05 9.353790e+05 9.126844e+05 8.804577e+05 8.495278e+05 8.267469e+05 8.042416e+05 7.979378e+05 7.975033e+05 7.991323e+05 8.014967e+05 8.041092e+05 8.307827e+05 8.605487e+05 8.770481e+05 8.753945e+05
9.984431e+05 9.984431e+05 9.984431e+05 9.984431e+05 9.984431e+05 9.984440e+05 9.984469e+05 9.984582e+05 9.984667e+05 9.984770e+05 9.985031e+05 9.985364e+05 9.985766e+05 9.986226e+05 9.986707e+05 9.987120e+05 9.987298e+05 9.971504e+05 9.872210e+05 9.628016e+05 9.277526e+05 8.936385e+05 8.680241e+05 8.415593e+05 8.328663e+05 8.307901e+05 8.311207e+05 8.323514e+05 8.339139e+05 8.511149e+05 8.733475e+05 8.853545e+05 8.807805e+05
1.049623e+06 1.049623e+06 1.049623e+06 1.049623e+06 1.049623e+06 1.049624e+06 1.049627e+06 1.049638e+06 1.049647e+06 1.049657e+06 1.049684e+06 1.049718e+06 1.049759e+06 1.049806e+06 1.049855e+06 1.049897e+06 1.049915e+06 1.048240e+06 1.037682e+06 1.011508e+06 9.735597e+05 9.361662e+05 9.076409e+05 8.771538e+05 8.660945e+05 8.624379e+05 8.615456e+05 8.617214e+05 8.623111e+05 8.706226e+05 8.856015e+05 8.932664e+05 8.859199e+05
1.099660e+06 1.099660e+06 1.099660e+06 1.099660e+06 1.099660e+06 1.099660e+06 1.099663e+06 1.099675e+06 1.099683e+06 1.099693e+06 1.099719e+06 1.099751e+06 1.099789e+06 1.099832e+06 1.099876e+06 1.099911e+06 1.099919e+06 1.098080e+06 1.086790e+06 1.058723e+06 1.017724e+06 9.769268e+05 9.454146e+05 9.108704e+05 8.974907e+05 8.923290e+05 8.902976e+05 8.895027e+05 8.892013e+05 8.892493e+05 8.972895e+05 9.007731e+05 8.908029e+05
1.148512e+06 1.148512e+06 1.148512e+06 1.148512e+06 1.148512e+06 1.148512e+06 1.148514e+06 1.148520e+06 1.148525e+06 1.148531e+06 1.148546e+06 1.148565e+06 1.148589e+06 1.148616e+06 1.148641e+06 1.148655e+06 1.148637e+06 1.146541e+06 1.134389e+06 1.104267e+06 1.060065e+06 1.015761e+06 9.812112e+05 9.426152e+05 9.269802e+05 9.203948e+05 9.173090e+05 9.156271e+05 9.145154e+05 9.069466e+05 9.083928e+05 9.078656e+05 8.954208e+05
1.195678e+06 1.195678e+06 1.195678e+06 1.195678e+06 1.195678e+06 1.195679e+06 1.195680e+06 1.195684e+06 1.195686e+06 1.195688e+06 1.195691e+06 1.195695e+06 1.195698e+06 1.195700e+06 1.195695e+06 1.195675e+06 1.195618e+06 1.193177e+06 1.180064e+06 1.147799e+06 1.100333e+06 1.052497e+06 1.014921e+06 9.723409e+05 9.545336e+05 9.466076e+05 9.425479e+05 9.400572e+05 9.382114e+05 9.236744e+05 9.188959e+05 9.145365e+05 8.997664e+05
1.240313e+06 1.240313e+06 1.240313e+06 1.240313e+06 1.240313e+06 1.240312e+06 1.240311e+06 1.240304e+06 1.240300e+06 1.240294e+06 1.240278e+06 1.240259e+06 1.240235e+06 1.240207e+06 1.240169e+06 1.240112e+06 1.240015e+06 1.237243e+06 1.223212e+06 1.188871e+06 1.138232e+06 1.086968e+06 1.046458e+06 1.000036e+06 9.801563e+05 9.709703e+05 9.660097e+05 9.627803e+05 9.602694e+05 9.394009e+05 9.287860e+05 9.207808e+05 9.038331e+05
1.281370e+06 1.281370e+06 1.281370e+06 1.281370e+06 1.281370e+06 1.281370e+06 1.281368e+06 1.281362e+06 1.281358e+06 1.281352e+06 1.281337e+06 1.281318e+06 1.281294e+06 1.281264e+06 1.281224e+06 1.281161e+06 1.281056e+06 1.278115e+06 1.263337e+06 1.227123e+06 1.173539e+06 1.119057e+06 1.075778e+06 1.025718e+06 1.003878e+06 9.935073e+05 9.877093e+05 9.838017e+05 9.806866e+05 9.541018e+05 9.380531e+05 9.265947e+05 9.076160e+05
1.319077e+06 1.319077e+06 1.319077e+06 1.319077e+06 1.319077e+06 1.319076e+06 1.319075e+06 1.319068e+06 1.319063e+06 1.319057e+06 1.319042e+06 1.319022e+06 1.318998e+06 1.318968e+06 1.318927e+06 1.318864e+06 1.318755e+06 1.315705e+06 1.300309e+06 1.262436e+06 1.206179e+06 1.148736e+06 1.102891e+06 1.049430e+06 1.025742e+06 1.014255e+06 1.007673e+06 1.003139e+06 9.994724e+05 9.677608e+05 9.466903e+05 9.319763e+05 9.111109e+05
1.353621e+06 1.353621e+06 1.353621e+06 1.353621e+06 1.353621e+06 1.353621e+06 1.353619e+06 1.353613e+06 1.353608e+06 1.353603e+06 1.353588e+06 1.353569e+06 1.353545e+06 1.353515e+06 1.353474e+06 1.353411e+06 1.353301e+06 1.350162e+06 1.334226e+06 1.294876e+06 1.236203e+06 1.176059e+06 1.127852e+06 1.071227e+06 1.045799e+06 1.033255e+06 1.025935e+06 1.020817e+06 1.016645e+06 9.803682e+05 9.546932e+05 9.369254e+05 9.143150e+05
1.385209e+06 1.385209e+06 1.385209e+06 1.385209e+06 1.385209e+06 1.385208e+06 1.385206e+06 1.385200e+06 1.385195e+06 1.385189e+06 1.385174e+06 1.385154e+06 1.385130e+06 1.385100e+06 1.385059e+06 1.384994e+06 1.384883e+06 1.381664e+06 1.365252e+06 1.324579e+06 1.263723e+06 1.201118e+06 1.150739e+06 1.091168e+06 1.064096e+06 1.050546e+06 1.042527e+06 1.036864e+06 1.032227e+06 9.919212e+05 9.620602e+05 9.414430e+05 9.172263e+05
1.413996e+06 1.413996e+06 1.413996e+06 1.413996e+06 1.413996e+06 1.413996e+06 1.413994e+06 1.413988e+06 1.413983e+06 1.413978e+06 1.413963e+06 1.413944e+06 1.413921e+06 1.413891e+06 1.413850e+06 1.413786e+06 1.413673e+06 1.410390e+06 1.393558e+06 1.351702e+06 1.288871e+06 1.224016e+06 1.171632e+06 1.109306e+06 1.080675e+06 1.066165e+06 1.057482e+06 1.051309e+06 1.046247e+06 1.002423e+06 9.687923e+05 9.455319e+05 9.198442e+05
1.440167e+06 1.440167e+06 1.440167e+06 1.440167e+06 1.440167e+06 1.440166e+06 1.440165e+06 1.440158e+06 1.440154e+06 1.440148e+06 1.440133e+06 1.440115e+06 1.440092e+06 1.440064e+06 1.440024e+06 1.439961e+06 1.439849e+06 1.436516e+06 1.419320e+06 1.376404e+06 1.311777e+06 1.244850e+06 1.190601e+06 1.125684e+06 1.095567e+06 1.080142e+06 1.070831e+06 1.064183e+06 1.058733e+06 1.011883e+06 9.748930e+05 9.491960e+05 9.221689e+05
1.463905e+06 1.463905e+06 1.463905e+06 1.463905e+06 1.463905e+06 1.463905e+06 1.463904e+06 1.463898e+06 1.463894e+06 1.463889e+06 1.463877e+06 1.463861e+06 1.463840e+06 1.463815e+06 1.463778e+06 1.463718e+06 1.463608e+06 1.460238e+06 1.442720e+06 1.398844e+06 1.332561e+06 1.263704e+06 1.207704e+06 1.140331e+06 1.108801e+06 1.092506e+06 1.082604e+06 1.075518e+06 1.069717e+06 1.020315e+06 9.803683e+05 9.524404e+05 9.242015e+05
1.485455e+06 1.485455e+06 1.485455e+06 1.485455e+06 1.485455e+06 1.485454e+06 1.485453e+06 1.485448e+06 1.485444e+06 1.485439e+06 1.485426e+06 1.485410e+06 1.485390e+06 1.485365e+06 1.485330e+06 1.485270e+06 1.485160e+06 1.481751e+06 1.463937e+06 1.419168e+06 1.351331e+06 1.280649e+06 1.222987e+06 1.153275e+06 1.120399e+06 1.103283e+06 1.092833e+06 1.085348e+06 1.079237e+06 1.027738e+06 9.852262e+05 9.552714e+05 9.259443e+05
1.504953e+06 1.504953e+06 1.504953e+06 1.504953e+06 1.504953e+06 1.504952e+06 1.504951e+06 1.504946e+06 1.504943e+06 1.504938e+06 1.504926e+06 1.504911e+06 1.504892e+06 1.504868e+06 1.504833e+06 1.504774e+06 1.504665e+06 1.501217e+06 1.483119e+06 1.437495e+06 1.368170e+06 1.295740e+06 1.236485e+06 1.164539e+06 1.130390e+06 1.112506e+06 1.101553e+06 1.093713e+06 1.087333e+06 1.034176e+06 9.894770e+05 9.576965e+05 9.274003e+05
1.522550e+06 1.522550e+06 1.522550e+06 1.522550e+06 1.522550e+06 1.522550e+06 1.522548e+06 1.522543e+06 1.522540e+06 1.522535e+06 1.522523e+06 1.522507e+06 1.522488e+06 1.522463e+06 1.522428e+06 1.522368e+06 1.522258e+06 1.518763e+06 1.500374e+06 1.453907e+06 1.383132e+06 1.309013e+06 1.248227e+06 1.174152e+06 1.138804e+06 1.120213e+06 1.108806e+06 1.100656e+06 1.094050e+06 1.039656e+06 9.931328e+05 9.597239e+05 9.285732e+05
1.538327e+06 1.538327e+06 1.538327e+06 1.538327e+06 1.538327e+06 1.538327e+06 1.538325e+06 1.538320e+06 1.538316e+06 1.538312e+06 1.538300e+06 1.538284e+06 1.538264e+06 1.538239e+06 1.538202e+06 1.538140e+06 1.538026e+06 1.534461e+06 1.515752e+06 1.468432e+06 1.396237e+06 1.320486e+06 1.258235e+06 1.182146e+06 1.145683e+06 1.126448e+06 1.114643e+06 1.106229e+06 1.099440e+06 1.044208e+06 9.962076e+05 9.613628e+05 9.294676e+05
1.552363e+06 1.552363e+06 1.552363e+06 1.552363e+06 1.552363e+06 1.552363e+06 1.552361e+06 1.552356e+06 1.552351e+06 1.552345e+06 1.552328e+06 1.552305e+06 1.552276e+06 1.552239e+06 1.552188e+06 1.552110e+06 1.551978e+06 1.548269e+06 1.529188e+06 1.481015e+06 1.407453e+06 1.330155e+06 1.266527e+06 1.188562e+06 1.151079e+06 1.131270e+06 1.119120e+06 1.110491e+06 1.103563e+06 1.047867e+06 9.987168e+05 9.626232e+05 9.300887e+05
1.564278e+06 1.564278e+06 1.564278e+06 1.564278e+06 1.564278e+06 1.564277e+06 1.564273e+06 1.564261e+06 1.564251e+06 1.564239e+06 1.564209e+06 1.564170e+06 1.564123e+06 1.564066e+06 1.563994e+06 1.563893e+06 1.563737e+06 1.559878e+06 1.540462e+06 1.491521e+06 1.416720e+06 1.338012e+06 1.273127e+06 1.193454e+06 1.155054e+06 1.134743e+06 1.122305e+06 1.113507e+06 1.106481e+06 1.050668e+06 1.000677e+06 9.635159e+05 9.304424e+05
1.573357e+06 1.573357e+06 1.573357e+06 1.573357e+06 1.573357e+06 1.573356e+06 1.573353e+06 1.573340e+06 1.573330e+06 1.573319e+06 1.573291e+06 1.573256e+06 1.573214e+06 1.573163e+06 1.573098e+06 1.573006e+06 1.572857e+06 1.569005e+06 1.549412e+06 1.499877e+06 1.424024e+06 1.344083e+06 1.278084e+06 1.196892e+06 1.157684e+06 1.136943e+06 1.124272e+06 1.115349e+06 1.108263e+06 1.052651e+06 1.002108e+06 9.640519e+05 9.305351e+05
1.580017e+06 1.580017e+06 1.580017e+06 1.580017e+06 1.580017e+06 1.580017e+06 1.580015e+06 1.580009e+06 1.580004e+06 1.579998e+06 1.579983e+06 1.579963e+06 1.579938e+06 1.579906e+06 1.579861e+06 1.579788e+06 1.579660e+06 1.575883e+06 1.556199e+06 1.506196e+06 1.429457e+06 1.348451e+06 1.281481e+06 1.198961e+06 1.159056e+06 1.137954e+06 1.125101e+06 1.116095e+06 1.108984e+06 1.053856e+06 1.003027e+06 9.642432e+05 9.303736e+05
1.585118e+06 1.585118e+06 1.585118e+06 1.585118e+06 1.585118e+06 1.585118e+06 1.585116e+06 1.585110e+06 1.585105e+06 1.585099e+06 1.585083e+06 1.585062e+06 1.585036e+06 1.585002e+06 1.584955e+06 1.584880e+06 1.584749e+06 1.580945e+06 1.561118e+06 1.510679e+06 1.433163e+06 1.351233e+06 1.283423e+06 1.199758e+06 1.159261e+06 1.137865e+06 1.124876e+06 1.115823e+06 1.108720e+06 1.054324e+06 1.003456e+06 9.641018e+05 9.299653e+05
1.588629e+06 1.588629e+06 1.588629e+06 1.588629e+06 1.588629e+06 1.588629e+06 1.588626e+06 1.588615e+06 1.588607e+06 1.588597e+06 1.588571e+06 1.588539e+06 1.588499e+06 1.588451e+06 1.588389e+06 1.588299e+06 1.588153e+06 1.584261e+06 1.564264e+06 1.513431e+06 1.435248e+06 1.352536e+06 1.284017e+06 1.199387e+06 1.158398e+06 1.136770e+06 1.123686e+06 1.114618e+06 1.107547e+06 1.054098e+06 1.003414e+06 9.636405e+05 9.293180e+05
1.590063e+06 1.590063e+06 1.590063e+06 1.590063e+06 1.590063e+06 1.590062e+06 1.590059e+06 1.590048e+06 1.590040e+06 1.590029e+06 1.590004e+06 1.589971e+06 1.589931e+06 1.589882e+06 1.589819e+06 1.589728e+06 1.589581e+06 1.585675e+06 1.565595e+06 1.514486e+06 1.435793e+06 1.352460e+06 1.283368e+06 1.197953e+06 1.156567e+06 1.134760e+06 1.121618e+06 1.112561e+06 1.105545e+06 1.053221e+06 1.002925e+06 9.628721e+05 9.284395e+05
1.589469e+06 1.589469e+06 1.589469e+06 1.589469e+06 1.589469e+06 1.589468e+06 1.589467e+06 1.589461e+06 1.589456e+06 1.589450e+06 1.589434e+06 1.589414e+06 1.589387e+06 1.589354e+06 1.589307e+06 1.589232e+06 1.589101e+06 1.585270e+06 1.565205e+06 1.513953e+06 1.434912e+06 1.351122e+06 1.281591e+06 1.195561e+06 1.153865e+06 1.131928e+06 1.118757e+06 1.109734e+06 1.102789e+06 1.051737e+06 1.002009e+06 9.618095e+05 9.273382e+05
1.587523e+06 1.587523e+06 1.587523e+06 1.587523e+06 1.587523e+06 1.587522e+06 1.587521e+06 1.587514e+06 1.587510e+06 1.587504e+06 1.587489e+06 1.587470e+06 1.587446e+06 1.587417e+06 1.587375e+06 1.587306e+06 1.587183e+06 1.583400e+06 1.563365e+06 1.512040e+06 1.432773e+06 1.348661e+06 1.278808e+06 1.192316e+06 1.150388e+06 1.128362e+06 1.115188e+06 1.106214e+06 1.099354e+06 1.049687e+06 1.000690e+06 9.604661e+05 9.260225e+05
1.584434e+06 1.584434e+06 1.584434e+06 1.584434e+06 1.584434e+06 1.584434e+06 1.584432e+06 1.584426e+06 1.584421e+06 1.584416e+06 1.584401e+06 1.584382e+06 1.584359e+06 1.584330e+06 1.584288e+06 1.584221e+06 1.584099e+06 1.580331e+06 1.560310e+06 1.508947e+06 1.429543e+06 1.345217e+06 1.275143e+06 1.188319e+06 1.146226e+06 1.124146e+06 1.110989e+06 1.102076e+06 1.095310e+06 1.047116e+06 9.989891e+05 9.588551e+05 9.245012e+05
1.580264e+06 1.580264e+06 1.580264e+06 1.580264e+06 1.580264e+06 1.580264e+06 1.580262e+06 1.580256e+06 1.580252e+06 1.580246e+06 1.580232e+06 1.580213e+06 1.580190e+06 1.580161e+06 1.580120e+06 1.580053e+06 1.579932e+06 1.576174e+06 1.556173e+06 1.504813e+06 1.425352e+06 1.340911e+06 1.270702e+06 1.183664e+06 1.141462e+06 1.119358e+06 1.106232e+06 1.097391e+06 1.090724e+06 1.044064e+06 9.969293e+05 9.569899e+05 9.227829e+05
1.575069e+06 1.575069e+06 1.575069e+06 1.575069e+06 1.575069e+06 1.575069e+06 1.575067e+06 1.575061e+06 1.575056e+06 1.575051e+06 1.575036e+06 1.575018e+06 1.574996e+06 1.574967e+06 1.574928e+06 1.574862e+06 1.574743e+06 1.571003e+06 1.551045e+06 1.499741e+06 1.420307e+06 1.335845e+06 1.265582e+06 1.178431e+06 1.136172e+06 1.114066e+06 1.100984e+06 1.092221e+06 1.085659e+06 1.040572e+06 9.945329e+05 9.548837e+05 9.208764e+05
