4.566559e+04 2.904604e+04 2.342230e+04 1.250943e+04 9.476768e+03 5.094363e+03 3.875186e+03 3.097078e+03 2.945297e+03 2.866497e+03 2.946084e+03 3.498766e+03 4.637904e+03 6.282334e+03 8.193984e+03 1.005866e+04 1.157012e+04 1.087952e+04 6.223364e+03 3.798640e+03 2.727763e+03 2.249965e+03 2.048310e+03 2.027526e+03 2.284060e+03 2.753429e+03 3.440813e+03 4.366354e+03 5.550507e+03 3.342922e+04 8.314712e+04 1.348358e+05 1.765732e+05
3.415946e+03 3.415945e+03 3.415941e+03 3.415516e+03 3.413242e+03 3.314259e+03 3.151952e+03 2.876268e+03 2.807992e+03 2.780603e+03 2.942213e+03 3.596370e+03 4.859587e+03 6.628397e+03 8.640520e+03 1.056556e+04 1.209193e+04 1.111801e+04 6.281800e+03 3.812378e+03 2.731861e+03 2.252542e+03 2.051322e+03 2.032500e+03 2.291350e+03 2.763465e+03 3.454155e+03 4.383584e+03 5.572163e+03 3.350907e+04 8.327283e+04 1.349735e+05 1.766984e+05
2.789459e+03 2.789460e+03 2.789463e+03 2.789528e+03 2.789600e+03 2.778548e+03 2.761289e+03 2.718537e+03 2.689555e+03 2.703215e+03 2.967130e+03 3.760293e+03 5.184429e+03 7.102551e+03 9.224145e+03 1.120397e+04 1.272934e+04 1.138164e+04 6.342622e+03 3.825976e+03 2.735779e+03 2.255087e+03 2.054408e+03 2.037653e+03 2.298879e+03 2.773793e+03 3.467843e+03 4.401217e+03 5.594280e+03 3.358977e+04 8.339938e+04 1.351118e+05 1.768240e+05
2.632182e+03 2.632182e+03 2.632184e+03 2.632227e+03 2.632320e+03 2.630290e+03 2.611997e+03 2.632546e+03 2.653265e+03 2.698743e+03 3.058998e+03 4.026907e+03 5.650799e+03 7.740753e+03 9.974472e+03 1.199551e+04 1.349633e+04 1.166924e+04 6.405126e+03 3.839231e+03 2.739460e+03 2.257585e+03 2.057565e+03 2.042991e+03 2.306653e+03 2.784418e+03 3.481883e+03 4.419259e+03 5.616864e+03 3.367130e+04 8.352678e+04 1.352508e+05 1.769501e+05
2.538334e+03 2.538335e+03 2.538336e+03 2.538370e+03 2.538456e+03 2.539712e+03 2.543336e+03 2.586289e+03 2.646109e+03 2.750783e+03 3.277004e+03 4.462902e+03 6.315418e+03 8.588933e+03 1.092492e+04 1.296165e+04 1.440467e+04 1.197848e+04 6.468442e+03 3.851915e+03 2.742843e+03 2.260020e+03 2.060791e+03 2.048517e+03 2.314676e+03 2.795346e+03 3.496283e+03 4.437719e+03 5.639922e+03 3.375369e+04 8.365502e+04 1.353905e+05 1.770765e+05
2.536751e+03 2.536752e+03 2.536754e+03 2.536811e+03 2.536979e+03 2.546094e+03 2.567800e+03 2.621994e+03 2.699217e+03 2.865342e+03 3.643272e+03 5.149619e+03 7.270939e+03 9.711514e+03 1.211540e+04 1.412397e+04 1.546343e+04 1.230572e+04 6.531545e+03 3.863785e+03 2.745866e+03 2.262377e+03 2.064084e+03 2.054235e+03 2.322953e+03 2.806583e+03 3.511047e+03 4.456602e+03 5.663462e+03 3.383693e+04 8.378411e+04 1.355307e+05 1.772034e+05
2.667182e+03 2.667183e+03 2.667184e+03 2.667230e+03 2.667364e+03 2.670857e+03 2.679706e+03 2.727493e+03 2.838737e+03 3.097208e+03 4.228290e+03 6.158354e+03 8.602346e+03 1.119732e+04 1.359868e+04 1.550529e+04 1.667887e+04 1.264613e+04 6.593285e+03 3.874586e+03 2.748467e+03 2.264642e+03 2.067442e+03 2.060149e+03 2.331491e+03 2.818135e+03 3.526184e+03 4.475915e+03 5.687492e+03 3.392104e+04 8.391405e+04 1.356717e+05 1.773307e+05
2.789090e+03 2.789090e+03 2.789092e+03 2.789130e+03 2.789246e+03 2.792373e+03 2.800243e+03 2.887876e+03 3.103525e+03 3.543349e+03 5.180410e+03 7.607908e+03 1.037979e+04 1.308975e+04 1.542374e+04 1.713471e+04 1.805570e+04 1.299385e+04 6.652431e+03 3.884061e+03 2.750586e+03 2.266799e+03 2.070865e+03 2.066264e+03 2.340293e+03 2.830008e+03 3.541699e+03 4.495667e+03 5.712017e+03 3.400602e+04 8.404485e+04 1.358132e+05 1.774584e+05
2.908731e+03 2.908732e+03 2.908733e+03 2.908768e+03 2.908872e+03 2.911777e+03 2.920574e+03 3.170539e+03 3.641598e+03 4.417473e+03 6.741495e+03 9.664301e+03 1.267765e+04 1.540056e+04 1.757300e+04 1.900984e+04 1.960010e+04 1.334245e+04 6.707734e+03 3.891961e+03 2.752166e+03 2.268836e+03 2.074350e+03 2.072582e+03 2.349365e+03 2.842207e+03 3.557598e+03 4.515863e+03 5.737047e+03 3.409188e+04 8.417651e+04 1.359554e+05 1.775865e+05
3.029991e+03 3.029992e+03 3.029993e+03 3.030025e+03 3.030121e+03 3.032871e+03 3.058740e+03 3.871704e+03 4.868121e+03 6.165269e+03 9.247822e+03 1.250154e+04 1.554380e+04 1.810540e+04 1.999272e+04 2.107056e+04 2.127358e+04 1.368547e+04 6.757994e+03 3.898056e+03 2.753156e+03 2.270743e+03 2.077898e+03 2.079108e+03 2.358711e+03 2.854738e+03 3.573889e+03 4.536510e+03 5.762588e+03 3.417861e+04 8.430903e+04 1.360983e+05 1.777150e+05
3.155288e+03 3.155288e+03 3.155289e+03 3.155319e+03 3.155409e+03 3.162657e+03 3.448442e+03 5.951251e+03 7.709543e+03 9.528344e+03 1.303608e+04 1.620856e+04 1.894777e+04 2.112326e+04 2.258977e+04 2.323176e+04 2.300497e+04 1.401720e+04 6.802144e+03 3.902146e+03 2.753515e+03 2.272512e+03 2.081510e+03 2.085847e+03 2.368337e+03 2.867606e+03 3.590578e+03 4.557617e+03 5.788647e+03 3.426624e+04 8.444243e+04 1.362418e+05 1.778440e+05
3.988861e+04 3.988861e+04 3.988860e+04 3.988845e+04 3.988796e+04 3.987424e+04 3.983210e+04 3.965000e+04 3.950801e+04 3.932948e+04 3.885374e+04 3.821132e+04 3.738411e+04 3.631314e+04 3.488984e+04 3.299507e+04 3.056904e+04 1.532913e+04 6.837867e+03 3.831940e+03 2.723847e+03 2.284157e+03 2.122402e+03 2.165925e+03 2.481095e+03 3.016161e+03 3.780786e+03 4.795488e+03 6.079432e+03 3.519275e+04 8.582481e+04 1.377132e+05 1.791568e+05
2.866056e+04 2.866056e+04 2.866056e+04 2.866054e+04 2.866049e+04 2.865858e+04 2.865269e+04 2.863184e+04 2.861663e+04 2.859760e+04 2.854441e+04 2.845305e+04 2.826961e+04 2.789426e+04 2.719627e+04 2.605596e+04 2.441911e+04 1.291738e+04 6.135940e+03 3.637813e+03 2.690588e+03 2.314464e+03 2.186396e+03 2.274467e+03 2.628023e+03 3.205237e+03 4.018242e+03 5.087311e+03 6.430557e+03 3.621497e+04 8.729764e+04 1.392510e+05 1.805119e+05
2.204805e+04 2.204805e+04 2.204805e+04 2.204805e+04 2.204803e+04 2.204751e+04 2.204567e+04 2.203756e+04 2.203139e+04 2.202390e+04 2.200375e+04 2.196584e+04 2.187238e+04 2.164865e+04 2.119205e+04 2.040343e+04 1.923074e+04 1.057827e+04 5.343875e+03 3.406926e+03 2.673980e+03 2.388055e+03 2.301827e+03 2.428421e+03 2.818658e+03 3.442975e+03 4.311026e+03 5.441335e+03 6.850385e+03 3.733906e+04 8.886413e+04 1.408565e+05 1.819091e+05
1.801436e+04 1.801436e+04 1.801436e+04 1.801436e+04 1.801437e+04 1.801449e+04 1.801458e+04 1.801344e+04 1.801200e+04 1.800995e+04 1.800293e+04 1.798359e+04 1.792222e+04 1.775958e+04 1.741369e+04 1.680443e+04 1.588827e+04 9.016704e+03 4.812611e+03 3.262213e+03 2.693549e+03 2.492151e+03 2.455883e+03 2.640460e+03 3.072205e+03 3.743098e+03 4.670510e+03 5.867941e+03 7.348707e+03 3.857106e+04 9.052734e+04 1.425306e+05 1.833485e+05
1.538540e+04 1.538540e+04 1.538540e+04 1.538540e+04 1.538540e+04 1.538560e+04 1.538611e+04 1.538714e+04 1.538738e+04 1.538734e+04 1.538555e+04 1.537455e+04 1.532979e+04 1.520211e+04 1.492333e+04 1.442657e+04 1.367509e+04 7.997958e+03 4.510266e+03 3.228647e+03 2.773483e+03 2.635499e+03 2.645191e+03 2.902676e+03 3.397004e+03 4.127492e+03 5.115264e+03 6.381691e+03 7.938040e+03 3.991694e+04 9.229009e+04 1.442739e+05 1.848298e+05
1.363866e+04 1.363866e+04 1.363866e+04 1.363866e+04 1.363866e+04 1.363852e+04 1.363811e+04 1.363704e+04 1.363654e+04 1.363612e+04 1.363481e+04 1.362685e+04 1.359102e+04 1.348498e+04 1.325006e+04 1.282871e+04 1.218921e+04 7.343982e+03 4.371133e+03 3.288991e+03 2.919792e+03 2.831487e+03 2.881117e+03 3.217395e+03 3.792832e+03 4.602867e+03 5.666994e+03 7.005424e+03 8.635753e+03 4.138269e+04 9.415504e+04 1.460872e+05 1.863527e+05
1.246271e+04 1.246271e+04 1.246271e+04 1.246271e+04 1.246271e+04 1.246284e+04 1.246321e+04 1.246466e+04 1.246572e+04 1.246698e+04 1.246937e+04 1.246613e+04 1.243840e+04 1.234866e+04 1.214503e+04 1.177663e+04 1.121550e+04 6.956957e+03 4.357833e+03 3.430095e+03 3.134137e+03 3.091880e+03 3.180330e+03 3.598646e+03 4.267533e+03 5.174334e+03 6.331772e+03 7.757379e+03 9.467260e+03 4.297439e+04 9.612464e+04 1.479708e+05 1.879168e+05
1.176354e+04 1.176354e+04 1.176354e+04 1.176354e+04 1.176354e+04 1.176362e+04 1.176387e+04 1.176491e+04 1.176565e+04 1.176651e+04 1.176802e+04 1.176446e+04 1.173880e+04 1.165703e+04 1.147204e+04 1.113772e+04 1.062884e+04 6.778725e+03 4.453633e+03 3.651064e+03 3.424088e+03 3.430814e+03 3.561948e+03 4.067985e+03 4.837254e+03 5.852310e+03 7.116983e+03 8.643249e+03 1.044525e+04 4.469843e+04 9.820113e+04 1.499249e+05 1.895215e+05
1.136822e+04 1.136822e+04 1.136822e+04 1.136823e+04 1.136823e+04 1.136846e+04 1.136914e+04 1.137160e+04 1.137323e+04 1.137508e+04 1.137881e+04 1.137809e+04 1.135699e+04 1.128375e+04 1.111443e+04 1.080610e+04 1.033540e+04 6.776775e+03 4.657921e+03 3.963442e+03 3.806476e+03 3.868392e+03 4.048696e+03 4.650675e+03 5.524149e+03 6.652619e+03 8.033108e+03 9.670474e+03 1.157493e+04 4.656172e+04 1.003866e+05 1.519495e+05 1.911660e+05
1.127786e+04 1.127786e+04 1.127786e+04 1.127787e+04 1.127789e+04 1.127860e+04 1.128078e+04 1.128833e+04 1.129308e+04 1.129820e+04 1.130863e+04 1.131455e+04 1.130037e+04 1.123535e+04 1.107728e+04 1.078514e+04 1.033700e+04 6.956607e+03 4.987930e+03 4.391125e+03 4.307548e+03 4.431367e+03 4.667412e+03 5.373597e+03 6.353143e+03 7.595116e+03 9.093917e+03 1.084813e+04 1.286262e+04 4.857204e+04 1.026831e+05 1.540445e+05 1.928496e+05
1.161173e+04 1.161173e+04 1.161173e+04 1.161173e+04 1.161173e+04 1.161189e+04 1.161236e+04 1.161396e+04 1.161493e+04 1.161593e+04 1.161755e+04 1.161454e+04 1.159204e+04 1.152014e+04 1.135760e+04 1.106457e+04 1.062015e+04 7.325290e+03 5.470345e+03 4.966659e+03 4.960119e+03 5.150991e+03 5.447536e+03 6.263694e+03 7.349286e+03 8.701385e+03 1.031575e+04 1.218723e+04 1.431540e+04 5.073844e+04 1.050923e+05 1.562094e+05 1.945711e+05
1.196750e+04 1.196750e+04 1.196750e+04 1.196751e+04 1.196755e+04 1.196879e+04 1.197242e+04 1.198489e+04 1.199314e+04 1.200239e+04 1.202257e+04 1.203958e+04 1.203723e+04 1.198457e+04 1.183969e+04 1.156244e+04 1.113214e+04 7.907550e+03 6.143071e+03 5.727773e+03 5.799237e+03 6.059166e+03 6.418130e+03 7.346261e+03 8.535936e+03 9.992613e+03 1.171608e+04 1.370045e+04 1.594146e+04 5.307184e+04 1.076163e+05 1.584438e+05 1.963296e+05
1.310705e+04 1.310705e+04 1.310705e+04 1.310705e+04 1.310705e+04 1.310701e+04 1.310689e+04 1.310651e+04 1.310635e+04 1.310627e+04 1.310629e+04 1.310276e+04 1.308037e+04 1.300786e+04 1.284229e+04 1.254271e+04 1.208853e+04 8.781209e+03 7.051546e+03 6.710888e+03 6.856484e+03 7.183965e+03 7.604598e+03 8.643383e+03 9.933661e+03 1.148816e+04 1.331202e+04 1.540128e+04 1.775009e+04 5.558624e+04 1.102569e+05 1.607469e+05 1.981239e+05
1.432429e+04 1.432429e+04 1.432429e+04 1.432430e+04 1.432434e+04 1.432523e+04 1.432783e+04 1.433796e+04 1.434537e+04 1.435418e+04 1.437475e+04 1.439321e+04 1.439116e+04 1.433396e+04 1.417536e+04 1.387191e+04 1.340249e+04 9.964383e+03 8.223721e+03 7.941368e+03 8.154637e+03 8.546387e+03 9.026686e+03 1.017321e+04 1.155983e+04 1.320485e+04 1.511925e+04 1.730308e+04 1.975129e+04 5.830217e+04 1.130160e+05 1.631178e+05 1.999524e+05
1.637186e+04 1.637186e+04 1.637186e+04 1.637187e+04 1.637187e+04 1.637200e+04 1.637235e+04 1.637349e+04 1.637426e+04 1.637520e+04 1.637716e+04 1.637424e+04 1.634804e+04 1.626205e+04 1.606718e+04 1.571770e+04 1.519249e+04 1.147649e+04 9.672925e+03 9.432863e+03 9.707769e+03 1.016093e+04 1.069916e+04 1.195045e+04 1.342880e+04 1.515673e+04 1.715129e+04 1.941808e+04 2.195504e+04 6.122954e+04 1.158961e+05 1.655555e+05 2.018139e+05
1.833213e+04 1.833213e+04 1.833213e+04 1.833214e+04 1.833218e+04 1.833335e+04 1.833684e+04 1.834925e+04 1.835781e+04 1.836777e+04 1.839055e+04 1.841027e+04 1.840540e+04 1.833523e+04 1.814581e+04 1.778731e+04 1.723680e+04 1.329011e+04 1.140397e+04 1.119450e+04 1.152671e+04 1.203955e+04 1.263454e+04 1.398756e+04 1.555237e+04 1.735513e+04 1.941917e+04 2.175676e+04 2.437056e+04 6.436340e+04 1.188997e+05 1.680590e+05 2.037067e+05
2.117068e+04 2.117068e+04 2.117068e+04 2.117068e+04 2.117069e+04 2.117096e+04 2.117172e+04 2.117453e+04 2.117661e+04 2.117921e+04 2.118564e+04 2.118790e+04 2.116376e+04 2.106920e+04 2.084522e+04 2.043733e+04 1.982081e+04 1.547387e+04 1.343769e+04 1.324035e+04 1.362481e+04 1.419538e+04 1.484549e+04 1.629555e+04 1.793997e+04 1.980857e+04 2.193115e+04 2.432736e+04 2.700572e+04 6.770072e+04 1.220298e+05 1.706270e+05 2.056292e+05
2.431797e+04 2.431797e+04 2.431797e+04 2.431798e+04 2.431801e+04 2.431901e+04 2.432200e+04 2.433308e+04 2.434102e+04 2.435044e+04 2.437253e+04 2.439070e+04 2.437822e+04 2.428444e+04 2.404263e+04 2.359174e+04 2.290471e+04 1.804957e+04 1.579485e+04 1.558895e+04 1.601869e+04 1.664304e+04 1.734463e+04 1.888358e+04 2.059829e+04 2.252250e+04 2.469252e+04 2.713555e+04 2.986661e+04 7.123846e+04 1.252903e+05 1.732583e+05 2.075796e+05
2.832634e+04 2.832634e+04 2.832634e+04 2.832635e+04 2.832635e+04 2.832660e+04 2.832737e+04 2.833046e+04 2.833284e+04 2.833582e+04 2.834277e+04 2.834278e+04 2.830663e+04 2.817787e+04 2.788184e+04 2.735061e+04 2.655492e+04 2.103194e+04 1.849483e+04 1.825952e+04 1.872465e+04 1.939562e+04 2.014223e+04 2.175756e+04 2.353055e+04 2.549896e+04 2.770539e+04 3.018433e+04 3.295730e+04 7.497330e+04 1.286859e+05 1.759516e+05 2.095561e+05
3.240331e+04 3.240331e+04 3.240331e+04 3.240332e+04 3.240336e+04 3.240463e+04 3.240857e+04 3.242322e+04 3.243346e+04 3.244539e+04 3.247267e+04 3.249398e+04 3.247514e+04 3.235160e+04 3.203861e+04 3.145920e+04 3.058004e+04 2.441003e+04 2.155575e+04 2.126810e+04 2.175409e+04 2.246079e+04 2.324314e+04 2.491854e+04 2.673569e+04 2.873623e+04 3.096865e+04 3.347405e+04 3.627990e+04 7.890178e+04 1.322233e+05 1.787056e+05 2.115568e+05
3.751551e+04 3.751551e+04 3.751551e+04 3.751552e+04 3.751553e+04 3.751594e+04 3.751723e+04 3.752210e+04 3.752557e+04 3.752971e+04 3.753893e+04 3.753895e+04 3.749272e+04 3.732858e+04 3.695196e+04 3.627698e+04 3.526691e+04 2.825791e+04 2.499990e+04 2.462280e+04 2.510942e+04 2.583801e+04 2.664495e+04 2.836180e+04 3.020792e+04 3.222879e+04 3.447814e+04 3.700267e+04 3.983472e+04 8.302044e+04 1.359130e+05 1.815191e+05 2.135799e+05
4.280243e+04 4.280243e+04 4.280243e+04 4.280244e+04 4.280249e+04 4.280387e+04 4.280818e+04 4.282448e+04 4.283587e+04 4.284906e+04 4.287876e+04 4.289960e+04 4.286849e+04 4.270392e+04 4.229891e+04 4.155625e+04 4.043380e+04 3.255386e+04 2.882091e+04 2.831627e+04 2.878235e+04 2.951825e+04 3.033799e+04 3.207677e+04 3.393688e+04 3.596759e+04 3.822713e+04 4.076628e+04 4.362080e+04 8.732615e+04 1.397620e+05 1.843911e+05 2.156233e+05
4.914210e+04 4.914210e+04 4.914210e+04 4.914211e+04 4.914213e+04 4.914266e+04 4.914431e+04 4.915086e+04 4.915575e+04 4.916171e+04 4.917540e+04 4.917786e+04 4.912158e+04 4.891520e+04 4.843827e+04 4.758120e+04 4.629640e+04 3.731604e+04 3.300429e+04 3.233261e+04 3.275734e+04 3.348581e+04 3.430620e+04 3.604749e+04 3.790807e+04 3.994077e+04 4.220706e+04 4.475988e+04 4.763656e+04 9.181613e+04 1.437592e+05 1.873205e+05 2.176852e+05
5.590598e+04 5.590598e+04 5.590598e+04 5.590598e+04 5.590601e+04 5.590684e+04 5.590917e+04 5.591788e+04 5.592425e+04 5.593192e+04 5.594918e+04 5.595306e+04 5.588934e+04 5.565465e+04 5.511313e+04 5.414133e+04 5.268562e+04 4.249515e+04 3.752662e+04 3.665167e+04 3.701366e+04 3.771903e+04 3.852757e+04 4.025312e+04 4.210380e+04 4.413476e+04 4.640872e+04 4.897845e+04 5.188069e+04 9.648816e+04 1.478951e+05 1.903067e+05 2.197635e+05
6.316838e+04 6.316838e+04 6.316838e+04 6.316838e+04 6.316840e+04 6.316891e+04 6.317050e+04 6.317690e+04 6.318182e+04 6.318794e+04 6.320194e+04 6.320090e+04 6.312451e+04 6.285719e+04 6.224672e+04 6.115448e+04 5.951973e+04 4.804731e+04 4.236084e+04 4.124695e+04 4.152323e+04 4.218914e+04 4.297378e+04 4.466893e+04 4.650471e+04 4.853592e+04 5.082378e+04 5.341824e+04 5.635317e+04 1.013404e+05 1.521607e+05 1.933493e+05 2.218564e+05
7.089808e+04 7.089808e+04 7.089808e+04 7.089809e+04 7.089812e+04 7.089901e+04 7.090179e+04 7.091286e+04 7.092101e+04 7.093073e+04 7.095201e+04 7.095537e+04 7.087289e+04 7.057549e+04 6.989350e+04 6.867230e+04 6.684384e+04 5.396957e+04 4.747959e+04 4.608331e+04 4.624907e+04 4.686010e+04 4.761124e+04 4.926846e+04 5.109223e+04 5.313281e+04 5.544667e+04 5.807820e+04 6.105632e+04 1.063716e+05 1.565467e+05 1.964485e+05 2.239619e+05
7.920287e+04 7.920287e+04 7.920287e+04 7.920287e+04 7.920289e+04 7.920323e+04 7.920433e+04 7.920890e+04 7.921250e+04 7.921697e+04 7.922602e+04 7.921357e+04 7.910531e+04 7.875890e+04 7.798676e+04 7.661752e+04 7.457520e+04 6.019257e+04 5.282754e+04 5.111093e+04 5.114572e+04 5.169127e+04 5.240470e+04 5.402755e+04 5.585205e+04 5.791896e+04 6.027664e+04 6.296151e+04 6.599588e+04 1.115802e+05 1.610432e+05 1.996056e+05 2.260784e+05
8.754612e+04 8.754612e+04 8.754612e+04 8.754612e+04 8.754614e+04 8.754673e+04 8.754855e+04 8.755579e+04 8.756121e+04 8.756775e+04 8.758131e+04 8.757145e+04 8.745630e+04 8.707933e+04 8.623419e+04 8.473193e+04 8.248780e+04 6.660322e+04 5.833172e+04 5.627251e+04 5.616614e+04 5.664449e+04 5.732403e+04 5.892981e+04 6.077830e+04 6.289579e+04 6.531973e+04 6.807682e+04 7.118168e+04 1.169650e+05 1.656398e+05 2.028238e+05 2.282040e+05
9.618115e+04 9.618115e+04 9.618115e+04 9.618116e+04 9.618117e+04 9.618171e+04 9.618340e+04 9.619018e+04 9.619527e+04 9.620142e+04 9.621377e+04 9.620001e+04 9.607090e+04 9.565559e+04 9.472850e+04 9.308253e+04 9.062384e+04 7.316142e+04 6.393840e+04 6.152221e+04 6.127543e+04 6.169502e+04 6.235333e+04 6.397294e+04 6.587760e+04 6.807518e+04 7.059031e+04 7.343909e+04 7.662807e+04 1.225241e+05 1.703256e+05 2.061075e+05 2.303373e+05
1.050510e+05 1.050510e+05 1.050510e+05 1.050510e+05 1.050510e+05 1.050515e+05 1.050532e+05 1.050597e+05 1.050646e+05 1.050704e+05 1.050818e+05 1.050643e+05 1.049209e+05 1.044658e+05 1.034531e+05 1.016566e+05 9.897240e+04 7.984391e+04 6.962011e+04 6.684079e+04 6.646448e+04 6.684264e+04 6.749955e+04 6.917379e+04 7.117198e+04 7.348095e+04 7.611164e+04 7.906959e+04 8.235363e+04 1.282550e+05 1.750894e+05 2.094462e+05 2.324768e+05
1.141113e+05 1.141113e+05 1.141113e+05 1.141113e+05 1.141113e+05 1.141118e+05 1.141135e+05 1.141202e+05 1.141252e+05 1.141313e+05 1.141427e+05 1.141225e+05 1.139660e+05 1.134714e+05 1.123716e+05 1.104199e+05 1.075020e+05 8.663745e+04 7.538105e+04 7.224442e+04 7.175772e+04 7.211761e+04 7.279696e+04 7.457054e+04 7.669965e+04 7.914874e+04 8.191529e+04 8.499511e+04 8.838028e+04 1.341540e+05 1.799195e+05 2.128291e+05 2.346213e+05
1.233934e+05 1.233934e+05 1.233934e+05 1.233934e+05 1.233934e+05 1.233940e+05 1.233961e+05 1.234043e+05 1.234103e+05 1.234176e+05 1.234317e+05 1.234119e+05 1.232445e+05 1.227110e+05 1.215218e+05 1.194087e+05 1.162463e+05 9.357146e+04 8.126195e+04 7.778388e+04 7.721187e+04 7.757957e+04 7.830602e+04 8.022124e+04 8.251308e+04 8.512394e+04 8.803911e+04 9.124612e+04 9.473167e+04 1.402159e+05 1.848038e+05 2.162467e+05 2.367701e+05
1.330554e+05 1.330554e+05 1.330554e+05 1.330554e+05 1.330554e+05 1.330558e+05 1.330570e+05 1.330617e+05 1.330654e+05 1.330698e+05 1.330769e+05 1.330464e+05 1.328560e+05 1.322703e+05 1.309764e+05 1.286842e+05 1.252581e+05 1.006942e+05 8.732930e+04 8.353724e+04 8.290983e+04 8.331192e+04 8.410802e+04 8.619888e+04 8.867466e+04 9.145797e+04 9.452402e+04 9.785404e+04 1.014310e+05 1.464338e+05 1.897302e+05 2.196896e+05 2.389226e+05
1.427912e+05 1.427912e+05 1.427912e+05 1.427912e+05 1.427912e+05 1.427922e+05 1.427952e+05 1.428072e+05 1.428159e+05 1.428263e+05 1.428469e+05 1.428286e+05 1.426389e+05 1.420237e+05 1.406455e+05 1.381910e+05 1.345132e+05 1.080770e+05 9.368037e+04 8.960839e+04 8.895531e+04 8.941473e+04 9.029747e+04 9.258417e+04 9.525050e+04 9.820309e+04 1.014099e+05 1.048480e+05 1.084983e+05 1.527991e+05 1.946864e+05 2.231487e+05 2.410790e+05
1.532981e+05 1.532981e+05 1.532981e+05 1.532981e+05 1.532981e+05 1.532985e+05 1.532999e+05 1.533053e+05 1.533097e+05 1.533151e+05 1.533245e+05 1.532912e+05 1.530738e+05 1.523998e+05 1.509068e+05 1.482587e+05 1.442976e+05 1.158821e+05 1.004503e+05 9.612215e+04 9.546423e+04 9.599493e+04 9.697212e+04 9.945663e+04 1.023030e+05 1.054065e+05 1.087309e+05 1.122513e+05 1.159480e+05 1.593006e+05 1.996600e+05 2.266146e+05 2.432406e+05
1.641075e+05 1.641075e+05 1.641075e+05 1.641076e+05 1.641076e+05 1.641091e+05 1.641137e+05 1.641309e+05 1.641429e+05 1.641570e+05 1.641858e+05 1.641708e+05 1.639602e+05 1.632612e+05 1.616848e+05 1.588696e+05 1.546457e+05 1.242681e+05 1.077901e+05 1.032091e+05 1.025509e+05 1.031535e+05 1.042213e+05 1.068851e+05 1.098834e+05 1.131045e+05 1.165109e+05 1.200778e+05 1.237860e+05 1.659251e+05 2.046386e+05 2.300780e+05 2.454110e+05
1.762530e+05 1.762530e+05 1.762530e+05 1.762530e+05 1.762530e+05 1.762544e+05 1.762589e+05 1.762767e+05 1.762900e+05 1.763062e+05 1.763413e+05 1.763325e+05 1.761159e+05 1.753762e+05 1.736941e+05 1.706800e+05 1.661501e+05 1.335328e+05 1.158679e+05 1.109903e+05 1.103130e+05 1.109724e+05 1.121144e+05 1.149186e+05 1.180246e+05 1.213171e+05 1.247597e+05 1.283292e+05 1.320077e+05 1.726570e+05 2.096098e+05 2.335298e+05 2.475846e+05
1.903382e+05 1.903382e+05 1.903382e+05 1.903382e+05 1.903383e+05 1.903396e+05 1.903439e+05 1.903606e+05 1.903728e+05 1.903874e+05 1.904174e+05 1.903967e+05 1.901481e+05 1.893300e+05 1.874885e+05 1.842027e+05 1.792752e+05 1.439030e+05 1.248070e+05 1.195505e+05 1.188149e+05 1.195018e+05 1.206905e+05 1.235791e+05 1.267360e+05 1.300442e+05 1.334701e+05 1.369930e+05 1.405968e+05 1.794784e+05 2.145614e+05 2.369606e+05 2.497535e+05
2.058387e+05 2.058387e+05 2.058387e+05 2.058387e+05 2.058388e+05 2.058398e+05 2.058429e+05 2.058554e+05 2.058649e+05 2.058764e+05 2.058993e+05 2.058662e+05 2.055850e+05 2.046853e+05 2.026749e+05 1.990975e+05 1.937401e+05 1.553441e+05 1.346370e+05 1.289197e+05 1.280766e+05 1.287520e+05 1.299516e+05 1.328571e+05 1.360004e+05 1.392636e+05 1.426166e+05 1.460414e+05 1.495241e+05 1.863693e+05 2.194813e+05 2.403614e+05 2.519112e+05
2.224360e+05 2.224360e+05 2.224360e+05 2.224361e+05 2.224361e+05 2.224376e+05 2.224422e+05 2.224607e+05 2.224745e+05 2.224911e+05 2.225256e+05 2.225003e+05 2.222066e+05 2.212428e+05 2.190749e+05 2.152084e+05 2.094118e+05 1.678190e+05 1.453458e+05 1.390811e+05 1.380727e+05 1.386905e+05 1.398605e+05 1.427099e+05 1.457733e+05 1.489307e+05 1.521552e+05 1.554319e+05 1.587487e+05 1.933077e+05 2.243575e+05 2.437233e+05 2.540516e+05
2.406726e+05 2.406726e+05 2.406726e+05 2.406726e+05 2.406726e+05 2.406736e+05 2.406766e+05 2.406887e+05 2.406977e+05 2.407086e+05 2.407286e+05 2.406808e+05 2.403406e+05 2.392748e+05 2.369067e+05 2.327015e+05 2.264093e+05 1.813137e+05 1.568856e+05 1.499724e+05 1.487335e+05 1.492440e+05 1.503428e+05 1.530648e+05 1.559859e+05 1.589810e+05 1.620259e+05 1.651085e+05 1.682184e+05 2.002698e+05 2.291782e+05 2.470377e+05 2.561690e+05
2.597272e+05 2.597272e+05 2.597272e+05 2.597272e+05 2.597273e+05 2.597285e+05 2.597325e+05 2.597479e+05 2.597592e+05 2.597727e+05 2.597977e+05 2.597494e+05 2.593855e+05 2.582388e+05 2.556875e+05 2.511547e+05 2.443695e+05 1.956656e+05 1.691393e+05 1.614819e+05 1.599486e+05 1.603048e+05 1.612940e+05 1.638250e+05 1.665492e+05 1.693333e+05 1.721548e+05 1.750041e+05 1.778723e+05 2.072307e+05 2.339322e+05 2.502962e+05 2.582579e+05
2.797931e+05 2.797931e+05 2.797931e+05 2.797931e+05 2.797932e+05 2.797944e+05 2.797983e+05 2.798141e+05 2.798258e+05 2.798400e+05 2.798666e+05 2.798151e+05 2.794252e+05 2.781946e+05 2.754542e+05 2.705821e+05 2.632844e+05 2.107761e+05 1.819756e+05 1.734743e+05 1.715860e+05 1.717454e+05 1.725915e+05 1.748775e+05 1.773604e+05 1.798949e+05 1.824587e+05 1.850438e+05 1.876429e+05 2.141645e+05 2.386081e+05 2.534907e+05 2.603132e+05
3.010615e+05 3.010615e+05 3.010615e+05 3.010615e+05 3.010615e+05 3.010628e+05 3.010668e+05 3.010828e+05 3.010947e+05 3.011091e+05 3.011350e+05 3.010758e+05 3.006518e+05 2.993230e+05 2.963693e+05 2.911203e+05 2.832574e+05 2.265749e+05 1.952640e+05 1.858109e+05 1.835083e+05 1.834310e+05 1.841041e+05 1.861010e+05 1.883093e+05 1.905666e+05 1.928486e+05 1.951482e+05 1.974587e+05 2.210447e+05 2.431954e+05 2.566137e+05 2.623296e+05
3.233983e+05 3.233983e+05 3.233983e+05 3.233983e+05 3.233983e+05 3.233992e+05 3.234020e+05 3.234129e+05 3.234211e+05 3.234309e+05 3.234450e+05 3.233648e+05 3.228904e+05 3.214419e+05 3.182450e+05 3.125779e+05 3.040958e+05 2.428925e+05 2.088570e+05 1.983504e+05 1.955756e+05 1.952238e+05 1.956974e+05 1.973710e+05 1.992836e+05 2.012479e+05 2.032347e+05 2.052365e+05 2.072474e+05 2.278447e+05 2.476835e+05 2.596580e+05 2.643022e+05
3.461312e+05 3.461312e+05 3.461312e+05 3.461312e+05 3.461312e+05 3.461319e+05 3.461338e+05 3.461418e+05 3.461479e+05 3.461552e+05 3.461624e+05 3.460666e+05 3.455466e+05 3.439813e+05 3.405404e+05 3.344491e+05 3.253357e+05 2.594769e+05 2.225840e+05 2.109393e+05 2.076404e+05 2.069820e+05 2.072361e+05 2.085663e+05 2.101746e+05 2.118415e+05 2.135296e+05 2.152302e+05 2.169383e+05 2.345381e+05 2.520626e+05 2.626169e+05 2.662263e+05
3.688228e+05 3.688228e+05 3.688228e+05 3.688228e+05 3.688229e+05 3.688235e+05 3.688254e+05 3.688330e+05 3.688386e+05 3.688452e+05 3.688492e+05 3.687419e+05 3.681809e+05 3.665042e+05 3.628260e+05 3.563181e+05 3.465808e+05 2.760648e+05 2.362492e+05 2.234083e+05 2.195497e+05 2.185658e+05 2.185915e+05 2.195750e+05 2.208830e+05 2.222577e+05 2.236519e+05 2.250556e+05 2.264642e+05 2.410996e+05 2.563234e+05 2.654842e+05 2.680975e+05
3.912501e+05 3.912501e+05 3.912501e+05 3.912501e+05 3.912501e+05 3.912507e+05 3.912522e+05 3.912585e+05 3.912632e+05 3.912686e+05 3.912691e+05 3.911507e+05 3.905508e+05 3.887666e+05 3.848572e+05 3.779409e+05 3.675890e+05 2.924327e+05 2.496603e+05 2.355960e+05 2.311660e+05 2.298545e+05 2.296547e+05 2.303027e+05 2.313230e+05 2.324176e+05 2.335289e+05 2.346454e+05 2.357636e+05 2.475046e+05 2.604569e+05 2.682543e+05 2.699115e+05
4.132962e+05 4.132962e+05 4.132962e+05 4.132962e+05 4.132962e+05 4.132967e+05 4.132984e+05 4.133051e+05 4.133100e+05 4.133157e+05 4.133162e+05 4.131909e+05 4.125566e+05 4.106698e+05 4.065337e+05 3.992123e+05 3.882471e+05 3.084241e+05 2.626743e+05 2.473872e+05 2.423936e+05 2.407634e+05 2.403469e+05 2.406763e+05 2.414248e+05 2.422543e+05 2.430972e+05 2.439402e+05 2.447811e+05 2.537302e+05 2.644550e+05 2.709222e+05 2.716642e+05
4.350402e+05 4.350402e+05 4.350402e+05 4.350402e+05 4.350402e+05 4.350407e+05 4.350424e+05 4.350489e+05 4.350537e+05 4.350591e+05 4.350580e+05 4.349235e+05 4.342509e+05 4.322549e+05 4.278819e+05 4.201409e+05 4.085441e+05 3.239680e+05 2.752280e+05 2.587299e+05 2.531839e+05 2.512438e+05 2.506179e+05 2.506419e+05 2.511327e+05 2.517125e+05 2.523030e+05 2.528889e+05 2.534685e+05 2.597550e+05 2.683101e+05 2.734831e+05 2.733519e+05
4.564321e+05 4.564321e+05 4.564321e+05 4.564321e+05 4.564321e+05 4.564325e+05 4.564336e+05 4.564380e+05 4.564413e+05 4.564450e+05 4.564388e+05 4.562909e+05 4.555747e+05 4.534627e+05 4.488435e+05 4.406712e+05 4.284295e+05 3.390504e+05 2.873158e+05 2.696105e+05 2.635145e+05 2.612660e+05 2.604325e+05 2.601577e+05 2.604019e+05 2.607465e+05 2.611013e+05 2.614479e+05 2.617844e+05 2.655596e+05 2.720153e+05 2.759333e+05 2.749713e+05
4.772506e+05 4.772506e+05 4.772506e+05 4.772506e+05 4.772506e+05 4.772505e+05 4.772503e+05 4.772496e+05 4.772494e+05 4.772488e+05 4.772319e+05 4.770643e+05 4.762988e+05 4.740667e+05 4.692011e+05 4.606020e+05 4.477248e+05 3.536157e+05 2.989162e+05 2.800065e+05 2.733582e+05 2.707992e+05 2.697573e+05 2.691873e+05 2.691944e+05 2.693182e+05 2.694548e+05 2.695813e+05 2.696945e+05 2.711270e+05 2.755643e+05 2.782691e+05 2.765191e+05
4.969480e+05 4.969480e+05 4.969480e+05 4.969480e+05 4.969480e+05 4.969479e+05 4.969477e+05 4.969467e+05 4.969459e+05 4.969445e+05 4.969238e+05 4.967440e+05 4.959385e+05 4.935998e+05 4.885085e+05 4.795136e+05 4.660430e+05 3.674716e+05 3.099396e+05 2.898624e+05 2.826713e+05 2.798044e+05 2.785558e+05 2.776963e+05 2.774776e+05 2.773963e+05 2.773334e+05 2.772602e+05 2.771713e+05 2.764420e+05 2.789517e+05 2.804879e+05 2.779926e+05
5.152478e+05 5.152478e+05 5.152478e+05 5.152478e+05 5.152478e+05 5.152476e+05 5.152468e+05 5.152436e+05 5.152412e+05 5.152378e+05 5.152117e+05 5.150198e+05 5.141778e+05 5.117434e+05 5.064488e+05 4.970962e+05 4.830875e+05 3.804402e+05 3.202911e+05 2.991171e+05 2.914068e+05 2.882417e+05 2.867920e+05 2.856542e+05 2.852243e+05 2.849559e+05 2.847141e+05 2.844629e+05 2.841938e+05 2.814921e+05 2.821729e+05 2.825871e+05 2.793894e+05
5.319688e+05 5.319688e+05 5.319688e+05 5.319688e+05 5.319688e+05 5.319685e+05 5.319677e+05 5.319646e+05 5.319622e+05 5.319590e+05 5.319327e+05 5.317354e+05 5.308671e+05 5.283543e+05 5.228858e+05 5.132212e+05 4.987386e+05 3.924473e+05 3.299195e+05 3.077287e+05 2.995277e+05 2.960776e+05 2.944359e+05 2.930366e+05 2.924143e+05 2.919798e+05 2.915810e+05 2.911744e+05 2.907480e+05 2.862668e+05 2.852239e+05 2.845651e+05 2.807071e+05
5.472233e+05 5.472233e+05 5.472233e+05 5.472233e+05 5.472233e+05 5.472231e+05 5.472224e+05 5.472199e+05 5.472179e+05 5.472151e+05 5.471893e+05 5.469882e+05 5.460978e+05 5.435168e+05 5.378955e+05 5.279553e+05 5.130523e+05 4.034969e+05 3.388044e+05 3.156700e+05 3.070068e+05 3.032875e+05 3.014660e+05 2.998276e+05 2.990359e+05 2.984584e+05 2.979260e+05 2.973870e+05 2.968258e+05 2.907582e+05 2.881015e+05 2.864205e+05 2.819440e+05
5.611678e+05 5.611678e+05 5.611678e+05 5.611678e+05 5.611678e+05 5.611676e+05 5.611671e+05 5.611650e+05 5.611634e+05 5.611610e+05 5.611358e+05 5.609312e+05 5.600209e+05 5.573786e+05 5.516196e+05 5.414306e+05 5.261476e+05 4.136233e+05 3.469367e+05 3.229220e+05 3.138263e+05 3.098573e+05 3.078720e+05 3.060231e+05 3.050876e+05 3.043915e+05 3.037486e+05 3.030997e+05 3.024255e+05 2.949605e+05 2.908034e+05 2.881524e+05 2.830987e+05
5.739361e+05 5.739361e+05 5.739361e+05 5.739361e+05 5.739361e+05 5.739359e+05 5.739354e+05 5.739332e+05 5.739316e+05 5.739291e+05 5.739035e+05 5.736950e+05 5.727657e+05 5.700666e+05 5.641810e+05 5.537634e+05 5.381307e+05 4.228590e+05 3.543139e+05 3.294785e+05 3.199840e+05 3.157894e+05 3.136597e+05 3.116316e+05 3.105787e+05 3.097873e+05 3.090559e+05 3.083180e+05 3.075511e+05 2.988698e+05 2.933278e+05 2.897606e+05 2.841698e+05
5.856219e+05 5.856219e+05 5.856219e+05 5.856219e+05 5.856219e+05 5.856217e+05 5.856213e+05 5.856196e+05 5.856182e+05 5.856162e+05 5.855911e+05 5.853798e+05 5.844338e+05 5.816826e+05 5.756794e+05 5.650485e+05 5.490888e+05 4.312393e+05 3.609535e+05 3.353583e+05 3.255018e+05 3.211072e+05 3.188528e+05 3.166753e+05 3.155283e+05 3.146622e+05 3.138612e+05 3.130527e+05 3.122112e+05 3.024846e+05 2.956739e+05 2.912451e+05 2.851567e+05
5.963391e+05 5.963391e+05 5.963391e+05 5.963391e+05 5.963391e+05 5.963389e+05 5.963385e+05 5.963367e+05 5.963353e+05 5.963331e+05 5.963074e+05 5.960920e+05 5.951283e+05 5.923250e+05 5.862070e+05 5.753702e+05 5.590972e+05 4.388091e+05 3.669001e+05 3.406074e+05 3.304242e+05 3.258525e+05 3.234897e+05 3.211862e+05 3.199630e+05 3.190381e+05 3.181829e+05 3.173190e+05 3.164184e+05 3.058051e+05 2.978415e+05 2.926064e+05 2.860587e+05
6.061304e+05 6.061304e+05 6.061304e+05 6.061304e+05 6.061304e+05 6.061302e+05 6.061297e+05 6.061275e+05 6.061258e+05 6.061233e+05 6.060963e+05 6.058762e+05 6.048944e+05 6.020401e+05 5.958113e+05 5.847777e+05 5.682068e+05 4.456297e+05 3.722185e+05 3.452876e+05 3.348079e+05 3.300761e+05 3.276161e+05 3.252011e+05 3.239131e+05 3.229403e+05 3.220422e+05 3.211350e+05 3.201877e+05 3.088329e+05 2.998311e+05 2.938452e+05 2.868756e+05
6.149971e+05 6.149971e+05 6.149971e+05 6.149971e+05 6.149971e+05 6.149969e+05 6.149963e+05 6.149941e+05 6.149924e+05 6.149898e+05 6.149626e+05 6.147394e+05 6.137423e+05 6.108428e+05 6.045141e+05 5.933011e+05 5.764576e+05 4.517750e+05 3.769804e+05 3.494616e+05 3.387074e+05 3.338266e+05 3.312753e+05 3.287560e+05 3.274091e+05 3.263950e+05 3.254618e+05 3.245201e+05 3.235362e+05 3.115715e+05 3.016438e+05 2.949630e+05 2.876075e+05
6.230067e+05 6.230067e+05 6.230067e+05 6.230067e+05 6.230067e+05 6.230065e+05 6.230061e+05 6.230043e+05 6.230030e+05 6.230009e+05 6.229743e+05 6.227492e+05 6.217394e+05 6.188001e+05 6.123817e+05 6.010068e+05 5.839163e+05 4.573132e+05 3.812460e+05 3.531799e+05 3.421664e+05 3.371424e+05 3.345026e+05 3.318818e+05 3.304787e+05 3.294271e+05 3.284639e+05 3.274943e+05 3.264816e+05 3.140256e+05 3.032814e+05 2.959612e+05 2.882547e+05
6.302610e+05 6.302610e+05 6.302610e+05 6.302610e+05 6.302610e+05 6.302608e+05 6.302604e+05 6.302586e+05 6.302572e+05 6.302551e+05 6.302282e+05 6.300003e+05 6.289780e+05 6.260014e+05 6.195006e+05 6.079776e+05 5.906615e+05 4.623002e+05 3.850557e+05 3.564744e+05 3.452125e+05 3.400499e+05 3.373237e+05 3.346037e+05 3.331464e+05 3.320598e+05 3.310700e+05 3.300771e+05 3.290416e+05 3.162010e+05 3.047463e+05 2.968417e+05 2.888178e+05
6.368040e+05 6.368040e+05 6.368040e+05 6.368040e+05 6.368040e+05 6.368038e+05 6.368034e+05 6.368017e+05 6.368004e+05 6.367983e+05 6.367714e+05 6.365412e+05 6.355077e+05 6.324977e+05 6.259222e+05 6.142649e+05 5.967435e+05 4.667686e+05 3.884274e+05 3.593592e+05 3.478607e+05 3.425658e+05 3.397574e+05 3.369428e+05 3.354336e+05 3.343139e+05 3.333001e+05 3.322873e+05 3.312336e+05 3.181046e+05 3.060414e+05 2.976066e+05 2.892976e+05
6.426822e+05 6.426822e+05 6.426822e+05 6.426822e+05 6.426822e+05 6.426821e+05 6.426816e+05 6.426799e+05 6.426786e+05 6.426766e+05 6.426496e+05 6.424175e+05 6.413742e+05 6.383342e+05 6.316917e+05 6.199126e+05 6.022042e+05 4.707387e+05 3.913703e+05 3.618439e+05 3.501238e+05 3.447058e+05 3.418211e+05 3.389184e+05 3.373600e+05 3.362087e+05 3.351725e+05 3.341425e+05 3.330746e+05 3.197441e+05 3.071700e+05 2.982583e+05 2.896953e+05
6.479491e+05 6.479491e+05 6.479491e+05 6.479491e+05 6.479491e+05 6.479490e+05 6.479487e+05 6.479473e+05 6.479462e+05 6.479444e+05 6.479178e+05 6.476844e+05 6.466324e+05 6.435653e+05 6.368609e+05 6.249690e+05 6.070867e+05 4.742294e+05 3.938999e+05 3.639465e+05 3.520214e+05 3.464900e+05 3.435348e+05 3.405493e+05 3.389436e+05 3.377616e+05 3.367043e+05 3.356594e+05 3.345804e+05 3.211281e+05 3.081359e+05 2.987994e+05 2.900120e+05
6.526712e+05 6.526712e+05 6.526712e+05 6.526712e+05 6.526712e+05 6.526711e+05 6.526707e+05 6.526692e+05 6.526680e+05 6.526659e+05 6.526382e+05 6.524015e+05 6.513388e+05 6.482427e+05 6.414763e+05 6.294741e+05 6.114243e+05 4.772552e+05 3.960367e+05 3.656919e+05 3.535782e+05 3.479414e+05 3.449194e+05 3.418537e+05 3.402008e+05 3.389884e+05 3.379110e+05 3.368531e+05 3.357663e+05 3.222658e+05 3.089436e+05 2.992328e+05 2.902493e+05
6.567902e+05 6.567902e+05 6.567902e+05 6.567902e+05 6.567902e+05 6.567899e+05 6.567892e+05 6.567864e+05 6.567843e+05 6.567812e+05 6.567509e+05 6.565096e+05 6.554353e+05 6.523111e+05 6.454864e+05 6.333822e+05 6.151786e+05 4.798199e+05 3.978017e+05 3.671034e+05 3.548162e+05 3.490795e+05 3.459925e+05 3.428463e+05 3.411455e+05 3.399028e+05 3.388066e+05 3.377382e+05 3.366469e+05 3.231669e+05 3.095975e+05 2.995614e+05 2.904089e+05
6.601883e+05 6.601883e+05 6.601883e+05 6.601883e+05 6.601883e+05 6.601880e+05 6.601873e+05 6.601845e+05 6.601823e+05 6.601791e+05 6.601484e+05 6.599052e+05 6.588234e+05 6.556779e+05 6.488065e+05 6.366186e+05 6.182872e+05 4.819207e+05 3.992099e+05 3.681960e+05 3.557482e+05 3.499155e+05 3.467643e+05 3.435370e+05 3.417884e+05 3.405166e+05 3.394039e+05 3.383281e+05 3.372361e+05 3.238415e+05 3.101027e+05 2.997885e+05 2.904924e+05
6.628720e+05 6.628720e+05 6.628720e+05 6.628720e+05 6.628720e+05 6.628717e+05 6.628709e+05 6.628677e+05 6.628653e+05 6.628618e+05 6.628303e+05 6.625850e+05 6.614968e+05 6.583340e+05 6.514252e+05 6.391705e+05 6.207371e+05 4.835546e+05 4.002635e+05 3.689717e+05 3.563754e+05 3.504511e+05 3.472375e+05 3.439315e+05 3.421376e+05 3.408402e+05 3.397149e+05 3.386359e+05 3.375478e+05 3.243003e+05 3.104644e+05 2.999172e+05 2.905018e+05
6.648299e+05 6.648299e+05 6.648299e+05 6.648298e+05 6.648298e+05 6.648296e+05 6.648288e+05 6.648255e+05 6.648230e+05 6.648195e+05 6.647878e+05 6.645416e+05 6.634494e+05 6.602746e+05 6.533390e+05 6.410355e+05 6.225266e+05 4.847191e+05 4.009558e+05 3.694226e+05 3.566913e+05 3.506822e+05 3.474109e+05 3.440335e+05 3.422012e+05 3.408841e+05 3.397519e+05 3.386750e+05 3.375961e+05 3.245540e+05 3.106880e+05 2.999510e+05 2.904392e+05
6.660942e+05 6.660942e+05 6.660942e+05 6.660942e+05 6.660942e+05 6.660940e+05 6.660932e+05 6.660903e+05 6.660881e+05 6.660849e+05 6.660539e+05 6.658080e+05 6.647141e+05 6.615324e+05 6.545797e+05 6.422438e+05 6.236834e+05 4.854190e+05 4.012786e+05 3.695390e+05 3.566891e+05 3.506057e+05 3.472850e+05 3.438493e+05 3.419885e+05 3.406601e+05 3.395279e+05 3.384596e+05 3.373955e+05 3.246137e+05 3.107794e+05 2.998934e+05 2.903068e+05
6.667365e+05 6.667365e+05 6.667365e+05 6.667365e+05 6.667364e+05 6.667362e+05 6.667355e+05 6.667325e+05 6.667302e+05 6.667270e+05 6.666959e+05 6.664496e+05 6.653541e+05 6.621677e+05 6.552040e+05 6.428470e+05 6.242524e+05 4.856620e+05 4.012275e+05 3.693186e+05 3.563709e+05 3.502275e+05 3.468681e+05 3.433903e+05 3.415129e+05 3.401825e+05 3.390581e+05 3.380049e+05 3.369616e+05 3.244908e+05 3.107442e+05 2.997478e+05 2.901067e+05
6.667782e+05 6.667782e+05 6.667782e+05 6.667782e+05 6.667781e+05 6.667779e+05 6.667770e+05 6.667737e+05 6.667711e+05 6.667675e+05 6.667356e+05 6.664882e+05 6.653913e+05 6.622021e+05 6.552328e+05 6.428647e+05 6.242514e+05 4.854575e+05 4.008144e+05 3.687777e+05 3.557552e+05 3.495666e+05 3.461794e+05 3.426748e+05 3.407919e+05 3.394683e+05 3.383592e+05 3.373274e+05 3.363107e+05 3.241967e+05 3.105885e+05 2.995180e+05 2.898414e+05
6.661948e+05 6.661948e+05 6.661948e+05 6.661948e+05 6.661948e+05 6.661945e+05 6.661937e+05 6.661903e+05 6.661877e+05 6.661840e+05 6.661519e+05 6.659045e+05 6.648078e+05 6.616193e+05 6.546511e+05 6.422839e+05 6.236700e+05 4.848182e+05 4.000685e+05 3.679494e+05 3.548738e+05 3.486524e+05 3.452458e+05 3.417262e+05 3.398466e+05 3.385372e+05 3.374496e+05 3.364451e+05 3.354601e+05 3.237428e+05 3.103184e+05 2.992075e+05 2.895131e+05
6.649932e+05 6.649932e+05 6.649932e+05 6.649932e+05 6.649932e+05 6.649930e+05 6.649925e+05 6.649901e+05 6.649882e+05 6.649854e+05 6.649554e+05 6.647108e+05 6.636182e+05 6.604364e+05 6.534786e+05 6.411267e+05 6.225326e+05 4.837769e+05 3.990255e+05 3.668683e+05 3.537593e+05 3.475155e+05 3.440958e+05 3.405695e+05 3.386995e+05 3.374098e+05 3.363490e+05 3.353765e+05 3.344273e+05 3.231404e+05 3.099398e+05 2.988200e+05 2.891242e+05
6.633378e+05 6.633378e+05 6.633378e+05 6.633378e+05 6.633378e+05 6.633377e+05 6.633372e+05 6.633353e+05 6.633339e+05 6.633317e+05 6.633032e+05 6.630611e+05 6.619730e+05 6.587995e+05 6.518565e+05 6.395278e+05 6.209659e+05 4.824065e+05 3.977253e+05 3.655643e+05 3.524391e+05 3.461823e+05 3.427551e+05 3.392289e+05 3.373733e+05 3.361076e+05 3.350775e+05 3.341406e+05 3.332308e+05 3.224010e+05 3.094590e+05 2.983592e+05 2.886773e+05
6.613654e+05 6.613654e+05 6.613654e+05 6.613654e+05 6.613654e+05 6.613653e+05 6.613648e+05 6.613629e+05 6.613614e+05 6.613591e+05 6.613305e+05 6.610886e+05 6.600026e+05 6.568360e+05 6.499080e+05 6.376054e+05 6.190818e+05 4.807743e+05 3.962064e+05 3.640657e+05 3.509381e+05 3.446765e+05 3.412472e+05 3.377272e+05 3.358900e+05 3.346516e+05 3.336551e+05 3.327565e+05 3.318885e+05 3.215357e+05 3.088820e+05 2.978286e+05 2.881747e+05
