0.000000e+00 0.000000e+00 0.000000e+00 0.000000e+00 2.590180e-240 1.023918e-52 4.936110e-28 2.285610e-15 9.924467e-13 6.668640e-11 1.955273e-08 8.197817e-07 1.122087e-05 7.640448e-05 3.298320e-04 1.043344e-03 2.646064e-03 4.508247e-02 1.799870e-01 3.828894e-01 6.057024e-01 8.375434e-01 1.092752e+00 1.752201e+00 2.715821e+00 4.064042e+00 5.830003e+00 8.007326e+00 1.056196e+01 4.844521e+01 1.018545e+02 1.639140e+02 2.222322e+02
0.000000e+00 0.000000e+00 0.000000e+00 0.000000e+00 6.827499e-230 1.819914e-51 9.461331e-28 2.947768e-15 1.210030e-12 7.869226e-11 2.240627e-08 9.213131e-07 1.239736e-05 8.324374e-05 3.553534e-04 1.113964e-03 2.804343e-03 4.669377e-02 1.842694e-01 3.894597e-01 6.137477e-01 8.467198e-01 1.103180e+00 1.766349e+00 2.735600e+00 4.091094e+00 5.865482e+00 8.051865e+00 1.061573e+01 4.856368e+01 1.020088e+02 1.640913e+02 2.224122e+02
0.000000e+00 0.000000e+00 0.000000e+00 0.000000e+00 9.845816e-218 2.198912e-49 6.183323e-27 5.338231e-15 1.790956e-12 1.048322e-10 2.735742e-08 1.078519e-06 1.409349e-05 9.261600e-05 3.890094e-04 1.204321e-03 3.001960e-03 4.855882e-02 1.890336e-01 3.965950e-01 6.223498e-01 8.564304e-01 1.114137e+00 1.781087e+00 2.756086e+00 4.118989e+00 5.901939e+00 8.097500e+00 1.067068e+01 4.868340e+01 1.021642e+02 1.642694e+02 2.225929e+02
0.000000e+00 0.000000e+00 0.000000e+00 0.000000e+00 2.184441e-205 4.009221e-47 6.211443e-26 1.261390e-14 3.229010e-12 1.604283e-10 3.581977e-08 1.317827e-06 1.650293e-05 1.053033e-04 4.329480e-04 1.318966e-03 3.246958e-03 5.070966e-02 1.943206e-01 4.043296e-01 6.315344e-01 8.666951e-01 1.125642e+00 1.796430e+00 2.777296e+00 4.147748e+00 5.939394e+00 8.144251e+00 1.072684e+01 4.880436e+01 1.023206e+02 1.644484e+02 2.227742e+02
0.000000e+00 0.000000e+00 0.000000e+00 0.000000e+00 5.782602e-193 8.680148e-45 7.426888e-25 3.479421e-14 6.623883e-12 2.733942e-10 5.044206e-08 1.685630e-06 1.991817e-05 1.223837e-04 4.899552e-04 1.463555e-03 3.549016e-03 5.318156e-02 2.001736e-01 4.126986e-01 6.413267e-01 8.775337e-01 1.137710e+00 1.812397e+00 2.799249e+00 4.177390e+00 5.977869e+00 8.192141e+00 1.078424e+01 4.892657e+01 1.024780e+02 1.646282e+02 2.229563e+02
0.000000e+00 0.000000e+00 0.000000e+00 0.000000e+00 1.686323e-180 2.067898e-42 9.736998e-24 1.063225e-13 1.492407e-11 5.037963e-10 7.502605e-08 2.252734e-06 2.483099e-05 1.454856e-04 5.638987e-04 1.645494e-03 3.920273e-03 5.601394e-02 2.066382e-01 4.217373e-01 6.517522e-01 8.889658e-01 1.150361e+00 1.829004e+00 2.821966e+00 4.207937e+00 6.017385e+00 8.241190e+00 1.084289e+01 4.905006e+01 1.026364e+02 1.648090e+02 2.231390e+02
0.000000e+00 0.000000e+00 0.000000e+00 0.000000e+00 5.228156e-168 5.235434e-40 1.354073e-22 3.467329e-13 3.602391e-11 9.895116e-10 1.164696e-07 3.111278e-06 3.185873e-05 1.771334e-04 6.605896e-04 1.875037e-03 4.376664e-03 5.925174e-02 2.137630e-01 4.314820e-01 6.628360e-01 9.010104e-01 1.163610e+00 1.846270e+00 2.845464e+00 4.239410e+00 6.057964e+00 8.291421e+00 1.090282e+01 4.917481e+01 1.027959e+02 1.649906e+02 2.233224e+02
0.000000e+00 0.000000e+00 0.000000e+00 2.922073e-300 1.690856e-155 1.382471e-37 1.962305e-21 1.180048e-12 9.123115e-11 2.043199e-09 1.877256e-07 4.412135e-06 4.179001e-05 2.200376e-04 7.879119e-04 2.167371e-03 4.940094e-03 6.294735e-02 2.216003e-01 4.419698e-01 6.746032e-01 9.136865e-01 1.177475e+00 1.864211e+00 2.869765e+00 4.271830e+00 6.099629e+00 8.342856e+00 1.096404e+01 4.930085e+01 1.029565e+02 1.651731e+02 2.235065e+02
0.000000e+00 0.000000e+00 0.000000e+00 3.972432e-275 5.640223e-143 3.764925e-35 2.931628e-20 4.139012e-12 2.389219e-10 4.379196e-09 3.127630e-07 6.405751e-06 5.582322e-05 2.777395e-04 9.537527e-04 2.539925e-03 5.641883e-03 6.716321e-02 2.302072e-01 4.532393e-01 6.870789e-01 9.270129e-01 1.191972e+00 1.882845e+00 2.894888e+00 4.305218e+00 6.142402e+00 8.395517e+00 1.102658e+01 4.942818e+01 1.031181e+02 1.653565e+02 2.236912e+02
0.000000e+00 0.000000e+00 0.000000e+00 5.529438e-250 1.926392e-130 1.049777e-32 4.483285e-19 1.485120e-11 6.411252e-10 9.647253e-09 5.358453e-07 9.503432e-06 7.578760e-05 3.553039e-04 1.168574e-03 3.010374e-03 6.512345e-03 7.197522e-02 2.396475e-01 4.653307e-01 7.002884e-01 9.410083e-01 1.207117e+00 1.902190e+00 2.920853e+00 4.339598e+00 6.186304e+00 8.449427e+00 1.109047e+01 4.955682e+01 1.032808e+02 1.655407e+02 2.238767e+02
0.000000e+00 0.000000e+00 0.000000e+00 7.841479e-225 6.703252e-118 2.982079e-30 6.984105e-18 5.425117e-11 1.752594e-09 2.169387e-08 9.391440e-07 1.437636e-05 1.044565e-04 4.600057e-04 1.446647e-03 3.601969e-03 7.584374e-03 7.747772e-02 2.499927e-01 4.782868e-01 7.142575e-01 9.556912e-01 1.222928e+00 1.922265e+00 2.947681e+00 4.374989e+00 6.231361e+00 8.504609e+00 1.115571e+01 4.968676e+01 1.034445e+02 1.657259e+02 2.240628e+02
1.623399e-06 1.600744e-06 1.567936e-06 1.539993e-06 1.557012e-06 2.396647e-06 6.340900e-06 3.289190e-05 5.978151e-05 1.094751e-04 4.432750e-04 1.616755e-03 4.465089e-03 9.839672e-03 1.847576e-02 3.095655e-02 4.770693e-02 1.982416e-01 4.266058e-01 6.687209e-01 9.026563e-01 1.144909e+00 1.421539e+00 2.167268e+00 3.268130e+00 4.789716e+00 6.750612e+00 9.131594e+00 1.188819e+01 5.106018e+01 1.051411e+02 1.676268e+02 2.259624e+02
6.797541e-02 6.801024e-02 6.801093e-02 6.801912e-02 6.804482e-02 6.938084e-02 7.380152e-02 8.567909e-02 9.358797e-02 1.032333e-01 1.271534e-01 1.556231e-01 1.871786e-01 2.210665e-01 2.569826e-01 2.948379e-01 3.346133e-01 5.584608e-01 7.953095e-01 1.009711e+00 1.211354e+00 1.435068e+00 1.712400e+00 2.509321e+00 3.700919e+00 5.333142e+00 7.412970e+00 9.913029e+00 1.278309e+01 5.257427e+01 1.069485e+02 1.696194e+02 2.279322e+02
9.687576e-01 9.688244e-01 9.688248e-01 9.688200e-01 9.688051e-01 9.683547e-01 9.667253e-01 9.625925e-01 9.624053e-01 9.637992e-01 9.707571e-01 9.827141e-01 9.994364e-01 1.020604e+00 1.045604e+00 1.073608e+00 1.103715e+00 1.259462e+00 1.390916e+00 1.508644e+00 1.651667e+00 1.853168e+00 2.134810e+00 2.988547e+00 4.280694e+00 6.037702e+00 8.249116e+00 1.087772e+01 1.386715e+01 5.423755e+01 1.088707e+02 1.717059e+02 2.299733e+02
2.094286e+00 2.094285e+00 2.094283e+00 2.094220e+00 2.094022e+00 2.088247e+00 2.076919e+00 2.060023e+00 2.055846e+00 2.054392e+00 2.058333e+00 2.069007e+00 2.084340e+00 2.103074e+00 2.124185e+00 2.146543e+00 2.168852e+00 2.237979e+00 2.208906e+00 2.174077e+00 2.230362e+00 2.408371e+00 2.707911e+00 3.655828e+00 5.067130e+00 6.951893e+00 9.300126e+00 1.206157e+01 1.517200e+01 5.605820e+01 1.109115e+02 1.738886e+02 2.320869e+02
3.111969e+00 3.111970e+00 3.111969e+00 3.111968e+00 3.111963e+00 3.111814e+00 3.112577e+00 3.128475e+00 3.143822e+00 3.162144e+00 3.203326e+00 3.247307e+00 3.292749e+00 3.338689e+00 3.383558e+00 3.425193e+00 3.461149e+00 3.489132e+00 3.270661e+00 3.043778e+00 2.992823e+00 3.145517e+00 3.473330e+00 4.551179e+00 6.117764e+00 8.149589e+00 1.062750e+01 1.351293e+01 1.673750e+01 5.804403e+01 1.130743e+02 1.761699e+02 2.342740e+02
5.135336e+00 5.135336e+00 5.135339e+00 5.135430e+00 5.135714e+00 5.144729e+00 5.169027e+00 5.219194e+00 5.236021e+00 5.247676e+00 5.260804e+00 5.267502e+00 5.273102e+00 5.279709e+00 5.286820e+00 5.292103e+00 5.292239e+00 5.113139e+00 4.631162e+00 4.186893e+00 4.025680e+00 4.156873e+00 4.518376e+00 5.742470e+00 7.487072e+00 9.687681e+00 1.230849e+01 1.530337e+01 1.861721e+01 6.020251e+01 1.153627e+02 1.785517e+02 2.365354e+02
6.701334e+00 6.701335e+00 6.701336e+00 6.701386e+00 6.701542e+00 6.706528e+00 6.722138e+00 6.779774e+00 6.815836e+00 6.853013e+00 6.925357e+00 6.992595e+00 7.055160e+00 7.113195e+00 7.164985e+00 7.207112e+00 7.235249e+00 7.047183e+00 6.375009e+00 5.742265e+00 5.483816e+00 5.595872e+00 5.985844e+00 7.339691e+00 9.255661e+00 1.162820e+01 1.439628e+01 1.750234e+01 2.088711e+01 6.254088e+01 1.177797e+02 1.810361e+02 2.388720e+02
9.667670e+00 9.667671e+00 9.667674e+00 9.667777e+00 9.668098e+00 9.674828e+00 9.686132e+00 9.710955e+00 9.723350e+00 9.735654e+00 9.761324e+00 9.791004e+00 9.826298e+00 9.865989e+00 9.906103e+00 9.940726e+00 9.963071e+00 9.705084e+00 8.850131e+00 8.027270e+00 7.651143e+00 7.711832e+00 8.092988e+00 9.504545e+00 1.153949e+01 1.405433e+01 1.695339e+01 2.015787e+01 2.360124e+01 6.506631e+01 1.203285e+02 1.836249e+02 2.412846e+02
1.367937e+01 1.367937e+01 1.367937e+01 1.367927e+01 1.367896e+01 1.366906e+01 1.363945e+01 1.355374e+01 1.351273e+01 1.347826e+01 1.343514e+01 1.342966e+01 1.346023e+01 1.352083e+01 1.360171e+01 1.369039e+01 1.377326e+01 1.372039e+01 1.273817e+01 1.163776e+01 1.101754e+01 1.090294e+01 1.116523e+01 1.246112e+01 1.449567e+01 1.707559e+01 2.005715e+01 2.332661e+01 2.680073e+01 6.778619e+01 1.230119e+02 1.863199e+02 2.437736e+02
1.906942e+01 1.906942e+01 1.906942e+01 1.906942e+01 1.906940e+01 1.906883e+01 1.906819e+01 1.909217e+01 1.912886e+01 1.918492e+01 1.934988e+01 1.956807e+01 1.981753e+01 2.007871e+01 2.033393e+01 2.056654e+01 2.076103e+01 2.080090e+01 1.935642e+01 1.761006e+01 1.639009e+01 1.579013e+01 1.568113e+01 1.650717e+01 1.832306e+01 2.082890e+01 2.380190e+01 2.707404e+01 3.053194e+01 7.070846e+01 1.258331e+02 1.891230e+02 2.463398e+02
3.273164e+01 3.273164e+01 3.273163e+01 3.273149e+01 3.273104e+01 3.271658e+01 3.267230e+01 3.253330e+01 3.246282e+01 3.240131e+01 3.231450e+01 3.227977e+01 3.229729e+01 3.236323e+01 3.246729e+01 3.259273e+01 3.271848e+01 3.263584e+01 3.061658e+01 2.764955e+01 2.507160e+01 2.331216e+01 2.231347e+01 2.201471e+01 2.325579e+01 2.547407e+01 2.829817e+01 3.147519e+01 3.484506e+01 7.384214e+01 1.287949e+02 1.920357e+02 2.489833e+02
4.371596e+01 4.371597e+01 4.371599e+01 4.371664e+01 4.371869e+01 4.378372e+01 4.396826e+01 4.454444e+01 4.489080e+01 4.525416e+01 4.599971e+01 4.676217e+01 4.755733e+01 4.839670e+01 4.927357e+01 5.016365e+01 5.103038e+01 5.353141e+01 5.088844e+01 4.495210e+01 3.912619e+01 3.477240e+01 3.190783e+01 2.940045e+01 2.954730e+01 3.118526e+01 3.366867e+01 3.661371e+01 3.979416e+01 7.719816e+01 1.319006e+02 1.950597e+02 2.517047e+02
8.145487e+01 8.145488e+01 8.145492e+01 8.145603e+01 8.145949e+01 8.157039e+01 8.190741e+01 8.300946e+01 8.364293e+01 8.427574e+01 8.548683e+01 8.664942e+01 8.784592e+01 8.914037e+01 9.054375e+01 9.201351e+01 9.346700e+01 9.680686e+01 8.873549e+01 7.427329e+01 6.107362e+01 5.155342e+01 4.528794e+01 3.905766e+01 3.744866e+01 3.814245e+01 4.004335e+01 4.257897e+01 4.543598e+01 8.079094e+01 1.351536e+02 1.981965e+02 2.545041e+02
1.545722e+02 1.545722e+02 1.545722e+02 1.545734e+02 1.545770e+02 1.546895e+02 1.550378e+02 1.564209e+02 1.574359e+02 1.586338e+02 1.614432e+02 1.646000e+02 1.679156e+02 1.712357e+02 1.744011e+02 1.772332e+02 1.795404e+02 1.777008e+02 1.520693e+02 1.189951e+02 9.235894e+01 7.437964e+01 6.291474e+01 5.129006e+01 4.719780e+01 4.652836e+01 4.755563e+01 4.946205e+01 5.182700e+01 8.464341e+01 1.385580e+02 2.014478e+02 2.573816e+02
3.296577e+02 3.296577e+02 3.296578e+02 3.296580e+02 3.296588e+02 3.296842e+02 3.297402e+02 3.298310e+02 3.298435e+02 3.298221e+02 3.296562e+02 3.293279e+02 3.288568e+02 3.282162e+02 3.272900e+02 3.258790e+02 3.237353e+02 2.948528e+02 2.369123e+02 1.764974e+02 1.317487e+02 1.028283e+02 8.477238e+01 6.634004e+01 5.903969e+01 5.653412e+01 5.634005e+01 5.735055e+01 5.901858e+01 8.876201e+01 1.421184e+02 2.048152e+02 2.603373e+02
4.454359e+02 4.454359e+02 4.454359e+02 4.454371e+02 4.454408e+02 4.455577e+02 4.458755e+02 4.467325e+02 4.471970e+02 4.476714e+02 4.486472e+02 4.496557e+02 4.506358e+02 4.514128e+02 4.516900e+02 4.510849e+02 4.491857e+02 4.100778e+02 3.266473e+02 2.402345e+02 1.769088e+02 1.362632e+02 1.108959e+02 8.455552e+01 7.327509e+01 6.836784e+01 6.652789e+01 6.632123e+01 6.705029e+01 9.313076e+01 1.458402e+02 2.083004e+02 2.633711e+02
5.911145e+02 5.911145e+02 5.911145e+02 5.911128e+02 5.911077e+02 5.909610e+02 5.906245e+02 5.896319e+02 5.889982e+02 5.882977e+02 5.868223e+02 5.854554e+02 5.843240e+02 5.833282e+02 5.821353e+02 5.802459e+02 5.770868e+02 5.268595e+02 4.210079e+02 3.103079e+02 2.285364e+02 1.756059e+02 1.421903e+02 1.065822e+02 9.029736e+01 8.225075e+01 7.823500e+01 7.642839e+01 7.594106e+01 9.773579e+01 1.497300e+02 2.119052e+02 2.664829e+02
6.981269e+02 6.981269e+02 6.981270e+02 6.981289e+02 6.981348e+02 6.983220e+02 6.988552e+02 7.006290e+02 7.018058e+02 7.031404e+02 7.061454e+02 7.093595e+02 7.124950e+02 7.152045e+02 7.170245e+02 7.173840e+02 7.156621e+02 6.596988e+02 5.308639e+02 3.937390e+02 2.911793e+02 2.238882e+02 1.807194e+02 1.333983e+02 1.105638e+02 9.838370e+01 9.153673e+01 8.768753e+01 8.567898e+01 1.025629e+02 1.537957e+02 2.156317e+02 2.696725e+02
8.997508e+02 8.997508e+02 8.997508e+02 8.997503e+02 8.997486e+02 8.996958e+02 8.995310e+02 8.989472e+02 8.986259e+02 8.983575e+02 8.981344e+02 8.984621e+02 8.993041e+02 9.003499e+02 9.010081e+02 9.004812e+02 8.978838e+02 8.301678e+02 6.725085e+02 5.018293e+02 3.721569e+02 2.857235e+02 2.293674e+02 1.661145e+02 1.344742e+02 1.168784e+02 1.064309e+02 1.000559e+02 9.621129e+01 1.075975e+02 1.580472e+02 2.194819e+02 2.729396e+02
1.139705e+03 1.139705e+03 1.139705e+03 1.139705e+03 1.139705e+03 1.139699e+03 1.139689e+03 1.139895e+03 1.140214e+03 1.140702e+03 1.142184e+03 1.144251e+03 1.146689e+03 1.149080e+03 1.150741e+03 1.150766e+03 1.148134e+03 1.066322e+03 8.686564e+02 6.497634e+02 4.805923e+02 3.663288e+02 2.910415e+02 2.055506e+02 1.621703e+02 1.376662e+02 1.227973e+02 1.134154e+02 1.074377e+02 1.128255e+02 1.624970e+02 2.234583e+02 2.762840e+02
1.459615e+03 1.459615e+03 1.459615e+03 1.459614e+03 1.459612e+03 1.459533e+03 1.459307e+03 1.459034e+03 1.459324e+03 1.460030e+03 1.462850e+03 1.467581e+03 1.473941e+03 1.481213e+03 1.488239e+03 1.493522e+03 1.495414e+03 1.407994e+03 1.150286e+03 8.550251e+02 6.249557e+02 4.694633e+02 3.672293e+02 2.516464e+02 1.933126e+02 1.604169e+02 1.403712e+02 1.275658e+02 1.192103e+02 1.182338e+02 1.671638e+02 2.275637e+02 2.797054e+02
2.072662e+03 2.072662e+03 2.072662e+03 2.072662e+03 2.072661e+03 2.072647e+03 2.072613e+03 2.072911e+03 2.073522e+03 2.074553e+03 2.077961e+03 2.083039e+03 2.089276e+03 2.095651e+03 2.100593e+03 2.102117e+03 2.098073e+03 1.937342e+03 1.548487e+03 1.125941e+03 8.057664e+02 5.934873e+02 4.559614e+02 3.029284e+02 2.269483e+02 1.845162e+02 1.587479e+02 1.422351e+02 1.313435e+02 1.238116e+02 1.720622e+02 2.318009e+02 2.832033e+02
2.930444e+03 2.930444e+03 2.930444e+03 2.930443e+03 2.930437e+03 2.930262e+03 2.929714e+03 2.927637e+03 2.926247e+03 2.924721e+03 2.921494e+03 2.918241e+03 2.914811e+03 2.910322e+03 2.903059e+03 2.890662e+03 2.870492e+03 2.584560e+03 2.016934e+03 1.434524e+03 1.006352e+03 7.282192e+02 5.507853e+02 3.565010e+02 2.616040e+02 2.091383e+02 1.774308e+02 1.571096e+02 1.436325e+02 1.295508e+02 1.771860e+02 2.361735e+02 2.867774e+02
3.591705e+03 3.591705e+03 3.591705e+03 3.591704e+03 3.591704e+03 3.591715e+03 3.591852e+03 3.592645e+03 3.593302e+03 3.594125e+03 3.596182e+03 3.598472e+03 3.600173e+03 3.599668e+03 3.594454e+03 3.581388e+03 3.557125e+03 3.187924e+03 2.462263e+03 1.730436e+03 1.199724e+03 8.586568e+02 6.429278e+02 4.088741e+02 2.956380e+02 2.334096e+02 1.959129e+02 1.718775e+02 1.558787e+02 1.354473e+02 1.825315e+02 2.406856e+02 2.904273e+02
4.283552e+03 4.283552e+03 4.283552e+03 4.283548e+03 4.283535e+03 4.283125e+03 4.281844e+03 4.276797e+03 4.273162e+03 4.268912e+03 4.258985e+03 4.247696e+03 4.235114e+03 4.220180e+03 4.200565e+03 4.172987e+03 4.133766e+03 3.671106e+03 2.821419e+03 1.975557e+03 1.364701e+03 9.729014e+02 7.253959e+02 4.572288e+02 3.276996e+02 2.565995e+02 2.137662e+02 1.862749e+02 1.679146e+02 1.415008e+02 1.880966e+02 2.453417e+02 2.941526e+02
4.436453e+03 4.436453e+03 4.436453e+03 4.436456e+03 4.436463e+03 4.436711e+03 4.437482e+03 4.440531e+03 4.442718e+03 4.445235e+03 4.450829e+03 4.456437e+03 4.460912e+03 4.462332e+03 4.457741e+03 4.443379e+03 4.415183e+03 3.966997e+03 3.071117e+03 2.160169e+03 1.496011e+03 1.067561e+03 7.958199e+02 5.002783e+02 3.570380e+02 2.782504e+02 2.307039e+02 2.001189e+02 1.796225e+02 1.477156e+02 1.938799e+02 2.501475e+02 2.979530e+02
4.737199e+03 4.737199e+03 4.737199e+03 4.737198e+03 4.737195e+03 4.737105e+03 4.736827e+03 4.735895e+03 4.735339e+03 4.734764e+03 4.733648e+03 4.732620e+03 4.731214e+03 4.727836e+03 4.719552e+03 4.702390e+03 4.671938e+03 4.207361e+03 3.271111e+03 2.310045e+03 1.604615e+03 1.147273e+03 8.561032e+02 5.381910e+02 3.835074e+02 2.981990e+02 2.465992e+02 2.133210e+02 1.909444e+02 1.541003e+02 1.998802e+02 2.551099e+02 3.018283e+02
4.997628e+03 4.997628e+03 4.997628e+03 4.997629e+03 4.997632e+03 4.997697e+03 4.997872e+03 4.998528e+03 4.999007e+03 4.999586e+03 5.001021e+03 5.002673e+03 5.003816e+03 5.002587e+03 4.995782e+03 4.979172e+03 4.948112e+03 4.458536e+03 3.467629e+03 2.450077e+03 1.702847e+03 1.218110e+03 9.092920e+02 5.717852e+02 4.073386e+02 3.165083e+02 2.614668e+02 2.258835e+02 2.018815e+02 1.606677e+02 2.060965e+02 2.602390e+02 3.057782e+02
5.324514e+03 5.324514e+03 5.324514e+03 5.324514e+03 5.324514e+03 5.324520e+03 5.324536e+03 5.324589e+03 5.324621e+03 5.324655e+03 5.324726e+03 5.324679e+03 5.323826e+03 5.320279e+03 5.310706e+03 5.290669e+03 5.255272e+03 4.724307e+03 3.665963e+03 2.585211e+03 1.794275e+03 1.282440e+03 9.569411e+02 6.017752e+02 4.288965e+02 3.333821e+02 2.754289e+02 2.378848e+02 2.124877e+02 1.674347e+02 2.125283e+02 2.655462e+02 3.098027e+02
5.621174e+03 5.621174e+03 5.621174e+03 5.621174e+03 5.621174e+03 5.621175e+03 5.621176e+03 5.621181e+03 5.621187e+03 5.621193e+03 5.621178e+03 5.620934e+03 5.619624e+03 5.615146e+03 5.603915e+03 5.581227e+03 5.541946e+03 4.969518e+03 3.845427e+03 2.705570e+03 1.874957e+03 1.339045e+03 9.989704e+02 6.286270e+02 4.485964e+02 3.491176e+02 2.886878e+02 2.494627e+02 2.228596e+02 1.744216e+02 2.191749e+02 2.710241e+02 3.139017e+02
5.876654e+03 5.876654e+03 5.876654e+03 5.876652e+03 5.876646e+03 5.876456e+03 5.875860e+03 5.873516e+03 5.871823e+03 5.869832e+03 5.865094e+03 5.859459e+03 5.852442e+03 5.842197e+03 5.825257e+03 5.796907e+03 5.751914e+03 5.145798e+03 3.978351e+03 2.798707e+03 1.940132e+03 1.386519e+03 1.035334e+03 6.529391e+02 4.669705e+02 3.640984e+02 3.015074e+02 2.607985e+02 2.331243e+02 1.816515e+02 2.260363e+02 2.766649e+02 3.180757e+02
5.857289e+03 5.857289e+03 5.857289e+03 5.857291e+03 5.857298e+03 5.857509e+03 5.858168e+03 5.860753e+03 5.862588e+03 5.864697e+03 5.869464e+03 5.874435e+03 5.878449e+03 5.879117e+03 5.872561e+03 5.853764e+03 5.817281e+03 5.234702e+03 4.062541e+03 2.866382e+03 1.992152e+03 1.427005e+03 1.067817e+03 6.758621e+02 4.847467e+02 3.787909e+02 3.141934e+02 2.720988e+02 2.434266e+02 1.891502e+02 2.331123e+02 2.824619e+02 3.223251e+02
6.031932e+03 6.031932e+03 6.031932e+03 6.031930e+03 6.031924e+03 6.031736e+03 6.031148e+03 6.028841e+03 6.027209e+03 6.025342e+03 6.021156e+03 6.016607e+03 6.011276e+03 6.003287e+03 5.989050e+03 5.963659e+03 5.921648e+03 5.322514e+03 4.138576e+03 2.928789e+03 2.041861e+03 1.466770e+03 1.100279e+03 6.991029e+02 5.028055e+02 3.937017e+02 3.270622e+02 2.835744e+02 2.539153e+02 1.969449e+02 2.404030e+02 2.884089e+02 3.266509e+02
6.031997e+03 6.031997e+03 6.031997e+03 6.031999e+03 6.032007e+03 6.032243e+03 6.032981e+03 6.035863e+03 6.037896e+03 6.040230e+03 6.045557e+03 6.051327e+03 6.056494e+03 6.058734e+03 6.054145e+03 6.037604e+03 6.003486e+03 5.426286e+03 4.236315e+03 3.007517e+03 2.102208e+03 1.513344e+03 1.137198e+03 7.244494e+02 5.219920e+02 4.092931e+02 3.403981e+02 2.954171e+02 2.647289e+02 2.050642e+02 2.479087e+02 2.944991e+02 3.310551e+02
6.281171e+03 6.281171e+03 6.281171e+03 6.281172e+03 6.281172e+03 6.281193e+03 6.281256e+03 6.281590e+03 6.281942e+03 6.282469e+03 6.284127e+03 6.286521e+03 6.288834e+03 6.288767e+03 6.282276e+03 6.263985e+03 6.227962e+03 5.630072e+03 4.397353e+03 3.123004e+03 2.183565e+03 1.572287e+03 1.181739e+03 7.531191e+02 5.428815e+02 4.258901e+02 3.544131e+02 3.077803e+02 2.759864e+02 2.135375e+02 2.556295e+02 3.007255e+02 3.355408e+02
6.680184e+03 6.680184e+03 6.680184e+03 6.680184e+03 6.680184e+03 6.680191e+03 6.680214e+03 6.680316e+03 6.680402e+03 6.680514e+03 6.680807e+03 6.681046e+03 6.680378e+03 6.676453e+03 6.665132e+03 6.640894e+03 6.597642e+03 5.941384e+03 4.625618e+03 3.276927e+03 2.286747e+03 1.644087e+03 1.234241e+03 7.853253e+02 5.656364e+02 4.436295e+02 3.692274e+02 3.207708e+02 2.877833e+02 2.223944e+02 2.635653e+02 3.070809e+02 3.401143e+02
7.069132e+03 7.069132e+03 7.069132e+03 7.069132e+03 7.069134e+03 7.069162e+03 7.069240e+03 7.069531e+03 7.069745e+03 7.070004e+03 7.070648e+03 7.071285e+03 7.070968e+03 7.067140e+03 7.055336e+03 7.029630e+03 6.983511e+03 6.282869e+03 4.882334e+03 3.451149e+03 2.403113e+03 1.724405e+03 1.292408e+03 8.203575e+02 5.900437e+02 4.624800e+02 3.848811e+02 3.344561e+02 3.001953e+02 2.316642e+02 2.717159e+02 3.135571e+02 3.447692e+02
7.471739e+03 7.471739e+03 7.471739e+03 7.471740e+03 7.471741e+03 7.471778e+03 7.471890e+03 7.472222e+03 7.472390e+03 7.472542e+03 7.472760e+03 7.472671e+03 7.471279e+03 7.465919e+03 7.451930e+03 7.423116e+03 7.372664e+03 6.624638e+03 5.141054e+03 3.628748e+03 2.522952e+03 1.807745e+03 1.353075e+03 8.571019e+02 6.157073e+02 4.823244e+02 4.013726e+02 3.488834e+02 3.132885e+02 2.413756e+02 2.800804e+02 3.201459e+02 3.494954e+02
7.836644e+03 7.836644e+03 7.836644e+03 7.836644e+03 7.836641e+03 7.836573e+03 7.836358e+03 7.835517e+03 7.834928e+03 7.834264e+03 7.832813e+03 7.831159e+03 7.828397e+03 7.821802e+03 7.806501e+03 7.775976e+03 7.723028e+03 6.940135e+03 5.385206e+03 3.799279e+03 2.639757e+03 1.890094e+03 1.413771e+03 8.946192e+02 6.422838e+02 5.030644e+02 4.187086e+02 3.641044e+02 3.271323e+02 2.515562e+02 2.886576e+02 3.268384e+02 3.542843e+02
8.126739e+03 8.126739e+03 8.126739e+03 8.126740e+03 8.126744e+03 8.126869e+03 8.127258e+03 8.128813e+03 8.129972e+03 8.131366e+03 8.134725e+03 8.138385e+03 8.140931e+03 8.139156e+03 8.127733e+03 8.099723e+03 8.047571e+03 7.236968e+03 5.614366e+03 3.959856e+03 2.750979e+03 1.969717e+03 1.473406e+03 9.325163e+02 6.696602e+02 5.247054e+02 4.369460e+02 3.801969e+02 3.418105e+02 2.622323e+02 2.974450e+02 3.336252e+02 3.591279e+02
8.560059e+03 8.560059e+03 8.560059e+03 8.560057e+03 8.560050e+03 8.559831e+03 8.559147e+03 8.556417e+03 8.554391e+03 8.551961e+03 8.546046e+03 8.538856e+03 8.529673e+03 8.515815e+03 8.492263e+03 8.452189e+03 8.388017e+03 7.514489e+03 5.823320e+03 4.108508e+03 2.856544e+03 2.047078e+03 1.532470e+03 9.710929e+02 6.980269e+02 5.473947e+02 4.562132e+02 3.972769e+02 3.574285e+02 2.734280e+02 3.064394e+02 3.404966e+02 3.640181e+02
8.630505e+03 8.630505e+03 8.630505e+03 8.630508e+03 8.630516e+03 8.630773e+03 8.631566e+03 8.634334e+03 8.636079e+03 8.637972e+03 8.642061e+03 8.646242e+03 8.649300e+03 8.648091e+03 8.637145e+03 8.609208e+03 8.556289e+03 7.714288e+03 6.006077e+03 4.251016e+03 2.962036e+03 2.125887e+03 1.593249e+03 1.011265e+03 7.278357e+02 5.714088e+02 4.767077e+02 4.154994e+02 3.741138e+02 2.851650e+02 3.156364e+02 3.474423e+02 3.689468e+02
8.882787e+03 8.882787e+03 8.882787e+03 8.882790e+03 8.882798e+03 8.883058e+03 8.883855e+03 8.886783e+03 8.888821e+03 8.891215e+03 8.897020e+03 8.903922e+03 8.910649e+03 8.913858e+03 8.907737e+03 8.884577e+03 8.835878e+03 7.991732e+03 6.235346e+03 4.418429e+03 3.080767e+03 2.212264e+03 1.658862e+03 1.054162e+03 7.596611e+02 5.971047e+02 4.986781e+02 4.350503e+02 3.920124e+02 2.974618e+02 3.250301e+02 3.544516e+02 3.739057e+02
9.492268e+03 9.492268e+03 9.492268e+03 9.492269e+03 9.492271e+03 9.492334e+03 9.492533e+03 9.493323e+03 9.493901e+03 9.494576e+03 9.496091e+03 9.497415e+03 9.497131e+03 9.491753e+03 9.475292e+03 9.439839e+03 9.376715e+03 8.428551e+03 6.543324e+03 4.621542e+03 3.216639e+03 2.308119e+03 1.730595e+03 1.100613e+03 7.940712e+02 6.248727e+02 5.224006e+02 4.561338e+02 4.112816e+02 3.103333e+02 3.346129e+02 3.615136e+02 3.788865e+02
1.010226e+04 1.010226e+04 1.010226e+04 1.010225e+04 1.010224e+04 1.010199e+04 1.010118e+04 1.009796e+04 1.009556e+04 1.009264e+04 1.008540e+04 1.007632e+04 1.006447e+04 1.004667e+04 1.001697e+04 9.967357e+03 9.888970e+03 8.844217e+03 6.843950e+03 4.826236e+03 3.357607e+03 2.409787e+03 1.807797e+03 1.151250e+03 8.316362e+02 6.551172e+02 5.481603e+02 4.789590e+02 4.320811e+02 3.237899e+02 3.443759e+02 3.686169e+02 3.838807e+02
1.022563e+04 1.022563e+04 1.022563e+04 1.022563e+04 1.022564e+04 1.022586e+04 1.022654e+04 1.022884e+04 1.023024e+04 1.023171e+04 1.023471e+04 1.023745e+04 1.023854e+04 1.023429e+04 1.021830e+04 1.018206e+04 1.011619e+04 9.106784e+03 7.084767e+03 5.016540e+03 3.500622e+03 2.517971e+03 1.891936e+03 1.207183e+03 8.730125e+02 6.882431e+02 5.762307e+02 5.037260e+02 4.545649e+02 3.378367e+02 3.543079e+02 3.757499e+02 3.888796e+02
1.045036e+04 1.045036e+04 1.045036e+04 1.045036e+04 1.045037e+04 1.045059e+04 1.045129e+04 1.045407e+04 1.045614e+04 1.045866e+04 1.046499e+04 1.047277e+04 1.048053e+04 1.048437e+04 1.047754e+04 1.045106e+04 1.039498e+04 9.415412e+03 7.367128e+03 5.239772e+03 3.667648e+03 2.643265e+03 1.988394e+03 1.270064e+03 9.188596e+02 7.246011e+02 6.068466e+02 5.306126e+02 4.788741e+02 3.524730e+02 3.643962e+02 3.829004e+02 3.938745e+02
1.109973e+04 1.109973e+04 1.109973e+04 1.109973e+04 1.109974e+04 1.109993e+04 1.110051e+04 1.110286e+04 1.110461e+04 1.110676e+04 1.111220e+04 1.111887e+04 1.112527e+04 1.112733e+04 1.111799e+04 1.108780e+04 1.102634e+04 9.980821e+03 7.806638e+03 5.549998e+03 3.882456e+03 2.796069e+03 2.101815e+03 1.340944e+03 9.695258e+02 7.643986e+02 6.401787e+02 5.597671e+02 5.051341e+02 3.676914e+02 3.746258e+02 3.900563e+02 3.988567e+02
1.209157e+04 1.209157e+04 1.209157e+04 1.209157e+04 1.209157e+04 1.209163e+04 1.209184e+04 1.209268e+04 1.209337e+04 1.209426e+04 1.209669e+04 1.209975e+04 1.210182e+04 1.209851e+04 1.208211e+04 1.204236e+04 1.196797e+04 1.078976e+04 8.399359e+03 5.944108e+03 4.142009e+03 2.973887e+03 2.230394e+03 1.419084e+03 1.024816e+03 8.076685e+02 6.763391e+02 5.913154e+02 5.334583e+02 3.834771e+02 3.849799e+02 3.972052e+02 4.038173e+02
1.322984e+04 1.322984e+04 1.322984e+04 1.322984e+04 1.322984e+04 1.322991e+04 1.323011e+04 1.323079e+04 1.323113e+04 1.323137e+04 1.323131e+04 1.323004e+04 1.322569e+04 1.321348e+04 1.318513e+04 1.312973e+04 1.303530e+04 1.168125e+04 9.037292e+03 6.362046e+03 4.415391e+03 3.160998e+03 2.366051e+03 1.502307e+03 1.084209e+03 8.543824e+02 7.154342e+02 6.253832e+02 5.639556e+02 3.998070e+02 3.954396e+02 4.043345e+02 4.087476e+02
1.418464e+04 1.418464e+04 1.418464e+04 1.418463e+04 1.418462e+04 1.418427e+04 1.418319e+04 1.417883e+04 1.417557e+04 1.417159e+04 1.416154e+04 1.414863e+04 1.413146e+04 1.410546e+04 1.406230e+04 1.399072e+04 1.387828e+04 1.239445e+04 9.569360e+03 6.729040e+03 4.667625e+03 3.341087e+03 2.501099e+03 1.588956e+03 1.147497e+03 9.046715e+02 7.576436e+02 6.621233e+02 5.967374e+02 4.166495e+02 4.059840e+02 4.114314e+02 4.136389e+02
1.440967e+04 1.440967e+04 1.440967e+04 1.440967e+04 1.440968e+04 1.440993e+04 1.441072e+04 1.441355e+04 1.441534e+04 1.441724e+04 1.442111e+04 1.442455e+04 1.442551e+04 1.441878e+04 1.439527e+04 1.434294e+04 1.424858e+04 1.281415e+04 9.951545e+03 7.030590e+03 4.894700e+03 3.513655e+03 2.636150e+03 1.679925e+03 1.215359e+03 9.589977e+02 8.032678e+02 7.017235e+02 6.319148e+02 4.339640e+02 4.165903e+02 4.184831e+02 4.184826e+02
1.474899e+04 1.474899e+04 1.474899e+04 1.474899e+04 1.474900e+04 1.474925e+04 1.475005e+04 1.475323e+04 1.475561e+04 1.475850e+04 1.476575e+04 1.477456e+04 1.478282e+04 1.478509e+04 1.477185e+04 1.473049e+04 1.464709e+04 1.324335e+04 1.034217e+04 7.343038e+03 5.133570e+03 3.697525e+03 2.781443e+03 1.778857e+03 1.289362e+03 1.018120e+03 8.526953e+02 7.443820e+02 6.695800e+02 4.517003e+02 4.272342e+02 4.254769e+02 4.232702e+02
1.556581e+04 1.556581e+04 1.556581e+04 1.556581e+04 1.556582e+04 1.556599e+04 1.556655e+04 1.556876e+04 1.557043e+04 1.557246e+04 1.557764e+04 1.558397e+04 1.558940e+04 1.558836e+04 1.557103e+04 1.552428e+04 1.543362e+04 1.395006e+04 1.090175e+04 7.751049e+03 5.427711e+03 3.915671e+03 2.949701e+03 1.890240e+03 1.371332e+03 1.082845e+03 9.062899e+02 7.902495e+02 7.097746e+02 4.697992e+02 4.378896e+02 4.323999e+02 4.279936e+02
1.671762e+04 1.671762e+04 1.671762e+04 1.671762e+04 1.671763e+04 1.671781e+04 1.671835e+04 1.672035e+04 1.672179e+04 1.672352e+04 1.672781e+04 1.673281e+04 1.673630e+04 1.673228e+04 1.671022e+04 1.665611e+04 1.655449e+04 1.494040e+04 1.165908e+04 8.281250e+03 5.795709e+03 4.180027e+03 3.148455e+03 2.017136e+03 1.462559e+03 1.153711e+03 9.642467e+02 8.393588e+02 7.524529e+02 4.881923e+02 4.485292e+02 4.392395e+02 4.326445e+02
1.810325e+04 1.810325e+04 1.810325e+04 1.810325e+04 1.810326e+04 1.810335e+04 1.810365e+04 1.810485e+04 1.810575e+04 1.810685e+04 1.810962e+04 1.811274e+04 1.811384e+04 1.810646e+04 1.807924e+04 1.801707e+04 1.790328e+04 1.613712e+04 1.257450e+04 8.918283e+03 6.233055e+03 4.490016e+03 3.378290e+03 2.160183e+03 1.563324e+03 1.230760e+03 1.026483e+03 8.915696e+02 7.974533e+02 5.068029e+02 4.591245e+02 4.459831e+02 4.372154e+02
1.961474e+04 1.961474e+04 1.961474e+04 1.961474e+04 1.961474e+04 1.961484e+04 1.961516e+04 1.961645e+04 1.961740e+04 1.961857e+04 1.962150e+04 1.962476e+04 1.962575e+04 1.961742e+04 1.958743e+04 1.951937e+04 1.939515e+04 1.747370e+04 1.360441e+04 9.637537e+03 6.726671e+03 4.838658e+03 3.635327e+03 2.317921e+03 1.672868e+03 1.313477e+03 1.092594e+03 9.465437e+02 8.444852e+02 5.255473e+02 4.696463e+02 4.526185e+02 4.416987e+02
2.125624e+04 2.125624e+04 2.125624e+04 2.125624e+04 2.125624e+04 2.125634e+04 2.125667e+04 2.125795e+04 2.125892e+04 2.126009e+04 2.126303e+04 2.126622e+04 2.126683e+04 2.125721e+04 2.122396e+04 2.114928e+04 2.101359e+04 1.892403e+04 1.472327e+04 1.041972e+04 7.263506e+03 5.217353e+03 3.913828e+03 2.487553e+03 1.789623e+03 1.400865e+03 1.161882e+03 1.003756e+03 8.931351e+02 5.443353e+02 4.800650e+02 4.591337e+02 4.460872e+02
2.301765e+04 2.301765e+04 2.301765e+04 2.301765e+04 2.301765e+04 2.301772e+04 2.301792e+04 2.301873e+04 2.301934e+04 2.302009e+04 2.302199e+04 2.302389e+04 2.302278e+04 2.301040e+04 2.297229e+04 2.288920e+04 2.273994e+04 2.046577e+04 1.590956e+04 1.124754e+04 7.830855e+03 5.617013e+03 4.207271e+03 2.665535e+03 1.911493e+03 1.491578e+03 1.233420e+03 1.062531e+03 9.428890e+02 5.630730e+02 4.903506e+02 4.655170e+02 4.503742e+02
2.483514e+04 2.483514e+04 2.483514e+04 2.483514e+04 2.483514e+04 2.483520e+04 2.483541e+04 2.483621e+04 2.483681e+04 2.483753e+04 2.483924e+04 2.484072e+04 2.483863e+04 2.482404e+04 2.478134e+04 2.468978e+04 2.452653e+04 2.205968e+04 1.713374e+04 1.210031e+04 8.414518e+03 6.027738e+03 4.508568e+03 2.847938e+03 2.036096e+03 1.584066e+03 1.306138e+03 1.122097e+03 9.931654e+02 5.816637e+02 5.004735e+02 4.717573e+02 4.545533e+02
2.667085e+04 2.667085e+04 2.667085e+04 2.667085e+04 2.667085e+04 2.667085e+04 2.667087e+04 2.667093e+04 2.667098e+04 2.667104e+04 2.667117e+04 2.667071e+04 2.666614e+04 2.664795e+04 2.659941e+04 2.649827e+04 2.632006e+04 2.365724e+04 1.835988e+04 1.295420e+04 8.998941e+03 6.439067e+03 4.810388e+03 3.030743e+03 2.160980e+03 1.676719e+03 1.378918e+03 1.181639e+03 1.043353e+03 6.000103e+02 5.104045e+02 4.778437e+02 4.586186e+02
2.843433e+04 2.843433e+04 2.843433e+04 2.843433e+04 2.843434e+04 2.843434e+04 2.843435e+04 2.843440e+04 2.843442e+04 2.843443e+04 2.843437e+04 2.843353e+04 2.842813e+04 2.840799e+04 2.835526e+04 2.824623e+04 2.805482e+04 2.520700e+04 1.955198e+04 1.378597e+04 9.569204e+03 6.841090e+03 5.105838e+03 3.210182e+03 2.283824e+03 1.767989e+03 1.450671e+03 1.240361e+03 1.092848e+03 6.180177e+02 5.201153e+02 4.837663e+02 4.625644e+02
3.010407e+04 3.010407e+04 3.010407e+04 3.010407e+04 3.010406e+04 3.010404e+04 3.010398e+04 3.010371e+04 3.010351e+04 3.010327e+04 3.010260e+04 3.010099e+04 3.009447e+04 3.007225e+04 3.001545e+04 2.989898e+04 2.969525e+04 2.667459e+04 2.068350e+04 1.457754e+04 1.011336e+04 7.225705e+03 5.389193e+03 3.383044e+03 2.402605e+03 1.856501e+03 1.520410e+03 1.297528e+03 1.141087e+03 6.355940e+02 5.295789e+02 4.895154e+02 4.663857e+02
3.164942e+04 3.164942e+04 3.164942e+04 3.164942e+04 3.164942e+04 3.164940e+04 3.164933e+04 3.164904e+04 3.164882e+04 3.164855e+04 3.164779e+04 3.164600e+04 3.163900e+04 3.161545e+04 3.155547e+04 3.143270e+04 3.121811e+04 2.803971e+04 2.173841e+04 1.531745e+04 1.062343e+04 7.587258e+03 5.656312e+03 3.546871e+03 2.515707e+03 1.941114e+03 1.587295e+03 1.352499e+03 1.187571e+03 6.526533e+02 5.387698e+02 4.950822e+02 4.700779e+02
3.306841e+04 3.306841e+04 3.306841e+04 3.306841e+04 3.306841e+04 3.306838e+04 3.306828e+04 3.306791e+04 3.306762e+04 3.306727e+04 3.306634e+04 3.306431e+04 3.305681e+04 3.303199e+04 3.296910e+04 3.284059e+04 3.261615e+04 2.929409e+04 2.270938e+04 1.599996e+04 1.109509e+04 7.922474e+03 5.904647e+03 3.700001e+03 2.621959e+03 2.020963e+03 1.650663e+03 1.404754e+03 1.231880e+03 6.691164e+02 5.476641e+02 5.004586e+02 4.736367e+02
3.435664e+04 3.435664e+04 3.435664e+04 3.435664e+04 3.435664e+04 3.435661e+04 3.435652e+04 3.435614e+04 3.435586e+04 3.435552e+04 3.435461e+04 3.435258e+04 3.434489e+04 3.431922e+04 3.425401e+04 3.412062e+04 3.388756e+04 3.043650e+04 2.359503e+04 1.662355e+04 1.152686e+04 8.229980e+03 6.132973e+03 3.841477e+03 2.720607e+03 2.095446e+03 1.710025e+03 1.453892e+03 1.273687e+03 6.849128e+02 5.562401e+02 5.056372e+02 4.770586e+02
3.552330e+04 3.552330e+04 3.552330e+04 3.552330e+04 3.552330e+04 3.552328e+04 3.552319e+04 3.552286e+04 3.552261e+04 3.552231e+04 3.552148e+04 3.551952e+04 3.551172e+04 3.548535e+04 3.541811e+04 3.528038e+04 3.503959e+04 3.147200e+04 2.439817e+04 1.718943e+04 1.191906e+04 8.509687e+03 6.341001e+03 3.970892e+03 2.811253e+03 2.164200e+03 1.765062e+03 1.499635e+03 1.312749e+03 6.999814e+02 5.644784e+02 5.106115e+02 4.803403e+02
3.657944e+04 3.657944e+04 3.657944e+04 3.657944e+04 3.657944e+04 3.657941e+04 3.657933e+04 3.657899e+04 3.657872e+04 3.657840e+04 3.657751e+04 3.657543e+04 3.656733e+04 3.654009e+04 3.647074e+04 3.632881e+04 3.608076e+04 3.240669e+04 2.512253e+04 1.769968e+04 1.227281e+04 8.762158e+03 6.528992e+03 4.088225e+03 2.893766e+03 2.227058e+03 1.815598e+03 1.541814e+03 1.348909e+03 7.142710e+02 5.723617e+02 5.153759e+02 4.834791e+02
3.752489e+04 3.752489e+04 3.752489e+04 3.752489e+04 3.752489e+04 3.752485e+04 3.752475e+04 3.752433e+04 3.752401e+04 3.752363e+04 3.752259e+04 3.752031e+04 3.751183e+04 3.748370e+04 3.741238e+04 3.726660e+04 3.701195e+04 3.324234e+04 2.577009e+04 1.815593e+04 1.258928e+04 8.988216e+03 6.697503e+03 4.193708e+03 2.968219e+03 2.284007e+03 1.861580e+03 1.580353e+03 1.382082e+03 7.277409e+02 5.798754e+02 5.199253e+02 4.864729e+02
3.835581e+04 3.835581e+04 3.835581e+04 3.835581e+04 3.835581e+04 3.835577e+04 3.835567e+04 3.835524e+04 3.835493e+04 3.835455e+04 3.835353e+04 3.835127e+04 3.834271e+04 3.831408e+04 3.824133e+04 3.809247e+04 3.783236e+04 3.398010e+04 2.634279e+04 1.856002e+04 1.286993e+04 9.188930e+03 6.847313e+03 4.287757e+03 3.034830e+03 2.335154e+03 1.903045e+03 1.615252e+03 1.412246e+03 7.403607e+02 5.870075e+02 5.242560e+02 4.893197e+02
3.908125e+04 3.908125e+04 3.908125e+04 3.908125e+04 3.908125e+04 3.908123e+04 3.908115e+04 3.908082e+04 3.908057e+04 3.908026e+04 3.907943e+04 3.907738e+04 3.906892e+04 3.904005e+04 3.896624e+04 3.881490e+04 3.855021e+04 3.462652e+04 2.684528e+04 1.891504e+04 1.311681e+04 9.365708e+03 6.979422e+03 4.370922e+03 3.093919e+03 2.380690e+03 1.940107e+03 1.646573e+03 1.439430e+03 7.521103e+02 5.937486e+02 5.283647e+02 4.920184e+02
3.971676e+04 3.971676e+04 3.971676e+04 3.971676e+04 3.971676e+04 3.971673e+04 3.971665e+04 3.971631e+04 3.971606e+04 3.971575e+04 3.971491e+04 3.971284e+04 3.970427e+04 3.967497e+04 3.960003e+04 3.944631e+04 3.917742e+04 3.519074e+04 2.728372e+04 1.922486e+04 1.333239e+04 9.520199e+03 7.094990e+03 4.443845e+03 3.145877e+03 2.420864e+03 1.972928e+03 1.674424e+03 1.463705e+03 7.629791e+02 6.000917e+02 5.322492e+02 4.945681e+02
4.026669e+04 4.026669e+04 4.026669e+04 4.026669e+04 4.026669e+04 4.026666e+04 4.026659e+04 4.026627e+04 4.026604e+04 4.026575e+04 4.026496e+04 4.026293e+04 4.025432e+04 4.022470e+04 4.014881e+04 3.999307e+04 3.972056e+04 3.567925e+04 2.766328e+04 1.949311e+04 1.351910e+04 9.654085e+03 7.195217e+03 4.507204e+03 3.191131e+03 2.455961e+03 2.001706e+03 1.698945e+03 1.485172e+03 7.729654e+02 6.060325e+02 5.359081e+02 4.969684e+02
4.073743e+04 4.073743e+04 4.073743e+04 4.073743e+04 4.073743e+04 4.073741e+04 4.073733e+04 4.073701e+04 4.073677e+04 4.073648e+04 4.073568e+04 4.073363e+04 4.072494e+04 4.069502e+04 4.061830e+04 4.046081e+04 4.018521e+04 3.609736e+04 2.798835e+04 1.972301e+04 1.367924e+04 9.768977e+03 7.281274e+03 4.561678e+03 3.230115e+03 2.486283e+03 2.026660e+03 1.720298e+03 1.503954e+03 7.820757e+02 6.115692e+02 5.393410e+02 4.992193e+02
4.113293e+04 4.113293e+04 4.113293e+04 4.113293e+04 4.113293e+04 4.113291e+04 4.113285e+04 4.113261e+04 4.113243e+04 4.113220e+04 4.113155e+04 4.112968e+04 4.112112e+04 4.109114e+04 4.101392e+04 4.085515e+04 4.057714e+04 3.645074e+04 2.826352e+04 1.991783e+04 1.381501e+04 9.866421e+03 7.354273e+03 4.607910e+03 3.263253e+03 2.512130e+03 2.048016e+03 1.738661e+03 1.520189e+03 7.903240e+02 6.167022e+02 5.425481e+02 5.013213e+02
4.146519e+04 4.146519e+04 4.146519e+04 4.146519e+04 4.146519e+04 4.146517e+04 4.146510e+04 4.146486e+04 4.146467e+04 4.146444e+04 4.146380e+04 4.146193e+04 4.145335e+04 4.142320e+04 4.134544e+04 4.118551e+04 4.090539e+04 3.674655e+04 2.849387e+04 2.008087e+04 1.392856e+04 9.947838e+03 7.415209e+03 4.646475e+03 3.290936e+03 2.533797e+03 2.066006e+03 1.754217e+03 1.534028e+03 7.977304e+02 6.214340e+02 5.455304e+02 5.032752e+02
4.173887e+04 4.173887e+04 4.173887e+04 4.173887e+04 4.173887e+04 4.173885e+04 4.173880e+04 4.173860e+04 4.173844e+04 4.173824e+04 4.173768e+04 4.173590e+04 4.172739e+04 4.169717e+04 4.161906e+04 4.145824e+04 4.117644e+04 3.699091e+04 2.868389e+04 2.021497e+04 1.402163e+04 1.001434e+04 7.464861e+03 4.677851e+03 3.313515e+03 2.551563e+03 2.080858e+03 1.767157e+03 1.545629e+03 8.043205e+02 6.257694e+02 5.482898e+02 5.050821e+02
4.196179e+04 4.196179e+04 4.196179e+04 4.196179e+04 4.196179e+04 4.196177e+04 4.196172e+04 4.196153e+04 4.196139e+04 4.196122e+04 4.196072e+04 4.195901e+04 4.195054e+04 4.192027e+04 4.184184e+04 4.168026e+04 4.139702e+04 3.718888e+04 2.883653e+04 2.032165e+04 1.409503e+04 1.006649e+04 7.503680e+03 4.702408e+03 3.331313e+03 2.565706e+03 2.092807e+03 1.777678e+03 1.555156e+03 8.101244e+02 6.297148e+02 5.508287e+02 5.067436e+02
4.214055e+04 4.214055e+04 4.214055e+04 4.214055e+04 4.214055e+04 4.214053e+04 4.214049e+04 4.214029e+04 4.214014e+04 4.213994e+04 4.213932e+04 4.213740e+04 4.212858e+04 4.209774e+04 4.201842e+04 4.185549e+04 4.157031e+04 3.734029e+04 2.895033e+04 2.039974e+04 1.414823e+04 1.010418e+04 7.531813e+03 4.720472e+03 3.344660e+03 2.576515e+03 2.102098e+03 1.785985e+03 1.562781e+03 8.151757e+02 6.332784e+02 5.531502e+02 5.082616e+02
