2.002474e+03 1.367134e+03 1.058807e+03 5.117164e+02 3.681528e+02 1.660185e+02 1.192742e+02 8.774894e+01 8.015129e+01 7.475287e+01 6.763962e+01 6.328198e+01 6.049053e+01 5.870472e+01 5.762279e+01 5.706717e+01 5.693154e+01 6.847215e+01 2.811895e+02 1.406561e+03 4.044825e+03 7.797944e+03 1.168299e+04 1.731256e+04 1.967164e+04 2.003047e+04 1.945482e+04 1.850718e+04 1.745013e+04 9.972158e+03 7.010108e+03 5.749750e+03 5.135232e+03
1.028642e+02 1.029087e+02 1.029085e+02 1.028955e+02 1.028263e+02 9.947366e+01 9.228058e+01 7.837714e+01 7.376357e+01 7.011777e+01 6.489010e+01 6.148830e+01 5.925815e+01 5.783645e+01 5.700862e+01 5.664071e+01 5.665060e+01 6.896523e+01 2.883660e+02 1.440663e+03 4.127969e+03 7.934833e+03 1.186056e+04 1.751577e+04 1.985419e+04 2.017938e+04 1.957166e+04 1.859749e+04 1.751960e+04 9.976402e+03 7.008889e+03 5.748605e+03 5.134556e+03
7.644018e+01 7.644007e+01 7.644010e+01 7.643962e+01 7.643446e+01 7.583903e+01 7.428389e+01 6.989707e+01 6.718645e+01 6.502132e+01 6.178745e+01 5.948073e+01 5.790068e+01 5.689794e+01 5.635910e+01 5.620195e+01 5.637323e+01 6.955174e+01 2.964207e+02 1.478076e+03 4.217802e+03 8.081089e+03 1.204866e+04 1.772836e+04 2.004350e+04 2.033278e+04 1.969139e+04 1.868966e+04 1.759026e+04 9.980625e+03 7.007652e+03 5.747454e+03 5.133878e+03
6.564146e+01 6.564752e+01 6.564752e+01 6.564785e+01 6.564783e+01 6.552228e+01 6.479086e+01 6.360945e+01 6.258082e+01 6.126572e+01 5.895558e+01 5.748505e+01 5.652175e+01 5.594486e+01 5.570785e+01 5.577311e+01 5.611520e+01 7.024519e+01 3.054443e+02 1.519078e+03 4.314784e+03 8.237260e+03 1.224783e+04 1.795068e+04 2.023974e+04 2.049075e+04 1.981406e+04 1.878369e+04 1.766211e+04 9.984827e+03 7.006396e+03 5.746296e+03 5.133199e+03
5.982211e+01 5.982229e+01 5.982231e+01 5.982273e+01 5.982358e+01 5.979885e+01 5.952375e+01 5.880366e+01 5.864933e+01 5.828831e+01 5.703865e+01 5.591091e+01 5.528769e+01 5.505803e+01 5.509954e+01 5.538155e+01 5.589479e+01 7.106003e+01 3.155355e+02 1.563963e+03 4.419401e+03 8.403918e+03 1.245860e+04 1.818309e+04 2.044311e+04 2.065339e+04 1.993971e+04 1.887962e+04 1.773516e+04 9.989005e+03 7.005120e+03 5.745131e+03 5.132517e+03
5.631765e+01 5.631193e+01 5.631196e+01 5.631239e+01 5.631347e+01 5.631936e+01 5.623290e+01 5.573887e+01 5.569603e+01 5.573389e+01 5.549647e+01 5.491695e+01 5.447243e+01 5.436940e+01 5.460161e+01 5.506588e+01 5.573603e+01 7.201210e+01 3.268019e+02 1.613046e+03 4.532170e+03 8.581664e+03 1.268155e+04 1.842597e+04 2.065380e+04 2.082078e+04 2.006837e+04 1.897744e+04 1.780940e+04 9.993159e+03 7.003825e+03 5.743960e+03 5.131834e+03
5.411063e+01 5.411105e+01 5.411104e+01 5.411142e+01 5.411247e+01 5.412921e+01 5.412088e+01 5.385078e+01 5.378285e+01 5.386504e+01 5.414235e+01 5.415716e+01 5.403651e+01 5.405194e+01 5.432639e+01 5.488463e+01 5.567368e+01 7.311952e+01 3.393614e+02 1.666666e+03 4.653636e+03 8.771124e+03 1.291727e+04 1.867968e+04 2.087200e+04 2.099301e+04 2.020008e+04 1.907718e+04 1.788484e+04 9.997287e+03 7.002511e+03 5.742783e+03 5.131150e+03
5.273855e+01 5.274287e+01 5.274289e+01 5.274324e+01 5.274423e+01 5.276506e+01 5.279148e+01 5.269495e+01 5.263635e+01 5.268612e+01 5.309069e+01 5.351669e+01 5.377236e+01 5.399859e+01 5.435923e+01 5.493456e+01 5.576039e+01 7.440396e+01 3.533450e+02 1.725189e+03 4.784376e+03 8.972957e+03 1.316636e+04 1.894461e+04 2.109791e+04 2.117017e+04 2.033488e+04 1.917884e+04 1.796148e+04 1.000139e+04 7.001176e+03 5.741599e+03 5.130463e+03
5.194797e+01 5.194792e+01 5.194793e+01 5.194826e+01 5.194919e+01 5.197142e+01 5.201454e+01 5.203477e+01 5.201426e+01 5.204925e+01 5.242529e+01 5.303756e+01 5.360374e+01 5.408535e+01 5.459372e+01 5.523468e+01 5.607529e+01 7.589222e+01 3.688994e+02 1.789012e+03 4.925009e+03 9.187856e+03 1.342948e+04 1.922115e+04 2.133171e+04 2.135235e+04 2.047278e+04 1.928242e+04 1.803932e+04 1.000546e+04 6.999822e+03 5.740409e+03 5.129775e+03
5.157413e+01 5.157292e+01 5.157293e+01 5.157324e+01 5.157413e+01 5.159689e+01 5.164891e+01 5.174396e+01 5.176724e+01 5.181235e+01 5.213698e+01 5.278593e+01 5.354216e+01 5.425896e+01 5.495092e+01 5.570148e+01 5.659597e+01 7.761825e+01 3.861906e+02 1.858568e+03 5.076192e+03 9.416549e+03 1.370728e+04 1.950970e+04 2.157360e+04 2.153961e+04 2.061384e+04 1.938795e+04 1.811835e+04 1.000950e+04 6.998447e+03 5.739212e+03 5.129085e+03
5.152330e+01 5.152515e+01 5.152516e+01 5.152544e+01 5.152629e+01 5.154909e+01 5.160593e+01 5.174813e+01 5.180931e+01 5.187748e+01 5.217295e+01 5.279193e+01 5.362954e+01 5.451849e+01 5.539201e+01 5.628074e+01 5.726233e+01 7.962597e+01 4.054090e+02 1.934332e+03 5.238632e+03 9.659806e+03 1.400045e+04 1.981068e+04 2.182378e+04 2.173206e+04 2.075807e+04 1.949542e+04 1.819858e+04 1.001351e+04 6.997053e+03 5.738008e+03 5.128393e+03
6.169941e+01 6.169943e+01 6.169944e+01 6.169968e+01 6.170042e+01 6.172347e+01 6.179278e+01 6.205618e+01 6.224502e+01 6.246750e+01 6.299747e+01 6.362261e+01 6.434957e+01 6.521289e+01 6.624997e+01 6.749737e+01 6.905738e+01 1.246872e+02 7.724013e+02 3.189688e+03 7.688989e+03 1.310272e+04 1.795635e+04 2.360044e+04 2.482404e+04 2.395750e+04 2.237988e+04 2.067741e+04 1.906523e+04 1.005160e+04 6.981963e+03 5.725615e+03 5.121382e+03
8.478153e+01 8.478154e+01 8.478154e+01 8.478169e+01 8.478216e+01 8.479653e+01 8.483974e+01 8.500549e+01 8.512636e+01 8.527179e+01 8.563452e+01 8.608970e+01 8.663320e+01 8.726975e+01 8.805931e+01 8.928209e+01 9.183001e+01 2.819257e+02 1.833572e+03 6.184573e+03 1.275185e+04 1.942934e+04 2.457534e+04 2.916914e+04 2.886554e+04 2.677144e+04 2.433432e+04 2.204909e+04 2.004076e+04 1.008497e+04 6.964701e+03 5.712573e+03 5.114211e+03
1.110700e+02 1.110700e+02 1.110700e+02 1.110702e+02 1.110707e+02 1.110861e+02 1.111311e+02 1.113014e+02 1.114248e+02 1.115729e+02 1.119419e+02 1.124067e+02 1.129864e+02 1.138859e+02 1.161123e+02 1.227299e+02 1.404396e+02 9.643822e+02 5.006889e+03 1.315837e+04 2.286950e+04 3.083589e+04 3.557693e+04 3.721278e+04 3.414126e+04 3.020720e+04 2.660919e+04 2.358896e+04 2.110489e+04 1.011207e+04 6.945141e+03 5.698892e+03 5.106893e+03
1.422095e+02 1.422095e+02 1.422095e+02 1.422097e+02 1.422101e+02 1.422250e+02 1.422706e+02 1.424510e+02 1.425853e+02 1.427489e+02 1.431685e+02 1.438742e+02 1.464389e+02 1.574765e+02 1.933952e+02 2.829666e+02 4.660312e+02 4.341207e+03 1.499926e+04 2.961447e+04 4.253843e+04 5.027150e+04 5.269437e+04 4.838463e+04 4.086222e+04 3.426898e+04 2.916660e+04 2.525923e+04 2.222780e+04 1.013133e+04 6.923177e+03 5.684585e+03 5.099444e+03
1.819273e+02 1.819273e+02 1.819273e+02 1.819275e+02 1.819281e+02 1.819481e+02 1.820099e+02 1.822582e+02 1.824535e+02 1.828108e+02 1.882382e+02 2.291430e+02 3.860915e+02 7.805517e+02 1.542320e+03 2.780197e+03 4.566371e+03 2.165071e+04 4.606014e+04 6.715739e+04 7.892764e+04 8.128341e+04 7.729635e+04 6.257358e+04 4.889937e+04 3.893036e+04 3.195982e+04 2.701355e+04 2.337459e+04 1.014123e+04 6.898725e+03 5.669674e+03 5.091881e+03
2.411130e+02 2.411130e+02 2.411130e+02 2.411134e+02 2.411147e+02 2.411563e+02 2.418216e+02 4.303144e+02 9.297046e+02 1.928911e+03 5.668024e+03 1.151426e+04 1.889295e+04 2.724798e+04 3.616344e+04 4.535081e+04 5.460883e+04 9.762582e+04 1.278342e+05 1.404963e+05 1.376045e+05 1.251027e+05 1.089284e+05 7.884702e+04 5.764640e+04 4.389621e+04 3.490744e+04 2.881600e+04 2.451366e+04 1.014040e+04 6.871733e+03 5.654184e+03 5.084221e+03
2.770430e+05 2.770430e+05 2.770430e+05 2.770430e+05 2.770430e+05 2.770439e+05 2.770494e+05 2.768448e+05 2.764124e+05 2.757129e+05 2.737865e+05 2.717480e+05 2.701123e+05 2.691033e+05 2.687405e+05 2.689291e+05 2.695202e+05 2.728279e+05 2.659125e+05 2.439133e+05 2.114092e+05 1.760743e+05 1.436908e+05 9.546122e+04 6.627164e+04 4.874394e+04 3.778988e+04 3.059254e+04 2.562777e+04 1.012772e+04 6.842181e+03 5.638152e+03 5.076484e+03
4.659247e+05 4.659247e+05 4.659248e+05 4.659262e+05 4.659306e+05 4.660222e+05 4.661733e+05 4.664476e+05 4.664936e+05 4.664343e+05 4.659475e+05 4.649772e+05 4.635824e+05 4.618203e+05 4.597201e+05 4.572772e+05 4.544576e+05 4.326012e+05 3.937927e+05 3.397993e+05 2.796194e+05 2.229530e+05 1.754655e+05 1.104282e+05 7.396737e+04 5.307680e+04 4.039170e+04 3.221625e+04 2.666076e+04 1.010239e+04 6.810087e+03 5.621618e+03 5.068692e+03
5.432978e+05 5.432978e+05 5.432978e+05 5.432973e+05 5.432957e+05 5.432444e+05 5.430906e+05 5.426263e+05 5.423740e+05 5.421194e+05 5.415879e+05 5.409862e+05 5.402687e+05 5.393885e+05 5.382791e+05 5.368457e+05 5.349686e+05 5.145130e+05 4.691348e+05 4.023898e+05 3.275281e+05 2.576309e+05 1.998317e+05 1.223646e+05 8.019993e+04 5.662392e+04 4.255231e+04 3.358667e+04 2.754566e+04 1.006407e+04 6.775514e+03 5.604632e+03 5.060868e+03
5.672972e+05 5.672972e+05 5.672972e+05 5.672970e+05 5.672962e+05 5.672728e+05 5.672021e+05 5.669910e+05 5.668872e+05 5.667957e+05 5.666470e+05 5.665178e+05 5.663700e+05 5.661555e+05 5.658004e+05 5.651966e+05 5.642050e+05 5.480693e+05 5.044316e+05 4.354490e+05 3.554327e+05 2.794308e+05 2.160576e+05 1.309002e+05 8.480015e+04 5.927963e+04 4.419021e+04 3.464102e+04 2.823625e+04 1.001286e+04 6.738574e+03 5.587252e+03 5.053036e+03
5.772931e+05 5.772932e+05 5.772932e+05 5.772934e+05 5.772941e+05 5.773161e+05 5.773835e+05 5.776035e+05 5.777231e+05 5.778353e+05 5.780248e+05 5.781662e+05 5.782598e+05 5.782852e+05 5.781839e+05 5.778547e+05 5.771604e+05 5.627236e+05 5.204407e+05 4.515305e+05 3.700962e+05 2.917257e+05 2.257628e+05 1.364220e+05 8.788096e+04 6.107369e+04 4.529834e+04 3.535737e+04 2.870818e+04 9.949436e+03 6.699427e+03 5.569543e+03 5.045221e+03
5.872287e+05 5.872287e+05 5.872287e+05 5.872286e+05 5.872285e+05 5.872255e+05 5.872176e+05 5.871974e+05 5.871858e+05 5.871717e+05 5.871307e+05 5.870656e+05 5.869672e+05 5.868100e+05 5.865343e+05 5.860399e+05 5.851921e+05 5.702374e+05 5.278602e+05 4.589249e+05 3.771237e+05 2.979534e+05 2.309403e+05 1.395838e+05 8.968601e+04 6.211057e+04 4.591970e+04 3.574725e+04 2.895806e+04 9.875024e+03 6.658288e+03 5.551580e+03 5.037451e+03
5.891420e+05 5.891420e+05 5.891420e+05 5.891420e+05 5.891421e+05 5.891423e+05 5.891424e+05 5.891293e+05 5.891099e+05 5.890796e+05 5.889859e+05 5.888527e+05 5.886823e+05 5.884569e+05 5.881219e+05 5.875803e+05 5.866988e+05 5.717856e+05 5.297116e+05 4.611362e+05 3.795426e+05 3.003314e+05 2.330684e+05 1.409814e+05 9.046996e+04 6.251544e+04 4.612005e+04 3.584308e+04 2.899880e+04 9.791536e+03 6.615422e+03 5.533444e+03 5.029754e+03
5.827910e+05 5.827910e+05 5.827910e+05 5.827911e+05 5.827913e+05 5.827974e+05 5.828161e+05 5.828887e+05 5.829412e+05 5.830023e+05 5.831418e+05 5.832910e+05 5.834322e+05 5.835320e+05 5.835247e+05 5.833055e+05 5.827361e+05 5.691504e+05 5.280160e+05 4.601136e+05 3.790156e+05 3.001417e+05 2.330669e+05 1.410452e+05 9.044140e+04 6.240278e+04 4.596817e+04 3.568621e+04 2.885342e+04 9.701959e+03 6.571152e+03 5.515227e+03 5.022159e+03
5.815636e+05 5.815636e+05 5.815636e+05 5.815636e+05 5.815637e+05 5.815676e+05 5.815786e+05 5.816153e+05 5.816391e+05 5.816646e+05 5.817147e+05 5.817544e+05 5.817708e+05 5.817351e+05 5.815855e+05 5.812208e+05 5.805063e+05 5.663017e+05 5.248879e+05 4.570965e+05 3.763933e+05 2.980249e+05 2.314236e+05 1.400460e+05 8.975202e+04 6.186571e+04 4.552618e+04 3.531886e+04 2.854948e+04 9.607328e+03 6.525848e+03 5.497026e+03 5.014698e+03
5.796396e+05 5.796396e+05 5.796396e+05 5.796395e+05 5.796395e+05 5.796366e+05 5.796256e+05 5.795658e+05 5.795143e+05 5.794483e+05 5.792765e+05 5.790588e+05 5.787986e+05 5.784782e+05 5.780439e+05 5.774002e+05 5.764167e+05 5.611294e+05 5.192504e+05 4.516501e+05 3.716071e+05 2.940912e+05 2.283128e+05 1.381416e+05 8.850988e+04 6.097806e+04 4.484722e+04 3.478020e+04 2.811522e+04 9.506600e+03 6.479933e+03 5.478947e+03 5.007402e+03
5.668743e+05 5.668743e+05 5.668743e+05 5.668743e+05 5.668744e+05 5.668753e+05 5.668764e+05 5.668750e+05 5.668720e+05 5.668671e+05 5.668489e+05 5.668141e+05 5.667503e+05 5.666270e+05 5.663817e+05 5.659139e+05 5.650920e+05 5.504811e+05 5.093937e+05 4.429519e+05 3.643442e+05 2.882925e+05 2.238040e+05 1.354438e+05 8.680146e+04 5.980175e+04 4.397714e+04 3.410530e+04 2.757748e+04 9.399604e+03 6.433879e+03 5.461104e+03 5.000305e+03
5.528087e+05 5.528087e+05 5.528087e+05 5.528087e+05 5.528085e+05 5.528041e+05 5.527900e+05 5.527332e+05 5.526905e+05 5.526387e+05 5.525100e+05 5.523518e+05 5.521629e+05 5.519218e+05 5.515734e+05 5.510233e+05 5.501445e+05 5.357408e+05 4.957714e+05 4.311784e+05 3.547414e+05 2.807764e+05 2.180486e+05 1.320749e+05 8.471089e+04 5.839405e+04 4.295711e+04 3.332554e+04 2.696078e+04 9.286633e+03 6.388205e+03 5.443618e+03 4.993439e+03
5.328345e+05 5.328345e+05 5.328345e+05 5.328344e+05 5.328344e+05 5.328338e+05 5.328316e+05 5.328223e+05 5.328143e+05 5.328032e+05 5.327693e+05 5.327160e+05 5.326347e+05 5.325001e+05 5.322562e+05 5.318113e+05 5.310428e+05 5.174705e+05 4.791521e+05 4.169907e+05 3.433012e+05 2.719140e+05 2.113207e+05 1.281892e+05 8.232877e+04 5.681154e+04 4.182551e+04 3.246921e+04 2.628721e+04 9.168326e+03 6.343485e+03 5.426613e+03 4.986840e+03
5.116305e+05 5.116305e+05 5.116305e+05 5.116305e+05 5.116305e+05 5.116287e+05 5.116232e+05 5.116015e+05 5.115855e+05 5.115662e+05 5.115181e+05 5.114573e+05 5.113786e+05 5.112592e+05 5.110458e+05 5.106495e+05 5.099517e+05 4.972152e+05 4.607635e+05 4.013458e+05 3.307312e+05 2.622083e+05 2.039732e+05 1.239640e+05 7.975069e+04 5.511025e+04 4.061843e+04 3.156188e+04 2.557636e+04 9.045610e+03 6.300364e+03 5.410223e+03 4.980542e+03
4.897966e+05 4.897966e+05 4.897966e+05 4.897966e+05 4.897966e+05 4.897959e+05 4.897939e+05 4.897852e+05 4.897785e+05 4.897700e+05 4.897474e+05 4.897160e+05 4.896700e+05 4.895873e+05 4.894169e+05 4.890744e+05 4.884466e+05 4.765060e+05 4.419013e+05 3.852542e+05 3.177725e+05 2.521818e+05 1.963681e+05 1.195762e+05 7.706943e+04 5.334314e+04 3.936900e+04 3.062641e+04 2.484542e+04 8.919647e+03 6.259651e+03 5.394586e+03 4.974583e+03
4.685481e+05 4.685481e+05 4.685481e+05 4.685481e+05 4.685482e+05 4.685487e+05 4.685504e+05 4.685560e+05 4.685592e+05 4.685624e+05 4.685677e+05 4.685704e+05 4.685642e+05 4.685274e+05 4.684105e+05 4.681317e+05 4.675821e+05 4.564237e+05 4.235553e+05 3.695248e+05 3.050340e+05 2.422709e+05 1.888118e+05 1.151784e+05 7.436612e+04 5.155692e+04 3.810640e+04 2.968268e+04 2.410916e+04 8.791778e+03 6.221940e+03 5.379845e+03 4.968999e+03
4.494782e+05 4.494782e+05 4.494782e+05 4.494782e+05 4.494782e+05 4.494782e+05 4.494781e+05 4.494774e+05 4.494766e+05 4.494752e+05 4.494710e+05 4.494641e+05 4.494493e+05 4.494064e+05 4.492885e+05 4.490176e+05 4.484896e+05 4.378229e+05 4.063878e+05 3.546727e+05 2.929072e+05 2.327650e+05 1.815148e+05 1.108830e+05 7.170410e+04 4.978956e+04 3.685493e+04 2.874742e+04 2.338004e+04 8.663467e+03 6.187019e+03 5.366148e+03 4.963826e+03
4.319535e+05 4.319535e+05 4.319535e+05 4.319535e+05 4.319535e+05 4.319534e+05 4.319529e+05 4.319499e+05 4.319474e+05 4.319442e+05 4.319356e+05 4.319237e+05 4.319040e+05 4.318571e+05 4.317384e+05 4.314729e+05 4.309609e+05 4.206990e+05 3.905032e+05 3.408427e+05 2.815379e+05 2.237933e+05 1.745847e+05 1.067591e+05 6.912721e+04 4.806954e+04 3.563376e+04 2.783421e+04 2.266828e+04 8.536241e+03 6.154813e+03 5.353650e+03 4.959103e+03
4.155199e+05 4.155199e+05 4.155199e+05 4.155199e+05 4.155199e+05 4.155202e+05 4.155213e+05 4.155253e+05 4.155281e+05 4.155312e+05 4.155378e+05 4.155432e+05 4.155415e+05 4.155128e+05 4.154133e+05 4.151704e+05 4.146877e+05 4.048281e+05 3.757563e+05 3.279606e+05 2.709054e+05 2.153678e+05 1.680494e+05 1.028399e+05 6.666246e+04 4.641681e+04 3.445739e+04 2.695376e+04 2.198211e+04 8.411627e+03 6.125315e+03 5.342511e+03 4.954867e+03
4.007240e+05 4.007240e+05 4.007240e+05 4.007240e+05 4.007240e+05 4.007231e+05 4.007202e+05 4.007084e+05 4.006998e+05 4.006894e+05 4.006644e+05 4.006344e+05 4.005957e+05 4.005311e+05 4.003992e+05 4.001310e+05 3.996340e+05 3.900116e+05 3.619365e+05 3.158699e+05 2.609169e+05 2.074444e+05 1.618955e+05 9.913707e+04 6.432526e+04 4.484489e+04 3.333651e+04 2.611435e+04 2.132811e+04 8.291106e+03 6.098547e+03 5.332902e+03 4.951157e+03
3.859137e+05 3.859137e+05 3.859137e+05 3.859137e+05 3.859137e+05 3.859134e+05 3.859125e+05 3.859090e+05 3.859064e+05 3.859035e+05 3.858960e+05 3.858858e+05 3.858680e+05 3.858248e+05 3.857159e+05 3.854741e+05 3.850103e+05 3.757932e+05 3.487746e+05 3.044120e+05 2.514832e+05 1.999778e+05 1.561041e+05 9.565447e+04 6.212509e+04 4.336323e+04 3.227913e+04 2.532247e+04 2.071148e+04 8.176066e+03 6.074545e+03 5.325015e+03 4.948012e+03
3.718599e+05 3.718599e+05 3.718599e+05 3.718599e+05 3.718599e+05 3.718598e+05 3.718595e+05 3.718581e+05 3.718569e+05 3.718555e+05 3.718516e+05 3.718459e+05 3.718341e+05 3.717993e+05 3.717028e+05 3.714800e+05 3.710448e+05 3.622365e+05 3.362739e+05 2.935748e+05 2.425933e+05 1.929625e+05 1.506749e+05 9.239825e+04 6.006971e+04 4.197921e+04 3.129153e+04 2.458325e+04 2.013641e+04 8.067775e+03 6.053350e+03 5.319086e+03 4.945472e+03
3.586992e+05 3.586992e+05 3.586992e+05 3.586993e+05 3.586993e+05 3.586995e+05 3.587003e+05 3.587025e+05 3.587038e+05 3.587051e+05 3.587077e+05 3.587097e+05 3.587068e+05 3.586827e+05 3.585998e+05 3.583959e+05 3.579879e+05 3.495593e+05 3.245867e+05 2.834534e+05 2.343034e+05 1.864319e+05 1.456289e+05 8.937962e+04 5.816722e+04 4.069928e+04 3.037895e+04 2.390089e+04 1.960630e+04 7.967352e+03 6.035006e+03 5.315365e+03 4.943576e+03
3.467004e+05 3.467004e+05 3.467004e+05 3.467004e+05 3.467004e+05 3.467004e+05 3.467004e+05 3.467004e+05 3.467006e+05 3.467008e+05 3.467017e+05 3.467030e+05 3.467007e+05 3.466792e+05 3.466024e+05 3.464101e+05 3.460219e+05 3.379236e+05 3.138499e+05 2.741510e+05 2.266845e+05 1.804325e+05 1.409966e+05 8.661295e+04 5.642612e+04 3.952942e+04 2.954588e+04 2.327890e+04 1.912394e+04 7.875755e+03 6.019556e+03 5.313713e+03 4.942368e+03
3.357836e+05 3.357836e+05 3.357836e+05 3.357836e+05 3.357837e+05 3.357841e+05 3.357854e+05 3.357903e+05 3.357938e+05 3.357980e+05 3.358077e+05 3.358187e+05 3.358267e+05 3.358163e+05 3.357523e+05 3.355764e+05 3.352106e+05 3.274179e+05 3.041509e+05 2.657416e+05 2.197935e+05 1.750051e+05 1.368065e+05 8.411253e+04 5.485460e+04 3.847502e+04 2.879624e+04 2.272024e+04 1.869159e+04 7.793777e+03 6.007041e+03 5.313992e+03 4.941889e+03
3.262334e+05 3.262334e+05 3.262334e+05 3.262334e+05 3.262334e+05 3.262335e+05 3.262339e+05 3.262354e+05 3.262366e+05 3.262381e+05 3.262423e+05 3.262479e+05 3.262513e+05 3.262380e+05 3.261739e+05 3.260026e+05 3.256481e+05 3.181001e+05 2.955375e+05 2.582680e+05 2.136665e+05 1.701784e+05 1.330802e+05 8.189043e+04 5.345984e+04 3.754079e+04 2.813334e+04 2.222733e+04 1.831108e+04 7.722046e+03 5.997497e+03 5.316101e+03 4.942186e+03
3.177620e+05 3.177620e+05 3.177620e+05 3.177620e+05 3.177620e+05 3.177625e+05 3.177640e+05 3.177699e+05 3.177743e+05 3.177794e+05 3.177920e+05 3.178067e+05 3.178197e+05 3.178165e+05 3.177636e+05 3.176059e+05 3.172696e+05 3.099594e+05 2.880207e+05 2.517492e+05 2.083237e+05 1.659705e+05 1.298327e+05 7.995600e+04 5.224768e+04 3.673059e+04 2.755986e+04 2.180210e+04 1.798380e+04 7.661028e+03 5.990951e+03 5.319949e+03 4.943311e+03
3.106364e+05 3.106364e+05 3.106364e+05 3.106364e+05 3.106364e+05 3.106367e+05 3.106375e+05 3.106408e+05 3.106433e+05 3.106464e+05 3.106547e+05 3.106653e+05 3.106751e+05 3.106700e+05 3.106178e+05 3.104646e+05 3.101383e+05 3.030213e+05 2.816182e+05 2.462015e+05 2.037803e+05 1.623946e+05 1.270749e+05 7.831618e+04 5.122259e+04 3.604737e+04 2.707783e+04 2.144593e+04 1.771071e+04 7.611034e+03 5.987424e+03 5.325450e+03 4.945324e+03
3.046237e+05 3.046237e+05 3.046237e+05 3.046237e+05 3.046238e+05 3.046245e+05 3.046267e+05 3.046354e+05 3.046417e+05 3.046492e+05 3.046674e+05 3.046893e+05 3.047111e+05 3.047187e+05 3.046801e+05 3.045422e+05 3.042342e+05 2.973065e+05 2.763541e+05 2.416434e+05 2.000495e+05 1.594606e+05 1.248145e+05 7.697595e+04 5.038779e+04 3.549326e+04 2.668861e+04 2.115970e+04 1.749235e+04 7.572233e+03 5.986926e+03 5.332519e+03 4.948305e+03
3.001339e+05 3.001339e+05 3.001339e+05 3.001339e+05 3.001339e+05 3.001342e+05 3.001350e+05 3.001389e+05 3.001421e+05 3.001462e+05 3.001573e+05 3.001718e+05 3.001864e+05 3.001876e+05 3.001440e+05 3.000035e+05 2.996966e+05 2.928709e+05 2.722504e+05 2.380854e+05 1.971382e+05 1.571741e+05 1.230563e+05 7.593868e+04 4.974540e+04 3.506949e+04 2.639289e+04 2.094374e+04 1.732879e+04 7.544662e+03 5.989455e+03 5.341066e+03 4.952369e+03
2.967439e+05 2.967439e+05 2.967439e+05 2.967440e+05 2.967440e+05 2.967446e+05 2.967464e+05 2.967533e+05 2.967584e+05 2.967645e+05 2.967800e+05 2.967994e+05 2.968192e+05 2.968260e+05 2.967886e+05 2.966556e+05 2.963578e+05 2.896367e+05 2.692737e+05 2.355151e+05 1.950438e+05 1.555364e+05 1.218030e+05 7.520657e+04 4.929658e+04 3.477649e+04 2.619066e+04 2.079779e+04 1.721966e+04 7.528238e+03 5.994997e+03 5.351005e+03 4.957450e+03
2.945913e+05 2.945913e+05 2.945913e+05 2.945913e+05 2.945913e+05 2.945921e+05 2.945946e+05 2.946039e+05 2.946106e+05 2.946184e+05 2.946378e+05 2.946613e+05 2.946855e+05 2.946969e+05 2.946647e+05 2.945376e+05 2.942471e+05 2.876033e+05 2.674193e+05 2.339320e+05 1.937695e+05 1.545520e+05 1.210584e+05 7.478117e+04 4.904147e+04 3.461374e+04 2.608114e+04 2.072098e+04 1.716407e+04 7.522773e+03 6.003522e+03 5.362246e+03 4.963428e+03
2.937681e+05 2.937681e+05 2.937681e+05 2.937681e+05 2.937681e+05 2.937684e+05 2.937695e+05 2.937739e+05 2.937773e+05 2.937817e+05 2.937938e+05 2.938104e+05 2.938288e+05 2.938359e+05 2.938013e+05 2.936739e+05 2.933856e+05 2.867909e+05 2.667118e+05 2.333594e+05 1.933325e+05 1.542316e+05 1.208282e+05 7.466307e+04 4.897886e+04 3.457958e+04 2.606264e+04 2.071176e+04 1.716062e+04 7.527981e+03 6.014987e+03 5.374696e+03 4.970210e+03
2.939765e+05 2.939765e+05 2.939765e+05 2.939765e+05 2.939765e+05 2.939776e+05 2.939810e+05 2.939947e+05 2.940049e+05 2.940173e+05 2.940485e+05 2.940874e+05 2.941298e+05 2.941618e+05 2.941520e+05 2.940488e+05 2.937835e+05 2.872753e+05 2.672242e+05 2.338462e+05 1.937598e+05 1.545875e+05 1.211166e+05 7.485010e+04 4.910549e+04 3.467087e+04 2.613245e+04 2.076781e+04 1.720737e+04 7.543498e+03 6.029335e+03 5.388265e+03 4.977717e+03
2.961576e+05 2.961576e+05 2.961576e+05 2.961576e+05 2.961576e+05 2.961583e+05 2.961605e+05 2.961691e+05 2.961756e+05 2.961836e+05 2.962040e+05 2.962305e+05 2.962595e+05 2.962780e+05 2.962546e+05 2.961380e+05 2.958588e+05 2.892597e+05 2.690446e+05 2.354248e+05 1.950586e+05 1.556166e+05 1.219167e+05 7.533470e+04 4.941512e+04 3.488271e+04 2.628670e+04 2.088606e+04 1.730182e+04 7.568892e+03 6.046493e+03 5.402859e+03 4.985870e+03
2.996367e+05 2.996367e+05 2.996367e+05 2.996367e+05 2.996368e+05 2.996373e+05 2.996391e+05 2.996462e+05 2.996516e+05 2.996582e+05 2.996753e+05 2.996970e+05 2.997200e+05 2.997309e+05 2.996982e+05 2.995702e+05 2.992772e+05 2.925463e+05 2.720543e+05 2.380218e+05 1.971813e+05 1.572860e+05 1.232042e+05 7.610220e+04 4.989795e+04 3.520818e+04 2.652029e+04 2.106261e+04 1.744093e+04 7.603673e+03 6.066372e+03 5.418386e+03 4.994596e+03
3.040316e+05 3.040316e+05 3.040316e+05 3.040316e+05 3.040316e+05 3.040322e+05 3.040340e+05 3.040415e+05 3.040475e+05 3.040549e+05 3.040744e+05 3.040995e+05 3.041267e+05 3.041423e+05 3.041144e+05 3.039899e+05 3.036979e+05 2.968870e+05 2.760880e+05 2.415287e+05 2.000545e+05 1.595442e+05 1.249420e+05 7.713131e+04 5.054073e+04 3.563840e+04 2.682693e+04 2.129286e+04 1.762119e+04 7.647311e+03 6.088873e+03 5.434753e+03 5.003820e+03
3.094972e+05 3.094972e+05 3.094972e+05 3.094973e+05 3.094973e+05 3.094982e+05 3.095011e+05 3.095128e+05 3.095215e+05 3.095321e+05 3.095588e+05 3.095920e+05 3.096278e+05 3.096518e+05 3.096311e+05 3.095115e+05 3.092207e+05 3.023011e+05 2.811076e+05 2.458824e+05 2.036133e+05 1.623351e+05 1.270851e+05 7.839522e+04 5.132707e+04 3.616275e+04 2.719936e+04 2.157156e+04 1.783871e+04 7.699246e+03 6.113880e+03 5.451868e+03 5.013470e+03
3.163373e+05 3.163373e+05 3.163373e+05 3.163373e+05 3.163373e+05 3.163379e+05 3.163397e+05 3.163468e+05 3.163521e+05 3.163587e+05 3.163754e+05 3.163968e+05 3.164192e+05 3.164285e+05 3.163913e+05 3.162525e+05 3.159383e+05 3.087814e+05 2.870473e+05 2.509961e+05 2.077743e+05 1.655888e+05 1.295788e+05 7.986227e+04 5.223813e+04 3.676932e+04 2.762958e+04 2.189310e+04 1.808936e+04 7.758896e+03 6.141267e+03 5.469639e+03 5.023472e+03
3.239128e+05 3.239128e+05 3.239128e+05 3.239128e+05 3.239128e+05 3.239131e+05 3.239142e+05 3.239187e+05 3.239222e+05 3.239266e+05 3.239380e+05 3.239526e+05 3.239667e+05 3.239656e+05 3.239153e+05 3.237596e+05 3.234229e+05 3.160087e+05 2.936703e+05 2.566958e+05 2.124107e+05 1.692139e+05 1.323572e+05 8.149710e+04 5.325355e+04 3.744546e+04 2.810921e+04 2.225163e+04 1.836890e+04 7.825673e+03 6.170896e+03 5.487976e+03 5.033755e+03
3.318010e+05 3.318010e+05 3.318010e+05 3.318010e+05 3.318010e+05 3.318014e+05 3.318024e+05 3.318067e+05 3.318099e+05 3.318139e+05 3.318243e+05 3.318375e+05 3.318497e+05 3.318460e+05 3.317916e+05 3.316287e+05 3.312799e+05 3.236542e+05 3.007231e+05 2.627947e+05 2.173886e+05 1.731153e+05 1.353526e+05 8.326380e+04 5.435275e+04 3.817848e+04 2.862994e+04 2.264142e+04 1.867322e+04 7.898988e+03 6.202620e+03 5.506789e+03 5.044248e+03
3.399188e+05 3.399188e+05 3.399188e+05 3.399188e+05 3.399188e+05 3.399193e+05 3.399209e+05 3.399273e+05 3.399320e+05 3.399378e+05 3.399524e+05 3.399705e+05 3.399878e+05 3.399888e+05 3.399373e+05 3.397739e+05 3.394193e+05 3.316034e+05 3.080786e+05 2.691730e+05 2.226074e+05 1.772142e+05 1.385053e+05 8.512903e+04 5.551634e+04 3.895639e+04 2.918392e+04 2.305708e+04 1.899843e+04 7.978262e+03 6.236281e+03 5.525991e+03 5.054882e+03
3.484910e+05 3.484910e+05 3.484910e+05 3.484910e+05 3.484911e+05 3.484913e+05 3.484919e+05 3.484947e+05 3.484968e+05 3.484995e+05 3.485069e+05 3.485165e+05 3.485243e+05 3.485145e+05 3.484507e+05 3.482720e+05 3.478972e+05 3.398320e+05 3.156712e+05 2.757527e+05 2.279933e+05 1.814484e+05 1.417662e+05 8.706367e+04 5.672702e+04 3.976846e+04 2.976412e+04 2.349377e+04 1.934107e+04 8.062927e+03 6.271714e+03 5.545492e+03 5.065588e+03
3.570906e+05 3.570906e+05 3.570906e+05 3.570906e+05 3.570906e+05 3.570908e+05 3.570914e+05 3.570941e+05 3.570961e+05 3.570987e+05 3.571057e+05 3.571146e+05 3.571213e+05 3.571097e+05 3.570424e+05 3.568570e+05 3.564703e+05 3.481846e+05 3.233934e+05 2.824504e+05 2.334789e+05 1.857639e+05 1.450928e+05 8.904287e+04 5.797014e+04 4.060563e+04 3.036464e+04 2.394743e+04 1.969818e+04 8.152434e+03 6.308748e+03 5.565210e+03 5.076299e+03
3.656799e+05 3.656799e+05 3.656799e+05 3.656799e+05 3.656799e+05 3.656804e+05 3.656817e+05 3.656870e+05 3.656910e+05 3.656959e+05 3.657082e+05 3.657231e+05 3.657362e+05 3.657304e+05 3.656669e+05 3.654816e+05 3.650890e+05 3.565990e+05 3.311740e+05 2.891962e+05 2.390033e+05 1.901119e+05 1.484480e+05 9.104616e+04 5.923405e+04 4.146085e+04 3.098090e+04 2.441487e+04 2.006744e+04 8.246254e+03 6.347205e+03 5.585058e+03 5.086949e+03
3.745592e+05 3.745592e+05 3.745592e+05 3.745592e+05 3.745592e+05 3.745591e+05 3.745589e+05 3.745584e+05 3.745582e+05 3.745582e+05 3.745590e+05 3.745604e+05 3.745582e+05 3.745353e+05 3.744526e+05 3.742446e+05 3.738241e+05 3.650421e+05 3.389385e+05 2.959138e+05 2.445046e+05 1.944474e+05 1.518005e+05 9.305824e+04 6.051070e+04 4.232938e+04 3.160978e+04 2.489387e+04 2.044712e+04 8.343875e+03 6.386903e+03 5.604955e+03 5.097476e+03
3.830525e+05 3.830525e+05 3.830525e+05 3.830525e+05 3.830525e+05 3.830524e+05 3.830522e+05 3.830513e+05 3.830506e+05 3.830498e+05 3.830481e+05 3.830459e+05 3.830390e+05 3.830102e+05 3.829193e+05 3.826999e+05 3.822627e+05 3.732442e+05 3.465184e+05 3.025015e+05 2.499229e+05 1.987353e+05 1.551295e+05 9.507109e+04 6.179627e+04 4.320896e+04 3.224969e+04 2.538315e+04 2.083614e+04 8.444805e+03 6.427656e+03 5.624819e+03 5.107817e+03
3.909731e+05 3.909731e+05 3.909731e+05 3.909731e+05 3.909731e+05 3.909733e+05 3.909741e+05 3.909769e+05 3.909791e+05 3.909817e+05 3.909882e+05 3.909957e+05 3.909995e+05 3.909818e+05 3.909013e+05 3.906896e+05 3.902557e+05 3.811047e+05 3.538566e+05 3.089321e+05 2.552480e+05 2.029734e+05 1.584358e+05 9.708643e+04 6.309173e+04 4.409987e+04 3.290049e+04 2.588232e+04 2.123396e+04 8.548564e+03 6.469273e+03 5.644571e+03 5.117914e+03
3.988241e+05 3.988241e+05 3.988241e+05 3.988241e+05 3.988241e+05 3.988244e+05 3.988251e+05 3.988284e+05 3.988310e+05 3.988342e+05 3.988426e+05 3.988529e+05 3.988606e+05 3.988474e+05 3.987714e+05 3.985628e+05 3.981285e+05 3.888455e+05 3.610994e+05 3.153008e+05 2.605414e+05 2.072015e+05 1.617456e+05 9.911584e+04 6.440244e+04 4.500460e+04 3.356322e+04 2.639167e+04 2.164046e+04 8.654683e+03 6.511563e+03 5.664132e+03 5.127710e+03
4.068125e+05 4.068125e+05 4.068125e+05 4.068125e+05 4.068125e+05 4.068129e+05 4.068141e+05 4.068191e+05 4.068228e+05 4.068273e+05 4.068387e+05 4.068528e+05 4.068647e+05 4.068559e+05 4.067835e+05 4.065764e+05 4.061395e+05 3.967057e+05 3.684395e+05 3.217483e+05 2.658997e+05 2.114837e+05 1.651008e+05 1.011776e+05 6.573680e+04 4.592712e+04 3.423972e+04 2.691192e+04 2.205575e+04 8.762699e+03 6.554331e+03 5.683425e+03 5.137152e+03
4.151383e+05 4.151383e+05 4.151383e+05 4.151383e+05 4.151383e+05 4.151387e+05 4.151401e+05 4.151454e+05 4.151493e+05 4.151542e+05 4.151663e+05 4.151813e+05 4.151942e+05 4.151862e+05 4.151135e+05 4.149036e+05 4.144595e+05 4.048462e+05 3.760212e+05 3.283930e+05 2.714122e+05 2.158837e+05 1.685452e+05 1.032920e+05 6.710427e+04 4.687195e+04 3.493206e+04 2.744391e+04 2.248001e+04 8.872149e+03 6.597382e+03 5.702377e+03 5.146188e+03
4.238365e+05 4.238365e+05 4.238365e+05 4.238366e+05 4.238366e+05 4.238370e+05 4.238383e+05 4.238436e+05 4.238476e+05 4.238525e+05 4.238648e+05 4.238802e+05 4.238938e+05 4.238862e+05 4.238130e+05 4.236000e+05 4.231482e+05 4.133454e+05 3.839306e+05 3.353160e+05 2.771465e+05 2.204529e+05 1.721160e+05 1.054770e+05 6.851340e+04 4.784308e+04 3.564204e+04 2.798828e+04 2.291327e+04 8.982567e+03 6.640520e+03 5.720914e+03 5.154769e+03
4.329394e+05 4.329394e+05 4.329394e+05 4.329394e+05 4.329394e+05 4.329399e+05 4.329416e+05 4.329482e+05 4.329532e+05 4.329592e+05 4.329745e+05 4.329934e+05 4.330107e+05 4.330068e+05 4.329359e+05 4.327223e+05 4.322648e+05 4.222695e+05 3.922343e+05 3.425773e+05 2.831518e+05 2.252288e+05 1.758403e+05 1.077458e+05 6.997033e+04 4.884321e+04 3.637063e+04 2.854514e+04 2.335521e+04 9.093479e+03 6.683550e+03 5.738963e+03 5.162852e+03
4.426013e+05 4.426013e+05 4.426013e+05 4.426013e+05 4.426013e+05 4.426019e+05 4.426035e+05 4.426102e+05 4.426151e+05 4.426212e+05 4.426366e+05 4.426557e+05 4.426733e+05 4.426694e+05 4.425972e+05 4.423793e+05 4.419122e+05 4.316975e+05 4.009922e+05 3.502216e+05 2.894604e+05 2.302342e+05 1.797337e+05 1.101052e+05 7.147770e+04 4.987305e+04 3.711763e+04 2.911388e+04 2.380505e+04 9.204402e+03 6.726278e+03 5.756457e+03 5.170392e+03
4.528313e+05 4.528313e+05 4.528313e+05 4.528313e+05 4.528314e+05 4.528319e+05 4.528335e+05 4.528401e+05 4.528451e+05 4.528511e+05 4.528664e+05 4.528854e+05 4.529028e+05 4.528979e+05 4.528231e+05 4.525989e+05 4.521196e+05 4.416577e+05 4.102258e+05 3.582625e+05 2.960800e+05 2.354727e+05 1.837976e+05 1.125544e+05 7.303401e+04 5.093093e+04 3.788142e+04 2.969300e+04 2.426142e+04 9.314845e+03 6.768512e+03 5.773327e+03 5.177350e+03
4.636062e+05 4.636062e+05 4.636062e+05 4.636062e+05 4.636062e+05 4.636067e+05 4.636084e+05 4.636149e+05 4.636197e+05 4.636255e+05 4.636400e+05 4.636578e+05 4.636733e+05 4.636655e+05 4.635854e+05 4.633519e+05 4.628567e+05 4.521172e+05 4.199032e+05 3.666720e+05 3.029873e+05 2.409258e+05 1.880174e+05 1.150844e+05 7.463331e+04 5.201264e+04 3.865886e+04 3.028004e+04 2.472235e+04 9.424305e+03 6.810063e+03 5.789508e+03 5.183690e+03
4.748217e+05 4.748217e+05 4.748217e+05 4.748217e+05 4.748218e+05 4.748222e+05 4.748234e+05 4.748284e+05 4.748321e+05 4.748367e+05 4.748483e+05 4.748625e+05 4.748738e+05 4.748607e+05 4.747731e+05 4.745279e+05 4.740142e+05 4.629763e+05 4.299393e+05 3.753815e+05 3.101295e+05 2.465537e+05 1.923635e+05 1.176783e+05 7.626531e+04 5.311148e+04 3.944529e+04 3.087161e+04 2.518524e+04 9.532275e+03 6.850746e+03 5.804938e+03 5.189378e+03
4.862906e+05 4.862906e+05 4.862906e+05 4.862906e+05 4.862906e+05 4.862910e+05 4.862923e+05 4.862971e+05 4.863006e+05 4.863048e+05 4.863154e+05 4.863282e+05 4.863374e+05 4.863210e+05 4.862276e+05 4.859722e+05 4.854411e+05 4.741015e+05 4.402199e+05 3.842972e+05 3.174327e+05 2.523002e+05 1.967935e+05 1.203122e+05 7.791591e+04 5.421855e+04 4.023474e+04 3.146351e+04 2.564702e+04 9.638246e+03 6.890380e+03 5.819556e+03 5.194383e+03
4.979185e+05 4.979185e+05 4.979185e+05 4.979185e+05 4.979185e+05 4.979188e+05 4.979198e+05 4.979234e+05 4.979262e+05 4.979295e+05 4.979380e+05 4.979483e+05 4.979544e+05 4.979337e+05 4.978337e+05 4.975671e+05 4.970177e+05 4.853690e+05 4.506263e+05 3.933142e+05 3.248103e+05 2.580973e+05 2.012559e+05 1.229568e+05 7.956790e+04 5.532317e+04 4.102022e+04 3.205088e+04 2.610418e+04 9.741712e+03 6.928793e+03 5.833305e+03 5.198677e+03
5.095754e+05 5.095754e+05 5.095754e+05 5.095754e+05 5.095754e+05 5.095757e+05 5.095766e+05 5.095799e+05 5.095822e+05 5.095849e+05 5.095915e+05 5.095989e+05 5.096011e+05 5.095750e+05 5.094667e+05 5.091871e+05 5.086171e+05 4.966454e+05 4.610266e+05 4.023131e+05 3.321626e+05 2.638664e+05 2.056907e+05 1.255786e+05 8.120191e+04 5.641348e+04 4.179403e+04 3.262850e+04 2.655300e+04 9.842176e+03 6.965816e+03 5.846132e+03 5.202236e+03
5.210909e+05 5.210909e+05 5.210909e+05 5.210909e+05 5.210909e+05 5.210910e+05 5.210912e+05 5.210922e+05 5.210929e+05 5.210938e+05 5.210961e+05 5.210982e+05 5.210943e+05 5.210604e+05 5.209417e+05 5.206469e+05 5.200543e+05 5.077510e+05 4.712550e+05 4.111505e+05 3.393736e+05 2.695185e+05 2.100316e+05 1.281414e+05 8.279748e+04 5.747717e+04 4.254826e+04 3.319099e+04 2.698966e+04 9.939159e+03 7.001292e+03 5.857984e+03 5.205037e+03
5.322093e+05 5.322093e+05 5.322093e+05 5.322093e+05 5.322093e+05 5.322094e+05 5.322096e+05 5.322102e+05 5.322105e+05 5.322106e+05 5.322104e+05 5.322088e+05 5.321994e+05 5.321581e+05 5.320287e+05 5.317181e+05 5.311019e+05 5.184663e+05 4.811128e+05 4.196610e+05 3.463150e+05 2.749586e+05 2.142100e+05 1.306092e+05 8.433459e+04 5.850223e+04 4.327524e+04 3.373317e+04 2.741050e+04 1.003220e+04 7.035071e+03 5.868814e+03 5.207061e+03
5.427034e+05 5.427034e+05 5.427034e+05 5.427034e+05 5.427034e+05 5.427031e+05 5.427023e+05 5.426992e+05 5.426968e+05 5.426939e+05 5.426865e+05 5.426763e+05 5.426570e+05 5.426042e+05 5.424607e+05 5.421317e+05 5.414906e+05 5.285384e+05 4.903855e+05 4.276767e+05 3.528623e+05 2.800974e+05 2.181626e+05 1.329493e+05 8.579518e+04 5.947784e+04 4.396800e+04 3.425028e+04 2.781214e+04 1.012088e+04 7.067014e+03 5.878579e+03 5.208292e+03
5.521696e+05 5.521696e+05 5.521696e+05 5.521696e+05 5.521696e+05 5.521693e+05 5.521685e+05 5.521653e+05 5.521629e+05 5.521601e+05 5.521529e+05 5.521430e+05 5.521240e+05 5.520709e+05 5.519253e+05 5.515906e+05 5.509380e+05 5.377492e+05 4.989060e+05 4.350715e+05 3.589229e+05 2.848679e+05 2.218410e+05 1.351363e+05 8.716464e+04 6.039500e+04 4.462064e+04 3.473827e+04 2.819162e+04 1.020481e+04 7.096992e+03 5.887237e+03 5.208715e+03
5.606901e+05 5.606901e+05 5.606901e+05 5.606901e+05 5.606901e+05 5.606900e+05 5.606894e+05 5.606872e+05 5.606856e+05 5.606835e+05 5.606783e+05 5.606708e+05 5.606543e+05 5.606033e+05 5.604586e+05 5.601221e+05 5.594625e+05 5.460822e+05 5.066384e+05 4.418036e+05 3.644569e+05 2.892360e+05 2.252178e+05 1.371532e+05 8.843261e+04 6.124702e+04 4.522859e+04 3.519386e+04 2.854656e+04 1.028363e+04 7.124889e+03 5.894754e+03 5.208320e+03
5.684237e+05 5.684237e+05 5.684237e+05 5.684237e+05 5.684237e+05 5.684235e+05 5.684229e+05 5.684207e+05 5.684190e+05 5.684169e+05 5.684115e+05 5.684037e+05 5.683869e+05 5.683350e+05 5.681882e+05 5.678469e+05 5.671782e+05 5.536133e+05 5.136234e+05 4.478877e+05 3.694639e+05 2.931945e+05 2.282837e+05 1.389916e+05 8.959294e+04 6.202950e+04 4.578867e+04 3.561469e+04 2.887513e+04 1.035705e+04 7.150600e+03 5.901096e+03 5.207096e+03
5.753915e+05 5.753915e+05 5.753915e+05 5.753915e+05 5.753915e+05 5.753913e+05 5.753906e+05 5.753878e+05 5.753858e+05 5.753833e+05 5.753768e+05 5.753677e+05 5.753493e+05 5.752954e+05 5.751452e+05 5.747981e+05 5.741196e+05 5.603801e+05 5.198926e+05 4.533455e+05 3.739561e+05 2.967486e+05 2.310395e+05 1.406495e+05 9.064309e+04 6.274021e+04 4.629903e+04 3.599924e+04 2.917609e+04 1.042480e+04 7.174035e+03 5.906235e+03 5.205039e+03
5.815658e+05 5.815658e+05 5.815658e+05 5.815658e+05 5.815658e+05 5.815656e+05 5.815649e+05 5.815621e+05 5.815600e+05 5.815575e+05 5.815509e+05 5.815416e+05 5.815227e+05 5.814679e+05 5.813157e+05 5.809644e+05 5.802779e+05 5.663860e+05 5.254577e+05 4.581908e+05 3.779457e+05 2.999071e+05 2.334913e+05 1.421287e+05 9.158328e+04 6.337869e+04 4.675899e+04 3.634679e+04 2.944876e+04 1.048668e+04 7.195116e+03 5.910148e+03 5.202144e+03
5.869663e+05 5.869663e+05 5.869663e+05 5.869663e+05 5.869662e+05 5.869660e+05 5.869653e+05 5.869625e+05 5.869603e+05 5.869577e+05 5.869509e+05 5.869415e+05 5.869223e+05 5.868668e+05 5.867131e+05 5.863583e+05 5.856652e+05 5.716426e+05 5.303322e+05 4.624388e+05 3.814472e+05 3.026828e+05 2.356488e+05 1.434344e+05 9.241587e+04 6.394590e+04 4.716882e+04 3.665729e+04 2.969291e+04 1.054254e+04 7.213778e+03 5.912816e+03 5.198408e+03
5.916167e+05 5.916167e+05 5.916167e+05 5.916167e+05 5.916167e+05 5.916164e+05 5.916157e+05 5.916128e+05 5.916106e+05 5.916080e+05 5.916011e+05 5.915915e+05 5.915722e+05 5.915162e+05 5.913613e+05 5.910039e+05 5.903056e+05 5.761750e+05 5.345418e+05 4.661144e+05 3.844827e+05 3.050935e+05 2.375260e+05 1.445741e+05 9.314484e+04 6.444389e+04 4.752954e+04 3.693120e+04 2.990873e+04 1.059227e+04 7.229971e+03 5.914223e+03 5.193833e+03
5.955409e+05 5.955409e+05 5.955409e+05 5.955409e+05 5.955409e+05 5.955407e+05 5.955402e+05 5.955380e+05 5.955362e+05 5.955341e+05 5.955285e+05 5.955205e+05 5.955031e+05 5.954490e+05 5.952955e+05 5.949384e+05 5.942383e+05 5.800289e+05 5.381321e+05 4.692576e+05 3.870847e+05 3.071641e+05 2.391412e+05 1.455577e+05 9.377530e+04 6.487543e+04 4.784269e+04 3.716939e+04 3.009670e+04 1.063580e+04 7.243656e+03 5.914359e+03 5.188421e+03
5.988582e+05 5.988582e+05 5.988582e+05 5.988582e+05 5.988582e+05 5.988581e+05 5.988576e+05 5.988557e+05 5.988542e+05 5.988525e+05 5.988479e+05 5.988411e+05 5.988252e+05 5.987728e+05 5.986207e+05 5.982640e+05 5.975627e+05 5.832892e+05 5.411733e+05 4.719240e+05 3.892949e+05 3.089251e+05 2.405161e+05 1.463958e+05 9.431297e+04 6.524370e+04 4.811012e+04 3.737298e+04 3.025751e+04 1.067312e+04 7.254811e+03 5.913217e+03 5.182177e+03
6.016691e+05 6.016691e+05 6.016691e+05 6.016691e+05 6.016691e+05 6.016689e+05 6.016685e+05 6.016665e+05 6.016650e+05 6.016633e+05 6.016587e+05 6.016522e+05 6.016366e+05 6.015845e+05 6.014325e+05 6.010752e+05 6.003718e+05 5.860406e+05 5.437379e+05 4.741711e+05 3.911565e+05 3.104070e+05 2.416721e+05 1.470992e+05 9.476346e+04 6.555190e+04 4.833378e+04 3.754321e+04 3.039198e+04 1.070424e+04 7.263422e+03 5.910796e+03 5.175106e+03
