1.821665e+06 8.982758e+05 6.996447e+05 4.818346e+05 4.338282e+05 3.679656e+05 3.647863e+05 3.555670e+05 3.496046e+05 3.439132e+05 3.342426e+05 3.270033e+05 3.218835e+05 3.185123e+05 3.165781e+05 3.158346e+05 3.160869e+05 3.275023e+05 3.475695e+05 3.704310e+05 3.950264e+05 4.221473e+05 4.524163e+05 5.212699e+05 5.943564e+05 6.605719e+05 7.100070e+05 7.380683e+05 7.461163e+05 5.877946e+05 6.374622e+05 7.742995e+05 8.991127e+05
3.665050e+05 3.665059e+05 3.665084e+05 3.665567e+05 3.666067e+05 3.642865e+05 3.620144e+05 3.492081e+05 3.439126e+05 3.388783e+05 3.303559e+05 3.240256e+05 3.196191e+05 3.168149e+05 3.153393e+05 3.149730e+05 3.155398e+05 3.279272e+05 3.483722e+05 3.713171e+05 3.958870e+05 4.229615e+05 4.531858e+05 5.219523e+05 5.949560e+05 6.610999e+05 7.104614e+05 7.384348e+05 7.463845e+05 5.877763e+05 6.377178e+05 7.746825e+05 8.994902e+05
3.565808e+05 3.565810e+05 3.565813e+05 3.565865e+05 3.565856e+05 3.545942e+05 3.503839e+05 3.419105e+05 3.354756e+05 3.309422e+05 3.246785e+05 3.200036e+05 3.167337e+05 3.147463e+05 3.138847e+05 3.139964e+05 3.149450e+05 3.284278e+05 3.492553e+05 3.722648e+05 3.967917e+05 4.238080e+05 4.539801e+05 5.226508e+05 5.955670e+05 6.616369e+05 7.109226e+05 7.388060e+05 7.466553e+05 5.877579e+05 6.379754e+05 7.750675e+05 8.998690e+05
3.381143e+05 3.381144e+05 3.381145e+05 3.381169e+05 3.381272e+05 3.378583e+05 3.349517e+05 3.325256e+05 3.298343e+05 3.257666e+05 3.188779e+05 3.153672e+05 3.133800e+05 3.123777e+05 3.122559e+05 3.129335e+05 3.143247e+05 3.290131e+05 3.502224e+05 3.732747e+05 3.977400e+05 4.246860e+05 4.547984e+05 5.233648e+05 5.961894e+05 6.621826e+05 7.113904e+05 7.391817e+05 7.469285e+05 5.877395e+05 6.382351e+05 7.754543e+05 9.002491e+05
3.250531e+05 3.250531e+05 3.250532e+05 3.250560e+05 3.250622e+05 3.249820e+05 3.237067e+05 3.209282e+05 3.210492e+05 3.202312e+05 3.158707e+05 3.119110e+05 3.101800e+05 3.099680e+05 3.105773e+05 3.118520e+05 3.137198e+05 3.296924e+05 3.512760e+05 3.743469e+05 3.987308e+05 4.255943e+05 4.556397e+05 5.240939e+05 5.968227e+05 6.627369e+05 7.118648e+05 7.395619e+05 7.472041e+05 5.877209e+05 6.384967e+05 7.758431e+05 9.006305e+05
3.156223e+05 3.156223e+05 3.156224e+05 3.156250e+05 3.156314e+05 3.156782e+05 3.152376e+05 3.127170e+05 3.127321e+05 3.132955e+05 3.128423e+05 3.104478e+05 3.085435e+05 3.081451e+05 3.091399e+05 3.109019e+05 3.132142e+05 3.304764e+05 3.524181e+05 3.754805e+05 3.997628e+05 4.265315e+05 4.565029e+05 5.248373e+05 5.974665e+05 6.632996e+05 7.123457e+05 7.399464e+05 7.474820e+05 5.877024e+05 6.387604e+05 7.762339e+05 9.010132e+05
3.090845e+05 3.090845e+05 3.090846e+05 3.090867e+05 3.090925e+05 3.091806e+05 3.091085e+05 3.074694e+05 3.070332e+05 3.074736e+05 3.090577e+05 3.091289e+05 3.082554e+05 3.078531e+05 3.085326e+05 3.103699e+05 3.129652e+05 3.313807e+05 3.536502e+05 3.766739e+05 4.008338e+05 4.274960e+05 4.573866e+05 5.255943e+05 5.981206e+05 6.638705e+05 7.128330e+05 7.403353e+05 7.477622e+05 5.876837e+05 6.390261e+05 7.766266e+05 9.013973e+05
3.047838e+05 3.047838e+05 3.047838e+05 3.047856e+05 3.047907e+05 3.048892e+05 3.049711e+05 3.041294e+05 3.035965e+05 3.036705e+05 3.055380e+05 3.074412e+05 3.081878e+05 3.084945e+05 3.092266e+05 3.107796e+05 3.132435e+05 3.324301e+05 3.549746e+05 3.779253e+05 4.019414e+05 4.284855e+05 4.582892e+05 5.263641e+05 5.987844e+05 6.644494e+05 7.133265e+05 7.407283e+05 7.480445e+05 5.876650e+05 6.392939e+05 7.770213e+05 9.017827e+05
3.021405e+05 3.021405e+05 3.021406e+05 3.021421e+05 3.021465e+05 3.022414e+05 3.023851e+05 3.021098e+05 3.017287e+05 3.016343e+05 3.031142e+05 3.057914e+05 3.079756e+05 3.093877e+05 3.106197e+05 3.122276e+05 3.144765e+05 3.336634e+05 3.563950e+05 3.792326e+05 4.030829e+05 4.294979e+05 4.592091e+05 5.271457e+05 5.994575e+05 6.650361e+05 7.138261e+05 7.411254e+05 7.483289e+05 5.876463e+05 6.395637e+05 7.774179e+05 9.021694e+05
3.007027e+05 3.007027e+05 3.007028e+05 3.007041e+05 3.007080e+05 3.007972e+05 3.009760e+05 3.011328e+05 3.009987e+05 3.009393e+05 3.020144e+05 3.047225e+05 3.077660e+05 3.102629e+05 3.122718e+05 3.142366e+05 3.165249e+05 3.351383e+05 3.579177e+05 3.805938e+05 4.042553e+05 4.305306e+05 4.601445e+05 5.279383e+05 6.001395e+05 6.656303e+05 7.143316e+05 7.415265e+05 7.486152e+05 5.876275e+05 6.398356e+05 7.778165e+05 9.025574e+05
3.001638e+05 3.001639e+05 3.001639e+05 3.001651e+05 3.001685e+05 3.002901e+05 3.005832e+05 3.011288e+05 3.012317e+05 3.013004e+05 3.021380e+05 3.045414e+05 3.078757e+05 3.111525e+05 3.139765e+05 3.165000e+05 3.190421e+05 3.369391e+05 3.595531e+05 3.820075e+05 4.054555e+05 4.315811e+05 4.610932e+05 5.287408e+05 6.008297e+05 6.662317e+05 7.148430e+05 7.419314e+05 7.489035e+05 5.876087e+05 6.401096e+05 7.782170e+05 9.029467e+05
3.343973e+05 3.343973e+05 3.343973e+05 3.343981e+05 3.344004e+05 3.344708e+05 3.346755e+05 3.354137e+05 3.359184e+05 3.364945e+05 3.378070e+05 3.392934e+05 3.410387e+05 3.432352e+05 3.460338e+05 3.494423e+05 3.533261e+05 3.728513e+05 3.865279e+05 4.001745e+05 4.187029e+05 4.425968e+05 4.709237e+05 5.370846e+05 6.080672e+05 6.725775e+05 7.202344e+05 7.461640e+05 7.518646e+05 5.874200e+05 6.429676e+05 7.823322e+05 9.069131e+05
4.014879e+05 4.014879e+05 4.014879e+05 4.014885e+05 4.014905e+05 4.015524e+05 4.017435e+05 4.024673e+05 4.029763e+05 4.035573e+05 4.048194e+05 4.060212e+05 4.069869e+05 4.076305e+05 4.079576e+05 4.080456e+05 4.080093e+05 4.090616e+05 4.137784e+05 4.220132e+05 4.356677e+05 4.557215e+05 4.815787e+05 5.456709e+05 6.156457e+05 6.793514e+05 7.260072e+05 7.506277e+05 7.548808e+05 5.872349e+05 6.460491e+05 7.866505e+05 9.110126e+05
4.453055e+05 4.453055e+05 4.453055e+05 4.453052e+05 4.453041e+05 4.452751e+05 4.451896e+05 4.447972e+05 4.444449e+05 4.439694e+05 4.426610e+05 4.409550e+05 4.389581e+05 4.367565e+05 4.344142e+05 4.319852e+05 4.295264e+05 4.193488e+05 4.183416e+05 4.281465e+05 4.458027e+05 4.685189e+05 4.948934e+05 5.561977e+05 6.239632e+05 6.866106e+05 7.321013e+05 7.552166e+05 7.578345e+05 5.870616e+05 6.493670e+05 7.911767e+05 9.152457e+05
4.032305e+05 4.032305e+05 4.032305e+05 4.032306e+05 4.032308e+05 4.032371e+05 4.032544e+05 4.033139e+05 4.033533e+05 4.033973e+05 4.034923e+05 4.035826e+05 4.036466e+05 4.036611e+05 4.036071e+05 4.034755e+05 4.032721e+05 4.025451e+05 4.077952e+05 4.232529e+05 4.470609e+05 4.753789e+05 5.056595e+05 5.693824e+05 6.352710e+05 6.952885e+05 7.388360e+05 7.599930e+05 7.606829e+05 5.869112e+05 6.529345e+05 7.959153e+05 9.196124e+05
3.824643e+05 3.824643e+05 3.824643e+05 3.824644e+05 3.824647e+05 3.824736e+05 3.825002e+05 3.826029e+05 3.826778e+05 3.827673e+05 3.829873e+05 3.832576e+05 3.835729e+05 3.839283e+05 3.843201e+05 3.847490e+05 3.852237e+05 3.892794e+05 3.998950e+05 4.198817e+05 4.475638e+05 4.795398e+05 5.132233e+05 5.817324e+05 6.489212e+05 7.072298e+05 7.472973e+05 7.653527e+05 7.635492e+05 5.867988e+05 6.567647e+05 8.008704e+05 9.241124e+05
3.804715e+05 3.804715e+05 3.804715e+05 3.804716e+05 3.804720e+05 3.804829e+05 3.805161e+05 3.806450e+05 3.807397e+05 3.808540e+05 3.811402e+05 3.815002e+05 3.819292e+05 3.824217e+05 3.829731e+05 3.835839e+05 3.842636e+05 3.897323e+05 4.021864e+05 4.237395e+05 4.524644e+05 4.853518e+05 5.202860e+05 5.924126e+05 6.625025e+05 7.209280e+05 7.583826e+05 7.723041e+05 7.668356e+05 5.867455e+05 6.608708e+05 8.060452e+05 9.287447e+05
3.946478e+05 3.946478e+05 3.946478e+05 3.946479e+05 3.946482e+05 3.946576e+05 3.946862e+05 3.947973e+05 3.948780e+05 3.949745e+05 3.952112e+05 3.954992e+05 3.958293e+05 3.961939e+05 3.965893e+05 3.970197e+05 3.974998e+05 4.018955e+05 4.134818e+05 4.342975e+05 4.622043e+05 4.943241e+05 5.289201e+05 6.024553e+05 6.752315e+05 7.346566e+05 7.704038e+05 7.808302e+05 7.713419e+05 5.867805e+05 6.652660e+05 8.114428e+05 9.335082e+05
4.160150e+05 4.160150e+05 4.160150e+05 4.160149e+05 4.160145e+05 4.160053e+05 4.159816e+05 4.159001e+05 4.158488e+05 4.157949e+05 4.156897e+05 4.155982e+05 4.155287e+05 4.154869e+05 4.154797e+05 4.155179e+05 4.156206e+05 4.183836e+05 4.286627e+05 4.483021e+05 4.750276e+05 5.060175e+05 5.397714e+05 6.132457e+05 6.874850e+05 7.476254e+05 7.820268e+05 7.894795e+05 7.764891e+05 5.869430e+05 6.699639e+05 8.170655e+05 9.384013e+05
4.286199e+05 4.286199e+05 4.286199e+05 4.286200e+05 4.286202e+05 4.286260e+05 4.286439e+05 4.287132e+05 4.287640e+05 4.288251e+05 4.289762e+05 4.291615e+05 4.293755e+05 4.296141e+05 4.298765e+05 4.301683e+05 4.305050e+05 4.340670e+05 4.444764e+05 4.637110e+05 4.897232e+05 5.199084e+05 5.529639e+05 6.258017e+05 7.000816e+05 7.597685e+05 7.924808e+05 7.972186e+05 7.811999e+05 5.872847e+05 6.749784e+05 8.229150e+05 9.434217e+05
4.455785e+05 4.455785e+05 4.455785e+05 4.455786e+05 4.455787e+05 4.455832e+05 4.455968e+05 4.456526e+05 4.456959e+05 4.457498e+05 4.458899e+05 4.460723e+05 4.462956e+05 4.465578e+05 4.468586e+05 4.472024e+05 4.476020e+05 4.515095e+05 4.620036e+05 4.809426e+05 5.064486e+05 5.361081e+05 5.687082e+05 6.407208e+05 7.137313e+05 7.713798e+05 8.014774e+05 8.033944e+05 7.847225e+05 5.878719e+05 6.803240e+05 8.289925e+05 9.485669e+05
4.668914e+05 4.668914e+05 4.668914e+05 4.668915e+05 4.668917e+05 4.668975e+05 4.669155e+05 4.669807e+05 4.670241e+05 4.670733e+05 4.671887e+05 4.673280e+05 4.674941e+05 4.676902e+05 4.679208e+05 4.681943e+05 4.685259e+05 4.721365e+05 4.822699e+05 5.007032e+05 5.256979e+05 5.549704e+05 5.872751e+05 6.582794e+05 7.288145e+05 7.827662e+05 8.090243e+05 8.077011e+05 7.865808e+05 5.887873e+05 6.860157e+05 8.352987e+05 9.538339e+05
4.893798e+05 4.893798e+05 4.893798e+05 4.893798e+05 4.893800e+05 4.893865e+05 4.894061e+05 4.894824e+05 4.895381e+05 4.896047e+05 4.897673e+05 4.899647e+05 4.901934e+05 4.904523e+05 4.907430e+05 4.910722e+05 4.914542e+05 4.951862e+05 5.051361e+05 5.231553e+05 5.477503e+05 5.767722e+05 6.088661e+05 6.785079e+05 7.453656e+05 7.940535e+05 8.152196e+05 8.100807e+05 7.865576e+05 5.901337e+05 6.920697e+05 8.418338e+05 9.592192e+05
5.153440e+05 5.153440e+05 5.153440e+05 5.153441e+05 5.153442e+05 5.153486e+05 5.153622e+05 5.154167e+05 5.154581e+05 5.155091e+05 5.156408e+05 5.158120e+05 5.160222e+05 5.162707e+05 5.165582e+05 5.168895e+05 5.172766e+05 5.209987e+05 5.307524e+05 5.484535e+05 5.728072e+05 6.017025e+05 6.335736e+05 7.012190e+05 7.631163e+05 8.051271e+05 8.201092e+05 8.106004e+05 7.846378e+05 5.920418e+05 6.985034e+05 8.485974e+05 9.647190e+05
5.444986e+05 5.444986e+05 5.444986e+05 5.444987e+05 5.444988e+05 5.445029e+05 5.445149e+05 5.445610e+05 5.445950e+05 5.446364e+05 5.447424e+05 5.448803e+05 5.450513e+05 5.452561e+05 5.454964e+05 5.457784e+05 5.461145e+05 5.495715e+05 5.590703e+05 5.766139e+05 6.009506e+05 6.298164e+05 6.613206e+05 7.259845e+05 7.815301e+05 8.156442e+05 8.236257e+05 8.093557e+05 7.809325e+05 5.946983e+05 7.053355e+05 8.555889e+05 9.703290e+05
5.750372e+05 5.750372e+05 5.750373e+05 5.750373e+05 5.750374e+05 5.750412e+05 5.750534e+05 5.751044e+05 5.751431e+05 5.751902e+05 5.753078e+05 5.754543e+05 5.756277e+05 5.758281e+05 5.760581e+05 5.763253e+05 5.766438e+05 5.800348e+05 5.896299e+05 6.074735e+05 6.321281e+05 6.609813e+05 6.917736e+05 7.520734e+05 7.998190e+05 8.250762e+05 8.255890e+05 8.064196e+05 7.756143e+05 5.981650e+05 7.125869e+05 8.628073e+05 9.760446e+05
6.065978e+05 6.065978e+05 6.065978e+05 6.065979e+05 6.065981e+05 6.066034e+05 6.066192e+05 6.066762e+05 6.067163e+05 6.067641e+05 6.068830e+05 6.070344e+05 6.072199e+05 6.074412e+05 6.077015e+05 6.080085e+05 6.083762e+05 6.121713e+05 6.224759e+05 6.411512e+05 6.662950e+05 6.948348e+05 7.242312e+05 7.783892e+05 8.169714e+05 8.327709e+05 8.257452e+05 8.018351e+05 7.688759e+05 6.023633e+05 7.202803e+05 8.702514e+05 9.818608e+05
6.402824e+05 6.402824e+05 6.402824e+05 6.402825e+05 6.402827e+05 6.402888e+05 6.403079e+05 6.403842e+05 6.404411e+05 6.405105e+05 6.406858e+05 6.409089e+05 6.411785e+05 6.414942e+05 6.418578e+05 6.422758e+05 6.427630e+05 6.473197e+05 6.586493e+05 6.781571e+05 7.032922e+05 7.305994e+05 7.574784e+05 8.034710e+05 8.318305e+05 8.380404e+05 8.238284e+05 7.956345e+05 7.609141e+05 6.072529e+05 7.284414e+05 8.779198e+05 9.877724e+05
6.796228e+05 6.796228e+05 6.796228e+05 6.796229e+05 6.796231e+05 6.796290e+05 6.796478e+05 6.797259e+05 6.797855e+05 6.798589e+05 6.800472e+05 6.802911e+05 6.805909e+05 6.809478e+05 6.813647e+05 6.818493e+05 6.824167e+05 6.875625e+05 6.994599e+05 7.187659e+05 7.424046e+05 7.668606e+05 7.897522e+05 8.256370e+05 8.432446e+05 8.402711e+05 8.196288e+05 7.878720e+05 7.519309e+05 6.128090e+05 7.370996e+05 8.858112e+05 9.937738e+05
7.255045e+05 7.255045e+05 7.255045e+05 7.255045e+05 7.255048e+05 7.255133e+05 7.255398e+05 7.256452e+05 7.257241e+05 7.258204e+05 7.260648e+05 7.263775e+05 7.267576e+05 7.272042e+05 7.277184e+05 7.283050e+05 7.289752e+05 7.344178e+05 7.455471e+05 7.624445e+05 7.821599e+05 8.016450e+05 8.189725e+05 8.432608e+05 8.502565e+05 8.390322e+05 8.130530e+05 7.786533e+05 7.421404e+05 6.190164e+05 7.462892e+05 8.939244e+05 9.998593e+05
7.807877e+05 7.807877e+05 7.807877e+05 7.807878e+05 7.807881e+05 7.807971e+05 7.808252e+05 7.809370e+05 7.810207e+05 7.811228e+05 7.813826e+05 7.817153e+05 7.821174e+05 7.825826e+05 7.831036e+05 7.836750e+05 7.842963e+05 7.885472e+05 7.961539e+05 8.073446e+05 8.201834e+05 8.325394e+05 8.429904e+05 8.550193e+05 8.522528e+05 8.341502e+05 8.041609e+05 7.681550e+05 7.317760e+05 6.258685e+05 7.560531e+05 9.022583e+05 1.006023e+06
8.458750e+05 8.458750e+05 8.458750e+05 8.458751e+05 8.458754e+05 8.458855e+05 8.459162e+05 8.460157e+05 8.460722e+05 8.461282e+05 8.462309e+05 8.463117e+05 8.463609e+05 8.463706e+05 8.463356e+05 8.462545e+05 8.461313e+05 8.453308e+05 8.457315e+05 8.482713e+05 8.522327e+05 8.563604e+05 8.595637e+05 8.600010e+05 8.490271e+05 8.257322e+05 7.931721e+05 7.566271e+05 7.210916e+05 6.333662e+05 7.664557e+05 9.108125e+05 1.012259e+06
9.031659e+05 9.031659e+05 9.031659e+05 9.031656e+05 9.031647e+05 9.031376e+05 9.030530e+05 9.027232e+05 9.024842e+05 9.021994e+05 9.015024e+05 9.006530e+05 8.996729e+05 8.985826e+05 8.974008e+05 8.961440e+05 8.948273e+05 8.878274e+05 8.812616e+05 8.760918e+05 8.723545e+05 8.694702e+05 8.666267e+05 8.578046e+05 8.407864e+05 8.141448e+05 7.804474e+05 7.443826e+05 7.103568e+05 6.415170e+05 7.775375e+05 9.195870e+05 1.018562e+06
9.107675e+05 9.107675e+05 9.107675e+05 9.107674e+05 9.107670e+05 9.107551e+05 9.107179e+05 9.105704e+05 9.104615e+05 9.103292e+05 9.099918e+05 9.095513e+05 9.090016e+05 9.083409e+05 9.075704e+05 9.066940e+05 9.057172e+05 8.995584e+05 8.919913e+05 8.840854e+05 8.766346e+05 8.698356e+05 8.633497e+05 8.487455e+05 8.281388e+05 7.999684e+05 7.664522e+05 7.317770e+05 6.998480e+05 6.503332e+05 7.892390e+05 9.285826e+05 1.024925e+06
8.920118e+05 8.920118e+05 8.920118e+05 8.920117e+05 8.920116e+05 8.920081e+05 8.919952e+05 8.919393e+05 8.918961e+05 8.918428e+05 8.917050e+05 8.915250e+05 8.913006e+05 8.910293e+05 8.907076e+05 8.903313e+05 8.898955e+05 8.866327e+05 8.812995e+05 8.742950e+05 8.665516e+05 8.587401e+05 8.509579e+05 8.339603e+05 8.120385e+05 7.839324e+05 7.517131e+05 7.191838e+05 6.898366e+05 6.598309e+05 8.015123e+05 9.378016e+05 1.031343e+06
8.649851e+05 8.649851e+05 8.649851e+05 8.649851e+05 8.649851e+05 8.649840e+05 8.649804e+05 8.649655e+05 8.649534e+05 8.649377e+05 8.648947e+05 8.648349e+05 8.647570e+05 8.646596e+05 8.645409e+05 8.643978e+05 8.642258e+05 8.626733e+05 8.592949e+05 8.539079e+05 8.471844e+05 8.398537e+05 8.322038e+05 8.151714e+05 7.936488e+05 7.668324e+05 7.367700e+05 7.069693e+05 6.805772e+05 6.700278e+05 8.143145e+05 9.472479e+05 1.037809e+06
8.368780e+05 8.368780e+05 8.368780e+05 8.368780e+05 8.368780e+05 8.368774e+05 8.368755e+05 8.368675e+05 8.368614e+05 8.368541e+05 8.368355e+05 8.368117e+05 8.367822e+05 8.367464e+05 8.367031e+05 8.366498e+05 8.365828e+05 8.357876e+05 8.334761e+05 8.292453e+05 8.235630e+05 8.170764e+05 8.100991e+05 7.942249e+05 7.741522e+05 7.494428e+05 7.221325e+05 6.954707e+05 6.722983e+05 6.809414e+05 8.276036e+05 9.569279e+05 1.044320e+06
8.099737e+05 8.099737e+05 8.099737e+05 8.099737e+05 8.099737e+05 8.099738e+05 8.099739e+05 8.099739e+05 8.099736e+05 8.099731e+05 8.099713e+05 8.099678e+05 8.099624e+05 8.099547e+05 8.099439e+05 8.099283e+05 8.099046e+05 8.094284e+05 8.076164e+05 8.040282e+05 7.990582e+05 7.932955e+05 7.870390e+05 7.727064e+05 7.545865e+05 7.324433e+05 7.082457e+05 6.849804e+05 6.651945e+05 6.925869e+05 8.413370e+05 9.668527e+05 1.050869e+06
7.850883e+05 7.850883e+05 7.850883e+05 7.850883e+05 7.850883e+05 7.850885e+05 7.850892e+05 7.850922e+05 7.850944e+05 7.850970e+05 7.851036e+05 7.851116e+05 7.851211e+05 7.851315e+05 7.851422e+05 7.851514e+05 7.851557e+05 7.848639e+05 7.833087e+05 7.800586e+05 7.755135e+05 7.702592e+05 7.645968e+05 7.517787e+05 7.357592e+05 7.163788e+05 6.954716e+05 6.757369e+05 6.594238e+05 7.049761e+05 8.554716e+05 9.770429e+05 1.057452e+06
7.626671e+05 7.626671e+05 7.626671e+05 7.626671e+05 7.626671e+05 7.626675e+05 7.626686e+05 7.626736e+05 7.626775e+05 7.626823e+05 7.626946e+05 7.627104e+05 7.627295e+05 7.627515e+05 7.627756e+05 7.628000e+05 7.628212e+05 7.626352e+05 7.612137e+05 7.581345e+05 7.538246e+05 7.488973e+05 7.436790e+05 7.321978e+05 7.182374e+05 7.016500e+05 6.840838e+05 6.679229e+05 6.551067e+05 7.181158e+05 8.699633e+05 9.875243e+05 1.064066e+06
7.428755e+05 7.428755e+05 7.428755e+05 7.428755e+05 7.428755e+05 7.428761e+05 7.428779e+05 7.428847e+05 7.428896e+05 7.428955e+05 7.429098e+05 7.429276e+05 7.429490e+05 7.429738e+05 7.430015e+05 7.430307e+05 7.430580e+05 7.429204e+05 7.415643e+05 7.385653e+05 7.343765e+05 7.296500e+05 7.247517e+05 7.144062e+05 7.023833e+05 6.885283e+05 6.742745e+05 6.616692e+05 6.523293e+05 7.320068e+05 8.847679e+05 9.982508e+05 1.070707e+06
7.254959e+05 7.254959e+05 7.254959e+05 7.254959e+05 7.254959e+05 7.254968e+05 7.254993e+05 7.255094e+05 7.255168e+05 7.255256e+05 7.255475e+05 7.255747e+05 7.256069e+05 7.256437e+05 7.256844e+05 7.257269e+05 7.257680e+05 7.256974e+05 7.243924e+05 7.214317e+05 7.172984e+05 7.126899e+05 7.080202e+05 6.986323e+05 6.884048e+05 6.771810e+05 6.661675e+05 6.570615e+05 6.511468e+05 7.466434e+05 8.998410e+05 1.009176e+06 1.077373e+06
7.107690e+05 7.107690e+05 7.107690e+05 7.107690e+05 7.107691e+05 7.107697e+05 7.107717e+05 7.107795e+05 7.107854e+05 7.107925e+05 7.108108e+05 7.108346e+05 7.108639e+05 7.108986e+05 7.109384e+05 7.109813e+05 7.110238e+05 7.109724e+05 7.096834e+05 7.067243e+05 7.026008e+05 6.980529e+05 6.935450e+05 6.849700e+05 6.764026e+05 6.676977e+05 6.598332e+05 6.541490e+05 6.515891e+05 7.620127e+05 9.151382e+05 1.020261e+06 1.084063e+06
6.983468e+05 6.983468e+05 6.983468e+05 6.983468e+05 6.983469e+05 6.983478e+05 6.983506e+05 6.983619e+05 6.983702e+05 6.983802e+05 6.984050e+05 6.984361e+05 6.984731e+05 6.985156e+05 6.985630e+05 6.986133e+05 6.986631e+05 6.986405e+05 6.973568e+05 6.943776e+05 6.902325e+05 6.857046e+05 6.813095e+05 6.734333e+05 6.664086e+05 6.601143e+05 6.553024e+05 6.529526e+05 6.536654e+05 7.780948e+05 9.306156e+05 1.031467e+06 1.090778e+06
6.883255e+05 6.883255e+05 6.883255e+05 6.883255e+05 6.883256e+05 6.883263e+05 6.883286e+05 6.883376e+05 6.883444e+05 6.883527e+05 6.883739e+05 6.884014e+05 6.884353e+05 6.884755e+05 6.885215e+05 6.885715e+05 6.886218e+05 6.886084e+05 6.873193e+05 6.843055e+05 6.801168e+05 6.755789e+05 6.712593e+05 6.639924e+05 6.584121e+05 6.544314e+05 6.525785e+05 6.534722e+05 6.573686e+05 7.948625e+05 9.462299e+05 1.042756e+06 1.097522e+06
6.803920e+05 6.803920e+05 6.803920e+05 6.803920e+05 6.803920e+05 6.803931e+05 6.803963e+05 6.804088e+05 6.804181e+05 6.804292e+05 6.804568e+05 6.804916e+05 6.805332e+05 6.805815e+05 6.806358e+05 6.806941e+05 6.807527e+05 6.807731e+05 6.794839e+05 6.764267e+05 6.721756e+05 6.676017e+05 6.633267e+05 6.565963e+05 6.523796e+05 6.506279e+05 6.516463e+05 6.556924e+05 6.626791e+05 8.122816e+05 9.619388e+05 1.054093e+06 1.104303e+06
6.746927e+05 6.746927e+05 6.746927e+05 6.746927e+05 6.746927e+05 6.746937e+05 6.746967e+05 6.747086e+05 6.747175e+05 6.747284e+05 6.747560e+05 6.747915e+05 6.748347e+05 6.748853e+05 6.749427e+05 6.750047e+05 6.750675e+05 6.751054e+05 6.738000e+05 6.706789e+05 6.663406e+05 6.617033e+05 6.574433e+05 6.511864e+05 6.482662e+05 6.486709e+05 6.524794e+05 6.595877e+05 6.695677e+05 8.303114e+05 9.777004e+05 1.065441e+06 1.111140e+06
6.711437e+05 6.711437e+05 6.711437e+05 6.711437e+05 6.711438e+05 6.711447e+05 6.711477e+05 6.711597e+05 6.711686e+05 6.711794e+05 6.712069e+05 6.712420e+05 6.712847e+05 6.713349e+05 6.713920e+05 6.714539e+05 6.715169e+05 6.715517e+05 6.702093e+05 6.670005e+05 6.625480e+05 6.578185e+05 6.535446e+05 6.477044e+05 6.460240e+05 6.485218e+05 6.550443e+05 6.651248e+05 6.779978e+05 8.489047e+05 9.934743e+05 1.076763e+06 1.118010e+06
6.695562e+05 6.695562e+05 6.695562e+05 6.695562e+05 6.695562e+05 6.695572e+05 6.695603e+05 6.695725e+05 6.695819e+05 6.695933e+05 6.696226e+05 6.696603e+05 6.697065e+05 6.697609e+05 6.698228e+05 6.698901e+05 6.699586e+05 6.700121e+05 6.686372e+05 6.653282e+05 6.607380e+05 6.558882e+05 6.515716e+05 6.460954e+05 6.456056e+05 6.501403e+05 6.593040e+05 6.722656e+05 6.879268e+05 8.680088e+05 1.009221e+06 1.088025e+06 1.124880e+06
6.699581e+05 6.699581e+05 6.699581e+05 6.699581e+05 6.699582e+05 6.699593e+05 6.699630e+05 6.699773e+05 6.699881e+05 6.700011e+05 6.700342e+05 6.700763e+05 6.701274e+05 6.701870e+05 6.702545e+05 6.703274e+05 6.704015e+05 6.704694e+05 6.690491e+05 6.656175e+05 6.608612e+05 6.558606e+05 6.514724e+05 6.463101e+05 6.469671e+05 6.534865e+05 6.652193e+05 6.809679e+05 6.993072e+05 8.875655e+05 1.024901e+06 1.099192e+06 1.131722e+06
6.724225e+05 6.724225e+05 6.724225e+05 6.724225e+05 6.724225e+05 6.724236e+05 6.724271e+05 6.724407e+05 6.724508e+05 6.724632e+05 6.724947e+05 6.725350e+05 6.725841e+05 6.726419e+05 6.727075e+05 6.727788e+05 6.728514e+05 6.729016e+05 6.714079e+05 6.678250e+05 6.628718e+05 6.576898e+05 6.532013e+05 6.483058e+05 6.500690e+05 6.585225e+05 6.727505e+05 6.911868e+05 7.120871e+05 9.075122e+05 1.040477e+06 1.110229e+06 1.138513e+06
6.767280e+05 6.767280e+05 6.767280e+05 6.767280e+05 6.767280e+05 6.767291e+05 6.767325e+05 6.767461e+05 6.767562e+05 6.767686e+05 6.767999e+05 6.768402e+05 6.768894e+05 6.769476e+05 6.770141e+05 6.770866e+05 6.771607e+05 6.772080e+05 6.756456e+05 6.719004e+05 6.667278e+05 6.613370e+05 6.567211e+05 6.520472e+05 6.548770e+05 6.652127e+05 6.818573e+05 7.028748e+05 7.262103e+05 9.277821e+05 1.055913e+06 1.121105e+06 1.145228e+06
6.827582e+05 6.827582e+05 6.827582e+05 6.827583e+05 6.827583e+05 6.827597e+05 6.827642e+05 6.827818e+05 6.827947e+05 6.828103e+05 6.828494e+05 6.828987e+05 6.829583e+05 6.830279e+05 6.831063e+05 6.831911e+05 6.832773e+05 6.833622e+05 6.817437e+05 6.778246e+05 6.724071e+05 6.667775e+05 6.620057e+05 6.575069e+05 6.613624e+05 6.735238e+05 6.924988e+05 7.159817e+05 7.416171e+05 9.483052e+05 1.071172e+06 1.131788e+06 1.151846e+06
6.908731e+05 6.908731e+05 6.908731e+05 6.908731e+05 6.908732e+05 6.908746e+05 6.908791e+05 6.908966e+05 6.909094e+05 6.909249e+05 6.909639e+05 6.910133e+05 6.910732e+05 6.911431e+05 6.912222e+05 6.913077e+05 6.913945e+05 6.914634e+05 6.897421e+05 6.856056e+05 6.799021e+05 6.739970e+05 6.690377e+05 6.646647e+05 6.695009e+05 6.834244e+05 7.046334e+05 7.304542e+05 7.582431e+05 9.690085e+05 1.086220e+06 1.142249e+06 1.158346e+06
7.009670e+05 7.009670e+05 7.009670e+05 7.009670e+05 7.009670e+05 7.009682e+05 7.009718e+05 7.009860e+05 7.009967e+05 7.010097e+05 7.010429e+05 7.010859e+05 7.011388e+05 7.012017e+05 7.012738e+05 7.013526e+05 7.014328e+05 7.014543e+05 6.996016e+05 6.952162e+05 6.891932e+05 6.829797e+05 6.778033e+05 6.735060e+05 6.792718e+05 6.948837e+05 7.182176e+05 7.462358e+05 7.760198e+05 9.898174e+05 1.101023e+06 1.152459e+06 1.164707e+06
7.126328e+05 7.126328e+05 7.126328e+05 7.126328e+05 7.126328e+05 7.126342e+05 7.126386e+05 7.126558e+05 7.126688e+05 7.126845e+05 7.127245e+05 7.127754e+05 7.128372e+05 7.129095e+05 7.129913e+05 7.130796e+05 7.131689e+05 7.132052e+05 7.112512e+05 7.066190e+05 7.002603e+05 6.937139e+05 6.882937e+05 6.840203e+05 6.906565e+05 7.078702e+05 7.332053e+05 7.632659e+05 7.948743e+05 1.010656e+06 1.115547e+06 1.162392e+06 1.170910e+06
7.261687e+05 7.261687e+05 7.261687e+05 7.261687e+05 7.261688e+05 7.261702e+05 7.261748e+05 7.261931e+05 7.262068e+05 7.262234e+05 7.262654e+05 7.263191e+05 7.263845e+05 7.264612e+05 7.265482e+05 7.266425e+05 7.267378e+05 7.267818e+05 7.247205e+05 7.198264e+05 7.131082e+05 7.062008e+05 7.005077e+05 6.961999e+05 7.036361e+05 7.223503e+05 7.495463e+05 7.814789e+05 8.147283e+05 1.031447e+06 1.129762e+06 1.172024e+06 1.176935e+06
7.416525e+05 7.416525e+05 7.416525e+05 7.416526e+05 7.416526e+05 7.416541e+05 7.416587e+05 7.416771e+05 7.416908e+05 7.417076e+05 7.417502e+05 7.418048e+05 7.418713e+05 7.419495e+05 7.420382e+05 7.421342e+05 7.422311e+05 7.422554e+05 7.400546e+05 7.348632e+05 7.277491e+05 7.204452e+05 7.144455e+05 7.100360e+05 7.181893e+05 7.382861e+05 7.671853e+05 8.008039e+05 8.354987e+05 1.052113e+06 1.143635e+06 1.181332e+06 1.182765e+06
7.590436e+05 7.590436e+05 7.590436e+05 7.590436e+05 7.590437e+05 7.590451e+05 7.590497e+05 7.590679e+05 7.590815e+05 7.590981e+05 7.591404e+05 7.591946e+05 7.592606e+05 7.593384e+05 7.594266e+05 7.595219e+05 7.596177e+05 7.596050e+05 7.572393e+05 7.517189e+05 7.441744e+05 7.364395e+05 7.300992e+05 7.255149e+05 7.342893e+05 7.556336e+05 7.860607e+05 8.211640e+05 8.570972e+05 1.072580e+06 1.157139e+06 1.190295e+06 1.188383e+06
7.782310e+05 7.782310e+05 7.782310e+05 7.782310e+05 7.782310e+05 7.782325e+05 7.782371e+05 7.782554e+05 7.782690e+05 7.782857e+05 7.783281e+05 7.783825e+05 7.784488e+05 7.785267e+05 7.786150e+05 7.787103e+05 7.788055e+05 7.787556e+05 7.762175e+05 7.703522e+05 7.623550e+05 7.541623e+05 7.474507e+05 7.426156e+05 7.519024e+05 7.743417e+05 8.061038e+05 8.424761e+05 8.794303e+05 1.092772e+06 1.170244e+06 1.198894e+06 1.193773e+06
7.991420e+05 7.991420e+05 7.991420e+05 7.991420e+05 7.991420e+05 7.991435e+05 7.991481e+05 7.991664e+05 7.991801e+05 7.991968e+05 7.992394e+05 7.992942e+05 7.993611e+05 7.994398e+05 7.995290e+05 7.996251e+05 7.997207e+05 7.996400e+05 7.969337e+05 7.907200e+05 7.822576e+05 7.735863e+05 7.664753e+05 7.613089e+05 7.709863e+05 7.943507e+05 8.272382e+05 8.646504e+05 9.023993e+05 1.112617e+06 1.182923e+06 1.207114e+06 1.198920e+06
8.217334e+05 8.217334e+05 8.217334e+05 8.217334e+05 8.217334e+05 8.217350e+05 8.217397e+05 8.217585e+05 8.217726e+05 8.217898e+05 8.218335e+05 8.218897e+05 8.219583e+05 8.220390e+05 8.221306e+05 8.222293e+05 8.223272e+05 8.222270e+05 8.193604e+05 8.127968e+05 8.038569e+05 7.946855e+05 7.871448e+05 7.815578e+05 7.914892e+05 8.155915e+05 8.493791e+05 8.875907e+05 9.259013e+05 1.132045e+06 1.195152e+06 1.214939e+06 1.203810e+06
8.460070e+05 8.460070e+05 8.460070e+05 8.460070e+05 8.460071e+05 8.460087e+05 8.460140e+05 8.460349e+05 8.460505e+05 8.460694e+05 8.461172e+05 8.461782e+05 8.462523e+05 8.463390e+05 8.464370e+05 8.465421e+05 8.466459e+05 8.465370e+05 8.435062e+05 8.365766e+05 8.271348e+05 8.174326e+05 8.094252e+05 8.033153e+05 8.133483e+05 8.379851e+05 8.724335e+05 9.111944e+05 9.498287e+05 1.150988e+06 1.206906e+06 1.222356e+06 1.208432e+06
8.721385e+05 8.721385e+05 8.721385e+05 8.721385e+05 8.721385e+05 8.721402e+05 8.721455e+05 8.721665e+05 8.721822e+05 8.722013e+05 8.722496e+05 8.723111e+05 8.723856e+05 8.724725e+05 8.725703e+05 8.726745e+05 8.727766e+05 8.726167e+05 8.693789e+05 8.620426e+05 8.520602e+05 8.417877e+05 8.332697e+05 8.265216e+05 8.364892e+05 8.614417e+05 8.962997e+05 9.353527e+05 9.740705e+05 1.169385e+06 1.218164e+06 1.229356e+06 1.212773e+06
9.000621e+05 9.000621e+05 9.000621e+05 9.000621e+05 9.000621e+05 9.000636e+05 9.000679e+05 9.000854e+05 9.000985e+05 9.001145e+05 9.001553e+05 9.002078e+05 9.002722e+05 9.003485e+05 9.004353e+05 9.005284e+05 9.006188e+05 9.003682e+05 8.968941e+05 8.891226e+05 8.785673e+05 8.676870e+05 8.586131e+05 8.511026e+05 8.608239e+05 8.858603e+05 9.208673e+05 9.599511e+05 9.985123e+05 1.187176e+06 1.228905e+06 1.235928e+06 1.216823e+06
9.292775e+05 9.292775e+05 9.292775e+05 9.292775e+05 9.292775e+05 9.292790e+05 9.292834e+05 9.293017e+05 9.293157e+05 9.293329e+05 9.293768e+05 9.294336e+05 9.295031e+05 9.295850e+05 9.296776e+05 9.297764e+05 9.298718e+05 9.295986e+05 9.259221e+05 9.177180e+05 9.065706e+05 8.950486e+05 8.853728e+05 8.769672e+05 8.862501e+05 9.111282e+05 9.460178e+05 9.848699e+05 1.023037e+06 1.204306e+06 1.239112e+06 1.242066e+06 1.220574e+06
9.599790e+05 9.599790e+05 9.599790e+05 9.599791e+05 9.599791e+05 9.599808e+05 9.599862e+05 9.600077e+05 9.600237e+05 9.600434e+05 9.600931e+05 9.601567e+05 9.602338e+05 9.603235e+05 9.604239e+05 9.605296e+05 9.606306e+05 9.603285e+05 9.564285e+05 9.477604e+05 9.359832e+05 9.237759e+05 9.134464e+05 9.040049e+05 9.126493e+05 9.371210e+05 9.716246e+05 1.009985e+06 1.047528e+06 1.220726e+06 1.248768e+06 1.247765e+06 1.224019e+06
9.924661e+05 9.924661e+05 9.924661e+05 9.924661e+05 9.924661e+05 9.924674e+05 9.924712e+05 9.924867e+05 9.924984e+05 9.925130e+05 9.925507e+05 9.926001e+05 9.926612e+05 9.927338e+05 9.928160e+05 9.929027e+05 9.929836e+05 9.925375e+05 9.883269e+05 9.791306e+05 9.666728e+05 9.537332e+05 9.426984e+05 9.320815e+05 9.398862e+05 9.637024e+05 9.975538e+05 1.035169e+06 1.071865e+06 1.236391e+06 1.257859e+06 1.253019e+06 1.227151e+06
1.025973e+06 1.025973e+06 1.025973e+06 1.025973e+06 1.025973e+06 1.025974e+06 1.025978e+06 1.025994e+06 1.026005e+06 1.026019e+06 1.026054e+06 1.026099e+06 1.026154e+06 1.026218e+06 1.026290e+06 1.026365e+06 1.026431e+06 1.025851e+06 1.021323e+06 1.011585e+06 9.984286e+05 9.847316e+05 9.729548e+05 9.610388e+05 9.678092e+05 9.907261e+05 1.023666e+06 1.060292e+06 1.095930e+06 1.251262e+06 1.266374e+06 1.257828e+06 1.229965e+06
1.060153e+06 1.060153e+06 1.060153e+06 1.060153e+06 1.060153e+06 1.060154e+06 1.060158e+06 1.060172e+06 1.060182e+06 1.060195e+06 1.060228e+06 1.060270e+06 1.060321e+06 1.060381e+06 1.060448e+06 1.060517e+06 1.060576e+06 1.059905e+06 1.055099e+06 1.044850e+06 1.031011e+06 1.016557e+06 1.004019e+06 9.907014e+05 9.962547e+05 1.018038e+06 1.049819e+06 1.085224e+06 1.119609e+06 1.265305e+06 1.274303e+06 1.262189e+06 1.232457e+06
1.094846e+06 1.094846e+06 1.094846e+06 1.094846e+06 1.094846e+06 1.094847e+06 1.094850e+06 1.094864e+06 1.094875e+06 1.094887e+06 1.094920e+06 1.094961e+06 1.095010e+06 1.095068e+06 1.095133e+06 1.095198e+06 1.095251e+06 1.094505e+06 1.089445e+06 1.078710e+06 1.064209e+06 1.049005e+06 1.035695e+06 1.020887e+06 1.025052e+06 1.045479e+06 1.075867e+06 1.109838e+06 1.142789e+06 1.278492e+06 1.281638e+06 1.266104e+06 1.234625e+06
1.129975e+06 1.129975e+06 1.129975e+06 1.129975e+06 1.129975e+06 1.129976e+06 1.129979e+06 1.129992e+06 1.130001e+06 1.130013e+06 1.130042e+06 1.130080e+06 1.130126e+06 1.130180e+06 1.130240e+06 1.130300e+06 1.130347e+06 1.129522e+06 1.124212e+06 1.113000e+06 1.097847e+06 1.081893e+06 1.067796e+06 1.051411e+06 1.054025e+06 1.072888e+06 1.101667e+06 1.134007e+06 1.165363e+06 1.290800e+06 1.288374e+06 1.269575e+06 1.236467e+06
1.165392e+06 1.165392e+06 1.165392e+06 1.165392e+06 1.165392e+06 1.165393e+06 1.165397e+06 1.165409e+06 1.165418e+06 1.165430e+06 1.165458e+06 1.165494e+06 1.165537e+06 1.165587e+06 1.165643e+06 1.165697e+06 1.165737e+06 1.164827e+06 1.159260e+06 1.147567e+06 1.131756e+06 1.115044e+06 1.100140e+06 1.082090e+06 1.083001e+06 1.100106e+06 1.127079e+06 1.157611e+06 1.187229e+06 1.302212e+06 1.294509e+06 1.272603e+06 1.237983e+06
1.200974e+06 1.200974e+06 1.200974e+06 1.200974e+06 1.200974e+06 1.200975e+06 1.200977e+06 1.200988e+06 1.200996e+06 1.201005e+06 1.201029e+06 1.201060e+06 1.201098e+06 1.201143e+06 1.201191e+06 1.201237e+06 1.201268e+06 1.200261e+06 1.194423e+06 1.182237e+06 1.165757e+06 1.148269e+06 1.132536e+06 1.112735e+06 1.111801e+06 1.126976e+06 1.151966e+06 1.180537e+06 1.208295e+06 1.312717e+06 1.300041e+06 1.275194e+06 1.239175e+06
1.236498e+06 1.236498e+06 1.236498e+06 1.236498e+06 1.236498e+06 1.236499e+06 1.236501e+06 1.236511e+06 1.236519e+06 1.236527e+06 1.236549e+06 1.236576e+06 1.236608e+06 1.236646e+06 1.236686e+06 1.236723e+06 1.236743e+06 1.235624e+06 1.229500e+06 1.216804e+06 1.199640e+06 1.181363e+06 1.164778e+06 1.143153e+06 1.140252e+06 1.153344e+06 1.176198e+06 1.202677e+06 1.228475e+06 1.322306e+06 1.304972e+06 1.277353e+06 1.240042e+06
1.271741e+06 1.271741e+06 1.271741e+06 1.271741e+06 1.271741e+06 1.271741e+06 1.271743e+06 1.271750e+06 1.271755e+06 1.271761e+06 1.271777e+06 1.271797e+06 1.271821e+06 1.271849e+06 1.271879e+06 1.271903e+06 1.271909e+06 1.270665e+06 1.264242e+06 1.251027e+06 1.233173e+06 1.214101e+06 1.196654e+06 1.173152e+06 1.168183e+06 1.179063e+06 1.199655e+06 1.223934e+06 1.247691e+06 1.330979e+06 1.309305e+06 1.279085e+06 1.240589e+06
1.306368e+06 1.306368e+06 1.306368e+06 1.306368e+06 1.306368e+06 1.306369e+06 1.306371e+06 1.306377e+06 1.306381e+06 1.306386e+06 1.306398e+06 1.306412e+06 1.306430e+06 1.306449e+06 1.306469e+06 1.306481e+06 1.306472e+06 1.305098e+06 1.298373e+06 1.284647e+06 1.266115e+06 1.246258e+06 1.227953e+06 1.202544e+06 1.195430e+06 1.203995e+06 1.222223e+06 1.244219e+06 1.265876e+06 1.338740e+06 1.313045e+06 1.280397e+06 1.240819e+06
1.340105e+06 1.340105e+06 1.340105e+06 1.340105e+06 1.340105e+06 1.340105e+06 1.340106e+06 1.340108e+06 1.340109e+06 1.340111e+06 1.340115e+06 1.340120e+06 1.340127e+06 1.340135e+06 1.340141e+06 1.340139e+06 1.340114e+06 1.338618e+06 1.331618e+06 1.317416e+06 1.298240e+06 1.277625e+06 1.258477e+06 1.231153e+06 1.221841e+06 1.228014e+06 1.243801e+06 1.263453e+06 1.282972e+06 1.345594e+06 1.316199e+06 1.281298e+06 1.240736e+06
1.372525e+06 1.372525e+06 1.372525e+06 1.372525e+06 1.372525e+06 1.372525e+06 1.372526e+06 1.372528e+06 1.372529e+06 1.372531e+06 1.372535e+06 1.372541e+06 1.372548e+06 1.372556e+06 1.372563e+06 1.372560e+06 1.372534e+06 1.370984e+06 1.363769e+06 1.349141e+06 1.329364e+06 1.308022e+06 1.288052e+06 1.258820e+06 1.247276e+06 1.251003e+06 1.264297e+06 1.281570e+06 1.298933e+06 1.351555e+06 1.318776e+06 1.281795e+06 1.240345e+06
1.403747e+06 1.403747e+06 1.403747e+06 1.403747e+06 1.403747e+06 1.403747e+06 1.403748e+06 1.403751e+06 1.403753e+06 1.403755e+06 1.403761e+06 1.403769e+06 1.403779e+06 1.403789e+06 1.403797e+06 1.403796e+06 1.403770e+06 1.402172e+06 1.394750e+06 1.379708e+06 1.359346e+06 1.337298e+06 1.316524e+06 1.285401e+06 1.271610e+06 1.272861e+06 1.283635e+06 1.298513e+06 1.313720e+06 1.356638e+06 1.320786e+06 1.281899e+06 1.239651e+06
1.433944e+06 1.433944e+06 1.433944e+06 1.433944e+06 1.433944e+06 1.433944e+06 1.433945e+06 1.433947e+06 1.433949e+06 1.433950e+06 1.433954e+06 1.433956e+06 1.433958e+06 1.433959e+06 1.433955e+06 1.433940e+06 1.433899e+06 1.432172e+06 1.424480e+06 1.408996e+06 1.388049e+06 1.365310e+06 1.343752e+06 1.310766e+06 1.294734e+06 1.293501e+06 1.301749e+06 1.314238e+06 1.327306e+06 1.360861e+06 1.322242e+06 1.281617e+06 1.238662e+06
1.462791e+06 1.462791e+06 1.462791e+06 1.462791e+06 1.462791e+06 1.462791e+06 1.462790e+06 1.462785e+06 1.462781e+06 1.462776e+06 1.462764e+06 1.462749e+06 1.462731e+06 1.462710e+06 1.462683e+06 1.462643e+06 1.462575e+06 1.460684e+06 1.452716e+06 1.436806e+06 1.415305e+06 1.391910e+06 1.369602e+06 1.334804e+06 1.316555e+06 1.312850e+06 1.318588e+06 1.328712e+06 1.339675e+06 1.364247e+06 1.323156e+06 1.280962e+06 1.237384e+06
1.489479e+06 1.489479e+06 1.489479e+06 1.489479e+06 1.489479e+06 1.489479e+06 1.489478e+06 1.489473e+06 1.489469e+06 1.489464e+06 1.489452e+06 1.489437e+06 1.489420e+06 1.489399e+06 1.489372e+06 1.489332e+06 1.489263e+06 1.487330e+06 1.479193e+06 1.462948e+06 1.440967e+06 1.416978e+06 1.393968e+06 1.357422e+06 1.336997e+06 1.330853e+06 1.334115e+06 1.341916e+06 1.350819e+06 1.366821e+06 1.323543e+06 1.279943e+06 1.235824e+06
1.514160e+06 1.514160e+06 1.514160e+06 1.514160e+06 1.514160e+06 1.514159e+06 1.514159e+06 1.514158e+06 1.514157e+06 1.514156e+06 1.514153e+06 1.514148e+06 1.514142e+06 1.514133e+06 1.514119e+06 1.514092e+06 1.514035e+06 1.512131e+06 1.503897e+06 1.487384e+06 1.464984e+06 1.440450e+06 1.416780e+06 1.378555e+06 1.356003e+06 1.347467e+06 1.348305e+06 1.353839e+06 1.360743e+06 1.368609e+06 1.323418e+06 1.278572e+06 1.233990e+06
1.537417e+06 1.537417e+06 1.537417e+06 1.537417e+06 1.537417e+06 1.537417e+06 1.537417e+06 1.537416e+06 1.537415e+06 1.537413e+06 1.537410e+06 1.537405e+06 1.537399e+06 1.537390e+06 1.537375e+06 1.537347e+06 1.537288e+06 1.535346e+06 1.526971e+06 1.510175e+06 1.487361e+06 1.462303e+06 1.438000e+06 1.398152e+06 1.373534e+06 1.362667e+06 1.361146e+06 1.364484e+06 1.369457e+06 1.369642e+06 1.322798e+06 1.276860e+06 1.231891e+06
1.559314e+06 1.559314e+06 1.559314e+06 1.559314e+06 1.559314e+06 1.559313e+06 1.559311e+06 1.559305e+06 1.559300e+06 1.559294e+06 1.559280e+06 1.559262e+06 1.559240e+06 1.559215e+06 1.559183e+06 1.559137e+06 1.559060e+06 1.557000e+06 1.548423e+06 1.531310e+06 1.508076e+06 1.482505e+06 1.457590e+06 1.416177e+06 1.389560e+06 1.376437e+06 1.372638e+06 1.373860e+06 1.376981e+06 1.369950e+06 1.321700e+06 1.274818e+06 1.229533e+06
1.579272e+06 1.579272e+06 1.579272e+06 1.579272e+06 1.579272e+06 1.579271e+06 1.579270e+06 1.579263e+06 1.579258e+06 1.579252e+06 1.579236e+06 1.579216e+06 1.579191e+06 1.579161e+06 1.579123e+06 1.579069e+06 1.578982e+06 1.576843e+06 1.568090e+06 1.550686e+06 1.527057e+06 1.501002e+06 1.475507e+06 1.432602e+06 1.404067e+06 1.388777e+06 1.382791e+06 1.381988e+06 1.383342e+06 1.369565e+06 1.320142e+06 1.272459e+06 1.226927e+06
1.597184e+06 1.597184e+06 1.597184e+06 1.597184e+06 1.597184e+06 1.597183e+06 1.597182e+06 1.597175e+06 1.597171e+06 1.597165e+06 1.597149e+06 1.597129e+06 1.597105e+06 1.597076e+06 1.597038e+06 1.596984e+06 1.596897e+06 1.594728e+06 1.585857e+06 1.568216e+06 1.544245e+06 1.517752e+06 1.491721e+06 1.447411e+06 1.417052e+06 1.399695e+06 1.391626e+06 1.388896e+06 1.388574e+06 1.368519e+06 1.318142e+06 1.269794e+06 1.224080e+06
1.613166e+06 1.613166e+06 1.613166e+06 1.613166e+06 1.613165e+06 1.613165e+06 1.613163e+06 1.613157e+06 1.613152e+06 1.613146e+06 1.613131e+06 1.613112e+06 1.613088e+06 1.613059e+06 1.613022e+06 1.612968e+06 1.612882e+06 1.610697e+06 1.601737e+06 1.583901e+06 1.559632e+06 1.532746e+06 1.506225e+06 1.460604e+06 1.428526e+06 1.409212e+06 1.399170e+06 1.394619e+06 1.392716e+06 1.366848e+06 1.315719e+06 1.266836e+06 1.221003e+06
1.627320e+06 1.627320e+06 1.627320e+06 1.627320e+06 1.627320e+06 1.627319e+06 1.627317e+06 1.627311e+06 1.627306e+06 1.627300e+06 1.627285e+06 1.627266e+06 1.627242e+06 1.627213e+06 1.627177e+06 1.627124e+06 1.627038e+06 1.624842e+06 1.615806e+06 1.597795e+06 1.573255e+06 1.546011e+06 1.519037e+06 1.472198e+06 1.438511e+06 1.417360e+06 1.405462e+06 1.399198e+06 1.395811e+06 1.364585e+06 1.312892e+06 1.263597e+06 1.217702e+06
