1.052055e+08 5.437627e+07 4.052845e+07 2.003631e+07 1.518449e+07 8.703779e+06 6.673692e+06 5.280187e+06 4.966773e+06 4.735551e+06 4.383501e+06 4.102058e+06 3.863671e+06 3.659512e+06 3.484170e+06 3.333048e+06 3.202128e+06 2.749956e+06 2.482125e+06 2.297295e+06 2.154879e+06 2.037818e+06 1.938316e+06 1.777526e+06 1.655927e+06 1.565746e+06 1.501085e+06 1.456340e+06 1.426486e+06 1.441601e+06 1.634454e+06 1.848286e+06 2.014774e+06
6.290098e+06 6.290096e+06 6.290085e+06 6.289219e+06 6.284746e+06 6.020418e+06 5.534548e+06 4.893372e+06 4.702727e+06 4.539130e+06 4.253089e+06 4.001934e+06 3.781308e+06 3.589604e+06 3.423919e+06 3.280654e+06 3.156273e+06 2.724648e+06 2.466728e+06 2.287156e+06 2.147754e+06 2.032552e+06 1.934286e+06 1.775026e+06 1.654341e+06 1.564756e+06 1.500496e+06 1.456022e+06 1.426351e+06 1.441924e+06 1.634960e+06 1.848849e+06 2.015278e+06
4.639937e+06 4.639938e+06 4.639941e+06 4.639945e+06 4.639737e+06 4.634746e+06 4.646333e+06 4.535752e+06 4.414062e+06 4.303017e+06 4.088395e+06 3.875933e+06 3.679612e+06 3.505190e+06 3.352679e+06 3.219835e+06 3.103873e+06 2.697114e+06 2.450367e+06 2.276518e+06 2.140331e+06 2.027092e+06 1.930120e+06 1.772454e+06 1.652714e+06 1.563743e+06 1.499894e+06 1.455697e+06 1.426212e+06 1.442249e+06 1.635470e+06 1.849415e+06 2.015784e+06
4.010287e+06 4.010287e+06 4.010288e+06 4.010291e+06 4.010238e+06 4.053409e+06 4.171599e+06 4.248269e+06 4.202939e+06 4.115440e+06 3.914061e+06 3.730245e+06 3.560751e+06 3.407336e+06 3.271132e+06 3.151088e+06 3.045314e+06 2.667484e+06 2.433092e+06 2.265402e+06 2.132621e+06 2.021441e+06 1.925819e+06 1.769808e+06 1.651046e+06 1.562706e+06 1.499278e+06 1.455364e+06 1.426069e+06 1.442577e+06 1.635983e+06 1.849984e+06 2.016291e+06
3.646771e+06 3.646772e+06 3.646772e+06 3.646777e+06 3.646764e+06 3.707657e+06 3.885307e+06 3.975778e+06 3.966627e+06 3.922262e+06 3.761963e+06 3.585875e+06 3.432578e+06 3.299733e+06 3.181312e+06 3.075668e+06 2.981428e+06 2.635949e+06 2.414968e+06 2.253831e+06 2.124632e+06 2.015602e+06 1.921384e+06 1.767090e+06 1.649336e+06 1.561646e+06 1.498650e+06 1.455024e+06 1.425923e+06 1.442907e+06 1.636498e+06 1.850554e+06 2.016800e+06
3.397824e+06 3.397824e+06 3.397824e+06 3.397829e+06 3.397827e+06 3.464472e+06 3.653199e+06 3.732292e+06 3.719770e+06 3.694311e+06 3.593122e+06 3.451362e+06 3.311656e+06 3.190389e+06 3.087348e+06 2.995948e+06 2.913684e+06 2.602763e+06 2.396069e+06 2.241835e+06 2.116376e+06 2.009580e+06 1.916818e+06 1.764299e+06 1.647585e+06 1.560562e+06 1.498008e+06 1.454677e+06 1.425772e+06 1.443239e+06 1.637017e+06 1.851128e+06 2.017310e+06
3.147010e+06 3.147010e+06 3.147010e+06 3.146992e+06 3.146924e+06 3.205363e+06 3.386136e+06 3.485292e+06 3.476337e+06 3.458968e+06 3.401612e+06 3.307640e+06 3.196898e+06 3.090431e+06 2.996407e+06 2.915744e+06 2.844358e+06 2.568265e+06 2.376489e+06 2.229443e+06 2.107864e+06 2.003379e+06 1.912122e+06 1.761435e+06 1.645793e+06 1.559455e+06 1.497352e+06 1.454322e+06 1.425617e+06 1.443573e+06 1.637538e+06 1.851703e+06 2.017822e+06
2.847438e+06 2.847438e+06 2.847438e+06 2.847433e+06 2.847413e+06 2.910576e+06 3.105466e+06 3.242354e+06 3.246389e+06 3.238035e+06 3.207596e+06 3.154613e+06 3.079211e+06 2.995193e+06 2.914124e+06 2.840924e+06 2.776715e+06 2.532896e+06 2.356335e+06 2.216693e+06 2.099109e+06 1.997006e+06 1.907298e+06 1.758499e+06 1.643959e+06 1.558323e+06 1.496683e+06 1.453959e+06 1.425458e+06 1.443909e+06 1.638063e+06 1.852281e+06 2.018335e+06
2.616653e+06 2.616653e+06 2.616653e+06 2.616654e+06 2.616649e+06 2.678919e+06 2.872663e+06 3.026956e+06 3.042322e+06 3.042609e+06 3.028664e+06 3.002689e+06 2.958712e+06 2.900028e+06 2.835785e+06 2.773042e+06 2.715157e+06 2.497208e+06 2.335741e+06 2.203625e+06 2.090128e+06 1.990464e+06 1.902348e+06 1.755490e+06 1.642083e+06 1.557168e+06 1.496000e+06 1.453589e+06 1.425294e+06 1.444248e+06 1.638591e+06 1.852862e+06 2.018850e+06
2.436518e+06 2.436518e+06 2.436518e+06 2.436518e+06 2.436518e+06 2.497021e+06 2.685955e+06 2.845511e+06 2.868076e+06 2.875092e+06 2.872013e+06 2.861574e+06 2.840219e+06 2.804621e+06 2.758635e+06 2.708492e+06 2.658866e+06 2.461886e+06 2.314863e+06 2.190289e+06 2.080936e+06 1.983762e+06 1.897275e+06 1.752410e+06 1.640166e+06 1.555988e+06 1.495303e+06 1.453211e+06 1.425126e+06 1.444588e+06 1.639121e+06 1.853445e+06 2.019366e+06
2.293056e+06 2.293056e+06 2.293056e+06 2.293057e+06 2.293059e+06 2.351585e+06 2.534716e+06 2.694393e+06 2.721165e+06 2.733016e+06 2.737801e+06 2.736013e+06 2.728819e+06 2.711104e+06 2.682129e+06 2.645411e+06 2.605347e+06 2.427771e+06 2.293889e+06 2.176739e+06 2.071553e+06 1.976905e+06 1.892081e+06 1.749258e+06 1.638207e+06 1.554784e+06 1.494592e+06 1.452824e+06 1.424954e+06 1.444931e+06 1.639655e+06 1.854030e+06 2.019885e+06
1.650586e+06 1.650586e+06 1.650586e+06 1.650587e+06 1.650589e+06 1.695125e+06 1.835095e+06 1.964512e+06 1.993842e+06 2.015241e+06 2.048250e+06 2.075332e+06 2.098382e+06 2.118230e+06 2.135740e+06 2.151356e+06 2.164919e+06 2.184185e+06 2.128937e+06 2.050630e+06 1.974421e+06 1.902621e+06 1.834644e+06 1.714012e+06 1.616340e+06 1.541393e+06 1.486686e+06 1.448493e+06 1.422959e+06 1.448482e+06 1.645162e+06 1.860022e+06 2.025150e+06
1.444267e+06 1.444267e+06 1.444267e+06 1.444268e+06 1.444268e+06 1.484238e+06 1.609900e+06 1.726319e+06 1.753399e+06 1.774194e+06 1.810000e+06 1.843983e+06 1.876064e+06 1.904754e+06 1.929201e+06 1.949351e+06 1.965665e+06 2.009176e+06 2.007009e+06 1.965143e+06 1.902754e+06 1.837312e+06 1.776567e+06 1.674208e+06 1.590939e+06 1.525680e+06 1.477322e+06 1.443258e+06 1.420409e+06 1.452250e+06 1.650985e+06 1.866266e+06 2.030572e+06
1.343828e+06 1.343828e+06 1.343828e+06 1.343828e+06 1.343829e+06 1.382268e+06 1.503082e+06 1.615085e+06 1.641327e+06 1.661738e+06 1.697640e+06 1.732374e+06 1.765523e+06 1.795438e+06 1.821086e+06 1.842141e+06 1.858763e+06 1.893463e+06 1.889174e+06 1.867346e+06 1.830280e+06 1.783002e+06 1.732496e+06 1.638960e+06 1.564878e+06 1.508623e+06 1.466811e+06 1.437184e+06 1.417275e+06 1.456232e+06 1.657131e+06 1.872763e+06 2.036148e+06
1.296715e+06 1.296715e+06 1.296715e+06 1.296715e+06 1.296716e+06 1.330546e+06 1.436883e+06 1.535458e+06 1.558492e+06 1.576315e+06 1.607417e+06 1.637408e+06 1.666178e+06 1.692446e+06 1.715373e+06 1.734658e+06 1.750355e+06 1.786058e+06 1.782573e+06 1.767180e+06 1.746285e+06 1.719007e+06 1.685772e+06 1.612120e+06 1.545004e+06 1.493018e+06 1.456270e+06 1.430722e+06 1.413727e+06 1.460426e+06 1.663609e+06 1.879517e+06 2.041876e+06
1.272658e+06 1.272658e+06 1.272658e+06 1.272658e+06 1.272659e+06 1.299877e+06 1.385456e+06 1.464970e+06 1.483700e+06 1.498318e+06 1.524147e+06 1.549376e+06 1.573862e+06 1.596532e+06 1.616684e+06 1.634056e+06 1.648668e+06 1.687654e+06 1.691321e+06 1.681645e+06 1.668474e+06 1.652995e+06 1.633814e+06 1.584219e+06 1.530075e+06 1.483236e+06 1.448261e+06 1.424989e+06 1.410290e+06 1.464834e+06 1.670424e+06 1.886528e+06 2.047756e+06
1.262756e+06 1.262756e+06 1.262756e+06 1.262756e+06 1.262756e+06 1.285017e+06 1.355007e+06 1.420030e+06 1.435385e+06 1.447436e+06 1.468970e+06 1.490265e+06 1.511121e+06 1.530592e+06 1.548063e+06 1.563301e+06 1.576314e+06 1.613851e+06 1.621659e+06 1.616057e+06 1.606353e+06 1.595782e+06 1.584039e+06 1.553292e+06 1.514539e+06 1.476260e+06 1.444836e+06 1.422228e+06 1.408037e+06 1.469466e+06 1.677584e+06 1.893798e+06 2.053784e+06
1.261308e+06 1.261308e+06 1.261308e+06 1.261308e+06 1.261309e+06 1.279984e+06 1.338704e+06 1.393282e+06 1.406225e+06 1.416460e+06 1.434979e+06 1.453499e+06 1.471732e+06 1.488797e+06 1.504134e+06 1.517531e+06 1.528999e+06 1.562685e+06 1.571064e+06 1.567325e+06 1.559127e+06 1.550215e+06 1.541466e+06 1.521960e+06 1.496835e+06 1.468828e+06 1.443079e+06 1.422766e+06 1.408778e+06 1.474347e+06 1.685095e+06 1.901327e+06 2.059957e+06
1.264880e+06 1.264880e+06 1.264880e+06 1.264880e+06 1.264880e+06 1.280850e+06 1.331052e+06 1.377677e+06 1.388734e+06 1.397505e+06 1.413491e+06 1.429594e+06 1.445499e+06 1.460401e+06 1.473790e+06 1.485474e+06 1.495460e+06 1.524726e+06 1.532260e+06 1.529377e+06 1.522233e+06 1.514206e+06 1.506719e+06 1.493145e+06 1.477955e+06 1.459791e+06 1.440953e+06 1.424366e+06 1.411812e+06 1.479522e+06 1.692966e+06 1.909113e+06 2.066271e+06
1.265489e+06 1.265489e+06 1.265489e+06 1.265489e+06 1.265489e+06 1.279125e+06 1.321995e+06 1.361809e+06 1.371285e+06 1.378859e+06 1.392847e+06 1.407100e+06 1.421256e+06 1.434552e+06 1.446513e+06 1.456958e+06 1.465890e+06 1.492151e+06 1.499290e+06 1.497421e+06 1.491677e+06 1.484867e+06 1.478478e+06 1.468372e+06 1.459686e+06 1.449509e+06 1.437597e+06 1.425650e+06 1.415565e+06 1.485060e+06 1.701205e+06 1.917156e+06 2.072722e+06
1.263779e+06 1.263779e+06 1.263779e+06 1.263779e+06 1.263779e+06 1.275287e+06 1.311470e+06 1.345123e+06 1.353200e+06 1.359739e+06 1.372056e+06 1.384819e+06 1.397598e+06 1.409658e+06 1.420544e+06 1.430078e+06 1.438255e+06 1.462614e+06 1.469908e+06 1.469344e+06 1.465374e+06 1.460274e+06 1.455328e+06 1.447984e+06 1.443453e+06 1.439031e+06 1.433087e+06 1.425966e+06 1.419063e+06 1.491061e+06 1.709823e+06 1.925454e+06 2.079306e+06
1.261763e+06 1.261763e+06 1.261763e+06 1.261763e+06 1.261763e+06 1.271453e+06 1.301923e+06 1.330275e+06 1.337132e+06 1.342761e+06 1.353602e+06 1.365048e+06 1.376614e+06 1.387587e+06 1.397529e+06 1.406264e+06 1.413782e+06 1.436514e+06 1.444031e+06 1.444765e+06 1.442658e+06 1.439520e+06 1.436325e+06 1.431731e+06 1.430003e+06 1.429401e+06 1.428016e+06 1.425261e+06 1.421803e+06 1.497667e+06 1.718834e+06 1.934005e+06 2.086017e+06
1.261916e+06 1.261916e+06 1.261916e+06 1.261916e+06 1.261916e+06 1.269898e+06 1.294992e+06 1.318371e+06 1.324091e+06 1.328875e+06 1.338359e+06 1.348601e+06 1.359063e+06 1.369046e+06 1.378128e+06 1.386136e+06 1.393052e+06 1.414265e+06 1.421922e+06 1.423794e+06 1.423423e+06 1.422249e+06 1.420914e+06 1.419160e+06 1.419525e+06 1.421333e+06 1.423098e+06 1.423870e+06 1.423691e+06 1.505061e+06 1.728256e+06 1.942806e+06 2.092849e+06
1.264997e+06 1.264997e+06 1.264997e+06 1.264997e+06 1.264997e+06 1.271361e+06 1.291371e+06 1.310041e+06 1.314681e+06 1.318666e+06 1.326868e+06 1.335981e+06 1.345407e+06 1.354461e+06 1.362734e+06 1.370052e+06 1.376392e+06 1.396082e+06 1.403727e+06 1.406515e+06 1.407651e+06 1.408269e+06 1.408720e+06 1.409772e+06 1.411864e+06 1.415162e+06 1.418920e+06 1.422283e+06 1.424925e+06 1.513498e+06 1.738110e+06 1.951856e+06 2.099796e+06
1.270794e+06 1.270794e+06 1.270794e+06 1.270794e+06 1.270794e+06 1.275660e+06 1.290959e+06 1.305262e+06 1.308900e+06 1.312139e+06 1.319140e+06 1.327186e+06 1.335630e+06 1.343801e+06 1.351298e+06 1.357953e+06 1.363735e+06 1.381882e+06 1.389372e+06 1.392848e+06 1.395219e+06 1.397372e+06 1.399415e+06 1.403083e+06 1.406688e+06 1.410937e+06 1.415859e+06 1.420974e+06 1.425852e+06 1.523374e+06 1.748423e+06 1.961153e+06 2.106853e+06
1.279482e+06 1.279482e+06 1.279482e+06 1.279482e+06 1.279482e+06 1.282908e+06 1.293681e+06 1.303792e+06 1.306470e+06 1.308997e+06 1.314858e+06 1.321897e+06 1.329417e+06 1.336755e+06 1.343522e+06 1.349549e+06 1.354800e+06 1.371422e+06 1.378628e+06 1.382571e+06 1.385897e+06 1.389291e+06 1.392668e+06 1.398649e+06 1.403615e+06 1.408534e+06 1.414099e+06 1.420314e+06 1.426853e+06 1.534763e+06 1.759229e+06 1.970695e+06 2.114011e+06
1.291305e+06 1.291305e+06 1.291305e+06 1.291305e+06 1.291305e+06 1.293329e+06 1.299693e+06 1.305719e+06 1.307460e+06 1.309294e+06 1.314044e+06 1.320104e+06 1.326723e+06 1.333248e+06 1.339297e+06 1.344701e+06 1.349419e+06 1.364439e+06 1.371201e+06 1.375383e+06 1.379385e+06 1.383721e+06 1.388157e+06 1.396089e+06 1.402282e+06 1.407753e+06 1.413683e+06 1.420558e+06 1.428273e+06 1.547374e+06 1.770569e+06 1.980482e+06 2.121265e+06
1.305964e+06 1.305964e+06 1.305964e+06 1.305964e+06 1.305964e+06 1.306602e+06 1.308607e+06 1.310594e+06 1.311408e+06 1.312556e+06 1.316213e+06 1.321312e+06 1.327049e+06 1.332777e+06 1.338121e+06 1.342913e+06 1.347105e+06 1.360499e+06 1.366705e+06 1.370938e+06 1.375368e+06 1.380368e+06 1.385595e+06 1.395097e+06 1.402390e+06 1.408386e+06 1.414575e+06 1.421855e+06 1.430389e+06 1.561014e+06 1.782492e+06 1.990513e+06 2.128607e+06
1.322937e+06 1.322937e+06 1.322937e+06 1.322937e+06 1.322937e+06 1.322192e+06 1.319847e+06 1.317802e+06 1.317696e+06 1.318166e+06 1.320752e+06 1.324924e+06 1.329817e+06 1.334785e+06 1.339460e+06 1.343670e+06 1.347362e+06 1.359188e+06 1.364783e+06 1.368918e+06 1.373561e+06 1.378978e+06 1.384749e+06 1.395452e+06 1.403713e+06 1.410253e+06 1.416708e+06 1.424283e+06 1.433402e+06 1.575527e+06 1.795058e+06 2.000789e+06 2.136031e+06
1.341752e+06 1.341752e+06 1.341752e+06 1.341752e+06 1.341753e+06 1.339660e+06 1.333076e+06 1.327113e+06 1.326116e+06 1.325935e+06 1.327501e+06 1.330794e+06 1.334886e+06 1.339132e+06 1.343167e+06 1.346817e+06 1.350023e+06 1.360274e+06 1.365171e+06 1.369062e+06 1.373727e+06 1.379343e+06 1.385441e+06 1.397003e+06 1.406101e+06 1.413221e+06 1.420013e+06 1.427874e+06 1.437455e+06 1.590784e+06 1.808340e+06 2.011313e+06 2.143529e+06
1.363610e+06 1.363610e+06 1.363610e+06 1.363610e+06 1.363610e+06 1.360096e+06 1.349046e+06 1.338936e+06 1.336989e+06 1.336111e+06 1.336590e+06 1.338955e+06 1.342210e+06 1.345707e+06 1.349080e+06 1.352152e+06 1.354859e+06 1.363474e+06 1.367596e+06 1.371125e+06 1.375656e+06 1.381293e+06 1.387534e+06 1.399656e+06 1.409467e+06 1.417204e+06 1.424433e+06 1.432639e+06 1.442640e+06 1.606686e+06 1.822434e+06 2.022089e+06 2.151095e+06
1.386638e+06 1.386638e+06 1.386638e+06 1.386638e+06 1.386638e+06 1.381720e+06 1.366254e+06 1.352057e+06 1.349183e+06 1.347631e+06 1.347073e+06 1.348567e+06 1.351042e+06 1.353841e+06 1.356599e+06 1.359134e+06 1.361374e+06 1.368444e+06 1.371784e+06 1.374882e+06 1.379164e+06 1.384680e+06 1.390918e+06 1.403354e+06 1.413766e+06 1.422156e+06 1.429932e+06 1.438578e+06 1.449019e+06 1.623157e+06 1.837488e+06 2.033124e+06 2.158722e+06
1.411755e+06 1.411755e+06 1.411755e+06 1.411755e+06 1.411755e+06 1.405386e+06 1.385358e+06 1.366936e+06 1.363103e+06 1.360855e+06 1.359235e+06 1.359843e+06 1.361531e+06 1.363631e+06 1.365773e+06 1.367771e+06 1.369543e+06 1.375049e+06 1.377562e+06 1.380154e+06 1.384092e+06 1.389381e+06 1.395504e+06 1.408063e+06 1.418988e+06 1.428062e+06 1.436493e+06 1.445693e+06 1.456631e+06 1.640148e+06 1.853592e+06 2.044426e+06 2.166404e+06
1.438377e+06 1.438377e+06 1.438377e+06 1.438377e+06 1.438377e+06 1.430553e+06 1.405949e+06 1.383291e+06 1.378497e+06 1.375554e+06 1.372876e+06 1.372608e+06 1.373518e+06 1.374924e+06 1.376452e+06 1.377911e+06 1.379213e+06 1.383113e+06 1.384743e+06 1.386769e+06 1.390297e+06 1.395283e+06 1.401214e+06 1.413763e+06 1.425137e+06 1.434928e+06 1.444117e+06 1.453988e+06 1.465503e+06 1.657634e+06 1.870601e+06 2.056007e+06 2.174136e+06
1.466604e+06 1.466604e+06 1.466604e+06 1.466604e+06 1.466604e+06 1.457276e+06 1.427943e+06 1.400902e+06 1.395114e+06 1.391452e+06 1.387687e+06 1.386526e+06 1.386649e+06 1.387357e+06 1.388271e+06 1.389195e+06 1.390030e+06 1.392347e+06 1.393106e+06 1.394558e+06 1.397647e+06 1.402293e+06 1.407989e+06 1.420446e+06 1.432236e+06 1.442779e+06 1.452819e+06 1.463473e+06 1.475653e+06 1.675610e+06 1.888402e+06 2.067881e+06 2.181912e+06
1.495408e+06 1.495408e+06 1.495408e+06 1.495408e+06 1.495408e+06 1.484580e+06 1.450528e+06 1.419125e+06 1.412354e+06 1.407988e+06 1.403172e+06 1.401160e+06 1.400540e+06 1.400595e+06 1.400937e+06 1.401362e+06 1.401763e+06 1.402612e+06 1.402544e+06 1.403427e+06 1.406067e+06 1.410351e+06 1.415789e+06 1.428118e+06 1.440315e+06 1.451648e+06 1.462622e+06 1.474163e+06 1.487098e+06 1.694089e+06 1.906900e+06 2.080067e+06 2.189728e+06
1.526745e+06 1.526745e+06 1.526745e+06 1.526745e+06 1.526745e+06 1.514298e+06 1.475159e+06 1.439047e+06 1.431213e+06 1.426086e+06 1.420140e+06 1.417223e+06 1.415819e+06 1.415185e+06 1.414926e+06 1.414826e+06 1.414771e+06 1.414058e+06 1.413096e+06 1.413366e+06 1.415526e+06 1.419432e+06 1.424601e+06 1.436795e+06 1.449412e+06 1.461578e+06 1.473559e+06 1.486078e+06 1.499851e+06 1.713093e+06 1.926006e+06 2.092593e+06 2.197582e+06
1.560622e+06 1.560622e+06 1.560622e+06 1.560622e+06 1.560622e+06 1.546443e+06 1.501855e+06 1.460696e+06 1.451724e+06 1.445782e+06 1.438633e+06 1.434756e+06 1.432522e+06 1.431160e+06 1.430262e+06 1.429603e+06 1.429058e+06 1.426649e+06 1.424713e+06 1.424328e+06 1.425992e+06 1.429518e+06 1.434425e+06 1.446506e+06 1.459574e+06 1.472616e+06 1.485668e+06 1.499240e+06 1.513926e+06 1.732652e+06 1.945637e+06 2.105493e+06 2.205470e+06
1.595417e+06 1.595417e+06 1.595417e+06 1.595417e+06 1.595417e+06 1.579477e+06 1.529354e+06 1.483072e+06 1.472945e+06 1.466179e+06 1.457822e+06 1.452992e+06 1.449941e+06 1.447866e+06 1.446346e+06 1.445145e+06 1.444128e+06 1.440098e+06 1.437237e+06 1.436232e+06 1.437431e+06 1.440604e+06 1.445276e+06 1.457293e+06 1.470854e+06 1.484816e+06 1.498990e+06 1.513677e+06 1.529335e+06 1.752800e+06 1.965713e+06 2.118824e+06 2.213392e+06
1.630869e+06 1.630869e+06 1.630869e+06 1.630869e+06 1.630869e+06 1.613152e+06 1.557439e+06 1.505988e+06 1.494701e+06 1.487113e+06 1.477560e+06 1.471800e+06 1.467958e+06 1.465201e+06 1.463089e+06 1.461375e+06 1.459913e+06 1.454374e+06 1.450666e+06 1.449096e+06 1.449872e+06 1.452729e+06 1.457199e+06 1.469211e+06 1.483312e+06 1.498231e+06 1.513567e+06 1.529414e+06 1.546091e+06 1.773568e+06 1.986155e+06 2.132654e+06 2.221347e+06
1.668236e+06 1.668236e+06 1.668236e+06 1.668236e+06 1.668236e+06 1.648662e+06 1.587114e+06 1.530264e+06 1.517766e+06 1.509319e+06 1.498522e+06 1.491800e+06 1.487146e+06 1.483687e+06 1.480970e+06 1.478731e+06 1.476816e+06 1.469740e+06 1.465174e+06 1.463043e+06 1.463409e+06 1.465972e+06 1.470266e+06 1.482328e+06 1.497010e+06 1.512918e+06 1.529441e+06 1.546477e+06 1.564202e+06 1.794982e+06 2.006890e+06 2.146896e+06 2.229338e+06
1.707370e+06 1.707370e+06 1.707370e+06 1.707370e+06 1.707370e+06 1.685897e+06 1.618373e+06 1.555994e+06 1.542255e+06 1.532931e+06 1.520869e+06 1.513171e+06 1.507696e+06 1.503530e+06 1.500198e+06 1.497427e+06 1.495048e+06 1.486377e+06 1.480904e+06 1.478184e+06 1.478137e+06 1.480418e+06 1.484558e+06 1.496715e+06 1.512014e+06 1.528928e+06 1.546652e+06 1.564888e+06 1.583677e+06 1.817064e+06 2.027849e+06 2.161464e+06 2.237369e+06
1.748268e+06 1.748268e+06 1.748268e+06 1.748268e+06 1.748268e+06 1.724855e+06 1.651234e+06 1.583211e+06 1.568204e+06 1.557981e+06 1.544621e+06 1.535925e+06 1.529608e+06 1.524716e+06 1.520755e+06 1.517438e+06 1.514583e+06 1.504277e+06 1.497877e+06 1.494567e+06 1.494118e+06 1.496137e+06 1.500145e+06 1.512440e+06 1.528381e+06 1.546312e+06 1.565234e+06 1.584667e+06 1.604517e+06 1.839824e+06 2.048965e+06 2.176287e+06 2.245445e+06
1.790287e+06 1.790287e+06 1.790287e+06 1.790287e+06 1.790287e+06 1.764916e+06 1.685140e+06 1.611425e+06 1.595142e+06 1.584020e+06 1.569371e+06 1.559691e+06 1.552552e+06 1.546954e+06 1.542383e+06 1.538537e+06 1.535224e+06 1.523352e+06 1.516078e+06 1.512220e+06 1.511406e+06 1.513193e+06 1.517096e+06 1.529566e+06 1.546166e+06 1.565109e+06 1.585213e+06 1.605826e+06 1.626720e+06 1.863265e+06 2.070179e+06 2.191300e+06 2.253578e+06
1.833558e+06 1.833558e+06 1.833558e+06 1.833558e+06 1.833558e+06 1.806213e+06 1.720228e+06 1.640770e+06 1.623202e+06 1.611174e+06 1.595232e+06 1.584573e+06 1.576620e+06 1.570329e+06 1.565163e+06 1.560804e+06 1.557048e+06 1.543682e+06 1.535591e+06 1.531228e+06 1.530081e+06 1.531663e+06 1.535481e+06 1.548150e+06 1.565412e+06 1.585351e+06 1.606611e+06 1.628370e+06 1.650278e+06 1.887379e+06 2.091432e+06 2.206441e+06 2.261783e+06
1.878206e+06 1.878206e+06 1.878206e+06 1.878206e+06 1.878207e+06 1.848887e+06 1.756691e+06 1.671490e+06 1.652638e+06 1.639707e+06 1.622480e+06 1.610853e+06 1.602099e+06 1.595126e+06 1.589376e+06 1.584514e+06 1.580322e+06 1.565487e+06 1.556585e+06 1.551721e+06 1.550245e+06 1.551628e+06 1.555366e+06 1.568240e+06 1.586151e+06 1.607059e+06 1.629433e+06 1.652294e+06 1.675172e+06 1.912146e+06 2.112673e+06 2.221650e+06 2.270086e+06
1.924573e+06 1.924573e+06 1.924573e+06 1.924573e+06 1.924573e+06 1.893273e+06 1.794854e+06 1.703895e+06 1.683753e+06 1.669915e+06 1.651400e+06 1.638803e+06 1.629249e+06 1.621594e+06 1.615257e+06 1.609890e+06 1.605260e+06 1.588926e+06 1.579182e+06 1.573790e+06 1.571970e+06 1.573145e+06 1.576798e+06 1.589864e+06 1.608403e+06 1.630241e+06 1.653680e+06 1.677587e+06 1.701379e+06 1.937540e+06 2.133854e+06 2.236868e+06 2.278531e+06
1.972257e+06 1.972257e+06 1.972257e+06 1.972257e+06 1.972257e+06 1.939009e+06 1.834461e+06 1.737832e+06 1.716421e+06 1.701691e+06 1.681906e+06 1.668355e+06 1.658009e+06 1.649680e+06 1.642763e+06 1.636893e+06 1.631826e+06 1.613985e+06 1.603381e+06 1.597447e+06 1.595273e+06 1.596232e+06 1.599795e+06 1.613036e+06 1.632170e+06 1.654892e+06 1.679336e+06 1.704222e+06 1.728863e+06 1.963523e+06 2.154928e+06 2.252039e+06 2.287081e+06
2.021331e+06 2.021331e+06 2.021331e+06 2.021331e+06 2.021332e+06 1.986137e+06 1.875469e+06 1.773179e+06 1.750502e+06 1.734881e+06 1.713834e+06 1.699336e+06 1.688209e+06 1.679215e+06 1.671727e+06 1.665363e+06 1.659868e+06 1.640554e+06 1.629113e+06 1.622653e+06 1.620133e+06 1.620881e+06 1.624350e+06 1.637747e+06 1.657441e+06 1.680993e+06 1.706374e+06 1.732167e+06 1.757581e+06 1.990046e+06 2.175855e+06 2.267106e+06 2.295673e+06
2.071866e+06 2.071866e+06 2.071866e+06 2.071866e+06 2.071866e+06 2.034709e+06 1.917872e+06 1.809876e+06 1.785923e+06 1.769407e+06 1.747097e+06 1.731658e+06 1.719760e+06 1.710113e+06 1.702067e+06 1.695223e+06 1.689313e+06 1.668584e+06 1.656346e+06 1.649385e+06 1.646532e+06 1.647071e+06 1.650445e+06 1.663976e+06 1.684189e+06 1.708512e+06 1.734758e+06 1.761374e+06 1.787479e+06 2.017055e+06 2.196595e+06 2.282018e+06 2.304259e+06
2.123622e+06 2.123622e+06 2.123622e+06 2.123622e+06 2.123622e+06 2.084521e+06 1.961570e+06 1.847921e+06 1.822707e+06 1.805308e+06 1.781755e+06 1.765395e+06 1.752745e+06 1.742462e+06 1.733873e+06 1.726561e+06 1.720246e+06 1.698132e+06 1.685108e+06 1.677646e+06 1.674458e+06 1.674781e+06 1.678048e+06 1.691686e+06 1.712373e+06 1.737404e+06 1.764437e+06 1.791788e+06 1.818493e+06 2.044488e+06 2.217112e+06 2.296721e+06 2.312797e+06
2.177114e+06 2.177114e+06 2.177114e+06 2.177114e+06 2.177114e+06 2.136059e+06 2.006964e+06 1.887630e+06 1.861143e+06 1.842851e+06 1.818040e+06 1.800747e+06 1.787332e+06 1.776405e+06 1.767264e+06 1.759477e+06 1.752751e+06 1.729229e+06 1.715399e+06 1.707418e+06 1.703875e+06 1.703968e+06 1.707115e+06 1.720828e+06 1.741943e+06 1.767616e+06 1.795350e+06 1.823344e+06 1.850552e+06 2.072275e+06 2.237371e+06 2.311169e+06 2.321247e+06
2.230776e+06 2.230776e+06 2.230776e+06 2.230776e+06 2.230776e+06 2.187873e+06 2.052968e+06 1.928260e+06 1.900574e+06 1.881443e+06 1.855452e+06 1.837285e+06 1.823157e+06 1.811627e+06 1.801969e+06 1.793736e+06 1.786623e+06 1.761755e+06 1.747129e+06 1.738620e+06 1.734711e+06 1.734561e+06 1.737578e+06 1.751339e+06 1.772836e+06 1.799081e+06 1.827429e+06 1.855963e+06 1.883572e+06 2.100340e+06 2.257336e+06 2.325314e+06 2.329572e+06
2.285076e+06 2.285076e+06 2.285076e+06 2.285076e+06 2.285076e+06 2.240392e+06 2.099887e+06 1.969999e+06 1.941155e+06 1.921213e+06 1.894079e+06 1.875063e+06 1.860240e+06 1.848121e+06 1.837958e+06 1.829289e+06 1.821795e+06 1.795595e+06 1.780174e+06 1.771135e+06 1.766859e+06 1.766468e+06 1.769354e+06 1.783147e+06 1.804982e+06 1.831727e+06 1.860593e+06 1.889563e+06 1.917465e+06 2.128604e+06 2.276977e+06 2.339113e+06 2.337736e+06
2.340303e+06 2.340303e+06 2.340303e+06 2.340303e+06 2.340303e+06 2.293862e+06 2.147832e+06 2.012833e+06 1.982846e+06 1.962102e+06 1.933836e+06 1.913979e+06 1.898466e+06 1.885761e+06 1.875094e+06 1.865988e+06 1.858114e+06 1.830584e+06 1.814376e+06 1.804824e+06 1.800202e+06 1.799588e+06 1.802355e+06 1.816175e+06 1.838304e+06 1.865470e+06 1.894755e+06 1.924050e+06 1.952133e+06 2.156983e+06 2.296260e+06 2.352527e+06 2.345704e+06
2.396005e+06 2.396005e+06 2.396005e+06 2.396005e+06 2.396005e+06 2.347834e+06 2.196366e+06 2.056334e+06 2.025222e+06 2.003688e+06 1.974313e+06 1.953636e+06 1.937453e+06 1.924182e+06 1.913032e+06 1.903509e+06 1.895273e+06 1.866493e+06 1.849566e+06 1.839559e+06 1.834638e+06 1.833834e+06 1.836501e+06 1.850349e+06 1.872722e+06 1.900225e+06 1.929820e+06 1.959323e+06 1.987469e+06 2.185390e+06 2.315153e+06 2.365516e+06 2.353444e+06
2.450882e+06 2.450882e+06 2.450882e+06 2.450882e+06 2.450882e+06 2.401110e+06 2.244606e+06 2.099918e+06 2.067767e+06 2.045508e+06 2.015117e+06 1.993692e+06 1.976903e+06 1.963122e+06 1.951537e+06 1.941641e+06 1.933083e+06 1.903206e+06 1.885665e+06 1.875279e+06 1.870111e+06 1.869150e+06 1.871733e+06 1.885596e+06 1.908153e+06 1.935897e+06 1.965687e+06 1.995274e+06 2.023363e+06 2.213735e+06 2.333626e+06 2.378047e+06 2.360922e+06
2.505490e+06 2.505490e+06 2.505490e+06 2.505490e+06 2.505490e+06 2.454214e+06 2.292981e+06 2.143919e+06 2.110792e+06 2.087851e+06 2.056506e+06 2.034382e+06 2.017026e+06 2.002772e+06 1.990784e+06 1.980545e+06 1.971691e+06 1.940821e+06 1.922734e+06 1.912010e+06 1.906617e+06 1.905507e+06 1.908003e+06 1.921841e+06 1.944505e+06 1.972383e+06 2.002245e+06 2.031787e+06 2.059696e+06 2.241927e+06 2.351645e+06 2.390088e+06 2.368111e+06
2.560389e+06 2.560389e+06 2.560389e+06 2.560389e+06 2.560389e+06 2.507676e+06 2.341925e+06 2.188687e+06 2.154629e+06 2.131038e+06 2.098786e+06 2.075998e+06 2.058106e+06 2.043403e+06 2.031033e+06 2.020467e+06 2.011331e+06 1.979499e+06 1.960865e+06 1.949787e+06 1.944149e+06 1.942868e+06 1.945252e+06 1.959000e+06 1.981679e+06 2.009573e+06 2.039376e+06 2.068742e+06 2.096346e+06 2.269876e+06 2.369182e+06 2.401611e+06 2.374980e+06
2.615940e+06 2.615940e+06 2.615940e+06 2.615940e+06 2.615940e+06 2.561842e+06 2.391734e+06 2.234464e+06 2.199504e+06 2.175282e+06 2.142146e+06 2.118708e+06 2.100289e+06 2.085141e+06 2.072392e+06 2.061499e+06 2.052079e+06 2.019258e+06 2.000033e+06 1.988557e+06 1.982635e+06 1.981149e+06 1.983387e+06 1.996970e+06 2.019561e+06 2.047348e+06 2.076956e+06 2.106012e+06 2.133184e+06 2.297490e+06 2.386203e+06 2.412590e+06 2.381503e+06
2.670997e+06 2.670997e+06 2.670997e+06 2.670997e+06 2.670997e+06 2.615639e+06 2.441572e+06 2.280639e+06 2.244861e+06 2.220067e+06 2.186126e+06 2.162095e+06 2.143189e+06 2.127629e+06 2.114526e+06 2.103324e+06 2.093634e+06 2.059848e+06 2.040024e+06 2.028136e+06 2.021914e+06 2.020204e+06 2.022275e+06 2.035627e+06 2.058028e+06 2.085579e+06 2.114855e+06 2.143465e+06 2.170080e+06 2.324678e+06 2.402679e+06 2.423002e+06 2.387655e+06
2.724700e+06 2.724700e+06 2.724700e+06 2.724700e+06 2.724700e+06 2.668245e+06 2.490729e+06 2.326601e+06 2.290107e+06 2.264810e+06 2.230159e+06 2.205599e+06 2.186261e+06 2.170334e+06 2.156914e+06 2.145438e+06 2.135508e+06 2.100869e+06 2.080521e+06 2.068270e+06 2.061779e+06 2.059861e+06 2.061763e+06 2.074834e+06 2.096946e+06 2.124132e+06 2.152937e+06 2.180965e+06 2.206901e+06 2.351353e+06 2.418579e+06 2.432828e+06 2.393413e+06
2.776175e+06 2.776175e+06 2.776175e+06 2.776175e+06 2.776175e+06 2.718806e+06 2.538413e+06 2.371626e+06 2.334540e+06 2.308830e+06 2.273605e+06 2.248627e+06 2.228951e+06 2.212741e+06 2.199080e+06 2.187395e+06 2.177285e+06 2.142012e+06 2.121276e+06 2.108755e+06 2.102054e+06 2.099962e+06 2.101705e+06 2.114453e+06 2.136178e+06 2.162869e+06 2.191062e+06 2.218375e+06 2.243513e+06 2.377428e+06 2.433873e+06 2.442050e+06 2.398755e+06
2.826352e+06 2.826352e+06 2.826352e+06 2.826352e+06 2.826352e+06 2.768185e+06 2.585285e+06 2.416181e+06 2.378578e+06 2.352508e+06 2.316783e+06 2.291443e+06 2.271476e+06 2.255024e+06 2.241159e+06 2.229299e+06 2.219038e+06 2.183250e+06 2.162216e+06 2.149492e+06 2.142631e+06 2.140390e+06 2.141977e+06 2.154353e+06 2.175584e+06 2.201646e+06 2.229090e+06 2.255558e+06 2.279781e+06 2.402820e+06 2.448532e+06 2.450653e+06 2.403662e+06
2.875498e+06 2.875498e+06 2.875498e+06 2.875498e+06 2.875498e+06 2.816637e+06 2.631555e+06 2.460430e+06 2.422376e+06 2.395992e+06 2.359830e+06 2.334172e+06 2.313952e+06 2.297288e+06 2.283243e+06 2.271231e+06 2.260838e+06 2.224608e+06 2.203330e+06 2.190444e+06 2.183445e+06 2.181057e+06 2.182475e+06 2.194404e+06 2.215024e+06 2.240321e+06 2.266877e+06 2.292373e+06 2.315571e+06 2.427450e+06 2.462528e+06 2.458626e+06 2.408117e+06
2.922826e+06 2.922826e+06 2.922826e+06 2.922826e+06 2.922826e+06 2.863439e+06 2.676703e+06 2.504050e+06 2.465656e+06 2.439034e+06 2.402543e+06 2.376647e+06 2.356235e+06 2.339412e+06 2.325234e+06 2.313108e+06 2.302618e+06 2.266064e+06 2.244602e+06 2.231576e+06 2.224435e+06 2.221881e+06 2.223094e+06 2.234474e+06 2.254354e+06 2.278748e+06 2.304282e+06 2.328684e+06 2.350754e+06 2.451242e+06 2.475834e+06 2.465957e+06 2.412104e+06
2.968843e+06 2.968843e+06 2.968843e+06 2.968843e+06 2.968843e+06 2.909063e+06 2.721091e+06 2.547296e+06 2.508648e+06 2.481849e+06 2.445111e+06 2.419034e+06 2.398477e+06 2.381533e+06 2.367252e+06 2.355038e+06 2.344473e+06 2.307660e+06 2.286028e+06 2.272846e+06 2.265527e+06 2.262758e+06 2.263712e+06 2.274420e+06 2.293426e+06 2.316778e+06 2.341161e+06 2.364356e+06 2.385202e+06 2.474125e+06 2.488425e+06 2.472639e+06 2.415610e+06
3.014266e+06 3.014266e+06 3.014266e+06 3.014266e+06 3.014266e+06 2.954173e+06 2.765217e+06 2.590510e+06 2.551656e+06 2.524711e+06 2.487767e+06 2.461535e+06 2.440848e+06 2.423793e+06 2.409415e+06 2.397117e+06 2.386477e+06 2.349386e+06 2.327541e+06 2.314145e+06 2.306587e+06 2.303542e+06 2.304172e+06 2.314081e+06 2.332082e+06 2.354263e+06 2.377373e+06 2.399255e+06 2.418791e+06 2.496032e+06 2.500275e+06 2.478665e+06 2.418624e+06
3.058530e+06 3.058530e+06 3.058530e+06 3.058530e+06 3.058530e+06 2.998229e+06 2.808616e+06 2.633300e+06 2.594310e+06 2.567268e+06 2.530182e+06 2.503839e+06 2.483056e+06 2.465915e+06 2.451459e+06 2.439089e+06 2.428383e+06 2.391009e+06 2.368910e+06 2.355251e+06 2.347401e+06 2.344026e+06 2.344280e+06 2.353280e+06 2.370159e+06 2.391051e+06 2.412780e+06 2.433254e+06 2.451402e+06 2.516904e+06 2.511364e+06 2.484032e+06 2.421136e+06
3.101279e+06 3.101279e+06 3.101279e+06 3.101279e+06 3.101279e+06 3.040879e+06 2.850960e+06 2.675354e+06 2.636294e+06 2.609198e+06 2.572022e+06 2.545596e+06 2.524734e+06 2.507518e+06 2.492991e+06 2.480554e+06 2.469785e+06 2.432134e+06 2.409781e+06 2.395851e+06 2.387696e+06 2.383968e+06 2.383819e+06 2.391835e+06 2.407496e+06 2.426998e+06 2.447248e+06 2.466232e+06 2.482925e+06 2.536684e+06 2.521670e+06 2.488736e+06 2.423139e+06
3.141554e+06 3.141554e+06 3.141554e+06 3.141554e+06 3.141554e+06 3.081173e+06 2.891312e+06 2.715759e+06 2.676709e+06 2.649618e+06 2.612442e+06 2.586006e+06 2.565128e+06 2.547893e+06 2.533345e+06 2.520886e+06 2.510094e+06 2.472310e+06 2.449788e+06 2.435638e+06 2.427203e+06 2.423135e+06 2.422579e+06 2.429567e+06 2.443938e+06 2.461963e+06 2.480652e+06 2.498074e+06 2.513255e+06 2.555324e+06 2.531175e+06 2.492777e+06 2.424628e+06
3.179468e+06 3.179468e+06 3.179468e+06 3.179468e+06 3.179468e+06 3.119203e+06 2.929706e+06 2.754492e+06 2.715517e+06 2.688478e+06 2.651367e+06 2.624972e+06 2.604122e+06 2.586906e+06 2.572371e+06 2.559921e+06 2.549134e+06 2.511329e+06 2.488714e+06 2.474399e+06 2.465724e+06 2.461338e+06 2.460381e+06 2.466319e+06 2.479341e+06 2.495817e+06 2.512874e+06 2.528673e+06 2.542296e+06 2.572778e+06 2.539863e+06 2.496155e+06 2.425597e+06
3.215785e+06 3.215785e+06 3.215785e+06 3.215785e+06 3.215785e+06 3.155678e+06 2.966677e+06 2.791920e+06 2.753046e+06 2.726074e+06 2.689050e+06 2.662709e+06 2.641896e+06 2.624706e+06 2.610189e+06 2.597751e+06 2.586971e+06 2.549157e+06 2.526471e+06 2.512018e+06 2.503128e+06 2.498440e+06 2.497090e+06 2.501957e+06 2.513578e+06 2.528442e+06 2.543806e+06 2.557933e+06 2.569960e+06 2.589011e+06 2.547719e+06 2.498871e+06 2.426047e+06
3.250194e+06 3.250194e+06 3.250194e+06 3.250194e+06 3.250194e+06 3.190304e+06 3.001985e+06 2.827856e+06 2.789118e+06 2.762239e+06 2.725335e+06 2.699070e+06 2.678311e+06 2.661160e+06 2.646672e+06 2.634256e+06 2.623492e+06 2.585704e+06 2.562976e+06 2.548411e+06 2.539324e+06 2.534344e+06 2.532599e+06 2.536366e+06 2.546535e+06 2.559730e+06 2.573351e+06 2.585765e+06 2.596170e+06 2.603988e+06 2.554732e+06 2.500931e+06 2.425975e+06
3.281883e+06 3.281883e+06 3.281883e+06 3.281883e+06 3.281882e+06 3.222316e+06 3.035016e+06 2.861829e+06 2.823301e+06 2.796567e+06 2.759858e+06 2.733730e+06 2.713076e+06 2.696010e+06 2.681592e+06 2.669234e+06 2.658518e+06 2.620868e+06 2.598162e+06 2.583517e+06 2.574246e+06 2.568972e+06 2.566820e+06 2.569445e+06 2.578110e+06 2.589586e+06 2.601422e+06 2.612092e+06 2.620856e+06 2.617686e+06 2.560894e+06 2.502337e+06 2.425384e+06
3.311454e+06 3.311454e+06 3.311454e+06 3.311454e+06 3.311454e+06 3.252277e+06 3.066203e+06 2.894150e+06 2.855874e+06 2.829316e+06 2.792848e+06 2.766890e+06 2.746370e+06 2.729413e+06 2.715086e+06 2.702804e+06 2.692152e+06 2.654697e+06 2.632035e+06 2.617313e+06 2.607846e+06 2.602258e+06 2.599673e+06 2.601100e+06 2.608209e+06 2.617920e+06 2.627938e+06 2.636844e+06 2.643958e+06 2.630085e+06 2.566197e+06 2.503095e+06 2.424276e+06
3.339799e+06 3.339799e+06 3.339799e+06 3.339799e+06 3.339798e+06 3.281014e+06 3.096172e+06 2.925258e+06 2.887236e+06 2.860852e+06 2.824623e+06 2.798833e+06 2.778442e+06 2.761590e+06 2.747349e+06 2.735138e+06 2.724544e+06 2.687249e+06 2.664599e+06 2.649764e+06 2.640063e+06 2.634123e+06 2.631070e+06 2.631236e+06 2.636740e+06 2.644654e+06 2.652831e+06 2.659962e+06 2.665425e+06 2.641170e+06 2.570638e+06 2.503213e+06 2.422655e+06
3.366458e+06 3.366458e+06 3.366458e+06 3.366458e+06 3.366458e+06 3.308094e+06 3.124575e+06 2.954882e+06 2.917129e+06 2.890932e+06 2.854958e+06 2.829347e+06 2.809096e+06 2.792357e+06 2.778208e+06 2.766072e+06 2.755539e+06 2.718404e+06 2.695742e+06 2.680758e+06 2.670786e+06 2.664456e+06 2.660901e+06 2.659755e+06 2.663619e+06 2.669713e+06 2.676038e+06 2.681393e+06 2.685213e+06 2.650933e+06 2.574214e+06 2.502697e+06 2.420527e+06
3.390698e+06 3.390698e+06 3.390698e+06 3.390698e+06 3.390698e+06 3.332826e+06 3.150851e+06 2.982586e+06 2.945151e+06 2.919174e+06 2.883504e+06 2.858110e+06 2.838029e+06 2.821428e+06 2.807392e+06 2.795349e+06 2.784892e+06 2.747952e+06 2.725277e+06 2.710129e+06 2.699862e+06 2.693119e+06 2.689042e+06 2.686556e+06 2.688765e+06 2.693033e+06 2.697508e+06 2.701097e+06 2.703291e+06 2.659373e+06 2.576928e+06 2.501557e+06 2.417897e+06
3.412721e+06 3.412721e+06 3.412721e+06 3.412721e+06 3.412721e+06 3.355383e+06 3.175092e+06 3.008382e+06 2.971292e+06 2.945555e+06 2.910211e+06 2.885048e+06 2.865148e+06 2.848692e+06 2.834774e+06 2.822827e+06 2.812448e+06 2.775705e+06 2.753015e+06 2.737697e+06 2.727129e+06 2.719970e+06 2.715371e+06 2.711547e+06 2.712108e+06 2.714559e+06 2.717199e+06 2.719041e+06 2.719633e+06 2.666492e+06 2.578781e+06 2.499802e+06 2.414774e+06
3.432823e+06 3.432823e+06 3.432823e+06 3.432823e+06 3.432823e+06 3.376021e+06 3.197414e+06 3.032260e+06 2.995516e+06 2.970018e+06 2.934998e+06 2.910060e+06 2.890332e+06 2.874014e+06 2.860208e+06 2.848351e+06 2.838045e+06 2.801486e+06 2.778779e+06 2.763299e+06 2.752444e+06 2.744886e+06 2.739781e+06 2.734651e+06 2.733591e+06 2.734250e+06 2.735081e+06 2.735203e+06 2.734226e+06 2.672299e+06 2.579782e+06 2.497444e+06 2.411166e+06
3.450782e+06 3.450782e+06 3.450782e+06 3.450782e+06 3.450782e+06 3.394525e+06 3.217632e+06 3.054059e+06 3.017664e+06 2.992405e+06 2.957705e+06 2.932986e+06 2.913423e+06 2.897235e+06 2.883532e+06 2.871759e+06 2.861521e+06 2.825137e+06 2.802428e+06 2.786812e+06 2.775704e+06 2.767779e+06 2.762200e+06 2.755817e+06 2.753176e+06 2.752079e+06 2.751133e+06 2.749572e+06 2.747062e+06 2.676807e+06 2.579936e+06 2.494492e+06 2.407082e+06
3.465985e+06 3.465985e+06 3.465985e+06 3.465985e+06 3.465985e+06 3.410308e+06 3.235236e+06 3.073348e+06 3.037326e+06 3.012325e+06 2.977975e+06 2.953498e+06 2.934123e+06 2.918085e+06 2.904505e+06 2.892834e+06 2.882680e+06 2.846538e+06 2.823881e+06 2.808179e+06 2.796862e+06 2.788613e+06 2.782596e+06 2.775020e+06 2.770845e+06 2.768031e+06 2.765348e+06 2.762145e+06 2.758147e+06 2.680033e+06 2.579256e+06 2.490960e+06 2.402533e+06
3.478586e+06 3.478586e+06 3.478586e+06 3.478586e+06 3.478586e+06 3.423517e+06 3.250357e+06 3.090238e+06 3.054610e+06 3.029881e+06 2.995903e+06 2.971687e+06 2.952514e+06 2.936640e+06 2.923197e+06 2.911639e+06 2.901580e+06 2.865732e+06 2.843172e+06 2.827427e+06 2.815941e+06 2.807403e+06 2.800980e+06 2.792262e+06 2.786596e+06 2.782107e+06 2.777729e+06 2.772929e+06 2.767491e+06 2.682000e+06 2.577753e+06 2.486860e+06 2.397529e+06
3.489104e+06 3.489104e+06 3.489104e+06 3.489104e+06 3.489104e+06 3.434645e+06 3.263402e+06 3.105056e+06 3.069822e+06 3.045366e+06 3.011758e+06 2.987803e+06 2.968833e+06 2.953124e+06 2.939817e+06 2.928373e+06 2.918411e+06 2.882864e+06 2.860415e+06 2.844643e+06 2.833007e+06 2.824200e+06 2.817390e+06 2.807565e+06 2.800442e+06 2.794316e+06 2.788288e+06 2.781941e+06 2.775113e+06 2.682734e+06 2.575443e+06 2.482205e+06 2.392083e+06
3.497657e+06 3.497657e+06 3.497657e+06 3.497657e+06 3.497657e+06 3.443807e+06 3.274480e+06 3.117905e+06 3.083065e+06 3.058881e+06 3.025647e+06 3.001955e+06 2.983190e+06 2.967649e+06 2.954482e+06 2.943154e+06 2.933290e+06 2.898051e+06 2.875716e+06 2.859923e+06 2.848141e+06 2.839069e+06 2.831876e+06 2.820958e+06 2.812403e+06 2.804676e+06 2.797045e+06 2.789202e+06 2.781040e+06 2.682266e+06 2.572342e+06 2.477010e+06 2.386206e+06
3.504299e+06 3.504299e+06 3.504299e+06 3.504299e+06 3.504299e+06 3.451063e+06 3.283667e+06 3.128877e+06 3.094434e+06 3.070525e+06 3.037666e+06 3.014239e+06 2.995681e+06 2.980309e+06 2.967282e+06 2.956072e+06 2.946308e+06 2.911380e+06 2.889160e+06 2.873341e+06 2.861408e+06 2.852064e+06 2.844483e+06 2.832471e+06 2.822501e+06 2.813211e+06 2.804026e+06 2.794744e+06 2.785305e+06 2.680628e+06 2.568468e+06 2.471289e+06 2.379910e+06
3.509083e+06 3.509083e+06 3.509083e+06 3.509083e+06 3.509083e+06 3.456468e+06 3.291023e+06 3.138036e+06 3.103994e+06 3.080362e+06 3.047882e+06 3.024722e+06 3.006373e+06 2.991170e+06 2.978284e+06 2.967192e+06 2.957527e+06 2.922910e+06 2.900801e+06 2.884947e+06 2.872849e+06 2.863220e+06 2.855239e+06 2.842125e+06 2.830760e+06 2.819946e+06 2.809261e+06 2.798599e+06 2.787946e+06 2.677857e+06 2.563841e+06 2.465057e+06 2.373210e+06
3.512056e+06 3.512056e+06 3.512056e+06 3.512056e+06 3.512055e+06 3.460064e+06 3.296583e+06 3.145413e+06 3.111773e+06 3.088422e+06 3.056323e+06 3.033431e+06 3.015291e+06 3.000260e+06 2.987515e+06 2.976542e+06 2.966977e+06 2.932671e+06 2.910665e+06 2.894760e+06 2.882480e+06 2.872548e+06 2.864155e+06 2.849936e+06 2.837199e+06 2.824909e+06 2.812785e+06 2.800809e+06 2.789007e+06 2.673991e+06 2.558483e+06 2.458331e+06 2.366117e+06
3.513259e+06 3.513259e+06 3.513259e+06 3.513259e+06 3.513259e+06 3.461895e+06 3.300385e+06 3.151037e+06 3.117803e+06 3.094731e+06 3.063015e+06 3.040392e+06 3.022463e+06 3.007601e+06 2.994997e+06 2.984141e+06 2.974675e+06 2.940666e+06 2.918743e+06 2.902768e+06 2.890287e+06 2.880037e+06 2.871225e+06 2.855909e+06 2.841840e+06 2.828133e+06 2.814637e+06 2.801419e+06 2.788536e+06 2.669073e+06 2.552417e+06 2.451125e+06 2.358645e+06
