1.527513e+05 5.757360e+04 5.169126e+04 4.983331e+04 5.146954e+04 6.710768e+04 8.625104e+04 1.185391e+05 1.327325e+05 1.458396e+05 1.691379e+05 1.890913e+05 2.063201e+05 2.213645e+05 2.346631e+05 2.465582e+05 2.573115e+05 2.993868e+05 3.275110e+05 3.402352e+05 3.334679e+05 3.092113e+05 2.759529e+05 2.129291e+05 1.704269e+05 1.445200e+05 1.284483e+05 1.179671e+05 1.107366e+05 8.465727e+04 7.318206e+04 6.475391e+04 5.810634e+04
8.819492e+04 8.819566e+04 8.819790e+04 8.826218e+04 8.843815e+04 9.266393e+04 1.040720e+05 1.299186e+05 1.428420e+05 1.549726e+05 1.767874e+05 1.956311e+05 2.119933e+05 2.263474e+05 2.390891e+05 2.505301e+05 2.609090e+05 3.018252e+05 3.293521e+05 3.416876e+05 3.346184e+05 3.101111e+05 2.766500e+05 2.133554e+05 1.707063e+05 1.447169e+05 1.285947e+05 1.180801e+05 1.108257e+05 8.466280e+04 7.317095e+04 6.473924e+04 5.809170e+04
1.221439e+05 1.221442e+05 1.221451e+05 1.221721e+05 1.222508e+05 1.240453e+05 1.297202e+05 1.482980e+05 1.575615e+05 1.673506e+05 1.864983e+05 2.036121e+05 2.187192e+05 2.321253e+05 2.441333e+05 2.549950e+05 2.649087e+05 3.044480e+05 3.312996e+05 3.432085e+05 3.358152e+05 3.110428e+05 2.773694e+05 2.137929e+05 1.709919e+05 1.449175e+05 1.287436e+05 1.181946e+05 1.109159e+05 8.466825e+04 7.315973e+04 6.472449e+04 5.807700e+04
1.517218e+05 1.517220e+05 1.517228e+05 1.517456e+05 1.518086e+05 1.531401e+05 1.560447e+05 1.694575e+05 1.770240e+05 1.840818e+05 1.982310e+05 2.127211e+05 2.262387e+05 2.385105e+05 2.496618e+05 2.598567e+05 2.692402e+05 3.072361e+05 3.333462e+05 3.447944e+05 3.370567e+05 3.120057e+05 2.781107e+05 2.142417e+05 1.712838e+05 1.451220e+05 1.288948e+05 1.183108e+05 1.110072e+05 8.467362e+04 7.314840e+04 6.470965e+04 5.806224e+04
1.787820e+05 1.787821e+05 1.787824e+05 1.787922e+05 1.788212e+05 1.795909e+05 1.813798e+05 1.890664e+05 1.953054e+05 2.015288e+05 2.126703e+05 2.234149e+05 2.345004e+05 2.453684e+05 2.555469e+05 2.650113e+05 2.738223e+05 3.101654e+05 3.354825e+05 3.464413e+05 3.383410e+05 3.129989e+05 2.788733e+05 2.147015e+05 1.715819e+05 1.453301e+05 1.290485e+05 1.184286e+05 1.110996e+05 8.467891e+04 7.313696e+04 6.469473e+04 5.804743e+04
2.018479e+05 2.018480e+05 2.018482e+05 2.018548e+05 2.018745e+05 2.024052e+05 2.036730e+05 2.079375e+05 2.120606e+05 2.171066e+05 2.270099e+05 2.356716e+05 2.441106e+05 2.528530e+05 2.617814e+05 2.704084e+05 2.785981e+05 3.132102e+05 3.376980e+05 3.481443e+05 3.396657e+05 3.140211e+05 2.796568e+05 2.151722e+05 1.718861e+05 1.455420e+05 1.292045e+05 1.185479e+05 1.111931e+05 8.468412e+04 7.312540e+04 6.467973e+04 5.803255e+04
2.216495e+05 2.216495e+05 2.216497e+05 2.216544e+05 2.216684e+05 2.220448e+05 2.229434e+05 2.254864e+05 2.278659e+05 2.313428e+05 2.397712e+05 2.475964e+05 2.545764e+05 2.614734e+05 2.686465e+05 2.761280e+05 2.835785e+05 3.163481e+05 3.399815e+05 3.498981e+05 3.410283e+05 3.150712e+05 2.804605e+05 2.156536e+05 1.721964e+05 1.457575e+05 1.293629e+05 1.186688e+05 1.112876e+05 8.468924e+04 7.311372e+04 6.466464e+04 5.801762e+04
2.384983e+05 2.384983e+05 2.384984e+05 2.385019e+05 2.385121e+05 2.387826e+05 2.394379e+05 2.411615e+05 2.425016e+05 2.446532e+05 2.511268e+05 2.582880e+05 2.646811e+05 2.705424e+05 2.764007e+05 2.825027e+05 2.888968e+05 3.195661e+05 3.423227e+05 3.516972e+05 3.424259e+05 3.161476e+05 2.812836e+05 2.161455e+05 1.725125e+05 1.459766e+05 1.295237e+05 1.187913e+05 1.113832e+05 8.469427e+04 7.310193e+04 6.464947e+04 5.800263e+04
2.528401e+05 2.528401e+05 2.528402e+05 2.528427e+05 2.528504e+05 2.530599e+05 2.535840e+05 2.549164e+05 2.557302e+05 2.570059e+05 2.615659e+05 2.677588e+05 2.738456e+05 2.792915e+05 2.843991e+05 2.895326e+05 2.948661e+05 3.228670e+05 3.447133e+05 3.535362e+05 3.438558e+05 3.172490e+05 2.821254e+05 2.166476e+05 1.728346e+05 1.461993e+05 1.296867e+05 1.189152e+05 1.114798e+05 8.469921e+04 7.309002e+04 6.463421e+04 5.798758e+04
2.653208e+05 2.653208e+05 2.653209e+05 2.653229e+05 2.653289e+05 2.654910e+05 2.659032e+05 2.669774e+05 2.675353e+05 2.683054e+05 2.713453e+05 2.763599e+05 2.820252e+05 2.873320e+05 2.921375e+05 2.967085e+05 3.013034e+05 3.262766e+05 3.471490e+05 3.554105e+05 3.453150e+05 3.183738e+05 2.829851e+05 2.171597e+05 1.731624e+05 1.464255e+05 1.298520e+05 1.190407e+05 1.115774e+05 8.470405e+04 7.307799e+04 6.461887e+04 5.797247e+04
2.762139e+05 2.762139e+05 2.762140e+05 2.762159e+05 2.762216e+05 2.763651e+05 2.767088e+05 2.775962e+05 2.780270e+05 2.785340e+05 2.805312e+05 2.843980e+05 2.894459e+05 2.946038e+05 2.993434e+05 3.036805e+05 3.078352e+05 3.298516e+05 3.496307e+05 3.573168e+05 3.468012e+05 3.195206e+05 2.838618e+05 2.176815e+05 1.734958e+05 1.466552e+05 1.300195e+05 1.191677e+05 1.116760e+05 8.470880e+04 7.306585e+04 6.460344e+04 5.795730e+04
3.490866e+05 3.490867e+05 3.490867e+05 3.490877e+05 3.490907e+05 3.491665e+05 3.493311e+05 3.497797e+05 3.500444e+05 3.503249e+05 3.508872e+05 3.514133e+05 3.520006e+05 3.528788e+05 3.542542e+05 3.561966e+05 3.586311e+05 3.723996e+05 3.807980e+05 3.794474e+05 3.632066e+05 3.320610e+05 2.934402e+05 2.233711e+05 1.771107e+05 1.491271e+05 1.318083e+05 1.205131e+05 1.127131e+05 8.475021e+04 7.293766e+04 6.444442e+04 5.780235e+04
3.932623e+05 3.932623e+05 3.932623e+05 3.932625e+05 3.932632e+05 3.932830e+05 3.933349e+05 3.935046e+05 3.936178e+05 3.937483e+05 3.940518e+05 3.943908e+05 3.947378e+05 3.950818e+05 3.954497e+05 3.959074e+05 3.965391e+05 4.036500e+05 4.118297e+05 4.082491e+05 3.861072e+05 3.485869e+05 3.051374e+05 2.298786e+05 1.811664e+05 1.518684e+05 1.337712e+05 1.219736e+05 1.138264e+05 8.477842e+04 7.279666e+04 6.427658e+04 5.764137e+04
4.258239e+05 4.258239e+05 4.258239e+05 4.258242e+05 4.258249e+05 4.258456e+05 4.259021e+05 4.260954e+05 4.262287e+05 4.263862e+05 4.267703e+05 4.272329e+05 4.277525e+05 4.283060e+05 4.288741e+05 4.294472e+05 4.300300e+05 4.338240e+05 4.381402e+05 4.334441e+05 4.098407e+05 3.687688e+05 3.207427e+05 2.379996e+05 1.857586e+05 1.548612e+05 1.358758e+05 1.235201e+05 1.149924e+05 8.479002e+04 7.264203e+04 6.409966e+04 5.747428e+04
4.594620e+05 4.594620e+05 4.594620e+05 4.594621e+05 4.594625e+05 4.594755e+05 4.595129e+05 4.596496e+05 4.597477e+05 4.598653e+05 4.601554e+05 4.605105e+05 4.609194e+05 4.613709e+05 4.618539e+05 4.623582e+05 4.628745e+05 4.654105e+05 4.660582e+05 4.574709e+05 4.311275e+05 3.875881e+05 3.366489e+05 2.479539e+05 1.914844e+05 1.582652e+05 1.381526e+05 1.251485e+05 1.161979e+05 8.478153e+04 7.247292e+04 6.391341e+04 5.730100e+04
4.914930e+05 4.914930e+05 4.914930e+05 4.914931e+05 4.914934e+05 4.915036e+05 4.915336e+05 4.916444e+05 4.917229e+05 4.918161e+05 4.920448e+05 4.923272e+05 4.926582e+05 4.930315e+05 4.934398e+05 4.938753e+05 4.943290e+05 4.963637e+05 4.949657e+05 4.825026e+05 4.519151e+05 4.048405e+05 3.510954e+05 2.578996e+05 1.980246e+05 1.624379e+05 1.407740e+05 1.269103e+05 1.174558e+05 8.474955e+04 7.228853e+04 6.371760e+04 5.712146e+04
5.219875e+05 5.219875e+05 5.219875e+05 5.219876e+05 5.219879e+05 5.219962e+05 5.220208e+05 5.221118e+05 5.221763e+05 5.222530e+05 5.224402e+05 5.226683e+05 5.229318e+05 5.232258e+05 5.235454e+05 5.238859e+05 5.242413e+05 5.257373e+05 5.231036e+05 5.077257e+05 4.728977e+05 4.215638e+05 3.644268e+05 2.669664e+05 2.044630e+05 1.669651e+05 1.438835e+05 1.289639e+05 1.188255e+05 8.469111e+04 7.208812e+04 6.351202e+04 5.693558e+04
5.501893e+05 5.501894e+05 5.501894e+05 5.501894e+05 5.501896e+05 5.501952e+05 5.502118e+05 5.502734e+05 5.503166e+05 5.503672e+05 5.504895e+05 5.506394e+05 5.508155e+05 5.510161e+05 5.512388e+05 5.514801e+05 5.517354e+05 5.527156e+05 5.492267e+05 5.317937e+05 4.934391e+05 4.379731e+05 3.771821e+05 2.751407e+05 2.103522e+05 1.713718e+05 1.471410e+05 1.313056e+05 1.204332e+05 8.460401e+04 7.187101e+04 6.329649e+04 5.674332e+04
5.749699e+05 5.749699e+05 5.749699e+05 5.749699e+05 5.749701e+05 5.749751e+05 5.749898e+05 5.750452e+05 5.750847e+05 5.751315e+05 5.752441e+05 5.753785e+05 5.755307e+05 5.756975e+05 5.758762e+05 5.760642e+05 5.762581e+05 5.768432e+05 5.727066e+05 5.538054e+05 5.127256e+05 4.537139e+05 3.894692e+05 2.826967e+05 2.156295e+05 1.754069e+05 1.502764e+05 1.336952e+05 1.221964e+05 8.448714e+04 7.163666e+04 6.307086e+04 5.654464e+04
5.970503e+05 5.970503e+05 5.970503e+05 5.970504e+05 5.970504e+05 5.970531e+05 5.970607e+05 5.970873e+05 5.971052e+05 5.971260e+05 5.971766e+05 5.972397e+05 5.973156e+05 5.974041e+05 5.975043e+05 5.976144e+05 5.977314e+05 5.979420e+05 5.933122e+05 5.733586e+05 5.302437e+05 4.683863e+05 4.011490e+05 2.898460e+05 2.204228e+05 1.790115e+05 1.531358e+05 1.359648e+05 1.239546e+05 8.434089e+04 7.138466e+04 6.283499e+04 5.633950e+04
6.151948e+05 6.151948e+05 6.151948e+05 6.151948e+05 6.151949e+05 6.151982e+05 6.152080e+05 6.152430e+05 6.152669e+05 6.152945e+05 6.153597e+05 6.154362e+05 6.155222e+05 6.156159e+05 6.157159e+05 6.158206e+05 6.159271e+05 6.160256e+05 6.111278e+05 5.904603e+05 5.458549e+05 4.817853e+05 4.120759e+05 2.966792e+05 2.248842e+05 1.822417e+05 1.556706e+05 1.380132e+05 1.255964e+05 8.416745e+04 7.111479e+04 6.258883e+04 5.612790e+04
6.311139e+05 6.311139e+05 6.311139e+05 6.311140e+05 6.311140e+05 6.311156e+05 6.311203e+05 6.311380e+05 6.311509e+05 6.311664e+05 6.312051e+05 6.312536e+05 6.313113e+05 6.313780e+05 6.314528e+05 6.315347e+05 6.316211e+05 6.316432e+05 6.266012e+05 6.054448e+05 5.597279e+05 4.939313e+05 4.222042e+05 3.032175e+05 2.291193e+05 1.851887e+05 1.579027e+05 1.398015e+05 1.270522e+05 8.397118e+04 7.082705e+04 6.233233e+04 5.590984e+04
6.446861e+05 6.446861e+05 6.446861e+05 6.446861e+05 6.446862e+05 6.446885e+05 6.446957e+05 6.447232e+05 6.447430e+05 6.447666e+05 6.448233e+05 6.448912e+05 6.449684e+05 6.450535e+05 6.451453e+05 6.452425e+05 6.453424e+05 6.454093e+05 6.403145e+05 6.187994e+05 5.721991e+05 5.049959e+05 4.315861e+05 3.094597e+05 2.331802e+05 1.879296e+05 1.598838e+05 1.413358e+05 1.282912e+05 8.375903e+04 7.052172e+04 6.206553e+04 5.568533e+04
6.574533e+05 6.574533e+05 6.574533e+05 6.574533e+05 6.574534e+05 6.574547e+05 6.574585e+05 6.574737e+05 6.574853e+05 6.574996e+05 6.575361e+05 6.575831e+05 6.576404e+05 6.577076e+05 6.577843e+05 6.578693e+05 6.579600e+05 6.580095e+05 6.528525e+05 6.310145e+05 5.836354e+05 5.152036e+05 4.403243e+05 3.154027e+05 2.370808e+05 1.905118e+05 1.616656e+05 1.426454e+05 1.293127e+05 8.354163e+04 7.019933e+04 6.178851e+04 5.545443e+04
6.691767e+05 6.691767e+05 6.691767e+05 6.691767e+05 6.691768e+05 6.691789e+05 6.691854e+05 6.692098e+05 6.692276e+05 6.692487e+05 6.693004e+05 6.693634e+05 6.694361e+05 6.695174e+05 6.696062e+05 6.697014e+05 6.698003e+05 6.698653e+05 6.646354e+05 6.424670e+05 5.943362e+05 5.247542e+05 4.485228e+05 3.210430e+05 2.408114e+05 1.929541e+05 1.632855e+05 1.437647e+05 1.301337e+05 8.333716e+04 6.986077e+04 6.150144e+04 5.521719e+04
6.808268e+05 6.808268e+05 6.808268e+05 6.808268e+05 6.808268e+05 6.808282e+05 6.808322e+05 6.808468e+05 6.808572e+05 6.808696e+05 6.809008e+05 6.809410e+05 6.809906e+05 6.810496e+05 6.811178e+05 6.811942e+05 6.812764e+05 6.812749e+05 6.759245e+05 6.533919e+05 6.044960e+05 5.337841e+05 4.562559e+05 3.263722e+05 2.443497e+05 1.952541e+05 1.647634e+05 1.447226e+05 1.307776e+05 8.314575e+04 6.950724e+04 6.120453e+04 5.497369e+04
6.917776e+05 6.917776e+05 6.917776e+05 6.917776e+05 6.917776e+05 6.917794e+05 6.917849e+05 6.918067e+05 6.918228e+05 6.918420e+05 6.918890e+05 6.919454e+05 6.920097e+05 6.920807e+05 6.921576e+05 6.922394e+05 6.923239e+05 6.922965e+05 6.868166e+05 6.638928e+05 6.142068e+05 5.423599e+05 4.635582e+05 3.313741e+05 2.476659e+05 1.973955e+05 1.661038e+05 1.455380e+05 1.312668e+05 8.294810e+04 6.914034e+04 6.089810e+04 5.472405e+04
7.027202e+05 7.027202e+05 7.027202e+05 7.027202e+05 7.027202e+05 7.027217e+05 7.027254e+05 7.027376e+05 7.027460e+05 7.027559e+05 7.027805e+05 7.028120e+05 7.028513e+05 7.028986e+05 7.029538e+05 7.030161e+05 7.030830e+05 7.029748e+05 6.973335e+05 6.739842e+05 6.234783e+05 5.504851e+05 4.704235e+05 3.360210e+05 2.507262e+05 1.993545e+05 1.673001e+05 1.462198e+05 1.316185e+05 8.273089e+04 6.876205e+04 6.058254e+04 5.446839e+04
7.129702e+05 7.129702e+05 7.129702e+05 7.129702e+05 7.129702e+05 7.129722e+05 7.129779e+05 7.129985e+05 7.130129e+05 7.130298e+05 7.130705e+05 7.131189e+05 7.131736e+05 7.132331e+05 7.132965e+05 7.133624e+05 7.134286e+05 7.132554e+05 7.074151e+05 6.835974e+05 6.322449e+05 5.581037e+05 4.768046e+05 3.402728e+05 2.534936e+05 2.011034e+05 1.683388e+05 1.467690e+05 1.318441e+05 8.248367e+04 6.837479e+04 6.025834e+04 5.420688e+04
7.232828e+05 7.232828e+05 7.232828e+05 7.232828e+05 7.232828e+05 7.232824e+05 7.232812e+05 7.232765e+05 7.232735e+05 7.232708e+05 7.232673e+05 7.232679e+05 7.232737e+05 7.232851e+05 7.233021e+05 7.233238e+05 7.233479e+05 7.229780e+05 7.168751e+05 6.925596e+05 6.403625e+05 5.651038e+05 4.826172e+05 3.440775e+05 2.559297e+05 2.026138e+05 1.692032e+05 1.471813e+05 1.319495e+05 8.219831e+04 6.798156e+04 5.992605e+04 5.393970e+04
7.319167e+05 7.319167e+05 7.319167e+05 7.319168e+05 7.319168e+05 7.319180e+05 7.319216e+05 7.319357e+05 7.319461e+05 7.319584e+05 7.319878e+05 7.320212e+05 7.320560e+05 7.320905e+05 7.321234e+05 7.321536e+05 7.321788e+05 7.317269e+05 7.253983e+05 7.006185e+05 6.476334e+05 5.713375e+05 4.877543e+05 3.473773e+05 2.579970e+05 2.038590e+05 1.698762e+05 1.474494e+05 1.319366e+05 8.186881e+04 6.758612e+04 5.958634e+04 5.366706e+04
7.401209e+05 7.401209e+05 7.401209e+05 7.401209e+05 7.401209e+05 7.401195e+05 7.401151e+05 7.400992e+05 7.400886e+05 7.400769e+05 7.400510e+05 7.400239e+05 7.399971e+05 7.399720e+05 7.399492e+05 7.399281e+05 7.399068e+05 7.392671e+05 7.327244e+05 7.075421e+05 6.538689e+05 5.766612e+05 4.921116e+05 3.501178e+05 2.596629e+05 2.048164e+05 1.703426e+05 1.475654e+05 1.318048e+05 8.149135e+04 6.719406e+04 5.923997e+04 5.338922e+04
7.457275e+05 7.457275e+05 7.457275e+05 7.457275e+05 7.457276e+05 7.457286e+05 7.457319e+05 7.457443e+05 7.457530e+05 7.457631e+05 7.457867e+05 7.458128e+05 7.458392e+05 7.458640e+05 7.458858e+05 7.459030e+05 7.459130e+05 7.453295e+05 7.386813e+05 7.131831e+05 6.589389e+05 5.809683e+05 4.956077e+05 3.522560e+05 2.609028e+05 2.054693e+05 1.705905e+05 1.475228e+05 1.315531e+05 8.106411e+04 6.680873e+04 5.888781e+04 5.310644e+04
7.511538e+05 7.511538e+05 7.511538e+05 7.511538e+05 7.511538e+05 7.511529e+05 7.511503e+05 7.511396e+05 7.511317e+05 7.511224e+05 7.511002e+05 7.510744e+05 7.510462e+05 7.510162e+05 7.509846e+05 7.509509e+05 7.509128e+05 7.501240e+05 7.432740e+05 7.174755e+05 6.627633e+05 5.841875e+05 4.981876e+05 3.537637e+05 2.617016e+05 2.058079e+05 1.706130e+05 1.473171e+05 1.311803e+05 8.058713e+04 6.642498e+04 5.853082e+04 5.281903e+04
7.543151e+05 7.543151e+05 7.543151e+05 7.543151e+05 7.543151e+05 7.543149e+05 7.543141e+05 7.543104e+05 7.543074e+05 7.543036e+05 7.542932e+05 7.542788e+05 7.542596e+05 7.542351e+05 7.542049e+05 7.541685e+05 7.541238e+05 7.532621e+05 7.462921e+05 7.202959e+05 6.652666e+05 5.862719e+05 4.998217e+05 3.546301e+05 2.620555e+05 2.058301e+05 1.704080e+05 1.469469e+05 1.306869e+05 8.006203e+04 6.603921e+04 5.817008e+04 5.252734e+04
7.557723e+05 7.557723e+05 7.557723e+05 7.557723e+05 7.557723e+05 7.557714e+05 7.557685e+05 7.557569e+05 7.557483e+05 7.557379e+05 7.557130e+05 7.556834e+05 7.556503e+05 7.556144e+05 7.555758e+05 7.555341e+05 7.554871e+05 7.546383e+05 7.476735e+05 7.216221e+05 6.664470e+05 5.872273e+05 5.005182e+05 3.548634e+05 2.619715e+05 2.055408e+05 1.699786e+05 1.464141e+05 1.300746e+05 7.949169e+04 6.564880e+04 5.780679e+04 5.223172e+04
7.552715e+05 7.552715e+05 7.552715e+05 7.552715e+05 7.552715e+05 7.552721e+05 7.552740e+05 7.552810e+05 7.552859e+05 7.552915e+05 7.553032e+05 7.553142e+05 7.553226e+05 7.553274e+05 7.553274e+05 7.553214e+05 7.553070e+05 7.545743e+05 7.476627e+05 7.216187e+05 6.664100e+05 5.871210e+05 5.003216e+05 3.544880e+05 2.614665e+05 2.049520e+05 1.693325e+05 1.457238e+05 1.293473e+05 7.887994e+04 6.525164e+04 5.744236e+04 5.193258e+04
7.546075e+05 7.546075e+05 7.546075e+05 7.546075e+05 7.546075e+05 7.546072e+05 7.546063e+05 7.546018e+05 7.545977e+05 7.545924e+05 7.545777e+05 7.545576e+05 7.545325e+05 7.545026e+05 7.544682e+05 7.544287e+05 7.543822e+05 7.535168e+05 7.465227e+05 7.204507e+05 6.652646e+05 5.860284e+05 4.992870e+05 3.535385e+05 2.605644e+05 2.040805e+05 1.684816e+05 1.448839e+05 1.285105e+05 7.823123e+04 6.484604e+04 5.707840e+04 5.163035e+04
7.524489e+05 7.524489e+05 7.524489e+05 7.524489e+05 7.524489e+05 7.524481e+05 7.524459e+05 7.524368e+05 7.524300e+05 7.524216e+05 7.524000e+05 7.523721e+05 7.523379e+05 7.522975e+05 7.522510e+05 7.521980e+05 7.521369e+05 7.511935e+05 7.441508e+05 7.181058e+05 6.630420e+05 5.839968e+05 4.974635e+05 3.520541e+05 2.592945e+05 2.029476e+05 1.674407e+05 1.439048e+05 1.275717e+05 7.755034e+04 6.443067e+04 5.671711e+04 5.132550e+04
7.485893e+05 7.485893e+05 7.485893e+05 7.485893e+05 7.485893e+05 7.485886e+05 7.485865e+05 7.485783e+05 7.485723e+05 7.485650e+05 7.485464e+05 7.485228e+05 7.484944e+05 7.484613e+05 7.484236e+05 7.483808e+05 7.483307e+05 7.474501e+05 7.404880e+05 7.145918e+05 6.597857e+05 5.810827e+05 4.949079e+05 3.500803e+05 2.576901e+05 2.015775e+05 1.662273e+05 1.427989e+05 1.265393e+05 7.684216e+04 6.400454e+04 5.636085e+04 5.101852e+04
7.434725e+05 7.434725e+05 7.434725e+05 7.434725e+05 7.434725e+05 7.434728e+05 7.434738e+05 7.434773e+05 7.434791e+05 7.434809e+05 7.434832e+05 7.434832e+05 7.434800e+05 7.434727e+05 7.434606e+05 7.434425e+05 7.434161e+05 7.426367e+05 7.357813e+05 7.100824e+05 6.556229e+05 5.773836e+05 4.916975e+05 3.476688e+05 2.557879e+05 1.999967e+05 1.648603e+05 1.415795e+05 1.254231e+05 7.611148e+04 6.356700e+04 5.600788e+04 5.070997e+04
7.382812e+05 7.382812e+05 7.382812e+05 7.382812e+05 7.382811e+05 7.382802e+05 7.382771e+05 7.382649e+05 7.382561e+05 7.382458e+05 7.382213e+05 7.381924e+05 7.381596e+05 7.381233e+05 7.380836e+05 7.380398e+05 7.379897e+05 7.371288e+05 7.302828e+05 7.047591e+05 6.506909e+05 5.730063e+05 4.879171e+05 3.448753e+05 2.536263e+05 1.982327e+05 1.633598e+05 1.402612e+05 1.242333e+05 7.536285e+04 6.311771e+04 5.565662e+04 5.040041e+04
7.318715e+05 7.318715e+05 7.318715e+05 7.318715e+05 7.318715e+05 7.318711e+05 7.318700e+05 7.318652e+05 7.318614e+05 7.318564e+05 7.318428e+05 7.318237e+05 7.317988e+05 7.317681e+05 7.317317e+05 7.316892e+05 7.316389e+05 7.307727e+05 7.239804e+05 6.986815e+05 6.450774e+05 5.680411e+05 4.836474e+05 3.417566e+05 2.512448e+05 1.963136e+05 1.617461e+05 1.388586e+05 1.229807e+05 7.460053e+04 6.265661e+04 5.530599e+04 5.009048e+04
7.245481e+05 7.245481e+05 7.245481e+05 7.245481e+05 7.245481e+05 7.245477e+05 7.245463e+05 7.245406e+05 7.245363e+05 7.245309e+05 7.245174e+05 7.245002e+05 7.244795e+05 7.244555e+05 7.244284e+05 7.243974e+05 7.243607e+05 7.235835e+05 7.169384e+05 6.919462e+05 6.388886e+05 5.625877e+05 4.789744e+05 3.383709e+05 2.486827e+05 1.942670e+05 1.600390e+05 1.373864e+05 1.216760e+05 7.382838e+04 6.218394e+04 5.495513e+04 4.978088e+04
7.166394e+05 7.166394e+05 7.166394e+05 7.166394e+05 7.166394e+05 7.166397e+05 7.166403e+05 7.166428e+05 7.166444e+05 7.166460e+05 7.166489e+05 7.166508e+05 7.166509e+05 7.166486e+05 7.166433e+05 7.166341e+05 7.166186e+05 7.159439e+05 7.094446e+05 6.847677e+05 6.322862e+05 5.567692e+05 4.739928e+05 3.347763e+05 2.459783e+05 1.921196e+05 1.582579e+05 1.358585e+05 1.203293e+05 7.304985e+04 6.170014e+04 5.460336e+04 4.947242e+04
7.090749e+05 7.090749e+05 7.090749e+05 7.090749e+05 7.090748e+05 7.090743e+05 7.090725e+05 7.090655e+05 7.090606e+05 7.090548e+05 7.090412e+05 7.090252e+05 7.090069e+05 7.089864e+05 7.089636e+05 7.089381e+05 7.089077e+05 7.081872e+05 7.017389e+05 6.773274e+05 6.254107e+05 5.506949e+05 4.687877e+05 3.310259e+05 2.431666e+05 1.898958e+05 1.564205e+05 1.342883e+05 1.189507e+05 7.226798e+04 6.120591e+04 5.425006e+04 4.916609e+04
7.010827e+05 7.010827e+05 7.010827e+05 7.010826e+05 7.010826e+05 7.010824e+05 7.010818e+05 7.010786e+05 7.010758e+05 7.010723e+05 7.010624e+05 7.010490e+05 7.010320e+05 7.010115e+05 7.009875e+05 7.009597e+05 7.009264e+05 7.001951e+05 6.938084e+05 6.696682e+05 6.183281e+05 5.444342e+05 4.634222e+05 3.271646e+05 2.402787e+05 1.876180e+05 1.545432e+05 1.326879e+05 1.175493e+05 7.148544e+04 6.070207e+04 5.389475e+04 4.886328e+04
6.926870e+05 6.926870e+05 6.926870e+05 6.926870e+05 6.926870e+05 6.926868e+05 6.926863e+05 6.926838e+05 6.926819e+05 6.926795e+05 6.926733e+05 6.926651e+05 6.926548e+05 6.926423e+05 6.926274e+05 6.926096e+05 6.925869e+05 6.919163e+05 6.856494e+05 6.618211e+05 6.110877e+05 5.380413e+05 4.579473e+05 3.232303e+05 2.373416e+05 1.853054e+05 1.526403e+05 1.310682e+05 1.161333e+05 7.070450e+04 6.018960e+04 5.353703e+04 4.856355e+04
6.842420e+05 6.842420e+05 6.842420e+05 6.842420e+05 6.842420e+05 6.842419e+05 6.842413e+05 6.842392e+05 6.842378e+05 6.842360e+05 6.842317e+05 6.842262e+05 6.842196e+05 6.842116e+05 6.842022e+05 6.841906e+05 6.841749e+05 6.835530e+05 6.774030e+05 6.538886e+05 6.037676e+05 5.315778e+05 4.524126e+05 3.192561e+05 2.343781e+05 1.829748e+05 1.507244e+05 1.294388e+05 1.147102e+05 6.992709e+04 5.966957e+04 5.317658e+04 4.826598e+04
6.759194e+05 6.759194e+05 6.759194e+05 6.759194e+05 6.759194e+05 6.759194e+05 6.759194e+05 6.759192e+05 6.759189e+05 6.759185e+05 6.759170e+05 6.759144e+05 6.759106e+05 6.759052e+05 6.758981e+05 6.758886e+05 6.758748e+05 6.752674e+05 6.691981e+05 6.459693e+05 5.964429e+05 5.251011e+05 4.468626e+05 3.152704e+05 2.314081e+05 1.806404e+05 1.488062e+05 1.278079e+05 1.132862e+05 6.915481e+04 5.914313e+04 5.281316e+04 4.796998e+04
6.678090e+05 6.678090e+05 6.678090e+05 6.678090e+05 6.678090e+05 6.678087e+05 6.678080e+05 6.678050e+05 6.678026e+05 6.677998e+05 6.677925e+05 6.677831e+05 6.677717e+05 6.677585e+05 6.677433e+05 6.677260e+05 6.677045e+05 6.670719e+05 6.610560e+05 6.380939e+05 5.891487e+05 5.186458e+05 4.413286e+05 3.112959e+05 2.284472e+05 1.783139e+05 1.468945e+05 1.261823e+05 1.118670e+05 6.838902e+04 5.861144e+04 5.244662e+04 4.767513e+04
6.595719e+05 6.595719e+05 6.595719e+05 6.595719e+05 6.595719e+05 6.595717e+05 6.595711e+05 6.595687e+05 6.595668e+05 6.595644e+05 6.595583e+05 6.595503e+05 6.595404e+05 6.595286e+05 6.595151e+05 6.594993e+05 6.594796e+05 6.588634e+05 6.529303e+05 6.302517e+05 5.818942e+05 5.122301e+05 4.358306e+05 3.073491e+05 2.255078e+05 1.760043e+05 1.449965e+05 1.245679e+05 1.104569e+05 6.763078e+04 5.807567e+04 5.207686e+04 4.738104e+04
6.512659e+05 6.512659e+05 6.512659e+05 6.512659e+05 6.512659e+05 6.512659e+05 6.512661e+05 6.512665e+05 6.512666e+05 6.512665e+05 6.512659e+05 6.512645e+05 6.512622e+05 6.512588e+05 6.512543e+05 6.512480e+05 6.512380e+05 6.506753e+05 6.448510e+05 6.224697e+05 5.747037e+05 5.058751e+05 4.303869e+05 3.034430e+05 2.225992e+05 1.737188e+05 1.431175e+05 1.229689e+05 1.090596e+05 6.688096e+04 5.753699e+04 5.170386e+04 4.708741e+04
6.432342e+05 6.432342e+05 6.432342e+05 6.432342e+05 6.432342e+05 6.432343e+05 6.432344e+05 6.432347e+05 6.432347e+05 6.432345e+05 6.432338e+05 6.432324e+05 6.432303e+05 6.432274e+05 6.432233e+05 6.432177e+05 6.432086e+05 6.426589e+05 6.369130e+05 6.148067e+05 5.676139e+05 4.996047e+05 4.250138e+05 2.995869e+05 2.197279e+05 1.714623e+05 1.412618e+05 1.213887e+05 1.076780e+05 6.614024e+04 5.699649e+04 5.132769e+04 4.679396e+04
6.354682e+05 6.354682e+05 6.354682e+05 6.354682e+05 6.354682e+05 6.354681e+05 6.354676e+05 6.354656e+05 6.354640e+05 6.354621e+05 6.354573e+05 6.354510e+05 6.354433e+05 6.354344e+05 6.354242e+05 6.354123e+05 6.353970e+05 6.348267e+05 6.291322e+05 6.072788e+05 5.606388e+05 4.934301e+05 4.197200e+05 2.957863e+05 2.168978e+05 1.692379e+05 1.394319e+05 1.198299e+05 1.063142e+05 6.540912e+04 5.645524e+04 5.094844e+04 4.650047e+04
6.277013e+05 6.277013e+05 6.277013e+05 6.277013e+05 6.277013e+05 6.277012e+05 6.277009e+05 6.276993e+05 6.276982e+05 6.276967e+05 6.276929e+05 6.276878e+05 6.276816e+05 6.276741e+05 6.276653e+05 6.276549e+05 6.276409e+05 6.270823e+05 6.214577e+05 5.998621e+05 5.537693e+05 4.873490e+05 4.145059e+05 2.920430e+05 2.141108e+05 1.670477e+05 1.376298e+05 1.182941e+05 1.049697e+05 6.468799e+04 5.591422e+04 5.056629e+04 4.620672e+04
6.199897e+05 6.199897e+05 6.199897e+05 6.199897e+05 6.199897e+05 6.199897e+05 6.199897e+05 6.199896e+05 6.199894e+05 6.199890e+05 6.199879e+05 6.199862e+05 6.199837e+05 6.199804e+05 6.199762e+05 6.199705e+05 6.199615e+05 6.194317e+05 6.138885e+05 5.925533e+05 5.470015e+05 4.813582e+05 4.093693e+05 2.883563e+05 2.113673e+05 1.648923e+05 1.358565e+05 1.167823e+05 1.036457e+05 6.397707e+04 5.537435e+04 5.018144e+04 4.591256e+04
6.124976e+05 6.124976e+05 6.124976e+05 6.124976e+05 6.124976e+05 6.124976e+05 6.124977e+05 6.124976e+05 6.124975e+05 6.124972e+05 6.124963e+05 6.124947e+05 6.124923e+05 6.124889e+05 6.124844e+05 6.124783e+05 6.124688e+05 6.119408e+05 6.064563e+05 5.853629e+05 5.403358e+05 4.754544e+05 4.043066e+05 2.847243e+05 2.086666e+05 1.627719e+05 1.341124e+05 1.152953e+05 1.023428e+05 6.327654e+04 5.483645e+04 4.979415e+04 4.561783e+04
6.052047e+05 6.052047e+05 6.052047e+05 6.052047e+05 6.052047e+05 6.052045e+05 6.052040e+05 6.052019e+05 6.052002e+05 6.051982e+05 6.051930e+05 6.051863e+05 6.051783e+05 6.051689e+05 6.051582e+05 6.051458e+05 6.051301e+05 6.045787e+05 5.991349e+05 5.782699e+05 5.337558e+05 4.696256e+05 3.993093e+05 2.811433e+05 2.060076e+05 1.606863e+05 1.323977e+05 1.138334e+05 1.010614e+05 6.258647e+04 5.430128e+04 4.940471e+04 4.532242e+04
5.978530e+05 5.978530e+05 5.978530e+05 5.978530e+05 5.978530e+05 5.978529e+05 5.978525e+05 5.978509e+05 5.978497e+05 5.978482e+05 5.978441e+05 5.978387e+05 5.978319e+05 5.978237e+05 5.978140e+05 5.978024e+05 5.977873e+05 5.972412e+05 5.918567e+05 5.712307e+05 5.272338e+05 4.638546e+05 3.943672e+05 2.776100e+05 2.033890e+05 1.586351e+05 1.307124e+05 1.123967e+05 9.980191e+04 6.190685e+04 5.376950e+04 4.901343e+04 4.502625e+04
5.904965e+05 5.904965e+05 5.904965e+05 5.904965e+05 5.904964e+05 5.904963e+05 5.904959e+05 5.904943e+05 5.904932e+05 5.904917e+05 5.904881e+05 5.904834e+05 5.904778e+05 5.904712e+05 5.904634e+05 5.904540e+05 5.904413e+05 5.899143e+05 5.846041e+05 5.642292e+05 5.207577e+05 4.581332e+05 3.894753e+05 2.741229e+05 2.008106e+05 1.566183e+05 1.290565e+05 1.109853e+05 9.856428e+04 6.123763e+04 5.324169e+04 4.862064e+04 4.472926e+04
5.831949e+05 5.831949e+05 5.831949e+05 5.831949e+05 5.831949e+05 5.831949e+05 5.831946e+05 5.831938e+05 5.831931e+05 5.831923e+05 5.831901e+05 5.831871e+05 5.831834e+05 5.831786e+05 5.831729e+05 5.831655e+05 5.831549e+05 5.826430e+05 5.774044e+05 5.572803e+05 5.143349e+05 4.524657e+05 3.846361e+05 2.706831e+05 1.982727e+05 1.546360e+05 1.274301e+05 1.095991e+05 9.734850e+04 6.057874e+04 5.271836e+04 4.822671e+04 4.443140e+04
5.760230e+05 5.760230e+05 5.760230e+05 5.760230e+05 5.760230e+05 5.760229e+05 5.760224e+05 5.760207e+05 5.760195e+05 5.760179e+05 5.760141e+05 5.760092e+05 5.760033e+05 5.759963e+05 5.759883e+05 5.759787e+05 5.759660e+05 5.754529e+05 5.702766e+05 5.503992e+05 5.079776e+05 4.468608e+05 3.798559e+05 2.672931e+05 1.957762e+05 1.526883e+05 1.258328e+05 1.082380e+05 9.615440e+04 5.993004e+04 5.219994e+04 4.783198e+04 4.413267e+04
5.688760e+05 5.688760e+05 5.688760e+05 5.688760e+05 5.688760e+05 5.688758e+05 5.688754e+05 5.688736e+05 5.688723e+05 5.688706e+05 5.688666e+05 5.688615e+05 5.688556e+05 5.688489e+05 5.688412e+05 5.688323e+05 5.688206e+05 5.683208e+05 5.632178e+05 5.435927e+05 5.016955e+05 4.413275e+05 3.751413e+05 2.639557e+05 1.933219e+05 1.507750e+05 1.242645e+05 1.069016e+05 9.498170e+04 5.929138e+04 5.168679e+04 4.743683e+04 4.383306e+04
5.617563e+05 5.617563e+05 5.617563e+05 5.617563e+05 5.617563e+05 5.617563e+05 5.617563e+05 5.617564e+05 5.617564e+05 5.617564e+05 5.617562e+05 5.617559e+05 5.617552e+05 5.617540e+05 5.617521e+05 5.617490e+05 5.617431e+05 5.612748e+05 5.562535e+05 5.368815e+05 4.955037e+05 4.358759e+05 3.704983e+05 2.606724e+05 1.909096e+05 1.488958e+05 1.227246e+05 1.055894e+05 9.383001e+04 5.866259e+04 5.117922e+04 4.704162e+04 4.353263e+04
5.548841e+05 5.548841e+05 5.548841e+05 5.548841e+05 5.548841e+05 5.548841e+05 5.548841e+05 5.548838e+05 5.548835e+05 5.548831e+05 5.548818e+05 5.548800e+05 5.548776e+05 5.548746e+05 5.548710e+05 5.548661e+05 5.548586e+05 5.543899e+05 5.494274e+05 5.302908e+05 4.894163e+05 4.305133e+05 3.659305e+05 2.574433e+05 1.885387e+05 1.470498e+05 1.212123e+05 1.043008e+05 9.269890e+04 5.804350e+04 5.067745e+04 4.664670e+04 4.323141e+04
5.481683e+05 5.481683e+05 5.481683e+05 5.481683e+05 5.481682e+05 5.481681e+05 5.481678e+05 5.481664e+05 5.481654e+05 5.481641e+05 5.481608e+05 5.481565e+05 5.481513e+05 5.481452e+05 5.481383e+05 5.481301e+05 5.481193e+05 5.476408e+05 5.427273e+05 5.238153e+05 4.834310e+05 4.252382e+05 3.614362e+05 2.542669e+05 1.862077e+05 1.452358e+05 1.197268e+05 1.030352e+05 9.158787e+04 5.743392e+04 5.018170e+04 4.625243e+04 4.292947e+04
5.414691e+05 5.414691e+05 5.414691e+05 5.414691e+05 5.414691e+05 5.414691e+05 5.414689e+05 5.414683e+05 5.414678e+05 5.414672e+05 5.414654e+05 5.414628e+05 5.414596e+05 5.414556e+05 5.414507e+05 5.414446e+05 5.414357e+05 5.409698e+05 5.361186e+05 5.174350e+05 4.775364e+05 4.200439e+05 3.570114e+05 2.511407e+05 1.839151e+05 1.434529e+05 1.182674e+05 1.017921e+05 9.049649e+04 5.683365e+04 4.969209e+04 4.585913e+04 4.262691e+04
5.348717e+05 5.348717e+05 5.348717e+05 5.348717e+05 5.348717e+05 5.348716e+05 5.348715e+05 5.348708e+05 5.348704e+05 5.348698e+05 5.348682e+05 5.348661e+05 5.348635e+05 5.348603e+05 5.348564e+05 5.348514e+05 5.348438e+05 5.343901e+05 5.296028e+05 5.111467e+05 4.717283e+05 4.149269e+05 3.526533e+05 2.480636e+05 1.816601e+05 1.417004e+05 1.168335e+05 1.005709e+05 8.942433e+04 5.624251e+04 4.920873e+04 4.546713e+04 4.232381e+04
5.284016e+05 5.284016e+05 5.284016e+05 5.284016e+05 5.284016e+05 5.284015e+05 5.284013e+05 5.284006e+05 5.284000e+05 5.283992e+05 5.283974e+05 5.283949e+05 5.283918e+05 5.283882e+05 5.283838e+05 5.283784e+05 5.283705e+05 5.279209e+05 5.231908e+05 5.049556e+05 4.660088e+05 4.098879e+05 3.483621e+05 2.450352e+05 1.794423e+05 1.399778e+05 1.154247e+05 9.937131e+04 8.837107e+04 5.566031e+04 4.873169e+04 4.507674e+04 4.202029e+04
5.220316e+05 5.220316e+05 5.220316e+05 5.220316e+05 5.220316e+05 5.220315e+05 5.220313e+05 5.220305e+05 5.220299e+05 5.220292e+05 5.220272e+05 5.220247e+05 5.220215e+05 5.220177e+05 5.220133e+05 5.220077e+05 5.219996e+05 5.215539e+05 5.168790e+05 4.988605e+05 4.603779e+05 4.049274e+05 3.441386e+05 2.420562e+05 1.772620e+05 1.382852e+05 1.140408e+05 9.819301e+04 8.733642e+04 5.508684e+04 4.826100e+04 4.468823e+04 4.171648e+04
5.157500e+05 5.157500e+05 5.157500e+05 5.157500e+05 5.157500e+05 5.157500e+05 5.157498e+05 5.157490e+05 5.157484e+05 5.157476e+05 5.157457e+05 5.157432e+05 5.157401e+05 5.157363e+05 5.157319e+05 5.157264e+05 5.157183e+05 5.152783e+05 5.106600e+05 4.928569e+05 4.548334e+05 4.000448e+05 3.399828e+05 2.391271e+05 1.751195e+05 1.366226e+05 1.126817e+05 9.703579e+04 8.632013e+04 5.452194e+04 4.779667e+04 4.430187e+04 4.141251e+04
5.095516e+05 5.095516e+05 5.095516e+05 5.095516e+05 5.095516e+05 5.095515e+05 5.095513e+05 5.095505e+05 5.095499e+05 5.095492e+05 5.095474e+05 5.095451e+05 5.095422e+05 5.095389e+05 5.095349e+05 5.095299e+05 5.095225e+05 5.090911e+05 5.045313e+05 4.869430e+05 4.493742e+05 3.952395e+05 3.358949e+05 2.362482e+05 1.730150e+05 1.349900e+05 1.113472e+05 9.589946e+04 8.532196e+04 5.396543e+04 4.733868e+04 4.391791e+04 4.110851e+04
5.034454e+05 5.034454e+05 5.034454e+05 5.034454e+05 5.034454e+05 5.034453e+05 5.034452e+05 5.034447e+05 5.034443e+05 5.034438e+05 5.034426e+05 5.034409e+05 5.034388e+05 5.034362e+05 5.034331e+05 5.034290e+05 5.034226e+05 5.030005e+05 4.984985e+05 4.811222e+05 4.440019e+05 3.905122e+05 3.318749e+05 2.334196e+05 1.709483e+05 1.333872e+05 1.100370e+05 9.478372e+04 8.434161e+04 5.341711e+04 4.688701e+04 4.353656e+04 4.080463e+04
4.974580e+05 4.974580e+05 4.974580e+05 4.974580e+05 4.974580e+05 4.974580e+05 4.974579e+05 4.974573e+05 4.974569e+05 4.974564e+05 4.974550e+05 4.974531e+05 4.974508e+05 4.974480e+05 4.974446e+05 4.974403e+05 4.974337e+05 4.970158e+05 4.925673e+05 4.753976e+05 4.387181e+05 3.858634e+05 3.279228e+05 2.306406e+05 1.689191e+05 1.318138e+05 1.087510e+05 9.368822e+04 8.337877e+04 5.287684e+04 4.644160e+04 4.315805e+04 4.050102e+04
4.915717e+05 4.915717e+05 4.915717e+05 4.915717e+05 4.915717e+05 4.915717e+05 4.915715e+05 4.915708e+05 4.915703e+05 4.915697e+05 4.915680e+05 4.915658e+05 4.915631e+05 4.915599e+05 4.915561e+05 4.915514e+05 4.915444e+05 4.911297e+05 4.867333e+05 4.697668e+05 4.335214e+05 3.812923e+05 3.240379e+05 2.279107e+05 1.669267e+05 1.302692e+05 1.074884e+05 9.261254e+04 8.243306e+04 5.234444e+04 4.600239e+04 4.278253e+04 4.019784e+04
4.857633e+05 4.857633e+05 4.857633e+05 4.857633e+05 4.857633e+05 4.857632e+05 4.857631e+05 4.857624e+05 4.857619e+05 4.857614e+05 4.857599e+05 4.857580e+05 4.857557e+05 4.857530e+05 4.857498e+05 4.857457e+05 4.857394e+05 4.853328e+05 4.809912e+05 4.642270e+05 4.284103e+05 3.767977e+05 3.202191e+05 2.252288e+05 1.649701e+05 1.287527e+05 1.062487e+05 9.155617e+04 8.150406e+04 5.181975e+04 4.556930e+04 4.241019e+04 3.989523e+04
4.800475e+05 4.800475e+05 4.800475e+05 4.800475e+05 4.800475e+05 4.800475e+05 4.800474e+05 4.800470e+05 4.800468e+05 4.800464e+05 4.800455e+05 4.800442e+05 4.800426e+05 4.800407e+05 4.800383e+05 4.800351e+05 4.800297e+05 4.796322e+05 4.753452e+05 4.587804e+05 4.233855e+05 3.723796e+05 3.164659e+05 2.225939e+05 1.630484e+05 1.272634e+05 1.050312e+05 9.051859e+04 8.059135e+04 5.130262e+04 4.514225e+04 4.204117e+04 3.959334e+04
4.744511e+05 4.744511e+05 4.744511e+05 4.744511e+05 4.744511e+05 4.744511e+05 4.744510e+05 4.744506e+05 4.744503e+05 4.744499e+05 4.744488e+05 4.744474e+05 4.744456e+05 4.744435e+05 4.744408e+05 4.744374e+05 4.744318e+05 4.740379e+05 4.698008e+05 4.534294e+05 4.184479e+05 3.680377e+05 3.127775e+05 2.200050e+05 1.611606e+05 1.258006e+05 1.038354e+05 8.949924e+04 7.969448e+04 5.079289e+04 4.472116e+04 4.167560e+04 3.929232e+04
4.689568e+05 4.689568e+05 4.689568e+05 4.689568e+05 4.689568e+05 4.689568e+05 4.689566e+05 4.689561e+05 4.689556e+05 4.689551e+05 4.689537e+05 4.689519e+05 4.689497e+05 4.689471e+05 4.689440e+05 4.689401e+05 4.689340e+05 4.685423e+05 4.643528e+05 4.481707e+05 4.135951e+05 3.637702e+05 3.091524e+05 2.174608e+05 1.593056e+05 1.243633e+05 1.026604e+05 8.849761e+04 7.881302e+04 5.029044e+04 4.430592e+04 4.131357e+04 3.899233e+04
4.635402e+05 4.635402e+05 4.635402e+05 4.635401e+05 4.635401e+05 4.635401e+05 4.635400e+05 4.635394e+05 4.635390e+05 4.635385e+05 4.635371e+05 4.635355e+05 4.635334e+05 4.635310e+05 4.635281e+05 4.635245e+05 4.635188e+05 4.631330e+05 4.589932e+05 4.429991e+05 4.088235e+05 3.595748e+05 3.055889e+05 2.149601e+05 1.574826e+05 1.229509e+05 1.015057e+05 8.751322e+04 7.794659e+04 4.979510e+04 4.389645e+04 4.095520e+04 3.869351e+04
4.582057e+05 4.582057e+05 4.582057e+05 4.582057e+05 4.582057e+05 4.582057e+05 4.582056e+05 4.582053e+05 4.582050e+05 4.582046e+05 4.582037e+05 4.582026e+05 4.582011e+05 4.581993e+05 4.581970e+05 4.581941e+05 4.581891e+05 4.578110e+05 4.537218e+05 4.379137e+05 4.041322e+05 3.554503e+05 3.020857e+05 2.125019e+05 1.556907e+05 1.215627e+05 1.003709e+05 8.654565e+04 7.709483e+04 4.930676e+04 4.349264e+04 4.060056e+04 3.839598e+04
4.529731e+05 4.529731e+05 4.529731e+05 4.529731e+05 4.529731e+05 4.529730e+05 4.529729e+05 4.529726e+05 4.529723e+05 4.529719e+05 4.529710e+05 4.529698e+05 4.529684e+05 4.529666e+05 4.529644e+05 4.529615e+05 4.529567e+05 4.525840e+05 4.485429e+05 4.329167e+05 3.995219e+05 3.513966e+05 2.986423e+05 2.100854e+05 1.539293e+05 1.201982e+05 9.925546e+04 8.559454e+04 7.625742e+04 4.882529e+04 4.309440e+04 4.024971e+04 3.809989e+04
4.478370e+05 4.478370e+05 4.478370e+05 4.478370e+05 4.478370e+05 4.478370e+05 4.478369e+05 4.478365e+05 4.478362e+05 4.478359e+05 4.478350e+05 4.478338e+05 4.478323e+05 4.478305e+05 4.478284e+05 4.478255e+05 4.478207e+05 4.474522e+05 4.434570e+05 4.280081e+05 3.949919e+05 3.474126e+05 2.952576e+05 2.077100e+05 1.521980e+05 1.188571e+05 9.815911e+04 8.465961e+04 7.543410e+04 4.835055e+04 4.270162e+04 3.990271e+04 3.780537e+04
4.427927e+05 4.427927e+05 4.427927e+05 4.427927e+05 4.427927e+05 4.427927e+05 4.427926e+05 4.427922e+05 4.427919e+05 4.427915e+05 4.427906e+05 4.427894e+05 4.427879e+05 4.427861e+05 4.427839e+05 4.427810e+05 4.427761e+05 4.424112e+05 4.384602e+05 4.231844e+05 3.905396e+05 3.434965e+05 2.919305e+05 2.053751e+05 1.504963e+05 1.175391e+05 9.708160e+04 8.374060e+04 7.462462e+04 4.788242e+04 4.231421e+04 3.955960e+04 3.751253e+04
4.378341e+05 4.378341e+05 4.378341e+05 4.378341e+05 4.378341e+05 4.378340e+05 4.378339e+05 4.378335e+05 4.378332e+05 4.378328e+05 4.378317e+05 4.378304e+05 4.378287e+05 4.378268e+05 4.378244e+05 4.378213e+05 4.378163e+05 4.374544e+05 4.335467e+05 4.184411e+05 3.861616e+05 3.396461e+05 2.886596e+05 2.030803e+05 1.488243e+05 1.162440e+05 9.602270e+04 8.283728e+04 7.382873e+04 4.742080e+04 4.193206e+04 3.922041e+04 3.722150e+04
4.329504e+05 4.329504e+05 4.329504e+05 4.329504e+05 4.329504e+05 4.329504e+05 4.329503e+05 4.329498e+05 4.329495e+05 4.329491e+05 4.329480e+05 4.329467e+05 4.329450e+05 4.329429e+05 4.329406e+05 4.329375e+05 4.329325e+05 4.325747e+05 4.287111e+05 4.137744e+05 3.818555e+05 3.358599e+05 2.854441e+05 2.008252e+05 1.471815e+05 1.149716e+05 9.498216e+04 8.194938e+04 7.304618e+04 4.696556e+04 4.155509e+04 3.888516e+04 3.693237e+04
4.281353e+05 4.281353e+05 4.281353e+05 4.281353e+05 4.281353e+05 4.281353e+05 4.281353e+05 4.281350e+05 4.281347e+05 4.281344e+05 4.281336e+05 4.281326e+05 4.281313e+05 4.281298e+05 4.281279e+05 4.281254e+05 4.281210e+05 4.277701e+05 4.239521e+05 4.091834e+05 3.776206e+05 3.321374e+05 2.822834e+05 1.986095e+05 1.455676e+05 1.137214e+05 9.395961e+04 8.107657e+04 7.227669e+04 4.651660e+04 4.118320e+04 3.855387e+04 3.664525e+04
4.234041e+05 4.234041e+05 4.234041e+05 4.234041e+05 4.234041e+05 4.234041e+05 4.234040e+05 4.234038e+05 4.234036e+05 4.234034e+05 4.234028e+05 4.234020e+05 4.234011e+05 4.233999e+05 4.233985e+05 4.233964e+05 4.233925e+05 4.230477e+05 4.192737e+05 4.046696e+05 3.734568e+05 3.284778e+05 2.791765e+05 1.964321e+05 1.439818e+05 1.124930e+05 9.295460e+04 8.021848e+04 7.151992e+04 4.607382e+04 4.081630e+04 3.822654e+04 3.636024e+04
4.187684e+05 4.187684e+05 4.187684e+05 4.187684e+05 4.187684e+05 4.187684e+05 4.187684e+05 4.187681e+05 4.187679e+05 4.187677e+05 4.187670e+05 4.187662e+05 4.187650e+05 4.187636e+05 4.187618e+05 4.187594e+05 4.187551e+05 4.184117e+05 4.146768e+05 4.002318e+05 3.693619e+05 3.248784e+05 2.761211e+05 1.942914e+05 1.424230e+05 1.112855e+05 9.196653e+04 7.937464e+04 7.077551e+04 4.563711e+04 4.045430e+04 3.790316e+04 3.607742e+04
