2.816377e+05 7.736429e+04 6.427510e+04 5.766276e+04 5.765827e+04 6.035893e+04 6.481766e+04 7.424487e+04 7.880775e+04 8.315256e+04 9.109337e+04 9.793107e+04 1.035597e+05 1.080108e+05 1.115320e+05 1.145017e+05 1.172752e+05 1.333419e+05 1.533649e+05 1.748050e+05 1.965389e+05 2.182378e+05 2.398092e+05 2.824441e+05 3.242442e+05 3.649951e+05 4.044541e+05 4.423765e+05 4.785419e+05 7.272579e+05 8.133123e+05 8.197859e+05 7.936370e+05
6.463698e+04 6.463729e+04 6.463820e+04 6.466199e+04 6.471878e+04 6.577107e+04 6.933279e+04 7.752562e+04 8.189449e+04 8.604956e+04 9.365659e+04 1.002269e+05 1.056385e+05 1.099076e+05 1.132732e+05 1.161102e+05 1.187723e+05 1.345242e+05 1.544427e+05 1.758505e+05 1.975785e+05 2.192811e+05 2.408590e+05 2.835048e+05 3.253080e+05 3.660536e+05 4.054998e+05 4.434028e+05 4.795431e+05 7.278655e+05 8.135829e+05 8.198627e+05 7.936132e+05
7.457252e+04 7.457265e+04 7.457302e+04 7.458392e+04 7.461456e+04 7.519036e+04 7.713408e+04 8.359854e+04 8.662217e+04 9.001761e+04 9.691525e+04 1.030479e+05 1.081328e+05 1.121410e+05 1.152916e+05 1.179504e+05 1.204661e+05 1.358161e+05 1.555996e+05 1.769601e+05 1.986727e+05 2.203724e+05 2.419518e+05 2.846008e+05 3.264014e+05 3.671372e+05 4.065671e+05 4.444478e+05 4.805606e+05 7.284771e+05 8.138541e+05 8.199392e+05 7.935889e+05
8.465805e+04 8.465812e+04 8.465833e+04 8.466448e+04 8.468232e+04 8.509241e+04 8.590411e+04 9.080919e+04 9.352105e+04 9.596525e+04 1.010192e+05 1.063367e+05 1.109790e+05 1.146631e+05 1.175530e+05 1.199979e+05 1.223391e+05 1.372138e+05 1.568348e+05 1.781338e+05 1.998221e+05 2.215123e+05 2.430879e+05 2.857322e+05 3.275245e+05 3.682461e+05 4.076561e+05 4.455116e+05 4.815944e+05 7.290927e+05 8.141258e+05 8.200154e+05 7.935641e+05
9.362523e+04 9.362527e+04 9.362540e+04 9.362945e+04 9.364132e+04 9.394077e+04 9.455394e+04 9.734749e+04 9.982296e+04 1.022639e+05 1.064940e+05 1.104413e+05 1.142301e+05 1.174598e+05 1.200307e+05 1.222274e+05 1.243701e+05 1.387111e+05 1.581468e+05 1.793715e+05 2.010268e+05 2.227011e+05 2.442677e+05 2.868995e+05 3.286775e+05 3.693805e+05 4.087669e+05 4.465942e+05 4.826446e+05 7.297121e+05 8.143980e+05 8.200912e+05 7.935389e+05
1.017301e+05 1.017302e+05 1.017303e+05 1.017332e+05 1.017418e+05 1.019653e+05 1.024359e+05 1.039810e+05 1.057039e+05 1.078791e+05 1.120871e+05 1.154552e+05 1.182543e+05 1.206538e+05 1.227535e+05 1.246370e+05 1.265482e+05 1.403011e+05 1.595330e+05 1.806724e+05 2.022868e+05 2.239388e+05 2.454914e+05 2.881028e+05 3.298607e+05 3.705404e+05 4.098996e+05 4.476958e+05 4.837112e+05 7.303355e+05 8.146708e+05 8.201667e+05 7.935132e+05
1.089128e+05 1.089128e+05 1.089129e+05 1.089150e+05 1.089208e+05 1.090344e+05 1.093731e+05 1.105008e+05 1.116222e+05 1.132780e+05 1.172214e+05 1.205391e+05 1.228702e+05 1.245274e+05 1.258798e+05 1.272817e+05 1.288907e+05 1.419778e+05 1.609909e+05 1.820354e+05 2.036016e+05 2.252256e+05 2.467591e+05 2.893423e+05 3.310742e+05 3.717259e+05 4.110543e+05 4.488163e+05 4.847942e+05 7.309627e+05 8.149440e+05 8.202419e+05 7.934869e+05
1.150258e+05 1.150258e+05 1.150258e+05 1.150276e+05 1.150329e+05 1.152178e+05 1.156744e+05 1.168038e+05 1.175995e+05 1.187811e+05 1.220821e+05 1.253225e+05 1.275324e+05 1.287799e+05 1.295491e+05 1.303273e+05 1.314673e+05 1.437388e+05 1.625178e+05 1.834595e+05 2.049709e+05 2.265611e+05 2.480709e+05 2.906180e+05 3.323180e+05 3.729373e+05 4.122311e+05 4.499558e+05 4.858937e+05 7.315938e+05 8.152178e+05 8.203167e+05 7.934602e+05
1.215573e+05 1.215573e+05 1.215574e+05 1.215588e+05 1.215632e+05 1.216840e+05 1.220061e+05 1.229555e+05 1.235583e+05 1.243938e+05 1.269312e+05 1.298373e+05 1.319817e+05 1.330593e+05 1.334686e+05 1.337811e+05 1.344259e+05 1.455884e+05 1.641121e+05 1.849434e+05 2.063940e+05 2.279453e+05 2.494267e+05 2.919301e+05 3.335922e+05 3.741744e+05 4.134299e+05 4.511144e+05 4.870097e+05 7.322287e+05 8.154920e+05 8.203912e+05 7.934330e+05
1.276651e+05 1.276651e+05 1.276651e+05 1.276663e+05 1.276700e+05 1.277734e+05 1.280494e+05 1.288792e+05 1.293754e+05 1.299938e+05 1.318582e+05 1.342384e+05 1.361896e+05 1.371774e+05 1.374014e+05 1.374091e+05 1.376852e+05 1.475406e+05 1.657737e+05 1.864863e+05 2.078705e+05 2.293778e+05 2.508262e+05 2.932785e+05 3.348969e+05 3.754373e+05 4.146509e+05 4.522921e+05 4.881421e+05 7.328675e+05 8.157667e+05 8.204653e+05 7.934053e+05
1.334407e+05 1.334407e+05 1.334408e+05 1.334418e+05 1.334450e+05 1.335348e+05 1.337785e+05 1.345364e+05 1.349797e+05 1.354768e+05 1.368345e+05 1.386332e+05 1.402373e+05 1.410874e+05 1.412082e+05 1.410436e+05 1.410728e+05 1.496231e+05 1.675049e+05 1.880876e+05 2.093996e+05 2.308583e+05 2.522695e+05 2.946632e+05 3.362320e+05 3.767261e+05 4.158940e+05 4.534888e+05 4.892911e+05 7.335101e+05 8.160418e+05 8.205390e+05 7.933771e+05
1.786404e+05 1.786404e+05 1.786404e+05 1.786408e+05 1.786418e+05 1.786718e+05 1.787539e+05 1.790357e+05 1.792173e+05 1.793971e+05 1.795779e+05 1.791963e+05 1.780325e+05 1.762332e+05 1.742556e+05 1.726116e+05 1.716437e+05 1.770037e+05 1.908871e+05 2.082585e+05 2.277867e+05 2.483141e+05 2.690739e+05 3.104776e+05 3.512420e+05 3.910257e+05 4.295356e+05 4.664997e+05 5.016840e+05 7.401385e+05 8.188147e+05 8.212544e+05 7.930664e+05
2.126570e+05 2.126570e+05 2.126570e+05 2.126573e+05 2.126581e+05 2.126832e+05 2.127583e+05 2.130408e+05 2.132358e+05 2.134399e+05 2.137033e+05 2.134216e+05 2.122762e+05 2.102809e+05 2.078203e+05 2.054386e+05 2.035853e+05 2.058965e+05 2.200660e+05 2.370312e+05 2.544106e+05 2.723019e+05 2.909084e+05 3.298974e+05 3.691954e+05 4.078176e+05 4.453165e+05 4.813582e+05 5.156763e+05 7.471140e+05 8.216154e+05 8.219247e+05 7.927013e+05
2.498438e+05 2.498438e+05 2.498438e+05 2.498440e+05 2.498445e+05 2.498588e+05 2.499013e+05 2.500646e+05 2.501776e+05 2.502875e+05 2.503332e+05 2.498131e+05 2.484388e+05 2.462498e+05 2.436320e+05 2.411008e+05 2.390632e+05 2.393236e+05 2.514072e+05 2.680376e+05 2.854860e+05 3.026033e+05 3.195232e+05 3.540721e+05 3.902862e+05 4.270600e+05 4.631403e+05 4.979623e+05 5.311739e+05 7.543978e+05 8.244265e+05 8.225420e+05 7.922781e+05
2.858229e+05 2.858229e+05 2.858229e+05 2.858230e+05 2.858236e+05 2.858397e+05 2.858887e+05 2.860796e+05 2.862134e+05 2.863489e+05 2.864634e+05 2.860489e+05 2.848357e+05 2.828666e+05 2.805067e+05 2.782363e+05 2.764273e+05 2.766698e+05 2.868265e+05 3.014244e+05 3.179206e+05 3.347538e+05 3.512364e+05 3.833359e+05 4.157415e+05 4.491471e+05 4.830707e+05 5.162645e+05 5.480914e+05 7.619429e+05 8.272290e+05 8.230982e+05 7.917932e+05
3.252000e+05 3.252000e+05 3.252000e+05 3.252001e+05 3.252003e+05 3.252086e+05 3.252340e+05 3.253333e+05 3.254000e+05 3.254561e+05 3.253910e+05 3.248067e+05 3.234846e+05 3.215023e+05 3.192244e+05 3.171008e+05 3.154647e+05 3.161355e+05 3.252793e+05 3.377824e+05 3.522625e+05 3.678524e+05 3.837419e+05 4.147758e+05 4.448897e+05 4.750774e+05 5.056630e+05 5.364224e+05 5.664394e+05 7.696960e+05 8.300025e+05 8.235849e+05 7.912428e+05
3.616600e+05 3.616601e+05 3.616601e+05 3.616602e+05 3.616605e+05 3.616715e+05 3.617054e+05 3.618382e+05 3.619300e+05 3.620183e+05 3.620514e+05 3.616454e+05 3.606216e+05 3.590604e+05 3.572803e+05 3.556630e+05 3.544856e+05 3.563002e+05 3.651042e+05 3.761457e+05 3.885918e+05 4.023073e+05 4.168991e+05 4.467025e+05 4.756066e+05 5.036575e+05 5.314244e+05 5.590635e+05 5.864436e+05 7.776002e+05 8.327254e+05 8.239934e+05 7.906231e+05
3.995021e+05 3.995021e+05 3.995021e+05 3.995021e+05 3.995023e+05 3.995078e+05 3.995244e+05 3.995876e+05 3.996284e+05 3.996585e+05 3.995770e+05 3.991136e+05 3.981547e+05 3.968099e+05 3.953708e+05 3.941558e+05 3.933791e+05 3.963698e+05 4.051632e+05 4.153407e+05 4.262311e+05 4.381023e+05 4.510175e+05 4.787580e+05 5.066401e+05 5.333735e+05 5.590935e+05 5.841597e+05 6.086870e+05 7.855989e+05 8.353756e+05 8.243151e+05 7.899304e+05
4.342433e+05 4.342433e+05 4.342433e+05 4.342434e+05 4.342437e+05 4.342518e+05 4.342773e+05 4.343776e+05 4.344471e+05 4.345147e+05 4.345524e+05 4.343115e+05 4.337276e+05 4.329130e+05 4.321022e+05 4.315292e+05 4.313390e+05 4.359071e+05 4.448925e+05 4.546025e+05 4.644494e+05 4.748331e+05 4.861064e+05 5.111603e+05 5.375757e+05 5.632601e+05 5.875441e+05 6.106050e+05 6.327268e+05 7.936400e+05 8.379308e+05 8.245410e+05 7.891610e+05
4.704533e+05 4.704533e+05 4.704533e+05 4.704533e+05 4.704534e+05 4.704574e+05 4.704693e+05 4.705157e+05 4.705468e+05 4.705719e+05 4.705347e+05 4.702862e+05 4.698247e+05 4.692877e+05 4.688775e+05 4.687611e+05 4.690185e+05 4.749248e+05 4.841433e+05 4.935959e+05 5.027718e+05 5.120614e+05 5.219358e+05 5.441129e+05 5.684785e+05 5.928895e+05 6.159961e+05 6.375138e+05 6.576626e+05 8.016806e+05 8.403693e+05 8.246628e+05 7.883113e+05
5.046507e+05 5.046507e+05 5.046507e+05 5.046508e+05 5.046510e+05 5.046582e+05 5.046803e+05 5.047683e+05 5.048309e+05 5.048959e+05 5.049781e+05 5.049399e+05 5.048221e+05 5.047646e+05 5.049196e+05 5.053804e+05 5.061662e+05 5.135182e+05 5.229866e+05 5.322664e+05 5.409803e+05 5.494706e+05 5.582155e+05 5.776282e+05 5.995100e+05 6.221927e+05 6.440246e+05 6.642326e+05 6.827729e+05 8.096917e+05 8.426703e+05 8.246720e+05 7.873780e+05
5.409155e+05 5.409155e+05 5.409155e+05 5.409155e+05 5.409156e+05 5.409194e+05 5.409309e+05 5.409761e+05 5.410073e+05 5.410369e+05 5.410543e+05 5.410027e+05 5.409752e+05 5.411334e+05 5.416050e+05 5.424293e+05 5.435727e+05 5.519799e+05 5.615960e+05 5.706826e+05 5.790031e+05 5.868561e+05 5.946743e+05 6.115510e+05 6.307266e+05 6.512255e+05 6.714675e+05 6.903522e+05 7.075002e+05 8.176637e+05 8.448150e+05 8.245607e+05 7.863576e+05
5.760248e+05 5.760248e+05 5.760248e+05 5.760249e+05 5.760251e+05 5.760323e+05 5.760544e+05 5.761396e+05 5.761996e+05 5.762647e+05 5.763842e+05 5.765051e+05 5.767528e+05 5.772895e+05 5.782023e+05 5.794717e+05 5.810162e+05 5.904332e+05 6.000839e+05 6.088930e+05 6.167897e+05 6.240520e+05 6.310546e+05 6.456156e+05 6.620298e+05 6.800077e+05 6.982870e+05 7.156604e+05 7.314639e+05 8.256133e+05 8.467872e+05 8.243215e+05 7.852470e+05
6.135422e+05 6.135422e+05 6.135422e+05 6.135423e+05 6.135423e+05 6.135451e+05 6.135533e+05 6.135871e+05 6.136118e+05 6.136377e+05 6.136803e+05 6.137568e+05 6.140288e+05 6.146750e+05 6.157670e+05 6.172488e+05 6.190024e+05 6.289406e+05 6.384361e+05 6.468375e+05 6.542190e+05 6.608574e+05 6.670770e+05 6.794845e+05 6.931874e+05 7.084571e+05 7.244566e+05 7.400603e+05 7.544358e+05 8.335963e+05 8.485736e+05 8.239479e+05 7.840434e+05
6.498016e+05 6.498016e+05 6.498016e+05 6.498017e+05 6.498018e+05 6.498076e+05 6.498256e+05 6.498972e+05 6.499489e+05 6.500071e+05 6.501362e+05 6.503460e+05 6.508181e+05 6.517289e+05 6.531196e+05 6.548926e+05 6.568967e+05 6.672851e+05 6.764611e+05 6.843069e+05 6.910531e+05 6.969923e+05 7.024119e+05 7.127706e+05 7.238738e+05 7.363868e+05 7.499013e+05 7.634950e+05 7.762931e+05 8.417501e+05 8.501649e+05 8.234339e+05 7.827443e+05
6.876794e+05 6.876794e+05 6.876794e+05 6.876795e+05 6.876795e+05 6.876818e+05 6.876887e+05 6.877156e+05 6.877344e+05 6.877544e+05 6.878009e+05 6.879429e+05 6.883895e+05 6.893300e+05 6.907954e+05 6.926628e+05 6.947548e+05 7.051521e+05 7.138008e+05 7.209396e+05 7.269309e+05 7.320880e+05 7.366728e+05 7.450570e+05 7.537112e+05 7.635329e+05 7.744836e+05 7.859005e+05 7.969680e+05 8.500379e+05 8.515565e+05 8.227747e+05 7.813474e+05
7.232744e+05 7.232744e+05 7.232744e+05 7.232745e+05 7.232746e+05 7.232798e+05 7.232954e+05 7.233538e+05 7.233948e+05 7.234415e+05 7.235599e+05 7.238118e+05 7.244186e+05 7.255625e+05 7.272461e+05 7.293111e+05 7.315551e+05 7.419564e+05 7.499436e+05 7.562564e+05 7.613995e+05 7.657104e+05 7.694344e+05 7.759198e+05 7.823070e+05 7.895910e+05 7.980170e+05 8.071872e+05 8.164121e+05 8.582235e+05 8.527486e+05 8.219668e+05 7.798507e+05
7.589829e+05 7.589829e+05 7.589829e+05 7.589829e+05 7.589830e+05 7.589842e+05 7.589880e+05 7.590032e+05 7.590138e+05 7.590255e+05 7.590687e+05 7.592561e+05 7.598289e+05 7.609760e+05 7.626894e+05 7.647901e+05 7.670556e+05 7.771345e+05 7.843293e+05 7.897330e+05 7.939724e+05 7.974068e+05 8.002684e+05 8.049566e+05 8.092874e+05 8.142526e+05 8.202904e+05 8.272415e+05 8.345769e+05 8.661261e+05 8.537476e+05 8.210077e+05 7.782529e+05
7.914249e+05 7.914249e+05 7.914249e+05 7.914250e+05 7.914250e+05 7.914275e+05 7.914353e+05 7.914684e+05 7.914934e+05 7.915238e+05 7.916211e+05 7.918942e+05 7.925896e+05 7.938859e+05 7.957493e+05 7.979724e+05 8.003143e+05 8.100915e+05 8.164247e+05 8.208738e+05 8.241923e+05 8.267565e+05 8.287853e+05 8.318154e+05 8.343257e+05 8.372360e+05 8.410950e+05 8.459394e+05 8.514091e+05 8.735920e+05 8.545663e+05 8.198965e+05 7.765529e+05
8.229212e+05 8.229212e+05 8.229212e+05 8.229212e+05 8.229212e+05 8.229205e+05 8.229183e+05 8.229096e+05 8.229038e+05 8.228983e+05 8.229148e+05 8.231076e+05 8.237357e+05 8.249813e+05 8.268038e+05 8.289830e+05 8.312656e+05 8.404074e+05 8.457846e+05 8.492607e+05 8.516778e+05 8.534143e+05 8.546705e+05 8.562197e+05 8.571639e+05 8.583088e+05 8.602466e+05 8.631620e+05 8.668541e+05 8.804899e+05 8.552262e+05 8.186338e+05 7.747503e+05
8.500957e+05 8.500957e+05 8.500957e+05 8.500958e+05 8.500958e+05 8.500984e+05 8.501064e+05 8.501354e+05 8.501554e+05 8.501792e+05 8.502665e+05 8.505481e+05 8.512806e+05 8.526324e+05 8.545415e+05 8.567686e+05 8.590515e+05 8.676189e+05 8.720431e+05 8.745814e+05 8.761572e+05 8.771412e+05 8.777107e+05 8.779858e+05 8.776262e+05 8.773033e+05 8.776022e+05 8.788093e+05 8.808632e+05 8.867121e+05 8.557604e+05 8.172218e+05 7.728449e+05
8.754200e+05 8.754200e+05 8.754200e+05 8.754200e+05 8.754200e+05 8.754195e+05 8.754180e+05 8.754122e+05 8.754083e+05 8.754050e+05 8.754317e+05 8.756500e+05 8.763186e+05 8.776028e+05 8.794344e+05 8.815688e+05 8.837405e+05 8.915162e+05 8.950031e+05 8.966741e+05 8.974968e+05 8.978246e+05 8.978086e+05 8.970295e+05 8.956233e+05 8.941219e+05 8.930688e+05 8.928107e+05 8.934007e+05 8.921753e+05 8.562272e+05 8.156644e+05 7.708374e+05
8.967607e+05 8.967607e+05 8.967607e+05 8.967607e+05 8.967607e+05 8.967622e+05 8.967667e+05 8.967830e+05 8.967942e+05 8.968084e+05 8.968758e+05 8.971377e+05 8.978410e+05 8.991357e+05 9.009422e+05 9.030125e+05 9.050848e+05 9.120663e+05 9.146581e+05 9.155417e+05 9.157067e+05 9.154793e+05 9.149810e+05 9.133624e+05 9.111486e+05 9.087365e+05 9.066058e+05 9.051298e+05 9.044493e+05 8.968209e+05 8.566591e+05 8.139674e+05 7.687288e+05
9.159557e+05 9.159557e+05 9.159557e+05 9.159557e+05 9.159556e+05 9.159549e+05 9.159524e+05 9.159423e+05 9.159350e+05 9.159276e+05 9.159425e+05 9.161362e+05 9.167484e+05 9.179237e+05 9.195833e+05 9.214856e+05 9.233767e+05 9.294099e+05 9.311380e+05 9.313134e+05 9.309129e+05 9.302258e+05 9.293411e+05 9.270774e+05 9.242669e+05 9.211804e+05 9.182222e+05 9.157653e+05 9.140125e+05 9.006144e+05 8.569806e+05 8.121387e+05 7.665211e+05
9.313716e+05 9.313716e+05 9.313716e+05 9.313717e+05 9.313717e+05 9.313727e+05 9.313751e+05 9.313826e+05 9.313876e+05 9.313943e+05 9.314398e+05 9.316574e+05 9.322701e+05 9.334075e+05 9.349857e+05 9.367689e+05 9.385140e+05 9.436951e+05 9.446445e+05 9.442007e+05 9.433221e+05 9.422604e+05 9.410724e+05 9.383289e+05 9.350985e+05 9.315373e+05 9.279694e+05 9.247481e+05 9.221147e+05 9.035430e+05 8.571360e+05 8.101882e+05 7.642164e+05
9.450415e+05 9.450415e+05 9.450415e+05 9.450415e+05 9.450414e+05 9.450403e+05 9.450366e+05 9.450220e+05 9.450114e+05 9.449996e+05 9.449955e+05 9.451367e+05 9.456322e+05 9.466060e+05 9.479829e+05 9.495440e+05 9.510625e+05 9.552544e+05 9.554660e+05 9.544745e+05 9.531908e+05 9.518245e+05 9.504012e+05 9.473117e+05 9.438023e+05 9.399277e+05 9.359322e+05 9.321357e+05 9.287988e+05 9.056129e+05 8.570820e+05 8.081282e+05 7.618179e+05
9.555871e+05 9.555871e+05 9.555871e+05 9.555871e+05 9.555871e+05 9.555875e+05 9.555885e+05 9.555921e+05 9.555941e+05 9.555957e+05 9.556138e+05 9.557549e+05 9.562086e+05 9.570883e+05 9.583229e+05 9.597090e+05 9.610371e+05 9.643402e+05 9.638873e+05 9.624162e+05 9.607897e+05 9.591768e+05 9.575728e+05 9.542408e+05 9.505598e+05 9.464959e+05 9.422184e+05 9.380063e+05 9.341233e+05 9.068460e+05 8.567826e+05 8.059743e+05 7.593293e+05
9.642668e+05 9.642668e+05 9.642668e+05 9.642668e+05 9.642668e+05 9.642666e+05 9.642658e+05 9.642625e+05 9.642593e+05 9.642539e+05 9.642489e+05 9.643416e+05 9.647047e+05 9.654440e+05 9.664966e+05 9.676781e+05 9.687973e+05 9.712304e+05 9.701842e+05 9.682996e+05 9.663872e+05 9.645767e+05 9.628351e+05 9.593374e+05 9.555609e+05 9.513975e+05 9.469498e+05 9.424516e+05 9.381576e+05 9.072760e+05 8.562074e+05 8.037460e+05 7.567549e+05
9.708871e+05 9.708871e+05 9.708871e+05 9.708871e+05 9.708871e+05 9.708871e+05 9.708872e+05 9.708877e+05 9.708873e+05 9.708848e+05 9.708798e+05 9.709507e+05 9.712495e+05 9.718714e+05 9.727601e+05 9.737497e+05 9.746687e+05 9.762556e+05 9.746535e+05 9.724035e+05 9.702498e+05 9.682788e+05 9.664302e+05 9.628165e+05 9.589924e+05 9.547899e+05 9.502531e+05 9.455701e+05 9.409779e+05 9.069451e+05 8.553317e+05 8.014713e+05 7.540999e+05
9.763568e+05 9.763568e+05 9.763568e+05 9.763567e+05 9.763567e+05 9.763558e+05 9.763528e+05 9.763429e+05 9.763355e+05 9.763241e+05 9.762899e+05 9.763007e+05 9.764898e+05 9.769444e+05 9.776195e+05 9.783714e+05 9.790507e+05 9.797046e+05 9.775680e+05 9.749930e+05 9.726304e+05 9.705217e+05 9.685824e+05 9.648766e+05 9.610291e+05 9.568234e+05 9.522531e+05 9.474622e+05 9.426635e+05 9.059009e+05 8.541358e+05 7.991821e+05 7.513700e+05
9.798609e+05 9.798609e+05 9.798609e+05 9.798609e+05 9.798609e+05 9.798610e+05 9.798610e+05 9.798600e+05 9.798574e+05 9.798499e+05 9.798148e+05 9.797970e+05 9.799099e+05 9.802332e+05 9.807330e+05 9.812885e+05 9.817717e+05 9.816964e+05 9.791440e+05 9.762967e+05 9.737472e+05 9.715101e+05 9.694844e+05 9.656906e+05 9.618266e+05 9.576355e+05 9.530677e+05 9.482253e+05 9.432933e+05 9.041941e+05 8.526054e+05 7.968521e+05 7.485720e+05
9.818240e+05 9.818240e+05 9.818240e+05 9.818240e+05 9.818240e+05 9.818247e+05 9.818269e+05 9.818352e+05 9.818395e+05 9.818397e+05 9.818158e+05 9.817893e+05 9.818577e+05 9.820944e+05 9.824731e+05 9.828887e+05 9.832283e+05 9.825681e+05 9.796292e+05 9.765118e+05 9.737732e+05 9.714048e+05 9.692895e+05 9.654017e+05 9.615183e+05 9.573481e+05 9.528046e+05 9.479513e+05 9.429439e+05 9.018759e+05 8.507315e+05 7.944576e+05 7.457133e+05
9.839200e+05 9.839200e+05 9.839200e+05 9.839200e+05 9.839200e+05 9.839191e+05 9.839162e+05 9.839044e+05 9.838940e+05 9.838759e+05 9.837983e+05 9.836807e+05 9.836056e+05 9.836466e+05 9.837948e+05 9.839698e+05 9.840790e+05 9.825868e+05 9.791774e+05 9.757629e+05 9.728265e+05 9.703229e+05 9.681143e+05 9.641246e+05 9.602155e+05 9.560664e+05 9.515600e+05 9.467252e+05 9.416877e+05 8.989971e+05 8.485098e+05 7.919822e+05 7.428024e+05
9.842099e+05 9.842099e+05 9.842099e+05 9.842099e+05 9.842099e+05 9.842093e+05 9.842076e+05 9.842002e+05 9.841924e+05 9.841765e+05 9.840970e+05 9.839579e+05 9.838269e+05 9.837702e+05 9.837846e+05 9.838050e+05 9.837541e+05 9.816068e+05 9.777900e+05 9.741074e+05 9.709855e+05 9.683503e+05 9.660482e+05 9.619510e+05 9.580101e+05 9.538806e+05 9.494191e+05 9.446242e+05 9.395928e+05 8.956065e+05 8.459407e+05 7.894127e+05 7.398491e+05
9.826902e+05 9.826902e+05 9.826902e+05 9.826902e+05 9.826902e+05 9.826905e+05 9.826913e+05 9.826942e+05 9.826941e+05 9.826871e+05 9.826283e+05 9.825073e+05 9.823811e+05 9.823069e+05 9.822801e+05 9.822409e+05 9.821201e+05 9.796205e+05 9.755177e+05 9.716111e+05 9.683188e+05 9.655566e+05 9.631616e+05 9.589544e+05 9.549785e+05 9.508677e+05 9.464571e+05 9.417188e+05 9.367227e+05 8.917506e+05 8.430291e+05 7.867386e+05 7.368648e+05
9.809343e+05 9.809343e+05 9.809343e+05 9.809343e+05 9.809343e+05 9.809348e+05 9.809363e+05 9.809417e+05 9.809433e+05 9.809381e+05 9.808781e+05 9.807399e+05 9.805693e+05 9.804197e+05 9.802928e+05 9.801407e+05 9.799053e+05 9.769346e+05 9.725039e+05 9.683564e+05 9.648877e+05 9.619974e+05 9.595100e+05 9.551949e+05 9.511852e+05 9.470950e+05 9.427413e+05 9.380735e+05 9.331369e+05 8.874731e+05 8.397838e+05 7.839509e+05 7.338645e+05
9.796645e+05 9.796645e+05 9.796645e+05 9.796645e+05 9.796645e+05 9.796636e+05 9.796611e+05 9.796519e+05 9.796433e+05 9.796252e+05 9.795245e+05 9.793089e+05 9.790076e+05 9.786722e+05 9.783216e+05 9.779334e+05 9.774705e+05 9.736848e+05 9.688069e+05 9.643822e+05 9.607300e+05 9.577136e+05 9.551385e+05 9.507241e+05 9.466869e+05 9.426225e+05 9.383327e+05 9.337479e+05 9.288916e+05 8.828146e+05 8.362167e+05 7.810426e+05 7.308687e+05
9.773012e+05 9.773012e+05 9.773012e+05 9.773012e+05 9.773011e+05 9.773006e+05 9.772986e+05 9.772901e+05 9.772808e+05 9.772605e+05 9.771450e+05 9.768870e+05 9.764974e+05 9.760212e+05 9.754876e+05 9.748954e+05 9.742279e+05 9.696687e+05 9.643666e+05 9.596873e+05 9.558697e+05 9.527411e+05 9.500889e+05 9.455908e+05 9.415365e+05 9.375058e+05 9.332882e+05 9.287983e+05 9.240402e+05 8.778132e+05 8.323429e+05 7.780080e+05 7.278713e+05
9.733454e+05 9.733454e+05 9.733454e+05 9.733454e+05 9.733454e+05 9.733449e+05 9.733434e+05 9.733377e+05 9.733311e+05 9.733140e+05 9.732039e+05 9.729402e+05 9.725192e+05 9.719761e+05 9.713431e+05 9.706315e+05 9.698386e+05 9.647759e+05 9.591742e+05 9.542990e+05 9.503465e+05 9.471241e+05 9.444075e+05 9.398437e+05 9.357854e+05 9.317984e+05 9.276622e+05 9.232784e+05 9.186345e+05 8.725038e+05 8.281798e+05 7.748432e+05 7.248587e+05
9.688061e+05 9.688061e+05 9.688061e+05 9.688061e+05 9.688061e+05 9.688063e+05 9.688068e+05 9.688085e+05 9.688067e+05 9.687945e+05 9.686904e+05 9.684162e+05 9.679525e+05 9.673271e+05 9.665785e+05 9.657340e+05 9.648069e+05 9.592412e+05 9.533559e+05 9.482982e+05 9.442225e+05 9.409170e+05 9.381460e+05 9.335335e+05 9.294846e+05 9.255524e+05 9.215073e+05 9.172404e+05 9.127246e+05 8.669192e+05 8.237465e+05 7.715455e+05 7.218227e+05
9.643012e+05 9.643012e+05 9.643012e+05 9.643012e+05 9.643012e+05 9.643008e+05 9.642996e+05 9.642944e+05 9.642873e+05 9.642682e+05 9.641409e+05 9.638193e+05 9.632693e+05 9.625136e+05 9.616009e+05 9.605767e+05 9.594718e+05 9.532506e+05 9.470164e+05 9.417570e+05 9.375577e+05 9.341752e+05 9.313575e+05 9.267118e+05 9.226859e+05 9.188196e+05 9.148754e+05 9.107352e+05 9.063598e+05 8.610896e+05 8.190635e+05 7.681136e+05 7.187570e+05
9.589866e+05 9.589866e+05 9.589866e+05 9.589866e+05 9.589866e+05 9.589860e+05 9.589842e+05 9.589764e+05 9.589673e+05 9.589452e+05 9.588052e+05 9.584513e+05 9.578356e+05 9.569752e+05 9.559258e+05 9.547491e+05 9.534910e+05 9.466910e+05 9.401445e+05 9.347052e+05 9.303970e+05 9.269485e+05 9.240936e+05 9.194306e+05 9.154410e+05 9.116516e+05 9.078177e+05 9.038132e+05 8.995885e+05 8.550433e+05 8.141520e+05 7.645476e+05 7.156568e+05
9.525686e+05 9.525686e+05 9.525686e+05 9.525686e+05 9.525686e+05 9.525686e+05 9.525686e+05 9.525673e+05 9.525627e+05 9.525454e+05 9.524132e+05 9.520564e+05 9.514143e+05 9.504968e+05 9.493631e+05 9.480864e+05 9.467248e+05 9.395254e+05 9.327562e+05 9.271807e+05 9.227868e+05 9.192870e+05 9.164055e+05 9.117419e+05 9.078017e+05 9.040998e+05 9.003846e+05 8.965235e+05 8.924581e+05 8.488067e+05 8.090337e+05 7.608489e+05 7.125179e+05
9.458085e+05 9.458085e+05 9.458085e+05 9.458085e+05 9.458085e+05 9.458085e+05 9.458084e+05 9.458073e+05 9.458028e+05 9.457856e+05 9.456507e+05 9.452788e+05 9.445976e+05 9.436110e+05 9.423830e+05 9.409989e+05 9.395290e+05 9.319289e+05 9.249479e+05 9.192491e+05 9.147824e+05 9.112429e+05 9.083452e+05 9.036978e+05 8.998198e+05 8.962151e+05 8.926261e+05 8.889148e+05 8.850152e+05 8.424045e+05 8.037304e+05 7.570201e+05 7.093369e+05
9.389679e+05 9.389679e+05 9.389679e+05 9.389679e+05 9.389679e+05 9.389677e+05 9.389669e+05 9.389634e+05 9.389572e+05 9.389375e+05 9.387913e+05 9.383899e+05 9.376488e+05 9.365671e+05 9.352167e+05 9.336973e+05 9.320934e+05 9.240081e+05 9.167880e+05 9.109664e+05 9.064367e+05 9.028690e+05 8.999657e+05 8.953510e+05 8.915472e+05 8.880481e+05 8.845914e+05 8.810345e+05 8.773052e+05 8.358599e+05 7.982635e+05 7.530647e+05 7.061110e+05
9.317152e+05 9.317152e+05 9.317152e+05 9.317152e+05 9.317152e+05 9.317147e+05 9.317132e+05 9.317065e+05 9.316978e+05 9.316745e+05 9.315148e+05 9.310819e+05 9.302799e+05 9.291038e+05 9.276330e+05 9.259820e+05 9.242487e+05 9.157111e+05 9.082876e+05 9.023719e+05 8.978001e+05 8.942193e+05 8.913214e+05 8.867551e+05 8.830353e+05 8.796484e+05 8.763282e+05 8.729285e+05 8.693722e+05 8.291948e+05 7.926539e+05 7.489875e+05 7.028380e+05
9.236896e+05 9.236896e+05 9.236896e+05 9.236896e+05 9.236896e+05 9.236896e+05 9.236895e+05 9.236884e+05 9.236834e+05 9.236641e+05 9.235099e+05 9.230713e+05 9.222408e+05 9.210079e+05 9.194567e+05 9.177137e+05 9.158888e+05 9.070406e+05 8.994915e+05 8.935229e+05 8.889317e+05 8.853517e+05 8.824688e+05 8.779629e+05 8.743345e+05 8.710642e+05 8.678827e+05 8.646411e+05 8.612583e+05 8.224296e+05 7.869217e+05 7.447939e+05 6.995163e+05
9.155118e+05 9.155118e+05 9.155118e+05 9.155118e+05 9.155118e+05 9.155117e+05 9.155117e+05 9.155109e+05 9.155063e+05 9.154873e+05 9.153308e+05 9.148778e+05 9.140103e+05 9.127131e+05 9.110762e+05 9.092380e+05 9.073200e+05 8.981694e+05 8.905080e+05 8.844976e+05 8.798963e+05 8.763246e+05 8.734626e+05 8.690253e+05 8.654928e+05 8.623411e+05 8.592986e+05 8.562143e+05 8.530037e+05 8.155838e+05 7.810862e+05 7.404902e+05 6.961445e+05
9.074180e+05 9.074180e+05 9.074180e+05 9.074180e+05 9.074180e+05 9.074177e+05 9.074170e+05 9.074135e+05 9.074069e+05 9.073850e+05 9.072172e+05 9.067370e+05 9.058164e+05 9.044371e+05 9.026964e+05 9.007457e+05 8.987189e+05 8.892094e+05 8.814117e+05 8.753556e+05 8.707475e+05 8.671890e+05 8.643522e+05 8.599893e+05 8.565552e+05 8.535223e+05 8.506172e+05 8.476875e+05 8.446461e+05 8.086753e+05 7.751655e+05 7.360834e+05 6.927221e+05
8.990854e+05 8.990854e+05 8.990854e+05 8.990854e+05 8.990854e+05 8.990851e+05 8.990842e+05 8.990801e+05 8.990729e+05 8.990499e+05 8.988755e+05 8.983750e+05 8.974106e+05 8.959605e+05 8.941281e+05 8.920767e+05 8.899514e+05 8.801177e+05 8.722083e+05 8.661253e+05 8.615236e+05 8.579869e+05 8.551807e+05 8.508974e+05 8.475626e+05 8.446470e+05 8.418765e+05 8.390974e+05 8.362207e+05 8.017213e+05 7.691767e+05 7.315809e+05 6.892486e+05
8.904346e+05 8.904346e+05 8.904346e+05 8.904346e+05 8.904346e+05 8.904343e+05 8.904334e+05 8.904293e+05 8.904222e+05 8.903991e+05 8.902215e+05 8.897067e+05 8.887075e+05 8.871982e+05 8.852880e+05 8.831518e+05 8.809452e+05 8.708746e+05 8.629154e+05 8.568401e+05 8.522632e+05 8.487581e+05 8.459881e+05 8.417883e+05 8.385524e+05 8.357513e+05 8.331110e+05 8.304773e+05 8.277595e+05 7.947375e+05 7.631357e+05 7.269906e+05 6.857242e+05
8.816867e+05 8.816867e+05 8.816867e+05 8.816867e+05 8.816867e+05 8.816869e+05 8.816872e+05 8.816879e+05 8.816841e+05 8.816646e+05 8.814917e+05 8.809704e+05 8.799425e+05 8.783786e+05 8.763938e+05 8.741754e+05 8.718907e+05 8.616058e+05 8.536153e+05 8.475587e+05 8.430132e+05 8.395437e+05 8.368119e+05 8.326967e+05 8.295578e+05 8.268674e+05 8.243520e+05 8.218575e+05 8.192920e+05 7.877388e+05 7.570573e+05 7.223206e+05 6.821494e+05
8.733842e+05 8.733842e+05 8.733842e+05 8.733842e+05 8.733842e+05 8.733839e+05 8.733829e+05 8.733787e+05 8.733713e+05 8.733471e+05 8.731583e+05 8.726041e+05 8.715169e+05 8.698651e+05 8.677728e+05 8.654413e+05 8.630505e+05 8.524552e+05 8.443901e+05 8.383357e+05 8.338160e+05 8.303804e+05 8.276862e+05 8.236538e+05 8.206083e+05 8.180237e+05 8.156273e+05 8.132650e+05 8.108444e+05 7.807387e+05 7.509550e+05 7.175792e+05 6.785253e+05
8.649527e+05 8.649527e+05 8.649527e+05 8.649527e+05 8.649527e+05 8.649524e+05 8.649514e+05 8.649468e+05 8.649389e+05 8.649135e+05 8.647177e+05 8.641431e+05 8.630140e+05 8.612965e+05 8.591208e+05 8.566998e+05 8.542235e+05 8.433700e+05 8.352416e+05 8.291917e+05 8.246980e+05 8.212959e+05 8.186382e+05 8.146856e+05 8.117294e+05 8.092450e+05 8.069610e+05 8.047236e+05 8.024399e+05 7.737499e+05 7.448411e+05 7.127749e+05 6.748530e+05
8.562313e+05 8.562313e+05 8.562313e+05 8.562313e+05 8.562313e+05 8.562313e+05 8.562312e+05 8.562303e+05 8.562251e+05 8.562026e+05 8.560113e+05 8.554339e+05 8.542875e+05 8.525353e+05 8.503112e+05 8.478361e+05 8.453074e+05 8.343073e+05 8.261636e+05 8.201377e+05 8.156772e+05 8.123105e+05 8.096895e+05 8.058139e+05 8.029424e+05 8.005526e+05 7.983742e+05 7.962540e+05 7.940991e+05 7.667837e+05 7.387270e+05 7.079158e+05 6.711343e+05
8.476861e+05 8.476861e+05 8.476861e+05 8.476861e+05 8.476861e+05 8.476861e+05 8.476860e+05 8.476849e+05 8.476793e+05 8.476560e+05 8.474585e+05 8.468629e+05 8.456809e+05 8.438761e+05 8.415894e+05 8.390511e+05 8.364660e+05 8.253319e+05 8.171881e+05 8.111939e+05 8.067703e+05 8.034406e+05 8.008563e+05 7.970557e+05 7.942649e+05 7.919641e+05 7.898846e+05 7.878740e+05 7.858394e+05 7.598508e+05 7.326226e+05 7.030104e+05 6.673710e+05
8.392977e+05 8.392977e+05 8.392977e+05 8.392977e+05 8.392976e+05 8.392976e+05 8.392973e+05 8.392956e+05 8.392894e+05 8.392650e+05 8.390602e+05 8.384447e+05 8.372243e+05 8.353638e+05 8.330115e+05 8.304074e+05 8.277637e+05 8.164868e+05 8.083381e+05 8.023750e+05 7.979896e+05 7.946982e+05 7.921513e+05 7.884249e+05 7.857112e+05 7.834942e+05 7.815070e+05 7.795984e+05 7.776758e+05 7.529603e+05 7.265373e+05 6.980667e+05 6.635654e+05
8.309809e+05 8.309809e+05 8.309809e+05 8.309809e+05 8.309809e+05 8.309808e+05 8.309805e+05 8.309786e+05 8.309722e+05 8.309472e+05 8.307384e+05 8.301096e+05 8.288613e+05 8.269568e+05 8.245494e+05 8.218871e+05 8.191891e+05 8.077684e+05 7.996140e+05 7.936861e+05 7.893430e+05 7.860928e+05 7.835849e+05 7.799325e+05 7.772931e+05 7.751548e+05 7.732537e+05 7.714396e+05 7.696209e+05 7.461206e+05 7.204789e+05 6.930925e+05 6.597200e+05
8.227091e+05 8.227091e+05 8.227091e+05 8.227091e+05 8.227091e+05 8.227090e+05 8.227087e+05 8.227067e+05 8.227003e+05 8.226749e+05 8.224627e+05 8.218223e+05 8.205487e+05 8.186040e+05 8.161462e+05 8.134311e+05 8.106849e+05 7.991512e+05 7.910136e+05 7.851336e+05 7.808396e+05 7.776341e+05 7.751666e+05 7.715881e+05 7.690200e+05 7.669558e+05 7.651344e+05 7.634078e+05 7.616849e+05 7.393393e+05 7.144548e+05 6.880953e+05 6.558374e+05
8.145041e+05 8.145041e+05 8.145041e+05 8.145041e+05 8.145041e+05 8.145042e+05 8.145043e+05 8.145043e+05 8.144992e+05 8.144751e+05 8.142633e+05 8.136149e+05 8.123188e+05 8.103362e+05 8.078307e+05 8.050664e+05 8.022767e+05 7.906599e+05 7.825575e+05 7.767332e+05 7.724916e+05 7.693322e+05 7.669056e+05 7.633997e+05 7.608996e+05 7.589046e+05 7.571570e+05 7.555107e+05 7.538759e+05 7.326226e+05 7.084712e+05 6.830824e+05 6.519206e+05
8.066010e+05 8.066010e+05 8.066010e+05 8.066010e+05 8.066010e+05 8.066011e+05 8.066012e+05 8.066011e+05 8.065959e+05 8.065714e+05 8.063553e+05 8.056930e+05 8.043673e+05 8.023384e+05 7.997757e+05 7.969522e+05 7.941088e+05 7.823670e+05 7.742790e+05 7.685024e+05 7.643104e+05 7.611959e+05 7.588094e+05 7.553735e+05 7.529377e+05 7.510069e+05 7.493270e+05 7.477542e+05 7.462001e+05 7.259761e+05 7.025337e+05 6.780605e+05 6.479724e+05
7.989456e+05 7.989456e+05 7.989456e+05 7.989456e+05 7.989456e+05 7.989454e+05 7.989450e+05 7.989426e+05 7.989356e+05 7.989087e+05 7.986841e+05 7.980034e+05 7.966439e+05 7.945649e+05 7.919411e+05 7.890541e+05 7.861523e+05 7.742628e+05 7.661777e+05 7.604450e+05 7.563013e+05 7.532307e+05 7.508830e+05 7.475141e+05 7.451382e+05 7.432665e+05 7.416485e+05 7.401426e+05 7.386618e+05 7.194046e+05 6.966469e+05 6.730361e+05 6.439962e+05
7.912456e+05 7.912456e+05 7.912456e+05 7.912456e+05 7.912456e+05 7.912454e+05 7.912450e+05 7.912427e+05 7.912358e+05 7.912090e+05 7.909831e+05 7.902948e+05 7.889159e+05 7.868039e+05 7.841374e+05 7.812052e+05 7.782621e+05 7.662875e+05 7.582354e+05 7.525584e+05 7.484664e+05 7.454398e+05 7.431298e+05 7.398240e+05 7.375033e+05 7.356854e+05 7.341235e+05 7.326782e+05 7.312640e+05 7.129118e+05 6.908149e+05 6.680151e+05 6.399950e+05
7.836363e+05 7.836363e+05 7.836363e+05 7.836363e+05 7.836363e+05 7.836364e+05 7.836367e+05 7.836373e+05 7.836324e+05 7.836077e+05 7.833852e+05 7.826948e+05 7.813032e+05 7.791656e+05 7.764640e+05 7.734939e+05 7.705165e+05 7.584803e+05 7.504706e+05 7.448512e+05 7.408100e+05 7.378256e+05 7.355510e+05 7.323035e+05 7.300333e+05 7.282640e+05 7.267526e+05 7.253620e+05 7.240080e+05 7.065010e+05 6.850411e+05 6.630032e+05 6.359722e+05
7.764426e+05 7.764426e+05 7.764426e+05 7.764426e+05 7.764426e+05 7.764427e+05 7.764430e+05 7.764432e+05 7.764378e+05 7.764122e+05 7.761844e+05 7.754801e+05 7.740606e+05 7.718802e+05 7.691254e+05 7.660999e+05 7.630715e+05 7.509114e+05 7.429106e+05 7.373328e+05 7.333345e+05 7.303877e+05 7.281453e+05 7.249511e+05 7.227264e+05 7.210010e+05 7.195350e+05 7.181935e+05 7.168938e+05 7.001746e+05 6.793284e+05 6.580054e+05 6.319310e+05
7.694649e+05 7.694649e+05 7.694649e+05 7.694649e+05 7.694649e+05 7.694648e+05 7.694643e+05 7.694620e+05 7.694548e+05 7.694268e+05 7.691912e+05 7.684704e+05 7.670208e+05 7.647959e+05 7.619870e+05 7.589054e+05 7.558256e+05 7.435352e+05 7.355355e+05 7.299935e+05 7.260341e+05 7.231218e+05 7.209089e+05 7.177632e+05 7.155798e+05 7.138937e+05 7.124684e+05 7.111712e+05 7.099205e+05 6.939343e+05 6.736790e+05 6.530266e+05 6.278748e+05
7.623990e+05 7.623990e+05 7.623990e+05 7.623990e+05 7.623990e+05 7.623988e+05 7.623984e+05 7.623964e+05 7.623897e+05 7.623621e+05 7.621266e+05 7.614016e+05 7.599392e+05 7.576911e+05 7.548516e+05 7.517373e+05 7.486276e+05 7.362805e+05 7.283128e+05 7.228173e+05 7.188990e+05 7.160205e+05 7.138355e+05 7.107346e+05 7.085888e+05 7.069384e+05 7.055499e+05 7.042924e+05 7.030860e+05 6.877816e+05 6.680948e+05 6.480710e+05 6.238068e+05
7.554279e+05 7.554279e+05 7.554279e+05 7.554279e+05 7.554279e+05 7.554280e+05 7.554282e+05 7.554287e+05 7.554236e+05 7.553979e+05 7.551655e+05 7.544401e+05 7.529696e+05 7.507041e+05 7.478401e+05 7.446990e+05 7.415651e+05 7.291785e+05 7.212484e+05 7.158002e+05 7.119223e+05 7.090763e+05 7.069180e+05 7.038593e+05 7.017483e+05 7.001305e+05 6.987754e+05 6.975541e+05 6.963877e+05 6.817171e+05 6.625771e+05 6.431424e+05 6.197303e+05
7.488344e+05 7.488344e+05 7.488344e+05 7.488344e+05 7.488344e+05 7.488345e+05 7.488348e+05 7.488351e+05 7.488296e+05 7.488031e+05 7.485666e+05 7.478299e+05 7.463368e+05 7.440363e+05 7.411290e+05 7.379427e+05 7.347673e+05 7.222791e+05 7.143555e+05 7.089409e+05 7.050976e+05 7.022818e+05 7.001488e+05 6.971305e+05 6.950525e+05 6.934651e+05 6.921408e+05 6.909524e+05 6.898225e+05 6.757411e+05 6.571270e+05 6.382445e+05 6.156484e+05
7.424494e+05 7.424494e+05 7.424494e+05 7.424494e+05 7.424494e+05 7.424493e+05 7.424489e+05 7.424468e+05 7.424396e+05 7.424109e+05 7.421670e+05 7.414150e+05 7.398944e+05 7.375538e+05 7.345979e+05 7.313614e+05 7.281399e+05 7.155341e+05 7.076092e+05 7.022248e+05 6.984150e+05 6.956286e+05 6.935206e+05 6.905421e+05 6.884958e+05 6.869371e+05 6.856413e+05 6.844833e+05 6.833868e+05 6.698536e+05 6.517451e+05 6.333803e+05 6.115641e+05
7.359870e+05 7.359870e+05 7.359870e+05 7.359870e+05 7.359870e+05 7.359869e+05 7.359865e+05 7.359844e+05 7.359773e+05 7.359486e+05 7.357034e+05 7.349455e+05 7.334104e+05 7.310453e+05 7.280580e+05 7.247885e+05 7.215372e+05 7.088736e+05 7.009774e+05 6.956362e+05 6.918648e+05 6.891098e+05 6.870273e+05 6.840882e+05 6.820728e+05 6.805415e+05 6.792725e+05 6.781426e+05 6.770769e+05 6.640541e+05 6.464318e+05 6.285525e+05 6.074806e+05
7.295468e+05 7.295468e+05 7.295468e+05 7.295468e+05 7.295468e+05 7.295469e+05 7.295470e+05 7.295470e+05 7.295414e+05 7.295144e+05 7.292720e+05 7.285135e+05 7.269707e+05 7.245894e+05 7.215797e+05 7.182862e+05 7.150137e+05 7.023220e+05 6.944680e+05 6.891754e+05 6.854442e+05 6.827211e+05 6.806641e+05 6.777639e+05 6.757786e+05 6.742735e+05 6.730298e+05 6.719262e+05 6.708889e+05 6.583419e+05 6.411871e+05 6.237635e+05 6.034006e+05
7.233735e+05 7.233735e+05 7.233735e+05 7.233735e+05 7.233735e+05 7.233736e+05 7.233737e+05 7.233737e+05 7.233680e+05 7.233407e+05 7.230964e+05 7.223309e+05 7.207727e+05 7.183666e+05 7.153256e+05 7.119994e+05 7.086969e+05 6.959399e+05 6.881047e+05 6.828492e+05 6.791531e+05 6.764595e+05 6.744269e+05 6.715645e+05 6.696084e+05 6.681285e+05 6.669089e+05 6.658298e+05 6.648190e+05 6.527161e+05 6.360109e+05 6.190155e+05 5.993269e+05
7.174223e+05 7.174223e+05 7.174223e+05 7.174223e+05 7.174223e+05 7.174222e+05 7.174219e+05 7.174204e+05 7.174134e+05 7.173845e+05 7.171344e+05 7.163572e+05 7.147779e+05 7.123408e+05 7.092623e+05 7.058971e+05 7.025590e+05 6.897117e+05 6.818790e+05 6.766520e+05 6.729870e+05 6.703210e+05 6.683117e+05 6.654859e+05 6.635581e+05 6.621023e+05 6.609054e+05 6.598495e+05 6.588634e+05 6.471753e+05 6.309028e+05 6.143102e+05 5.952621e+05
7.114837e+05 7.114837e+05 7.114837e+05 7.114837e+05 7.114837e+05 7.114837e+05 7.114834e+05 7.114818e+05 7.114748e+05 7.114456e+05 7.111934e+05 7.104090e+05 7.088138e+05 7.063518e+05 7.032424e+05 6.998455e+05 6.964789e+05 6.835731e+05 6.757606e+05 6.705695e+05 6.669381e+05 6.643002e+05 6.623142e+05 6.595242e+05 6.576235e+05 6.561908e+05 6.550154e+05 6.539812e+05 6.530182e+05 6.417184e+05 6.258623e+05 6.096492e+05 5.912087e+05
7.055401e+05 7.055401e+05 7.055401e+05 7.055401e+05 7.055401e+05 7.055401e+05 7.055402e+05 7.055396e+05 7.055333e+05 7.055049e+05 7.052532e+05 7.044652e+05 7.028591e+05 7.003784e+05 6.972456e+05 6.938251e+05 6.904385e+05 6.775113e+05 6.697408e+05 6.645956e+05 6.610018e+05 6.583933e+05 6.564306e+05 6.536754e+05 6.518007e+05 6.503899e+05 6.492349e+05 6.482211e+05 6.472797e+05 6.363438e+05 6.208886e+05 6.050337e+05 5.871690e+05
6.997200e+05 6.997200e+05 6.997200e+05 6.997200e+05 6.997200e+05 6.997200e+05 6.997200e+05 6.997195e+05 6.997132e+05 6.996847e+05 6.994317e+05 6.986388e+05 6.970217e+05 6.945234e+05 6.913686e+05 6.879260e+05 6.845206e+05 6.715700e+05 6.638373e+05 6.587359e+05 6.551784e+05 6.525983e+05 6.506579e+05 6.479359e+05 6.460859e+05 6.446957e+05 6.435599e+05 6.425654e+05 6.416443e+05 6.310498e+05 6.159811e+05 6.004646e+05 5.831452e+05
6.940525e+05 6.940525e+05 6.940525e+05 6.940525e+05 6.940525e+05 6.940525e+05 6.940525e+05 6.940517e+05 6.940453e+05 6.940165e+05 6.937621e+05 6.929647e+05 6.913378e+05 6.888237e+05 6.856492e+05 6.821859e+05 6.787617e+05 6.657740e+05 6.580628e+05 6.529952e+05 6.494684e+05 6.469135e+05 6.449934e+05 6.423020e+05 6.404750e+05 6.391043e+05 6.379867e+05 6.370104e+05 6.361085e+05 6.258349e+05 6.111386e+05 5.959429e+05 5.791393e+05
6.885064e+05 6.885064e+05 6.885064e+05 6.885064e+05 6.885064e+05 6.885064e+05 6.885063e+05 6.885055e+05 6.884989e+05 6.884700e+05 6.882144e+05 6.874131e+05 6.857779e+05 6.832501e+05 6.800583e+05 6.765766e+05 6.731355e+05 6.601101e+05 6.524122e+05 6.473705e+05 6.438689e+05 6.413356e+05 6.394334e+05 6.367698e+05 6.349643e+05 6.336120e+05 6.325116e+05 6.315526e+05 6.306688e+05 6.206972e+05 6.063603e+05 5.914690e+05 5.751532e+05
6.830551e+05 6.830551e+05 6.830551e+05 6.830551e+05 6.830551e+05 6.830551e+05 6.830551e+05 6.830542e+05 6.830476e+05 6.830185e+05 6.827619e+05 6.819573e+05 6.803142e+05 6.777739e+05 6.745662e+05 6.710680e+05 6.676119e+05 6.545557e+05 6.468709e+05 6.418523e+05 6.383730e+05 6.358588e+05 6.339728e+05 6.313350e+05 6.295497e+05 6.282150e+05 6.271310e+05 6.261885e+05 6.253219e+05 6.156351e+05 6.016449e+05 5.870435e+05 5.711888e+05
