9.808155e+07 5.341204e+07 4.062777e+07 2.125952e+07 1.674813e+07 1.104458e+07 9.669828e+06 8.648165e+06 8.396746e+06 8.219602e+06 7.980485e+06 7.780831e+06 7.514753e+06 7.114537e+06 6.569451e+06 5.922467e+06 5.241334e+06 2.697486e+06 1.637967e+06 1.185788e+06 9.605047e+05 8.326324e+05 7.522405e+05 6.570913e+05 6.004174e+05 5.601680e+05 5.284995e+05 5.023017e+05 4.802489e+05 4.231428e+05 5.490289e+05 7.150762e+05 8.543628e+05
9.184006e+06 9.184020e+06 9.184055e+06 9.184425e+06 9.183035e+06 9.038420e+06 8.799497e+06 8.305550e+06 8.163687e+06 8.051766e+06 7.882297e+06 7.714970e+06 7.463369e+06 7.068305e+06 6.524248e+06 5.877437e+06 5.197223e+06 2.668795e+06 1.622018e+06 1.176421e+06 9.545749e+05 8.286231e+05 7.493717e+05 6.553920e+05 5.992339e+05 5.592391e+05 5.277127e+05 5.016070e+05 4.796240e+05 4.230632e+05 5.493168e+05 7.154944e+05 8.547696e+05
8.236951e+06 8.236956e+06 8.236970e+06 8.237290e+06 8.237900e+06 8.210716e+06 8.155373e+06 8.037480e+06 7.923720e+06 7.853318e+06 7.760388e+06 7.633218e+06 7.399627e+06 7.011113e+06 6.468886e+06 5.823125e+06 5.144916e+06 2.636933e+06 1.604896e+06 1.166551e+06 9.483984e+05 8.244778e+05 7.464200e+05 6.536528e+05 5.980252e+05 5.582915e+05 5.269110e+05 5.009000e+05 4.789889e+05 4.229840e+05 5.496073e+05 7.159148e+05 8.551777e+05
7.876390e+06 7.876392e+06 7.876399e+06 7.876575e+06 7.877001e+06 7.875586e+06 7.830165e+06 7.848902e+06 7.826479e+06 7.768569e+06 7.656407e+06 7.544909e+06 7.325246e+06 6.942527e+06 6.402416e+06 5.758626e+06 5.083714e+06 2.601848e+06 1.586619e+06 1.156195e+06 9.419837e+05 8.202013e+05 7.433882e+05 6.518745e+05 5.967915e+05 5.573252e+05 5.260942e+05 5.001806e+05 4.783437e+05 4.229052e+05 5.499003e+05 7.163374e+05 8.555874e+05
7.698915e+06 7.698917e+06 7.698921e+06 7.699032e+06 7.699319e+06 7.701828e+06 7.684367e+06 7.664243e+06 7.696239e+06 7.705171e+06 7.633126e+06 7.488093e+06 7.250884e+06 6.865222e+06 6.325068e+06 5.683544e+06 5.013184e+06 2.563542e+06 1.567220e+06 1.145370e+06 9.353410e+05 8.157991e+05 7.402793e+05 6.500581e+05 5.955330e+05 5.563403e+05 5.252625e+05 4.994488e+05 4.776881e+05 4.228269e+05 5.501959e+05 7.167623e+05 8.559985e+05
7.600822e+06 7.600823e+06 7.600826e+06 7.600912e+06 7.601139e+06 7.604467e+06 7.600720e+06 7.566827e+06 7.585119e+06 7.615644e+06 7.611972e+06 7.475105e+06 7.203974e+06 6.789061e+06 6.239995e+06 5.598829e+06 4.933582e+06 2.522090e+06 1.546749e+06 1.134102e+06 9.284823e+05 8.112774e+05 7.370966e+05 6.482045e+05 5.942500e+05 5.553367e+05 5.244156e+05 4.987046e+05 4.770223e+05 4.227490e+05 5.504940e+05 7.171893e+05 8.564111e+05
7.549248e+06 7.549249e+06 7.549251e+06 7.549315e+06 7.549492e+06 7.552838e+06 7.554942e+06 7.530705e+06 7.529458e+06 7.546183e+06 7.563858e+06 7.452955e+06 7.172710e+06 6.729872e+06 6.155863e+06 5.507736e+06 4.846338e+06 2.477669e+06 1.525273e+06 1.122418e+06 9.214210e+05 8.066428e+05 7.338436e+05 6.463147e+05 5.929428e+05 5.543144e+05 5.235536e+05 4.979479e+05 4.763462e+05 4.226717e+05 5.507948e+05 7.176186e+05 8.568251e+05
7.529999e+06 7.530000e+06 7.530002e+06 7.530055e+06 7.530206e+06 7.533518e+06 7.538386e+06 7.526912e+06 7.515137e+06 7.510947e+06 7.503177e+06 7.399724e+06 7.123200e+06 6.668885e+06 6.078363e+06 5.417474e+06 4.754626e+06 2.430584e+06 1.502882e+06 1.110353e+06 9.141722e+05 8.019028e+05 7.305241e+05 6.443899e+05 5.916117e+05 5.532735e+05 5.226764e+05 4.971787e+05 4.756597e+05 4.225948e+05 5.510981e+05 7.180501e+05 8.572406e+05
7.536908e+06 7.536909e+06 7.536910e+06 7.536957e+06 7.537093e+06 7.540312e+06 7.546461e+06 7.540258e+06 7.520163e+06 7.495388e+06 7.438786e+06 7.314881e+06 7.039300e+06 6.585922e+06 5.991929e+06 5.327518e+06 4.663874e+06 2.381296e+06 1.479687e+06 1.097946e+06 9.067525e+05 7.970653e+05 7.271420e+05 6.424310e+05 5.902568e+05 5.522141e+05 5.217840e+05 4.963968e+05 4.749628e+05 4.225186e+05 5.514041e+05 7.184839e+05 8.576576e+05
7.566257e+06 7.566257e+06 7.566258e+06 7.566301e+06 7.566424e+06 7.569507e+06 7.575051e+06 7.555101e+06 7.519959e+06 7.472908e+06 7.361427e+06 7.200622e+06 6.917485e+06 6.471018e+06 5.885435e+06 5.227995e+06 4.571014e+06 2.330437e+06 1.455825e+06 1.085243e+06 8.991805e+05 7.921386e+05 7.237017e+05 6.404393e+05 5.888785e+05 5.511361e+05 5.208763e+05 4.956023e+05 4.742555e+05 4.224429e+05 5.517127e+05 7.189199e+05 8.580760e+05
7.615185e+06 7.615185e+06 7.615187e+06 7.615225e+06 7.615338e+06 7.616598e+06 7.606111e+06 7.535713e+06 7.478125e+06 7.409170e+06 7.251417e+06 7.054451e+06 6.759985e+06 6.322624e+06 5.753971e+06 5.113266e+06 4.470674e+06 2.278834e+06 1.431462e+06 1.072294e+06 8.914763e+05 7.871321e+05 7.202075e+05 6.384160e+05 5.874770e+05 5.500396e+05 5.199533e+05 4.947951e+05 4.735377e+05 4.223679e+05 5.520240e+05 7.193582e+05 8.584960e+05
4.760238e+06 4.760238e+06 4.760238e+06 4.760232e+06 4.760212e+06 4.759574e+06 4.757694e+06 4.749891e+06 4.743390e+06 4.734315e+06 4.700775e+06 4.623908e+06 4.473261e+06 4.232768e+06 3.912317e+06 3.543687e+06 3.165273e+06 1.787628e+06 1.203691e+06 9.452902e+05 8.130242e+05 7.351890e+05 6.834935e+05 6.167415e+05 5.722653e+05 5.380662e+05 5.098771e+05 4.860185e+05 4.657802e+05 4.216599e+05 5.552876e+05 7.238667e+05 8.627763e+05
3.182374e+06 3.182374e+06 3.182374e+06 3.182373e+06 3.182371e+06 3.182286e+06 3.181965e+06 3.180434e+06 3.179098e+06 3.177028e+06 3.166380e+06 3.132844e+06 3.055358e+06 2.920044e+06 2.729841e+06 2.503743e+06 2.267023e+06 1.392890e+06 1.021768e+06 8.490986e+05 7.522674e+05 6.910202e+05 6.489739e+05 5.937735e+05 5.552285e+05 5.243443e+05 4.982740e+05 4.759594e+05 4.569705e+05 4.210539e+05 5.588385e+05 7.286083e+05 8.672050e+05
2.389603e+06 2.389603e+06 2.389603e+06 2.389603e+06 2.389602e+06 2.389560e+06 2.389410e+06 2.388710e+06 2.388092e+06 2.387068e+06 2.380865e+06 2.359328e+06 2.307820e+06 2.216462e+06 2.086807e+06 1.931500e+06 1.767754e+06 1.153143e+06 8.900065e+05 7.706035e+05 7.031623e+05 6.573851e+05 6.228839e+05 5.728722e+05 5.373726e+05 5.092174e+05 4.852807e+05 4.646887e+05 4.471599e+05 4.205902e+05 5.626957e+05 7.335893e+05 8.717826e+05
1.896976e+06 1.896976e+06 1.896976e+06 1.896976e+06 1.896975e+06 1.896954e+06 1.896879e+06 1.896532e+06 1.896222e+06 1.895660e+06 1.891661e+06 1.876707e+06 1.840110e+06 1.774579e+06 1.681105e+06 1.568752e+06 1.449946e+06 9.994960e+05 8.011770e+05 7.096357e+05 6.588515e+05 6.246344e+05 5.977515e+05 5.546689e+05 5.207670e+05 4.935717e+05 4.713079e+05 4.524354e+05 4.364987e+05 4.203143e+05 5.668783e+05 7.388151e+05 8.765095e+05
1.559374e+06 1.559374e+06 1.559374e+06 1.559374e+06 1.559374e+06 1.559363e+06 1.559322e+06 1.559135e+06 1.558963e+06 1.558621e+06 1.555848e+06 1.544972e+06 1.517973e+06 1.469334e+06 1.399725e+06 1.315869e+06 1.227035e+06 8.881275e+05 7.351687e+05 6.614456e+05 6.195297e+05 5.917146e+05 5.702857e+05 5.348905e+05 5.045689e+05 4.787430e+05 4.572346e+05 4.396646e+05 4.252786e+05 4.202771e+05 5.714052e+05 7.442910e+05 8.813854e+05
1.315412e+06 1.315412e+06 1.315412e+06 1.315412e+06 1.315411e+06 1.315403e+06 1.315376e+06 1.315257e+06 1.315150e+06 1.314922e+06 1.312902e+06 1.304723e+06 1.284218e+06 1.247117e+06 1.193884e+06 1.129641e+06 1.061475e+06 8.000112e+05 6.797420e+05 6.194374e+05 5.836093e+05 5.594813e+05 5.413046e+05 5.122567e+05 4.867116e+05 4.636876e+05 4.437620e+05 4.271949e+05 4.139751e+05 4.205357e+05 5.762954e+05 7.500212e+05 8.864096e+05
1.132667e+06 1.132667e+06 1.132667e+06 1.132667e+06 1.132667e+06 1.132664e+06 1.132654e+06 1.132604e+06 1.132550e+06 1.132409e+06 1.130920e+06 1.124620e+06 1.108641e+06 1.079588e+06 1.037782e+06 9.872228e+05 9.334796e+05 7.262464e+05 6.296163e+05 5.799192e+05 5.492905e+05 5.280682e+05 5.120908e+05 4.876476e+05 4.668307e+05 4.475163e+05 4.301102e+05 4.152571e+05 4.032757e+05 4.211535e+05 5.815672e+05 7.560095e+05 8.915809e+05
9.926047e+05 9.926047e+05 9.926047e+05 9.926047e+05 9.926045e+05 9.926004e+05 9.925874e+05 9.925314e+05 9.924787e+05 9.923550e+05 9.911363e+05 9.860398e+05 9.731240e+05 9.496243e+05 9.157798e+05 8.748087e+05 8.312110e+05 6.624885e+05 5.831848e+05 5.419223e+05 5.159587e+05 4.975195e+05 4.834648e+05 4.625019e+05 4.456693e+05 4.302203e+05 4.159252e+05 4.033841e+05 3.931373e+05 4.222012e+05 5.872391e+05 7.622587e+05 8.968977e+05
8.805696e+05 8.805696e+05 8.805696e+05 8.805696e+05 8.805696e+05 8.805680e+05 8.805625e+05 8.805360e+05 8.805068e+05 8.804216e+05 8.794573e+05 8.752981e+05 8.646730e+05 8.452739e+05 8.172770e+05 7.833330e+05 7.471659e+05 6.067424e+05 5.404267e+05 5.058419e+05 4.839468e+05 4.681823e+05 4.560066e+05 4.379873e+05 4.243276e+05 4.123614e+05 4.013109e+05 3.914504e+05 3.833194e+05 4.237569e+05 5.933290e+05 7.687710e+05 9.023576e+05
7.896602e+05 7.896602e+05 7.896602e+05 7.896602e+05 7.896601e+05 7.896584e+05 7.896524e+05 7.896264e+05 7.895997e+05 7.895261e+05 7.887128e+05 7.852125e+05 7.762635e+05 7.599085e+05 7.362830e+05 7.076136e+05 6.770393e+05 5.580337e+05 5.016776e+05 4.723716e+05 4.538997e+05 4.405742e+05 4.302078e+05 4.148706e+05 4.037668e+05 3.947067e+05 3.866737e+05 3.795804e+05 3.737943e+05 4.259073e+05 5.998547e+05 7.755477e+05 9.079581e+05
7.142082e+05 7.142082e+05 7.142082e+05 7.142082e+05 7.142082e+05 7.142077e+05 7.142058e+05 7.141961e+05 7.141825e+05 7.141308e+05 7.134649e+05 7.105105e+05 7.028989e+05 6.889414e+05 6.687383e+05 6.441860e+05 6.179705e+05 5.156635e+05 4.671264e+05 4.420240e+05 4.263723e+05 4.151706e+05 4.064684e+05 3.936167e+05 3.846541e+05 3.779565e+05 3.725385e+05 3.680661e+05 3.646773e+05 4.287484e+05 6.068336e+05 7.825894e+05 9.136957e+05
6.516214e+05 6.516214e+05 6.516214e+05 6.516214e+05 6.516214e+05 6.516206e+05 6.516178e+05 6.516055e+05 6.515914e+05 6.515443e+05 6.509640e+05 6.484026e+05 6.418036e+05 6.296962e+05 6.121608e+05 5.908377e+05 5.680566e+05 4.790164e+05 4.367532e+05 4.150447e+05 4.017027e+05 3.922995e+05 3.850690e+05 3.744921e+05 3.673914e+05 3.626300e+05 3.594015e+05 3.572712e+05 3.561812e+05 4.323876e+05 6.142833e+05 7.898959e+05 9.195667e+05
5.987935e+05 5.987935e+05 5.987935e+05 5.987935e+05 5.987935e+05 5.987936e+05 5.987936e+05 5.987924e+05 5.987869e+05 5.987538e+05 5.982662e+05 5.960501e+05 5.903014e+05 5.797241e+05 5.643793e+05 5.456981e+05 5.257208e+05 4.475075e+05 4.103891e+05 3.914689e+05 3.800281e+05 3.721290e+05 3.661675e+05 3.576346e+05 3.521930e+05 3.490614e+05 3.476551e+05 3.475505e+05 3.485652e+05 4.369497e+05 6.222213e+05 7.974661e+05 9.255669e+05
5.544853e+05 5.544853e+05 5.544853e+05 5.544853e+05 5.544853e+05 5.544857e+05 5.544864e+05 5.544879e+05 5.544850e+05 5.544583e+05 5.540343e+05 5.520845e+05 5.470115e+05 5.376648e+05 5.240943e+05 5.075641e+05 4.898798e+05 4.206084e+05 3.877897e+05 3.712009e+05 3.613414e+05 3.546986e+05 3.498182e+05 3.430973e+05 3.391556e+05 3.374423e+05 3.375751e+05 3.392028e+05 3.420893e+05 4.425992e+05 6.306655e+05 8.052985e+05 9.316914e+05
5.171710e+05 5.171710e+05 5.171710e+05 5.171710e+05 5.171710e+05 5.171713e+05 5.171722e+05 5.171749e+05 5.171735e+05 5.171512e+05 5.167781e+05 5.150473e+05 5.105336e+05 5.022090e+05 4.901158e+05 4.753802e+05 4.596130e+05 3.978594e+05 3.686848e+05 3.540718e+05 3.455442e+05 3.399584e+05 3.359992e+05 3.308789e+05 3.283083e+05 3.278703e+05 3.293390e+05 3.324566e+05 3.369854e+05 4.494061e+05 6.396343e+05 8.133908e+05 9.379352e+05
4.857764e+05 4.857764e+05 4.857764e+05 4.857764e+05 4.857764e+05 4.857769e+05 4.857784e+05 4.857846e+05 4.857865e+05 4.857706e+05 4.854470e+05 4.839088e+05 4.798751e+05 4.724206e+05 4.615809e+05 4.483660e+05 4.342225e+05 3.788519e+05 3.527941e+05 3.398769e+05 3.324890e+05 3.278076e+05 3.246439e+05 3.209491e+05 3.196477e+05 3.203896e+05 3.230554e+05 3.274767e+05 3.334442e+05 4.573306e+05 6.491472e+05 8.217401e+05 9.442925e+05
4.598304e+05 4.598304e+05 4.598304e+05 4.598304e+05 4.598304e+05 4.598307e+05 4.598320e+05 4.598374e+05 4.598389e+05 4.598244e+05 4.595308e+05 4.581371e+05 4.544840e+05 4.477346e+05 4.379235e+05 4.259676e+05 4.131780e+05 3.632105e+05 3.398428e+05 3.284043e+05 3.220151e+05 3.181287e+05 3.156704e+05 3.132701e+05 3.131614e+05 3.150205e+05 3.187912e+05 3.243786e+05 3.316152e+05 4.663540e+05 6.592251e+05 8.303432e+05 9.507574e+05
4.381741e+05 4.381741e+05 4.381741e+05 4.381741e+05 4.381741e+05 4.381748e+05 4.381769e+05 4.381850e+05 4.381887e+05 4.381782e+05 4.379176e+05 4.366571e+05 4.333414e+05 4.272100e+05 4.182966e+05 4.074376e+05 3.958273e+05 3.505775e+05 3.295819e+05 3.194657e+05 3.139806e+05 3.108198e+05 3.090092e+05 3.078151e+05 3.088444e+05 3.117784e+05 3.165922e+05 3.232449e+05 3.316130e+05 4.764618e+05 6.698912e+05 8.391966e+05 9.573236e+05
4.203436e+05 4.203436e+05 4.203436e+05 4.203436e+05 4.203436e+05 4.203445e+05 4.203473e+05 4.203578e+05 4.203635e+05 4.203567e+05 4.201258e+05 4.189836e+05 4.159662e+05 4.103794e+05 4.022552e+05 3.923595e+05 3.817844e+05 3.406931e+05 3.218281e+05 3.129301e+05 3.082941e+05 3.058209e+05 3.046255e+05 3.045813e+05 3.067080e+05 3.106845e+05 3.164962e+05 3.241379e+05 3.335253e+05 4.876397e+05 6.811724e+05 8.482963e+05 9.639845e+05
4.061676e+05 4.061676e+05 4.061676e+05 4.061676e+05 4.061677e+05 4.061685e+05 4.061711e+05 4.061811e+05 4.061867e+05 4.061809e+05 4.059702e+05 4.049221e+05 4.021511e+05 3.970216e+05 3.895673e+05 3.804964e+05 3.708149e+05 3.333956e+05 3.164901e+05 3.087491e+05 3.049337e+05 3.031284e+05 3.025292e+05 3.035950e+05 3.067830e+05 3.117707e+05 3.185405e+05 3.271077e+05 3.374198e+05 4.998724e+05 6.931031e+05 8.576387e+05 9.707332e+05
3.951997e+05 3.951997e+05 3.951997e+05 3.951997e+05 3.951997e+05 3.952010e+05 3.952049e+05 3.952197e+05 3.952284e+05 3.952271e+05 3.950408e+05 3.940803e+05 3.915279e+05 3.868003e+05 3.799353e+05 3.715934e+05 3.627071e+05 3.286320e+05 3.135795e+05 3.069580e+05 3.039438e+05 3.027905e+05 3.027707e+05 3.049072e+05 3.091165e+05 3.150780e+05 3.227637e+05 3.321970e+05 3.433489e+05 5.131436e+05 7.057365e+05 8.672200e+05 9.775629e+05
3.872056e+05 3.872056e+05 3.872056e+05 3.872056e+05 3.872056e+05 3.872073e+05 3.872125e+05 3.872325e+05 3.872450e+05 3.872490e+05 3.870887e+05 3.862133e+05 3.838669e+05 3.795145e+05 3.731983e+05 3.655358e+05 3.573922e+05 3.264681e+05 3.131875e+05 3.076466e+05 3.054083e+05 3.048857e+05 3.054238e+05 3.085838e+05 3.137648e+05 3.206523e+05 3.292039e+05 3.394420e+05 3.513526e+05 5.274360e+05 7.191040e+05 8.770370e+05 9.844665e+05
3.825155e+05 3.825155e+05 3.825156e+05 3.825156e+05 3.825156e+05 3.825173e+05 3.825227e+05 3.825437e+05 3.825579e+05 3.825650e+05 3.824254e+05 3.816244e+05 3.794614e+05 3.754444e+05 3.696204e+05 3.625692e+05 3.550961e+05 3.270525e+05 3.154297e+05 3.109155e+05 3.094188e+05 3.094982e+05 3.105668e+05 3.146924e+05 3.207844e+05 3.285382e+05 3.378958e+05 3.488714e+05 3.614590e+05 5.427305e+05 7.331435e+05 8.870870e+05 9.914369e+05
3.813982e+05 3.813982e+05 3.813982e+05 3.813982e+05 3.813982e+05 3.814000e+05 3.814053e+05 3.814262e+05 3.814404e+05 3.814481e+05 3.813195e+05 3.805710e+05 3.785492e+05 3.748016e+05 3.693836e+05 3.628468e+05 3.559478e+05 3.304660e+05 3.203841e+05 3.168426e+05 3.160507e+05 3.167004e+05 3.182678e+05 3.232921e+05 3.302243e+05 3.387735e+05 3.488662e+05 3.605046e+05 3.736839e+05 5.590061e+05 7.478018e+05 8.973684e+05 9.984673e+05
3.834526e+05 3.834526e+05 3.834526e+05 3.834526e+05 3.834527e+05 3.834542e+05 3.834591e+05 3.834786e+05 3.834917e+05 3.834988e+05 3.833772e+05 3.826725e+05 3.807743e+05 3.772672e+05 3.722159e+05 3.661484e+05 3.597774e+05 3.366967e+05 3.280873e+05 3.254781e+05 3.253575e+05 3.265445e+05 3.285769e+05 3.344265e+05 3.421196e+05 3.513834e+05 3.621307e+05 3.743489e+05 3.880302e+05 5.762391e+05 7.630291e+05 9.078810e+05 1.005551e+06
3.882768e+05 3.882768e+05 3.882768e+05 3.882768e+05 3.882769e+05 3.882788e+05 3.882849e+05 3.883089e+05 3.883257e+05 3.883376e+05 3.882365e+05 3.875910e+05 3.858317e+05 3.825779e+05 3.779017e+05 3.723067e+05 3.664624e+05 3.457449e+05 3.385667e+05 3.368540e+05 3.373708e+05 3.390608e+05 3.415222e+05 3.481189e+05 3.564874e+05 3.663769e+05 3.776896e+05 3.903973e+05 4.044859e+05 5.944025e+05 7.787747e+05 9.186274e+05 1.012681e+06
3.962972e+05 3.962972e+05 3.962972e+05 3.962973e+05 3.962973e+05 3.962997e+05 3.963070e+05 3.963357e+05 3.963555e+05 3.963714e+05 3.962864e+05 3.956908e+05 3.940533e+05 3.910263e+05 3.866905e+05 3.815283e+05 3.761699e+05 3.576647e+05 3.518441e+05 3.509822e+05 3.520985e+05 3.542550e+05 3.571075e+05 3.643694e+05 3.733232e+05 3.837440e+05 3.955262e+05 4.086268e+05 4.230234e+05 6.134646e+05 7.949861e+05 9.296141e+05 1.019851e+06
4.075500e+05 4.075500e+05 4.075500e+05 4.075500e+05 4.075500e+05 4.075522e+05 4.075591e+05 4.075870e+05 4.076067e+05 4.076232e+05 4.075471e+05 4.069907e+05 4.054572e+05 4.026292e+05 3.985964e+05 3.938233e+05 3.889055e+05 3.724430e+05 3.679005e+05 3.678417e+05 3.695191e+05 3.721049e+05 3.753103e+05 3.831536e+05 3.925999e+05 4.034534e+05 4.156043e+05 4.289965e+05 4.435981e+05 6.333891e+05 8.116092e+05 9.408573e+05 1.027057e+06
4.220114e+05 4.220114e+05 4.220114e+05 4.220114e+05 4.220115e+05 4.220129e+05 4.220177e+05 4.220382e+05 4.220534e+05 4.220651e+05 4.219838e+05 4.214456e+05 4.199849e+05 4.173142e+05 4.135350e+05 4.090989e+05 4.045719e+05 3.899966e+05 3.866708e+05 3.873772e+05 3.895810e+05 3.925606e+05 3.960810e+05 4.044218e+05 4.142669e+05 4.254522e+05 4.378681e+05 4.514470e+05 4.661484e+05 6.541337e+05 8.285884e+05 9.523780e+05 1.034291e+06
4.388228e+05 4.388228e+05 4.388228e+05 4.388228e+05 4.388229e+05 4.388255e+05 4.388336e+05 4.388651e+05 4.388870e+05 4.389062e+05 4.388463e+05 4.383555e+05 4.369988e+05 4.345168e+05 4.310204e+05 4.269467e+05 4.228309e+05 4.101803e+05 4.080604e+05 4.095072e+05 4.122071e+05 4.155464e+05 4.193446e+05 4.280999e+05 4.382499e+05 4.496657e+05 4.622410e+05 4.759002e+05 4.905948e+05 6.756499e+05 8.458669e+05 9.641284e+05 1.041552e+06
4.583026e+05 4.583026e+05 4.583026e+05 4.583026e+05 4.583027e+05 4.583045e+05 4.583101e+05 4.583326e+05 4.583487e+05 4.583620e+05 4.582960e+05 4.578267e+05 4.565527e+05 4.542448e+05 4.510241e+05 4.473119e+05 4.436103e+05 4.329002e+05 4.319729e+05 4.341335e+05 4.372980e+05 4.409628e+05 4.450020e+05 4.540900e+05 4.644523e+05 4.759973e+05 4.886263e+05 5.022589e+05 5.168401e+05 6.978830e+05 8.633873e+05 9.760600e+05 1.048834e+06
4.799422e+05 4.799422e+05 4.799422e+05 4.799422e+05 4.799423e+05 4.799449e+05 4.799532e+05 4.799861e+05 4.800094e+05 4.800315e+05 4.799919e+05 4.795792e+05 4.784242e+05 4.763258e+05 4.734128e+05 4.700879e+05 4.668194e+05 4.580643e+05 4.582979e+05 4.611373e+05 4.647324e+05 4.686882e+05 4.729322e+05 4.822726e+05 4.927556e+05 5.043297e+05 5.169076e+05 5.304075e+05 5.447701e+05 7.207717e+05 8.810923e+05 9.881305e+05 1.056137e+06
5.043485e+05 5.043485e+05 5.043485e+05 5.043485e+05 5.043486e+05 5.043504e+05 5.043562e+05 5.043793e+05 5.043959e+05 5.044105e+05 5.043605e+05 5.039636e+05 5.028847e+05 5.009531e+05 4.983069e+05 4.953324e+05 4.924644e+05 4.855599e+05 4.868990e+05 4.903777e+05 4.943689e+05 4.985818e+05 5.029949e+05 5.125080e+05 5.230213e+05 5.345257e+05 5.469493e+05 5.602125e+05 5.742541e+05 7.442482e+05 8.989247e+05 1.000300e+06 1.063459e+06
5.306669e+05 5.306669e+05 5.306669e+05 5.306669e+05 5.306670e+05 5.306696e+05 5.306780e+05 5.307109e+05 5.307346e+05 5.307577e+05 5.307331e+05 5.303910e+05 5.294270e+05 5.276966e+05 5.253445e+05 5.227388e+05 5.202813e+05 5.152087e+05 5.176136e+05 5.216968e+05 5.260511e+05 5.304869e+05 5.350328e+05 5.446381e+05 5.550914e+05 5.664290e+05 5.785977e+05 5.915236e+05 6.051456e+05 7.682390e+05 9.168281e+05 1.012527e+06 1.070804e+06
5.595329e+05 5.595329e+05 5.595329e+05 5.595329e+05 5.595329e+05 5.595346e+05 5.595398e+05 5.595607e+05 5.595760e+05 5.595901e+05 5.595508e+05 5.592170e+05 5.583155e+05 5.567302e+05 5.546155e+05 5.523256e+05 5.502324e+05 5.468622e+05 5.502805e+05 5.549304e+05 5.596116e+05 5.642330e+05 5.688724e+05 5.784859e+05 5.887888e+05 5.998647e+05 6.116819e+05 6.241746e+05 6.372840e+05 7.926650e+05 9.347476e+05 1.024775e+06 1.078180e+06
5.898471e+05 5.898471e+05 5.898471e+05 5.898471e+05 5.898472e+05 5.898501e+05 5.898592e+05 5.898939e+05 5.899182e+05 5.899425e+05 5.899320e+05 5.896551e+05 5.888676e+05 5.874780e+05 5.856456e+05 5.837070e+05 5.820027e+05 5.803473e+05 5.847351e+05 5.899051e+05 5.948682e+05 5.996310e+05 6.043202e+05 6.138541e+05 6.239173e+05 6.346407e+05 6.460152e+05 6.579852e+05 6.704958e+05 8.174420e+05 9.526294e+05 1.037004e+06 1.085604e+06
6.225690e+05 6.225690e+05 6.225690e+05 6.225690e+05 6.225691e+05 6.225709e+05 6.225771e+05 6.226027e+05 6.226214e+05 6.226400e+05 6.226215e+05 6.223570e+05 6.216288e+05 6.203699e+05 6.187488e+05 6.170901e+05 6.157083e+05 6.155518e+05 6.208053e+05 6.264252e+05 6.316128e+05 6.364663e+05 6.411582e+05 6.505240e+05 6.602622e+05 6.705488e+05 6.813969e+05 6.927628e+05 7.045967e+05 8.424821e+05 9.704218e+05 1.049175e+06 1.093053e+06
6.568722e+05 6.568722e+05 6.568722e+05 6.568723e+05 6.568723e+05 6.568736e+05 6.568779e+05 6.568957e+05 6.569092e+05 6.569219e+05 6.568952e+05 6.566423e+05 6.559725e+05 6.548427e+05 6.534292e+05 6.520435e+05 6.509735e+05 6.522285e+05 6.582558e+05 6.642506e+05 6.696013e+05 6.744933e+05 6.791416e+05 6.882567e+05 6.975930e+05 7.073672e+05 7.176150e+05 7.283047e+05 7.393937e+05 8.676941e+05 9.880747e+05 1.061253e+06 1.100493e+06
6.918760e+05 6.918760e+05 6.918760e+05 6.918761e+05 6.918761e+05 6.918784e+05 6.918856e+05 6.919142e+05 6.919349e+05 6.919563e+05 6.919558e+05 6.917591e+05 6.912037e+05 6.902680e+05 6.891289e+05 6.880761e+05 6.873648e+05 6.900744e+05 6.968025e+05 7.031006e+05 7.085568e+05 7.134402e+05 7.180046e+05 7.267985e+05 7.356673e+05 7.448651e+05 7.544490e+05 7.644014e+05 7.746876e+05 8.929844e+05 1.005541e+06 1.073199e+06 1.107899e+06
7.285358e+05 7.285358e+05 7.285358e+05 7.285358e+05 7.285358e+05 7.285376e+05 7.285431e+05 7.285648e+05 7.285805e+05 7.285964e+05 7.285878e+05 7.284035e+05 7.279073e+05 7.270993e+05 7.261601e+05 7.253635e+05 7.249370e+05 7.288435e+05 7.361458e+05 7.426733e+05 7.481851e+05 7.530220e+05 7.574709e+05 7.658883e+05 7.742372e+05 7.828061e+05 7.916743e+05 8.008392e+05 8.102761e+05 9.182583e+05 1.022774e+06 1.084981e+06 1.115246e+06
7.659184e+05 7.659184e+05 7.659184e+05 7.659184e+05 7.659184e+05 7.659198e+05 7.659240e+05 7.659406e+05 7.659526e+05 7.659643e+05 7.659504e+05 7.657800e+05 7.653415e+05 7.646543e+05 7.639024e+05 7.633439e+05 7.631805e+05 7.681672e+05 7.759597e+05 7.826632e+05 7.881945e+05 7.929577e+05 7.972683e+05 8.052674e+05 8.130552e+05 8.209535e+05 8.290650e+05 8.374036e+05 8.459557e+05 9.434210e+05 1.039731e+06 1.096563e+06 1.122511e+06
8.033619e+05 8.033619e+05 8.033619e+05 8.033619e+05 8.033620e+05 8.033640e+05 8.033703e+05 8.033949e+05 8.034124e+05 8.034308e+05 8.034379e+05 8.033139e+05 8.029695e+05 8.024399e+05 8.019068e+05 8.016085e+05 8.017193e+05 8.077419e+05 8.159596e+05 8.227964e+05 8.283187e+05 8.329865e+05 8.371398e+05 8.446856e+05 8.518782e+05 8.590732e+05 8.663971e+05 8.738816e+05 8.815251e+05 9.683783e+05 1.056371e+06 1.107914e+06 1.129672e+06
8.416940e+05 8.416940e+05 8.416940e+05 8.416940e+05 8.416941e+05 8.416961e+05 8.417023e+05 8.417253e+05 8.417411e+05 8.417573e+05 8.417620e+05 8.416483e+05 8.413439e+05 8.408971e+05 8.404919e+05 8.403558e+05 8.406455e+05 8.473960e+05 8.559250e+05 8.628428e+05 8.683235e+05 8.728710e+05 8.768461e+05 8.839028e+05 8.904700e+05 8.969359e+05 9.034510e+05 9.100644e+05 9.167869e+05 9.930380e+05 1.072656e+06 1.119005e+06 1.136708e+06
8.803432e+05 8.803432e+05 8.803432e+05 8.803432e+05 8.803432e+05 8.803439e+05 8.803461e+05 8.803548e+05 8.803609e+05 8.803661e+05 8.803475e+05 8.802172e+05 8.799172e+05 8.795088e+05 8.791807e+05 8.791541e+05 8.795725e+05 8.868833e+05 8.956437e+05 9.025914e+05 9.079915e+05 9.123874e+05 9.161582e+05 9.226860e+05 9.286002e+05 9.343185e+05 9.400132e+05 9.457497e+05 9.515502e+05 1.017311e+06 1.088550e+06 1.129806e+06 1.143601e+06
9.177942e+05 9.177942e+05 9.177942e+05 9.177942e+05 9.177942e+05 9.177953e+05 9.177985e+05 9.178112e+05 9.178204e+05 9.178296e+05 9.178253e+05 9.177301e+05 9.175044e+05 9.172215e+05 9.170670e+05 9.172448e+05 9.178750e+05 9.259247e+05 9.348993e+05 9.418283e+05 9.471026e+05 9.513096e+05 9.548465e+05 9.608047e+05 9.660436e+05 9.710048e+05 9.758784e+05 9.807439e+05 9.856332e+05 1.041110e+06 1.104020e+06 1.140293e+06 1.150330e+06
9.546560e+05 9.546560e+05 9.546560e+05 9.546560e+05 9.546561e+05 9.546573e+05 9.546613e+05 9.546767e+05 9.546877e+05 9.546995e+05 9.547066e+05 9.546453e+05 9.544968e+05 9.543472e+05 9.543773e+05 9.547705e+05 9.556207e+05 9.643792e+05 9.734884e+05 9.803279e+05 9.854225e+05 9.894008e+05 9.926751e+05 9.980299e+05 1.002581e+06 1.006788e+06 1.010852e+06 1.014864e+06 1.018865e+06 1.064356e+06 1.119034e+06 1.150441e+06 1.156877e+06
9.913914e+05 9.913914e+05 9.913914e+05 9.913914e+05 9.913915e+05 9.913927e+05 9.913966e+05 9.914120e+05 9.914231e+05 9.914351e+05 9.914465e+05 9.914058e+05 9.913102e+05 9.912548e+05 9.914156e+05 9.919586e+05 9.929571e+05 1.002114e+06 1.011186e+06 1.017842e+06 1.022701e+06 1.026415e+06 1.029404e+06 1.034137e+06 1.038005e+06 1.041473e+06 1.044753e+06 1.047942e+06 1.051088e+06 1.086971e+06 1.133564e+06 1.160230e+06 1.163226e+06
1.027909e+06 1.027909e+06 1.027909e+06 1.027909e+06 1.027909e+06 1.027910e+06 1.027912e+06 1.027921e+06 1.027927e+06 1.027933e+06 1.027933e+06 1.027889e+06 1.027807e+06 1.027788e+06 1.028002e+06 1.028605e+06 1.029658e+06 1.038850e+06 1.047714e+06 1.054103e+06 1.058681e+06 1.062107e+06 1.064801e+06 1.068915e+06 1.072121e+06 1.074883e+06 1.077417e+06 1.079826e+06 1.082161e+06 1.108886e+06 1.147584e+06 1.169639e+06 1.169361e+06
1.063406e+06 1.063406e+06 1.063406e+06 1.063406e+06 1.063406e+06 1.063406e+06 1.063406e+06 1.063406e+06 1.063406e+06 1.063406e+06 1.063391e+06 1.063334e+06 1.063247e+06 1.063234e+06 1.063462e+06 1.064080e+06 1.065142e+06 1.074201e+06 1.082769e+06 1.088844e+06 1.093119e+06 1.096252e+06 1.098655e+06 1.102177e+06 1.104761e+06 1.106865e+06 1.108703e+06 1.110384e+06 1.111962e+06 1.130038e+06 1.161071e+06 1.178653e+06 1.175266e+06
1.096954e+06 1.096954e+06 1.096954e+06 1.096954e+06 1.096954e+06 1.096954e+06 1.096954e+06 1.096954e+06 1.096954e+06 1.096952e+06 1.096939e+06 1.096892e+06 1.096832e+06 1.096863e+06 1.097146e+06 1.097816e+06 1.098914e+06 1.107859e+06 1.116094e+06 1.121837e+06 1.125809e+06 1.128659e+06 1.130790e+06 1.133769e+06 1.135787e+06 1.137291e+06 1.138493e+06 1.139505e+06 1.140386e+06 1.150369e+06 1.174005e+06 1.187256e+06 1.180927e+06
1.128503e+06 1.128503e+06 1.128503e+06 1.128503e+06 1.128503e+06 1.128503e+06 1.128505e+06 1.128509e+06 1.128512e+06 1.128515e+06 1.128514e+06 1.128493e+06 1.128479e+06 1.128576e+06 1.128933e+06 1.129668e+06 1.130810e+06 1.139618e+06 1.147501e+06 1.152916e+06 1.156605e+06 1.159199e+06 1.161087e+06 1.163584e+06 1.165099e+06 1.166065e+06 1.166696e+06 1.167102e+06 1.167350e+06 1.169830e+06 1.186367e+06 1.195438e+06 1.186333e+06
1.158693e+06 1.158693e+06 1.158693e+06 1.158693e+06 1.158693e+06 1.158693e+06 1.158692e+06 1.158691e+06 1.158690e+06 1.158689e+06 1.158678e+06 1.158648e+06 1.158627e+06 1.158716e+06 1.159061e+06 1.159776e+06 1.160884e+06 1.169374e+06 1.176896e+06 1.182007e+06 1.185440e+06 1.187807e+06 1.189481e+06 1.191555e+06 1.192629e+06 1.193122e+06 1.193245e+06 1.193112e+06 1.192791e+06 1.188378e+06 1.198141e+06 1.203186e+06 1.191471e+06
1.187009e+06 1.187009e+06 1.187009e+06 1.187009e+06 1.187009e+06 1.187009e+06 1.187008e+06 1.187007e+06 1.187005e+06 1.187003e+06 1.186990e+06 1.186956e+06 1.186928e+06 1.187004e+06 1.187323e+06 1.187997e+06 1.189049e+06 1.197151e+06 1.204304e+06 1.209123e+06 1.212318e+06 1.214477e+06 1.215957e+06 1.217657e+06 1.218343e+06 1.218421e+06 1.218098e+06 1.217490e+06 1.216665e+06 1.205978e+06 1.209315e+06 1.210495e+06 1.196332e+06
1.213355e+06 1.213355e+06 1.213355e+06 1.213355e+06 1.213355e+06 1.213355e+06 1.213355e+06 1.213356e+06 1.213357e+06 1.213358e+06 1.213352e+06 1.213328e+06 1.213309e+06 1.213388e+06 1.213697e+06 1.214341e+06 1.215344e+06 1.223042e+06 1.229804e+06 1.234322e+06 1.237278e+06 1.239234e+06 1.240532e+06 1.241889e+06 1.242231e+06 1.241946e+06 1.241236e+06 1.240213e+06 1.238948e+06 1.222603e+06 1.219878e+06 1.217358e+06 1.200906e+06
1.238233e+06 1.238233e+06 1.238233e+06 1.238233e+06 1.238233e+06 1.238233e+06 1.238233e+06 1.238234e+06 1.238234e+06 1.238233e+06 1.238223e+06 1.238194e+06 1.238163e+06 1.238216e+06 1.238479e+06 1.239057e+06 1.239974e+06 1.247144e+06 1.253462e+06 1.257654e+06 1.260359e+06 1.262110e+06 1.263229e+06 1.264266e+06 1.264301e+06 1.263700e+06 1.262654e+06 1.261274e+06 1.259628e+06 1.238231e+06 1.229823e+06 1.223770e+06 1.205187e+06
1.261518e+06 1.261518e+06 1.261518e+06 1.261518e+06 1.261518e+06 1.261518e+06 1.261517e+06 1.261515e+06 1.261513e+06 1.261510e+06 1.261494e+06 1.261454e+06 1.261402e+06 1.261417e+06 1.261618e+06 1.262110e+06 1.262921e+06 1.269476e+06 1.275302e+06 1.279143e+06 1.281587e+06 1.283130e+06 1.284074e+06 1.284811e+06 1.284571e+06 1.283697e+06 1.282366e+06 1.280681e+06 1.278711e+06 1.252849e+06 1.239143e+06 1.229731e+06 1.209167e+06
1.282969e+06 1.282969e+06 1.282969e+06 1.282969e+06 1.282969e+06 1.282969e+06 1.282969e+06 1.282967e+06 1.282966e+06 1.282964e+06 1.282949e+06 1.282906e+06 1.282842e+06 1.282826e+06 1.282973e+06 1.283382e+06 1.284089e+06 1.290006e+06 1.295315e+06 1.298793e+06 1.300974e+06 1.302314e+06 1.303091e+06 1.303552e+06 1.303072e+06 1.301964e+06 1.300394e+06 1.298456e+06 1.296213e+06 1.266447e+06 1.247835e+06 1.235238e+06 1.212843e+06
1.302794e+06 1.302794e+06 1.302794e+06 1.302794e+06 1.302794e+06 1.302793e+06 1.302793e+06 1.302791e+06 1.302790e+06 1.302787e+06 1.302771e+06 1.302719e+06 1.302630e+06 1.302563e+06 1.302628e+06 1.302926e+06 1.303499e+06 1.308699e+06 1.313484e+06 1.316610e+06 1.318541e+06 1.319690e+06 1.320313e+06 1.320529e+06 1.319842e+06 1.318541e+06 1.316774e+06 1.314628e+06 1.312162e+06 1.279024e+06 1.255898e+06 1.240295e+06 1.216210e+06
1.321048e+06 1.321048e+06 1.321048e+06 1.321048e+06 1.321048e+06 1.321048e+06 1.321047e+06 1.321041e+06 1.321037e+06 1.321031e+06 1.321004e+06 1.320930e+06 1.320796e+06 1.320650e+06 1.320600e+06 1.320752e+06 1.321160e+06 1.325575e+06 1.329843e+06 1.332635e+06 1.334331e+06 1.335305e+06 1.335789e+06 1.335790e+06 1.334931e+06 1.333474e+06 1.331551e+06 1.329240e+06 1.326595e+06 1.290584e+06 1.263333e+06 1.244903e+06 1.219266e+06
1.337377e+06 1.337377e+06 1.337377e+06 1.337377e+06 1.337377e+06 1.337377e+06 1.337375e+06 1.337370e+06 1.337366e+06 1.337359e+06 1.337330e+06 1.337244e+06 1.337079e+06 1.336874e+06 1.336730e+06 1.336758e+06 1.337021e+06 1.340707e+06 1.344473e+06 1.346937e+06 1.348408e+06 1.349218e+06 1.349576e+06 1.349394e+06 1.348399e+06 1.346821e+06 1.344779e+06 1.342341e+06 1.339557e+06 1.301135e+06 1.270143e+06 1.249066e+06 1.222009e+06
1.351860e+06 1.351860e+06 1.351860e+06 1.351860e+06 1.351860e+06 1.351860e+06 1.351859e+06 1.351856e+06 1.351853e+06 1.351848e+06 1.351821e+06 1.351732e+06 1.351549e+06 1.351300e+06 1.351081e+06 1.351006e+06 1.351143e+06 1.354154e+06 1.357429e+06 1.359575e+06 1.360832e+06 1.361493e+06 1.361743e+06 1.361412e+06 1.360313e+06 1.358648e+06 1.356518e+06 1.353987e+06 1.351098e+06 1.310689e+06 1.276334e+06 1.252789e+06 1.224440e+06
1.364843e+06 1.364843e+06 1.364843e+06 1.364843e+06 1.364843e+06 1.364842e+06 1.364841e+06 1.364838e+06 1.364834e+06 1.364829e+06 1.364799e+06 1.364698e+06 1.364483e+06 1.364174e+06 1.363862e+06 1.363663e+06 1.363657e+06 1.365950e+06 1.368747e+06 1.370600e+06 1.371670e+06 1.372206e+06 1.372368e+06 1.371925e+06 1.370752e+06 1.369026e+06 1.366837e+06 1.364239e+06 1.361274e+06 1.319264e+06 1.281912e+06 1.256079e+06 1.226560e+06
1.376266e+06 1.376266e+06 1.376266e+06 1.376266e+06 1.376266e+06 1.376266e+06 1.376264e+06 1.376258e+06 1.376253e+06 1.376246e+06 1.376208e+06 1.376089e+06 1.375837e+06 1.375460e+06 1.375045e+06 1.374713e+06 1.374555e+06 1.376137e+06 1.378499e+06 1.380100e+06 1.381017e+06 1.381454e+06 1.381549e+06 1.381022e+06 1.379799e+06 1.378033e+06 1.375804e+06 1.373162e+06 1.370144e+06 1.326880e+06 1.286886e+06 1.258943e+06 1.228369e+06
1.385907e+06 1.385907e+06 1.385907e+06 1.385907e+06 1.385907e+06 1.385906e+06 1.385905e+06 1.385899e+06 1.385895e+06 1.385888e+06 1.385851e+06 1.385727e+06 1.385452e+06 1.385026e+06 1.384531e+06 1.384093e+06 1.383812e+06 1.384812e+06 1.386817e+06 1.388211e+06 1.389001e+06 1.389355e+06 1.389396e+06 1.388803e+06 1.387542e+06 1.385748e+06 1.383492e+06 1.380820e+06 1.377767e+06 1.333561e+06 1.291266e+06 1.261390e+06 1.229872e+06
1.394148e+06 1.394148e+06 1.394148e+06 1.394148e+06 1.394148e+06 1.394148e+06 1.394147e+06 1.394145e+06 1.394144e+06 1.394141e+06 1.394109e+06 1.393984e+06 1.393692e+06 1.393222e+06 1.392654e+06 1.392119e+06 1.391726e+06 1.392196e+06 1.393877e+06 1.395081e+06 1.395753e+06 1.396031e+06 1.396019e+06 1.395363e+06 1.394064e+06 1.392245e+06 1.389969e+06 1.387277e+06 1.384202e+06 1.339332e+06 1.295064e+06 1.263428e+06 1.231072e+06
1.401542e+06 1.401542e+06 1.401542e+06 1.401542e+06 1.401542e+06 1.401542e+06 1.401542e+06 1.401539e+06 1.401537e+06 1.401532e+06 1.401494e+06 1.401352e+06 1.401022e+06 1.400485e+06 1.399820e+06 1.399164e+06 1.398635e+06 1.398503e+06 1.399835e+06 1.400840e+06 1.401388e+06 1.401584e+06 1.401515e+06 1.400785e+06 1.399443e+06 1.397596e+06 1.395301e+06 1.392595e+06 1.389508e+06 1.344222e+06 1.298293e+06 1.265067e+06 1.231973e+06
1.407787e+06 1.407787e+06 1.407787e+06 1.407787e+06 1.407787e+06 1.407787e+06 1.407785e+06 1.407778e+06 1.407772e+06 1.407764e+06 1.407715e+06 1.407554e+06 1.407186e+06 1.406589e+06 1.405838e+06 1.405075e+06 1.404428e+06 1.403755e+06 1.404757e+06 1.405566e+06 1.405986e+06 1.406092e+06 1.405958e+06 1.405139e+06 1.403743e+06 1.401862e+06 1.399547e+06 1.396830e+06 1.393738e+06 1.348260e+06 1.300967e+06 1.266317e+06 1.232580e+06
1.412398e+06 1.412398e+06 1.412398e+06 1.412398e+06 1.412398e+06 1.412398e+06 1.412396e+06 1.412389e+06 1.412384e+06 1.412377e+06 1.412332e+06 1.412174e+06 1.411806e+06 1.411198e+06 1.410423e+06 1.409621e+06 1.408921e+06 1.407929e+06 1.408675e+06 1.409305e+06 1.409596e+06 1.409607e+06 1.409399e+06 1.408477e+06 1.407016e+06 1.405096e+06 1.402758e+06 1.400034e+06 1.396944e+06 1.351478e+06 1.303101e+06 1.267191e+06 1.232901e+06
1.415858e+06 1.415858e+06 1.415858e+06 1.415858e+06 1.415858e+06 1.415858e+06 1.415858e+06 1.415858e+06 1.415858e+06 1.415856e+06 1.415824e+06 1.415680e+06 1.415327e+06 1.414727e+06 1.413950e+06 1.413130e+06 1.412399e+06 1.411144e+06 1.411643e+06 1.412090e+06 1.412248e+06 1.412156e+06 1.411869e+06 1.410836e+06 1.409304e+06 1.407341e+06 1.404984e+06 1.402255e+06 1.399175e+06 1.353909e+06 1.304712e+06 1.267698e+06 1.232940e+06
1.418976e+06 1.418976e+06 1.418976e+06 1.418976e+06 1.418976e+06 1.418976e+06 1.418976e+06 1.418976e+06 1.418975e+06 1.418972e+06 1.418937e+06 1.418785e+06 1.418413e+06 1.417780e+06 1.416950e+06 1.416058e+06 1.415242e+06 1.413532e+06 1.413705e+06 1.413941e+06 1.413953e+06 1.413756e+06 1.413388e+06 1.412243e+06 1.410641e+06 1.408639e+06 1.406265e+06 1.403539e+06 1.400476e+06 1.355587e+06 1.305817e+06 1.267851e+06 1.232706e+06
1.421460e+06 1.421460e+06 1.421460e+06 1.421460e+06 1.421460e+06 1.421459e+06 1.421458e+06 1.421451e+06 1.421446e+06 1.421437e+06 1.421388e+06 1.421214e+06 1.420805e+06 1.420116e+06 1.419206e+06 1.418214e+06 1.417284e+06 1.415021e+06 1.414835e+06 1.414850e+06 1.414718e+06 1.414418e+06 1.413974e+06 1.412724e+06 1.411060e+06 1.409025e+06 1.406643e+06 1.403928e+06 1.400893e+06 1.356546e+06 1.306434e+06 1.267662e+06 1.232205e+06
1.422592e+06 1.422592e+06 1.422592e+06 1.422592e+06 1.422592e+06 1.422591e+06 1.422590e+06 1.422583e+06 1.422578e+06 1.422569e+06 1.422518e+06 1.422339e+06 1.421916e+06 1.421194e+06 1.420232e+06 1.419171e+06 1.418157e+06 1.415468e+06 1.414988e+06 1.414815e+06 1.414553e+06 1.414162e+06 1.413649e+06 1.412307e+06 1.410593e+06 1.408538e+06 1.406159e+06 1.403467e+06 1.400471e+06 1.356820e+06 1.306581e+06 1.267143e+06 1.231447e+06
1.422499e+06 1.422499e+06 1.422499e+06 1.422499e+06 1.422499e+06 1.422499e+06 1.422498e+06 1.422496e+06 1.422494e+06 1.422489e+06 1.422447e+06 1.422274e+06 1.421849e+06 1.421112e+06 1.420118e+06 1.419007e+06 1.417934e+06 1.414918e+06 1.414199e+06 1.413863e+06 1.413488e+06 1.413014e+06 1.412441e+06 1.411024e+06 1.409276e+06 1.407216e+06 1.404854e+06 1.402199e+06 1.399255e+06 1.356447e+06 1.306278e+06 1.266307e+06 1.230438e+06
1.421761e+06 1.421761e+06 1.421761e+06 1.421761e+06 1.421761e+06 1.421761e+06 1.421760e+06 1.421758e+06 1.421756e+06 1.421751e+06 1.421707e+06 1.421528e+06 1.421087e+06 1.420318e+06 1.419273e+06 1.418096e+06 1.416944e+06 1.413538e+06 1.412554e+06 1.412049e+06 1.411563e+06 1.411013e+06 1.410389e+06 1.408915e+06 1.407150e+06 1.405102e+06 1.402774e+06 1.400169e+06 1.397291e+06 1.355461e+06 1.305543e+06 1.265167e+06 1.229187e+06
1.420442e+06 1.420442e+06 1.420442e+06 1.420442e+06 1.420442e+06 1.420441e+06 1.420440e+06 1.420435e+06 1.420431e+06 1.420424e+06 1.420374e+06 1.420182e+06 1.419714e+06 1.418898e+06 1.417785e+06 1.416521e+06 1.415270e+06 1.411390e+06 1.410102e+06 1.409417e+06 1.408820e+06 1.408202e+06 1.407535e+06 1.406024e+06 1.404263e+06 1.402245e+06 1.399966e+06 1.397427e+06 1.394628e+06 1.353898e+06 1.304397e+06 1.263735e+06 1.227704e+06
1.418290e+06 1.418290e+06 1.418290e+06 1.418290e+06 1.418290e+06 1.418290e+06 1.418289e+06 1.418284e+06 1.418280e+06 1.418273e+06 1.418220e+06 1.418018e+06 1.417524e+06 1.416660e+06 1.415476e+06 1.414122e+06 1.412769e+06 1.408420e+06 1.406846e+06 1.405997e+06 1.405304e+06 1.404629e+06 1.403931e+06 1.402405e+06 1.400667e+06 1.398696e+06 1.396483e+06 1.394023e+06 1.391314e+06 1.351795e+06 1.302859e+06 1.262025e+06 1.225997e+06
1.415257e+06 1.415257e+06 1.415257e+06 1.415257e+06 1.415257e+06 1.415257e+06 1.415256e+06 1.415251e+06 1.415247e+06 1.415240e+06 1.415185e+06 1.414973e+06 1.414452e+06 1.413540e+06 1.412285e+06 1.410842e+06 1.409393e+06 1.404626e+06 1.402815e+06 1.401836e+06 1.401070e+06 1.400355e+06 1.399639e+06 1.398119e+06 1.396421e+06 1.394512e+06 1.392377e+06 1.390008e+06 1.387402e+06 1.349186e+06 1.300950e+06 1.260048e+06 1.224074e+06
1.411403e+06 1.411403e+06 1.411403e+06 1.411403e+06 1.411403e+06 1.411402e+06 1.411401e+06 1.411396e+06 1.411393e+06 1.411385e+06 1.411329e+06 1.411108e+06 1.410564e+06 1.409610e+06 1.408292e+06 1.406772e+06 1.405239e+06 1.400111e+06 1.398101e+06 1.397016e+06 1.396194e+06 1.395453e+06 1.394730e+06 1.393232e+06 1.391587e+06 1.389752e+06 1.387706e+06 1.385438e+06 1.382943e+06 1.346108e+06 1.298688e+06 1.257819e+06 1.221946e+06
1.406779e+06 1.406779e+06 1.406779e+06 1.406779e+06 1.406779e+06 1.406779e+06 1.406777e+06 1.406773e+06 1.406769e+06 1.406762e+06 1.406705e+06 1.406479e+06 1.405922e+06 1.404942e+06 1.403583e+06 1.402011e+06 1.400416e+06 1.394993e+06 1.392807e+06 1.391629e+06 1.390760e+06 1.390001e+06 1.389277e+06 1.387812e+06 1.386230e+06 1.384476e+06 1.382526e+06 1.380366e+06 1.377989e+06 1.342595e+06 1.296096e+06 1.255349e+06 1.219621e+06
