8.630250e+07 4.770930e+07 3.653181e+07 1.957097e+07 1.566715e+07 1.050683e+07 8.711039e+06 7.115002e+06 6.575576e+06 6.090706e+06 5.255032e+06 4.596214e+06 4.092298e+06 3.709660e+06 3.418021e+06 3.194186e+06 3.021278e+06 2.593945e+06 2.511020e+06 2.575287e+06 2.728356e+06 2.951604e+06 3.233997e+06 3.910909e+06 4.593461e+06 5.133190e+06 5.462569e+06 5.588227e+06 5.554562e+06 3.538121e+06 2.704624e+06 2.487548e+06 2.429281e+06
7.960471e+06 7.960465e+06 7.960440e+06 7.958998e+06 7.952264e+06 7.703558e+06 7.359422e+06 6.550218e+06 6.156244e+06 5.761496e+06 5.033734e+06 4.437718e+06 3.973968e+06 3.618393e+06 3.345732e+06 3.135686e+06 2.973124e+06 2.573109e+06 2.501882e+06 2.572417e+06 2.729263e+06 2.955034e+06 3.239225e+06 3.918129e+06 4.600724e+06 5.139002e+06 5.466178e+06 5.589538e+06 5.553871e+06 3.534167e+06 2.702936e+06 2.486950e+06 2.429088e+06
5.879323e+06 5.879324e+06 5.879328e+06 5.879346e+06 5.879122e+06 5.950242e+06 6.134025e+06 5.923474e+06 5.631021e+06 5.329890e+06 4.747422e+06 4.239493e+06 3.830398e+06 3.510338e+06 3.261807e+06 3.068838e+06 2.918820e+06 2.550635e+06 2.492332e+06 2.569558e+06 2.730339e+06 2.958698e+06 3.244714e+06 3.925604e+06 4.608184e+06 5.144931e+06 5.469831e+06 5.590840e+06 5.553135e+06 3.530183e+06 2.701242e+06 2.486353e+06 2.428896e+06
4.963047e+06 4.963046e+06 4.963044e+06 4.962953e+06 4.962581e+06 5.042192e+06 5.256502e+06 5.291958e+06 5.142587e+06 4.919763e+06 4.435776e+06 4.014631e+06 3.667219e+06 3.388347e+06 3.167858e+06 2.994636e+06 2.859017e+06 2.526679e+06 2.482437e+06 2.566743e+06 2.731602e+06 2.962607e+06 3.250470e+06 3.933335e+06 4.615841e+06 5.150977e+06 5.473528e+06 5.592129e+06 5.552352e+06 3.526168e+06 2.699543e+06 2.485755e+06 2.428705e+06
4.168053e+06 4.168053e+06 4.168052e+06 4.168001e+06 4.167804e+06 4.264722e+06 4.536305e+06 4.662831e+06 4.615866e+06 4.500726e+06 4.151835e+06 3.794099e+06 3.496593e+06 3.258086e+06 3.066858e+06 2.914784e+06 2.794769e+06 2.501443e+06 2.472271e+06 2.564005e+06 2.733068e+06 2.966768e+06 3.256498e+06 3.941326e+06 4.623694e+06 5.157138e+06 5.477265e+06 5.593404e+06 5.551521e+06 3.522122e+06 2.697840e+06 2.485158e+06 2.428514e+06
3.570263e+06 3.570263e+06 3.570261e+06 3.570213e+06 3.570039e+06 3.666013e+06 3.948584e+06 4.133362e+06 4.127912e+06 4.078334e+06 3.867426e+06 3.593517e+06 3.338591e+06 3.129051e+06 2.963578e+06 2.831934e+06 2.727659e+06 2.475187e+06 2.461920e+06 2.561380e+06 2.734754e+06 2.971190e+06 3.262803e+06 3.949577e+06 4.631744e+06 5.163413e+06 5.481040e+06 5.594662e+06 5.550638e+06 3.518045e+06 2.696132e+06 2.484560e+06 2.428324e+06
3.103297e+06 3.103296e+06 3.103295e+06 3.103247e+06 3.103098e+06 3.195042e+06 3.469823e+06 3.694819e+06 3.715500e+06 3.700181e+06 3.584592e+06 3.396180e+06 3.193485e+06 3.012875e+06 2.865290e+06 2.749901e+06 2.659930e+06 2.448240e+06 2.451480e+06 2.558905e+06 2.736675e+06 2.975879e+06 3.269387e+06 3.958088e+06 4.639988e+06 5.169798e+06 5.484850e+06 5.595900e+06 5.549702e+06 3.513938e+06 2.694419e+06 2.483963e+06 2.428134e+06
2.733478e+06 2.733478e+06 2.733478e+06 2.733466e+06 2.733423e+06 2.819776e+06 3.080023e+06 3.330369e+06 3.373362e+06 3.380922e+06 3.323309e+06 3.201907e+06 3.052047e+06 2.904886e+06 2.777348e+06 2.674227e+06 2.594648e+06 2.421022e+06 2.441064e+06 2.556621e+06 2.738846e+06 2.980843e+06 3.276253e+06 3.966860e+06 4.648426e+06 5.176291e+06 5.488692e+06 5.597116e+06 5.548711e+06 3.509799e+06 2.692701e+06 2.483366e+06 2.427945e+06
2.442615e+06 2.442615e+06 2.442615e+06 2.442612e+06 2.442597e+06 2.523897e+06 2.770014e+06 3.030830e+06 3.090749e+06 3.115844e+06 3.095159e+06 3.018762e+06 2.913310e+06 2.800018e+06 2.694954e+06 2.606228e+06 2.535867e+06 2.394065e+06 2.430806e+06 2.554568e+06 2.741283e+06 2.986085e+06 3.283403e+06 3.975893e+06 4.657055e+06 5.182890e+06 5.492564e+06 5.598306e+06 5.547661e+06 3.505631e+06 2.690979e+06 2.482768e+06 2.427756e+06
2.215703e+06 2.215703e+06 2.215703e+06 2.215694e+06 2.215666e+06 2.291760e+06 2.523563e+06 2.785318e+06 2.856882e+06 2.895510e+06 2.900897e+06 2.853359e+06 2.780559e+06 2.697248e+06 2.615120e+06 2.542326e+06 2.482739e+06 2.368024e+06 2.420863e+06 2.552798e+06 2.744000e+06 2.991611e+06 3.290838e+06 3.985184e+06 4.665873e+06 5.189590e+06 5.496461e+06 5.599468e+06 5.546551e+06 3.501431e+06 2.689252e+06 2.482171e+06 2.427567e+06
2.025388e+06 2.025388e+06 2.025388e+06 2.025385e+06 2.025375e+06 2.098127e+06 2.319963e+06 2.581938e+06 2.661750e+06 2.710771e+06 2.736116e+06 2.707831e+06 2.657453e+06 2.597976e+06 2.537002e+06 2.480613e+06 2.432865e+06 2.343717e+06 2.411426e+06 2.551364e+06 2.747015e+06 2.997426e+06 3.298558e+06 3.994731e+06 4.674877e+06 5.196389e+06 5.500380e+06 5.600598e+06 5.545377e+06 3.497201e+06 2.687520e+06 2.481575e+06 2.427380e+06
1.223168e+06 1.223168e+06 1.223168e+06 1.223169e+06 1.223173e+06 1.277403e+06 1.443622e+06 1.662384e+06 1.748962e+06 1.820319e+06 1.915858e+06 1.964452e+06 1.988681e+06 2.004562e+06 2.020946e+06 2.041604e+06 2.067253e+06 2.232282e+06 2.398226e+06 2.578045e+06 2.800286e+06 3.073235e+06 3.391617e+06 4.103641e+06 4.774175e+06 5.268744e+06 5.539809e+06 5.609340e+06 5.529524e+06 3.453226e+06 2.669972e+06 2.475621e+06 2.425533e+06
1.076466e+06 1.076466e+06 1.076466e+06 1.076466e+06 1.076469e+06 1.124847e+06 1.273361e+06 1.475737e+06 1.561852e+06 1.637219e+06 1.750486e+06 1.823699e+06 1.874384e+06 1.915334e+06 1.953526e+06 1.992176e+06 2.032495e+06 2.256639e+06 2.483404e+06 2.698095e+06 2.929142e+06 3.202600e+06 3.522320e+06 4.235840e+06 4.886661e+06 5.344922e+06 5.575961e+06 5.610454e+06 5.503966e+06 3.406262e+06 2.652049e+06 2.469713e+06 2.423749e+06
1.085300e+06 1.085300e+06 1.085300e+06 1.085301e+06 1.085303e+06 1.134686e+06 1.286403e+06 1.497659e+06 1.591299e+06 1.675661e+06 1.808233e+06 1.899345e+06 1.965221e+06 2.018617e+06 2.066688e+06 2.112704e+06 2.157855e+06 2.374492e+06 2.585140e+06 2.813273e+06 3.074609e+06 3.374364e+06 3.706625e+06 4.401803e+06 5.009722e+06 5.419101e+06 5.603140e+06 5.599378e+06 5.465389e+06 3.356430e+06 2.633827e+06 2.463877e+06 2.422035e+06
1.160411e+06 1.160411e+06 1.160411e+06 1.160411e+06 1.160412e+06 1.213454e+06 1.376222e+06 1.599918e+06 1.697945e+06 1.785901e+06 1.922930e+06 2.015111e+06 2.079702e+06 2.130531e+06 2.175533e+06 2.218457e+06 2.260720e+06 2.465193e+06 2.666299e+06 2.901746e+06 3.193024e+06 3.531931e+06 3.895285e+06 4.597939e+06 5.151144e+06 5.489629e+06 5.617225e+06 5.572346e+06 5.410998e+06 3.303912e+06 2.615391e+06 2.458139e+06 2.420396e+06
1.228771e+06 1.228771e+06 1.228771e+06 1.228771e+06 1.228771e+06 1.278780e+06 1.432121e+06 1.638141e+06 1.726178e+06 1.804745e+06 1.927221e+06 2.010598e+06 2.070620e+06 2.119705e+06 2.164865e+06 2.209290e+06 2.254054e+06 2.479927e+06 2.708425e+06 2.973713e+06 3.298153e+06 3.670931e+06 4.062304e+06 4.780200e+06 5.291765e+06 5.560241e+06 5.619324e+06 5.528108e+06 5.339516e+06 3.248958e+06 2.596830e+06 2.452526e+06 2.418840e+06
1.257289e+06 1.257289e+06 1.257289e+06 1.257289e+06 1.257289e+06 1.302517e+06 1.441089e+06 1.623957e+06 1.700456e+06 1.768376e+06 1.874373e+06 1.947807e+06 2.002959e+06 2.050816e+06 2.097366e+06 2.145101e+06 2.194624e+06 2.457479e+06 2.733776e+06 3.045626e+06 3.406598e+06 3.803268e+06 4.207157e+06 4.921394e+06 5.395915e+06 5.607864e+06 5.609322e+06 5.470394e+06 5.252269e+06 3.191896e+06 2.578242e+06 2.447064e+06 2.417372e+06
1.251723e+06 1.251723e+06 1.251723e+06 1.251723e+06 1.251723e+06 1.292408e+06 1.416987e+06 1.579228e+06 1.646079e+06 1.705338e+06 1.798523e+06 1.865044e+06 1.917875e+06 1.966779e+06 2.016867e+06 2.070014e+06 2.126382e+06 2.436397e+06 2.768666e+06 3.130142e+06 3.522858e+06 3.930766e+06 4.329812e+06 5.010646e+06 5.442427e+06 5.609704e+06 5.569401e+06 5.396599e+06 5.154059e+06 3.133131e+06 2.559726e+06 2.441780e+06 2.415998e+06
1.230683e+06 1.230683e+06 1.230683e+06 1.230683e+06 1.230682e+06 1.267369e+06 1.379652e+06 1.524109e+06 1.582802e+06 1.634795e+06 1.717495e+06 1.779009e+06 1.831353e+06 1.883311e+06 1.939198e+06 2.000255e+06 2.066131e+06 2.435492e+06 2.826677e+06 3.229915e+06 3.640420e+06 4.043661e+06 4.422105e+06 5.043965e+06 5.423937e+06 5.554466e+06 5.487838e+06 5.296174e+06 5.041361e+06 3.073149e+06 2.541389e+06 2.436701e+06 2.414723e+06
1.193928e+06 1.193928e+06 1.193928e+06 1.193928e+06 1.193928e+06 1.227178e+06 1.328897e+06 1.458681e+06 1.511008e+06 1.557578e+06 1.633355e+06 1.693191e+06 1.748300e+06 1.806605e+06 1.871649e+06 1.943962e+06 2.022561e+06 2.460861e+06 2.904611e+06 3.332006e+06 3.740645e+06 4.122982e+06 4.469091e+06 5.018212e+06 5.342110e+06 5.441501e+06 5.361045e+06 5.164414e+06 4.909133e+06 3.012519e+06 2.523342e+06 2.431851e+06 2.413550e+06
1.157443e+06 1.157443e+06 1.157443e+06 1.157443e+06 1.157443e+06 1.187737e+06 1.280378e+06 1.397697e+06 1.444745e+06 1.486949e+06 1.557752e+06 1.617697e+06 1.677275e+06 1.743532e+06 1.819106e+06 1.903653e+06 1.995398e+06 2.494496e+06 2.970628e+06 3.400704e+06 3.791187e+06 4.143181e+06 4.453228e+06 4.930971e+06 5.203180e+06 5.277614e+06 5.192557e+06 5.001855e+06 4.756309e+06 2.951877e+06 2.505698e+06 2.427255e+06 2.412484e+06
1.117188e+06 1.117188e+06 1.117188e+06 1.117187e+06 1.117188e+06 1.144907e+06 1.229653e+06 1.336376e+06 1.379117e+06 1.417944e+06 1.485681e+06 1.547159e+06 1.611555e+06 1.684620e+06 1.768006e+06 1.860666e+06 1.960340e+06 2.488654e+06 2.972295e+06 3.391815e+06 3.760031e+06 4.083640e+06 4.363174e+06 4.783962e+06 5.016212e+06 5.073542e+06 4.990678e+06 4.813266e+06 4.584935e+06 2.891932e+06 2.488573e+06 2.422937e+06 2.411527e+06
1.077494e+06 1.077494e+06 1.077494e+06 1.077494e+06 1.077494e+06 1.103019e+06 1.181041e+06 1.278858e+06 1.318052e+06 1.354110e+06 1.419092e+06 1.480656e+06 1.546297e+06 1.620556e+06 1.704534e+06 1.797061e+06 1.895966e+06 2.415508e+06 2.887230e+06 3.291631e+06 3.641399e+06 3.944548e+06 4.203198e+06 4.586174e+06 4.792799e+06 4.841490e+06 4.765857e+06 4.606000e+06 4.399373e+06 2.833451e+06 2.472086e+06 2.418920e+06 2.410681e+06
1.042287e+06 1.042287e+06 1.042287e+06 1.042287e+06 1.042287e+06 1.065886e+06 1.138003e+06 1.227970e+06 1.263861e+06 1.296984e+06 1.357333e+06 1.415369e+06 1.477636e+06 1.548009e+06 1.627342e+06 1.714509e+06 1.807518e+06 2.296208e+06 2.742713e+06 3.127452e+06 3.460407e+06 3.748313e+06 3.993067e+06 4.353196e+06 4.546266e+06 4.593559e+06 4.528637e+06 4.388259e+06 4.205235e+06 2.777282e+06 2.456357e+06 2.415225e+06 2.409947e+06
1.005701e+06 1.005701e+06 1.005701e+06 1.005701e+06 1.005701e+06 1.027595e+06 1.094488e+06 1.177593e+06 1.210567e+06 1.240979e+06 1.296493e+06 1.350049e+06 1.407558e+06 1.472493e+06 1.545602e+06 1.625859e+06 1.711460e+06 2.161972e+06 2.576533e+06 2.937006e+06 3.251373e+06 3.524735e+06 3.758061e+06 4.102896e+06 4.289887e+06 4.340624e+06 4.288364e+06 4.167757e+06 4.008337e+06 2.724461e+06 2.441506e+06 2.411874e+06 2.409327e+06
9.683766e+05 9.683766e+05 9.683766e+05 9.683766e+05 9.683766e+05 9.887016e+05 1.050793e+06 1.127672e+06 1.158025e+06 1.185977e+06 1.236960e+06 1.286127e+06 1.338887e+06 1.398404e+06 1.465361e+06 1.538827e+06 1.617171e+06 2.029871e+06 2.411381e+06 2.745617e+06 3.039609e+06 3.297416e+06 3.519225e+06 3.850834e+06 4.035005e+06 4.091549e+06 4.052543e+06 3.950940e+06 3.813925e+06 2.675365e+06 2.427657e+06 2.408885e+06 2.408820e+06
9.311699e+05 9.311699e+05 9.311699e+05 9.311699e+05 9.311698e+05 9.500426e+05 1.007691e+06 1.078853e+06 1.106815e+06 1.132510e+06 1.179287e+06 1.224331e+06 1.272635e+06 1.327111e+06 1.388396e+06 1.455645e+06 1.527369e+06 1.905558e+06 2.256205e+06 2.564976e+06 2.838435e+06 3.080141e+06 3.289898e+06 3.607983e+06 3.789961e+06 3.852836e+06 3.826671e+06 3.742690e+06 3.626249e+06 2.629710e+06 2.414930e+06 2.406278e+06 2.408426e+06
8.926044e+05 8.926044e+05 8.926044e+05 8.926044e+05 8.926044e+05 9.101195e+05 9.636161e+05 1.029535e+06 1.055353e+06 1.079039e+06 1.122090e+06 1.163506e+06 1.207911e+06 1.257997e+06 1.314353e+06 1.376205e+06 1.442184e+06 1.790300e+06 2.113607e+06 2.399172e+06 2.653264e+06 2.879246e+06 3.076853e+06 3.380759e+06 3.560022e+06 3.628708e+06 3.614381e+06 3.546362e+06 3.448426e+06 2.587386e+06 2.403450e+06 2.404070e+06 2.408142e+06
8.544041e+05 8.544041e+05 8.544041e+05 8.544041e+05 8.544042e+05 8.706753e+05 9.203713e+05 9.815597e+05 1.005490e+06 1.027431e+06 1.067281e+06 1.105596e+06 1.146663e+06 1.192973e+06 1.245074e+06 1.302252e+06 1.363247e+06 1.685145e+06 1.984394e+06 2.249222e+06 2.485614e+06 2.696832e+06 2.882680e+06 3.172158e+06 3.347938e+06 3.421499e+06 3.417757e+06 3.364000e+06 3.282516e+06 2.548339e+06 2.393344e+06 2.402278e+06 2.407969e+06
8.198782e+05 8.198782e+05 8.198782e+05 8.198782e+05 8.198782e+05 8.349897e+05 8.811441e+05 9.379677e+05 9.601868e+05 9.805550e+05 1.017544e+06 1.053099e+06 1.091197e+06 1.134152e+06 1.182472e+06 1.235499e+06 1.292064e+06 1.590670e+06 1.868528e+06 2.114830e+06 2.335234e+06 2.532882e+06 2.707675e+06 2.982986e+06 3.154679e+06 3.232139e+06 3.237719e+06 3.196623e+06 3.129697e+06 2.512541e+06 2.384743e+06 2.400918e+06 2.407903e+06
7.895797e+05 7.895797e+05 7.895797e+05 7.895797e+05 7.895797e+05 8.036228e+05 8.465140e+05 8.993206e+05 9.199651e+05 9.388858e+05 9.732393e+05 1.006263e+06 1.041662e+06 1.081587e+06 1.126512e+06 1.175824e+06 1.228438e+06 1.506329e+06 1.765188e+06 1.994995e+06 2.201069e+06 2.386410e+06 2.551013e+06 2.812817e+06 2.980096e+06 3.060616e+06 3.074372e+06 3.044509e+06 2.990462e+06 2.479977e+06 2.377796e+06 2.400006e+06 2.407942e+06
7.628562e+05 7.628562e+05 7.628562e+05 7.628562e+05 7.628563e+05 7.758852e+05 8.156814e+05 8.647273e+05 8.839260e+05 9.015293e+05 9.335094e+05 9.642811e+05 9.972947e+05 1.034552e+06 1.076492e+06 1.122537e+06 1.171674e+06 1.431310e+06 1.673376e+06 1.888545e+06 2.081829e+06 2.256095e+06 2.411419e+06 2.660618e+06 2.823416e+06 2.906351e+06 2.927300e+06 2.907437e+06 2.864817e+06 2.450641e+06 2.372704e+06 2.399559e+06 2.408083e+06
7.396504e+05 7.396504e+05 7.396504e+05 7.396504e+05 7.396505e+05 7.517610e+05 7.887535e+05 8.344200e+05 8.523378e+05 8.687821e+05 8.986875e+05 9.274928e+05 9.584161e+05 9.933254e+05 1.032627e+06 1.075779e+06 1.121831e+06 1.365236e+06 1.592338e+06 1.794443e+06 1.976282e+06 2.140596e+06 2.287521e+06 2.525123e+06 2.683570e+06 2.768458e+06 2.795786e+06 2.784873e+06 2.752442e+06 2.424527e+06 2.369580e+06 2.399591e+06 2.408324e+06
7.215098e+05 7.215098e+05 7.215098e+05 7.215098e+05 7.215098e+05 7.327328e+05 7.670188e+05 8.094465e+05 8.261534e+05 8.415096e+05 8.694834e+05 8.964776e+05 9.254924e+05 9.582692e+05 9.951823e+05 1.035720e+06 1.078988e+06 1.307756e+06 1.521382e+06 1.711739e+06 1.883295e+06 2.038656e+06 2.178002e+06 2.405038e+06 2.559392e+06 2.645922e+06 2.678963e+06 2.676109e+06 2.652810e+06 2.401630e+06 2.368226e+06 2.400120e+06 2.408661e+06
7.075661e+05 7.075661e+05 7.075661e+05 7.075661e+05 7.075662e+05 7.179874e+05 7.498268e+05 7.893295e+05 8.049435e+05 8.193175e+05 8.455471e+05 8.709043e+05 8.981928e+05 9.290400e+05 9.637924e+05 1.001965e+06 1.042714e+06 1.258253e+06 1.459724e+06 1.639507e+06 1.801820e+06 1.949133e+06 2.081658e+06 2.299137e+06 2.449734e+06 2.537704e+06 2.575910e+06 2.580355e+06 2.565280e+06 2.381932e+06 2.368483e+06 2.401164e+06 2.409092e+06
6.981721e+05 6.981721e+05 6.981721e+05 6.981722e+05 6.981722e+05 7.078129e+05 7.372724e+05 7.739509e+05 7.885217e+05 8.019625e+05 8.265463e+05 8.503767e+05 8.760741e+05 9.051586e+05 9.379479e+05 9.739791e+05 1.012453e+06 1.216080e+06 1.406630e+06 1.576922e+06 1.730943e+06 1.871037e+06 1.997437e+06 2.206318e+06 2.353522e+06 2.442803e+06 2.485715e+06 2.496796e+06 2.489155e+06 2.365406e+06 2.370217e+06 2.402744e+06 2.409615e+06
6.924802e+05 6.924802e+05 6.924802e+05 6.924802e+05 6.924803e+05 7.013987e+05 7.286551e+05 7.627398e+05 7.763650e+05 7.889657e+05 8.120793e+05 8.345533e+05 8.588370e+05 8.863517e+05 9.173882e+05 9.515035e+05 9.879384e+05 1.180869e+06 1.361604e+06 1.523369e+06 1.669940e+06 1.803549e+06 1.924448e+06 2.125610e+06 2.269781e+06 2.360286e+06 2.407504e+06 2.424633e+06 2.423722e+06 2.352007e+06 2.373295e+06 2.404885e+06 2.410226e+06
6.917960e+05 6.917960e+05 6.917960e+05 6.917961e+05 6.917961e+05 6.999844e+05 7.250176e+05 7.565118e+05 7.692119e+05 7.809996e+05 8.027100e+05 8.239117e+05 8.468868e+05 8.729597e+05 9.023931e+05 9.347599e+05 9.693366e+05 1.152536e+06 1.324363e+06 1.478404e+06 1.618244e+06 1.746003e+06 1.861947e+06 2.056170e+06 2.197639e+06 2.289294e+06 2.340452e+06 2.363091e+06 2.368276e+06 2.341671e+06 2.377589e+06 2.407623e+06 2.410926e+06
6.954922e+05 6.954922e+05 6.954922e+05 6.954922e+05 6.954924e+05 7.030118e+05 7.260059e+05 7.551289e+05 7.669832e+05 7.780278e+05 7.984557e+05 8.184946e+05 8.402739e+05 8.650293e+05 8.929979e+05 9.237669e+05 9.566455e+05 1.130952e+06 1.294643e+06 1.441648e+06 1.575372e+06 1.697830e+06 1.809295e+06 1.997262e+06 2.136316e+06 2.229040e+06 2.283794e+06 2.311438e+06 2.322130e+06 2.334310e+06 2.382973e+06 2.411015e+06 2.411712e+06
7.041551e+05 7.041551e+05 7.041551e+05 7.041551e+05 7.041552e+05 7.110150e+05 7.320000e+05 7.588026e+05 7.698399e+05 7.801715e+05 7.993800e+05 8.183263e+05 8.389926e+05 8.625290e+05 8.891468e+05 9.184450e+05 9.497620e+05 1.115903e+06 1.272144e+06 1.412725e+06 1.540882e+06 1.658528e+06 1.765931e+06 1.948237e+06 2.085109e+06 2.178804e+06 2.236810e+06 2.268974e+06 2.284619e+06 2.329818e+06 2.389321e+06 2.415125e+06 2.412586e+06
7.172927e+05 7.172927e+05 7.172927e+05 7.172928e+05 7.172929e+05 7.235346e+05 7.426368e+05 7.672678e+05 7.775423e+05 7.872085e+05 8.052806e+05 8.232119e+05 8.428482e+05 8.652604e+05 8.906348e+05 9.185812e+05 9.484643e+05 1.107124e+06 1.256557e+06 1.391283e+06 1.514376e+06 1.627646e+06 1.731358e+06 1.908512e+06 2.043377e+06 2.137915e+06 2.198827e+06 2.235037e+06 2.255104e+06 2.328067e+06 2.396511e+06 2.419843e+06 2.413549e+06
7.351844e+05 7.351844e+05 7.351844e+05 7.351844e+05 7.351845e+05 7.408072e+05 7.580251e+05 7.805045e+05 7.900366e+05 7.990613e+05 8.160505e+05 8.330286e+05 8.517088e+05 8.730846e+05 8.973174e+05 9.240253e+05 9.525964e+05 1.104421e+06 1.247645e+06 1.377036e+06 1.495514e+06 1.604793e+06 1.705132e+06 1.877551e+06 2.010524e+06 2.105744e+06 2.169203e+06 2.208990e+06 2.232969e+06 2.328907e+06 2.404422e+06 2.425061e+06 2.414605e+06
7.573688e+05 7.573688e+05 7.573688e+05 7.573689e+05 7.573690e+05 7.624153e+05 7.778778e+05 7.983631e+05 8.072140e+05 8.156537e+05 8.316618e+05 8.477800e+05 8.655967e+05 8.860334e+05 9.092281e+05 9.348068e+05 9.621792e+05 1.107743e+06 1.245272e+06 1.369768e+06 1.484010e+06 1.589618e+06 1.686843e+06 1.854850e+06 1.985979e+06 2.081684e+06 2.147320e+06 2.190222e+06 2.217616e+06 2.332175e+06 2.412940e+06 2.430686e+06 2.415760e+06
7.848913e+05 7.848913e+05 7.848913e+05 7.848913e+05 7.848914e+05 7.893431e+05 8.029966e+05 8.214410e+05 8.296053e+05 8.374599e+05 8.524980e+05 8.677805e+05 8.847714e+05 9.043201e+05 9.265406e+05 9.510639e+05 9.773191e+05 1.117067e+06 1.249316e+06 1.369274e+06 1.479582e+06 1.581774e+06 1.676088e+06 1.839914e+06 1.969185e+06 2.065147e+06 2.132579e+06 2.178135e+06 2.208466e+06 2.337690e+06 2.421953e+06 2.436635e+06 2.417024e+06
8.166987e+05 8.166987e+05 8.166987e+05 8.166987e+05 8.166988e+05 8.206125e+05 8.326280e+05 8.492284e+05 8.567743e+05 8.641032e+05 8.782713e+05 8.928025e+05 9.090462e+05 9.277861e+05 9.491140e+05 9.726668e+05 9.978916e+05 1.132249e+06 1.259576e+06 1.375290e+06 1.481909e+06 1.580882e+06 1.672437e+06 1.832235e+06 1.959585e+06 2.055547e+06 2.124387e+06 2.172147e+06 2.204950e+06 2.345261e+06 2.431355e+06 2.442828e+06 2.418411e+06
8.534978e+05 8.534978e+05 8.534978e+05 8.534979e+05 8.534980e+05 8.568725e+05 8.672484e+05 8.820088e+05 8.889426e+05 8.957537e+05 9.090710e+05 9.228761e+05 9.384057e+05 9.563789e+05 9.768647e+05 9.995042e+05 1.023761e+06 1.153055e+06 1.275755e+06 1.387468e+06 1.490596e+06 1.586509e+06 1.675423e+06 1.831284e+06 1.956609e+06 2.052297e+06 2.122159e+06 2.171684e+06 2.206516e+06 2.354685e+06 2.441045e+06 2.449188e+06 2.419947e+06
8.944820e+05 8.944820e+05 8.944820e+05 8.944820e+05 8.944822e+05 8.973634e+05 9.062380e+05 9.193106e+05 9.256797e+05 9.320105e+05 9.445330e+05 9.576543e+05 9.725091e+05 9.897574e+05 1.009448e+06 1.031226e+06 1.054570e+06 1.179098e+06 1.297439e+06 1.405370e+06 1.505182e+06 1.598169e+06 1.684531e+06 1.836504e+06 1.959673e+06 2.054807e+06 2.125312e+06 2.176180e+06 2.212621e+06 2.365757e+06 2.450927e+06 2.455639e+06 2.421678e+06
9.390791e+05 9.390791e+05 9.390791e+05 9.390791e+05 9.390792e+05 9.415074e+05 9.490034e+05 9.605275e+05 9.663795e+05 9.722712e+05 9.840674e+05 9.965626e+05 1.010797e+06 1.027377e+06 1.046332e+06 1.067310e+06 1.089807e+06 1.209892e+06 1.324144e+06 1.428504e+06 1.525157e+06 1.615330e+06 1.699211e+06 1.847311e+06 1.968178e+06 2.062480e+06 2.133264e+06 2.185078e+06 2.222733e+06 2.378264e+06 2.460911e+06 2.462111e+06 2.423560e+06
9.872208e+05 9.872208e+05 9.872208e+05 9.872208e+05 9.872210e+05 9.892142e+05 9.953868e+05 1.005429e+06 1.010790e+06 1.016266e+06 1.027378e+06 1.039286e+06 1.052940e+06 1.068894e+06 1.087159e+06 1.107390e+06 1.129092e+06 1.245007e+06 1.355404e+06 1.456369e+06 1.549992e+06 1.637437e+06 1.718885e+06 1.863100e+06 1.981513e+06 2.074716e+06 2.145439e+06 2.197828e+06 2.236336e+06 2.391995e+06 2.470914e+06 2.468534e+06 2.425525e+06
1.038090e+06 1.038090e+06 1.038090e+06 1.038090e+06 1.038090e+06 1.039704e+06 1.044724e+06 1.053470e+06 1.058397e+06 1.063507e+06 1.074013e+06 1.085395e+06 1.098522e+06 1.113901e+06 1.131528e+06 1.151062e+06 1.172021e+06 1.284008e+06 1.390739e+06 1.488443e+06 1.579127e+06 1.663902e+06 1.742946e+06 1.883245e+06 1.999058e+06 2.090915e+06 2.161267e+06 2.213896e+06 2.252925e+06 2.406738e+06 2.480855e+06 2.474843e+06 2.427520e+06
1.091060e+06 1.091060e+06 1.091060e+06 1.091060e+06 1.091060e+06 1.092370e+06 1.096462e+06 1.104157e+06 1.108731e+06 1.113539e+06 1.123539e+06 1.134470e+06 1.147128e+06 1.161981e+06 1.179016e+06 1.197897e+06 1.218156e+06 1.326403e+06 1.429607e+06 1.524147e+06 1.611956e+06 1.694100e+06 1.770758e+06 1.907108e+06 2.020191e+06 2.110485e+06 2.180190e+06 2.232759e+06 2.272015e+06 2.422285e+06 2.490660e+06 2.480975e+06 2.429501e+06
1.147440e+06 1.147440e+06 1.147440e+06 1.147440e+06 1.147440e+06 1.148400e+06 1.151432e+06 1.157923e+06 1.162086e+06 1.166539e+06 1.175943e+06 1.186350e+06 1.198488e+06 1.212783e+06 1.229208e+06 1.247431e+06 1.266994e+06 1.371592e+06 1.471374e+06 1.562831e+06 1.647822e+06 1.727372e+06 1.801663e+06 1.934049e+06 2.044300e+06 2.132849e+06 2.201671e+06 2.253919e+06 2.293142e+06 2.438432e+06 2.500260e+06 2.486872e+06 2.431425e+06
1.203358e+06 1.203358e+06 1.203358e+06 1.203358e+06 1.203358e+06 1.204120e+06 1.206544e+06 1.212327e+06 1.216239e+06 1.220473e+06 1.229496e+06 1.239542e+06 1.251286e+06 1.265126e+06 1.281029e+06 1.298669e+06 1.317604e+06 1.418805e+06 1.515321e+06 1.603794e+06 1.686034e+06 1.763042e+06 1.835000e+06 1.963438e+06 2.070792e+06 2.157455e+06 2.225195e+06 2.276899e+06 2.315864e+06 2.454982e+06 2.509591e+06 2.492479e+06 2.433253e+06
1.259356e+06 1.259356e+06 1.259356e+06 1.259356e+06 1.259356e+06 1.260005e+06 1.262082e+06 1.267431e+06 1.271174e+06 1.275256e+06 1.283997e+06 1.293753e+06 1.305156e+06 1.318585e+06 1.334004e+06 1.351097e+06 1.369438e+06 1.467390e+06 1.560760e+06 1.646345e+06 1.725917e+06 1.800449e+06 1.870131e+06 1.994677e+06 2.099110e+06 2.183782e+06 2.250281e+06 2.301251e+06 2.339765e+06 2.471746e+06 2.518592e+06 2.497748e+06 2.434947e+06
1.316007e+06 1.316007e+06 1.316007e+06 1.316007e+06 1.316007e+06 1.316549e+06 1.318299e+06 1.323231e+06 1.326805e+06 1.330730e+06 1.339173e+06 1.348618e+06 1.359663e+06 1.372667e+06 1.387596e+06 1.404143e+06 1.421895e+06 1.516678e+06 1.607013e+06 1.689825e+06 1.766834e+06 1.838986e+06 1.906468e+06 2.027220e+06 2.128740e+06 2.211350e+06 2.276480e+06 2.326559e+06 2.364459e+06 2.488545e+06 2.527208e+06 2.502632e+06 2.436471e+06
1.372651e+06 1.372651e+06 1.372651e+06 1.372651e+06 1.372651e+06 1.373073e+06 1.374459e+06 1.378934e+06 1.382323e+06 1.386073e+06 1.394184e+06 1.403291e+06 1.413962e+06 1.426541e+06 1.440989e+06 1.457008e+06 1.474196e+06 1.565980e+06 1.653457e+06 1.733653e+06 1.808237e+06 1.878123e+06 1.943500e+06 2.060581e+06 2.159220e+06 2.239721e+06 2.303379e+06 2.352436e+06 2.389585e+06 2.505207e+06 2.535386e+06 2.507090e+06 2.437795e+06
1.427039e+06 1.427039e+06 1.427039e+06 1.427039e+06 1.427039e+06 1.427441e+06 1.428765e+06 1.433113e+06 1.436425e+06 1.440093e+06 1.448023e+06 1.456909e+06 1.467300e+06 1.479531e+06 1.493567e+06 1.509121e+06 1.525803e+06 1.614836e+06 1.699658e+06 1.777406e+06 1.849705e+06 1.917442e+06 1.980809e+06 2.094342e+06 2.190139e+06 2.268499e+06 2.330602e+06 2.378529e+06 2.414814e+06 2.521574e+06 2.543080e+06 2.511087e+06 2.438885e+06
1.479873e+06 1.479873e+06 1.479873e+06 1.479873e+06 1.479873e+06 1.480301e+06 1.481702e+06 1.486072e+06 1.489352e+06 1.492976e+06 1.500785e+06 1.509499e+06 1.519652e+06 1.531575e+06 1.545238e+06 1.560364e+06 1.576579e+06 1.663048e+06 1.745375e+06 1.820810e+06 1.890936e+06 1.956621e+06 2.018056e+06 2.128145e+06 2.221135e+06 2.297327e+06 2.357808e+06 2.404517e+06 2.439844e+06 2.537498e+06 2.550245e+06 2.514589e+06 2.439714e+06
1.531903e+06 1.531903e+06 1.531903e+06 1.531903e+06 1.531903e+06 1.532355e+06 1.533822e+06 1.538203e+06 1.541448e+06 1.545021e+06 1.552699e+06 1.561233e+06 1.571146e+06 1.582763e+06 1.596060e+06 1.610771e+06 1.626534e+06 1.710532e+06 1.790461e+06 1.863670e+06 1.931702e+06 1.995399e+06 2.054958e+06 2.161679e+06 2.251886e+06 2.325887e+06 2.384690e+06 2.430106e+06 2.464401e+06 2.552845e+06 2.556843e+06 2.517571e+06 2.440255e+06
1.583561e+06 1.583561e+06 1.583561e+06 1.583561e+06 1.583561e+06 1.583996e+06 1.585411e+06 1.589673e+06 1.592839e+06 1.596327e+06 1.603817e+06 1.612129e+06 1.621773e+06 1.633066e+06 1.645988e+06 1.660280e+06 1.675591e+06 1.757166e+06 1.834759e+06 1.905800e+06 1.971785e+06 2.033538e+06 2.091256e+06 2.194660e+06 2.282098e+06 2.353889e+06 2.410969e+06 2.455037e+06 2.488243e+06 2.567491e+06 2.562836e+06 2.520008e+06 2.440484e+06
1.633897e+06 1.633897e+06 1.633897e+06 1.633897e+06 1.633897e+06 1.634318e+06 1.635689e+06 1.639847e+06 1.642940e+06 1.646349e+06 1.653659e+06 1.661760e+06 1.671147e+06 1.682132e+06 1.694695e+06 1.708587e+06 1.723468e+06 1.802718e+06 1.878052e+06 1.946977e+06 2.010954e+06 2.070792e+06 2.126696e+06 2.226821e+06 2.311506e+06 2.381074e+06 2.436399e+06 2.479078e+06 2.511152e+06 2.581325e+06 2.568193e+06 2.521882e+06 2.440379e+06
1.682459e+06 1.682459e+06 1.682459e+06 1.682459e+06 1.682459e+06 1.682889e+06 1.684284e+06 1.688410e+06 1.691454e+06 1.694801e+06 1.701964e+06 1.709879e+06 1.719033e+06 1.729732e+06 1.741959e+06 1.755474e+06 1.769947e+06 1.846969e+06 1.920107e+06 1.986954e+06 2.048951e+06 2.106901e+06 2.161017e+06 2.257908e+06 2.339863e+06 2.407209e+06 2.460761e+06 2.502024e+06 2.532941e+06 2.594251e+06 2.572886e+06 2.523178e+06 2.439919e+06
1.729073e+06 1.729073e+06 1.729073e+06 1.729073e+06 1.729073e+06 1.729540e+06 1.731049e+06 1.735238e+06 1.738262e+06 1.741571e+06 1.748622e+06 1.756375e+06 1.765311e+06 1.775735e+06 1.787636e+06 1.800782e+06 1.814853e+06 1.889677e+06 1.960645e+06 2.025443e+06 2.085495e+06 2.141594e+06 2.193959e+06 2.287682e+06 2.366952e+06 2.432093e+06 2.483870e+06 2.523705e+06 2.553450e+06 2.606183e+06 2.576891e+06 2.523885e+06 2.439089e+06
1.773614e+06 1.773614e+06 1.773614e+06 1.773614e+06 1.773614e+06 1.774127e+06 1.775772e+06 1.780048e+06 1.783058e+06 1.786333e+06 1.793268e+06 1.800854e+06 1.809569e+06 1.819718e+06 1.831295e+06 1.844077e+06 1.857755e+06 1.930439e+06 1.999303e+06 2.062119e+06 2.120291e+06 2.174602e+06 2.225276e+06 2.315931e+06 2.392580e+06 2.455551e+06 2.505566e+06 2.543973e+06 2.572545e+06 2.617048e+06 2.580186e+06 2.523995e+06 2.437873e+06
1.815964e+06 1.815964e+06 1.815964e+06 1.815964e+06 1.815964e+06 1.816517e+06 1.818281e+06 1.822623e+06 1.825605e+06 1.828830e+06 1.835618e+06 1.843005e+06 1.851475e+06 1.861332e+06 1.872577e+06 1.884995e+06 1.898284e+06 1.968901e+06 2.035766e+06 2.096705e+06 2.153093e+06 2.205705e+06 2.254766e+06 2.342478e+06 2.416592e+06 2.477443e+06 2.525720e+06 2.562712e+06 2.590117e+06 2.626787e+06 2.582755e+06 2.523504e+06 2.436259e+06
1.855744e+06 1.855744e+06 1.855744e+06 1.855744e+06 1.855744e+06 1.856323e+06 1.858164e+06 1.862536e+06 1.865486e+06 1.868659e+06 1.875301e+06 1.882496e+06 1.890730e+06 1.900310e+06 1.911238e+06 1.923309e+06 1.936229e+06 2.004890e+06 2.069869e+06 2.129041e+06 2.183748e+06 2.234753e+06 2.282285e+06 2.367192e+06 2.438867e+06 2.497657e+06 2.544231e+06 2.579827e+06 2.606081e+06 2.635349e+06 2.584584e+06 2.522411e+06 2.434236e+06
1.893071e+06 1.893071e+06 1.893071e+06 1.893071e+06 1.893071e+06 1.893659e+06 1.895528e+06 1.899881e+06 1.902786e+06 1.905896e+06 1.912377e+06 1.919372e+06 1.927367e+06 1.936672e+06 1.947291e+06 1.959026e+06 1.971591e+06 2.038385e+06 2.101575e+06 2.159071e+06 2.212187e+06 2.261670e+06 2.307750e+06 2.389983e+06 2.459316e+06 2.516111e+06 2.561023e+06 2.595249e+06 2.620372e+06 2.642698e+06 2.585664e+06 2.520718e+06 2.431797e+06
1.928107e+06 1.928107e+06 1.928107e+06 1.928107e+06 1.928107e+06 1.928686e+06 1.930528e+06 1.934801e+06 1.937640e+06 1.940669e+06 1.946958e+06 1.953731e+06 1.961476e+06 1.970499e+06 1.980810e+06 1.992214e+06 2.004431e+06 2.069423e+06 2.130899e+06 2.186797e+06 2.238394e+06 2.286426e+06 2.331121e+06 2.410798e+06 2.477881e+06 2.532746e+06 2.576039e+06 2.608927e+06 2.632945e+06 2.648805e+06 2.585988e+06 2.518428e+06 2.428938e+06
1.960565e+06 1.960565e+06 1.960565e+06 1.960565e+06 1.960565e+06 1.961129e+06 1.962921e+06 1.967098e+06 1.969871e+06 1.972824e+06 1.978934e+06 1.985500e+06 1.993009e+06 2.001768e+06 2.011788e+06 2.022877e+06 2.034764e+06 2.098034e+06 2.157869e+06 2.212232e+06 2.262374e+06 2.309015e+06 2.352385e+06 2.429612e+06 2.494529e+06 2.547525e+06 2.589244e+06 2.620827e+06 2.643770e+06 2.653654e+06 2.585553e+06 2.515549e+06 2.425653e+06
1.990317e+06 1.990317e+06 1.990317e+06 1.990317e+06 1.990317e+06 1.990868e+06 1.992619e+06 1.996717e+06 1.999436e+06 2.002325e+06 2.008282e+06 2.014667e+06 2.021964e+06 2.030480e+06 2.040228e+06 2.051022e+06 2.062597e+06 2.124229e+06 2.182495e+06 2.235392e+06 2.284139e+06 2.329448e+06 2.371544e+06 2.446416e+06 2.509243e+06 2.560429e+06 2.600619e+06 2.630934e+06 2.652834e+06 2.657237e+06 2.584361e+06 2.512088e+06 2.421943e+06
2.016962e+06 2.016962e+06 2.016962e+06 2.016962e+06 2.016962e+06 2.017549e+06 2.019406e+06 2.023575e+06 2.026281e+06 2.029139e+06 2.034990e+06 2.041226e+06 2.048338e+06 2.056632e+06 2.066128e+06 2.076646e+06 2.087929e+06 2.148017e+06 2.204799e+06 2.256300e+06 2.303713e+06 2.347742e+06 2.388614e+06 2.461214e+06 2.522021e+06 2.571453e+06 2.610158e+06 2.639243e+06 2.660136e+06 2.659555e+06 2.582413e+06 2.508057e+06 2.417808e+06
2.040719e+06 2.040719e+06 2.040719e+06 2.040719e+06 2.040719e+06 2.041380e+06 2.043464e+06 2.047826e+06 2.050552e+06 2.053403e+06 2.059187e+06 2.065300e+06 2.072245e+06 2.080335e+06 2.089596e+06 2.099855e+06 2.110861e+06 2.169483e+06 2.224847e+06 2.275008e+06 2.321137e+06 2.363930e+06 2.403618e+06 2.474021e+06 2.532872e+06 2.580603e+06 2.617870e+06 2.645766e+06 2.665689e+06 2.660617e+06 2.579718e+06 2.503467e+06 2.413251e+06
2.062337e+06 2.062337e+06 2.062337e+06 2.062337e+06 2.062337e+06 2.063057e+06 2.065320e+06 2.069828e+06 2.072563e+06 2.075400e+06 2.081108e+06 2.087099e+06 2.093883e+06 2.101776e+06 2.110810e+06 2.120818e+06 2.131555e+06 2.188747e+06 2.242726e+06 2.291578e+06 2.336454e+06 2.378045e+06 2.416583e+06 2.484857e+06 2.541814e+06 2.587899e+06 2.623775e+06 2.650524e+06 2.669518e+06 2.660438e+06 2.576284e+06 2.498333e+06 2.408276e+06
2.081677e+06 2.081677e+06 2.081677e+06 2.081677e+06 2.081677e+06 2.082458e+06 2.084901e+06 2.089557e+06 2.092303e+06 2.095129e+06 2.100770e+06 2.106649e+06 2.113282e+06 2.120989e+06 2.129805e+06 2.139571e+06 2.150049e+06 2.205848e+06 2.258468e+06 2.306037e+06 2.349688e+06 2.390108e+06 2.427532e+06 2.493746e+06 2.548873e+06 2.593369e+06 2.627904e+06 2.653552e+06 2.671659e+06 2.659041e+06 2.572124e+06 2.492669e+06 2.402890e+06
2.098260e+06 2.098260e+06 2.098260e+06 2.098260e+06 2.098260e+06 2.099142e+06 2.101892e+06 2.106827e+06 2.109623e+06 2.112469e+06 2.118091e+06 2.123891e+06 2.130395e+06 2.137933e+06 2.146545e+06 2.156081e+06 2.166309e+06 2.220758e+06 2.272056e+06 2.318377e+06 2.360843e+06 2.400133e+06 2.436484e+06 2.500717e+06 2.554086e+06 2.597054e+06 2.630300e+06 2.654892e+06 2.672155e+06 2.656454e+06 2.567252e+06 2.486491e+06 2.397099e+06
2.112443e+06 2.112443e+06 2.112443e+06 2.112443e+06 2.112443e+06 2.113434e+06 2.116515e+06 2.121757e+06 2.124611e+06 2.127484e+06 2.133095e+06 2.138822e+06 2.145203e+06 2.152577e+06 2.160991e+06 2.170303e+06 2.180290e+06 2.233433e+06 2.283460e+06 2.328589e+06 2.369923e+06 2.408136e+06 2.443463e+06 2.505807e+06 2.557494e+06 2.598999e+06 2.631012e+06 2.654597e+06 2.671059e+06 2.652712e+06 2.561686e+06 2.479817e+06 2.390912e+06
2.124734e+06 2.124734e+06 2.124734e+06 2.124734e+06 2.124734e+06 2.125792e+06 2.129073e+06 2.134488e+06 2.137363e+06 2.140234e+06 2.145793e+06 2.151423e+06 2.157671e+06 2.164877e+06 2.173096e+06 2.182192e+06 2.191947e+06 2.243851e+06 2.292680e+06 2.336686e+06 2.376954e+06 2.414152e+06 2.448512e+06 2.509064e+06 2.559151e+06 2.599260e+06 2.630097e+06 2.652725e+06 2.668429e+06 2.647852e+06 2.555444e+06 2.472664e+06 2.384341e+06
2.134870e+06 2.134870e+06 2.134870e+06 2.134870e+06 2.134870e+06 2.135980e+06 2.139417e+06 2.144959e+06 2.147843e+06 2.150702e+06 2.156200e+06 2.161729e+06 2.167842e+06 2.174886e+06 2.182918e+06 2.191806e+06 2.201339e+06 2.252072e+06 2.299775e+06 2.342729e+06 2.381999e+06 2.418243e+06 2.451691e+06 2.510549e+06 2.559116e+06 2.597898e+06 2.627617e+06 2.649336e+06 2.664327e+06 2.641917e+06 2.548548e+06 2.465052e+06 2.377395e+06
2.142410e+06 2.142410e+06 2.142410e+06 2.142410e+06 2.142410e+06 2.143600e+06 2.147279e+06 2.153039e+06 2.155959e+06 2.158832e+06 2.164307e+06 2.169766e+06 2.175772e+06 2.182674e+06 2.190538e+06 2.199239e+06 2.208568e+06 2.258208e+06 2.304858e+06 2.346825e+06 2.385155e+06 2.420497e+06 2.453082e+06 2.510333e+06 2.557458e+06 2.594979e+06 2.623636e+06 2.644497e+06 2.658819e+06 2.634950e+06 2.541021e+06 2.456998e+06 2.370086e+06
2.147822e+06 2.147822e+06 2.147822e+06 2.147822e+06 2.147822e+06 2.149099e+06 2.153041e+06 2.159043e+06 2.162009e+06 2.164901e+06 2.170368e+06 2.175771e+06 2.181682e+06 2.188456e+06 2.196165e+06 2.204689e+06 2.213828e+06 2.262435e+06 2.308082e+06 2.349106e+06 2.386538e+06 2.421018e+06 2.452779e+06 2.508496e+06 2.554246e+06 2.590569e+06 2.618222e+06 2.638274e+06 2.651970e+06 2.627001e+06 2.532886e+06 2.448523e+06 2.362429e+06
2.151860e+06 2.151860e+06 2.151860e+06 2.151860e+06 2.151860e+06 2.153192e+06 2.157303e+06 2.163447e+06 2.166426e+06 2.169314e+06 2.174736e+06 2.180058e+06 2.185859e+06 2.192497e+06 2.200047e+06 2.208393e+06 2.217341e+06 2.264931e+06 2.309599e+06 2.349706e+06 2.386264e+06 2.419910e+06 2.450875e+06 2.505117e+06 2.549554e+06 2.584739e+06 2.611442e+06 2.630734e+06 2.643848e+06 2.618118e+06 2.524169e+06 2.439646e+06 2.354435e+06
2.154447e+06 2.154447e+06 2.154447e+06 2.154447e+06 2.154447e+06 2.155816e+06 2.160037e+06 2.166262e+06 2.169238e+06 2.172108e+06 2.177466e+06 2.182697e+06 2.188384e+06 2.194884e+06 2.202275e+06 2.210447e+06 2.219208e+06 2.265806e+06 2.309516e+06 2.348725e+06 2.384430e+06 2.417262e+06 2.447454e+06 2.500274e+06 2.543454e+06 2.577558e+06 2.603365e+06 2.621946e+06 2.634520e+06 2.608354e+06 2.514898e+06 2.430389e+06 2.346119e+06
2.155320e+06 2.155320e+06 2.155320e+06 2.155320e+06 2.155320e+06 2.156735e+06 2.161092e+06 2.167425e+06 2.170407e+06 2.173267e+06 2.178575e+06 2.183725e+06 2.189305e+06 2.195674e+06 2.202913e+06 2.210916e+06 2.219496e+06 2.265126e+06 2.307902e+06 2.346234e+06 2.381108e+06 2.413150e+06 2.442592e+06 2.494039e+06 2.536018e+06 2.569095e+06 2.594057e+06 2.611976e+06 2.624056e+06 2.597762e+06 2.505100e+06 2.420770e+06 2.337496e+06
2.154565e+06 2.154565e+06 2.154565e+06 2.154565e+06 2.154565e+06 2.156031e+06 2.160542e+06 2.167005e+06 2.170000e+06 2.172856e+06 2.178123e+06 2.183201e+06 2.188680e+06 2.194923e+06 2.202015e+06 2.209854e+06 2.218258e+06 2.262946e+06 2.304811e+06 2.342292e+06 2.376360e+06 2.407636e+06 2.436355e+06 2.486483e+06 2.527313e+06 2.559417e+06 2.583589e+06 2.600893e+06 2.612523e+06 2.586395e+06 2.494803e+06 2.410810e+06 2.328581e+06
2.152452e+06 2.152452e+06 2.152452e+06 2.152452e+06 2.152452e+06 2.153960e+06 2.158595e+06 2.165155e+06 2.168153e+06 2.170997e+06 2.176210e+06 2.181207e+06 2.186580e+06 2.192697e+06 2.199641e+06 2.207318e+06 2.215548e+06 2.259314e+06 2.300296e+06 2.336955e+06 2.370245e+06 2.400785e+06 2.428808e+06 2.477672e+06 2.517409e+06 2.548595e+06 2.572028e+06 2.588767e+06 2.599991e+06 2.574309e+06 2.484036e+06 2.400530e+06 2.319387e+06
2.149047e+06 2.149047e+06 2.149047e+06 2.149047e+06 2.149047e+06 2.150584e+06 2.155311e+06 2.161931e+06 2.164922e+06 2.167745e+06 2.172890e+06 2.177797e+06 2.183060e+06 2.189046e+06 2.195844e+06 2.203360e+06 2.211420e+06 2.254289e+06 2.294417e+06 2.330284e+06 2.362828e+06 2.392661e+06 2.420018e+06 2.467675e+06 2.506374e+06 2.536698e+06 2.559445e+06 2.575670e+06 2.586533e+06 2.561557e+06 2.472828e+06 2.389950e+06 2.309932e+06
2.144366e+06 2.144366e+06 2.144366e+06 2.144366e+06 2.144366e+06 2.145926e+06 2.150718e+06 2.157375e+06 2.160350e+06 2.163145e+06 2.168215e+06 2.173026e+06 2.178178e+06 2.184035e+06 2.190688e+06 2.198047e+06 2.205941e+06 2.247941e+06 2.287247e+06 2.322351e+06 2.354179e+06 2.383334e+06 2.410054e+06 2.456561e+06 2.494281e+06 2.523799e+06 2.545915e+06 2.561674e+06 2.572220e+06 2.548195e+06 2.461210e+06 2.379089e+06 2.300229e+06
2.138441e+06 2.138441e+06 2.138441e+06 2.138441e+06 2.138441e+06 2.140015e+06 2.144852e+06 2.151522e+06 2.154475e+06 2.157239e+06 2.162228e+06 2.166943e+06 2.171984e+06 2.177716e+06 2.184230e+06 2.191438e+06 2.199173e+06 2.240343e+06 2.278858e+06 2.313230e+06 2.344368e+06 2.372875e+06 2.398986e+06 2.444403e+06 2.481203e+06 2.509973e+06 2.531512e+06 2.546856e+06 2.557130e+06 2.534277e+06 2.449211e+06 2.367967e+06 2.290295e+06
2.131303e+06 2.131303e+06 2.131303e+06 2.131303e+06 2.131303e+06 2.132892e+06 2.137770e+06 2.144453e+06 2.147385e+06 2.150118e+06 2.155028e+06 2.159649e+06 2.164582e+06 2.170192e+06 2.176571e+06 2.183633e+06 2.191214e+06 2.231577e+06 2.269327e+06 2.302991e+06 2.333467e+06 2.361354e+06 2.386887e+06 2.431276e+06 2.467217e+06 2.495299e+06 2.516316e+06 2.531293e+06 2.541337e+06 2.519856e+06 2.436860e+06 2.356604e+06 2.280144e+06
2.122983e+06 2.122983e+06 2.122983e+06 2.122983e+06 2.122983e+06 2.124591e+06 2.129526e+06 2.136237e+06 2.139154e+06 2.141861e+06 2.146700e+06 2.151233e+06 2.156063e+06 2.161555e+06 2.167801e+06 2.174719e+06 2.182148e+06 2.221718e+06 2.258721e+06 2.291701e+06 2.321545e+06 2.348842e+06 2.373831e+06 2.417258e+06 2.452405e+06 2.479858e+06 2.500408e+06 2.515066e+06 2.524921e+06 2.504985e+06 2.424186e+06 2.345019e+06 2.269791e+06
