0.000000e+00 0.000000e+00 0.000000e+00 6.097476e-220 4.225411e-113 3.394586e-26 1.807004e-14 4.400064e-08 1.103140e-06 1.078619e-05 2.443512e-04 1.976572e-03 9.010016e-03 2.895510e-02 7.512748e-02 1.722176e-01 3.679195e-01 7.537261e+00 4.593207e+01 1.356296e+02 2.632292e+02 3.823613e+02 4.507735e+02 4.563215e+02 4.194983e+02 3.991459e+02 4.007969e+02 4.245903e+02 4.725538e+02 3.003478e+03 9.147842e+03 1.614700e+04 2.207738e+04
0.000000e+00 0.000000e+00 0.000000e+00 2.317778e-197 1.113783e-102 7.858188e-25 5.835402e-14 6.857487e-08 1.537510e-06 1.404339e-05 2.942782e-04 2.280308e-03 1.011672e-02 3.191188e-02 8.168182e-02 1.853131e-01 3.926818e-01 7.855828e+00 4.731283e+01 1.386627e+02 2.676337e+02 3.870777e+02 4.547805e+02 4.583157e+02 4.204079e+02 3.996677e+02 4.012589e+02 4.251673e+02 4.733661e+02 3.010978e+03 9.162998e+03 1.616513e+04 2.209463e+04
0.000000e+00 0.000000e+00 0.000000e+00 1.361267e-172 1.606167e-90 9.514676e-23 4.183065e-13 1.420920e-07 2.576385e-06 2.076999e-05 3.807415e-04 2.753685e-03 1.172295e-02 3.598744e-02 9.036908e-02 2.021453e-01 4.237348e-01 8.226830e+00 4.886120e+01 1.419848e+02 2.723784e+02 3.920945e+02 4.589998e+02 4.603830e+02 4.213407e+02 4.001998e+02 4.017303e+02 4.257567e+02 4.741956e+02 3.018562e+03 9.178261e+03 1.618335e+04 2.211194e+04
0.000000e+00 0.000000e+00 0.000000e+00 1.230746e-147 3.563521e-78 1.734800e-20 4.233528e-12 3.589462e-07 5.075931e-06 3.482678e-05 5.292567e-04 3.480847e-03 1.402284e-02 4.154040e-02 1.017718e-01 2.236040e-01 4.624091e-01 8.657501e+00 5.059425e+01 1.456185e+02 2.774842e+02 3.974259e+02 4.634386e+02 4.625245e+02 4.222965e+02 4.007423e+02 4.022112e+02 4.263587e+02 4.750426e+02 3.026230e+03 9.193631e+03 1.620166e+04 2.212931e+04
0.000000e+00 0.000000e+00 0.000000e+00 1.327750e-122 9.433270e-66 3.755922e-18 5.064845e-11 1.018530e-06 1.099347e-05 6.363714e-05 7.882280e-04 4.608066e-03 1.730783e-02 4.906273e-02 1.166421e-01 2.507900e-01 5.103012e-01 9.155917e+00 5.253046e+01 1.495880e+02 2.829728e+02 4.030865e+02 4.681046e+02 4.647411e+02 4.232751e+02 4.012950e+02 4.027017e+02 4.269735e+02 4.759075e+02 3.033983e+03 9.209109e+03 1.622005e+04 2.214673e+04
0.000000e+00 0.000000e+00 0.000000e+00 1.577995e-97 2.750932e-53 8.947845e-16 6.640529e-10 3.146866e-06 2.552211e-05 1.230348e-04 1.230225e-03 6.361680e-03 2.206013e-02 5.928555e-02 1.360079e-01 2.851246e-01 5.693891e-01 9.731187e+00 5.468990e+01 1.539188e+02 2.888667e+02 4.090909e+02 4.730047e+02 4.670335e+02 4.242765e+02 4.018578e+02 4.032017e+02 4.276013e+02 4.767904e+02 3.041822e+03 9.224695e+03 1.623854e+04 2.216422e+04
0.000000e+00 0.000000e+00 0.000000e+00 1.993827e-72 8.528791e-41 2.265386e-13 9.234450e-09 1.029962e-05 6.251768e-05 2.489626e-04 1.983832e-03 9.040474e-03 2.889228e-02 7.332391e-02 1.613804e-01 3.285337e-01 6.422200e-01 1.039373e+01 5.709447e+01 1.586379e+02 2.951892e+02 4.154538e+02 4.781463e+02 4.694023e+02 4.253003e+02 4.024306e+02 4.037113e+02 4.282423e+02 4.776918e+02 3.049748e+03 9.240390e+03 1.625711e+04 2.218177e+04
0.000000e+00 0.000000e+00 5.412567e-196 2.627972e-47 2.758325e-28 5.981937e-11 1.337683e-07 3.501050e-05 1.589769e-04 5.217246e-04 3.283743e-03 1.311585e-02 3.857382e-02 9.237465e-02 1.947790e-01 3.838060e-01 7.322182e-01 1.115567e+01 5.976832e+01 1.637743e+02 3.019645e+02 4.221900e+02 4.835360e+02 4.718478e+02 4.263461e+02 4.030132e+02 4.042307e+02 4.288967e+02 4.786118e+02 3.057762e+03 9.256194e+03 1.627577e+04 2.219938e+04
0.000000e+00 1.374960e-128 5.599913e-70 3.572615e-22 9.201000e-16 1.624728e-08 1.983649e-06 1.214653e-04 4.130044e-04 1.118008e-03 5.546956e-03 1.933608e-02 5.221904e-02 1.179370e-01 2.381784e-01 4.540871e-01 8.441779e-01 1.203138e+01 6.273827e+01 1.693586e+02 3.092175e+02 4.293146e+02 4.891806e+02 4.743703e+02 4.274136e+02 4.036055e+02 4.047597e+02 4.295646e+02 4.795509e+02 3.065864e+03 9.272109e+03 1.629452e+04 2.221705e+04
4.971809e-07 4.853130e-07 4.830211e-07 5.044880e-07 5.628974e-07 3.290129e-06 2.755627e-05 4.181515e-04 1.073997e-03 2.412602e-03 9.490404e-03 2.885876e-02 7.143487e-02 1.520342e-01 2.940518e-01 5.424308e-01 9.826501e-01 1.303819e+01 6.603443e+01 1.754243e+02 3.169744e+02 4.368426e+02 4.950863e+02 4.769697e+02 4.285023e+02 4.042073e+02 4.052986e+02 4.302464e+02 4.805094e+02 3.074054e+03 9.288133e+03 1.631337e+04 2.223478e+04
8.210968e-05 8.148717e-05 8.063380e-05 8.045582e-05 8.142554e-05 1.169147e-04 2.643793e-04 1.357503e-03 2.714636e-03 5.144029e-03 1.629838e-02 4.341921e-02 9.849161e-02 1.973835e-01 3.655549e-01 6.526108e-01 1.152329e+00 1.419745e+01 6.969098e+01 1.820071e+02 3.252625e+02 4.447892e+02 5.012593e+02 4.796459e+02 4.296117e+02 4.048183e+02 4.058472e+02 4.309421e+02 4.814875e+02 3.082335e+03 9.304269e+03 1.633230e+04 2.225258e+04
9.544531e-01 9.541195e-01 9.541307e-01 9.541911e-01 9.543757e-01 9.603443e-01 9.790584e-01 1.055745e+00 1.115752e+00 1.191833e+00 1.397034e+00 1.681584e+00 2.062594e+00 2.584869e+00 3.356399e+00 4.579116e+00 6.554231e+00 4.106443e+01 1.379851e+02 2.874967e+02 4.445738e+02 5.507235e+02 5.787951e+02 5.104370e+02 4.416788e+02 4.113800e+02 4.118800e+02 4.387143e+02 4.924221e+02 3.170244e+03 9.471846e+03 1.652663e+04 2.243386e+04
1.102621e+01 1.102632e+01 1.102633e+01 1.102652e+01 1.102713e+01 1.104643e+01 1.110622e+01 1.134558e+01 1.152600e+01 1.174787e+01 1.232486e+01 1.314851e+01 1.448344e+01 1.686786e+01 2.103299e+01 2.773350e+01 3.760048e+01 1.423628e+02 3.195228e+02 5.121338e+02 6.596073e+02 7.170260e+02 6.874906e+02 5.472339e+02 4.548353e+02 4.185638e+02 4.189441e+02 4.481354e+02 5.057082e+02 3.267994e+03 9.651101e+03 1.673021e+04 2.262127e+04
4.342383e+01 4.342383e+01 4.342384e+01 4.342421e+01 4.342534e+01 4.346190e+01 4.357656e+01 4.405202e+01 4.453876e+01 4.553806e+01 5.108844e+01 6.452854e+01 8.771131e+01 1.202541e+02 1.604895e+02 2.063456e+02 2.558581e+02 5.132388e+02 7.374826e+02 9.018248e+02 9.753757e+02 9.379692e+02 8.224548e+02 5.877665e+02 4.682160e+02 4.262369e+02 4.272100e+02 4.595331e+02 5.217807e+02 3.376401e+03 9.842559e+03 1.694326e+04 2.281485e+04
1.528776e+03 1.528775e+03 1.528774e+03 1.528721e+03 1.528556e+03 1.523127e+03 1.505036e+03 1.446923e+03 1.418557e+03 1.394381e+03 1.359393e+03 1.338755e+03 1.327802e+03 1.323105e+03 1.322418e+03 1.324289e+03 1.327775e+03 1.353628e+03 1.376815e+03 1.374795e+03 1.307292e+03 1.151443e+03 9.475886e+02 6.261597e+02 4.820849e+02 4.348792e+02 4.371808e+02 4.734464e+02 5.412269e+02 3.496319e+03 1.004673e+04 1.716595e+04 2.301461e+04
2.146421e+03 2.146421e+03 2.146421e+03 2.146421e+03 2.146420e+03 2.146382e+03 2.146162e+03 2.144577e+03 2.143097e+03 2.141091e+03 2.135183e+03 2.126176e+03 2.113654e+03 2.097685e+03 2.078737e+03 2.057478e+03 2.034615e+03 1.914469e+03 1.802953e+03 1.685751e+03 1.520272e+03 1.285161e+03 1.025252e+03 6.521355e+02 4.949531e+02 4.458074e+02 4.500020e+02 4.907726e+02 5.648810e+02 3.628637e+03 1.026412e+04 1.739844e+04 2.322055e+04
2.008422e+03 2.008422e+03 2.008422e+03 2.008420e+03 2.008414e+03 2.008221e+03 2.007656e+03 2.005933e+03 2.004917e+03 2.003829e+03 2.001451e+03 1.998769e+03 1.995684e+03 1.992052e+03 1.987711e+03 1.982508e+03 1.976327e+03 1.929517e+03 1.856596e+03 1.747050e+03 1.571132e+03 1.319798e+03 1.046570e+03 6.625088e+02 5.050244e+02 4.586405e+02 4.669805e+02 5.130196e+02 5.939590e+02 3.774296e+03 1.049521e+04 1.764089e+04 2.343267e+04
1.806059e+03 1.806059e+03 1.806059e+03 1.806059e+03 1.806058e+03 1.806036e+03 1.805967e+03 1.805697e+03 1.805508e+03 1.805289e+03 1.804765e+03 1.804107e+03 1.803285e+03 1.802265e+03 1.801014e+03 1.799496e+03 1.797670e+03 1.781993e+03 1.747158e+03 1.671394e+03 1.521238e+03 1.288840e+03 1.029321e+03 6.615608e+02 5.129470e+02 4.732507e+02 4.881121e+02 5.413026e+02 6.302449e+02 3.934294e+03 1.074048e+04 1.789341e+04 2.365092e+04
1.632592e+03 1.632592e+03 1.632592e+03 1.632592e+03 1.632593e+03 1.632605e+03 1.632622e+03 1.632647e+03 1.632651e+03 1.632649e+03 1.632631e+03 1.632596e+03 1.632544e+03 1.632466e+03 1.632349e+03 1.632176e+03 1.631929e+03 1.628340e+03 1.612920e+03 1.561882e+03 1.439117e+03 1.233767e+03 9.969951e+02 6.564971e+02 5.210121e+02 4.904020e+02 5.137709e+02 5.759546e+02 6.747106e+02 4.109711e+03 1.100040e+04 1.815610e+04 2.387526e+04
1.503996e+03 1.503996e+03 1.503996e+03 1.503996e+03 1.503996e+03 1.504000e+03 1.504013e+03 1.504073e+03 1.504125e+03 1.504191e+03 1.504360e+03 1.504570e+03 1.504816e+03 1.505092e+03 1.505398e+03 1.505728e+03 1.506078e+03 1.507366e+03 1.501208e+03 1.465018e+03 1.362801e+03 1.181247e+03 9.663932e+02 6.536410e+02 5.320022e+02 5.114994e+02 5.448124e+02 6.176797e+02 7.280253e+02 4.301731e+03 1.127540e+04 1.842902e+04 2.410562e+04
1.414479e+03 1.414479e+03 1.414479e+03 1.414479e+03 1.414479e+03 1.414499e+03 1.414558e+03 1.414779e+03 1.414934e+03 1.415115e+03 1.415548e+03 1.416067e+03 1.416663e+03 1.417331e+03 1.418064e+03 1.418859e+03 1.419709e+03 1.424171e+03 1.423183e+03 1.395923e+03 1.307721e+03 1.144025e+03 9.466448e+02 6.573261e+02 5.484664e+02 5.382982e+02 5.825324e+02 6.675402e+02 7.911770e+02 4.511670e+03 1.156592e+04 1.871223e+04 2.434192e+04
1.366908e+03 1.366908e+03 1.366908e+03 1.366908e+03 1.366909e+03 1.366917e+03 1.366944e+03 1.367059e+03 1.367157e+03 1.367286e+03 1.367637e+03 1.368113e+03 1.368705e+03 1.369404e+03 1.370204e+03 1.371097e+03 1.372078e+03 1.377764e+03 1.379501e+03 1.357656e+03 1.278617e+03 1.127121e+03 9.420728e+02 6.703402e+02 5.725776e+02 5.727039e+02 6.285910e+02 7.269728e+02 8.654541e+02 4.741020e+03 1.187239e+04 1.900573e+04 2.458404e+04
1.352707e+03 1.352707e+03 1.352707e+03 1.352707e+03 1.352707e+03 1.352706e+03 1.352705e+03 1.352735e+03 1.352774e+03 1.352836e+03 1.353039e+03 1.353361e+03 1.353808e+03 1.354383e+03 1.355086e+03 1.355920e+03 1.356886e+03 1.363265e+03 1.367158e+03 1.349276e+03 1.276306e+03 1.132385e+03 9.548455e+02 6.947056e+02 6.063036e+02 6.167194e+02 6.849384e+02 7.977743e+02 9.524738e+02 4.991508e+03 1.219524e+04 1.930953e+04 2.483188e+04
1.359726e+03 1.359726e+03 1.359726e+03 1.359726e+03 1.359727e+03 1.359737e+03 1.359769e+03 1.359929e+03 1.360073e+03 1.360267e+03 1.360809e+03 1.361549e+03 1.362475e+03 1.363570e+03 1.364825e+03 1.366232e+03 1.367784e+03 1.377232e+03 1.384481e+03 1.370378e+03 1.301412e+03 1.161164e+03 9.866725e+02 7.323060e+02 6.516455e+02 6.724895e+02 7.537750e+02 8.820668e+02 1.054185e+03 5.265211e+03 1.253490e+04 1.962358e+04 2.508527e+04
1.403144e+03 1.403144e+03 1.403144e+03 1.403144e+03 1.403145e+03 1.403166e+03 1.403231e+03 1.403490e+03 1.403684e+03 1.403925e+03 1.404552e+03 1.405385e+03 1.406429e+03 1.407681e+03 1.409135e+03 1.410786e+03 1.412625e+03 1.424092e+03 1.434109e+03 1.422912e+03 1.355803e+03 1.215445e+03 1.039635e+03 7.852789e+02 7.108342e+02 7.423788e+02 8.375455e+02 9.822593e+02 1.172847e+03 5.564896e+03 1.289180e+04 1.994785e+04 2.534408e+04
1.483419e+03 1.483419e+03 1.483419e+03 1.483419e+03 1.483420e+03 1.483435e+03 1.483488e+03 1.483728e+03 1.483919e+03 1.484159e+03 1.484794e+03 1.485640e+03 1.486706e+03 1.487995e+03 1.489509e+03 1.491250e+03 1.493217e+03 1.505993e+03 1.518329e+03 1.509348e+03 1.442142e+03 1.297990e+03 1.116468e+03 8.562267e+02 7.864611e+02 8.290406e+02 9.389482e+02 1.101017e+03 1.310988e+03 5.892389e+03 1.326641e+04 2.028224e+04 2.560812e+04
1.594170e+03 1.594170e+03 1.594170e+03 1.594170e+03 1.594172e+03 1.594214e+03 1.594343e+03 1.594845e+03 1.595212e+03 1.595651e+03 1.596729e+03 1.598047e+03 1.599586e+03 1.601338e+03 1.603308e+03 1.605504e+03 1.607935e+03 1.623464e+03 1.639278e+03 1.632877e+03 1.564149e+03 1.412587e+03 1.220769e+03 9.483341e+02 8.815510e+02 9.354590e+02 1.060942e+03 1.241232e+03 1.471363e+03 6.248124e+03 1.365922e+04 2.062667e+04 2.587720e+04
1.746837e+03 1.746837e+03 1.746837e+03 1.746837e+03 1.746839e+03 1.746883e+03 1.747004e+03 1.747434e+03 1.747744e+03 1.748120e+03 1.749084e+03 1.750362e+03 1.751979e+03 1.753949e+03 1.756276e+03 1.758959e+03 1.761996e+03 1.781854e+03 1.802827e+03 1.799566e+03 1.727660e+03 1.564525e+03 1.357198e+03 1.065427e+03 9.995920e+02 1.064960e+03 1.206737e+03 1.405996e+03 1.656904e+03 6.632707e+03 1.407077e+04 2.098101e+04 2.615112e+04
1.947170e+03 1.947170e+03 1.947170e+03 1.947171e+03 1.947173e+03 1.947249e+03 1.947464e+03 1.948195e+03 1.948691e+03 1.949271e+03 1.950689e+03 1.952479e+03 1.954680e+03 1.957317e+03 1.960404e+03 1.963937e+03 1.967905e+03 1.993230e+03 2.019652e+03 2.018634e+03 1.940566e+03 1.760485e+03 1.531430e+03 1.211981e+03 1.144531e+03 1.221195e+03 1.379769e+03 1.598559e+03 1.870671e+03 7.046715e+03 1.450166e+04 2.134515e+04 2.642965e+04
2.211598e+03 2.211598e+03 2.211598e+03 2.211600e+03 2.211604e+03 2.211735e+03 2.212144e+03 2.213735e+03 2.214856e+03 2.216142e+03 2.219085e+03 2.222391e+03 2.225980e+03 2.229830e+03 2.233951e+03 2.238360e+03 2.243080e+03 2.271391e+03 2.300584e+03 2.299263e+03 2.211069e+03 2.007791e+03 1.749904e+03 1.393102e+03 1.320749e+03 1.408098e+03 1.583654e+03 1.822282e+03 2.115806e+03 7.490654e+03 1.495262e+04 2.171894e+04 2.671256e+04
2.572068e+03 2.572068e+03 2.572068e+03 2.572069e+03 2.572070e+03 2.572122e+03 2.572279e+03 2.572856e+03 2.573253e+03 2.573716e+03 2.574845e+03 2.576279e+03 2.578081e+03 2.580315e+03 2.583040e+03 2.586300e+03 2.590128e+03 2.617562e+03 2.649426e+03 2.647836e+03 2.546983e+03 2.314431e+03 2.019976e+03 1.614567e+03 1.533014e+03 1.629819e+03 1.822119e+03 2.080586e+03 2.395471e+03 7.964951e+03 1.542455e+04 2.210225e+04 2.699962e+04
2.957908e+03 2.957908e+03 2.957908e+03 2.957909e+03 2.957910e+03 2.957968e+03 2.958150e+03 2.958946e+03 2.959596e+03 2.960429e+03 2.962652e+03 2.965613e+03 2.969289e+03 2.973648e+03 2.978665e+03 2.984323e+03 2.990609e+03 3.030475e+03 3.073087e+03 3.074667e+03 2.959417e+03 2.690778e+03 2.350625e+03 1.882876e+03 1.786418e+03 1.890647e+03 2.098943e+03 2.376887e+03 2.712809e+03 8.469954e+03 1.591884e+04 2.249492e+04 2.729056e+04
3.457247e+03 3.457247e+03 3.457247e+03 3.457248e+03 3.457250e+03 3.457310e+03 3.457501e+03 3.458315e+03 3.458975e+03 3.459824e+03 3.462148e+03 3.465380e+03 3.469572e+03 3.474735e+03 3.480850e+03 3.487876e+03 3.495767e+03 3.545706e+03 3.597841e+03 3.600276e+03 3.464938e+03 3.150246e+03 2.752614e+03 2.205194e+03 2.086283e+03 2.194921e+03 2.417881e+03 2.714553e+03 3.070894e+03 9.005940e+03 1.643643e+04 2.289683e+04 2.758514e+04
4.088447e+03 4.088447e+03 4.088447e+03 4.088449e+03 4.088454e+03 4.088636e+03 4.089205e+03 4.091425e+03 4.093016e+03 4.094880e+03 4.099310e+03 4.104530e+03 4.110431e+03 4.116960e+03 4.124105e+03 4.131882e+03 4.140313e+03 4.192129e+03 4.246346e+03 4.243543e+03 4.080028e+03 3.707041e+03 3.237692e+03 2.589207e+03 2.438074e+03 2.546972e+03 2.782623e+03 3.096860e+03 3.472701e+03 9.573121e+03 1.697614e+04 2.330784e+04 2.788309e+04
4.882093e+03 4.882093e+03 4.882093e+03 4.882093e+03 4.882096e+03 4.882161e+03 4.882344e+03 4.883017e+03 4.883509e+03 4.884106e+03 4.885651e+03 4.887767e+03 4.890609e+03 4.894332e+03 4.899064e+03 4.904896e+03 4.911881e+03 4.963125e+03 5.022035e+03 5.015221e+03 4.819061e+03 4.375830e+03 3.818667e+03 3.043156e+03 2.847392e+03 2.951110e+03 3.196781e+03 3.526984e+03 3.921088e+03 1.017164e+04 1.753692e+04 2.372787e+04 2.818414e+04
5.705798e+03 5.705798e+03 5.705799e+03 5.705801e+03 5.705809e+03 5.706062e+03 5.706851e+03 5.709970e+03 5.712245e+03 5.714949e+03 5.721510e+03 5.729431e+03 5.738549e+03 5.748747e+03 5.759949e+03 5.772106e+03 5.785191e+03 5.862923e+03 5.940708e+03 5.935488e+03 5.702995e+03 5.175627e+03 4.511020e+03 3.576134e+03 3.320073e+03 3.411668e+03 3.663911e+03 4.007999e+03 4.418783e+03 1.080157e+04 1.811776e+04 2.415683e+04 2.848804e+04
6.820005e+03 6.820005e+03 6.820005e+03 6.820006e+03 6.820010e+03 6.820143e+03 6.820558e+03 6.822214e+03 6.823450e+03 6.824960e+03 6.828821e+03 6.833862e+03 6.840168e+03 6.847830e+03 6.856926e+03 6.867517e+03 6.879637e+03 6.961165e+03 7.049545e+03 7.041381e+03 6.762679e+03 6.131374e+03 5.333699e+03 4.198375e+03 3.862337e+03 3.933091e+03 4.187543e+03 4.542883e+03 4.968378e+03 1.146288e+04 1.871753e+04 2.459475e+04 2.879453e+04
8.092051e+03 8.092051e+03 8.092051e+03 8.092052e+03 8.092055e+03 8.092147e+03 8.092444e+03 8.093939e+03 8.095299e+03 8.097130e+03 8.102290e+03 8.109491e+03 8.118704e+03 8.129844e+03 8.142809e+03 8.157503e+03 8.173843e+03 8.276363e+03 8.381501e+03 8.369006e+03 8.032146e+03 7.271689e+03 6.308559e+03 4.921400e+03 4.480923e+03 4.519993e+03 4.771210e+03 5.134517e+03 5.572307e+03 1.215545e+04 1.933503e+04 2.504174e+04 2.910335e+04
9.663331e+03 9.663331e+03 9.663332e+03 9.663336e+03 9.663348e+03 9.663620e+03 9.664348e+03 9.667074e+03 9.669067e+03 9.671477e+03 9.677548e+03 9.685293e+03 9.694752e+03 9.705982e+03 9.719045e+03 9.733997e+03 9.750873e+03 9.861850e+03 9.979765e+03 9.958990e+03 9.549335e+03 8.628826e+03 7.460339e+03 5.758075e+03 5.183105e+03 5.177147e+03 5.418409e+03 5.785650e+03 6.232820e+03 1.287903e+04 1.996896e+04 2.549819e+04 2.941427e+04
1.148599e+04 1.148599e+04 1.148599e+04 1.148599e+04 1.148601e+04 1.148648e+04 1.148790e+04 1.149289e+04 1.149625e+04 1.150013e+04 1.150941e+04 1.152064e+04 1.153380e+04 1.154890e+04 1.156596e+04 1.158506e+04 1.160626e+04 1.174197e+04 1.188383e+04 1.185674e+04 1.135841e+04 1.024007e+04 8.817112e+03 6.722438e+03 5.976511e+03 5.909354e+03 6.132520e+03 6.498838e+03 6.951931e+03 1.363321e+04 2.061790e+04 2.596460e+04 2.972705e+04
1.369320e+04 1.369320e+04 1.369320e+04 1.369320e+04 1.369321e+04 1.369341e+04 1.369405e+04 1.369673e+04 1.369889e+04 1.370166e+04 1.370919e+04 1.371955e+04 1.373294e+04 1.374949e+04 1.376924e+04 1.379218e+04 1.381825e+04 1.398820e+04 1.416285e+04 1.412653e+04 1.351465e+04 1.214849e+04 1.040966e+04 7.828978e+03 6.868714e+03 6.721210e+03 6.916665e+03 7.276355e+03 7.731362e+03 1.441740e+04 2.128037e+04 2.643963e+04 3.004149e+04
1.630577e+04 1.630577e+04 1.630577e+04 1.630578e+04 1.630580e+04 1.630642e+04 1.630838e+04 1.631609e+04 1.632173e+04 1.632846e+04 1.634490e+04 1.636494e+04 1.638822e+04 1.641446e+04 1.644350e+04 1.647522e+04 1.650958e+04 1.671524e+04 1.691123e+04 1.684373e+04 1.607650e+04 1.439699e+04 1.226764e+04 9.091283e+03 7.866672e+03 7.616835e+03 7.773561e+03 8.120111e+03 8.572483e+03 1.523083e+04 2.195478e+04 2.692187e+04 3.035743e+04
1.967985e+04 1.967985e+04 1.967985e+04 1.967985e+04 1.967986e+04 1.968003e+04 1.968058e+04 1.968280e+04 1.968458e+04 1.968690e+04 1.969348e+04 1.970309e+04 1.971613e+04 1.973292e+04 1.975362e+04 1.977829e+04 1.980691e+04 1.999972e+04 2.018685e+04 2.005649e+04 1.908408e+04 1.701714e+04 1.441424e+04 1.052071e+04 8.976286e+03 8.599681e+03 8.705419e+03 9.031582e+03 9.476269e+03 1.607247e+04 2.263949e+04 2.741007e+04 3.067471e+04
2.337175e+04 2.337175e+04 2.337175e+04 2.337176e+04 2.337178e+04 2.337243e+04 2.337446e+04 2.338251e+04 2.338843e+04 2.339551e+04 2.341286e+04 2.343402e+04 2.345856e+04 2.348621e+04 2.351676e+04 2.355014e+04 2.358628e+04 2.380158e+04 2.398324e+04 2.377315e+04 2.255270e+04 2.002611e+04 1.686479e+04 1.212612e+04 1.020230e+04 9.672470e+03 9.713905e+03 1.001179e+04 1.044327e+04 1.694106e+04 2.333281e+04 2.790296e+04 3.099325e+04
2.780096e+04 2.780096e+04 2.780096e+04 2.780096e+04 2.780097e+04 2.780117e+04 2.780182e+04 2.780449e+04 2.780662e+04 2.780938e+04 2.781705e+04 2.782791e+04 2.784227e+04 2.786034e+04 2.788225e+04 2.790805e+04 2.793773e+04 2.813411e+04 2.829545e+04 2.799193e+04 2.648843e+04 2.343507e+04 1.963110e+04 1.391490e+04 1.154855e+04 1.083728e+04 1.080017e+04 1.106127e+04 1.147358e+04 1.783508e+04 2.403299e+04 2.839932e+04 3.131305e+04
3.252655e+04 3.252655e+04 3.252655e+04 3.252655e+04 3.252657e+04 3.252713e+04 3.252889e+04 3.253579e+04 3.254080e+04 3.254676e+04 3.256138e+04 3.257944e+04 3.260084e+04 3.262558e+04 3.265368e+04 3.268520e+04 3.272021e+04 3.293932e+04 3.310493e+04 3.271563e+04 3.090528e+04 2.726117e+04 2.272804e+04 1.589448e+04 1.301840e+04 1.209568e+04 1.196486e+04 1.218012e+04 1.256684e+04 1.875273e+04 2.473826e+04 2.889789e+04 3.163425e+04
3.779713e+04 3.779713e+04 3.779713e+04 3.779713e+04 3.779715e+04 3.779762e+04 3.779909e+04 3.780508e+04 3.780964e+04 3.781526e+04 3.782971e+04 3.784845e+04 3.787156e+04 3.789908e+04 3.793107e+04 3.796757e+04 3.800856e+04 3.826788e+04 3.846100e+04 3.799359e+04 3.584730e+04 3.153815e+04 2.617813e+04 1.807296e+04 1.461475e+04 1.344871e+04 1.320815e+04 1.336790e+04 1.372216e+04 1.969193e+04 2.544684e+04 2.939739e+04 3.195729e+04
4.367625e+04 4.367625e+04 4.367626e+04 4.367626e+04 4.367629e+04 4.367700e+04 4.367911e+04 4.368734e+04 4.369346e+04 4.370091e+04 4.371984e+04 4.374411e+04 4.377375e+04 4.380876e+04 4.384914e+04 4.389486e+04 4.394582e+04 4.426119e+04 4.448713e+04 4.392473e+04 4.138627e+04 3.631203e+04 3.000758e+04 2.045765e+04 1.633965e+04 1.489675e+04 1.452960e+04 1.462363e+04 1.493809e+04 2.065029e+04 2.615691e+04 2.989656e+04 3.228144e+04
5.042205e+04 5.042205e+04 5.042205e+04 5.042206e+04 5.042208e+04 5.042290e+04 5.042545e+04 5.043558e+04 5.044312e+04 5.045231e+04 5.047559e+04 5.050536e+04 5.054149e+04 5.058382e+04 5.063213e+04 5.068616e+04 5.074560e+04 5.109860e+04 5.132082e+04 5.060552e+04 4.758308e+04 4.161654e+04 3.423288e+04 2.305168e+04 1.819339e+04 1.643920e+04 1.592804e+04 1.594563e+04 1.621251e+04 2.162516e+04 2.686669e+04 3.039413e+04 3.260561e+04
5.828044e+04 5.828044e+04 5.828044e+04 5.828045e+04 5.828047e+04 5.828124e+04 5.828361e+04 5.829307e+04 5.830007e+04 5.830850e+04 5.832946e+04 5.835561e+04 5.838675e+04 5.842278e+04 5.846364e+04 5.850931e+04 5.855969e+04 5.886027e+04 5.899584e+04 5.804394e+04 5.443312e+04 4.744298e+04 3.884594e+04 2.585093e+04 2.017373e+04 1.807419e+04 1.740138e+04 1.733141e+04 1.754255e+04 2.261362e+04 2.757439e+04 3.088884e+04 3.292895e+04
6.691926e+04 6.691926e+04 6.691926e+04 6.691926e+04 6.691927e+04 6.691963e+04 6.692076e+04 6.692525e+04 6.692862e+04 6.693276e+04 6.694343e+04 6.695757e+04 6.697553e+04 6.699763e+04 6.702412e+04 6.705518e+04 6.709083e+04 6.731570e+04 6.734021e+04 6.611365e+04 6.184736e+04 5.373346e+04 4.381223e+04 2.884412e+04 2.227598e+04 1.979852e+04 1.894650e+04 1.877757e+04 1.892447e+04 2.361246e+04 2.827821e+04 3.137946e+04 3.325062e+04
7.574845e+04 7.574845e+04 7.574846e+04 7.574846e+04 7.574848e+04 7.574904e+04 7.575081e+04 7.575786e+04 7.576313e+04 7.576953e+04 7.578567e+04 7.580604e+04 7.583043e+04 7.585866e+04 7.589060e+04 7.592615e+04 7.596516e+04 7.618583e+04 7.614102e+04 7.465349e+04 6.971012e+04 6.041232e+04 4.908672e+04 3.201650e+04 2.449378e+04 2.160775e+04 2.055917e+04 2.027966e+04 2.035356e+04 2.461828e+04 2.897642e+04 3.186477e+04 3.356987e+04
8.503609e+04 8.503609e+04 8.503609e+04 8.503609e+04 8.503610e+04 8.503646e+04 8.503757e+04 8.504217e+04 8.504577e+04 8.505027e+04 8.506203e+04 8.507751e+04 8.509676e+04 8.511981e+04 8.514670e+04 8.517743e+04 8.521190e+04 8.541091e+04 8.530512e+04 8.356918e+04 7.794282e+04 6.742347e+04 5.463384e+04 3.535480e+04 2.682030e+04 2.349646e+04 2.223404e+04 2.183214e+04 2.182413e+04 2.562746e+04 2.966730e+04 3.234359e+04 3.388594e+04
9.454942e+04 9.454942e+04 9.454942e+04 9.454943e+04 9.454944e+04 9.454979e+04 9.455090e+04 9.455561e+04 9.455929e+04 9.456389e+04 9.457584e+04 9.459152e+04 9.461096e+04 9.463423e+04 9.466141e+04 9.469257e+04 9.472767e+04 9.493070e+04 9.479050e+04 9.282671e+04 8.651720e+04 7.474477e+04 6.043746e+04 3.885027e+04 2.924893e+04 2.545829e+04 2.396457e+04 2.342830e+04 2.332939e+04 2.663623e+04 3.034918e+04 3.281481e+04 3.419810e+04
1.042919e+05 1.042919e+05 1.042919e+05 1.042919e+05 1.042920e+05 1.042925e+05 1.042942e+05 1.043011e+05 1.043062e+05 1.043125e+05 1.043287e+05 1.043496e+05 1.043753e+05 1.044059e+05 1.044413e+05 1.044815e+05 1.045261e+05 1.047770e+05 1.046356e+05 1.024594e+05 9.545560e+04 8.238725e+04 6.650037e+04 4.249852e+04 3.177316e+04 2.748584e+04 2.574293e+04 2.506017e+04 2.486150e+04 2.764070e+04 3.102043e+04 3.327733e+04 3.450566e+04
1.145575e+05 1.145575e+05 1.145575e+05 1.145575e+05 1.145575e+05 1.145582e+05 1.145605e+05 1.145696e+05 1.145764e+05 1.145847e+05 1.146058e+05 1.146326e+05 1.146649e+05 1.147025e+05 1.147451e+05 1.147927e+05 1.148448e+05 1.151282e+05 1.149663e+05 1.125523e+05 1.048109e+05 9.037943e+04 7.283473e+04 4.629679e+04 3.438575e+04 2.957033e+04 2.755989e+04 2.671861e+04 2.641162e+04 2.863694e+04 3.167948e+04 3.373014e+04 3.480794e+04
1.256012e+05 1.256012e+05 1.256012e+05 1.256012e+05 1.256012e+05 1.256017e+05 1.256033e+05 1.256096e+05 1.256146e+05 1.256207e+05 1.256367e+05 1.256576e+05 1.256836e+05 1.257145e+05 1.257504e+05 1.257912e+05 1.258368e+05 1.260888e+05 1.258550e+05 1.231551e+05 1.146158e+05 9.874002e+04 7.944824e+04 5.024055e+04 3.707765e+04 3.170130e+04 2.940479e+04 2.839327e+04 2.797000e+04 2.962102e+04 3.232485e+04 3.417228e+04 3.510428e+04
1.371154e+05 1.371154e+05 1.371154e+05 1.371154e+05 1.371154e+05 1.371159e+05 1.371175e+05 1.371236e+05 1.371282e+05 1.371339e+05 1.371485e+05 1.371674e+05 1.371906e+05 1.372184e+05 1.372507e+05 1.372876e+05 1.373290e+05 1.375551e+05 1.372454e+05 1.342416e+05 1.248606e+05 1.074656e+05 8.633755e+04 5.432132e+04 3.983734e+04 3.386641e+04 3.126558e+04 3.007283e+04 2.952620e+04 3.058906e+04 3.295511e+04 3.460286e+04 3.539406e+04
1.489582e+05 1.489582e+05 1.489582e+05 1.489582e+05 1.489582e+05 1.489588e+05 1.489606e+05 1.489678e+05 1.489732e+05 1.489798e+05 1.489965e+05 1.490181e+05 1.490444e+05 1.490755e+05 1.491113e+05 1.491519e+05 1.491970e+05 1.494363e+05 1.490781e+05 1.457762e+05 1.355253e+05 1.165442e+05 9.349269e+04 5.852669e+04 4.265077e+04 3.605170e+04 3.312914e+04 3.174533e+04 3.106941e+04 3.153731e+04 3.356892e+04 3.502107e+04 3.567670e+04
1.612544e+05 1.612544e+05 1.612544e+05 1.612544e+05 1.612544e+05 1.612551e+05 1.612572e+05 1.612657e+05 1.612720e+05 1.612797e+05 1.612990e+05 1.613237e+05 1.613535e+05 1.613885e+05 1.614286e+05 1.614736e+05 1.615232e+05 1.617798e+05 1.613749e+05 1.577654e+05 1.466079e+05 1.259686e+05 1.009024e+05 6.284108e+04 4.550172e+04 3.824194e+04 3.498174e+04 3.339852e+04 3.258878e+04 3.246222e+04 3.416504e+04 3.542616e+04 3.595162e+04
1.741462e+05 1.741462e+05 1.741462e+05 1.741462e+05 1.741462e+05 1.741469e+05 1.741490e+05 1.741575e+05 1.741638e+05 1.741713e+05 1.741902e+05 1.742141e+05 1.742429e+05 1.742765e+05 1.743149e+05 1.743581e+05 1.744056e+05 1.746469e+05 1.741686e+05 1.702228e+05 1.581093e+05 1.357307e+05 1.085527e+05 6.724611e+04 4.837251e+04 4.042139e+04 3.680962e+04 3.502040e+04 3.407384e+04 3.336045e+04 3.474233e+04 3.581747e+04 3.621832e+04
1.875575e+05 1.875575e+05 1.875575e+05 1.875575e+05 1.875576e+05 1.875581e+05 1.875596e+05 1.875657e+05 1.875702e+05 1.875758e+05 1.875901e+05 1.876085e+05 1.876314e+05 1.876588e+05 1.876912e+05 1.877284e+05 1.877704e+05 1.879862e+05 1.874285e+05 1.831296e+05 1.700139e+05 1.458128e+05 1.164232e+05 7.172052e+04 5.124457e+04 4.257437e+04 3.859953e+04 3.659969e+04 3.551484e+04 3.422897e+04 3.529975e+04 3.619443e+04 3.647630e+04
2.012102e+05 2.012102e+05 2.012102e+05 2.012102e+05 2.012103e+05 2.012110e+05 2.012134e+05 2.012227e+05 2.012295e+05 2.012376e+05 2.012580e+05 2.012837e+05 2.013146e+05 2.013506e+05 2.013917e+05 2.014377e+05 2.014882e+05 2.017340e+05 2.011227e+05 1.964635e+05 1.822981e+05 1.561876e+05 1.244849e+05 7.623955e+04 5.409871e+04 4.468580e+04 4.033920e+04 3.812617e+04 3.690312e+04 3.506506e+04 3.583637e+04 3.655651e+04 3.672513e+04
2.154588e+05 2.154588e+05 2.154588e+05 2.154588e+05 2.154589e+05 2.154596e+05 2.154620e+05 2.154714e+05 2.154784e+05 2.154870e+05 2.155084e+05 2.155354e+05 2.155678e+05 2.156054e+05 2.156480e+05 2.156953e+05 2.157469e+05 2.159859e+05 2.152834e+05 2.102157e+05 1.949286e+05 1.668115e+05 1.326950e+05 8.077312e+04 5.691492e+04 4.674133e+04 4.201764e+04 3.959093e+04 3.823125e+04 3.586636e+04 3.635138e+04 3.690328e+04 3.696440e+04
2.303493e+05 2.303493e+05 2.303493e+05 2.303493e+05 2.303493e+05 2.303498e+05 2.303513e+05 2.303571e+05 2.303614e+05 2.303667e+05 2.303803e+05 2.303979e+05 2.304197e+05 2.304458e+05 2.304761e+05 2.305106e+05 2.305489e+05 2.307100e+05 2.298489e+05 2.243040e+05 2.078149e+05 1.775999e+05 1.409848e+05 8.528347e+04 5.967194e+04 4.872743e+04 4.362520e+04 4.098658e+04 3.949321e+04 3.663090e+04 3.684407e+04 3.723440e+04 3.719375e+04
2.454125e+05 2.454125e+05 2.454125e+05 2.454125e+05 2.454125e+05 2.454130e+05 2.454143e+05 2.454194e+05 2.454230e+05 2.454273e+05 2.454380e+05 2.454515e+05 2.454676e+05 2.454865e+05 2.455081e+05 2.455323e+05 2.455587e+05 2.456344e+05 2.445880e+05 2.385254e+05 2.207829e+05 1.884149e+05 1.492542e+05 8.972445e+04 6.234727e+04 5.063143e+04 4.515371e+04 4.230722e+04 4.068438e+04 3.735707e+04 3.731389e+04 3.754958e+04 3.741288e+04
2.603764e+05 2.603764e+05 2.603764e+05 2.603764e+05 2.603764e+05 2.603766e+05 2.603772e+05 2.603798e+05 2.603817e+05 2.603840e+05 2.603899e+05 2.603974e+05 2.604064e+05 2.604168e+05 2.604286e+05 2.604416e+05 2.604555e+05 2.604418e+05 2.592019e+05 2.526094e+05 2.336030e+05 1.990793e+05 1.573796e+05 9.404384e+04 6.491795e+04 5.244179e+04 4.659651e+04 4.354848e+04 4.180159e+04 3.804366e+04 3.776035e+04 3.784862e+04 3.762152e+04
2.749353e+05 2.749353e+05 2.749353e+05 2.749353e+05 2.749353e+05 2.749352e+05 2.749349e+05 2.749338e+05 2.749331e+05 2.749324e+05 2.749309e+05 2.749296e+05 2.749286e+05 2.749278e+05 2.749272e+05 2.749268e+05 2.749260e+05 2.748161e+05 2.733817e+05 2.662684e+05 2.460275e+05 2.094022e+05 1.652290e+05 9.818817e+04 6.736206e+04 5.414856e+04 4.794856e+04 4.470750e+04 4.284298e+04 3.868982e+04 3.818313e+04 3.813137e+04 3.781944e+04
2.886899e+05 2.886899e+05 2.886899e+05 2.886899e+05 2.886899e+05 2.886898e+05 2.886895e+05 2.886882e+05 2.886873e+05 2.886861e+05 2.886829e+05 2.886786e+05 2.886728e+05 2.886657e+05 2.886570e+05 2.886468e+05 2.886346e+05 2.884407e+05 2.868269e+05 2.792263e+05 2.578201e+05 2.192023e+05 1.726783e+05 1.021086e+05 6.966068e+04 5.574402e+04 4.920660e+04 4.578289e+04 4.380796e+04 3.929508e+04 3.858200e+04 3.839775e+04 3.800646e+04
3.014449e+05 3.014449e+05 3.014449e+05 3.014449e+05 3.014449e+05 3.014445e+05 3.014434e+05 3.014391e+05 3.014358e+05 3.014319e+05 3.014219e+05 3.014094e+05 3.013945e+05 3.013772e+05 3.013578e+05 3.013361e+05 3.013119e+05 3.010440e+05 2.992804e+05 2.912502e+05 2.687847e+05 2.283310e+05 1.796264e+05 1.057663e+05 7.179973e+04 5.722321e+04 5.036921e+04 4.677465e+04 4.469704e+04 3.985926e+04 3.895684e+04 3.864775e+04 3.818245e+04
3.128689e+05 3.128689e+05 3.128689e+05 3.128689e+05 3.128689e+05 3.128686e+05 3.128675e+05 3.128630e+05 3.128597e+05 3.128556e+05 3.128454e+05 3.128323e+05 3.128164e+05 3.127977e+05 3.127763e+05 3.127521e+05 3.127247e+05 3.124290e+05 3.105694e+05 3.021889e+05 2.787950e+05 2.366924e+05 1.860082e+05 1.091370e+05 7.377118e+04 5.858422e+04 5.143683e+04 4.768406e+04 4.551173e+04 4.038251e+04 3.930763e+04 3.888142e+04 3.834731e+04
3.229813e+05 3.229813e+05 3.229813e+05 3.229813e+05 3.229812e+05 3.229810e+05 3.229800e+05 3.229763e+05 3.229735e+05 3.229701e+05 3.229614e+05 3.229501e+05 3.229362e+05 3.229198e+05 3.229006e+05 3.228788e+05 3.228538e+05 3.225650e+05 3.206580e+05 3.120040e+05 2.878135e+05 2.442550e+05 1.918005e+05 1.122119e+05 7.557344e+04 5.982820e+04 5.241155e+04 4.851346e+04 4.625429e+04 4.086523e+04 3.963448e+04 3.909886e+04 3.850099e+04
3.319376e+05 3.319376e+05 3.319376e+05 3.319376e+05 3.319376e+05 3.319373e+05 3.319364e+05 3.319327e+05 3.319299e+05 3.319267e+05 3.319185e+05 3.319083e+05 3.318960e+05 3.318816e+05 3.318651e+05 3.318463e+05 3.318249e+05 3.315559e+05 3.296283e+05 3.207573e+05 2.958834e+05 2.510453e+05 1.970188e+05 1.149974e+05 7.721077e+04 6.095890e+04 5.329685e+04 4.926600e+04 4.692756e+04 4.130806e+04 3.993756e+04 3.930021e+04 3.864347e+04
3.398801e+05 3.398801e+05 3.398801e+05 3.398801e+05 3.398801e+05 3.398799e+05 3.398793e+05 3.398771e+05 3.398753e+05 3.398732e+05 3.398679e+05 3.398609e+05 3.398523e+05 3.398420e+05 3.398299e+05 3.398159e+05 3.397994e+05 3.395555e+05 3.376182e+05 3.285654e+05 3.030959e+05 2.571284e+05 2.017054e+05 1.175104e+05 7.869175e+04 6.198199e+04 5.409711e+04 4.994537e+04 4.753475e+04 4.171183e+04 4.021715e+04 3.948566e+04 3.877479e+04
3.470237e+05 3.470237e+05 3.470237e+05 3.470237e+05 3.470236e+05 3.470235e+05 3.470229e+05 3.470206e+05 3.470190e+05 3.470170e+05 3.470120e+05 3.470056e+05 3.469978e+05 3.469886e+05 3.469780e+05 3.469659e+05 3.469516e+05 3.467218e+05 3.447716e+05 3.355563e+05 3.095574e+05 2.625841e+05 2.059147e+05 1.197740e+05 8.002753e+04 6.290423e+04 5.481723e+04 5.055552e+04 4.807922e+04 4.207755e+04 4.047359e+04 3.965546e+04 3.889500e+04
3.534490e+05 3.534490e+05 3.534490e+05 3.534490e+05 3.534490e+05 3.534488e+05 3.534484e+05 3.534467e+05 3.534454e+05 3.534438e+05 3.534398e+05 3.534345e+05 3.534280e+05 3.534203e+05 3.534114e+05 3.534011e+05 3.533888e+05 3.531699e+05 3.512053e+05 3.418420e+05 3.153672e+05 2.674912e+05 2.097027e+05 1.218129e+05 8.123009e+04 6.373271e+04 5.546221e+04 5.110041e+04 4.856433e+04 4.240635e+04 4.070732e+04 3.980987e+04 3.900418e+04
3.592513e+05 3.592513e+05 3.592513e+05 3.592513e+05 3.592513e+05 3.592512e+05 3.592507e+05 3.592491e+05 3.592479e+05 3.592464e+05 3.592428e+05 3.592382e+05 3.592327e+05 3.592261e+05 3.592186e+05 3.592099e+05 3.591996e+05 3.589913e+05 3.570141e+05 3.475167e+05 3.206115e+05 2.719201e+05 2.131209e+05 1.236506e+05 8.231095e+04 6.447421e+04 5.603681e+04 5.158383e+04 4.899333e+04 4.269949e+04 4.091881e+04 3.994921e+04 3.910248e+04
3.645058e+05 3.645058e+05 3.645058e+05 3.645058e+05 3.645058e+05 3.645058e+05 3.645055e+05 3.645045e+05 3.645037e+05 3.645027e+05 3.645003e+05 3.644970e+05 3.644931e+05 3.644883e+05 3.644827e+05 3.644761e+05 3.644680e+05 3.642708e+05 3.622820e+05 3.526618e+05 3.253645e+05 2.759315e+05 2.162139e+05 1.253080e+05 8.328046e+04 6.513490e+04 5.654543e+04 5.200933e+04 4.936933e+04 4.295830e+04 4.110862e+04 4.007381e+04 3.919003e+04
3.693112e+05 3.693112e+05 3.693112e+05 3.693112e+05 3.693112e+05 3.693111e+05 3.693109e+05 3.693098e+05 3.693090e+05 3.693081e+05 3.693058e+05 3.693028e+05 3.692992e+05 3.692950e+05 3.692901e+05 3.692844e+05 3.692773e+05 3.690860e+05 3.670830e+05 3.573470e+05 3.296883e+05 2.795758e+05 2.190188e+05 1.268023e+05 8.414741e+04 6.572020e+04 5.699202e+04 5.238017e+04 4.969519e+04 4.318418e+04 4.127734e+04 4.018404e+04 3.926702e+04
3.737081e+05 3.737081e+05 3.737081e+05 3.737081e+05 3.737081e+05 3.737080e+05 3.737078e+05 3.737071e+05 3.737066e+05 3.737059e+05 3.737042e+05 3.737019e+05 3.736991e+05 3.736958e+05 3.736918e+05 3.736870e+05 3.736809e+05 3.734933e+05 3.714732e+05 3.616259e+05 3.336307e+05 2.828918e+05 2.215639e+05 1.281474e+05 8.491901e+04 6.623469e+04 5.738006e+04 5.269933e+04 4.997365e+04 4.337858e+04 4.142562e+04 4.028028e+04 3.933364e+04
3.777524e+05 3.777524e+05 3.777524e+05 3.777524e+05 3.777524e+05 3.777523e+05 3.777521e+05 3.777514e+05 3.777508e+05 3.777501e+05 3.777482e+05 3.777458e+05 3.777428e+05 3.777391e+05 3.777348e+05 3.777298e+05 3.777234e+05 3.775328e+05 3.754903e+05 3.655338e+05 3.372236e+05 2.859056e+05 2.238690e+05 1.293531e+05 8.560093e+04 6.668226e+04 5.771266e+04 5.296956e+04 5.020725e+04 4.354299e+04 4.155412e+04 4.036295e+04 3.939012e+04
3.814495e+05 3.814495e+05 3.814495e+05 3.814494e+05 3.814494e+05 3.814494e+05 3.814491e+05 3.814482e+05 3.814475e+05 3.814466e+05 3.814444e+05 3.814415e+05 3.814379e+05 3.814336e+05 3.814287e+05 3.814229e+05 3.814157e+05 3.812186e+05 3.791499e+05 3.690871e+05 3.404827e+05 2.886312e+05 2.259453e+05 1.304260e+05 8.619741e+04 6.706615e+04 5.799263e+04 5.319342e+04 5.039844e+04 4.367892e+04 4.166356e+04 4.043246e+04 3.943669e+04
3.847928e+05 3.847928e+05 3.847928e+05 3.847928e+05 3.847928e+05 3.847927e+05 3.847924e+05 3.847915e+05 3.847907e+05 3.847898e+05 3.847874e+05 3.847843e+05 3.847803e+05 3.847755e+05 3.847698e+05 3.847630e+05 3.847546e+05 3.845480e+05 3.824503e+05 3.722854e+05 3.434093e+05 2.910715e+05 2.277964e+05 1.313698e+05 8.671153e+04 6.738911e+04 5.822250e+04 5.337337e+04 5.054960e+04 4.378787e+04 4.175466e+04 4.048926e+04 3.947363e+04
3.877775e+05 3.877775e+05 3.877775e+05 3.877775e+05 3.877775e+05 3.877773e+05 3.877769e+05 3.877753e+05 3.877741e+05 3.877727e+05 3.877689e+05 3.877641e+05 3.877582e+05 3.877514e+05 3.877435e+05 3.877345e+05 3.877237e+05 3.875029e+05 3.853750e+05 3.751154e+05 3.459943e+05 2.932211e+05 2.294205e+05 1.321858e+05 8.714551e+04 6.765353e+04 5.840472e+04 5.351180e+04 5.066306e+04 4.387136e+04 4.182818e+04 4.053378e+04 3.950118e+04
3.903400e+05 3.903400e+05 3.903400e+05 3.903400e+05 3.903400e+05 3.903399e+05 3.903395e+05 3.903379e+05 3.903366e+05 3.903351e+05 3.903312e+05 3.903262e+05 3.903201e+05 3.903127e+05 3.903042e+05 3.902943e+05 3.902825e+05 3.900528e+05 3.879000e+05 3.775582e+05 3.482237e+05 2.950713e+05 2.308127e+05 1.328741e+05 8.750112e+04 6.786168e+04 5.854165e+04 5.361108e+04 5.074117e+04 4.393090e+04 4.188486e+04 4.056649e+04 3.951965e+04
3.924822e+05 3.924822e+05 3.924822e+05 3.924822e+05 3.924822e+05 3.924820e+05 3.924816e+05 3.924797e+05 3.924783e+05 3.924766e+05 3.924722e+05 3.924666e+05 3.924597e+05 3.924516e+05 3.924422e+05 3.924315e+05 3.924187e+05 3.921819e+05 3.900091e+05 3.795990e+05 3.500854e+05 2.966135e+05 2.319685e+05 1.334349e+05 8.778015e+04 6.801586e+04 5.863572e+04 5.367364e+04 5.078628e+04 4.396798e+04 4.192548e+04 4.058785e+04 3.952932e+04
3.941920e+05 3.941920e+05 3.941920e+05 3.941920e+05 3.941920e+05 3.941919e+05 3.941914e+05 3.941895e+05 3.941881e+05 3.941863e+05 3.941818e+05 3.941760e+05 3.941689e+05 3.941605e+05 3.941507e+05 3.941394e+05 3.941260e+05 3.938837e+05 3.916947e+05 3.812298e+05 3.515722e+05 2.978428e+05 2.328854e+05 1.338689e+05 8.798477e+04 6.811859e+04 5.868948e+04 5.370194e+04 5.080076e+04 4.398406e+04 4.195081e+04 4.059831e+04 3.953048e+04
3.954759e+05 3.954759e+05 3.954759e+05 3.954759e+05 3.954759e+05 3.954757e+05 3.954752e+05 3.954731e+05 3.954715e+05 3.954696e+05 3.954647e+05 3.954583e+05 3.954506e+05 3.954414e+05 3.954308e+05 3.954185e+05 3.954041e+05 3.951555e+05 3.929530e+05 3.824467e+05 3.526812e+05 2.987579e+05 2.335638e+05 1.341787e+05 8.811785e+04 6.817272e+04 5.870565e+04 5.369855e+04 5.078701e+04 4.398056e+04 4.196162e+04 4.059834e+04 3.952345e+04
3.963215e+05 3.963215e+05 3.963215e+05 3.963215e+05 3.963215e+05 3.963213e+05 3.963208e+05 3.963185e+05 3.963168e+05 3.963148e+05 3.963095e+05 3.963027e+05 3.962944e+05 3.962846e+05 3.962733e+05 3.962603e+05 3.962451e+05 3.959919e+05 3.937815e+05 3.832498e+05 3.534149e+05 2.993626e+05 2.340081e+05 1.343685e+05 8.818311e+04 6.818149e+04 5.868710e+04 5.366606e+04 5.074743e+04 4.395889e+04 4.195866e+04 4.058841e+04 3.950854e+04
3.967204e+05 3.967204e+05 3.967204e+05 3.967204e+05 3.967204e+05 3.967203e+05 3.967197e+05 3.967174e+05 3.967157e+05 3.967137e+05 3.967084e+05 3.967018e+05 3.966937e+05 3.966841e+05 3.966732e+05 3.966606e+05 3.966459e+05 3.963956e+05 3.941870e+05 3.836492e+05 3.537846e+05 2.996683e+05 2.342284e+05 1.344451e+05 8.818522e+04 6.814851e+04 5.863684e+04 5.360710e+04 5.068439e+04 4.392039e+04 4.194269e+04 4.056898e+04 3.948605e+04
