4.798901e+04 3.213178e+04 3.120150e+04 3.850175e+04 4.740586e+04 6.523592e+04 6.859861e+04 6.850874e+04 6.817215e+04 6.799128e+04 6.809732e+04 6.864019e+04 6.943768e+04 7.039209e+04 7.146104e+04 7.262972e+04 7.389329e+04 8.132103e+04 8.898484e+04 9.531224e+04 1.005053e+05 1.053477e+05 1.103484e+05 1.214455e+05 1.338579e+05 1.469342e+05 1.599724e+05 1.724106e+05 1.838889e+05 2.544410e+05 2.892283e+05 2.972780e+05 2.900534e+05
7.055896e+04 7.055918e+04 7.055979e+04 7.057344e+04 7.059381e+04 6.990814e+04 6.930728e+04 6.780732e+04 6.763562e+04 6.762115e+04 6.798116e+04 6.868170e+04 6.957450e+04 7.058761e+04 7.169424e+04 7.288841e+04 7.417012e+04 8.164022e+04 8.931118e+04 9.563188e+04 1.008152e+05 1.056493e+05 1.106434e+05 1.217315e+05 1.341369e+05 1.472052e+05 1.602326e+05 1.726571e+05 1.841196e+05 2.545573e+05 2.892886e+05 2.972897e+05 2.900336e+05
6.808703e+04 6.808709e+04 6.808726e+04 6.809146e+04 6.809923e+04 6.785068e+04 6.749997e+04 6.732482e+04 6.697679e+04 6.705597e+04 6.779122e+04 6.871931e+04 6.973549e+04 7.081778e+04 7.196562e+04 7.318599e+04 7.448543e+04 8.199197e+04 8.966372e+04 9.597245e+04 1.011422e+05 1.059649e+05 1.109503e+05 1.220266e+05 1.344231e+05 1.474819e+05 1.604976e+05 1.729076e+05 1.843534e+05 2.546741e+05 2.893490e+05 2.973012e+05 2.900137e+05
6.636700e+04 6.636702e+04 6.636710e+04 6.636915e+04 6.637448e+04 6.641852e+04 6.620886e+04 6.707837e+04 6.739509e+04 6.747132e+04 6.785858e+04 6.882240e+04 6.993394e+04 7.108214e+04 7.227175e+04 7.351907e+04 7.483652e+04 8.237610e+04 9.004274e+04 9.633424e+04 1.014863e+05 1.062947e+05 1.112693e+05 1.223307e+05 1.347165e+05 1.477646e+05 1.607674e+05 1.731619e+05 1.845905e+05 2.547914e+05 2.894094e+05 2.973126e+05 2.899935e+05
6.612768e+04 6.612770e+04 6.612774e+04 6.612896e+04 6.613244e+04 6.622272e+04 6.628679e+04 6.682900e+04 6.756081e+04 6.814269e+04 6.874087e+04 6.932888e+04 7.026780e+04 7.141019e+04 7.262030e+04 7.388818e+04 7.522185e+04 8.279187e+04 9.044821e+04 9.671736e+04 1.018477e+05 1.066388e+05 1.116003e+05 1.226439e+05 1.350171e+05 1.480531e+05 1.610419e+05 1.734202e+05 1.848307e+05 2.549093e+05 2.894698e+05 2.973238e+05 2.899731e+05
6.698463e+04 6.698464e+04 6.698467e+04 6.698558e+04 6.698832e+04 6.706784e+04 6.719932e+04 6.745252e+04 6.797016e+04 6.865390e+04 6.973351e+04 7.035788e+04 7.100906e+04 7.191103e+04 7.305367e+04 7.431048e+04 7.564814e+04 8.323866e+04 9.087991e+04 9.712178e+04 1.022264e+05 1.069971e+05 1.119433e+05 1.229662e+05 1.353249e+05 1.483473e+05 1.613212e+05 1.736823e+05 1.850740e+05 2.550277e+05 2.895303e+05 2.973349e+05 2.899525e+05
6.836067e+04 6.836068e+04 6.836070e+04 6.836138e+04 6.836331e+04 6.841474e+04 6.851937e+04 6.863330e+04 6.886948e+04 6.934588e+04 7.053828e+04 7.142213e+04 7.206617e+04 7.277309e+04 7.368631e+04 7.483588e+04 7.613956e+04 8.371694e+04 9.133758e+04 9.754735e+04 1.026223e+05 1.073697e+05 1.122984e+05 1.232975e+05 1.356398e+05 1.486474e+05 1.616052e+05 1.739482e+05 1.853204e+05 2.551466e+05 2.895908e+05 2.973458e+05 2.899317e+05
6.976810e+04 6.976811e+04 6.976813e+04 6.976869e+04 6.977029e+04 6.980916e+04 6.989182e+04 6.996742e+04 7.004253e+04 7.029261e+04 7.127188e+04 7.232659e+04 7.313316e+04 7.383014e+04 7.461187e+04 7.557523e+04 7.674965e+04 8.422959e+04 9.182118e+04 9.799390e+04 1.030353e+05 1.077565e+05 1.126654e+05 1.236378e+05 1.359618e+05 1.489533e+05 1.618939e+05 1.742180e+05 1.855699e+05 2.552661e+05 2.896514e+05 2.973565e+05 2.899106e+05
7.108635e+04 7.108636e+04 7.108637e+04 7.108683e+04 7.108817e+04 7.112041e+04 7.118593e+04 7.125776e+04 7.127406e+04 7.138309e+04 7.206618e+04 7.310983e+04 7.408405e+04 7.489549e+04 7.567114e+04 7.654163e+04 7.757415e+04 8.478328e+04 9.233120e+04 9.846131e+04 1.034652e+05 1.081572e+05 1.130442e+05 1.239870e+05 1.362909e+05 1.492649e+05 1.621873e+05 1.744916e+05 1.858225e+05 2.553860e+05 2.897120e+05 2.973670e+05 2.898894e+05
7.225547e+04 7.225547e+04 7.225548e+04 7.225588e+04 7.225703e+04 7.228564e+04 7.234813e+04 7.244631e+04 7.246178e+04 7.251258e+04 7.296041e+04 7.387599e+04 7.492890e+04 7.588512e+04 7.674468e+04 7.761046e+04 7.857303e+04 8.539008e+04 9.286904e+04 9.894958e+04 1.039119e+05 1.085718e+05 1.134347e+05 1.243451e+05 1.366270e+05 1.495821e+05 1.624853e+05 1.747690e+05 1.860781e+05 2.555065e+05 2.897726e+05 2.973774e+05 2.898679e+05
7.333994e+04 7.333994e+04 7.333995e+04 7.334029e+04 7.334128e+04 7.336700e+04 7.342683e+04 7.355244e+04 7.359046e+04 7.363499e+04 7.394450e+04 7.470078e+04 7.573709e+04 7.679700e+04 7.777324e+04 7.869966e+04 7.965589e+04 8.606939e+04 9.343736e+04 9.945902e+04 1.043753e+05 1.090001e+05 1.138368e+05 1.247118e+05 1.369701e+05 1.499051e+05 1.627880e+05 1.750501e+05 1.863368e+05 2.556274e+05 2.898332e+05 2.973876e+05 2.898463e+05
8.655143e+04 8.655143e+04 8.655144e+04 8.655159e+04 8.655204e+04 8.656545e+04 8.660358e+04 8.673484e+04 8.682195e+04 8.692069e+04 8.714574e+04 8.740373e+04 8.772242e+04 8.816174e+04 8.877807e+04 8.959521e+04 9.059906e+04 9.680897e+04 1.021786e+05 1.062767e+05 1.100436e+05 1.140414e+05 1.184695e+05 1.288330e+05 1.407620e+05 1.534292e+05 1.660555e+05 1.780566e+05 1.890804e+05 2.568616e+05 2.904397e+05 2.974795e+05 2.896175e+05
1.017215e+05 1.017215e+05 1.017215e+05 1.017216e+05 1.017219e+05 1.017297e+05 1.017525e+05 1.018372e+05 1.018998e+05 1.019765e+05 1.021720e+05 1.024183e+05 1.027066e+05 1.030342e+05 1.034112e+05 1.038592e+05 1.044027e+05 1.087076e+05 1.135623e+05 1.166791e+05 1.187859e+05 1.211922e+05 1.244847e+05 1.337524e+05 1.451506e+05 1.574339e+05 1.697148e+05 1.813799e+05 1.920768e+05 2.581334e+05 2.910432e+05 2.975513e+05 2.893659e+05
1.178287e+05 1.178287e+05 1.178287e+05 1.178288e+05 1.178290e+05 1.178342e+05 1.178499e+05 1.179111e+05 1.179566e+05 1.180124e+05 1.181554e+05 1.183382e+05 1.185571e+05 1.188101e+05 1.190990e+05 1.194286e+05 1.198040e+05 1.223533e+05 1.251606e+05 1.271585e+05 1.285749e+05 1.301829e+05 1.325202e+05 1.398908e+05 1.501870e+05 1.618818e+05 1.737085e+05 1.849621e+05 1.952734e+05 2.594307e+05 2.916386e+05 2.976004e+05 2.890901e+05
1.331615e+05 1.331615e+05 1.331615e+05 1.331616e+05 1.331617e+05 1.331645e+05 1.331726e+05 1.332048e+05 1.332307e+05 1.332644e+05 1.333577e+05 1.334860e+05 1.336486e+05 1.338458e+05 1.340803e+05 1.343547e+05 1.346681e+05 1.364547e+05 1.374673e+05 1.376191e+05 1.379296e+05 1.390047e+05 1.409628e+05 1.473363e+05 1.563296e+05 1.669178e+05 1.780553e+05 1.887781e+05 1.986307e+05 2.607399e+05 2.922203e+05 2.976240e+05 2.887887e+05
1.475015e+05 1.475015e+05 1.475015e+05 1.475015e+05 1.475016e+05 1.475039e+05 1.475113e+05 1.475418e+05 1.475658e+05 1.475964e+05 1.476791e+05 1.477914e+05 1.479330e+05 1.481055e+05 1.483125e+05 1.485567e+05 1.488362e+05 1.502365e+05 1.500627e+05 1.484629e+05 1.472638e+05 1.474434e+05 1.489956e+05 1.549833e+05 1.633176e+05 1.729100e+05 1.829609e+05 1.928865e+05 2.021523e+05 2.620468e+05 2.927826e+05 2.976194e+05 2.884603e+05
1.613629e+05 1.613629e+05 1.613629e+05 1.613629e+05 1.613629e+05 1.613645e+05 1.613691e+05 1.613898e+05 1.614073e+05 1.614307e+05 1.614974e+05 1.615924e+05 1.617169e+05 1.618729e+05 1.620640e+05 1.622922e+05 1.625533e+05 1.637003e+05 1.626668e+05 1.596192e+05 1.569057e+05 1.559277e+05 1.567909e+05 1.623232e+05 1.704085e+05 1.794241e+05 1.886057e+05 1.975140e+05 2.059224e+05 2.633373e+05 2.933192e+05 2.975837e+05 2.881036e+05
1.750504e+05 1.750504e+05 1.750504e+05 1.750504e+05 1.750505e+05 1.750531e+05 1.750611e+05 1.750933e+05 1.751189e+05 1.751514e+05 1.752382e+05 1.753533e+05 1.754959e+05 1.756669e+05 1.758689e+05 1.761022e+05 1.763607e+05 1.772678e+05 1.754103e+05 1.710502e+05 1.669189e+05 1.647225e+05 1.646995e+05 1.693915e+05 1.772438e+05 1.859532e+05 1.945429e+05 2.026464e+05 2.101468e+05 2.645989e+05 2.938239e+05 2.975139e+05 2.877171e+05
1.896445e+05 1.896445e+05 1.896445e+05 1.896445e+05 1.896446e+05 1.896471e+05 1.896542e+05 1.896808e+05 1.897014e+05 1.897274e+05 1.897978e+05 1.898940e+05 1.900175e+05 1.901709e+05 1.903564e+05 1.905723e+05 1.908092e+05 1.913869e+05 1.885929e+05 1.828676e+05 1.773346e+05 1.739169e+05 1.729214e+05 1.764148e+05 1.837832e+05 1.922201e+05 2.004057e+05 2.079036e+05 2.146708e+05 2.658217e+05 2.942905e+05 2.974071e+05 2.872996e+05
2.047439e+05 2.047439e+05 2.047439e+05 2.047440e+05 2.047441e+05 2.047476e+05 2.047586e+05 2.048049e+05 2.048405e+05 2.048843e+05 2.049948e+05 2.051340e+05 2.053005e+05 2.054942e+05 2.057146e+05 2.059565e+05 2.062059e+05 2.064773e+05 2.025743e+05 1.952837e+05 1.882346e+05 1.835466e+05 1.815258e+05 1.835736e+05 1.901390e+05 1.981453e+05 2.059697e+05 2.130069e+05 2.191983e+05 2.670000e+05 2.947130e+05 2.972605e+05 2.868497e+05
2.220463e+05 2.220463e+05 2.220463e+05 2.220463e+05 2.220464e+05 2.220492e+05 2.220580e+05 2.220937e+05 2.221212e+05 2.221557e+05 2.222460e+05 2.223652e+05 2.225135e+05 2.226907e+05 2.228941e+05 2.231141e+05 2.233311e+05 2.230548e+05 2.177150e+05 2.085249e+05 1.997250e+05 1.936384e+05 1.905178e+05 1.909437e+05 1.964297e+05 2.037654e+05 2.111422e+05 2.177739e+05 2.235134e+05 2.681335e+05 2.950859e+05 2.970714e+05 2.863662e+05
2.408973e+05 2.408973e+05 2.408973e+05 2.408973e+05 2.408975e+05 2.409014e+05 2.409136e+05 2.409607e+05 2.409951e+05 2.410366e+05 2.411410e+05 2.412739e+05 2.414348e+05 2.416217e+05 2.418283e+05 2.420395e+05 2.422287e+05 2.412890e+05 2.341960e+05 2.227327e+05 2.118821e+05 2.042048e+05 1.998708e+05 1.985170e+05 2.027157e+05 2.091467e+05 2.159197e+05 2.221151e+05 2.274701e+05 2.692285e+05 2.954042e+05 2.968369e+05 2.858478e+05
2.619110e+05 2.619110e+05 2.619110e+05 2.619110e+05 2.619110e+05 2.619125e+05 2.619179e+05 2.619467e+05 2.619716e+05 2.620039e+05 2.620907e+05 2.622068e+05 2.623509e+05 2.625195e+05 2.627023e+05 2.628786e+05 2.630137e+05 2.612311e+05 2.520742e+05 2.379637e+05 2.247358e+05 2.152346e+05 2.095376e+05 2.062346e+05 2.089937e+05 2.143338e+05 2.203367e+05 2.260109e+05 2.309905e+05 2.703001e+05 2.956637e+05 2.965547e+05 2.852933e+05
2.842131e+05 2.842131e+05 2.842131e+05 2.842131e+05 2.842133e+05 2.842190e+05 2.842365e+05 2.843009e+05 2.843453e+05 2.843968e+05 2.845198e+05 2.846685e+05 2.848409e+05 2.850310e+05 2.852243e+05 2.853928e+05 2.854933e+05 2.828270e+05 2.713464e+05 2.542242e+05 2.382779e+05 2.266922e+05 2.194544e+05 2.140112e+05 2.152153e+05 2.193351e+05 2.244295e+05 2.294809e+05 2.340525e+05 2.713758e+05 2.958615e+05 2.962224e+05 2.847016e+05
3.089438e+05 3.089438e+05 3.089438e+05 3.089438e+05 3.089440e+05 3.089477e+05 3.089584e+05 3.089989e+05 3.090287e+05 3.090647e+05 3.091560e+05 3.092735e+05 3.094160e+05 3.095760e+05 3.097339e+05 3.098537e+05 3.098819e+05 3.061305e+05 2.920135e+05 2.714925e+05 2.524686e+05 2.385189e+05 2.295442e+05 2.217517e+05 2.213084e+05 2.241288e+05 2.282194e+05 2.325584e+05 2.366700e+05 2.725086e+05 2.959955e+05 2.958382e+05 2.840719e+05
3.349728e+05 3.349728e+05 3.349728e+05 3.349728e+05 3.349729e+05 3.349755e+05 3.349845e+05 3.350267e+05 3.350605e+05 3.351027e+05 3.352117e+05 3.353514e+05 3.355164e+05 3.356938e+05 3.358564e+05 3.359587e+05 3.359355e+05 3.310418e+05 3.139998e+05 2.896911e+05 2.672270e+05 2.506302e+05 2.397181e+05 2.293621e+05 2.271952e+05 2.286761e+05 2.317114e+05 2.352750e+05 2.388751e+05 2.736940e+05 2.960655e+05 2.954004e+05 2.834033e+05
3.632706e+05 3.632706e+05 3.632706e+05 3.632706e+05 3.632706e+05 3.632718e+05 3.632762e+05 3.632983e+05 3.633171e+05 3.633417e+05 3.634094e+05 3.635030e+05 3.636198e+05 3.637456e+05 3.638483e+05 3.638730e+05 3.637425e+05 3.574380e+05 3.371395e+05 3.086689e+05 2.824264e+05 2.629188e+05 2.498807e+05 2.367585e+05 2.328057e+05 2.329350e+05 2.348999e+05 2.376554e+05 2.407051e+05 2.748632e+05 2.960727e+05 2.949077e+05 2.826949e+05
3.920868e+05 3.920868e+05 3.920868e+05 3.920868e+05 3.920869e+05 3.920891e+05 3.920975e+05 3.921360e+05 3.921660e+05 3.922030e+05 3.922973e+05 3.924164e+05 3.925533e+05 3.926890e+05 3.927837e+05 3.927723e+05 3.925653e+05 3.848557e+05 3.611136e+05 3.282030e+05 2.979089e+05 2.752688e+05 2.599420e+05 2.438750e+05 2.380860e+05 2.368699e+05 2.377761e+05 2.397180e+05 2.421961e+05 2.759659e+05 2.960200e+05 2.943594e+05 2.819463e+05
4.221245e+05 4.221245e+05 4.221245e+05 4.221246e+05 4.221247e+05 4.221277e+05 4.221366e+05 4.221688e+05 4.221915e+05 4.222184e+05 4.222850e+05 4.223687e+05 4.224649e+05 4.225540e+05 4.225915e+05 4.225024e+05 4.221845e+05 4.129552e+05 3.856333e+05 3.480858e+05 3.135325e+05 2.875823e+05 2.698326e+05 2.506695e+05 2.430043e+05 2.404587e+05 2.403343e+05 2.414776e+05 2.433801e+05 2.769605e+05 2.959128e+05 2.937550e+05 2.811571e+05
4.517593e+05 4.517593e+05 4.517593e+05 4.517594e+05 4.517596e+05 4.517646e+05 4.517803e+05 4.518417e+05 4.518857e+05 4.519372e+05 4.520587e+05 4.521997e+05 4.523499e+05 4.524832e+05 4.525456e+05 4.524507e+05 4.520824e+05 4.414763e+05 4.105226e+05 3.681882e+05 3.292063e+05 2.997996e+05 2.795148e+05 2.571270e+05 2.475513e+05 2.436952e+05 2.425760e+05 2.429486e+05 2.442854e+05 2.778128e+05 2.957590e+05 2.930947e+05 2.803269e+05
4.832324e+05 4.832324e+05 4.832324e+05 4.832324e+05 4.832325e+05 4.832336e+05 4.832370e+05 4.832510e+05 4.832621e+05 4.832762e+05 4.833149e+05 4.833693e+05 4.834340e+05 4.834829e+05 4.834562e+05 4.832565e+05 4.827530e+05 4.704953e+05 4.357344e+05 3.884487e+05 3.448858e+05 3.118965e+05 2.889810e+05 2.632571e+05 2.517388e+05 2.465887e+05 2.445113e+05 2.441473e+05 2.449376e+05 2.784951e+05 2.955702e+05 2.923793e+05 2.794557e+05
5.136031e+05 5.136031e+05 5.136031e+05 5.136032e+05 5.136033e+05 5.136076e+05 5.136210e+05 5.136716e+05 5.137075e+05 5.137497e+05 5.138511e+05 5.139710e+05 5.140973e+05 5.141960e+05 5.141977e+05 5.139925e+05 5.134357e+05 4.997255e+05 4.611449e+05 4.088087e+05 3.605481e+05 3.238729e+05 2.982460e+05 2.690880e+05 2.555947e+05 2.491614e+05 2.461582e+05 2.450925e+05 2.453606e+05 2.789873e+05 2.953666e+05 2.916101e+05 2.785437e+05
5.454309e+05 5.454309e+05 5.454309e+05 5.454309e+05 5.454310e+05 5.454321e+05 5.454357e+05 5.454500e+05 5.454611e+05 5.454751e+05 5.455129e+05 5.455645e+05 5.456217e+05 5.456505e+05 5.455756e+05 5.452762e+05 5.445925e+05 5.292260e+05 4.867293e+05 4.292492e+05 3.761941e+05 3.357473e+05 3.073403e+05 2.746603e+05 2.591574e+05 2.514446e+05 2.475413e+05 2.458057e+05 2.455770e+05 2.792760e+05 2.951594e+05 2.907889e+05 2.775912e+05
5.762072e+05 5.762072e+05 5.762072e+05 5.762073e+05 5.762074e+05 5.762114e+05 5.762239e+05 5.762727e+05 5.763080e+05 5.763497e+05 5.764500e+05 5.765681e+05 5.766893e+05 5.767717e+05 5.767300e+05 5.764303e+05 5.756981e+05 5.588719e+05 5.124642e+05 4.497738e+05 3.918430e+05 3.475507e+05 3.163031e+05 2.800203e+05 2.624706e+05 2.534743e+05 2.486887e+05 2.463099e+05 2.456089e+05 2.793546e+05 2.949222e+05 2.899185e+05 2.765989e+05
6.086204e+05 6.086204e+05 6.086204e+05 6.086205e+05 6.086205e+05 6.086217e+05 6.086256e+05 6.086417e+05 6.086538e+05 6.086686e+05 6.087066e+05 6.087552e+05 6.088033e+05 6.088089e+05 6.086810e+05 6.082751e+05 6.074023e+05 5.888298e+05 5.383839e+05 4.703999e+05 4.075202e+05 3.593176e+05 3.251756e+05 2.852137e+05 2.655776e+05 2.552874e+05 2.496299e+05 2.466289e+05 2.454770e+05 2.792222e+05 2.946355e+05 2.890022e+05 2.755674e+05
6.398005e+05 6.398005e+05 6.398005e+05 6.398006e+05 6.398007e+05 6.398041e+05 6.398146e+05 6.398560e+05 6.398861e+05 6.399218e+05 6.400083e+05 6.401102e+05 6.402113e+05 6.402626e+05 6.401631e+05 6.397548e+05 6.388333e+05 6.188083e+05 5.644177e+05 4.911290e+05 4.232502e+05 3.710811e+05 3.339947e+05 2.902810e+05 2.685175e+05 2.569184e+05 2.503934e+05 2.467857e+05 2.452013e+05 2.788831e+05 2.942840e+05 2.880442e+05 2.744978e+05
6.721849e+05 6.721849e+05 6.721849e+05 6.721850e+05 6.721850e+05 6.721866e+05 6.721913e+05 6.722104e+05 6.722248e+05 6.722428e+05 6.722906e+05 6.723534e+05 6.724170e+05 6.724303e+05 6.722845e+05 6.718094e+05 6.707844e+05 6.491350e+05 5.907002e+05 5.120211e+05 4.390668e+05 3.828682e+05 3.427872e+05 2.952521e+05 2.713218e+05 2.583970e+05 2.510050e+05 2.468019e+05 2.447998e+05 2.783451e+05 2.938549e+05 2.870497e+05 2.733915e+05
7.046625e+05 7.046625e+05 7.046625e+05 7.046625e+05 7.046626e+05 7.046651e+05 7.046728e+05 7.047029e+05 7.047248e+05 7.047511e+05 7.048164e+05 7.048954e+05 7.049706e+05 7.049854e+05 7.048224e+05 7.042987e+05 7.031789e+05 6.798490e+05 6.172513e+05 5.330744e+05 4.549642e+05 3.946776e+05 3.515586e+05 3.001432e+05 2.740124e+05 2.597466e+05 2.514866e+05 2.466966e+05 2.442891e+05 2.776193e+05 2.933371e+05 2.860255e+05 2.722499e+05
7.376997e+05 7.376997e+05 7.376997e+05 7.376998e+05 7.376998e+05 7.377013e+05 7.377058e+05 7.377232e+05 7.377361e+05 7.377517e+05 7.377911e+05 7.378391e+05 7.378782e+05 7.378491e+05 7.376273e+05 7.370184e+05 7.357722e+05 7.106658e+05 6.438648e+05 5.541634e+05 4.708712e+05 4.064706e+05 3.602898e+05 3.049569e+05 2.766021e+05 2.609846e+05 2.518564e+05 2.464867e+05 2.436842e+05 2.767183e+05 2.927218e+05 2.849813e+05 2.710748e+05
7.698183e+05 7.698183e+05 7.698183e+05 7.698183e+05 7.698184e+05 7.698206e+05 7.698275e+05 7.698529e+05 7.698709e+05 7.698923e+05 7.699448e+05 7.700073e+05 7.700602e+05 7.700391e+05 7.698105e+05 7.691672e+05 7.678430e+05 7.411621e+05 6.702931e+05 5.751429e+05 4.867013e+05 4.181950e+05 3.689497e+05 3.096854e+05 2.790960e+05 2.621229e+05 2.521290e+05 2.461867e+05 2.429982e+05 2.756561e+05 2.920015e+05 2.839280e+05 2.698683e+05
8.019130e+05 8.019130e+05 8.019130e+05 8.019130e+05 8.019131e+05 8.019144e+05 8.019183e+05 8.019344e+05 8.019468e+05 8.019624e+05 8.020032e+05 8.020543e+05 8.020955e+05 8.020587e+05 8.018024e+05 8.011069e+05 7.996908e+05 7.714161e+05 6.965142e+05 5.959604e+05 5.024014e+05 4.298072e+05 3.775057e+05 3.143157e+05 2.814941e+05 2.631692e+05 2.523157e+05 2.458089e+05 2.422429e+05 2.744467e+05 2.911708e+05 2.828561e+05 2.686328e+05
8.337449e+05 8.337449e+05 8.337449e+05 8.337449e+05 8.337450e+05 8.337467e+05 8.337521e+05 8.337734e+05 8.337891e+05 8.338080e+05 8.338550e+05 8.339104e+05 8.339521e+05 8.339078e+05 8.336278e+05 8.328804e+05 8.313697e+05 8.014701e+05 7.225215e+05 6.165776e+05 5.179247e+05 4.412641e+05 3.859236e+05 3.188314e+05 2.837934e+05 2.641287e+05 2.524262e+05 2.453642e+05 2.414287e+05 2.731040e+05 2.902260e+05 2.817568e+05 2.673708e+05
8.654152e+05 8.654152e+05 8.654152e+05 8.654153e+05 8.654153e+05 8.654162e+05 8.654191e+05 8.654306e+05 8.654393e+05 8.654502e+05 8.654784e+05 8.655129e+05 8.655313e+05 8.654581e+05 8.651361e+05 8.643218e+05 8.627044e+05 8.311576e+05 7.481853e+05 6.368967e+05 5.331975e+05 4.525112e+05 3.941637e+05 3.232147e+05 2.859897e+05 2.650057e+05 2.524685e+05 2.448623e+05 2.405654e+05 2.716414e+05 2.891650e+05 2.806240e+05 2.660854e+05
8.961680e+05 8.961680e+05 8.961680e+05 8.961680e+05 8.961680e+05 8.961695e+05 8.961739e+05 8.961913e+05 8.962042e+05 8.962196e+05 8.962578e+05 8.963017e+05 8.963266e+05 8.962523e+05 8.959133e+05 8.950543e+05 8.933500e+05 8.602359e+05 7.733257e+05 6.567883e+05 5.481298e+05 4.634866e+05 4.021845e+05 3.274486e+05 2.880797e+05 2.658038e+05 2.524504e+05 2.443120e+05 2.396615e+05 2.700715e+05 2.879873e+05 2.794528e+05 2.647800e+05
9.264196e+05 9.264196e+05 9.264196e+05 9.264196e+05 9.264197e+05 9.264202e+05 9.264219e+05 9.264286e+05 9.264338e+05 9.264403e+05 9.264579e+05 9.264784e+05 9.264773e+05 9.263716e+05 9.259887e+05 9.250623e+05 9.232527e+05 8.885533e+05 7.977895e+05 6.761325e+05 5.626372e+05 4.741341e+05 4.099494e+05 3.315202e+05 2.900619e+05 2.665278e+05 2.523791e+05 2.437216e+05 2.387251e+05 2.684059e+05 2.866939e+05 2.782393e+05 2.634588e+05
9.552943e+05 9.552943e+05 9.552943e+05 9.552943e+05 9.552943e+05 9.552955e+05 9.552990e+05 9.553128e+05 9.553228e+05 9.553346e+05 9.553634e+05 9.553948e+05 9.554022e+05 9.552983e+05 9.549027e+05 9.539378e+05 9.520501e+05 9.158933e+05 8.214319e+05 6.948300e+05 5.766537e+05 4.844111e+05 4.174323e+05 3.354219e+05 2.919375e+05 2.671829e+05 2.522617e+05 2.430985e+05 2.377630e+05 2.666549e+05 2.852874e+05 2.769801e+05 2.621271e+05
9.833399e+05 9.833399e+05 9.833399e+05 9.833399e+05 9.833399e+05 9.833403e+05 9.833414e+05 9.833467e+05 9.833511e+05 9.833568e+05 9.833720e+05 9.833887e+05 9.833794e+05 9.832539e+05 9.828250e+05 9.818043e+05 9.798255e+05 9.422208e+05 8.441900e+05 7.128269e+05 5.901414e+05 4.942938e+05 4.246192e+05 3.391515e+05 2.937099e+05 2.677750e+05 2.521050e+05 2.424493e+05 2.367815e+05 2.648282e+05 2.837711e+05 2.756726e+05 2.607920e+05
1.010052e+06 1.010052e+06 1.010052e+06 1.010052e+06 1.010052e+06 1.010053e+06 1.010055e+06 1.010062e+06 1.010068e+06 1.010075e+06 1.010092e+06 1.010109e+06 1.010099e+06 1.009967e+06 1.009519e+06 1.008458e+06 1.006403e+06 9.674550e+05 8.660250e+05 7.301018e+05 6.030878e+05 5.037750e+05 4.315074e+05 3.427113e+05 2.953837e+05 2.683096e+05 2.519144e+05 2.417793e+05 2.357853e+05 2.629342e+05 2.821497e+05 2.743147e+05 2.594515e+05
1.035573e+06 1.035573e+06 1.035573e+06 1.035573e+06 1.035573e+06 1.035574e+06 1.035577e+06 1.035587e+06 1.035595e+06 1.035604e+06 1.035627e+06 1.035651e+06 1.035647e+06 1.035518e+06 1.035063e+06 1.033972e+06 1.031855e+06 9.916559e+05 8.869761e+05 7.466750e+05 6.155018e+05 5.128593e+05 4.380998e+05 3.461048e+05 2.969630e+05 2.687910e+05 2.516944e+05 2.410925e+05 2.347778e+05 2.609804e+05 2.804287e+05 2.729050e+05 2.581006e+05
1.060419e+06 1.060419e+06 1.060419e+06 1.060419e+06 1.060419e+06 1.060420e+06 1.060422e+06 1.060430e+06 1.060436e+06 1.060442e+06 1.060459e+06 1.060475e+06 1.060459e+06 1.060313e+06 1.059827e+06 1.058686e+06 1.056485e+06 1.014975e+06 9.071040e+05 7.625664e+05 6.273890e+05 5.215479e+05 4.443971e+05 3.493336e+05 2.984502e+05 2.692216e+05 2.514470e+05 2.403909e+05 2.337610e+05 2.589736e+05 2.786139e+05 2.714424e+05 2.567365e+05
1.084181e+06 1.084181e+06 1.084181e+06 1.084181e+06 1.084181e+06 1.084182e+06 1.084182e+06 1.084184e+06 1.084186e+06 1.084187e+06 1.084192e+06 1.084193e+06 1.084161e+06 1.083993e+06 1.083476e+06 1.082283e+06 1.080000e+06 1.037236e+06 9.263156e+05 7.777290e+05 6.387250e+05 5.298275e+05 4.503918e+05 3.523948e+05 2.998440e+05 2.696009e+05 2.511722e+05 2.396747e+05 2.327351e+05 2.569197e+05 2.767119e+05 2.699265e+05 2.553570e+05
1.106351e+06 1.106351e+06 1.106351e+06 1.106351e+06 1.106351e+06 1.106352e+06 1.106353e+06 1.106360e+06 1.106365e+06 1.106371e+06 1.106386e+06 1.106399e+06 1.106379e+06 1.106218e+06 1.105697e+06 1.104482e+06 1.102146e+06 1.058286e+06 9.445201e+05 7.921085e+05 6.494765e+05 5.376769e+05 4.560695e+05 3.552813e+05 3.011402e+05 2.699260e+05 2.508677e+05 2.389421e+05 2.316991e+05 2.548240e+05 2.747296e+05 2.683573e+05 2.539603e+05
1.127606e+06 1.127606e+06 1.127606e+06 1.127606e+06 1.127606e+06 1.127606e+06 1.127607e+06 1.127608e+06 1.127610e+06 1.127612e+06 1.127617e+06 1.127619e+06 1.127586e+06 1.127408e+06 1.126862e+06 1.125603e+06 1.123196e+06 1.078222e+06 9.617250e+05 8.056826e+05 6.596175e+05 5.450740e+05 4.614131e+05 3.579821e+05 3.023309e+05 2.701909e+05 2.505290e+05 2.381896e+05 2.306503e+05 2.526911e+05 2.726738e+05 2.667355e+05 2.525452e+05
1.147573e+06 1.147573e+06 1.147573e+06 1.147573e+06 1.147573e+06 1.147573e+06 1.147573e+06 1.147574e+06 1.147574e+06 1.147575e+06 1.147575e+06 1.147570e+06 1.147527e+06 1.147333e+06 1.146761e+06 1.145458e+06 1.142981e+06 1.096934e+06 9.778560e+05 8.184001e+05 6.691119e+05 5.519922e+05 4.664020e+05 3.604836e+05 3.034062e+05 2.703878e+05 2.501499e+05 2.374125e+05 2.295851e+05 2.505254e+05 2.705517e+05 2.650620e+05 2.511104e+05
1.165922e+06 1.165922e+06 1.165922e+06 1.165922e+06 1.165922e+06 1.165922e+06 1.165922e+06 1.165921e+06 1.165920e+06 1.165919e+06 1.165917e+06 1.165909e+06 1.165861e+06 1.165661e+06 1.165074e+06 1.163742e+06 1.161211e+06 1.114232e+06 9.928041e+05 8.301993e+05 6.779215e+05 5.584048e+05 4.710152e+05 3.627708e+05 3.043544e+05 2.705074e+05 2.497230e+05 2.366049e+05 2.284991e+05 2.483307e+05 2.683701e+05 2.633382e+05 2.496552e+05
1.182684e+06 1.182684e+06 1.182684e+06 1.182684e+06 1.182684e+06 1.182685e+06 1.182685e+06 1.182688e+06 1.182690e+06 1.182692e+06 1.182698e+06 1.182699e+06 1.182661e+06 1.182467e+06 1.181879e+06 1.180531e+06 1.177961e+06 1.130161e+06 1.006580e+06 8.410713e+05 6.860293e+05 5.642928e+05 4.752347e+05 3.648285e+05 3.051633e+05 2.705399e+05 2.492403e+05 2.357605e+05 2.273873e+05 2.461103e+05 2.661359e+05 2.615660e+05 2.481789e+05
1.198422e+06 1.198422e+06 1.198422e+06 1.198422e+06 1.198422e+06 1.198421e+06 1.198421e+06 1.198418e+06 1.198416e+06 1.198414e+06 1.198409e+06 1.198398e+06 1.198346e+06 1.198135e+06 1.197522e+06 1.196136e+06 1.193509e+06 1.144855e+06 1.019233e+06 8.510224e+05 6.934249e+05 5.696407e+05 4.790439e+05 3.666424e+05 3.058210e+05 2.704757e+05 2.486940e+05 2.348730e+05 2.262450e+05 2.438675e+05 2.638557e+05 2.597475e+05 2.466811e+05
1.212662e+06 1.212662e+06 1.212662e+06 1.212662e+06 1.212662e+06 1.212662e+06 1.212661e+06 1.212657e+06 1.212655e+06 1.212651e+06 1.212643e+06 1.212626e+06 1.212566e+06 1.212343e+06 1.211710e+06 1.210291e+06 1.207611e+06 1.158174e+06 1.030685e+06 8.600088e+05 7.000804e+05 5.744279e+05 4.824264e+05 3.681999e+05 3.063171e+05 2.703059e+05 2.480768e+05 2.339365e+05 2.250674e+05 2.416053e+05 2.615357e+05 2.578850e+05 2.451615e+05
1.225161e+06 1.225161e+06 1.225161e+06 1.225161e+06 1.225161e+06 1.225161e+06 1.225160e+06 1.225156e+06 1.225154e+06 1.225150e+06 1.225141e+06 1.225125e+06 1.225064e+06 1.224837e+06 1.224196e+06 1.222759e+06 1.220044e+06 1.169969e+06 1.040852e+06 8.679861e+05 7.059703e+05 5.786374e+05 4.853688e+05 3.694906e+05 3.066430e+05 2.700232e+05 2.473824e+05 2.329458e+05 2.238504e+05 2.393265e+05 2.591821e+05 2.559813e+05 2.436200e+05
1.236043e+06 1.236043e+06 1.236043e+06 1.236043e+06 1.236043e+06 1.236043e+06 1.236043e+06 1.236043e+06 1.236042e+06 1.236042e+06 1.236040e+06 1.236031e+06 1.235979e+06 1.235759e+06 1.235121e+06 1.233676e+06 1.230938e+06 1.180329e+06 1.049779e+06 8.749681e+05 7.110947e+05 5.822642e+05 4.878645e+05 3.705080e+05 3.067924e+05 2.696218e+05 2.466059e+05 2.318966e+05 2.225907e+05 2.370337e+05 2.568004e+05 2.540393e+05 2.420569e+05
1.245818e+06 1.245818e+06 1.245818e+06 1.245818e+06 1.245818e+06 1.245818e+06 1.245818e+06 1.245818e+06 1.245817e+06 1.245816e+06 1.245811e+06 1.245798e+06 1.245738e+06 1.245508e+06 1.244852e+06 1.243380e+06 1.240601e+06 1.189413e+06 1.057528e+06 8.809733e+05 7.154558e+05 5.853059e+05 4.899101e+05 3.712484e+05 3.067617e+05 2.690982e+05 2.457436e+05 2.307858e+05 2.212854e+05 2.347293e+05 2.543960e+05 2.520620e+05 2.404724e+05
1.254231e+06 1.254231e+06 1.254231e+06 1.254231e+06 1.254231e+06 1.254231e+06 1.254228e+06 1.254218e+06 1.254210e+06 1.254200e+06 1.254176e+06 1.254139e+06 1.254053e+06 1.253794e+06 1.253104e+06 1.251592e+06 1.248762e+06 1.197029e+06 1.063993e+06 8.859534e+05 7.190354e+05 5.877569e+05 4.915048e+05 3.717120e+05 3.065500e+05 2.684505e+05 2.447935e+05 2.296112e+05 2.199329e+05 2.324159e+05 2.519738e+05 2.500525e+05 2.388668e+05
1.260246e+06 1.260246e+06 1.260246e+06 1.260246e+06 1.260246e+06 1.260246e+06 1.260246e+06 1.260244e+06 1.260242e+06 1.260240e+06 1.260232e+06 1.260215e+06 1.260151e+06 1.259913e+06 1.259242e+06 1.257743e+06 1.254916e+06 1.202935e+06 1.069085e+06 8.898909e+05 7.218403e+05 5.896292e+05 4.926592e+05 3.719043e+05 3.061593e+05 2.676790e+05 2.437549e+05 2.283719e+05 2.185321e+05 2.300957e+05 2.495385e+05 2.480141e+05 2.372410e+05
1.264966e+06 1.264966e+06 1.264966e+06 1.264966e+06 1.264966e+06 1.264966e+06 1.264966e+06 1.264964e+06 1.264963e+06 1.264962e+06 1.264958e+06 1.264948e+06 1.264892e+06 1.264664e+06 1.264004e+06 1.262512e+06 1.259687e+06 1.207521e+06 1.073038e+06 8.929192e+05 7.239466e+05 5.909672e+05 4.934001e+05 3.718361e+05 3.055942e+05 2.667855e+05 2.426283e+05 2.270679e+05 2.170829e+05 2.277710e+05 2.470943e+05 2.459500e+05 2.355954e+05
1.268939e+06 1.268939e+06 1.268939e+06 1.268939e+06 1.268939e+06 1.268939e+06 1.268939e+06 1.268937e+06 1.268936e+06 1.268934e+06 1.268930e+06 1.268918e+06 1.268861e+06 1.268631e+06 1.267966e+06 1.266466e+06 1.263625e+06 1.211212e+06 1.076126e+06 8.951975e+05 7.254436e+05 5.918218e+05 4.937578e+05 3.715197e+05 3.048606e+05 2.657730e+05 2.414154e+05 2.256999e+05 2.155858e+05 2.254440e+05 2.446451e+05 2.438636e+05 2.339311e+05
1.272171e+06 1.272171e+06 1.272171e+06 1.272171e+06 1.272171e+06 1.272171e+06 1.272171e+06 1.272167e+06 1.272164e+06 1.272160e+06 1.272150e+06 1.272129e+06 1.272061e+06 1.271817e+06 1.271133e+06 1.269610e+06 1.266740e+06 1.214033e+06 1.078382e+06 8.967598e+05 7.263596e+05 5.922151e+05 4.937493e+05 3.709650e+05 3.039642e+05 2.646451e+05 2.401182e+05 2.242694e+05 2.140418e+05 2.231167e+05 2.421944e+05 2.417580e+05 2.322491e+05
1.274179e+06 1.274179e+06 1.274179e+06 1.274179e+06 1.274179e+06 1.274178e+06 1.274176e+06 1.274167e+06 1.274160e+06 1.274152e+06 1.274130e+06 1.274097e+06 1.274014e+06 1.273753e+06 1.273052e+06 1.271507e+06 1.268612e+06 1.215693e+06 1.079649e+06 8.975363e+05 7.266717e+05 5.921449e+05 4.933798e+05 3.701796e+05 3.029111e+05 2.634059e+05 2.387399e+05 2.227786e+05 2.124526e+05 2.207912e+05 2.397457e+05 2.396364e+05 2.305503e+05
1.274368e+06 1.274368e+06 1.274368e+06 1.274368e+06 1.274368e+06 1.274368e+06 1.274367e+06 1.274365e+06 1.274364e+06 1.274361e+06 1.274354e+06 1.274337e+06 1.274273e+06 1.274031e+06 1.273349e+06 1.271823e+06 1.268944e+06 1.216034e+06 1.079854e+06 8.975017e+05 7.263763e+05 5.916162e+05 4.926578e+05 3.691717e+05 3.017075e+05 2.620601e+05 2.372837e+05 2.212300e+05 2.108203e+05 2.184694e+05 2.373017e+05 2.375020e+05 2.288360e+05
1.273664e+06 1.273664e+06 1.273664e+06 1.273664e+06 1.273664e+06 1.273664e+06 1.273664e+06 1.273662e+06 1.273660e+06 1.273659e+06 1.273653e+06 1.273641e+06 1.273581e+06 1.273345e+06 1.272670e+06 1.271150e+06 1.268276e+06 1.215379e+06 1.079168e+06 8.967428e+05 7.255197e+05 5.906570e+05 4.916019e+05 3.679524e+05 3.003611e+05 2.606132e+05 2.357539e+05 2.196268e+05 2.091472e+05 2.161532e+05 2.348654e+05 2.353577e+05 2.271075e+05
1.272365e+06 1.272365e+06 1.272365e+06 1.272365e+06 1.272365e+06 1.272364e+06 1.272362e+06 1.272356e+06 1.272350e+06 1.272344e+06 1.272328e+06 1.272302e+06 1.272228e+06 1.271978e+06 1.271286e+06 1.269750e+06 1.266862e+06 1.213913e+06 1.077716e+06 8.953376e+05 7.241508e+05 5.892991e+05 4.902346e+05 3.665343e+05 2.988801e+05 2.590712e+05 2.341547e+05 2.179724e+05 2.074362e+05 2.138445e+05 2.324389e+05 2.332064e+05 2.253660e+05
1.269885e+06 1.269885e+06 1.269885e+06 1.269885e+06 1.269885e+06 1.269885e+06 1.269883e+06 1.269876e+06 1.269871e+06 1.269865e+06 1.269849e+06 1.269823e+06 1.269750e+06 1.269500e+06 1.268810e+06 1.267276e+06 1.264391e+06 1.211505e+06 1.075470e+06 8.933020e+05 7.222957e+05 5.875672e+05 4.885759e+05 3.649307e+05 2.972736e+05 2.574404e+05 2.324910e+05 2.162704e+05 2.056902e+05 2.115449e+05 2.300247e+05 2.310509e+05 2.236130e+05
1.266320e+06 1.266320e+06 1.266320e+06 1.266320e+06 1.266320e+06 1.266320e+06 1.266319e+06 1.266317e+06 1.266315e+06 1.266313e+06 1.266307e+06 1.266293e+06 1.266232e+06 1.265996e+06 1.265321e+06 1.263804e+06 1.260938e+06 1.208212e+06 1.072480e+06 8.906770e+05 7.199871e+05 5.854870e+05 4.866464e+05 3.631547e+05 2.955507e+05 2.557275e+05 2.307679e+05 2.145249e+05 2.039125e+05 2.092561e+05 2.276245e+05 2.288938e+05 2.218499e+05
1.262269e+06 1.262269e+06 1.262269e+06 1.262269e+06 1.262269e+06 1.262269e+06 1.262268e+06 1.262265e+06 1.262263e+06 1.262260e+06 1.262252e+06 1.262235e+06 1.262171e+06 1.261931e+06 1.261253e+06 1.259735e+06 1.256872e+06 1.204259e+06 1.068869e+06 8.875303e+05 7.172660e+05 5.830861e+05 4.844666e+05 3.612194e+05 2.937203e+05 2.539391e+05 2.289904e+05 2.127399e+05 2.021063e+05 2.069796e+05 2.252403e+05 2.267375e+05 2.200781e+05
1.257580e+06 1.257580e+06 1.257580e+06 1.257580e+06 1.257580e+06 1.257579e+06 1.257578e+06 1.257571e+06 1.257566e+06 1.257560e+06 1.257544e+06 1.257519e+06 1.257445e+06 1.257195e+06 1.256508e+06 1.254983e+06 1.252116e+06 1.199623e+06 1.064646e+06 8.838845e+05 7.141568e+05 5.803867e+05 4.820549e+05 3.591375e+05 2.917917e+05 2.520819e+05 2.271636e+05 2.109194e+05 2.002750e+05 2.047169e+05 2.228735e+05 2.245844e+05 2.182991e+05
1.251838e+06 1.251838e+06 1.251838e+06 1.251838e+06 1.251838e+06 1.251837e+06 1.251836e+06 1.251830e+06 1.251826e+06 1.251821e+06 1.251808e+06 1.251788e+06 1.251720e+06 1.251478e+06 1.250802e+06 1.249291e+06 1.246444e+06 1.194200e+06 1.059789e+06 8.797530e+05 7.106824e+05 5.774112e+05 4.794309e+05 3.569225e+05 2.897741e+05 2.501629e+05 2.252929e+05 2.090677e+05 1.984219e+05 2.024694e+05 2.205256e+05 2.224366e+05 2.165143e+05
1.245399e+06 1.245399e+06 1.245399e+06 1.245399e+06 1.245399e+06 1.245399e+06 1.245399e+06 1.245397e+06 1.245396e+06 1.245395e+06 1.245391e+06 1.245380e+06 1.245323e+06 1.245095e+06 1.244434e+06 1.242944e+06 1.240123e+06 1.188178e+06 1.054419e+06 8.752115e+05 7.068917e+05 5.741927e+05 4.766182e+05 3.545882e+05 2.876769e+05 2.481888e+05 2.233835e+05 2.071889e+05 1.965505e+05 2.002383e+05 2.181977e+05 2.202962e+05 2.147253e+05
1.238803e+06 1.238803e+06 1.238803e+06 1.238803e+06 1.238803e+06 1.238803e+06 1.238802e+06 1.238800e+06 1.238798e+06 1.238796e+06 1.238790e+06 1.238775e+06 1.238715e+06 1.238482e+06 1.237819e+06 1.236330e+06 1.233518e+06 1.181801e+06 1.048684e+06 8.703465e+05 7.028370e+05 5.707654e+05 4.736409e+05 3.521487e+05 2.855095e+05 2.461664e+05 2.214405e+05 2.052870e+05 1.946641e+05 1.980248e+05 2.158910e+05 2.181649e+05 2.129334e+05
1.231836e+06 1.231836e+06 1.231836e+06 1.231836e+06 1.231836e+06 1.231836e+06 1.231834e+06 1.231829e+06 1.231826e+06 1.231821e+06 1.231809e+06 1.231788e+06 1.231720e+06 1.231481e+06 1.230812e+06 1.229321e+06 1.226514e+06 1.175025e+06 1.042586e+06 8.651799e+05 6.985439e+05 5.671523e+05 4.705182e+05 3.496170e+05 2.832810e+05 2.441024e+05 2.194690e+05 2.033662e+05 1.927661e+05 1.958301e+05 2.136065e+05 2.160445e+05 2.111402e+05
1.224171e+06 1.224171e+06 1.224171e+06 1.224170e+06 1.224170e+06 1.224170e+06 1.224169e+06 1.224164e+06 1.224161e+06 1.224157e+06 1.224147e+06 1.224129e+06 1.224065e+06 1.223832e+06 1.223172e+06 1.221696e+06 1.218910e+06 1.167746e+06 1.036092e+06 8.597147e+05 6.940283e+05 5.633718e+05 4.672670e+05 3.470054e+05 2.810001e+05 2.420033e+05 2.174741e+05 2.014305e+05 1.908597e+05 1.936551e+05 2.113448e+05 2.139366e+05 2.093469e+05
1.216046e+06 1.216046e+06 1.216046e+06 1.216046e+06 1.216046e+06 1.216045e+06 1.216045e+06 1.216044e+06 1.216043e+06 1.216041e+06 1.216038e+06 1.216028e+06 1.215973e+06 1.215751e+06 1.215105e+06 1.213648e+06 1.210891e+06 1.160091e+06 1.029284e+06 8.540034e+05 6.893258e+05 5.594492e+05 4.639066e+05 3.443260e+05 2.786753e+05 2.398754e+05 2.154607e+05 1.994837e+05 1.889480e+05 1.915008e+05 2.091068e+05 2.118425e+05 2.075550e+05
1.207871e+06 1.207871e+06 1.207871e+06 1.207871e+06 1.207871e+06 1.207871e+06 1.207871e+06 1.207869e+06 1.207868e+06 1.207867e+06 1.207862e+06 1.207851e+06 1.207795e+06 1.207572e+06 1.206929e+06 1.205479e+06 1.202736e+06 1.152253e+06 1.022279e+06 8.481160e+05 6.844787e+05 5.554124e+05 4.604565e+05 3.415906e+05 2.763147e+05 2.377246e+05 2.134333e+05 1.975295e+05 1.870343e+05 1.893681e+05 2.068930e+05 2.097637e+05 2.057658e+05
1.199559e+06 1.199559e+06 1.199559e+06 1.199559e+06 1.199559e+06 1.199559e+06 1.199558e+06 1.199555e+06 1.199552e+06 1.199549e+06 1.199541e+06 1.199526e+06 1.199465e+06 1.199238e+06 1.198593e+06 1.197146e+06 1.194416e+06 1.144235e+06 1.015102e+06 8.420786e+05 6.795108e+05 5.512808e+05 4.569326e+05 3.388098e+05 2.739258e+05 2.355565e+05 2.113964e+05 1.955716e+05 1.851213e+05 1.872576e+05 2.047039e+05 2.077011e+05 2.039804e+05
1.190897e+06 1.190897e+06 1.190897e+06 1.190897e+06 1.190897e+06 1.190896e+06 1.190895e+06 1.190892e+06 1.190890e+06 1.190886e+06 1.190878e+06 1.190863e+06 1.190804e+06 1.190579e+06 1.189939e+06 1.188504e+06 1.185793e+06 1.135964e+06 1.007725e+06 8.358927e+05 6.744332e+05 5.470677e+05 4.533471e+05 3.359927e+05 2.715153e+05 2.333764e+05 2.093541e+05 1.936133e+05 1.832118e+05 1.851701e+05 2.025401e+05 2.056559e+05 2.022003e+05
1.181939e+06 1.181939e+06 1.181939e+06 1.181939e+06 1.181939e+06 1.181939e+06 1.181939e+06 1.181938e+06 1.181937e+06 1.181936e+06 1.181933e+06 1.181923e+06 1.181871e+06 1.181654e+06 1.181026e+06 1.179608e+06 1.176924e+06 1.127485e+06 1.000185e+06 8.295838e+05 6.692656e+05 5.427883e+05 4.497123e+05 3.331477e+05 2.690895e+05 2.311889e+05 2.073101e+05 1.916575e+05 1.813084e+05 1.831061e+05 2.004017e+05 2.036290e+05 2.004264e+05
1.172974e+06 1.172974e+06 1.172974e+06 1.172974e+06 1.172974e+06 1.172974e+06 1.172974e+06 1.172973e+06 1.172972e+06 1.172971e+06 1.172967e+06 1.172958e+06 1.172906e+06 1.172692e+06 1.172069e+06 1.170662e+06 1.167998e+06 1.118923e+06 9.925554e+05 8.231958e+05 6.640339e+05 5.384597e+05 4.460404e+05 3.302823e+05 2.666537e+05 2.289984e+05 2.052679e+05 1.897072e+05 1.794135e+05 1.810663e+05 1.982891e+05 2.016212e+05 1.986600e+05
1.164017e+06 1.164017e+06 1.164017e+06 1.164017e+06 1.164017e+06 1.164017e+06 1.164016e+06 1.164014e+06 1.164012e+06 1.164010e+06 1.164004e+06 1.163991e+06 1.163935e+06 1.163718e+06 1.163096e+06 1.161694e+06 1.159045e+06 1.110311e+06 9.848642e+05 8.167486e+05 6.587532e+05 5.340932e+05 4.423404e+05 3.274031e+05 2.642128e+05 2.268087e+05 2.032305e+05 1.877650e+05 1.775291e+05 1.790510e+05 1.962026e+05 1.996332e+05 1.969020e+05
1.154902e+06 1.154902e+06 1.154902e+06 1.154902e+06 1.154902e+06 1.154902e+06 1.154902e+06 1.154899e+06 1.154897e+06 1.154895e+06 1.154888e+06 1.154875e+06 1.154819e+06 1.154603e+06 1.153983e+06 1.152591e+06 1.149960e+06 1.101586e+06 9.770838e+05 8.102357e+05 6.534262e+05 5.296947e+05 4.386188e+05 3.245154e+05 2.617711e+05 2.246231e+05 2.012009e+05 1.858331e+05 1.756573e+05 1.770606e+05 1.941422e+05 1.976657e+05 1.951534e+05
1.145585e+06 1.145585e+06 1.145585e+06 1.145585e+06 1.145585e+06 1.145585e+06 1.145585e+06 1.145583e+06 1.145582e+06 1.145581e+06 1.145577e+06 1.145566e+06 1.145514e+06 1.145303e+06 1.144692e+06 1.143315e+06 1.140709e+06 1.092732e+06 9.692121e+05 8.036625e+05 6.480605e+05 5.252719e+05 4.348824e+05 3.216242e+05 2.593325e+05 2.224447e+05 1.991813e+05 1.839135e+05 1.737997e+05 1.750956e+05 1.921080e+05 1.957191e+05 1.934151e+05
1.136227e+06 1.136227e+06 1.136227e+06 1.136227e+06 1.136227e+06 1.136227e+06 1.136227e+06 1.136226e+06 1.136226e+06 1.136225e+06 1.136223e+06 1.136214e+06 1.136165e+06 1.135959e+06 1.135357e+06 1.133994e+06 1.131413e+06 1.083834e+06 9.613034e+05 7.970615e+05 6.426758e+05 5.208374e+05 4.311399e+05 3.187347e+05 2.569004e+05 2.202761e+05 1.971740e+05 1.820081e+05 1.719579e+05 1.731560e+05 1.901002e+05 1.937940e+05 1.916881e+05
1.126961e+06 1.126961e+06 1.126961e+06 1.126961e+06 1.126961e+06 1.126961e+06 1.126961e+06 1.126960e+06 1.126960e+06 1.126959e+06 1.126956e+06 1.126948e+06 1.126898e+06 1.126693e+06 1.126094e+06 1.124742e+06 1.122180e+06 1.074973e+06 9.534102e+05 7.904645e+05 6.372913e+05 5.164031e+05 4.273993e+05 3.158512e+05 2.544777e+05 2.181196e+05 1.951808e+05 1.801184e+05 1.701331e+05 1.712423e+05 1.881187e+05 1.918907e+05 1.899730e+05
