1.285245e+06 6.914089e+05 5.711541e+05 4.027495e+05 3.408995e+05 2.080179e+05 1.667450e+05 1.341798e+05 1.254360e+05 1.189375e+05 1.099111e+05 1.039932e+05 9.989841e+04 9.698062e+04 9.487124e+04 9.333885e+04 9.222654e+04 8.982018e+04 8.842436e+04 8.564684e+04 8.126301e+04 7.598406e+04 7.065674e+04 6.181765e+04 5.602561e+04 5.261251e+04 5.081835e+04 5.015548e+04 5.034847e+04 8.634093e+04 1.778685e+05 2.935256e+05 3.996092e+05
1.529529e+05 1.529529e+05 1.529529e+05 1.529404e+05 1.528588e+05 1.486799e+05 1.403837e+05 1.237296e+05 1.180365e+05 1.133928e+05 1.064397e+05 1.016171e+05 9.818270e+04 9.569890e+04 9.389242e+04 9.258080e+04 9.163453e+04 8.964682e+04 8.838199e+04 8.564047e+04 8.126298e+04 7.598442e+04 7.065827e+04 6.182495e+04 5.603896e+04 5.263065e+04 5.084065e+04 5.018204e+04 5.037980e+04 8.645620e+04 1.780933e+05 2.938149e+05 3.999038e+05
1.227987e+05 1.227987e+05 1.227987e+05 1.227986e+05 1.227923e+05 1.219032e+05 1.196744e+05 1.137129e+05 1.099071e+05 1.068923e+05 1.023142e+05 9.883861e+04 9.621418e+04 9.425391e+04 9.280604e+04 9.175113e+04 9.099475e+04 8.946912e+04 8.834056e+04 8.563423e+04 8.126213e+04 7.598367e+04 7.065881e+04 6.183180e+04 5.605224e+04 5.264893e+04 5.086323e+04 5.020899e+04 5.041161e+04 8.657267e+04 1.783196e+05 2.941055e+05 4.001995e+05
1.087524e+05 1.087524e+05 1.087524e+05 1.087530e+05 1.087533e+05 1.085544e+05 1.073762e+05 1.056211e+05 1.040684e+05 1.020341e+05 9.839298e+04 9.594552e+04 9.411721e+04 9.270895e+04 9.164828e+04 9.087233e+04 9.032207e+04 8.928997e+04 8.830056e+04 8.562798e+04 8.126024e+04 7.598163e+04 7.065824e+04 6.183814e+04 5.606542e+04 5.266735e+04 5.088609e+04 5.023633e+04 5.044390e+04 8.669034e+04 1.785475e+05 2.943976e+05 4.004963e+05
1.005910e+05 1.005910e+05 1.005910e+05 1.005917e+05 1.005929e+05 1.005469e+05 1.000697e+05 9.881555e+04 9.853545e+04 9.790289e+04 9.569789e+04 9.357436e+04 9.213588e+04 9.117554e+04 9.047676e+04 8.997711e+04 8.963645e+04 8.911228e+04 8.826233e+04 8.562151e+04 8.125702e+04 7.597807e+04 7.065640e+04 6.184390e+04 5.607848e+04 5.268589e+04 5.090922e+04 5.026405e+04 5.047667e+04 8.680922e+04 1.787770e+05 2.946912e+05 4.007941e+05
9.537644e+04 9.537645e+04 9.537647e+04 9.537708e+04 9.537851e+04 9.537594e+04 9.519410e+04 9.423087e+04 9.406861e+04 9.402488e+04 9.334481e+04 9.198084e+04 9.071094e+04 8.985811e+04 8.939073e+04 8.911878e+04 8.896855e+04 8.893942e+04 8.822607e+04 8.561448e+04 8.125215e+04 7.597276e+04 7.065314e+04 6.184902e+04 5.609138e+04 5.270454e+04 5.093263e+04 5.029215e+04 5.050992e+04 8.692931e+04 1.790080e+05 2.949862e+05 4.010930e+05
9.185683e+04 9.185684e+04 9.185686e+04 9.185738e+04 9.185874e+04 9.187702e+04 9.182614e+04 9.120831e+04 9.097247e+04 9.096449e+04 9.105784e+04 9.059246e+04 8.977138e+04 8.903408e+04 8.856600e+04 8.838494e+04 8.836739e+04 8.877597e+04 8.819198e+04 8.560652e+04 8.124526e+04 7.596544e+04 7.064829e+04 6.185342e+04 5.610409e+04 5.272329e+04 5.095629e+04 5.032064e+04 5.054366e+04 8.705063e+04 1.792406e+05 2.952826e+05 4.013930e+05
8.947004e+04 8.947005e+04 8.947006e+04 8.947049e+04 8.947168e+04 8.949162e+04 8.948907e+04 8.913907e+04 8.890115e+04 8.881645e+04 8.906966e+04 8.923106e+04 8.897257e+04 8.852099e+04 8.813436e+04 8.792472e+04 8.791070e+04 8.862875e+04 8.816049e+04 8.559720e+04 8.123595e+04 7.595583e+04 7.064167e+04 6.185704e+04 5.611659e+04 5.274212e+04 5.098022e+04 5.034951e+04 5.057788e+04 8.717319e+04 1.794748e+05 2.955805e+05 4.016941e+05
8.781031e+04 8.781031e+04 8.781033e+04 8.781071e+04 8.781178e+04 8.783296e+04 8.785504e+04 8.768796e+04 8.750390e+04 8.738127e+04 8.755259e+04 8.798335e+04 8.819368e+04 8.811313e+04 8.791642e+04 8.776085e+04 8.771639e+04 8.850795e+04 8.813242e+04 8.558617e+04 8.122382e+04 7.594365e+04 7.063308e+04 6.185979e+04 5.612883e+04 5.276100e+04 5.100439e+04 5.037877e+04 5.061259e+04 8.729700e+04 1.797106e+05 2.958799e+05 4.019963e+05
8.666838e+04 8.666838e+04 8.666840e+04 8.666874e+04 8.666972e+04 8.669124e+04 8.672641e+04 8.667747e+04 8.656118e+04 8.644793e+04 8.651151e+04 8.697328e+04 8.746138e+04 8.772509e+04 8.778129e+04 8.775340e+04 8.774095e+04 8.842838e+04 8.810932e+04 8.557318e+04 8.120850e+04 7.592861e+04 7.062236e+04 6.186160e+04 5.614078e+04 5.277994e+04 5.102880e+04 5.040840e+04 5.064780e+04 8.742205e+04 1.799480e+05 2.961807e+05 4.022996e+05
8.591724e+04 8.591724e+04 8.591725e+04 8.591756e+04 8.591844e+04 8.593942e+04 8.598082e+04 8.600541e+04 8.594895e+04 8.586959e+04 8.587028e+04 8.625967e+04 8.685104e+04 8.735856e+04 8.766597e+04 8.781234e+04 8.788377e+04 8.841125e+04 8.809378e+04 8.555823e+04 8.118966e+04 7.591045e+04 7.060931e+04 6.186239e+04 5.615241e+04 5.279890e+04 5.105345e+04 5.043841e+04 5.068349e+04 8.754837e+04 1.801870e+05 2.964830e+05 4.026039e+05
8.902303e+04 8.902303e+04 8.902304e+04 8.902321e+04 8.902374e+04 8.903938e+04 8.908408e+04 8.922880e+04 8.931069e+04 8.938914e+04 8.951606e+04 8.958977e+04 8.963435e+04 8.970651e+04 8.985496e+04 9.009204e+04 9.039267e+04 9.125903e+04 8.944305e+04 8.568570e+04 8.086075e+04 7.554502e+04 7.033050e+04 6.180102e+04 5.624381e+04 5.298648e+04 5.131110e+04 5.075871e+04 5.106775e+04 8.888301e+04 1.826676e+05 2.995875e+05 4.057080e+05
9.416135e+04 9.416135e+04 9.416135e+04 9.416140e+04 9.416155e+04 9.416541e+04 9.417478e+04 9.419133e+04 9.419070e+04 9.418151e+04 9.413367e+04 9.404224e+04 9.390383e+04 9.371943e+04 9.349773e+04 9.325458e+04 9.300825e+04 9.195379e+04 9.016706e+04 8.637592e+04 8.107128e+04 7.533889e+04 6.997920e+04 6.163170e+04 5.628454e+04 5.316400e+04 5.158534e+04 5.111474e+04 5.150275e+04 9.035379e+04 1.853177e+05 3.028434e+05 4.089230e+05
9.274178e+04 9.274178e+04 9.274178e+04 9.274180e+04 9.274185e+04 9.274324e+04 9.274698e+04 9.275719e+04 9.276142e+04 9.276363e+04 9.275848e+04 9.273582e+04 9.269053e+04 9.261735e+04 9.251092e+04 9.236680e+04 9.218282e+04 9.073936e+04 8.854263e+04 8.520381e+04 8.057696e+04 7.525575e+04 7.003232e+04 6.162936e+04 5.634393e+04 5.335065e+04 5.188248e+04 5.151023e+04 5.199259e+04 9.196970e+04 1.881448e+05 3.062546e+05 4.122502e+05
9.055854e+04 9.055853e+04 9.055853e+04 9.055853e+04 9.055850e+04 9.055744e+04 9.055389e+04 9.053880e+04 9.052737e+04 9.051348e+04 9.047828e+04 9.043259e+04 9.037492e+04 9.030272e+04 9.021207e+04 9.009791e+04 8.995458e+04 8.865771e+04 8.634093e+04 8.310979e+04 7.905409e+04 7.446427e+04 6.982255e+04 6.192228e+04 5.665209e+04 5.363566e+04 5.223939e+04 5.196397e+04 5.254934e+04 9.373981e+04 1.911562e+05 3.098249e+05 4.156906e+05
8.725205e+04 8.725205e+04 8.725205e+04 8.725206e+04 8.725206e+04 8.725213e+04 8.725186e+04 8.724841e+04 8.724497e+04 8.724028e+04 8.722675e+04 8.720677e+04 8.717903e+04 8.714168e+04 8.709192e+04 8.702587e+04 8.693883e+04 8.601592e+04 8.402903e+04 8.104468e+04 7.735393e+04 7.329942e+04 6.923479e+04 6.214659e+04 5.716428e+04 5.417617e+04 5.275007e+04 5.252128e+04 5.319968e+04 9.567345e+04 1.943592e+05 3.135579e+05 4.192453e+05
8.396825e+04 8.396825e+04 8.396826e+04 8.396826e+04 8.396828e+04 8.396890e+04 8.397063e+04 8.397619e+04 8.397956e+04 8.398308e+04 8.399006e+04 8.399634e+04 8.400105e+04 8.400269e+04 8.399878e+04 8.398577e+04 8.395925e+04 8.344830e+04 8.195268e+04 7.937481e+04 7.600981e+04 7.228892e+04 6.859782e+04 6.222057e+04 5.767546e+04 5.486993e+04 5.349788e+04 5.327391e+04 5.399351e+04 9.778042e+04 1.977611e+05 3.174571e+05 4.229149e+05
8.176986e+04 8.176986e+04 8.176986e+04 8.176987e+04 8.176989e+04 8.177056e+04 8.177254e+04 8.177999e+04 8.178538e+04 8.179182e+04 8.180756e+04 8.182650e+04 8.184773e+04 8.186981e+04 8.189050e+04 8.190664e+04 8.191423e+04 8.165890e+04 8.053105e+04 7.831051e+04 7.521162e+04 7.169012e+04 6.818949e+04 6.225101e+04 5.812328e+04 5.560104e+04 5.438724e+04 5.424806e+04 5.501363e+04 1.000714e+05 2.013690e+05 3.215254e+05 4.266997e+05
8.085451e+04 8.085451e+04 8.085451e+04 8.085451e+04 8.085453e+04 8.085521e+04 8.085729e+04 8.086535e+04 8.087123e+04 8.087829e+04 8.089582e+04 8.091759e+04 8.094292e+04 8.097056e+04 8.099839e+04 8.102347e+04 8.104207e+04 8.088281e+04 7.992592e+04 7.790201e+04 7.495661e+04 7.153076e+04 6.810111e+04 6.236321e+04 5.854181e+04 5.632768e+04 5.535096e+04 5.537394e+04 5.624989e+04 1.025583e+05 2.051900e+05 3.257657e+05 4.306001e+05
8.103275e+04 8.103275e+04 8.103275e+04 8.103276e+04 8.103277e+04 8.103312e+04 8.103415e+04 8.103830e+04 8.104149e+04 8.104545e+04 8.105575e+04 8.106921e+04 8.108547e+04 8.110354e+04 8.112160e+04 8.113694e+04 8.114611e+04 8.095343e+04 8.000357e+04 7.802205e+04 7.511983e+04 7.171557e+04 6.829413e+04 6.262141e+04 5.899820e+04 5.706500e+04 5.636404e+04 5.661143e+04 5.765659e+04 1.052549e+05 2.092313e+05 3.301807e+05 4.346159e+05
8.168544e+04 8.168544e+04 8.168544e+04 8.168545e+04 8.168546e+04 8.168574e+04 8.168659e+04 8.168982e+04 8.169223e+04 8.169517e+04 8.170243e+04 8.171113e+04 8.172065e+04 8.172999e+04 8.173752e+04 8.174081e+04 8.173673e+04 8.147041e+04 8.045685e+04 7.843816e+04 7.551955e+04 7.210569e+04 6.867747e+04 6.303381e+04 5.955024e+04 5.785847e+04 5.743772e+04 5.794663e+04 5.920905e+04 1.081775e+05 2.135005e+05 3.347727e+05 4.387469e+05
8.238538e+04 8.238538e+04 8.238538e+04 8.238538e+04 8.238539e+04 8.238539e+04 8.238538e+04 8.238541e+04 8.238559e+04 8.238593e+04 8.238715e+04 8.238908e+04 8.239143e+04 8.239336e+04 8.239325e+04 8.238859e+04 8.237616e+04 8.206052e+04 8.099137e+04 7.892912e+04 7.599028e+04 7.257680e+04 6.916277e+04 6.358405e+04 6.023612e+04 5.876038e+04 5.860677e+04 5.938936e+04 6.089948e+04 1.113456e+05 2.180050e+05 3.395439e+05 4.429923e+05
8.290533e+04 8.290533e+04 8.290533e+04 8.290533e+04 8.290533e+04 8.290540e+04 8.290563e+04 8.290668e+04 8.290747e+04 8.290838e+04 8.291040e+04 8.291242e+04 8.291400e+04 8.291428e+04 8.291166e+04 8.290370e+04 8.288728e+04 8.254398e+04 8.144311e+04 7.936153e+04 7.642992e+04 7.305202e+04 6.969394e+04 6.425744e+04 6.108126e+04 5.981807e+04 5.991568e+04 6.096641e+04 6.273577e+04 1.147831e+05 2.227531e+05 3.444959e+05 4.473515e+05
8.324365e+04 8.324365e+04 8.324365e+04 8.324365e+04 8.324365e+04 8.324351e+04 8.324308e+04 8.324179e+04 8.324113e+04 8.324050e+04 8.323938e+04 8.323839e+04 8.323726e+04 8.323519e+04 8.323059e+04 8.322101e+04 8.320321e+04 8.285497e+04 8.175394e+04 7.968924e+04 7.680518e+04 7.350830e+04 7.025568e+04 6.505473e+04 6.210781e+04 6.107155e+04 6.140892e+04 6.271303e+04 6.473765e+04 1.185208e+05 2.277532e+05 3.496307e+05 4.518232e+05
8.336446e+04 8.336446e+04 8.336446e+04 8.336447e+04 8.336447e+04 8.336464e+04 8.336511e+04 8.336674e+04 8.336788e+04 8.336919e+04 8.337219e+04 8.337541e+04 8.337835e+04 8.338006e+04 8.337888e+04 8.337238e+04 8.335741e+04 8.302368e+04 8.194861e+04 7.993547e+04 7.713975e+04 7.396921e+04 7.087011e+04 6.599594e+04 6.334076e+04 6.255506e+04 6.312617e+04 6.466574e+04 6.693140e+04 1.226032e+05 2.330148e+05 3.549495e+05 4.564062e+05
8.347054e+04 8.347054e+04 8.347054e+04 8.347054e+04 8.347054e+04 8.347048e+04 8.347022e+04 8.346875e+04 8.346755e+04 8.346614e+04 8.346309e+04 8.346038e+04 8.345830e+04 8.345639e+04 8.345319e+04 8.344629e+04 8.343248e+04 8.312361e+04 8.210042e+04 8.017093e+04 7.749939e+04 7.449392e+04 7.158880e+04 6.711819e+04 6.480986e+04 6.429875e+04 6.510056e+04 6.685763e+04 6.934484e+04 1.270521e+05 2.385481e+05 3.604537e+05 4.610987e+05
8.345604e+04 8.345604e+04 8.345604e+04 8.345604e+04 8.345605e+04 8.345615e+04 8.345657e+04 8.345939e+04 8.346195e+04 8.346529e+04 8.347408e+04 8.348518e+04 8.349774e+04 8.351050e+04 8.352158e+04 8.352839e+04 8.352770e+04 8.328102e+04 8.233108e+04 8.050538e+04 7.798099e+04 7.516674e+04 7.248362e+04 6.847040e+04 6.654825e+04 6.632926e+04 6.735842e+04 6.931592e+04 7.200363e+04 1.318596e+05 2.443646e+05 3.661446e+05 4.658990e+05
8.388776e+04 8.388776e+04 8.388776e+04 8.388776e+04 8.388775e+04 8.388763e+04 8.388736e+04 8.388658e+04 8.388609e+04 8.388562e+04 8.388512e+04 8.388590e+04 8.388852e+04 8.389273e+04 8.389725e+04 8.389979e+04 8.389721e+04 8.367281e+04 8.278774e+04 8.106799e+04 7.869767e+04 7.608502e+04 7.363654e+04 7.010651e+04 6.858926e+04 6.866900e+04 6.991923e+04 7.206107e+04 7.492920e+04 1.370243e+05 2.504770e+05 3.720231e+05 4.708049e+05
8.436080e+04 8.436080e+04 8.436080e+04 8.436081e+04 8.436085e+04 8.436196e+04 8.436518e+04 8.437619e+04 8.438367e+04 8.439231e+04 8.441257e+04 8.443592e+04 8.446139e+04 8.448779e+04 8.451341e+04 8.453582e+04 8.455196e+04 8.440993e+04 8.360561e+04 8.198898e+04 7.976499e+04 7.734736e+04 7.512928e+04 7.207810e+04 7.096231e+04 7.133488e+04 7.279572e+04 7.510681e+04 7.813790e+04 1.425469e+05 2.569002e+05 3.780905e+05 4.758142e+05
8.568770e+04 8.568770e+04 8.568770e+04 8.568770e+04 8.568770e+04 8.568783e+04 8.568819e+04 8.568992e+04 8.569167e+04 8.569428e+04 8.570265e+04 8.571570e+04 8.573337e+04 8.575484e+04 8.577830e+04 8.580101e+04 8.581948e+04 8.570640e+04 8.494561e+04 8.339767e+04 8.128939e+04 7.904130e+04 7.703267e+04 7.442758e+04 7.368919e+04 7.433692e+04 7.599404e+04 7.846080e+04 8.164123e+04 1.484295e+05 2.636514e+05 3.843477e+05 4.809243e+05
8.761866e+04 8.761866e+04 8.761866e+04 8.761866e+04 8.761867e+04 8.761879e+04 8.761920e+04 8.762210e+04 8.762512e+04 8.762937e+04 8.764165e+04 8.765888e+04 8.768052e+04 8.770545e+04 8.773175e+04 8.775662e+04 8.777661e+04 8.766354e+04 8.690139e+04 8.537677e+04 8.334298e+04 8.122795e+04 7.939630e+04 7.718269e+04 7.678136e+04 7.767760e+04 7.951435e+04 8.212568e+04 8.544679e+04 1.546759e+05 2.707518e+05 3.907960e+05 4.861326e+05
9.021897e+04 9.021897e+04 9.021897e+04 9.021898e+04 9.021898e+04 9.021923e+04 9.022000e+04 9.022380e+04 9.022718e+04 9.023169e+04 9.024420e+04 9.026130e+04 9.028262e+04 9.030718e+04 9.033313e+04 9.035766e+04 9.037719e+04 9.025582e+04 8.947544e+04 8.794680e+04 8.595381e+04 8.393528e+04 8.224357e+04 8.035386e+04 8.023890e+04 8.135203e+04 8.335191e+04 8.610061e+04 8.955968e+04 1.612920e+05 2.782315e+05 3.974367e+05 4.914362e+05
9.338804e+04 9.338804e+04 9.338804e+04 9.338804e+04 9.338806e+04 9.338848e+04 9.338979e+04 9.339544e+04 9.340003e+04 9.340592e+04 9.342171e+04 9.344279e+04 9.346865e+04 9.349808e+04 9.352889e+04 9.355791e+04 9.358119e+04 9.346041e+04 9.265338e+04 9.110093e+04 8.912042e+04 8.716359e+04 8.557366e+04 8.393466e+04 8.405136e+04 8.534938e+04 8.749886e+04 9.038319e+04 9.398425e+04 1.682859e+05 2.861133e+05 4.042713e+05 4.968323e+05
9.729027e+04 9.729027e+04 9.729027e+04 9.729028e+04 9.729029e+04 9.729072e+04 9.729207e+04 9.729743e+04 9.730147e+04 9.730641e+04 9.731906e+04 9.733538e+04 9.735517e+04 9.737758e+04 9.740075e+04 9.742173e+04 9.743670e+04 9.726966e+04 9.640896e+04 9.481163e+04 9.281828e+04 9.089077e+04 8.936548e+04 8.790469e+04 8.820026e+04 8.965520e+04 9.194652e+04 9.497163e+04 9.872604e+04 1.756680e+05 2.943838e+05 4.113018e+05 5.023176e+05
1.015437e+05 1.015437e+05 1.015437e+05 1.015437e+05 1.015437e+05 1.015443e+05 1.015463e+05 1.015538e+05 1.015594e+05 1.015662e+05 1.015832e+05 1.016048e+05 1.016304e+05 1.016587e+05 1.016875e+05 1.017135e+05 1.017325e+05 1.015641e+05 1.006683e+05 9.902553e+04 9.700352e+04 9.507787e+04 9.358332e+04 9.223410e+04 9.266284e+04 9.425462e+04 9.668813e+04 9.986714e+04 1.037938e+05 1.834513e+05 3.030332e+05 4.185307e+05 5.078892e+05
1.063908e+05 1.063908e+05 1.063908e+05 1.063908e+05 1.063908e+05 1.063912e+05 1.063923e+05 1.063970e+05 1.064005e+05 1.064050e+05 1.064168e+05 1.064327e+05 1.064524e+05 1.064751e+05 1.064985e+05 1.065192e+05 1.065331e+05 1.063349e+05 1.053933e+05 1.036957e+05 1.016282e+05 9.967875e+04 9.818424e+04 9.688924e+04 9.741651e+04 9.913593e+04 1.017217e+05 1.050763e+05 1.092016e+05 1.916511e+05 3.120528e+05 4.259611e+05 5.135439e+05
1.115646e+05 1.115646e+05 1.115646e+05 1.115646e+05 1.115646e+05 1.115652e+05 1.115669e+05 1.115737e+05 1.115788e+05 1.115850e+05 1.116007e+05 1.116205e+05 1.116439e+05 1.116697e+05 1.116956e+05 1.117181e+05 1.117327e+05 1.115201e+05 1.105340e+05 1.087738e+05 1.066438e+05 1.046463e+05 1.031247e+05 1.018383e+05 1.024434e+05 1.042942e+05 1.070531e+05 1.106132e+05 1.149699e+05 2.002841e+05 3.214335e+05 4.335975e+05 5.192785e+05
1.171735e+05 1.171735e+05 1.171735e+05 1.171735e+05 1.171735e+05 1.171741e+05 1.171758e+05 1.171826e+05 1.171874e+05 1.171933e+05 1.172078e+05 1.172260e+05 1.172475e+05 1.172711e+05 1.172945e+05 1.173142e+05 1.173256e+05 1.170863e+05 1.160485e+05 1.142153e+05 1.120054e+05 1.099374e+05 1.083657e+05 1.070566e+05 1.077350e+05 1.097347e+05 1.126980e+05 1.165014e+05 1.211277e+05 2.093690e+05 3.311653e+05 4.414464e+05 5.250899e+05
1.231036e+05 1.231036e+05 1.231036e+05 1.231036e+05 1.231037e+05 1.231041e+05 1.231055e+05 1.231111e+05 1.231153e+05 1.231204e+05 1.231335e+05 1.231503e+05 1.231705e+05 1.231928e+05 1.232150e+05 1.232333e+05 1.232431e+05 1.229845e+05 1.218967e+05 1.199822e+05 1.176757e+05 1.155172e+05 1.138781e+05 1.125311e+05 1.132954e+05 1.154755e+05 1.186843e+05 1.227749e+05 1.277126e+05 2.189246e+05 3.412371e+05 4.495187e+05 5.309751e+05
1.292982e+05 1.292982e+05 1.292982e+05 1.292982e+05 1.292982e+05 1.292988e+05 1.293004e+05 1.293071e+05 1.293121e+05 1.293182e+05 1.293338e+05 1.293537e+05 1.293774e+05 1.294036e+05 1.294296e+05 1.294513e+05 1.294639e+05 1.291999e+05 1.280606e+05 1.260514e+05 1.236297e+05 1.213636e+05 1.196465e+05 1.182649e+05 1.191453e+05 1.215501e+05 1.250534e+05 1.294791e+05 1.347714e+05 2.289702e+05 3.516368e+05 4.578280e+05 5.369314e+05
1.359205e+05 1.359205e+05 1.359205e+05 1.359205e+05 1.359205e+05 1.359210e+05 1.359225e+05 1.359286e+05 1.359331e+05 1.359386e+05 1.359527e+05 1.359707e+05 1.359921e+05 1.360154e+05 1.360379e+05 1.360556e+05 1.360632e+05 1.357575e+05 1.345369e+05 1.324094e+05 1.298546e+05 1.274703e+05 1.256736e+05 1.242811e+05 1.253240e+05 1.280081e+05 1.318601e+05 1.366702e+05 1.423595e+05 2.395242e+05 3.623509e+05 4.663546e+05 5.429562e+05
1.428436e+05 1.428436e+05 1.428436e+05 1.428436e+05 1.428436e+05 1.428439e+05 1.428447e+05 1.428480e+05 1.428506e+05 1.428538e+05 1.428622e+05 1.428737e+05 1.428883e+05 1.429048e+05 1.429208e+05 1.429321e+05 1.429335e+05 1.425871e+05 1.412888e+05 1.390428e+05 1.363533e+05 1.338533e+05 1.319868e+05 1.306258e+05 1.318905e+05 1.349153e+05 1.391719e+05 1.444145e+05 1.505396e+05 2.506036e+05 3.733648e+05 4.750778e+05 5.490474e+05
1.497729e+05 1.497729e+05 1.497729e+05 1.497729e+05 1.497730e+05 1.497738e+05 1.497765e+05 1.497871e+05 1.497949e+05 1.498042e+05 1.498270e+05 1.498547e+05 1.498861e+05 1.499195e+05 1.499515e+05 1.499776e+05 1.499918e+05 1.496734e+05 1.483329e+05 1.459857e+05 1.431709e+05 1.405655e+05 1.386462e+05 1.373707e+05 1.389235e+05 1.423522e+05 1.470677e+05 1.527863e+05 1.593801e+05 2.622232e+05 3.846630e+05 4.839794e+05 5.552032e+05
1.574170e+05 1.574170e+05 1.574170e+05 1.574170e+05 1.574170e+05 1.574173e+05 1.574180e+05 1.574210e+05 1.574233e+05 1.574264e+05 1.574351e+05 1.574479e+05 1.574649e+05 1.574853e+05 1.575062e+05 1.575232e+05 1.575303e+05 1.571879e+05 1.557984e+05 1.533511e+05 1.504116e+05 1.477059e+05 1.457480e+05 1.446117e+05 1.465183e+05 1.504113e+05 1.556344e+05 1.618654e+05 1.689530e+05 2.743950e+05 3.962285e+05 4.930411e+05 5.614229e+05
1.651887e+05 1.651887e+05 1.651887e+05 1.651887e+05 1.651887e+05 1.651899e+05 1.651935e+05 1.652080e+05 1.652185e+05 1.652311e+05 1.652617e+05 1.652991e+05 1.653424e+05 1.653898e+05 1.654379e+05 1.654816e+05 1.655143e+05 1.652628e+05 1.638662e+05 1.613147e+05 1.582307e+05 1.554117e+05 1.534178e+05 1.524629e+05 1.547823e+05 1.591926e+05 1.649635e+05 1.717341e+05 1.793307e+05 2.871271e+05 4.080437e+05 5.022443e+05 5.677071e+05
1.741527e+05 1.741527e+05 1.741527e+05 1.741527e+05 1.741528e+05 1.741540e+05 1.741578e+05 1.741728e+05 1.741840e+05 1.741977e+05 1.742325e+05 1.742769e+05 1.743299e+05 1.743893e+05 1.744510e+05 1.745089e+05 1.745553e+05 1.743322e+05 1.728485e+05 1.701069e+05 1.668087e+05 1.638357e+05 1.617932e+05 1.610468e+05 1.638283e+05 1.687989e+05 1.751475e+05 1.824739e+05 1.905840e+05 3.004235e+05 4.200896e+05 5.115699e+05 5.740588e+05
1.847598e+05 1.847598e+05 1.847598e+05 1.847598e+05 1.847598e+05 1.847604e+05 1.847623e+05 1.847707e+05 1.847775e+05 1.847860e+05 1.848084e+05 1.848382e+05 1.848747e+05 1.849162e+05 1.849588e+05 1.849963e+05 1.850209e+05 1.846507e+05 1.829261e+05 1.798727e+05 1.762773e+05 1.731054e+05 1.710002e+05 1.704845e+05 1.737683e+05 1.793315e+05 1.862758e+05 1.941624e+05 2.027788e+05 3.142833e+05 4.323464e+05 5.209982e+05 5.804862e+05
1.961601e+05 1.961601e+05 1.961601e+05 1.961601e+05 1.961602e+05 1.961612e+05 1.961641e+05 1.961753e+05 1.961836e+05 1.961937e+05 1.962194e+05 1.962522e+05 1.962915e+05 1.963349e+05 1.963781e+05 1.964141e+05 1.964342e+05 1.959690e+05 1.940016e+05 1.906094e+05 1.866915e+05 1.833094e+05 1.811445e+05 1.808896e+05 1.847090e+05 1.908861e+05 1.984318e+05 2.068706e+05 2.159739e+05 3.287002e+05 4.447930e+05 5.305089e+05 5.869763e+05
2.084271e+05 2.084271e+05 2.084271e+05 2.084271e+05 2.084271e+05 2.084283e+05 2.084318e+05 2.084455e+05 2.084555e+05 2.084674e+05 2.084970e+05 2.085341e+05 2.085778e+05 2.086256e+05 2.086724e+05 2.087105e+05 2.087305e+05 2.081996e+05 2.060214e+05 2.023174e+05 1.980994e+05 1.945280e+05 1.923244e+05 1.923685e+05 1.967498e+05 2.035500e+05 2.116902e+05 2.206601e+05 2.302185e+05 3.436621e+05 4.574074e+05 5.400812e+05 5.935093e+05
2.217146e+05 2.217146e+05 2.217146e+05 2.217146e+05 2.217146e+05 2.217153e+05 2.217175e+05 2.217264e+05 2.217333e+05 2.217419e+05 2.217648e+05 2.217959e+05 2.218348e+05 2.218793e+05 2.219239e+05 2.219606e+05 2.219788e+05 2.213979e+05 2.190461e+05 2.150712e+05 2.105905e+05 2.068612e+05 2.046443e+05 2.050230e+05 2.099815e+05 2.174008e+05 2.261143e+05 2.355809e+05 2.455503e+05 3.591508e+05 4.701664e+05 5.496941e+05 6.000691e+05
2.358269e+05 2.358269e+05 2.358269e+05 2.358269e+05 2.358269e+05 2.358285e+05 2.358333e+05 2.358525e+05 2.358669e+05 2.358844e+05 2.359285e+05 2.359840e+05 2.360489e+05 2.361196e+05 2.361894e+05 2.362490e+05 2.362867e+05 2.357242e+05 2.332342e+05 2.290166e+05 2.242981e+05 2.204321e+05 2.182184e+05 2.189503e+05 2.244853e+05 2.325039e+05 2.417546e+05 2.516696e+05 2.619934e+05 3.751419e+05 4.830460e+05 5.593262e+05 6.066403e+05
2.518120e+05 2.518120e+05 2.518120e+05 2.518120e+05 2.518120e+05 2.518129e+05 2.518157e+05 2.518269e+05 2.518353e+05 2.518457e+05 2.518725e+05 2.519082e+05 2.519524e+05 2.520028e+05 2.520536e+05 2.520955e+05 2.521165e+05 2.514588e+05 2.487964e+05 2.443321e+05 2.393780e+05 2.353761e+05 2.331647e+05 2.342417e+05 2.403309e+05 2.489105e+05 2.586461e+05 2.689469e+05 2.795562e+05 3.916046e+05 4.960209e+05 5.689559e+05 6.132080e+05
2.686887e+05 2.686887e+05 2.686887e+05 2.686888e+05 2.686888e+05 2.686909e+05 2.686973e+05 2.687219e+05 2.687395e+05 2.687604e+05 2.688120e+05 2.688759e+05 2.689511e+05 2.690338e+05 2.691173e+05 2.691908e+05 2.692411e+05 2.686566e+05 2.658954e+05 2.611973e+05 2.559914e+05 2.518294e+05 2.495972e+05 2.509771e+05 2.575736e+05 2.666552e+05 2.768060e+05 2.874159e+05 2.982305e+05 4.085019e+05 5.090650e+05 5.785617e+05 6.197574e+05
2.877507e+05 2.877507e+05 2.877507e+05 2.877508e+05 2.877508e+05 2.877529e+05 2.877593e+05 2.877845e+05 2.878030e+05 2.878255e+05 2.878821e+05 2.879539e+05 2.880397e+05 2.881354e+05 2.882330e+05 2.883208e+05 2.883840e+05 2.877957e+05 2.848524e+05 2.798337e+05 2.742987e+05 2.699148e+05 2.676132e+05 2.692197e+05 2.762498e+05 2.857526e+05 2.962316e+05 3.070602e+05 3.179895e+05 4.257904e+05 5.221511e+05 5.881222e+05 6.262739e+05
3.094144e+05 3.094144e+05 3.094144e+05 3.094144e+05 3.094145e+05 3.094162e+05 3.094214e+05 3.094424e+05 3.094582e+05 3.094773e+05 3.095256e+05 3.095867e+05 3.096592e+05 3.097388e+05 3.098174e+05 3.098829e+05 3.099200e+05 3.091232e+05 3.058202e+05 3.003467e+05 2.943850e+05 2.897066e+05 2.872775e+05 2.890095e+05 2.963735e+05 3.061948e+05 3.168978e+05 3.278424e+05 3.387870e+05 4.434212e+05 5.352512e+05 5.976162e+05 6.327433e+05
3.328979e+05 3.328979e+05 3.328979e+05 3.328979e+05 3.328979e+05 3.328990e+05 3.329024e+05 3.329159e+05 3.329260e+05 3.329385e+05 3.329704e+05 3.330123e+05 3.330636e+05 3.331209e+05 3.331764e+05 3.332175e+05 3.332283e+05 3.322386e+05 3.285908e+05 3.226580e+05 3.162446e+05 3.112310e+05 3.086231e+05 3.103618e+05 3.179334e+05 3.279482e+05 3.387556e+05 3.497029e+05 3.605569e+05 4.613401e+05 5.483367e+05 6.070228e+05 6.391512e+05
3.572143e+05 3.572143e+05 3.572143e+05 3.572143e+05 3.572144e+05 3.572167e+05 3.572240e+05 3.572521e+05 3.572722e+05 3.572962e+05 3.573554e+05 3.574289e+05 3.575152e+05 3.576096e+05 3.577026e+05 3.577800e+05 3.578242e+05 3.569006e+05 3.530749e+05 3.467603e+05 3.399050e+05 3.345217e+05 3.316748e+05 3.332681e+05 3.408905e+05 3.509527e+05 3.617310e+05 3.725601e+05 3.832138e+05 4.794881e+05 5.613784e+05 6.163216e+05 6.454837e+05
3.838687e+05 3.838687e+05 3.838687e+05 3.838687e+05 3.838688e+05 3.838711e+05 3.838785e+05 3.839078e+05 3.839296e+05 3.839562e+05 3.840231e+05 3.841080e+05 3.842090e+05 3.843207e+05 3.844326e+05 3.845291e+05 3.845908e+05 3.836702e+05 3.796142e+05 3.728574e+05 3.654840e+05 3.596396e+05 3.564525e+05 3.576928e+05 3.651758e+05 3.751198e+05 3.857255e+05 3.963107e+05 4.066532e+05 4.978023e+05 5.743464e+05 6.254929e+05 6.517269e+05
4.134624e+05 4.134624e+05 4.134624e+05 4.134625e+05 4.134625e+05 4.134645e+05 4.134707e+05 4.134953e+05 4.135137e+05 4.135363e+05 4.135936e+05 4.136671e+05 4.137553e+05 4.138529e+05 4.139491e+05 4.140276e+05 4.140679e+05 4.129485e+05 4.084728e+05 4.011053e+05 3.930592e+05 3.866058e+05 3.829357e+05 3.835625e+05 3.906873e+05 4.003329e+05 4.106163e+05 4.208311e+05 4.307540e+05 5.162163e+05 5.872107e+05 6.345174e+05 6.578674e+05
4.452971e+05 4.452971e+05 4.452971e+05 4.452971e+05 4.452972e+05 4.452990e+05 4.453047e+05 4.453277e+05 4.453450e+05 4.453661e+05 4.454200e+05 4.454893e+05 4.455722e+05 4.456629e+05 4.457497e+05 4.458149e+05 4.458368e+05 4.444955e+05 4.395193e+05 4.314212e+05 4.225591e+05 4.153414e+05 4.110317e+05 4.107567e+05 4.172875e+05 4.264478e+05 4.362587e+05 4.459799e+05 4.553802e+05 5.346616e+05 5.999413e+05 6.433766e+05 6.638922e+05
4.790522e+05 4.790522e+05 4.790522e+05 4.790523e+05 4.790523e+05 4.790542e+05 4.790599e+05 4.790827e+05 4.790998e+05 4.791205e+05 4.791728e+05 4.792393e+05 4.793180e+05 4.794027e+05 4.794808e+05 4.795336e+05 4.795376e+05 4.779743e+05 4.724749e+05 4.635825e+05 4.537971e+05 4.456766e+05 4.405752e+05 4.391076e+05 4.448064e+05 4.532959e+05 4.624891e+05 4.716008e+05 4.803839e+05 5.530681e+05 6.125083e+05 6.520531e+05 6.697887e+05
5.144436e+05 5.144436e+05 5.144436e+05 5.144436e+05 5.144437e+05 5.144453e+05 5.144504e+05 5.144707e+05 5.144859e+05 5.145044e+05 5.145516e+05 5.146121e+05 5.146839e+05 5.147608e+05 5.148294e+05 5.148698e+05 5.148572e+05 5.130851e+05 5.070631e+05 4.973351e+05 4.865360e+05 4.773859e+05 4.713488e+05 4.684082e+05 4.730457e+05 4.806885e+05 4.891294e+05 4.975266e+05 5.056091e+05 5.713655e+05 6.248819e+05 6.605300e+05 6.755448e+05
5.511231e+05 5.511231e+05 5.511231e+05 5.511231e+05 5.511231e+05 5.511250e+05 5.511306e+05 5.511531e+05 5.511699e+05 5.511902e+05 5.512417e+05 5.513072e+05 5.513842e+05 5.514659e+05 5.515377e+05 5.515781e+05 5.515603e+05 5.496158e+05 5.430593e+05 5.324339e+05 5.205184e+05 5.102097e+05 5.030977e+05 4.984217e+05 5.017864e+05 5.084227e+05 5.159913e+05 5.235831e+05 5.308953e+05 5.894834e+05 6.370331e+05 6.687915e+05 6.811491e+05
5.892969e+05 5.892969e+05 5.892969e+05 5.892969e+05 5.892970e+05 5.892988e+05 5.893044e+05 5.893270e+05 5.893438e+05 5.893642e+05 5.894152e+05 5.894788e+05 5.895521e+05 5.896272e+05 5.896887e+05 5.897137e+05 5.896736e+05 5.874546e+05 5.802475e+05 5.686030e+05 5.554451e+05 5.438488e+05 5.355339e+05 5.288895e+05 5.307964e+05 5.362878e+05 5.428826e+05 5.495945e+05 5.560810e+05 6.073533e+05 6.489336e+05 6.768228e+05 6.865905e+05
6.286987e+05 6.286987e+05 6.286987e+05 6.286987e+05 6.286988e+05 6.286997e+05 6.287025e+05 6.287138e+05 6.287223e+05 6.287327e+05 6.287593e+05 6.287938e+05 6.288342e+05 6.288730e+05 6.288944e+05 6.288745e+05 6.287832e+05 6.261562e+05 6.181850e+05 6.054226e+05 5.909291e+05 5.779505e+05 5.683366e+05 5.595405e+05 5.598385e+05 5.640720e+05 5.696120e+05 5.753870e+05 5.810085e+05 6.249085e+05 6.605560e+05 6.846101e+05 6.918589e+05
6.679111e+05 6.679111e+05 6.679111e+05 6.679111e+05 6.679112e+05 6.679121e+05 6.679148e+05 6.679249e+05 6.679322e+05 6.679410e+05 6.679628e+05 6.679899e+05 6.680198e+05 6.680441e+05 6.680462e+05 6.680007e+05 6.678759e+05 6.649071e+05 6.562120e+05 6.423519e+05 6.265199e+05 6.121318e+05 6.011717e+05 5.901036e+05 5.886799e+05 5.915692e+05 5.959947e+05 6.007941e+05 6.055267e+05 6.420856e+05 6.718740e+05 6.921406e+05 6.969447e+05
7.064655e+05 7.064655e+05 7.064655e+05 7.064655e+05 7.064655e+05 7.064660e+05 7.064676e+05 7.064738e+05 7.064784e+05 7.064840e+05 7.064983e+05 7.065163e+05 7.065354e+05 7.065470e+05 7.065337e+05 7.064690e+05 7.063196e+05 7.030853e+05 6.937707e+05 6.789111e+05 6.618082e+05 6.460394e+05 6.337282e+05 6.203238e+05 6.171006e+05 6.185854e+05 6.218578e+05 6.256604e+05 6.294954e+05 6.588247e+05 6.828629e+05 6.994025e+05 7.018391e+05
7.439452e+05 7.439452e+05 7.439452e+05 7.439452e+05 7.439452e+05 7.439458e+05 7.439474e+05 7.439540e+05 7.439588e+05 7.439648e+05 7.439797e+05 7.439983e+05 7.440178e+05 7.440290e+05 7.440136e+05 7.439438e+05 7.437847e+05 7.403727e+05 7.305457e+05 7.147932e+05 6.965018e+05 6.793987e+05 6.657495e+05 6.499759e+05 6.449019e+05 6.449446e+05 6.470443e+05 6.498451e+05 6.527875e+05 6.750702e+05 6.934991e+05 7.063853e+05 7.065341e+05
7.804683e+05 7.804683e+05 7.804683e+05 7.804683e+05 7.804683e+05 7.804688e+05 7.804704e+05 7.804769e+05 7.804817e+05 7.804875e+05 7.805023e+05 7.805208e+05 7.805400e+05 7.805506e+05 7.805333e+05 7.804594e+05 7.802925e+05 7.767286e+05 7.664408e+05 7.498574e+05 7.304294e+05 7.120213e+05 6.970401e+05 6.788704e+05 6.719114e+05 6.704926e+05 6.714169e+05 6.732251e+05 6.752917e+05 6.907713e+05 7.037611e+05 7.130794e+05 7.110225e+05
8.161101e+05 8.161101e+05 8.161101e+05 8.161101e+05 8.161101e+05 8.161106e+05 8.161121e+05 8.161182e+05 8.161228e+05 8.161283e+05 8.161424e+05 8.161600e+05 8.161780e+05 8.161868e+05 8.161665e+05 8.160872e+05 8.159112e+05 8.121921e+05 8.014494e+05 7.840472e+05 7.634917e+05 7.437772e+05 7.274525e+05 7.068521e+05 6.979843e+05 6.951000e+05 6.948600e+05 6.956966e+05 6.969139e+05 7.058823e+05 7.136287e+05 7.194763e+05 7.152977e+05
8.508961e+05 8.508961e+05 8.508961e+05 8.508961e+05 8.508961e+05 8.508966e+05 8.508981e+05 8.509041e+05 8.509085e+05 8.509139e+05 8.509272e+05 8.509434e+05 8.509593e+05 8.509646e+05 8.509391e+05 8.508516e+05 8.506634e+05 8.467695e+05 8.355520e+05 8.173122e+05 7.956077e+05 7.745612e+05 7.568662e+05 7.337943e+05 7.230040e+05 7.186628e+05 7.172811e+05 7.171761e+05 7.175776e+05 7.203625e+05 7.230841e+05 7.255687e+05 7.193542e+05
8.847834e+05 8.847834e+05 8.847834e+05 8.847834e+05 8.847834e+05 8.847837e+05 8.847845e+05 8.847879e+05 8.847904e+05 8.847935e+05 8.848012e+05 8.848108e+05 8.848190e+05 8.848156e+05 8.847796e+05 8.846790e+05 8.844738e+05 8.803844e+05 8.686721e+05 8.495697e+05 8.266838e+05 8.042702e+05 7.851735e+05 7.595938e+05 7.468795e+05 7.411019e+05 7.386102e+05 7.376000e+05 7.372237e+05 7.341770e+05 7.321109e+05 7.313503e+05 7.231870e+05
9.175177e+05 9.175177e+05 9.175177e+05 9.175177e+05 9.175177e+05 9.175179e+05 9.175188e+05 9.175220e+05 9.175243e+05 9.175270e+05 9.175338e+05 9.175417e+05 9.175474e+05 9.175402e+05 9.174984e+05 9.173891e+05 9.171709e+05 9.128991e+05 9.006917e+05 8.807097e+05 8.566126e+05 8.327994e+05 8.122751e+05 7.841679e+05 7.695442e+05 7.623618e+05 7.587982e+05 7.569231e+05 7.558096e+05 7.472959e+05 7.406951e+05 7.368159e+05 7.267921e+05
9.490568e+05 9.490568e+05 9.490568e+05 9.490568e+05 9.490568e+05 9.490570e+05 9.490574e+05 9.490592e+05 9.490605e+05 9.490621e+05 9.490661e+05 9.490707e+05 9.490725e+05 9.490604e+05 9.490122e+05 9.488939e+05 9.486628e+05 9.442112e+05 9.315038e+05 9.106222e+05 8.852858e+05 8.600482e+05 8.380824e+05 8.074538e+05 7.909533e+05 7.824076e+05 7.778149e+05 7.751168e+05 7.733068e+05 7.596947e+05 7.488248e+05 7.419613e+05 7.301662e+05
9.793112e+05 9.793112e+05 9.793112e+05 9.793112e+05 9.793112e+05 9.793113e+05 9.793117e+05 9.793132e+05 9.793141e+05 9.793152e+05 9.793178e+05 9.793203e+05 9.793191e+05 9.793031e+05 9.792492e+05 9.791223e+05 9.788783e+05 9.742412e+05 9.610137e+05 9.392025e+05 9.126001e+05 8.859252e+05 8.625208e+05 8.294077e+05 8.110814e+05 8.012220e+05 7.956456e+05 7.921663e+05 7.896994e+05 7.713540e+05 7.564898e+05 7.467835e+05 7.333068e+05
1.008230e+06 1.008230e+06 1.008230e+06 1.008230e+06 1.008230e+06 1.008230e+06 1.008230e+06 1.008230e+06 1.008230e+06 1.008230e+06 1.008229e+06 1.008228e+06 1.008223e+06 1.008201e+06 1.008140e+06 1.008002e+06 1.007743e+06 1.002895e+06 9.891084e+05 9.663328e+05 9.384497e+05 9.103463e+05 8.855292e+05 8.500032e+05 8.299192e+05 8.188018e+05 8.122877e+05 8.080674e+05 8.049807e+05 7.822594e+05 7.636823e+05 7.512804e+05 7.362122e+05
1.035711e+06 1.035711e+06 1.035711e+06 1.035711e+06 1.035711e+06 1.035711e+06 1.035711e+06 1.035710e+06 1.035708e+06 1.035706e+06 1.035700e+06 1.035691e+06 1.035675e+06 1.035640e+06 1.035561e+06 1.035402e+06 1.035115e+06 1.029995e+06 1.015605e+06 9.918548e+05 9.627149e+05 9.332302e+05 9.070579e+05 8.692288e+05 8.474699e+05 8.351540e+05 8.277472e+05 8.228237e+05 8.191519e+05 7.924011e+05 7.703965e+05 7.554507e+05 7.388812e+05
1.061321e+06 1.061321e+06 1.061321e+06 1.061321e+06 1.061321e+06 1.061321e+06 1.061319e+06 1.061311e+06 1.061305e+06 1.061298e+06 1.061279e+06 1.061255e+06 1.061221e+06 1.061166e+06 1.061065e+06 1.060880e+06 1.060563e+06 1.055178e+06 1.040228e+06 1.015578e+06 9.852765e+05 9.545098e+05 9.270745e+05 8.870864e+05 8.637461e+05 8.502921e+05 8.420359e+05 8.364442e+05 8.322190e+05 8.017734e+05 7.766285e+05 7.592944e+05 7.413137e+05
1.084376e+06 1.084376e+06 1.084376e+06 1.084376e+06 1.084376e+06 1.084375e+06 1.084373e+06 1.084365e+06 1.084360e+06 1.084353e+06 1.084337e+06 1.084316e+06 1.084287e+06 1.084237e+06 1.084141e+06 1.083958e+06 1.083640e+06 1.078142e+06 1.062786e+06 1.037391e+06 1.006074e+06 9.741598e+05 9.455752e+05 9.035912e+05 8.787664e+05 8.642337e+05 8.551684e+05 8.489408e+05 8.441915e+05 8.103752e+05 7.823765e+05 7.628121e+05 7.435098e+05
1.105255e+06 1.105255e+06 1.105255e+06 1.105255e+06 1.105255e+06 1.105255e+06 1.105254e+06 1.105251e+06 1.105248e+06 1.105245e+06 1.105238e+06 1.105227e+06 1.105209e+06 1.105170e+06 1.105085e+06 1.104912e+06 1.104601e+06 1.099045e+06 1.083370e+06 1.057345e+06 1.025146e+06 9.922108e+05 9.625886e+05 9.187690e+05 8.925534e+05 8.769976e+05 8.671608e+05 8.603271e+05 8.550814e+05 8.182088e+05 7.876406e+05 7.660056e+05 7.454706e+05
1.124563e+06 1.124563e+06 1.124563e+06 1.124563e+06 1.124563e+06 1.124562e+06 1.124561e+06 1.124558e+06 1.124555e+06 1.124552e+06 1.124542e+06 1.124528e+06 1.124505e+06 1.124461e+06 1.124368e+06 1.124186e+06 1.123863e+06 1.118170e+06 1.102160e+06 1.075557e+06 1.042569e+06 1.008721e+06 9.781600e+05 9.326515e+05 9.051306e+05 8.886024e+05 8.780289e+05 8.706176e+05 8.649020e+05 8.252803e+05 7.924226e+05 7.688772e+05 7.471976e+05
1.142135e+06 1.142135e+06 1.142135e+06 1.142135e+06 1.142135e+06 1.142134e+06 1.142132e+06 1.142124e+06 1.142118e+06 1.142110e+06 1.142091e+06 1.142066e+06 1.142030e+06 1.141972e+06 1.141863e+06 1.141664e+06 1.141322e+06 1.135480e+06 1.119171e+06 1.092071e+06 1.058398e+06 1.023743e+06 9.923366e+05 9.452709e+05 9.165205e+05 8.990659e+05 8.877883e+05 8.798269e+05 8.736680e+05 8.315992e+05 7.967263e+05 7.714302e+05 7.486929e+05
1.157496e+06 1.157496e+06 1.157496e+06 1.157496e+06 1.157496e+06 1.157495e+06 1.157493e+06 1.157484e+06 1.157478e+06 1.157471e+06 1.157452e+06 1.157428e+06 1.157395e+06 1.157341e+06 1.157237e+06 1.157043e+06 1.156705e+06 1.150849e+06 1.134387e+06 1.106929e+06 1.072696e+06 1.037338e+06 1.005170e+06 9.566596e+05 9.267442e+05 9.084045e+05 8.964542e+05 8.879707e+05 8.813957e+05 8.371780e+05 8.005570e+05 7.736687e+05 7.499592e+05
1.170922e+06 1.170922e+06 1.170922e+06 1.170922e+06 1.170922e+06 1.170922e+06 1.170922e+06 1.170922e+06 1.170922e+06 1.170922e+06 1.170921e+06 1.170919e+06 1.170910e+06 1.170882e+06 1.170805e+06 1.170638e+06 1.170326e+06 1.164557e+06 1.148033e+06 1.120302e+06 1.085586e+06 1.049594e+06 1.016722e+06 9.668493e+05 9.358212e+05 9.166338e+05 9.040421e+05 8.950658e+05 8.881034e+05 8.420322e+05 8.039215e+05 7.755973e+05 7.509997e+05
1.183536e+06 1.183536e+06 1.183536e+06 1.183536e+06 1.183536e+06 1.183536e+06 1.183535e+06 1.183535e+06 1.183535e+06 1.183535e+06 1.183534e+06 1.183532e+06 1.183524e+06 1.183497e+06 1.183421e+06 1.183254e+06 1.182942e+06 1.177137e+06 1.160464e+06 1.132417e+06 1.097213e+06 1.060603e+06 1.027051e+06 9.758672e+05 9.437687e+05 9.237694e+05 9.105691e+05 9.011314e+05 8.938123e+05 8.461798e+05 8.068282e+05 7.772214e+05 7.518179e+05
1.195421e+06 1.195421e+06 1.195421e+06 1.195421e+06 1.195421e+06 1.195420e+06 1.195419e+06 1.195411e+06 1.195406e+06 1.195400e+06 1.195384e+06 1.195364e+06 1.195336e+06 1.195286e+06 1.195186e+06 1.194995e+06 1.194656e+06 1.188687e+06 1.171764e+06 1.143342e+06 1.107629e+06 1.070404e+06 1.036187e+06 9.837318e+05 9.506024e+05 9.298285e+05 9.160552e+05 9.061902e+05 8.985474e+05 8.496417e+05 8.092867e+05 7.785469e+05 7.524178e+05
1.205741e+06 1.205741e+06 1.205741e+06 1.205741e+06 1.205741e+06 1.205741e+06 1.205739e+06 1.205732e+06 1.205726e+06 1.205719e+06 1.205702e+06 1.205679e+06 1.205646e+06 1.205590e+06 1.205483e+06 1.205281e+06 1.204931e+06 1.198862e+06 1.181740e+06 1.152987e+06 1.116799e+06 1.078989e+06 1.044135e+06 9.904546e+05 9.563380e+05 9.348312e+05 9.205244e+05 9.102694e+05 9.023378e+05 8.524405e+05 8.113080e+05 7.795805e+05 7.528039e+05
1.214308e+06 1.214308e+06 1.214308e+06 1.214308e+06 1.214308e+06 1.214308e+06 1.214307e+06 1.214302e+06 1.214298e+06 1.214293e+06 1.214281e+06 1.214264e+06 1.214238e+06 1.214190e+06 1.214091e+06 1.213898e+06 1.213555e+06 1.207495e+06 1.190283e+06 1.161287e+06 1.124693e+06 1.086347e+06 1.050892e+06 9.960468e+05 9.609948e+05 9.388029e+05 9.240065e+05 9.134014e+05 9.052176e+05 8.546012e+05 8.129040e+05 7.803292e+05 7.529808e+05
1.221523e+06 1.221523e+06 1.221523e+06 1.221523e+06 1.221523e+06 1.221523e+06 1.221522e+06 1.221518e+06 1.221515e+06 1.221512e+06 1.221503e+06 1.221491e+06 1.221471e+06 1.221430e+06 1.221338e+06 1.221152e+06 1.220817e+06 1.214779e+06 1.197506e+06 1.168305e+06 1.131342e+06 1.092496e+06 1.056474e+06 1.000527e+06 9.645989e+05 9.417759e+05 9.265376e+05 9.156247e+05 9.072264e+05 8.561504e+05 8.140877e+05 7.808003e+05 7.529535e+05
1.227719e+06 1.227719e+06 1.227719e+06 1.227719e+06 1.227719e+06 1.227719e+06 1.227718e+06 1.227714e+06 1.227711e+06 1.227708e+06 1.227698e+06 1.227685e+06 1.227664e+06 1.227621e+06 1.227528e+06 1.227340e+06 1.227002e+06 1.220932e+06 1.203559e+06 1.174133e+06 1.136800e+06 1.097468e+06 1.060903e+06 1.003920e+06 9.671845e+05 9.437903e+05 9.281612e+05 9.169838e+05 9.084084e+05 8.571162e+05 8.148730e+05 7.810020e+05 7.527274e+05
