2.909889e+08 1.990857e+08 1.648241e+08 9.881322e+07 7.868155e+07 4.806340e+07 4.157120e+07 3.766703e+07 3.680028e+07 3.619739e+07 3.536998e+07 3.474677e+07 3.418140e+07 3.362439e+07 3.306271e+07 3.249779e+07 3.193629e+07 2.940129e+07 2.749695e+07 2.606853e+07 2.489770e+07 2.384784e+07 2.285827e+07 2.103022e+07 1.947195e+07 1.821396e+07 1.720643e+07 1.637730e+07 1.566743e+07 1.103069e+07 8.544719e+06 7.108084e+06 6.173865e+06
3.913369e+07 3.913377e+07 3.913399e+07 3.913767e+07 3.913831e+07 3.870587e+07 3.801952e+07 3.640516e+07 3.596646e+07 3.560874e+07 3.503265e+07 3.452557e+07 3.402054e+07 3.349729e+07 3.295551e+07 3.240288e+07 3.184940e+07 2.933424e+07 2.744465e+07 2.602880e+07 2.486722e+07 2.382380e+07 2.283884e+07 2.101723e+07 1.946346e+07 1.820848e+07 1.720264e+07 1.637417e+07 1.566431e+07 1.102432e+07 8.539546e+06 7.104385e+06 6.171153e+06
3.613407e+07 3.613409e+07 3.613416e+07 3.613572e+07 3.613891e+07 3.603727e+07 3.585862e+07 3.555294e+07 3.514967e+07 3.491363e+07 3.460121e+07 3.424055e+07 3.381427e+07 3.333567e+07 3.282064e+07 3.228493e+07 3.174282e+07 2.925670e+07 2.738640e+07 2.598555e+07 2.483451e+07 2.379823e+07 2.281830e+07 2.100361e+07 1.945460e+07 1.820278e+07 1.719869e+07 1.637092e+07 1.566108e+07 1.101787e+07 8.534344e+06 7.100672e+06 6.168434e+06
3.500852e+07 3.500853e+07 3.500856e+07 3.500942e+07 3.501153e+07 3.501227e+07 3.483233e+07 3.499829e+07 3.493941e+07 3.470752e+07 3.423991e+07 3.392368e+07 3.356697e+07 3.313743e+07 3.265477e+07 3.214073e+07 3.161376e+07 2.916762e+07 2.732183e+07 2.593863e+07 2.479948e+07 2.377108e+07 2.279661e+07 2.098933e+07 1.944537e+07 1.819684e+07 1.719457e+07 1.636754e+07 1.565774e+07 1.101135e+07 8.529111e+06 7.096945e+06 6.165707e+06
3.448571e+07 3.448572e+07 3.448574e+07 3.448628e+07 3.448771e+07 3.450324e+07 3.443709e+07 3.437613e+07 3.452254e+07 3.455213e+07 3.421277e+07 3.373851e+07 3.332600e+07 3.291680e+07 3.246133e+07 3.197004e+07 3.146084e+07 2.906601e+07 2.725055e+07 2.588788e+07 2.476206e+07 2.374228e+07 2.277373e+07 2.097439e+07 1.943574e+07 1.819065e+07 1.719029e+07 1.636403e+07 1.565427e+07 1.100477e+07 8.523849e+06 7.093204e+06 6.162972e+06
3.423636e+07 3.423636e+07 3.423638e+07 3.423676e+07 3.423779e+07 3.425355e+07 3.423842e+07 3.406687e+07 3.411961e+07 3.421767e+07 3.415805e+07 3.373963e+07 3.322122e+07 3.272591e+07 3.226057e+07 3.178090e+07 3.128693e+07 2.895120e+07 2.717225e+07 2.583315e+07 2.472215e+07 2.371180e+07 2.274964e+07 2.095876e+07 1.942570e+07 1.818422e+07 1.718584e+07 1.636037e+07 1.565068e+07 1.099811e+07 8.518557e+06 7.089450e+06 6.160231e+06
3.412322e+07 3.412323e+07 3.412324e+07 3.412351e+07 3.412427e+07 3.413743e+07 3.413259e+07 3.394101e+07 3.387791e+07 3.389782e+07 3.394374e+07 3.369612e+07 3.320989e+07 3.265133e+07 3.210427e+07 3.159557e+07 3.110256e+07 2.882319e+07 2.708674e+07 2.577434e+07 2.467969e+07 2.367958e+07 2.272429e+07 2.094242e+07 1.941526e+07 1.817754e+07 1.718121e+07 1.635658e+07 1.564696e+07 1.099138e+07 8.513235e+06 7.085682e+06 6.157482e+06
3.404441e+07 3.404441e+07 3.404441e+07 3.404445e+07 3.404454e+07 3.404055e+07 3.401577e+07 3.383236e+07 3.371666e+07 3.365416e+07 3.365053e+07 3.353003e+07 3.315510e+07 3.261809e+07 3.203267e+07 3.146092e+07 3.092990e+07 2.868302e+07 2.699400e+07 2.571137e+07 2.463462e+07 2.364558e+07 2.269764e+07 2.092535e+07 1.940439e+07 1.817059e+07 1.717639e+07 1.635264e+07 1.564312e+07 1.098458e+07 8.507883e+06 7.081901e+06 6.154726e+06
3.380169e+07 3.380169e+07 3.380170e+07 3.380180e+07 3.380205e+07 3.380519e+07 3.379708e+07 3.366970e+07 3.355591e+07 3.345504e+07 3.336166e+07 3.327591e+07 3.300846e+07 3.254589e+07 3.197603e+07 3.138073e+07 3.080673e+07 2.853324e+07 2.689431e+07 2.564425e+07 2.458691e+07 2.360975e+07 2.266967e+07 2.090754e+07 1.939309e+07 1.816337e+07 1.717140e+07 1.634855e+07 1.563914e+07 1.097770e+07 8.502502e+06 7.078105e+06 6.151962e+06
3.354258e+07 3.354258e+07 3.354259e+07 3.354268e+07 3.354291e+07 3.354671e+07 3.354597e+07 3.346853e+07 3.337773e+07 3.327255e+07 3.310877e+07 3.299298e+07 3.278292e+07 3.240220e+07 3.188432e+07 3.130220e+07 3.071516e+07 2.837830e+07 2.678831e+07 2.557308e+07 2.453654e+07 2.357207e+07 2.264035e+07 2.088896e+07 1.938134e+07 1.815588e+07 1.716620e+07 1.634431e+07 1.563503e+07 1.097075e+07 8.497090e+06 7.074296e+06 6.149191e+06
3.329935e+07 3.329935e+07 3.329935e+07 3.329943e+07 3.329964e+07 3.330345e+07 3.330604e+07 3.326054e+07 3.319287e+07 3.309753e+07 3.289176e+07 3.271876e+07 3.251313e+07 3.218945e+07 3.173436e+07 3.119204e+07 3.061855e+07 2.822505e+07 2.667711e+07 2.549809e+07 2.448356e+07 2.353252e+07 2.260964e+07 2.086959e+07 1.936913e+07 1.814810e+07 1.716082e+07 1.633992e+07 1.563077e+07 1.096373e+07 8.491648e+06 7.070474e+06 6.146413e+06
3.003000e+07 3.003000e+07 3.003000e+07 3.003001e+07 3.003002e+07 3.002989e+07 3.002817e+07 3.001335e+07 2.999476e+07 2.996216e+07 2.983572e+07 2.961729e+07 2.932654e+07 2.900273e+07 2.868190e+07 2.838444e+07 2.811483e+07 2.693441e+07 2.575720e+07 2.472943e+07 2.386339e+07 2.304868e+07 2.222899e+07 2.063061e+07 1.922001e+07 1.805338e+07 1.709503e+07 1.628640e+07 1.557981e+07 1.088939e+07 8.435576e+06 7.031502e+06 6.118232e+06
2.705011e+07 2.705011e+07 2.705011e+07 2.705012e+07 2.705015e+07 2.705100e+07 2.705317e+07 2.705913e+07 2.705997e+07 2.705509e+07 2.701458e+07 2.692299e+07 2.678366e+07 2.660882e+07 2.641334e+07 2.621176e+07 2.601643e+07 2.530872e+07 2.483467e+07 2.421033e+07 2.343311e+07 2.261060e+07 2.180428e+07 2.032295e+07 1.902205e+07 1.792544e+07 1.700475e+07 1.621285e+07 1.551114e+07 1.080727e+07 8.376497e+06 6.991187e+06 6.089335e+06
2.582703e+07 2.582703e+07 2.582703e+07 2.582703e+07 2.582703e+07 2.582718e+07 2.582748e+07 2.582711e+07 2.582418e+07 2.581595e+07 2.577284e+07 2.568756e+07 2.556571e+07 2.541921e+07 2.525960e+07 2.509572e+07 2.493373e+07 2.425595e+07 2.382092e+07 2.343062e+07 2.290960e+07 2.224407e+07 2.150337e+07 2.004477e+07 1.880159e+07 1.777048e+07 1.688971e+07 1.611694e+07 1.542199e+07 1.071706e+07 8.314425e+06 6.949554e+06 6.059736e+06
2.489986e+07 2.489986e+07 2.489986e+07 2.489986e+07 2.489985e+07 2.489952e+07 2.489832e+07 2.489290e+07 2.488721e+07 2.487660e+07 2.483109e+07 2.474753e+07 2.463155e+07 2.449460e+07 2.434764e+07 2.419879e+07 2.405309e+07 2.342269e+07 2.294661e+07 2.256234e+07 2.216896e+07 2.168945e+07 2.111431e+07 1.983684e+07 1.863539e+07 1.761690e+07 1.675902e+07 1.600067e+07 1.531171e+07 1.061851e+07 8.249393e+06 6.906634e+06 6.029451e+06
2.382272e+07 2.382272e+07 2.382272e+07 2.382272e+07 2.382272e+07 2.382269e+07 2.382247e+07 2.382049e+07 2.381705e+07 2.380919e+07 2.377154e+07 2.369954e+07 2.359826e+07 2.347817e+07 2.334938e+07 2.321949e+07 2.309328e+07 2.255691e+07 2.212729e+07 2.174938e+07 2.139442e+07 2.101974e+07 2.059153e+07 1.957802e+07 1.850474e+07 1.751221e+07 1.663841e+07 1.587339e+07 1.518352e+07 1.051151e+07 8.181461e+06 6.862461e+06 5.998498e+06
2.270166e+07 2.270166e+07 2.270166e+07 2.270166e+07 2.270167e+07 2.270171e+07 2.270179e+07 2.270160e+07 2.269988e+07 2.269461e+07 2.266572e+07 2.260772e+07 2.252499e+07 2.242666e+07 2.232150e+07 2.221607e+07 2.211447e+07 2.169327e+07 2.134903e+07 2.101403e+07 2.068595e+07 2.036171e+07 2.002268e+07 1.924071e+07 1.833885e+07 1.741659e+07 1.654730e+07 1.575667e+07 1.504640e+07 1.039610e+07 8.110710e+06 6.817079e+06 5.966896e+06
2.178137e+07 2.178137e+07 2.178137e+07 2.178138e+07 2.178138e+07 2.178147e+07 2.178171e+07 2.178226e+07 2.178128e+07 2.177730e+07 2.175348e+07 2.170438e+07 2.163382e+07 2.154978e+07 2.145996e+07 2.137011e+07 2.128378e+07 2.093063e+07 2.064401e+07 2.035291e+07 2.005591e+07 1.976562e+07 1.947888e+07 1.885706e+07 1.811498e+07 1.728678e+07 1.644765e+07 1.565024e+07 1.491688e+07 1.027255e+07 8.037250e+06 6.770535e+06 5.934667e+06
2.108273e+07 2.108273e+07 2.108273e+07 2.108273e+07 2.108273e+07 2.108267e+07 2.108247e+07 2.108139e+07 2.107941e+07 2.107454e+07 2.105004e+07 2.100225e+07 2.093469e+07 2.085465e+07 2.076918e+07 2.068357e+07 2.060119e+07 2.026456e+07 2.000055e+07 1.974199e+07 1.948043e+07 1.922619e+07 1.897995e+07 1.846376e+07 1.784098e+07 1.710412e+07 1.631155e+07 1.552554e+07 1.478446e+07 1.014133e+07 7.961218e+06 6.722884e+06 5.901834e+06
2.039207e+07 2.039207e+07 2.039207e+07 2.039207e+07 2.039207e+07 2.039201e+07 2.039179e+07 2.039066e+07 2.038872e+07 2.038408e+07 2.036112e+07 2.031656e+07 2.025357e+07 2.017877e+07 2.009860e+07 2.001795e+07 1.993997e+07 1.961878e+07 1.937323e+07 1.914744e+07 1.892911e+07 1.871997e+07 1.851605e+07 1.807799e+07 1.753340e+07 1.686775e+07 1.612513e+07 1.536433e+07 1.463010e+07 1.000318e+07 7.882783e+06 6.674185e+06 5.868422e+06
1.966505e+07 1.966505e+07 1.966505e+07 1.966505e+07 1.966505e+07 1.966497e+07 1.966472e+07 1.966348e+07 1.966156e+07 1.965714e+07 1.963563e+07 1.959413e+07 1.953560e+07 1.946616e+07 1.939177e+07 1.931699e+07 1.924472e+07 1.894887e+07 1.873142e+07 1.854651e+07 1.838030e+07 1.822524e+07 1.806898e+07 1.769908e+07 1.720355e+07 1.658511e+07 1.588592e+07 1.515739e+07 1.444223e+07 9.859129e+06 7.802143e+06 6.624503e+06 5.834455e+06
1.889364e+07 1.889364e+07 1.889364e+07 1.889364e+07 1.889363e+07 1.889357e+07 1.889334e+07 1.889221e+07 1.889044e+07 1.888635e+07 1.886641e+07 1.882799e+07 1.877390e+07 1.870995e+07 1.864174e+07 1.857353e+07 1.850803e+07 1.824658e+07 1.806750e+07 1.793134e+07 1.782311e+07 1.772692e+07 1.762161e+07 1.731702e+07 1.685438e+07 1.626439e+07 1.559852e+07 1.490333e+07 1.421542e+07 9.710488e+06 7.719529e+06 6.573911e+06 5.799964e+06
1.808840e+07 1.808840e+07 1.808840e+07 1.808840e+07 1.808840e+07 1.808833e+07 1.808812e+07 1.808706e+07 1.808541e+07 1.808161e+07 1.806312e+07 1.802759e+07 1.797782e+07 1.791938e+07 1.785765e+07 1.779661e+07 1.773878e+07 1.751869e+07 1.738486e+07 1.730140e+07 1.725218e+07 1.721458e+07 1.715983e+07 1.691917e+07 1.648326e+07 1.591132e+07 1.527025e+07 1.460626e+07 1.394974e+07 9.558880e+06 7.635204e+06 6.522487e+06 5.764976e+06
1.726355e+07 1.726355e+07 1.726355e+07 1.726355e+07 1.726355e+07 1.726349e+07 1.726332e+07 1.726244e+07 1.726099e+07 1.725756e+07 1.724067e+07 1.720815e+07 1.716279e+07 1.711003e+07 1.705500e+07 1.700146e+07 1.695168e+07 1.677548e+07 1.668862e+07 1.665707e+07 1.666359e+07 1.668040e+07 1.667298e+07 1.649469e+07 1.608590e+07 1.552944e+07 1.490869e+07 1.427323e+07 1.364930e+07 9.406324e+06 7.549465e+06 6.470314e+06 5.729522e+06
1.644362e+07 1.644362e+07 1.644362e+07 1.644362e+07 1.644361e+07 1.644357e+07 1.644343e+07 1.644271e+07 1.644144e+07 1.643835e+07 1.642291e+07 1.639313e+07 1.635179e+07 1.630416e+07 1.625516e+07 1.620834e+07 1.616578e+07 1.602911e+07 1.598498e+07 1.600010e+07 1.605579e+07 1.612039e+07 1.615539e+07 1.603739e+07 1.565973e+07 1.512165e+07 1.452084e+07 1.391228e+07 1.332059e+07 9.255618e+06 7.462635e+06 6.417481e+06 5.693635e+06
1.564763e+07 1.564763e+07 1.564763e+07 1.564763e+07 1.564763e+07 1.564760e+07 1.564751e+07 1.564696e+07 1.564587e+07 1.564310e+07 1.562903e+07 1.560179e+07 1.556411e+07 1.552104e+07 1.547726e+07 1.543612e+07 1.539955e+07 1.529465e+07 1.528469e+07 1.533743e+07 1.543297e+07 1.553698e+07 1.560832e+07 1.554738e+07 1.520574e+07 1.469164e+07 1.411326e+07 1.353136e+07 1.297107e+07 9.107469e+06 7.375073e+06 6.364084e+06 5.657349e+06
1.489225e+07 1.489225e+07 1.489225e+07 1.489225e+07 1.489225e+07 1.489223e+07 1.489216e+07 1.489174e+07 1.489080e+07 1.488831e+07 1.487547e+07 1.485049e+07 1.481601e+07 1.477683e+07 1.473739e+07 1.470082e+07 1.466893e+07 1.458732e+07 1.460142e+07 1.468087e+07 1.480545e+07 1.493936e+07 1.503993e+07 1.503087e+07 1.472886e+07 1.424457e+07 1.369232e+07 1.313788e+07 1.260816e+07 8.960462e+06 7.287162e+06 6.310222e+06 5.620699e+06
1.418639e+07 1.418639e+07 1.418639e+07 1.418639e+07 1.418639e+07 1.418638e+07 1.418632e+07 1.418598e+07 1.418514e+07 1.418287e+07 1.417102e+07 1.414794e+07 1.411615e+07 1.408018e+07 1.404422e+07 1.401122e+07 1.398286e+07 1.391734e+07 1.394666e+07 1.404282e+07 1.418607e+07 1.434042e+07 1.446275e+07 1.449829e+07 1.423703e+07 1.378693e+07 1.326434e+07 1.273853e+07 1.223867e+07 8.813904e+06 7.199314e+06 6.256001e+06 5.583720e+06
1.353002e+07 1.353002e+07 1.353002e+07 1.353002e+07 1.353002e+07 1.353001e+07 1.352996e+07 1.352967e+07 1.352890e+07 1.352681e+07 1.351583e+07 1.349441e+07 1.346493e+07 1.343169e+07 1.339862e+07 1.336851e+07 1.334292e+07 1.328877e+07 1.332727e+07 1.343268e+07 1.358629e+07 1.375290e+07 1.388995e+07 1.396155e+07 1.373956e+07 1.332586e+07 1.283540e+07 1.233920e+07 1.186852e+07 8.667438e+06 7.111973e+06 6.201533e+06 5.546452e+06
1.292022e+07 1.292022e+07 1.292022e+07 1.292022e+07 1.292022e+07 1.292021e+07 1.292017e+07 1.291992e+07 1.291923e+07 1.291730e+07 1.290711e+07 1.288720e+07 1.285985e+07 1.282907e+07 1.279858e+07 1.277100e+07 1.274778e+07 1.270247e+07 1.274653e+07 1.285629e+07 1.301432e+07 1.318687e+07 1.333271e+07 1.343174e+07 1.324558e+07 1.286834e+07 1.241110e+07 1.194494e+07 1.150265e+07 8.520942e+06 7.025616e+06 6.146931e+06 5.508932e+06
1.235652e+07 1.235652e+07 1.235652e+07 1.235652e+07 1.235652e+07 1.235651e+07 1.235649e+07 1.235629e+07 1.235567e+07 1.235390e+07 1.234446e+07 1.232594e+07 1.230049e+07 1.227192e+07 1.224371e+07 1.221831e+07 1.219710e+07 1.215863e+07 1.220574e+07 1.231658e+07 1.247501e+07 1.264899e+07 1.279902e+07 1.291771e+07 1.276286e+07 1.242050e+07 1.199627e+07 1.155990e+07 1.114503e+07 8.374492e+06 6.940781e+06 6.092317e+06 5.471202e+06
1.183809e+07 1.183809e+07 1.183809e+07 1.183809e+07 1.183809e+07 1.183808e+07 1.183806e+07 1.183789e+07 1.183730e+07 1.183565e+07 1.182679e+07 1.180943e+07 1.178560e+07 1.175889e+07 1.173258e+07 1.170900e+07 1.168942e+07 1.165597e+07 1.170435e+07 1.181417e+07 1.197040e+07 1.214278e+07 1.229369e+07 1.242562e+07 1.229735e+07 1.198724e+07 1.159477e+07 1.118733e+07 1.079872e+07 8.228330e+06 6.858165e+06 6.037813e+06 5.433302e+06
1.135898e+07 1.135898e+07 1.135898e+07 1.135898e+07 1.135898e+07 1.135898e+07 1.135897e+07 1.135887e+07 1.135836e+07 1.135685e+07 1.134864e+07 1.133246e+07 1.131022e+07 1.128531e+07 1.126084e+07 1.123896e+07 1.122088e+07 1.119171e+07 1.124040e+07 1.134800e+07 1.150054e+07 1.166945e+07 1.181902e+07 1.195922e+07 1.185307e+07 1.157210e+07 1.120949e+07 1.082963e+07 1.046590e+07 8.082830e+06 6.778209e+06 5.983548e+06 5.395276e+06
1.091941e+07 1.091941e+07 1.091941e+07 1.091941e+07 1.091941e+07 1.091941e+07 1.091939e+07 1.091924e+07 1.091873e+07 1.091727e+07 1.090946e+07 1.089416e+07 1.087318e+07 1.084972e+07 1.082672e+07 1.080622e+07 1.078935e+07 1.076334e+07 1.081159e+07 1.091628e+07 1.106433e+07 1.122869e+07 1.137553e+07 1.152036e+07 1.143243e+07 1.117739e+07 1.084236e+07 1.048844e+07 1.014809e+07 7.938460e+06 6.700470e+06 5.929654e+06 5.357167e+06
1.051330e+07 1.051330e+07 1.051330e+07 1.051330e+07 1.051330e+07 1.051329e+07 1.051328e+07 1.051318e+07 1.051272e+07 1.051137e+07 1.050406e+07 1.048967e+07 1.046994e+07 1.044787e+07 1.042626e+07 1.040703e+07 1.039127e+07 1.036793e+07 1.041539e+07 1.051690e+07 1.066009e+07 1.081938e+07 1.096264e+07 1.110949e+07 1.103651e+07 1.080436e+07 1.049452e+07 1.016470e+07 9.846172e+06 7.795751e+06 6.624661e+06 5.876270e+06 5.319020e+06
1.013840e+07 1.013840e+07 1.013840e+07 1.013840e+07 1.013840e+07 1.013839e+07 1.013839e+07 1.013830e+07 1.013787e+07 1.013660e+07 1.012970e+07 1.011612e+07 1.009749e+07 1.007669e+07 1.005634e+07 1.003829e+07 1.002355e+07 1.000273e+07 1.004940e+07 1.014769e+07 1.028595e+07 1.043993e+07 1.057915e+07 1.072619e+07 1.066548e+07 1.045345e+07 1.016644e+07 9.858832e+06 9.560548e+06 7.655251e+06 6.550578e+06 5.823540e+06 5.280881e+06
9.791670e+06 9.791670e+06 9.791670e+06 9.791670e+06 9.791670e+06 9.791672e+06 9.791677e+06 9.791632e+06 9.791262e+06 9.790099e+06 9.783660e+06 9.770917e+06 9.753417e+06 9.733879e+06 9.714796e+06 9.697908e+06 9.684176e+06 9.665810e+06 9.711629e+06 9.806672e+06 9.939983e+06 1.008857e+07 1.022349e+07 1.036944e+07 1.031884e+07 1.012449e+07 9.858079e+06 9.570842e+06 9.291247e+06 7.517498e+06 6.478059e+06 5.771619e+06 5.242798e+06
9.474604e+06 9.474604e+06 9.474604e+06 9.474604e+06 9.474604e+06 9.474602e+06 9.474597e+06 9.474518e+06 9.474143e+06 9.473015e+06 9.466856e+06 9.454723e+06 9.438092e+06 9.419551e+06 9.401469e+06 9.385496e+06 9.372542e+06 9.355786e+06 9.400294e+06 9.491889e+06 9.620211e+06 9.763401e+06 9.893906e+06 1.003790e+07 9.995694e+06 9.816890e+06 9.569038e+06 9.300407e+06 9.038010e+06 7.382988e+06 6.406970e+06 5.720681e+06 5.204818e+06
9.182836e+06 9.182836e+06 9.182836e+06 9.182836e+06 9.182836e+06 9.182837e+06 9.182838e+06 9.182780e+06 9.182434e+06 9.181369e+06 9.175529e+06 9.164004e+06 9.148199e+06 9.130575e+06 9.113387e+06 9.098207e+06 9.085904e+06 9.070176e+06 9.113040e+06 9.201105e+06 9.324517e+06 9.462428e+06 9.588551e+06 9.730059e+06 9.694881e+06 9.529813e+06 9.298660e+06 9.046985e+06 8.800375e+06 7.252161e+06 6.337198e+06 5.670947e+06 5.166992e+06
8.913173e+06 8.913173e+06 8.913173e+06 8.913173e+06 8.913173e+06 8.913172e+06 8.913169e+06 8.913098e+06 8.912756e+06 8.911727e+06 8.906124e+06 8.895097e+06 8.879991e+06 8.863156e+06 8.846746e+06 8.832262e+06 8.820533e+06 8.805749e+06 8.847154e+06 8.931971e+06 9.050790e+06 9.183703e+06 9.305604e+06 9.444357e+06 9.415134e+06 9.262243e+06 9.046127e+06 8.809881e+06 8.577735e+06 7.125381e+06 6.268650e+06 5.622651e+06 5.129369e+06
8.660239e+06 8.660239e+06 8.660239e+06 8.660239e+06 8.660240e+06 8.660241e+06 8.660247e+06 8.660213e+06 8.659912e+06 8.658963e+06 8.653704e+06 8.643301e+06 8.629033e+06 8.613138e+06 8.597665e+06 8.584040e+06 8.573053e+06 8.559986e+06 8.600538e+06 8.682594e+06 8.797242e+06 8.925503e+06 9.043402e+06 9.179286e+06 9.155153e+06 9.013092e+06 8.810524e+06 8.588304e+06 8.369390e+06 7.002937e+06 6.201250e+06 5.575611e+06 5.092003e+06
8.426987e+06 8.426987e+06 8.426987e+06 8.426987e+06 8.426987e+06 8.426987e+06 8.426988e+06 8.426940e+06 8.426644e+06 8.425730e+06 8.420701e+06 8.410776e+06 8.397182e+06 8.382059e+06 8.367366e+06 8.354464e+06 8.344102e+06 8.332495e+06 8.372258e+06 8.451757e+06 8.562506e+06 8.686383e+06 8.800472e+06 8.933417e+06 8.913646e+06 8.781241e+06 8.590888e+06 8.381409e+06 8.174587e+06 6.885032e+06 6.134939e+06 5.529660e+06 5.054949e+06
8.211291e+06 8.211291e+06 8.211291e+06 8.211291e+06 8.211291e+06 8.211294e+06 8.211304e+06 8.211292e+06 8.211034e+06 8.210190e+06 8.205457e+06 8.196063e+06 8.183176e+06 8.168839e+06 8.154923e+06 8.142725e+06 8.132961e+06 8.122616e+06 8.161446e+06 8.238386e+06 8.345361e+06 8.465034e+06 8.575456e+06 8.705400e+06 8.689361e+06 8.565574e+06 8.386236e+06 8.188326e+06 7.992542e+06 6.771797e+06 6.069674e+06 5.484674e+06 5.018265e+06
8.014281e+06 8.014281e+06 8.014281e+06 8.014281e+06 8.014281e+06 8.014280e+06 8.014278e+06 8.014224e+06 8.013946e+06 8.013103e+06 8.008496e+06 7.999426e+06 7.987021e+06 7.973243e+06 7.959884e+06 7.948190e+06 7.938845e+06 7.929173e+06 7.966836e+06 8.041195e+06 8.144509e+06 8.260148e+06 8.367043e+06 8.493947e+06 8.481087e+06 8.364996e+06 8.195594e+06 8.008182e+06 7.822465e+06 6.663289e+06 6.005424e+06 5.440553e+06 4.982014e+06
7.830407e+06 7.830407e+06 7.830407e+06 7.830407e+06 7.830407e+06 7.830410e+06 7.830417e+06 7.830400e+06 7.830160e+06 7.829382e+06 7.825041e+06 7.816437e+06 7.804646e+06 7.791545e+06 7.778849e+06 7.767748e+06 7.758898e+06 7.750141e+06 7.786788e+06 7.858741e+06 7.958611e+06 8.070435e+06 8.173966e+06 8.297828e+06 8.287664e+06 8.178445e+06 8.018004e+06 7.840113e+06 7.663570e+06 6.559500e+06 5.942171e+06 5.397205e+06 4.946268e+06
7.660784e+06 7.660784e+06 7.660784e+06 7.660784e+06 7.660784e+06 7.660784e+06 7.660783e+06 7.660739e+06 7.660490e+06 7.659724e+06 7.655523e+06 7.647242e+06 7.635918e+06 7.623354e+06 7.611197e+06 7.600587e+06 7.592152e+06 7.584197e+06 7.619977e+06 7.689767e+06 7.786463e+06 7.894716e+06 7.995058e+06 8.115892e+06 8.107989e+06 8.004899e+06 7.852537e+06 7.683279e+06 7.515089e+06 6.460370e+06 5.879904e+06 5.354547e+06 4.911117e+06
7.502311e+06 7.502311e+06 7.502311e+06 7.502311e+06 7.502311e+06 7.502314e+06 7.502321e+06 7.502307e+06 7.502085e+06 7.501372e+06 7.497390e+06 7.489506e+06 7.478717e+06 7.466751e+06 7.455189e+06 7.445126e+06 7.437161e+06 7.430288e+06 7.465473e+06 7.533350e+06 7.627106e+06 7.731989e+06 7.829276e+06 7.947068e+06 7.941021e+06 7.843383e+06 7.698301e+06 7.536865e+06 7.376277e+06 6.365789e+06 5.818623e+06 5.312505e+06 4.876688e+06
7.355780e+06 7.355780e+06 7.355780e+06 7.355780e+06 7.355780e+06 7.355784e+06 7.355793e+06 7.355792e+06 7.355591e+06 7.354921e+06 7.351145e+06 7.343645e+06 7.333378e+06 7.322003e+06 7.311035e+06 7.301522e+06 7.294034e+06 7.288290e+06 7.322903e+06 7.388902e+06 7.479788e+06 7.581387e+06 7.675681e+06 7.790356e+06 7.785776e+06 7.692972e+06 7.554443e+06 7.400090e+06 7.246417e+06 6.275614e+06 5.758330e+06 5.271010e+06 4.842923e+06
7.223375e+06 7.223375e+06 7.223375e+06 7.223375e+06 7.223375e+06 7.223378e+06 7.223389e+06 7.223391e+06 7.223197e+06 7.222551e+06 7.218908e+06 7.211676e+06 7.201777e+06 7.190811e+06 7.180237e+06 7.171068e+06 7.163853e+06 7.158384e+06 7.191918e+06 7.255794e+06 7.343726e+06 7.442038e+06 7.533350e+06 7.644799e+06 7.641319e+06 7.552783e+06 7.420147e+06 7.272208e+06 7.124821e+06 6.189669e+06 5.699030e+06 5.229997e+06 4.809718e+06
7.102191e+06 7.102191e+06 7.102191e+06 7.102191e+06 7.102191e+06 7.102191e+06 7.102190e+06 7.102150e+06 7.101935e+06 7.101282e+06 7.097703e+06 7.090660e+06 7.081048e+06 7.070410e+06 7.060158e+06 7.051267e+06 7.044267e+06 7.038873e+06 7.071213e+06 7.132913e+06 7.217899e+06 7.312963e+06 7.401325e+06 7.509467e+06 7.506760e+06 7.421983e+06 7.294643e+06 7.152510e+06 7.010836e+06 6.107757e+06 5.640732e+06 5.189409e+06 4.777001e+06
6.987850e+06 6.987850e+06 6.987850e+06 6.987850e+06 6.987850e+06 6.987853e+06 6.987860e+06 6.987857e+06 6.987676e+06 6.987076e+06 6.983703e+06 6.977006e+06 6.967841e+06 6.957691e+06 6.947912e+06 6.939439e+06 6.932784e+06 6.927932e+06 6.959331e+06 7.019023e+06 7.101206e+06 7.193149e+06 7.278648e+06 7.383466e+06 7.381254e+06 7.299780e+06 7.177201e+06 7.040322e+06 6.903843e+06 6.029665e+06 5.583441e+06 5.149195e+06 4.744713e+06
6.883287e+06 6.883287e+06 6.883287e+06 6.883287e+06 6.883287e+06 6.883287e+06 6.883286e+06 6.883248e+06 6.883048e+06 6.882440e+06 6.879115e+06 6.872574e+06 6.863652e+06 6.853785e+06 6.844285e+06 6.836058e+06 6.829597e+06 6.824882e+06 6.855313e+06 6.913123e+06 6.992678e+06 7.081667e+06 7.164423e+06 7.265952e+06 7.264005e+06 7.185433e+06 7.067132e+06 6.935012e+06 6.803255e+06 5.955171e+06 5.527163e+06 5.109309e+06 4.712801e+06
6.783783e+06 6.783783e+06 6.783783e+06 6.783783e+06 6.783783e+06 6.783785e+06 6.783790e+06 6.783776e+06 6.783599e+06 6.783031e+06 6.779869e+06 6.773616e+06 6.765074e+06 6.755629e+06 6.746543e+06 6.738689e+06 6.732542e+06 6.728431e+06 6.758203e+06 6.814372e+06 6.891509e+06 6.977719e+06 7.057858e+06 7.156152e+06 7.154274e+06 7.078247e+06 6.963793e+06 6.835985e+06 6.708523e+06 5.884047e+06 5.471898e+06 5.069711e+06 4.681218e+06
6.690631e+06 6.690631e+06 6.690631e+06 6.690631e+06 6.690631e+06 6.690632e+06 6.690637e+06 6.690627e+06 6.690461e+06 6.689920e+06 6.686894e+06 6.680903e+06 6.672721e+06 6.663684e+06 6.655009e+06 6.647535e+06 6.641717e+06 6.638343e+06 6.667591e+06 6.722244e+06 6.797091e+06 6.880645e+06 6.958262e+06 7.053360e+06 7.051378e+06 6.977578e+06 6.866583e+06 6.742683e+06 6.619131e+06 5.816061e+06 5.417644e+06 5.030365e+06 4.649922e+06
6.605187e+06 6.605187e+06 6.605187e+06 6.605187e+06 6.605187e+06 6.605189e+06 6.605196e+06 6.605192e+06 6.605035e+06 6.604517e+06 6.601605e+06 6.595827e+06 6.587933e+06 6.579213e+06 6.570844e+06 6.563636e+06 6.558030e+06 6.554882e+06 6.583309e+06 6.636332e+06 6.708895e+06 6.789851e+06 6.865008e+06 6.956930e+06 6.954687e+06 6.882826e+06 6.774943e+06 6.654588e+06 6.534597e+06 5.750987e+06 5.364394e+06 4.991242e+06 4.618872e+06
6.526731e+06 6.526731e+06 6.526731e+06 6.526731e+06 6.526731e+06 6.526731e+06 6.526728e+06 6.526689e+06 6.526512e+06 6.525979e+06 6.523083e+06 6.517402e+06 6.509666e+06 6.501130e+06 6.492937e+06 6.485875e+06 6.480373e+06 6.477091e+06 6.504566e+06 6.555957e+06 6.626293e+06 6.704731e+06 6.777494e+06 6.866266e+06 6.863622e+06 6.793443e+06 6.688355e+06 6.571218e+06 6.454471e+06 5.688601e+06 5.312139e+06 4.952318e+06 4.588031e+06
6.450397e+06 6.450397e+06 6.450397e+06 6.450397e+06 6.450397e+06 6.450398e+06 6.450402e+06 6.450389e+06 6.450234e+06 6.449739e+06 6.446987e+06 6.441551e+06 6.434135e+06 6.425952e+06 6.418108e+06 6.411363e+06 6.406128e+06 6.403392e+06 6.430351e+06 6.480378e+06 6.548667e+06 6.624713e+06 6.695166e+06 6.780824e+06 6.777652e+06 6.708920e+06 6.606343e+06 6.492126e+06 6.378336e+06 5.628684e+06 5.260861e+06 4.913571e+06 4.557365e+06
6.378204e+06 6.378204e+06 6.378204e+06 6.378204e+06 6.378204e+06 6.378205e+06 6.378209e+06 6.378199e+06 6.378053e+06 6.377580e+06 6.374939e+06 6.369717e+06 6.362597e+06 6.354753e+06 6.347253e+06 6.340830e+06 6.335879e+06 6.333852e+06 6.360468e+06 6.409264e+06 6.475610e+06 6.549348e+06 6.617551e+06 6.700112e+06 6.696291e+06 6.628791e+06 6.528464e+06 6.416897e+06 6.305807e+06 5.571027e+06 5.210540e+06 4.874988e+06 4.526843e+06
6.311606e+06 6.311606e+06 6.311606e+06 6.311606e+06 6.311606e+06 6.311608e+06 6.311613e+06 6.311608e+06 6.311469e+06 6.311015e+06 6.308469e+06 6.303426e+06 6.296550e+06 6.288977e+06 6.281743e+06 6.275558e+06 6.270803e+06 6.269069e+06 6.295055e+06 6.342468e+06 6.406817e+06 6.478247e+06 6.544219e+06 6.623678e+06 6.619094e+06 6.552626e+06 6.454313e+06 6.345151e+06 6.236524e+06 5.515429e+06 5.161153e+06 4.836555e+06 4.496436e+06
6.250603e+06 6.250603e+06 6.250603e+06 6.250603e+06 6.250603e+06 6.250603e+06 6.250603e+06 6.250578e+06 6.250429e+06 6.249971e+06 6.247459e+06 6.242517e+06 6.235791e+06 6.228386e+06 6.221308e+06 6.215249e+06 6.210580e+06 6.208661e+06 6.233696e+06 6.279554e+06 6.341844e+06 6.410968e+06 6.474731e+06 6.551091e+06 6.545643e+06 6.480029e+06 6.383514e+06 6.276534e+06 6.170158e+06 5.461701e+06 5.112671e+06 4.798264e+06 4.466118e+06
6.192453e+06 6.192453e+06 6.192453e+06 6.192453e+06 6.192453e+06 6.192453e+06 6.192453e+06 6.192427e+06 6.192281e+06 6.191834e+06 6.189386e+06 6.184572e+06 6.178019e+06 6.170802e+06 6.163898e+06 6.157979e+06 6.153406e+06 6.151333e+06 6.175451e+06 6.219808e+06 6.280113e+06 6.347014e+06 6.408636e+06 6.481945e+06 6.475553e+06 6.410632e+06 6.315718e+06 6.210720e+06 6.106403e+06 5.409660e+06 5.065064e+06 4.760109e+06 4.435867e+06
6.135837e+06 6.135837e+06 6.135837e+06 6.135837e+06 6.135837e+06 6.135837e+06 6.135836e+06 6.135808e+06 6.135665e+06 6.135230e+06 6.132851e+06 6.128178e+06 6.121820e+06 6.114821e+06 6.108128e+06 6.102394e+06 6.097971e+06 6.096044e+06 6.119523e+06 6.162607e+06 6.221116e+06 6.285940e+06 6.345526e+06 6.415862e+06 6.408467e+06 6.344096e+06 6.250608e+06 6.147409e+06 6.044977e+06 5.359139e+06 5.018296e+06 4.722088e+06 4.405661e+06
6.080423e+06 6.080423e+06 6.080423e+06 6.080423e+06 6.080423e+06 6.080423e+06 6.080425e+06 6.080410e+06 6.080279e+06 6.079866e+06 6.077584e+06 6.073085e+06 6.066959e+06 6.060220e+06 6.053785e+06 6.048288e+06 6.044065e+06 6.042561e+06 6.065649e+06 6.107670e+06 6.164553e+06 6.227433e+06 6.285079e+06 6.352513e+06 6.344057e+06 6.280108e+06 6.187887e+06 6.086324e+06 5.985622e+06 5.309979e+06 4.972333e+06 4.684200e+06 4.375483e+06
6.027404e+06 6.027404e+06 6.027404e+06 6.027405e+06 6.027405e+06 6.027405e+06 6.027407e+06 6.027392e+06 6.027266e+06 6.026868e+06 6.024661e+06 6.020310e+06 6.014389e+06 6.007881e+06 6.001679e+06 5.996395e+06 5.992355e+06 5.991234e+06 6.013953e+06 6.054961e+06 6.110282e+06 6.171283e+06 6.227038e+06 6.291602e+06 6.282026e+06 6.218381e+06 6.127285e+06 6.027212e+06 5.928099e+06 5.262032e+06 4.927137e+06 4.646445e+06 4.345318e+06
5.977251e+06 5.977251e+06 5.977251e+06 5.977251e+06 5.977251e+06 5.977252e+06 5.977253e+06 5.977240e+06 5.977117e+06 5.976731e+06 5.974588e+06 5.970362e+06 5.964614e+06 5.958299e+06 5.952285e+06 5.947167e+06 5.943264e+06 5.942314e+06 5.964521e+06 6.004442e+06 6.058174e+06 6.117296e+06 6.171167e+06 6.232854e+06 6.222098e+06 6.158651e+06 6.068554e+06 5.969839e+06 5.872191e+06 5.215162e+06 4.882669e+06 4.608826e+06 4.315153e+06
5.929814e+06 5.929814e+06 5.929814e+06 5.929814e+06 5.929814e+06 5.929815e+06 5.929816e+06 5.929801e+06 5.929679e+06 5.929300e+06 5.927204e+06 5.923077e+06 5.917464e+06 5.911298e+06 5.905425e+06 5.900425e+06 5.896608e+06 5.895617e+06 5.917168e+06 5.955909e+06 6.008004e+06 6.065225e+06 6.117207e+06 6.176006e+06 6.164015e+06 6.100676e+06 6.011466e+06 5.913994e+06 5.817699e+06 5.169244e+06 4.838891e+06 4.571347e+06 4.284979e+06
5.884198e+06 5.884198e+06 5.884198e+06 5.884198e+06 5.884198e+06 5.884198e+06 5.884197e+06 5.884174e+06 5.884050e+06 5.883673e+06 5.881615e+06 5.877573e+06 5.872081e+06 5.866049e+06 5.860302e+06 5.855407e+06 5.851665e+06 5.850598e+06 5.871466e+06 5.909004e+06 5.959448e+06 6.014772e+06 6.064877e+06 6.120798e+06 6.107540e+06 6.044234e+06 5.955814e+06 5.859482e+06 5.764443e+06 5.124161e+06 4.795762e+06 4.534011e+06 4.254788e+06
5.839325e+06 5.839325e+06 5.839325e+06 5.839325e+06 5.839325e+06 5.839325e+06 5.839325e+06 5.839306e+06 5.839188e+06 5.838824e+06 5.836827e+06 5.832900e+06 5.827562e+06 5.821700e+06 5.816116e+06 5.811362e+06 5.807730e+06 5.806715e+06 5.826958e+06 5.863324e+06 5.912151e+06 5.965618e+06 6.013887e+06 6.066984e+06 6.052452e+06 5.989121e+06 5.901409e+06 5.806129e+06 5.712257e+06 5.079809e+06 4.753244e+06 4.496823e+06 4.224574e+06
5.795566e+06 5.795566e+06 5.795566e+06 5.795566e+06 5.795566e+06 5.795566e+06 5.795566e+06 5.795547e+06 5.795432e+06 5.795077e+06 5.793132e+06 5.789305e+06 5.784104e+06 5.778389e+06 5.772945e+06 5.768306e+06 5.764760e+06 5.763696e+06 5.783279e+06 5.818498e+06 5.865771e+06 5.917460e+06 5.963969e+06 6.014342e+06 5.998552e+06 5.935156e+06 5.848082e+06 5.753775e+06 5.660994e+06 5.036093e+06 4.711301e+06 4.459788e+06 4.194334e+06
5.752685e+06 5.752685e+06 5.752685e+06 5.752685e+06 5.752685e+06 5.752684e+06 5.752680e+06 5.752644e+06 5.752519e+06 5.752158e+06 5.750224e+06 5.746449e+06 5.741329e+06 5.735707e+06 5.730348e+06 5.725776e+06 5.722271e+06 5.721041e+06 5.739990e+06 5.774162e+06 5.820009e+06 5.870046e+06 5.914902e+06 5.962685e+06 5.945670e+06 5.882176e+06 5.795680e+06 5.702277e+06 5.610520e+06 4.992925e+06 4.669893e+06 4.422913e+06 4.164067e+06
5.708487e+06 5.708487e+06 5.708487e+06 5.708487e+06 5.708487e+06 5.708486e+06 5.708482e+06 5.708446e+06 5.708325e+06 5.707974e+06 5.706094e+06 5.702428e+06 5.697459e+06 5.692007e+06 5.686818e+06 5.682401e+06 5.679029e+06 5.678062e+06 5.696706e+06 5.730075e+06 5.774684e+06 5.823219e+06 5.866537e+06 5.911863e+06 5.893656e+06 5.830039e+06 5.744067e+06 5.651506e+06 5.560714e+06 4.950230e+06 4.628987e+06 4.386201e+06 4.133772e+06
5.663411e+06 5.663411e+06 5.663411e+06 5.663411e+06 5.663411e+06 5.663411e+06 5.663413e+06 5.663401e+06 5.663299e+06 5.662979e+06 5.661203e+06 5.657705e+06 5.652952e+06 5.647741e+06 5.642795e+06 5.638608e+06 5.635440e+06 5.635052e+06 5.653606e+06 5.686322e+06 5.729809e+06 5.776938e+06 5.818797e+06 5.861762e+06 5.842383e+06 5.778616e+06 5.693121e+06 5.601349e+06 5.511471e+06 4.907939e+06 4.588548e+06 4.349659e+06 4.103453e+06
5.620292e+06 5.620292e+06 5.620292e+06 5.620292e+06 5.620292e+06 5.620293e+06 5.620294e+06 5.620282e+06 5.620182e+06 5.619869e+06 5.618137e+06 5.614728e+06 5.610100e+06 5.605032e+06 5.600228e+06 5.596169e+06 5.593110e+06 5.592914e+06 5.611162e+06 5.643128e+06 5.685469e+06 5.731207e+06 5.771635e+06 5.812286e+06 5.791739e+06 5.727793e+06 5.642731e+06 5.551703e+06 5.462694e+06 4.865990e+06 4.548545e+06 4.313292e+06 4.073111e+06
5.578494e+06 5.578494e+06 5.578494e+06 5.578494e+06 5.578494e+06 5.578494e+06 5.578492e+06 5.578466e+06 5.578359e+06 5.578043e+06 5.576329e+06 5.572978e+06 5.568439e+06 5.563470e+06 5.558762e+06 5.554784e+06 5.551784e+06 5.551556e+06 5.569341e+06 5.600467e+06 5.641626e+06 5.685969e+06 5.724979e+06 5.763336e+06 5.741617e+06 5.677465e+06 5.592800e+06 5.502476e+06 5.414299e+06 4.824332e+06 4.508947e+06 4.277105e+06 4.042753e+06
5.536365e+06 5.536365e+06 5.536365e+06 5.536365e+06 5.536365e+06 5.536364e+06 5.536362e+06 5.536338e+06 5.536234e+06 5.535927e+06 5.534262e+06 5.531004e+06 5.526591e+06 5.521764e+06 5.517195e+06 5.513342e+06 5.510444e+06 5.510360e+06 5.527780e+06 5.558120e+06 5.598132e+06 5.641108e+06 5.678721e+06 5.714809e+06 5.691916e+06 5.627537e+06 5.543238e+06 5.453588e+06 5.366214e+06 4.782917e+06 4.469728e+06 4.241102e+06 4.012383e+06
5.494237e+06 5.494237e+06 5.494237e+06 5.494237e+06 5.494237e+06 5.494237e+06 5.494236e+06 5.494217e+06 5.494120e+06 5.493824e+06 5.492211e+06 5.489048e+06 5.484763e+06 5.480080e+06 5.475653e+06 5.471928e+06 5.469138e+06 5.469242e+06 5.486353e+06 5.515955e+06 5.554861e+06 5.596505e+06 5.632748e+06 5.666601e+06 5.642540e+06 5.577922e+06 5.493970e+06 5.404968e+06 5.318376e+06 4.741708e+06 4.430860e+06 4.205288e+06 3.982009e+06
5.452700e+06 5.452700e+06 5.452700e+06 5.452699e+06 5.452699e+06 5.452699e+06 5.452698e+06 5.452679e+06 5.452583e+06 5.452293e+06 5.450713e+06 5.447621e+06 5.443434e+06 5.438859e+06 5.434536e+06 5.430901e+06 5.428182e+06 5.428332e+06 5.445067e+06 5.473916e+06 5.511727e+06 5.552059e+06 5.586957e+06 5.618612e+06 5.593399e+06 5.528543e+06 5.444926e+06 5.356559e+06 5.270730e+06 4.700672e+06 4.392322e+06 4.169668e+06 3.951639e+06
5.411315e+06 5.411315e+06 5.411315e+06 5.411315e+06 5.411315e+06 5.411314e+06 5.411312e+06 5.411288e+06 5.411190e+06 5.410902e+06 5.409350e+06 5.406318e+06 5.402217e+06 5.397738e+06 5.393508e+06 5.389953e+06 5.387295e+06 5.387457e+06 5.403803e+06 5.431903e+06 5.468632e+06 5.507673e+06 5.541250e+06 5.570752e+06 5.544417e+06 5.479334e+06 5.396051e+06 5.308310e+06 5.223233e+06 4.659780e+06 4.354091e+06 4.134245e+06 3.921281e+06
5.369446e+06 5.369446e+06 5.369446e+06 5.369446e+06 5.369446e+06 5.369446e+06 5.369443e+06 5.369419e+06 5.369324e+06 5.369044e+06 5.367532e+06 5.364578e+06 5.360583e+06 5.356223e+06 5.352111e+06 5.348661e+06 5.346091e+06 5.346384e+06 5.362413e+06 5.389800e+06 5.425473e+06 5.463250e+06 5.495534e+06 5.522943e+06 5.495529e+06 5.430241e+06 5.347298e+06 5.260181e+06 5.175851e+06 4.619013e+06 4.316150e+06 4.099023e+06 3.890943e+06
5.327410e+06 5.327410e+06 5.327410e+06 5.327410e+06 5.327410e+06 5.327410e+06 5.327409e+06 5.327391e+06 5.327301e+06 5.327032e+06 5.325565e+06 5.322693e+06 5.318807e+06 5.314570e+06 5.310577e+06 5.307235e+06 5.304754e+06 5.305175e+06 5.320878e+06 5.347547e+06 5.382172e+06 5.418707e+06 5.449733e+06 5.475121e+06 5.446684e+06 5.381222e+06 5.298634e+06 5.212143e+06 5.128557e+06 4.578354e+06 4.278481e+06 4.064005e+06 3.860635e+06
5.285787e+06 5.285787e+06 5.285787e+06 5.285787e+06 5.285787e+06 5.285786e+06 5.285785e+06 5.285767e+06 5.285679e+06 5.285414e+06 5.283975e+06 5.281160e+06 5.277352e+06 5.273198e+06 5.269283e+06 5.266003e+06 5.263566e+06 5.263916e+06 5.279171e+06 5.305070e+06 5.338645e+06 5.373967e+06 5.403778e+06 5.427239e+06 5.397848e+06 5.332250e+06 5.250033e+06 5.164174e+06 5.081332e+06 4.537790e+06 4.241071e+06 4.029196e+06 3.830367e+06
5.244031e+06 5.244031e+06 5.244031e+06 5.244031e+06 5.244031e+06 5.244030e+06 5.244027e+06 5.243998e+06 5.243904e+06 5.243636e+06 5.242207e+06 5.239428e+06 5.235674e+06 5.231580e+06 5.227719e+06 5.224480e+06 5.222065e+06 5.222269e+06 5.237055e+06 5.262206e+06 5.294780e+06 5.328953e+06 5.357616e+06 5.379267e+06 5.348998e+06 5.283308e+06 5.201482e+06 5.116262e+06 5.034165e+06 4.497314e+06 4.203906e+06 3.994598e+06 3.800148e+06
5.200927e+06 5.200927e+06 5.200927e+06 5.200927e+06 5.200926e+06 5.200925e+06 5.200922e+06 5.200893e+06 5.200801e+06 5.200539e+06 5.199143e+06 5.196428e+06 5.192763e+06 5.188769e+06 5.185005e+06 5.181851e+06 5.179506e+06 5.179788e+06 5.194279e+06 5.218816e+06 5.250502e+06 5.283625e+06 5.311226e+06 5.331198e+06 5.300132e+06 5.234390e+06 5.152974e+06 5.068400e+06 4.987050e+06 4.456923e+06 4.166977e+06 3.960213e+06 3.769989e+06
5.156717e+06 5.156717e+06 5.156717e+06 5.156717e+06 5.156717e+06 5.156716e+06 5.156715e+06 5.156697e+06 5.156615e+06 5.156368e+06 5.155026e+06 5.152403e+06 5.148856e+06 5.144992e+06 5.141358e+06 5.138323e+06 5.136081e+06 5.136599e+06 5.150927e+06 5.174963e+06 5.205859e+06 5.238020e+06 5.264637e+06 5.283048e+06 5.251254e+06 5.185498e+06 5.104508e+06 5.020588e+06 4.939988e+06 4.416616e+06 4.130275e+06 3.926046e+06 3.739900e+06
5.112718e+06 5.112718e+06 5.112718e+06 5.112718e+06 5.112718e+06 5.112718e+06 5.112717e+06 5.112699e+06 5.112618e+06 5.112377e+06 5.111065e+06 5.108501e+06 5.105037e+06 5.101266e+06 5.097723e+06 5.094770e+06 5.092595e+06 5.093217e+06 5.107326e+06 5.130856e+06 5.160990e+06 5.192233e+06 5.217914e+06 5.234850e+06 5.202383e+06 5.136641e+06 5.056091e+06 4.972831e+06 4.892983e+06 4.376395e+06 4.093793e+06 3.892098e+06 3.709890e+06
5.069038e+06 5.069038e+06 5.069038e+06 5.069038e+06 5.069038e+06 5.069038e+06 5.069036e+06 5.069016e+06 5.068935e+06 5.068696e+06 5.067407e+06 5.064889e+06 5.061490e+06 5.057791e+06 5.054315e+06 5.051418e+06 5.049283e+06 5.049884e+06 5.063686e+06 5.086664e+06 5.116025e+06 5.146359e+06 5.171128e+06 5.186639e+06 5.153538e+06 5.087830e+06 5.007732e+06 4.925135e+06 4.846042e+06 4.336266e+06 4.057527e+06 3.858373e+06 3.679969e+06
5.025351e+06 5.025351e+06 5.025351e+06 5.025351e+06 5.025351e+06 5.025350e+06 5.025348e+06 5.025329e+06 5.025249e+06 5.025015e+06 5.023751e+06 5.021284e+06 5.017953e+06 5.014328e+06 5.010921e+06 5.008082e+06 5.005990e+06 5.006564e+06 5.020041e+06 5.042449e+06 5.071027e+06 5.100457e+06 5.124325e+06 5.138445e+06 5.104735e+06 5.039079e+06 4.959440e+06 4.877513e+06 4.799178e+06 4.296237e+06 4.021474e+06 3.824873e+06 3.650148e+06
4.981550e+06 4.981550e+06 4.981550e+06 4.981550e+06 4.981550e+06 4.981549e+06 4.981548e+06 4.981528e+06 4.981450e+06 4.981221e+06 4.979984e+06 4.977569e+06 4.974310e+06 4.970762e+06 4.967430e+06 4.964654e+06 4.962610e+06 4.963188e+06 4.976356e+06 4.998201e+06 5.026004e+06 5.054542e+06 5.077524e+06 5.090283e+06 5.055988e+06 4.990398e+06 4.911230e+06 4.829978e+06 4.752404e+06 4.256318e+06 3.985630e+06 3.791600e+06 3.620435e+06
4.937662e+06 4.937662e+06 4.937662e+06 4.937662e+06 4.937662e+06 4.937661e+06 4.937660e+06 4.937641e+06 4.937564e+06 4.937340e+06 4.936128e+06 4.933763e+06 4.930571e+06 4.927098e+06 4.923837e+06 4.921121e+06 4.919123e+06 4.919708e+06 4.932582e+06 4.953884e+06 4.980934e+06 5.008603e+06 5.030722e+06 5.042158e+06 5.007306e+06 4.941801e+06 4.863113e+06 4.782544e+06 4.705737e+06 4.216521e+06 3.949996e+06 3.758557e+06 3.590840e+06
4.893706e+06 4.893706e+06 4.893706e+06 4.893706e+06 4.893706e+06 4.893705e+06 4.893704e+06 4.893685e+06 4.893610e+06 4.893389e+06 4.892200e+06 4.889879e+06 4.886747e+06 4.883340e+06 4.880141e+06 4.877478e+06 4.875519e+06 4.876093e+06 4.888682e+06 4.909466e+06 4.935794e+06 4.962624e+06 4.983910e+06 4.994073e+06 4.958696e+06 4.893298e+06 4.815106e+06 4.735230e+06 4.659197e+06 4.176858e+06 3.914571e+06 3.725747e+06 3.561372e+06
