5.314294e+05 4.467077e+05 4.407714e+05 4.288068e+05 4.233739e+05 3.970920e+05 3.821789e+05 3.648702e+05 3.588965e+05 3.539410e+05 3.461165e+05 3.401874e+05 3.355555e+05 3.318780e+05 3.289394e+05 3.265942e+05 3.247384e+05 3.205533e+05 3.214185e+05 3.247514e+05 3.293052e+05 3.344574e+05 3.398716e+05 3.507464e+05 3.609872e+05 3.701503e+05 3.780541e+05 3.846704e+05 3.900566e+05 3.996467e+05 3.774867e+05 3.502224e+05 3.239510e+05
3.770629e+05 3.770637e+05 3.770660e+05 3.771068e+05 3.771298e+05 3.736714e+05 3.694949e+05 3.570312e+05 3.529669e+05 3.492220e+05 3.428191e+05 3.376989e+05 3.335931e+05 3.302880e+05 3.276290e+05 3.255027e+05 3.238240e+05 3.201867e+05 3.213307e+05 3.248195e+05 3.294634e+05 3.346684e+05 3.401136e+05 3.510146e+05 3.612564e+05 3.704070e+05 3.782909e+05 3.848835e+05 3.902446e+05 3.996516e+05 3.774308e+05 3.501508e+05 3.238781e+05
3.588983e+05 3.588985e+05 3.588991e+05 3.589123e+05 3.589365e+05 3.576973e+05 3.553136e+05 3.506363e+05 3.457161e+05 3.424797e+05 3.380857e+05 3.342918e+05 3.310199e+05 3.282742e+05 3.260144e+05 3.241874e+05 3.227418e+05 3.197771e+05 3.212358e+05 3.248925e+05 3.296301e+05 3.348888e+05 3.403648e+05 3.512907e+05 3.615319e+05 3.706686e+05 3.785315e+05 3.850995e+05 3.904346e+05 3.996560e+05 3.773744e+05 3.500787e+05 3.238049e+05
3.473352e+05 3.473353e+05 3.473355e+05 3.473418e+05 3.473560e+05 3.471493e+05 3.447335e+05 3.443262e+05 3.426204e+05 3.393381e+05 3.334704e+05 3.302894e+05 3.279079e+05 3.258476e+05 3.240917e+05 3.226419e+05 3.214864e+05 3.193237e+05 3.211339e+05 3.249704e+05 3.298055e+05 3.351186e+05 3.406251e+05 3.515747e+05 3.618137e+05 3.709352e+05 3.787757e+05 3.853181e+05 3.906266e+05 3.996598e+05 3.773173e+05 3.500063e+05 3.237315e+05
3.390628e+05 3.390628e+05 3.390630e+05 3.390667e+05 3.390758e+05 3.390741e+05 3.379567e+05 3.357758e+05 3.363263e+05 3.358470e+05 3.317010e+05 3.273894e+05 3.247957e+05 3.232039e+05 3.219381e+05 3.208979e+05 3.200709e+05 3.188264e+05 3.210253e+05 3.250534e+05 3.299896e+05 3.353579e+05 3.408947e+05 3.518664e+05 3.621018e+05 3.712066e+05 3.790237e+05 3.855395e+05 3.908204e+05 3.996630e+05 3.772597e+05 3.499334e+05 3.236577e+05
3.328080e+05 3.328080e+05 3.328081e+05 3.328108e+05 3.328176e+05 3.328659e+05 3.324015e+05 3.297558e+05 3.297679e+05 3.303204e+05 3.295337e+05 3.262752e+05 3.230502e+05 3.209257e+05 3.198055e+05 3.190745e+05 3.185550e+05 3.182886e+05 3.209100e+05 3.251414e+05 3.301823e+05 3.356066e+05 3.411733e+05 3.521659e+05 3.623960e+05 3.714828e+05 3.792753e+05 3.857635e+05 3.910162e+05 3.996656e+05 3.772015e+05 3.498601e+05 3.235836e+05
3.279115e+05 3.279115e+05 3.279116e+05 3.279135e+05 3.279186e+05 3.279787e+05 3.278004e+05 3.257044e+05 3.249950e+05 3.251579e+05 3.260022e+05 3.248782e+05 3.223574e+05 3.199331e+05 3.182596e+05 3.174353e+05 3.170763e+05 3.177197e+05 3.207891e+05 3.252344e+05 3.303834e+05 3.358643e+05 3.414608e+05 3.524729e+05 3.626964e+05 3.717638e+05 3.795305e+05 3.859901e+05 3.912138e+05 3.996677e+05 3.771427e+05 3.497864e+05 3.235092e+05
3.240096e+05 3.240096e+05 3.240097e+05 3.240111e+05 3.240150e+05 3.240755e+05 3.240284e+05 3.226243e+05 3.216856e+05 3.213091e+05 3.221144e+05 3.225882e+05 3.214766e+05 3.195544e+05 3.177483e+05 3.164890e+05 3.158908e+05 3.171402e+05 3.206654e+05 3.253326e+05 3.305928e+05 3.361310e+05 3.417570e+05 3.527874e+05 3.630027e+05 3.720494e+05 3.797891e+05 3.862193e+05 3.914131e+05 3.996691e+05 3.770834e+05 3.497122e+05 3.234345e+05
3.208720e+05 3.208720e+05 3.208720e+05 3.208733e+05 3.208766e+05 3.209341e+05 3.209497e+05 3.200830e+05 3.192318e+05 3.185820e+05 3.187543e+05 3.198138e+05 3.200008e+05 3.190542e+05 3.176231e+05 3.163101e+05 3.154129e+05 3.165855e+05 3.205439e+05 3.254368e+05 3.308102e+05 3.364063e+05 3.420617e+05 3.531091e+05 3.633150e+05 3.723396e+05 3.800512e+05 3.864509e+05 3.916142e+05 3.996699e+05 3.770234e+05 3.496377e+05 3.233596e+05
3.183326e+05 3.183326e+05 3.183327e+05 3.183337e+05 3.183365e+05 3.183896e+05 3.184354e+05 3.179344e+05 3.172778e+05 3.165934e+05 3.161907e+05 3.171365e+05 3.180864e+05 3.181491e+05 3.174222e+05 3.163986e+05 3.154871e+05 3.161106e+05 3.204334e+05 3.255485e+05 3.310358e+05 3.366901e+05 3.423745e+05 3.534380e+05 3.636331e+05 3.726343e+05 3.803167e+05 3.866850e+05 3.918169e+05 3.996701e+05 3.769629e+05 3.495627e+05 3.232843e+05
3.162668e+05 3.162668e+05 3.162668e+05 3.162676e+05 3.162699e+05 3.163182e+05 3.163822e+05 3.161271e+05 3.156670e+05 3.150746e+05 3.143481e+05 3.149027e+05 3.160838e+05 3.168873e+05 3.169413e+05 3.164436e+05 3.157603e+05 3.157963e+05 3.203473e+05 3.256702e+05 3.312698e+05 3.369821e+05 3.426953e+05 3.537739e+05 3.639568e+05 3.729334e+05 3.805854e+05 3.869214e+05 3.920212e+05 3.996696e+05 3.769018e+05 3.494873e+05 3.232087e+05
3.120676e+05 3.120676e+05 3.120676e+05 3.120680e+05 3.120690e+05 3.120982e+05 3.121751e+05 3.124068e+05 3.125350e+05 3.126541e+05 3.128174e+05 3.128494e+05 3.128447e+05 3.130118e+05 3.135340e+05 3.144714e+05 3.157565e+05 3.226260e+05 3.261688e+05 3.296271e+05 3.346682e+05 3.405027e+05 3.463534e+05 3.574756e+05 3.674694e+05 3.761367e+05 3.834292e+05 3.893952e+05 3.941366e+05 3.996251e+05 3.762568e+05 3.487097e+05 3.224363e+05
3.248001e+05 3.248001e+05 3.248001e+05 3.248003e+05 3.248008e+05 3.248169e+05 3.248647e+05 3.250294e+05 3.251353e+05 3.252513e+05 3.254970e+05 3.257341e+05 3.259327e+05 3.260789e+05 3.261908e+05 3.263195e+05 3.265330e+05 3.301982e+05 3.361986e+05 3.407886e+05 3.442099e+05 3.477664e+05 3.519887e+05 3.619338e+05 3.714308e+05 3.796440e+05 3.864785e+05 3.919998e+05 3.963250e+05 3.994984e+05 3.755479e+05 3.478884e+05 3.216334e+05
3.398644e+05 3.398644e+05 3.398645e+05 3.398646e+05 3.398649e+05 3.398753e+05 3.399052e+05 3.400106e+05 3.400791e+05 3.401529e+05 3.403025e+05 3.404393e+05 3.405511e+05 3.406299e+05 3.406712e+05 3.406771e+05 3.406598e+05 3.412101e+05 3.446357e+05 3.498917e+05 3.547542e+05 3.586075e+05 3.619103e+05 3.686127e+05 3.761608e+05 3.834692e+05 3.896633e+05 3.946481e+05 3.985035e+05 3.992731e+05 3.747709e+05 3.470221e+05 3.207994e+05
3.503333e+05 3.503333e+05 3.503333e+05 3.503334e+05 3.503336e+05 3.503415e+05 3.503647e+05 3.504520e+05 3.505135e+05 3.505843e+05 3.507460e+05 3.509246e+05 3.511116e+05 3.513011e+05 3.514881e+05 3.516676e+05 3.518364e+05 3.526524e+05 3.545675e+05 3.584873e+05 3.634917e+05 3.682478e+05 3.721471e+05 3.779486e+05 3.829397e+05 3.880487e+05 3.930883e+05 3.973313e+05 4.006251e+05 3.989331e+05 3.739221e+05 3.461095e+05 3.199338e+05
3.614299e+05 3.614299e+05 3.614299e+05 3.614300e+05 3.614302e+05 3.614382e+05 3.614619e+05 3.615519e+05 3.616165e+05 3.616931e+05 3.618790e+05 3.621040e+05 3.623617e+05 3.626454e+05 3.629474e+05 3.632600e+05 3.635755e+05 3.650276e+05 3.664912e+05 3.689046e+05 3.725776e+05 3.768873e+05 3.810109e+05 3.871900e+05 3.911303e+05 3.942575e+05 3.972438e+05 4.002114e+05 4.027319e+05 3.984631e+05 3.729977e+05 3.451495e+05 3.190364e+05
3.766892e+05 3.766892e+05 3.766892e+05 3.766892e+05 3.766895e+05 3.766962e+05 3.767160e+05 3.767847e+05 3.768310e+05 3.768841e+05 3.770085e+05 3.771533e+05 3.773145e+05 3.774884e+05 3.776716e+05 3.778605e+05 3.780517e+05 3.789372e+05 3.796608e+05 3.807174e+05 3.826969e+05 3.856179e+05 3.890054e+05 3.950904e+05 3.989082e+05 4.010533e+05 4.025091e+05 4.037752e+05 4.050205e+05 3.978503e+05 3.719944e+05 3.441412e+05 3.181067e+05
3.914579e+05 3.914579e+05 3.914579e+05 3.914579e+05 3.914579e+05 3.914592e+05 3.914625e+05 3.914737e+05 3.914814e+05 3.914903e+05 3.915118e+05 3.915376e+05 3.915674e+05 3.916007e+05 3.916374e+05 3.916769e+05 3.917186e+05 3.919222e+05 3.920375e+05 3.922207e+05 3.929142e+05 3.944069e+05 3.966050e+05 4.016309e+05 4.053937e+05 4.072661e+05 4.078969e+05 4.079858e+05 4.079101e+05 3.970858e+05 3.709091e+05 3.430835e+05 3.171444e+05
4.016517e+05 4.016517e+05 4.016517e+05 4.016517e+05 4.016518e+05 4.016535e+05 4.016582e+05 4.016747e+05 4.016861e+05 4.016995e+05 4.017317e+05 4.017706e+05 4.018148e+05 4.018632e+05 4.019146e+05 4.019678e+05 4.020215e+05 4.022549e+05 4.023253e+05 4.022309e+05 4.022417e+05 4.027032e+05 4.037707e+05 4.071644e+05 4.104552e+05 4.122868e+05 4.126395e+05 4.120760e+05 4.111051e+05 3.961670e+05 3.697397e+05 3.419758e+05 3.161492e+05
4.097143e+05 4.097143e+05 4.097143e+05 4.097143e+05 4.097144e+05 4.097168e+05 4.097238e+05 4.097503e+05 4.097692e+05 4.097916e+05 4.098455e+05 4.099102e+05 4.099834e+05 4.100631e+05 4.101470e+05 4.102332e+05 4.103193e+05 4.106848e+05 4.108094e+05 4.106284e+05 4.102875e+05 4.100806e+05 4.102592e+05 4.119272e+05 4.143153e+05 4.159756e+05 4.163135e+05 4.155234e+05 4.140587e+05 3.950984e+05 3.684847e+05 3.408175e+05 3.151211e+05
4.176228e+05 4.176228e+05 4.176228e+05 4.176229e+05 4.176229e+05 4.176254e+05 4.176326e+05 4.176571e+05 4.176727e+05 4.176898e+05 4.177276e+05 4.177683e+05 4.178105e+05 4.178527e+05 4.178936e+05 4.179320e+05 4.179668e+05 4.180557e+05 4.179319e+05 4.175367e+05 4.169198e+05 4.162663e+05 4.158057e+05 4.159607e+05 4.172284e+05 4.184674e+05 4.188009e+05 4.180315e+05 4.164073e+05 3.938939e+05 3.671437e+05 3.396084e+05 3.140598e+05
4.243779e+05 4.243779e+05 4.243779e+05 4.243779e+05 4.243779e+05 4.243766e+05 4.243726e+05 4.243571e+05 4.243466e+05 4.243346e+05 4.243067e+05 4.242741e+05 4.242373e+05 4.241965e+05 4.241522e+05 4.241046e+05 4.240539e+05 4.237511e+05 4.233348e+05 4.227417e+05 4.219506e+05 4.210441e+05 4.201862e+05 4.191974e+05 4.193577e+05 4.199808e+05 4.201876e+05 4.195097e+05 4.179414e+05 3.925778e+05 3.657172e+05 3.383482e+05 3.129654e+05
4.273806e+05 4.273806e+05 4.273806e+05 4.273806e+05 4.273806e+05 4.273805e+05 4.273799e+05 4.273771e+05 4.273747e+05 4.273717e+05 4.273638e+05 4.273532e+05 4.273395e+05 4.273223e+05 4.273012e+05 4.272760e+05 4.272465e+05 4.270269e+05 4.266609e+05 4.261000e+05 4.253149e+05 4.243437e+05 4.233014e+05 4.215647e+05 4.207815e+05 4.207105e+05 4.206481e+05 4.200155e+05 4.185938e+05 3.911870e+05 3.642075e+05 3.370372e+05 3.118379e+05
4.284939e+05 4.284939e+05 4.284939e+05 4.284939e+05 4.284939e+05 4.284946e+05 4.284967e+05 4.285044e+05 4.285099e+05 4.285164e+05 4.285318e+05 4.285494e+05 4.285682e+05 4.285869e+05 4.286046e+05 4.286200e+05 4.286323e+05 4.286142e+05 4.284048e+05 4.279553e+05 4.272469e+05 4.263037e+05 4.252069e+05 4.230402e+05 4.215353e+05 4.207962e+05 4.203650e+05 4.196842e+05 4.184050e+05 3.897762e+05 3.626182e+05 3.356760e+05 3.106775e+05
4.294810e+05 4.294810e+05 4.294810e+05 4.294810e+05 4.294810e+05 4.294817e+05 4.294834e+05 4.294898e+05 4.294941e+05 4.294991e+05 4.295105e+05 4.295225e+05 4.295341e+05 4.295440e+05 4.295512e+05 4.295550e+05 4.295546e+05 4.294692e+05 4.292096e+05 4.287428e+05 4.280479e+05 4.271281e+05 4.260278e+05 4.236470e+05 4.216418e+05 4.203291e+05 4.194912e+05 4.186723e+05 4.174792e+05 3.884349e+05 3.609543e+05 3.342654e+05 3.094844e+05
4.301282e+05 4.301282e+05 4.301282e+05 4.301282e+05 4.301282e+05 4.301272e+05 4.301242e+05 4.301124e+05 4.301038e+05 4.300933e+05 4.300674e+05 4.300357e+05 4.299989e+05 4.299578e+05 4.299126e+05 4.298638e+05 4.298114e+05 4.294982e+05 4.290869e+05 4.285451e+05 4.278371e+05 4.269420e+05 4.258715e+05 4.234338e+05 4.211267e+05 4.193692e+05 4.181412e+05 4.171236e+05 4.159448e+05 3.871689e+05 3.592230e+05 3.328067e+05 3.082590e+05
4.286282e+05 4.286282e+05 4.286282e+05 4.286282e+05 4.286281e+05 4.286278e+05 4.286267e+05 4.286219e+05 4.286182e+05 4.286134e+05 4.286009e+05 4.285843e+05 4.285632e+05 4.285376e+05 4.285075e+05 4.284729e+05 4.284339e+05 4.281758e+05 4.278086e+05 4.273130e+05 4.266628e+05 4.258388e+05 4.248412e+05 4.224708e+05 4.200279e+05 4.179618e+05 4.163977e+05 4.151558e+05 4.139281e+05 3.858936e+05 3.574331e+05 3.313015e+05 3.070019e+05
4.259427e+05 4.259427e+05 4.259427e+05 4.259427e+05 4.259427e+05 4.259431e+05 4.259440e+05 4.259469e+05 4.259488e+05 4.259508e+05 4.259553e+05 4.259596e+05 4.259632e+05 4.259654e+05 4.259657e+05 4.259635e+05 4.259581e+05 4.258670e+05 4.256395e+05 4.252554e+05 4.247039e+05 4.239776e+05 4.230775e+05 4.208528e+05 4.183989e+05 4.161487e+05 4.143212e+05 4.128597e+05 4.115388e+05 3.845525e+05 3.555955e+05 3.297520e+05 3.057137e+05
4.233345e+05 4.233345e+05 4.233345e+05 4.233345e+05 4.233345e+05 4.233348e+05 4.233358e+05 4.233389e+05 4.233409e+05 4.233432e+05 4.233481e+05 4.233528e+05 4.233566e+05 4.233587e+05 4.233583e+05 4.233551e+05 4.233484e+05 4.232531e+05 4.230373e+05 4.226874e+05 4.221931e+05 4.215442e+05 4.207356e+05 4.186867e+05 4.163046e+05 4.139728e+05 4.119585e+05 4.103029e+05 4.088660e+05 3.831026e+05 3.537234e+05 3.281606e+05 3.043951e+05
4.208182e+05 4.208182e+05 4.208182e+05 4.208182e+05 4.208181e+05 4.208174e+05 4.208149e+05 4.208048e+05 4.207974e+05 4.207887e+05 4.207680e+05 4.207436e+05 4.207159e+05 4.206853e+05 4.206522e+05 4.206165e+05 4.205786e+05 4.203562e+05 4.200743e+05 4.197141e+05 4.192515e+05 4.186650e+05 4.179395e+05 4.160742e+05 4.138139e+05 4.114780e+05 4.093482e+05 4.075355e+05 4.059779e+05 3.815114e+05 3.518326e+05 3.265303e+05 3.030471e+05
4.171465e+05 4.171465e+05 4.171465e+05 4.171465e+05 4.171465e+05 4.171462e+05 4.171453e+05 4.171412e+05 4.171380e+05 4.171340e+05 4.171240e+05 4.171111e+05 4.170957e+05 4.170778e+05 4.170575e+05 4.170349e+05 4.170100e+05 4.168517e+05 4.166322e+05 4.163350e+05 4.159400e+05 4.154290e+05 4.147884e+05 4.131065e+05 4.109936e+05 4.087081e+05 4.065234e+05 4.045950e+05 4.029258e+05 3.797560e+05 3.499433e+05 3.248648e+05 3.016708e+05
4.129651e+05 4.129651e+05 4.129651e+05 4.129651e+05 4.129651e+05 4.129655e+05 4.129667e+05 4.129709e+05 4.129739e+05 4.129774e+05 4.129855e+05 4.129945e+05 4.130038e+05 4.130128e+05 4.130209e+05 4.130278e+05 4.130328e+05 4.130183e+05 4.129151e+05 4.127073e+05 4.123869e+05 4.119471e+05 4.113815e+05 4.098653e+05 4.079050e+05 4.057043e+05 4.035134e+05 4.015102e+05 3.997473e+05 3.778230e+05 3.480846e+05 3.231680e+05 3.002673e+05
4.093476e+05 4.093476e+05 4.093476e+05 4.093476e+05 4.093476e+05 4.093479e+05 4.093488e+05 4.093519e+05 4.093541e+05 4.093567e+05 4.093626e+05 4.093688e+05 4.093747e+05 4.093797e+05 4.093833e+05 4.093853e+05 4.093852e+05 4.093470e+05 4.092313e+05 4.090260e+05 4.087237e+05 4.083172e+05 4.077997e+05 4.064152e+05 4.045999e+05 4.025038e+05 4.003438e+05 3.983034e+05 3.964698e+05 3.757075e+05 3.462744e+05 3.214445e+05 2.988381e+05
4.060755e+05 4.060755e+05 4.060755e+05 4.060755e+05 4.060755e+05 4.060750e+05 4.060732e+05 4.060659e+05 4.060605e+05 4.060541e+05 4.060385e+05 4.060199e+05 4.059988e+05 4.059756e+05 4.059505e+05 4.059237e+05 4.058954e+05 4.057323e+05 4.055303e+05 4.052777e+05 4.049601e+05 4.045637e+05 4.040767e+05 4.027990e+05 4.011191e+05 3.991386e+05 3.970376e+05 3.949932e+05 3.931138e+05 3.734126e+05 3.444861e+05 3.196992e+05 2.973847e+05
4.020390e+05 4.020390e+05 4.020390e+05 4.020390e+05 4.020390e+05 4.020388e+05 4.020382e+05 4.020353e+05 4.020330e+05 4.020302e+05 4.020226e+05 4.020126e+05 4.020000e+05 4.019848e+05 4.019671e+05 4.019469e+05 4.019243e+05 4.017796e+05 4.015874e+05 4.013451e+05 4.010436e+05 4.006721e+05 4.002204e+05 3.990451e+05 3.974951e+05 3.956368e+05 3.936157e+05 3.915953e+05 3.896948e+05 3.709475e+05 3.427011e+05 3.179380e+05 2.959088e+05
3.976374e+05 3.976374e+05 3.976374e+05 3.976374e+05 3.976374e+05 3.976375e+05 3.976377e+05 3.976382e+05 3.976384e+05 3.976386e+05 3.976384e+05 3.976375e+05 3.976358e+05 3.976332e+05 3.976294e+05 3.976243e+05 3.976177e+05 3.975564e+05 3.974364e+05 3.972499e+05 3.969932e+05 3.966627e+05 3.962538e+05 3.951816e+05 3.937571e+05 3.920240e+05 3.900976e+05 3.881241e+05 3.862255e+05 3.683266e+05 3.409058e+05 3.161673e+05 2.944124e+05
3.933849e+05 3.933849e+05 3.933849e+05 3.933849e+05 3.933849e+05 3.933851e+05 3.933857e+05 3.933879e+05 3.933893e+05 3.933910e+05 3.933946e+05 3.933982e+05 3.934015e+05 3.934041e+05 3.934057e+05 3.934061e+05 3.934050e+05 3.933699e+05 3.932752e+05 3.931146e+05 3.928861e+05 3.925877e+05 3.922163e+05 3.912389e+05 3.899332e+05 3.883245e+05 3.865021e+05 3.845931e+05 3.827166e+05 3.655675e+05 3.390890e+05 3.143943e+05 2.928975e+05
3.894699e+05 3.894699e+05 3.894699e+05 3.894699e+05 3.894699e+05 3.894698e+05 3.894695e+05 3.894679e+05 3.894665e+05 3.894646e+05 3.894593e+05 3.894522e+05 3.894431e+05 3.894323e+05 3.894199e+05 3.894060e+05 3.893906e+05 3.892928e+05 3.891593e+05 3.889842e+05 3.887602e+05 3.884803e+05 3.881380e+05 3.872445e+05 3.860489e+05 3.845610e+05 3.828472e+05 3.810154e+05 3.791779e+05 3.626899e+05 3.372414e+05 3.126277e+05 2.913663e+05
3.853263e+05 3.853263e+05 3.853263e+05 3.853263e+05 3.853263e+05 3.853260e+05 3.853253e+05 3.853223e+05 3.853200e+05 3.853172e+05 3.853099e+05 3.853004e+05 3.852889e+05 3.852755e+05 3.852604e+05 3.852436e+05 3.852254e+05 3.851165e+05 3.849803e+05 3.848122e+05 3.846039e+05 3.843471e+05 3.840347e+05 3.832203e+05 3.821270e+05 3.807541e+05 3.791497e+05 3.774034e+05 3.756183e+05 3.597144e+05 3.353558e+05 3.108793e+05 2.898213e+05
3.808701e+05 3.808701e+05 3.808701e+05 3.808701e+05 3.808701e+05 3.808701e+05 3.808704e+05 3.808709e+05 3.808711e+05 3.808711e+05 3.808709e+05 3.808701e+05 3.808687e+05 3.808666e+05 3.808637e+05 3.808599e+05 3.808551e+05 3.808124e+05 3.807310e+05 3.806051e+05 3.804312e+05 3.802060e+05 3.799261e+05 3.791870e+05 3.781876e+05 3.769224e+05 3.754250e+05 3.737690e+05 3.720461e+05 3.566612e+05 3.334262e+05 3.091617e+05 2.882651e+05
3.765845e+05 3.765845e+05 3.765845e+05 3.765845e+05 3.765845e+05 3.765847e+05 3.765853e+05 3.765874e+05 3.765889e+05 3.765906e+05 3.765946e+05 3.765991e+05 3.766038e+05 3.766083e+05 3.766123e+05 3.766155e+05 3.766176e+05 3.766064e+05 3.765506e+05 3.764469e+05 3.762944e+05 3.760923e+05 3.758384e+05 3.751640e+05 3.742483e+05 3.730819e+05 3.716872e+05 3.701228e+05 3.684692e+05 3.535496e+05 3.314484e+05 3.074653e+05 2.867005e+05
3.727264e+05 3.727264e+05 3.727264e+05 3.727264e+05 3.727264e+05 3.727261e+05 3.727253e+05 3.727218e+05 3.727194e+05 3.727165e+05 3.727098e+05 3.727019e+05 3.726931e+05 3.726836e+05 3.726733e+05 3.726623e+05 3.726506e+05 3.725812e+05 3.724899e+05 3.723705e+05 3.722171e+05 3.720243e+05 3.717875e+05 3.711653e+05 3.703227e+05 3.692460e+05 3.679481e+05 3.664746e+05 3.648945e+05 3.503971e+05 3.294199e+05 3.057809e+05 2.851306e+05
3.686910e+05 3.686910e+05 3.686910e+05 3.686910e+05 3.686910e+05 3.686909e+05 3.686905e+05 3.686891e+05 3.686879e+05 3.686863e+05 3.686820e+05 3.686762e+05 3.686686e+05 3.686595e+05 3.686490e+05 3.686371e+05 3.686240e+05 3.685445e+05 3.684457e+05 3.683253e+05 3.681774e+05 3.679958e+05 3.677750e+05 3.671990e+05 3.664212e+05 3.654255e+05 3.642179e+05 3.628328e+05 3.613286e+05 3.472197e+05 3.273392e+05 3.041023e+05 2.835588e+05
3.645016e+05 3.645016e+05 3.645016e+05 3.645016e+05 3.645016e+05 3.645016e+05 3.645016e+05 3.645016e+05 3.645016e+05 3.645014e+05 3.645008e+05 3.644997e+05 3.644980e+05 3.644958e+05 3.644930e+05 3.644896e+05 3.644854e+05 3.644513e+05 3.643900e+05 3.642972e+05 3.641701e+05 3.640066e+05 3.638040e+05 3.632712e+05 3.625510e+05 3.616285e+05 3.605046e+05 3.592048e+05 3.577770e+05 3.440313e+05 3.252064e+05 3.024244e+05 2.819889e+05
3.604395e+05 3.604395e+05 3.604395e+05 3.604395e+05 3.604395e+05 3.604397e+05 3.604401e+05 3.604418e+05 3.604430e+05 3.604443e+05 3.604475e+05 3.604510e+05 3.604547e+05 3.604581e+05 3.604612e+05 3.604636e+05 3.604653e+05 3.604571e+05 3.604154e+05 3.603375e+05 3.602232e+05 3.600723e+05 3.598838e+05 3.593873e+05 3.587180e+05 3.578615e+05 3.568152e+05 3.555968e+05 3.542450e+05 3.408437e+05 3.230228e+05 3.007429e+05 2.804251e+05
3.567316e+05 3.567316e+05 3.567316e+05 3.567316e+05 3.567316e+05 3.567314e+05 3.567308e+05 3.567284e+05 3.567267e+05 3.567248e+05 3.567202e+05 3.567150e+05 3.567092e+05 3.567027e+05 3.566957e+05 3.566880e+05 3.566798e+05 3.566288e+05 3.565589e+05 3.564661e+05 3.563470e+05 3.561985e+05 3.560178e+05 3.555502e+05 3.549258e+05 3.541294e+05 3.531551e+05 3.520141e+05 3.507371e+05 3.376669e+05 3.207907e+05 2.990542e+05 2.788731e+05
3.529483e+05 3.529483e+05 3.529483e+05 3.529483e+05 3.529483e+05 3.529482e+05 3.529479e+05 3.529465e+05 3.529453e+05 3.529438e+05 3.529397e+05 3.529343e+05 3.529274e+05 3.529192e+05 3.529098e+05 3.528993e+05 3.528879e+05 3.528198e+05 3.527365e+05 3.526369e+05 3.525169e+05 3.523723e+05 3.521998e+05 3.517596e+05 3.511769e+05 3.504361e+05 3.495290e+05 3.484615e+05 3.472573e+05 3.345090e+05 3.185131e+05 2.973551e+05 2.773403e+05
3.490195e+05 3.490195e+05 3.490195e+05 3.490195e+05 3.490195e+05 3.490195e+05 3.490195e+05 3.490191e+05 3.490188e+05 3.490184e+05 3.490172e+05 3.490156e+05 3.490135e+05 3.490109e+05 3.490076e+05 3.490037e+05 3.489990e+05 3.489637e+05 3.489062e+05 3.488249e+05 3.487187e+05 3.485861e+05 3.484259e+05 3.480155e+05 3.474733e+05 3.467849e+05 3.459409e+05 3.449433e+05 3.438095e+05 3.313765e+05 3.161940e+05 2.956430e+05 2.758242e+05
3.451813e+05 3.451813e+05 3.451813e+05 3.451813e+05 3.451813e+05 3.451813e+05 3.451814e+05 3.451818e+05 3.451821e+05 3.451823e+05 3.451830e+05 3.451836e+05 3.451842e+05 3.451846e+05 3.451848e+05 3.451847e+05 3.451840e+05 3.451694e+05 3.451303e+05 3.450637e+05 3.449699e+05 3.448491e+05 3.447012e+05 3.443208e+05 3.438180e+05 3.431794e+05 3.423949e+05 3.414633e+05 3.403973e+05 3.282746e+05 3.138377e+05 2.939155e+05 2.743194e+05
3.415491e+05 3.415491e+05 3.415491e+05 3.415491e+05 3.415491e+05 3.415491e+05 3.415491e+05 3.415493e+05 3.415493e+05 3.415493e+05 3.415490e+05 3.415482e+05 3.415468e+05 3.415447e+05 3.415419e+05 3.415384e+05 3.415341e+05 3.415015e+05 3.414495e+05 3.413775e+05 3.412846e+05 3.411696e+05 3.410314e+05 3.406792e+05 3.402145e+05 3.396233e+05 3.388947e+05 3.380254e+05 3.370239e+05 3.252069e+05 3.114488e+05 2.921708e+05 2.728223e+05
3.380002e+05 3.380002e+05 3.380002e+05 3.380002e+05 3.380002e+05 3.380001e+05 3.379996e+05 3.379976e+05 3.379961e+05 3.379943e+05 3.379896e+05 3.379838e+05 3.379769e+05 3.379692e+05 3.379607e+05 3.379516e+05 3.379418e+05 3.378862e+05 3.378204e+05 3.377434e+05 3.376524e+05 3.375445e+05 3.374171e+05 3.370941e+05 3.366668e+05 3.361206e+05 3.354442e+05 3.346329e+05 3.336923e+05 3.221763e+05 3.090324e+05 2.904077e+05 2.713303e+05
3.343034e+05 3.343034e+05 3.343034e+05 3.343034e+05 3.343034e+05 3.343033e+05 3.343033e+05 3.343029e+05 3.343026e+05 3.343022e+05 3.343011e+05 3.342994e+05 3.342971e+05 3.342941e+05 3.342905e+05 3.342862e+05 3.342813e+05 3.342483e+05 3.342020e+05 3.341419e+05 3.340664e+05 3.339736e+05 3.338613e+05 3.335706e+05 3.331797e+05 3.326753e+05 3.320469e+05 3.312891e+05 3.304051e+05 3.191846e+05 3.065934e+05 2.886251e+05 2.698410e+05
3.306535e+05 3.306535e+05 3.306535e+05 3.306535e+05 3.306535e+05 3.306536e+05 3.306538e+05 3.306546e+05 3.306551e+05 3.306557e+05 3.306569e+05 3.306582e+05 3.306596e+05 3.306609e+05 3.306621e+05 3.306631e+05 3.306638e+05 3.306604e+05 3.306414e+05 3.306043e+05 3.305481e+05 3.304723e+05 3.303758e+05 3.301160e+05 3.297581e+05 3.292911e+05 3.287056e+05 3.279961e+05 3.271643e+05 3.162328e+05 3.041367e+05 2.868225e+05 2.683525e+05
3.272197e+05 3.272197e+05 3.272197e+05 3.272197e+05 3.272197e+05 3.272198e+05 3.272200e+05 3.272207e+05 3.272211e+05 3.272215e+05 3.272224e+05 3.272233e+05 3.272241e+05 3.272248e+05 3.272254e+05 3.272258e+05 3.272259e+05 3.272215e+05 3.272052e+05 3.271741e+05 3.271262e+05 3.270600e+05 3.269739e+05 3.267372e+05 3.264060e+05 3.259705e+05 3.254223e+05 3.247557e+05 3.239710e+05 3.133215e+05 3.016672e+05 2.849997e+05 2.668630e+05
3.239625e+05 3.239625e+05 3.239625e+05 3.239625e+05 3.239625e+05 3.239625e+05 3.239623e+05 3.239617e+05 3.239612e+05 3.239606e+05 3.239591e+05 3.239571e+05 3.239546e+05 3.239518e+05 3.239487e+05 3.239452e+05 3.239415e+05 3.239195e+05 3.238915e+05 3.238547e+05 3.238058e+05 3.237417e+05 3.236600e+05 3.234368e+05 3.231247e+05 3.227143e+05 3.221974e+05 3.215682e+05 3.208257e+05 3.104505e+05 2.991893e+05 2.831568e+05 2.653710e+05
3.207250e+05 3.207250e+05 3.207250e+05 3.207250e+05 3.207250e+05 3.207249e+05 3.207248e+05 3.207244e+05 3.207240e+05 3.207236e+05 3.207224e+05 3.207209e+05 3.207190e+05 3.207167e+05 3.207141e+05 3.207111e+05 3.207079e+05 3.206878e+05 3.206603e+05 3.206231e+05 3.205736e+05 3.205095e+05 3.204288e+05 3.202118e+05 3.199121e+05 3.195208e+05 3.190297e+05 3.184328e+05 3.177280e+05 3.076195e+05 2.967073e+05 2.812942e+05 2.638751e+05
3.175268e+05 3.175268e+05 3.175268e+05 3.175268e+05 3.175268e+05 3.175268e+05 3.175270e+05 3.175275e+05 3.175279e+05 3.175282e+05 3.175289e+05 3.175297e+05 3.175303e+05 3.175309e+05 3.175313e+05 3.175315e+05 3.175314e+05 3.175248e+05 3.175048e+05 3.174698e+05 3.174195e+05 3.173537e+05 3.172717e+05 3.170556e+05 3.167634e+05 3.163864e+05 3.159167e+05 3.153478e+05 3.146766e+05 3.048276e+05 2.942253e+05 2.794128e+05 2.623742e+05
3.144817e+05 3.144817e+05 3.144817e+05 3.144817e+05 3.144817e+05 3.144817e+05 3.144819e+05 3.144825e+05 3.144829e+05 3.144832e+05 3.144839e+05 3.144845e+05 3.144847e+05 3.144845e+05 3.144839e+05 3.144829e+05 3.144814e+05 3.144655e+05 3.144354e+05 3.143916e+05 3.143341e+05 3.142629e+05 3.141773e+05 3.139593e+05 3.136719e+05 3.133066e+05 3.128552e+05 3.123108e+05 3.116698e+05 3.020740e+05 2.917468e+05 2.775134e+05 2.608673e+05
3.115511e+05 3.115511e+05 3.115511e+05 3.115511e+05 3.115511e+05 3.115509e+05 3.115506e+05 3.115491e+05 3.115480e+05 3.115466e+05 3.115431e+05 3.115387e+05 3.115335e+05 3.115275e+05 3.115211e+05 3.115141e+05 3.115068e+05 3.114654e+05 3.114172e+05 3.113613e+05 3.112961e+05 3.112201e+05 3.111317e+05 3.109132e+05 3.106309e+05 3.102762e+05 3.098412e+05 3.093190e+05 3.087055e+05 2.993574e+05 2.892750e+05 2.755974e+05 2.593535e+05
3.084916e+05 3.084916e+05 3.084916e+05 3.084916e+05 3.084916e+05 3.084916e+05 3.084915e+05 3.084913e+05 3.084911e+05 3.084908e+05 3.084897e+05 3.084881e+05 3.084860e+05 3.084832e+05 3.084798e+05 3.084758e+05 3.084712e+05 3.084407e+05 3.083990e+05 3.083471e+05 3.082844e+05 3.082103e+05 3.081238e+05 3.079096e+05 3.076344e+05 3.072907e+05 3.068713e+05 3.063697e+05 3.057816e+05 2.966765e+05 2.868129e+05 2.736661e+05 2.578322e+05
3.054421e+05 3.054421e+05 3.054421e+05 3.054421e+05 3.054421e+05 3.054421e+05 3.054420e+05 3.054418e+05 3.054417e+05 3.054415e+05 3.054410e+05 3.054404e+05 3.054397e+05 3.054389e+05 3.054378e+05 3.054365e+05 3.054349e+05 3.054210e+05 3.053946e+05 3.053543e+05 3.053001e+05 3.052323e+05 3.051507e+05 3.049450e+05 3.046789e+05 3.043468e+05 3.039426e+05 3.034605e+05 3.028962e+05 2.940302e+05 2.843629e+05 2.717210e+05 2.563028e+05
3.024778e+05 3.024778e+05 3.024778e+05 3.024778e+05 3.024778e+05 3.024779e+05 3.024779e+05 3.024780e+05 3.024781e+05 3.024782e+05 3.024784e+05 3.024786e+05 3.024787e+05 3.024786e+05 3.024783e+05 3.024777e+05 3.024768e+05 3.024659e+05 3.024428e+05 3.024064e+05 3.023565e+05 3.022930e+05 3.022157e+05 3.020187e+05 3.017623e+05 3.014421e+05 3.010528e+05 3.005893e+05 3.000475e+05 2.914170e+05 2.819272e+05 2.697637e+05 2.547649e+05
2.996281e+05 2.996281e+05 2.996281e+05 2.996281e+05 2.996281e+05 2.996280e+05 2.996278e+05 2.996268e+05 2.996262e+05 2.996254e+05 2.996236e+05 2.996214e+05 2.996188e+05 2.996158e+05 2.996125e+05 2.996088e+05 2.996048e+05 2.995802e+05 2.995483e+05 2.995078e+05 2.994571e+05 2.993950e+05 2.993203e+05 2.991307e+05 2.988837e+05 2.985750e+05 2.982002e+05 2.977545e+05 2.972340e+05 2.888356e+05 2.795077e+05 2.677961e+05 2.532183e+05
2.967671e+05 2.967671e+05 2.967671e+05 2.967671e+05 2.967671e+05 2.967670e+05 2.967668e+05 2.967658e+05 2.967651e+05 2.967642e+05 2.967620e+05 2.967593e+05 2.967563e+05 2.967528e+05 2.967491e+05 2.967450e+05 2.967407e+05 2.967156e+05 2.966841e+05 2.966447e+05 2.965955e+05 2.965353e+05 2.964632e+05 2.962801e+05 2.960418e+05 2.957443e+05 2.953833e+05 2.949546e+05 2.944544e+05 2.862847e+05 2.771059e+05 2.658199e+05 2.516630e+05
2.938756e+05 2.938756e+05 2.938756e+05 2.938756e+05 2.938756e+05 2.938757e+05 2.938757e+05 2.938761e+05 2.938763e+05 2.938765e+05 2.938772e+05 2.938778e+05 2.938785e+05 2.938790e+05 2.938792e+05 2.938792e+05 2.938788e+05 2.938703e+05 2.938493e+05 2.938158e+05 2.937703e+05 2.937127e+05 2.936430e+05 2.934659e+05 2.932357e+05 2.929487e+05 2.926010e+05 2.921886e+05 2.917077e+05 2.837631e+05 2.747231e+05 2.638368e+05 2.500990e+05
2.911144e+05 2.911144e+05 2.911144e+05 2.911144e+05 2.911144e+05 2.911144e+05 2.911145e+05 2.911145e+05 2.911145e+05 2.911144e+05 2.911141e+05 2.911135e+05 2.911126e+05 2.911116e+05 2.911102e+05 2.911085e+05 2.911065e+05 2.910913e+05 2.910662e+05 2.910307e+05 2.909846e+05 2.909275e+05 2.908591e+05 2.906868e+05 2.904641e+05 2.901872e+05 2.898523e+05 2.894553e+05 2.889928e+05 2.812696e+05 2.723604e+05 2.618487e+05 2.485264e+05
2.884093e+05 2.884093e+05 2.884093e+05 2.884093e+05 2.884093e+05 2.884092e+05 2.884090e+05 2.884081e+05 2.884075e+05 2.884067e+05 2.884046e+05 2.884019e+05 2.883987e+05 2.883951e+05 2.883910e+05 2.883866e+05 2.883818e+05 2.883544e+05 2.883211e+05 2.882811e+05 2.882331e+05 2.881759e+05 2.881086e+05 2.879411e+05 2.877258e+05 2.874588e+05 2.871361e+05 2.867540e+05 2.863090e+05 2.788031e+05 2.700185e+05 2.598574e+05 2.469455e+05
2.856487e+05 2.856487e+05 2.856487e+05 2.856487e+05 2.856487e+05 2.856487e+05 2.856487e+05 2.856486e+05 2.856485e+05 2.856483e+05 2.856478e+05 2.856469e+05 2.856457e+05 2.856442e+05 2.856422e+05 2.856399e+05 2.856372e+05 2.856182e+05 2.855903e+05 2.855538e+05 2.855084e+05 2.854536e+05 2.853889e+05 2.852273e+05 2.850198e+05 2.847625e+05 2.844517e+05 2.840838e+05 2.836555e+05 2.763625e+05 2.676980e+05 2.578645e+05 2.453567e+05
2.829240e+05 2.829240e+05 2.829240e+05 2.829240e+05 2.829240e+05 2.829240e+05 2.829240e+05 2.829239e+05 2.829239e+05 2.829238e+05 2.829235e+05 2.829231e+05 2.829225e+05 2.829218e+05 2.829208e+05 2.829196e+05 2.829182e+05 2.829061e+05 2.828849e+05 2.828537e+05 2.828125e+05 2.827613e+05 2.826998e+05 2.825450e+05 2.823455e+05 2.820977e+05 2.817985e+05 2.814442e+05 2.810318e+05 2.739468e+05 2.653994e+05 2.558718e+05 2.437605e+05
2.802660e+05 2.802660e+05 2.802660e+05 2.802660e+05 2.802660e+05 2.802660e+05 2.802659e+05 2.802657e+05 2.802654e+05 2.802652e+05 2.802645e+05 2.802636e+05 2.802625e+05 2.802611e+05 2.802596e+05 2.802578e+05 2.802558e+05 2.802420e+05 2.802205e+05 2.801903e+05 2.801508e+05 2.801018e+05 2.800430e+05 2.798945e+05 2.797027e+05 2.794642e+05 2.791760e+05 2.788347e+05 2.784374e+05 2.715551e+05 2.631230e+05 2.538807e+05 2.421574e+05
2.776470e+05 2.776470e+05 2.776470e+05 2.776470e+05 2.776470e+05 2.776469e+05 2.776469e+05 2.776466e+05 2.776463e+05 2.776461e+05 2.776453e+05 2.776443e+05 2.776430e+05 2.776414e+05 2.776395e+05 2.776374e+05 2.776349e+05 2.776182e+05 2.775943e+05 2.775628e+05 2.775235e+05 2.774756e+05 2.774187e+05 2.772758e+05 2.770913e+05 2.768616e+05 2.765839e+05 2.762548e+05 2.758716e+05 2.691867e+05 2.608689e+05 2.518930e+05 2.405482e+05
2.750544e+05 2.750544e+05 2.750544e+05 2.750544e+05 2.750544e+05 2.750544e+05 2.750542e+05 2.750538e+05 2.750535e+05 2.750531e+05 2.750520e+05 2.750506e+05 2.750490e+05 2.750470e+05 2.750447e+05 2.750421e+05 2.750392e+05 2.750210e+05 2.749965e+05 2.749654e+05 2.749272e+05 2.748810e+05 2.748262e+05 2.746888e+05 2.745111e+05 2.742897e+05 2.740217e+05 2.737040e+05 2.733341e+05 2.668406e+05 2.586372e+05 2.499100e+05 2.389334e+05
2.724695e+05 2.724695e+05 2.724695e+05 2.724695e+05 2.724695e+05 2.724695e+05 2.724694e+05 2.724689e+05 2.724686e+05 2.724683e+05 2.724674e+05 2.724663e+05 2.724650e+05 2.724636e+05 2.724619e+05 2.724600e+05 2.724579e+05 2.724440e+05 2.724237e+05 2.723962e+05 2.723610e+05 2.723175e+05 2.722653e+05 2.721333e+05 2.719618e+05 2.717480e+05 2.714890e+05 2.711819e+05 2.708243e+05 2.645162e+05 2.564278e+05 2.479330e+05 2.373139e+05
2.699125e+05 2.699125e+05 2.699125e+05 2.699125e+05 2.699125e+05 2.699125e+05 2.699125e+05 2.699125e+05 2.699125e+05 2.699125e+05 2.699124e+05 2.699123e+05 2.699121e+05 2.699118e+05 2.699113e+05 2.699107e+05 2.699098e+05 2.699016e+05 2.698855e+05 2.698611e+05 2.698282e+05 2.697868e+05 2.697367e+05 2.696092e+05 2.694433e+05 2.692362e+05 2.689852e+05 2.686878e+05 2.683416e+05 2.622128e+05 2.542407e+05 2.459634e+05 2.356905e+05
2.674296e+05 2.674296e+05 2.674296e+05 2.674296e+05 2.674296e+05 2.674296e+05 2.674296e+05 2.674295e+05 2.674294e+05 2.674293e+05 2.674289e+05 2.674282e+05 2.674274e+05 2.674264e+05 2.674251e+05 2.674236e+05 2.674218e+05 2.674094e+05 2.673903e+05 2.673642e+05 2.673308e+05 2.672897e+05 2.672405e+05 2.671162e+05 2.669547e+05 2.667534e+05 2.665097e+05 2.662210e+05 2.658853e+05 2.599299e+05 2.520755e+05 2.440023e+05 2.340640e+05
2.649857e+05 2.649857e+05 2.649857e+05 2.649857e+05 2.649857e+05 2.649857e+05 2.649855e+05 2.649850e+05 2.649846e+05 2.649842e+05 2.649829e+05 2.649814e+05 2.649794e+05 2.649772e+05 2.649747e+05 2.649719e+05 2.649688e+05 2.649504e+05 2.649273e+05 2.648990e+05 2.648648e+05 2.648237e+05 2.647750e+05 2.646530e+05 2.644953e+05 2.642989e+05 2.640615e+05 2.637808e+05 2.634546e+05 2.576667e+05 2.499322e+05 2.420507e+05 2.324353e+05
2.625288e+05 2.625288e+05 2.625288e+05 2.625288e+05 2.625288e+05 2.625287e+05 2.625286e+05 2.625282e+05 2.625279e+05 2.625275e+05 2.625266e+05 2.625256e+05 2.625243e+05 2.625228e+05 2.625212e+05 2.625193e+05 2.625172e+05 2.625035e+05 2.624840e+05 2.624582e+05 2.624256e+05 2.623857e+05 2.623381e+05 2.622183e+05 2.620636e+05 2.618715e+05 2.616397e+05 2.613661e+05 2.610487e+05 2.554230e+05 2.478105e+05 2.401096e+05 2.308052e+05
2.600921e+05 2.600921e+05 2.600921e+05 2.600921e+05 2.600921e+05 2.600921e+05 2.600921e+05 2.600921e+05 2.600921e+05 2.600921e+05 2.600921e+05 2.600921e+05 2.600920e+05 2.600918e+05 2.600915e+05 2.600910e+05 2.600903e+05 2.600831e+05 2.600684e+05 2.600455e+05 2.600145e+05 2.599756e+05 2.599288e+05 2.598107e+05 2.596584e+05 2.594699e+05 2.592431e+05 2.589759e+05 2.586666e+05 2.531981e+05 2.457102e+05 2.381800e+05 2.291746e+05
2.577275e+05 2.577275e+05 2.577275e+05 2.577275e+05 2.577275e+05 2.577275e+05 2.577275e+05 2.577275e+05 2.577274e+05 2.577273e+05 2.577270e+05 2.577265e+05 2.577257e+05 2.577248e+05 2.577236e+05 2.577223e+05 2.577207e+05 2.577089e+05 2.576904e+05 2.576651e+05 2.576327e+05 2.575930e+05 2.575460e+05 2.574285e+05 2.572782e+05 2.570928e+05 2.568704e+05 2.566091e+05 2.563073e+05 2.509917e+05 2.436308e+05 2.362627e+05 2.275445e+05
2.553993e+05 2.553993e+05 2.553993e+05 2.553993e+05 2.553993e+05 2.553993e+05 2.553991e+05 2.553986e+05 2.553982e+05 2.553977e+05 2.553964e+05 2.553947e+05 2.553927e+05 2.553904e+05 2.553877e+05 2.553848e+05 2.553816e+05 2.553624e+05 2.553383e+05 2.553093e+05 2.552748e+05 2.552341e+05 2.551867e+05 2.550699e+05 2.549213e+05 2.547387e+05 2.545204e+05 2.542646e+05 2.539699e+05 2.488035e+05 2.415723e+05 2.343583e+05 2.259156e+05
2.530477e+05 2.530477e+05 2.530477e+05 2.530477e+05 2.530477e+05 2.530477e+05 2.530475e+05 2.530470e+05 2.530466e+05 2.530461e+05 2.530450e+05 2.530436e+05 2.530420e+05 2.530402e+05 2.530381e+05 2.530357e+05 2.530332e+05 2.530170e+05 2.529953e+05 2.529680e+05 2.529347e+05 2.528949e+05 2.528482e+05 2.527328e+05 2.525861e+05 2.524062e+05 2.521918e+05 2.519413e+05 2.516534e+05 2.466332e+05 2.395342e+05 2.324676e+05 2.242890e+05
2.506950e+05 2.506950e+05 2.506950e+05 2.506950e+05 2.506950e+05 2.506950e+05 2.506950e+05 2.506950e+05 2.506949e+05 2.506949e+05 2.506947e+05 2.506944e+05 2.506941e+05 2.506936e+05 2.506930e+05 2.506922e+05 2.506911e+05 2.506824e+05 2.506666e+05 2.506435e+05 2.506130e+05 2.505751e+05 2.505297e+05 2.504161e+05 2.502713e+05 2.500941e+05 2.498834e+05 2.496380e+05 2.493568e+05 2.444805e+05 2.375163e+05 2.305911e+05 2.226653e+05
2.483965e+05 2.483965e+05 2.483965e+05 2.483965e+05 2.483965e+05 2.483965e+05 2.483965e+05 2.483964e+05 2.483964e+05 2.483963e+05 2.483961e+05 2.483958e+05 2.483953e+05 2.483947e+05 2.483939e+05 2.483929e+05 2.483918e+05 2.483825e+05 2.483668e+05 2.483441e+05 2.483140e+05 2.482766e+05 2.482316e+05 2.481191e+05 2.479759e+05 2.478012e+05 2.475942e+05 2.473539e+05 2.470792e+05 2.423452e+05 2.355184e+05 2.287293e+05 2.210456e+05
2.461423e+05 2.461423e+05 2.461423e+05 2.461423e+05 2.461423e+05 2.461423e+05 2.461422e+05 2.461418e+05 2.461415e+05 2.461411e+05 2.461401e+05 2.461389e+05 2.461375e+05 2.461358e+05 2.461339e+05 2.461317e+05 2.461294e+05 2.461146e+05 2.460946e+05 2.460689e+05 2.460370e+05 2.459985e+05 2.459530e+05 2.458405e+05 2.456985e+05 2.455263e+05 2.453231e+05 2.450880e+05 2.448201e+05 2.402273e+05 2.335402e+05 2.268827e+05 2.194304e+05
2.438877e+05 2.438877e+05 2.438877e+05 2.438877e+05 2.438877e+05 2.438877e+05 2.438876e+05 2.438872e+05 2.438869e+05 2.438865e+05 2.438855e+05 2.438842e+05 2.438827e+05 2.438809e+05 2.438789e+05 2.438766e+05 2.438741e+05 2.438581e+05 2.438366e+05 2.438096e+05 2.437765e+05 2.437371e+05 2.436911e+05 2.435785e+05 2.434378e+05 2.432683e+05 2.430692e+05 2.428397e+05 2.425788e+05 2.381267e+05 2.315815e+05 2.250517e+05 2.178207e+05
2.416285e+05 2.416285e+05 2.416285e+05 2.416285e+05 2.416285e+05 2.416285e+05 2.416284e+05 2.416282e+05 2.416281e+05 2.416279e+05 2.416274e+05 2.416267e+05 2.416257e+05 2.416246e+05 2.416233e+05 2.416217e+05 2.416199e+05 2.416071e+05 2.415877e+05 2.415616e+05 2.415288e+05 2.414893e+05 2.414432e+05 2.413312e+05 2.411924e+05 2.410262e+05 2.408319e+05 2.406084e+05 2.403548e+05 2.360434e+05 2.296421e+05 2.232366e+05 2.162172e+05
2.393908e+05 2.393908e+05 2.393908e+05 2.393908e+05 2.393908e+05 2.393908e+05 2.393908e+05 2.393906e+05 2.393904e+05 2.393902e+05 2.393897e+05 2.393891e+05 2.393883e+05 2.393873e+05 2.393861e+05 2.393847e+05 2.393831e+05 2.393712e+05 2.393522e+05 2.393261e+05 2.392931e+05 2.392536e+05 2.392078e+05 2.390973e+05 2.389615e+05 2.387996e+05 2.386107e+05 2.383938e+05 2.381481e+05 2.339775e+05 2.277218e+05 2.214377e+05 2.146206e+05
2.371804e+05 2.371804e+05 2.371804e+05 2.371804e+05 2.371804e+05 2.371804e+05 2.371802e+05 2.371799e+05 2.371796e+05 2.371792e+05 2.371784e+05 2.371773e+05 2.371759e+05 2.371743e+05 2.371724e+05 2.371702e+05 2.371678e+05 2.371520e+05 2.371298e+05 2.371017e+05 2.370679e+05 2.370285e+05 2.369835e+05 2.368762e+05 2.367448e+05 2.365882e+05 2.364056e+05 2.361961e+05 2.359587e+05 2.319291e+05 2.258204e+05 2.196553e+05 2.130315e+05
2.349696e+05 2.349696e+05 2.349696e+05 2.349696e+05 2.349696e+05 2.349696e+05 2.349695e+05 2.349690e+05 2.349686e+05 2.349681e+05 2.349670e+05 2.349655e+05 2.349636e+05 2.349615e+05 2.349590e+05 2.349562e+05 2.349532e+05 2.349345e+05 2.349108e+05 2.348827e+05 2.348501e+05 2.348127e+05 2.347701e+05 2.346682e+05 2.345427e+05 2.343927e+05 2.342172e+05 2.340156e+05 2.337870e+05 2.298983e+05 2.239378e+05 2.178896e+05 2.114507e+05
2.327358e+05 2.327358e+05 2.327358e+05 2.327358e+05 2.327358e+05 2.327357e+05 2.327356e+05 2.327351e+05 2.327348e+05 2.327343e+05 2.327333e+05 2.327320e+05 2.327305e+05 2.327289e+05 2.327270e+05 2.327250e+05 2.327228e+05 2.327091e+05 2.326910e+05 2.326684e+05 2.326408e+05 2.326079e+05 2.325695e+05 2.324752e+05 2.323569e+05 2.322140e+05 2.320463e+05 2.318530e+05 2.316335e+05 2.278854e+05 2.220739e+05 2.161407e+05 2.098786e+05
