1.848024e+08 1.319624e+08 1.117897e+08 7.503370e+07 6.692514e+07 6.280774e+07 6.269827e+07 6.083120e+07 5.993356e+07 5.918626e+07 5.815190e+07 5.764836e+07 5.756724e+07 5.782156e+07 5.834538e+07 5.908751e+07 6.000654e+07 6.622920e+07 7.364274e+07 8.135569e+07 8.869923e+07 9.465172e+07 9.819310e+07 9.715100e+07 8.936124e+07 8.008123e+07 7.160662e+07 6.442528e+07 5.843977e+07 3.037155e+07 2.098708e+07 1.635195e+07 1.355193e+07
6.308089e+07 6.308101e+07 6.308136e+07 6.308742e+07 6.308924e+07 6.248778e+07 6.181452e+07 5.970052e+07 5.902311e+07 5.845111e+07 5.767553e+07 5.735440e+07 5.740846e+07 5.776595e+07 5.836946e+07 5.917292e+07 6.013835e+07 6.644854e+07 7.384731e+07 8.153245e+07 8.884945e+07 9.477099e+07 9.827391e+07 9.714778e+07 8.929541e+07 7.998243e+07 7.149521e+07 6.431239e+07 5.833089e+07 3.032215e+07 2.096211e+07 1.633723e+07 1.354222e+07
6.031389e+07 6.031392e+07 6.031400e+07 6.031577e+07 6.031842e+07 6.006492e+07 5.955557e+07 5.862480e+07 5.781974e+07 5.736466e+07 5.699896e+07 5.696613e+07 5.721364e+07 5.770663e+07 5.840794e+07 5.928260e+07 6.029928e+07 6.669269e+07 7.406623e+07 8.171767e+07 8.900486e+07 9.489308e+07 9.835551e+07 9.714244e+07 8.922639e+07 7.988045e+07 7.138100e+07 6.419718e+07 5.822010e+07 3.027243e+07 2.093704e+07 1.632247e+07 1.353250e+07
5.792072e+07 5.792074e+07 5.792078e+07 5.792184e+07 5.792424e+07 5.789083e+07 5.749310e+07 5.750061e+07 5.731872e+07 5.692665e+07 5.641866e+07 5.656129e+07 5.701109e+07 5.765714e+07 5.846879e+07 5.942183e+07 6.049301e+07 6.696180e+07 7.429884e+07 8.191077e+07 8.916506e+07 9.501765e+07 9.843761e+07 9.713483e+07 8.915407e+07 7.977521e+07 7.126397e+07 6.407961e+07 5.810741e+07 3.022240e+07 2.091189e+07 1.630767e+07 1.352276e+07
5.639262e+07 5.639263e+07 5.639266e+07 5.639348e+07 5.639560e+07 5.641429e+07 5.628654e+07 5.615133e+07 5.641929e+07 5.656021e+07 5.643927e+07 5.645407e+07 5.690845e+07 5.766135e+07 5.857230e+07 5.960090e+07 6.072501e+07 6.725531e+07 7.454415e+07 8.211099e+07 8.932950e+07 9.514435e+07 9.851993e+07 9.712475e+07 8.907834e+07 7.966666e+07 7.114407e+07 6.395969e+07 5.799279e+07 3.017205e+07 2.088664e+07 1.629284e+07 1.351299e+07
5.557087e+07 5.557088e+07 5.557091e+07 5.557160e+07 5.557352e+07 5.560676e+07 5.560699e+07 5.546147e+07 5.567902e+07 5.603171e+07 5.654373e+07 5.678444e+07 5.715765e+07 5.782982e+07 5.876804e+07 5.984399e+07 6.100751e+07 6.757244e+07 7.480079e+07 8.231741e+07 8.949759e+07 9.527274e+07 9.860216e+07 9.711202e+07 8.899910e+07 7.955473e+07 7.102128e+07 6.383740e+07 5.787625e+07 3.012139e+07 2.086130e+07 1.627797e+07 1.350321e+07
5.528411e+07 5.528412e+07 5.528414e+07 5.528473e+07 5.528640e+07 5.532310e+07 5.537557e+07 5.534023e+07 5.545021e+07 5.575289e+07 5.657393e+07 5.720569e+07 5.771464e+07 5.833474e+07 5.916230e+07 6.020067e+07 6.136592e+07 6.791281e+07 7.506724e+07 8.252895e+07 8.966864e+07 9.540235e+07 9.868395e+07 9.709643e+07 8.891623e+07 7.943938e+07 7.089558e+07 6.371271e+07 5.775778e+07 3.007042e+07 2.083587e+07 1.626306e+07 1.349341e+07
5.540267e+07 5.540268e+07 5.540269e+07 5.540320e+07 5.540469e+07 5.544121e+07 5.551452e+07 5.559186e+07 5.566170e+07 5.587294e+07 5.669231e+07 5.760585e+07 5.836082e+07 5.905942e+07 5.984126e+07 6.076717e+07 6.184754e+07 6.827742e+07 7.534196e+07 8.274448e+07 8.984193e+07 9.553269e+07 9.876495e+07 9.707778e+07 8.882962e+07 7.932053e+07 7.076692e+07 6.358562e+07 5.763737e+07 3.001914e+07 2.081036e+07 1.624812e+07 1.348359e+07
5.583397e+07 5.583398e+07 5.583399e+07 5.583445e+07 5.583581e+07 5.587079e+07 5.595163e+07 5.610849e+07 5.618516e+07 5.634122e+07 5.703755e+07 5.804290e+07 5.901423e+07 5.986623e+07 6.068430e+07 6.155810e+07 6.253141e+07 6.866966e+07 7.562368e+07 8.296288e+07 9.001670e+07 9.566325e+07 9.884476e+07 9.705587e+07 8.873916e+07 7.919814e+07 7.063529e+07 6.345612e+07 5.751502e+07 2.996755e+07 2.078475e+07 1.623314e+07 1.347376e+07
5.651137e+07 5.651138e+07 5.651139e+07 5.651181e+07 5.651304e+07 5.654628e+07 5.662911e+07 5.683482e+07 5.693448e+07 5.707238e+07 5.764340e+07 5.860584e+07 5.968917e+07 6.069246e+07 6.159814e+07 6.247398e+07 6.338463e+07 6.909649e+07 7.591168e+07 8.318314e+07 9.019222e+07 9.579350e+07 9.892303e+07 9.703048e+07 8.864474e+07 7.907215e+07 7.050065e+07 6.332418e+07 5.739073e+07 2.991565e+07 2.075905e+07 1.621812e+07 1.346390e+07
5.738901e+07 5.738901e+07 5.738902e+07 5.738940e+07 5.739053e+07 5.742201e+07 5.750432e+07 5.773771e+07 5.786052e+07 5.800120e+07 5.848443e+07 5.934505e+07 6.043564e+07 6.153314e+07 6.253233e+07 6.344576e+07 6.433094e+07 6.957009e+07 7.620613e+07 8.340447e+07 9.036783e+07 9.592295e+07 9.899936e+07 9.700140e+07 8.854624e+07 7.894250e+07 7.036299e+07 6.318982e+07 5.726449e+07 2.986345e+07 2.073327e+07 1.620307e+07 1.345403e+07
7.266410e+07 7.266410e+07 7.266411e+07 7.266433e+07 7.266500e+07 7.268527e+07 7.274216e+07 7.287879e+07 7.292584e+07 7.295075e+07 7.293042e+07 7.282678e+07 7.268243e+07 7.256653e+07 7.254414e+07 7.265320e+07 7.290167e+07 7.567486e+07 8.013002e+07 8.593565e+07 9.213301e+07 9.712169e+07 9.959822e+07 9.646779e+07 8.731615e+07 7.743508e+07 6.881578e+07 6.171091e+07 5.589506e+07 2.932510e+07 2.047075e+07 1.605063e+07 1.335430e+07
7.494946e+07 7.494946e+07 7.494946e+07 7.494949e+07 7.494959e+07 7.495203e+07 7.495818e+07 7.497589e+07 7.498485e+07 7.499188e+07 7.499364e+07 7.497006e+07 7.491774e+07 7.484715e+07 7.478505e+07 7.477023e+07 7.484433e+07 7.735758e+07 8.285477e+07 8.916174e+07 9.480264e+07 9.870662e+07 1.000866e+08 9.546161e+07 8.560891e+07 7.553038e+07 6.695568e+07 5.998856e+07 5.433548e+07 2.875861e+07 2.020010e+07 1.589485e+07 1.325284e+07
7.412963e+07 7.412963e+07 7.412963e+07 7.412967e+07 7.412982e+07 7.413417e+07 7.414727e+07 7.419681e+07 7.423232e+07 7.427431e+07 7.437545e+07 7.449554e+07 7.463204e+07 7.478859e+07 7.497674e+07 7.521425e+07 7.552147e+07 7.862432e+07 8.435715e+07 9.116293e+07 9.706111e+07 1.005663e+08 1.010171e+08 9.432433e+07 8.351244e+07 7.326634e+07 6.480795e+07 5.804264e+07 5.260203e+07 2.816659e+07 1.992198e+07 1.573593e+07 1.314972e+07
7.832638e+07 7.832638e+07 7.832638e+07 7.832638e+07 7.832637e+07 7.832616e+07 7.832707e+07 7.833780e+07 7.834787e+07 7.836071e+07 7.839315e+07 7.843294e+07 7.848163e+07 7.854782e+07 7.864779e+07 7.880255e+07 7.903329e+07 8.174437e+07 8.685018e+07 9.297258e+07 9.835089e+07 1.013813e+08 1.012345e+08 9.315238e+07 8.135362e+07 7.078898e+07 6.244828e+07 5.591975e+07 5.072631e+07 2.755211e+07 1.963710e+07 1.557412e+07 1.304505e+07
8.194707e+07 8.194707e+07 8.194707e+07 8.194708e+07 8.194712e+07 8.194805e+07 8.195060e+07 8.195916e+07 8.196469e+07 8.197081e+07 8.198460e+07 8.200125e+07 8.202499e+07 8.206672e+07 8.214454e+07 8.228062e+07 8.249634e+07 8.510659e+07 8.973144e+07 9.487099e+07 9.910195e+07 1.011482e+08 1.002755e+08 9.129661e+07 7.904669e+07 6.832340e+07 6.001955e+07 5.369757e+07 4.875703e+07 2.691871e+07 1.934623e+07 1.540966e+07 1.293892e+07
8.460678e+07 8.460678e+07 8.460678e+07 8.460680e+07 8.460687e+07 8.460903e+07 8.461560e+07 8.464116e+07 8.465987e+07 8.468223e+07 8.473660e+07 8.480194e+07 8.487892e+07 8.497491e+07 8.510465e+07 8.528708e+07 8.554053e+07 8.812353e+07 9.221938e+07 9.632530e+07 9.926254e+07 1.000936e+08 9.832348e+07 8.858701e+07 7.631479e+07 6.575271e+07 5.763601e+07 5.149256e+07 4.676100e+07 2.627027e+07 1.905020e+07 1.524281e+07 1.283143e+07
8.870994e+07 8.870994e+07 8.870994e+07 8.870995e+07 8.870998e+07 8.871076e+07 8.871309e+07 8.872119e+07 8.872609e+07 8.873108e+07 8.874052e+07 8.874902e+07 8.875898e+07 8.877819e+07 8.882044e+07 8.890290e+07 8.904219e+07 9.083400e+07 9.388564e+07 9.682025e+07 9.853537e+07 9.823930e+07 9.561026e+07 8.519701e+07 7.313190e+07 6.297495e+07 5.521059e+07 4.934152e+07 4.482263e+07 2.561107e+07 1.874985e+07 1.507383e+07 1.272268e+07
9.146249e+07 9.146249e+07 9.146249e+07 9.146248e+07 9.146243e+07 9.146094e+07 9.145610e+07 9.143625e+07 9.142133e+07 9.140325e+07 9.135822e+07 9.130290e+07 9.124079e+07 9.117930e+07 9.113027e+07 9.110816e+07 9.112707e+07 9.207162e+07 9.406153e+07 9.595311e+07 9.670002e+07 9.555300e+07 9.227788e+07 8.138492e+07 6.962895e+07 6.000237e+07 5.270618e+07 4.719204e+07 4.293767e+07 2.494563e+07 1.844610e+07 1.490301e+07 1.261280e+07
9.068803e+07 9.068803e+07 9.068803e+07 9.068803e+07 9.068801e+07 9.068743e+07 9.068552e+07 9.067697e+07 9.066995e+07 9.066090e+07 9.063630e+07 9.060270e+07 9.056134e+07 9.051680e+07 9.047747e+07 9.045414e+07 9.045760e+07 9.107241e+07 9.244030e+07 9.365586e+07 9.377964e+07 9.210676e+07 8.845352e+07 7.736384e+07 6.598136e+07 5.691686e+07 5.013806e+07 4.502923e+07 4.107738e+07 2.427874e+07 1.813984e+07 1.473062e+07 1.250187e+07
8.807811e+07 8.807811e+07 8.807811e+07 8.807811e+07 8.807808e+07 8.807738e+07 8.807514e+07 8.806590e+07 8.805881e+07 8.805001e+07 8.802722e+07 8.799760e+07 8.796248e+07 8.792568e+07 8.789392e+07 8.787565e+07 8.787922e+07 8.836884e+07 8.941935e+07 9.025385e+07 9.002985e+07 8.809318e+07 8.429234e+07 7.328521e+07 6.233744e+07 5.382063e+07 4.755378e+07 4.286400e+07 3.923473e+07 2.361535e+07 1.783203e+07 1.455694e+07 1.239001e+07
8.438253e+07 8.438253e+07 8.438253e+07 8.438253e+07 8.438251e+07 8.438202e+07 8.438043e+07 8.437389e+07 8.436889e+07 8.436270e+07 8.434667e+07 8.432584e+07 8.430123e+07 8.427596e+07 8.425553e+07 8.424686e+07 8.425677e+07 8.469616e+07 8.556843e+07 8.618253e+07 8.577705e+07 8.374677e+07 7.995953e+07 6.925473e+07 5.879821e+07 5.080147e+07 4.501079e+07 4.072337e+07 3.741635e+07 2.296053e+07 1.752361e+07 1.438227e+07 1.227734e+07
8.025838e+07 8.025838e+07 8.025838e+07 8.025837e+07 8.025837e+07 8.025809e+07 8.025718e+07 8.025325e+07 8.025018e+07 8.024634e+07 8.023630e+07 8.022313e+07 8.020761e+07 8.019226e+07 8.018155e+07 8.018111e+07 8.019650e+07 8.059758e+07 8.133813e+07 8.180394e+07 8.130432e+07 7.927777e+07 7.560244e+07 6.534652e+07 5.542382e+07 4.791969e+07 4.255949e+07 3.863972e+07 3.563749e+07 2.231949e+07 1.721556e+07 1.420689e+07 1.216397e+07
7.614369e+07 7.614369e+07 7.614369e+07 7.614369e+07 7.614368e+07 7.614344e+07 7.614265e+07 7.613938e+07 7.613684e+07 7.613369e+07 7.612543e+07 7.611460e+07 7.610185e+07 7.608925e+07 7.608050e+07 7.608025e+07 7.609309e+07 7.642559e+07 7.703281e+07 7.737494e+07 7.682187e+07 7.484865e+07 7.133734e+07 6.161179e+07 5.224604e+07 4.520953e+07 4.023548e+07 3.664222e+07 3.391669e+07 2.169772e+07 1.690884e+07 1.403110e+07 1.205000e+07
7.211888e+07 7.211888e+07 7.211888e+07 7.211887e+07 7.211887e+07 7.211860e+07 7.211774e+07 7.211423e+07 7.211155e+07 7.210825e+07 7.209979e+07 7.208894e+07 7.207635e+07 7.206379e+07 7.205434e+07 7.205186e+07 7.206013e+07 7.232311e+07 7.281018e+07 7.304967e+07 7.246700e+07 7.057117e+07 6.724660e+07 5.808384e+07 4.927858e+07 4.268579e+07 3.805905e+07 3.475219e+07 3.227109e+07 2.110186e+07 1.660441e+07 1.385518e+07 1.193555e+07
6.815504e+07 6.815504e+07 6.815504e+07 6.815504e+07 6.815504e+07 6.815488e+07 6.815435e+07 6.815211e+07 6.815036e+07 6.814819e+07 6.814250e+07 6.813508e+07 6.812636e+07 6.811777e+07 6.811178e+07 6.811154e+07 6.812016e+07 6.834497e+07 6.874682e+07 6.891248e+07 6.832029e+07 6.651386e+07 6.338181e+07 5.478135e+07 4.652393e+07 4.035054e+07 3.603811e+07 3.298215e+07 3.071371e+07 2.053321e+07 1.630323e+07 1.367943e+07 1.182074e+07
6.437720e+07 6.437720e+07 6.437720e+07 6.437720e+07 6.437720e+07 6.437709e+07 6.437674e+07 6.437520e+07 6.437399e+07 6.437248e+07 6.436851e+07 6.436331e+07 6.435728e+07 6.435158e+07 6.434829e+07 6.435000e+07 6.435928e+07 6.455855e+07 6.489916e+07 6.501351e+07 6.442608e+07 6.271352e+07 5.977011e+07 5.171132e+07 4.397755e+07 3.819823e+07 3.417196e+07 3.133690e+07 2.925250e+07 1.998799e+07 1.600626e+07 1.350413e+07 1.170567e+07
6.084976e+07 6.084976e+07 6.084976e+07 6.084976e+07 6.084976e+07 6.084967e+07 6.084939e+07 6.084819e+07 6.084725e+07 6.084608e+07 6.084302e+07 6.083901e+07 6.083437e+07 6.083009e+07 6.082792e+07 6.083009e+07 6.083877e+07 6.101275e+07 6.130298e+07 6.137909e+07 6.080428e+07 5.918474e+07 5.642066e+07 4.887191e+07 4.163055e+07 3.621916e+07 3.245455e+07 2.981551e+07 2.789065e+07 1.946390e+07 1.571444e+07 1.332957e+07 1.159046e+07
5.757445e+07 5.757445e+07 5.757445e+07 5.757444e+07 5.757444e+07 5.757435e+07 5.757405e+07 5.757288e+07 5.757199e+07 5.757090e+07 5.756810e+07 5.756451e+07 5.756043e+07 5.755673e+07 5.755494e+07 5.755696e+07 5.756467e+07 5.771674e+07 5.796649e+07 5.801430e+07 5.745675e+07 5.592666e+07 5.333013e+07 4.625496e+07 3.947141e+07 3.440161e+07 3.087690e+07 2.841326e+07 2.662755e+07 1.895923e+07 1.542872e+07 1.315604e+07 1.147522e+07
5.452525e+07 5.452525e+07 5.452525e+07 5.452524e+07 5.452524e+07 5.452519e+07 5.452502e+07 5.452428e+07 5.452371e+07 5.452300e+07 5.452115e+07 5.451875e+07 5.451602e+07 5.451373e+07 5.451319e+07 5.451605e+07 5.452394e+07 5.466270e+07 5.488305e+07 5.491135e+07 5.437411e+07 5.292872e+07 5.048729e+07 4.384829e+07 3.748726e+07 3.273313e+07 2.942867e+07 2.712317e+07 2.545984e+07 1.847267e+07 1.515006e+07 1.298381e+07 1.136005e+07
5.171540e+07 5.171540e+07 5.171540e+07 5.171540e+07 5.171540e+07 5.171536e+07 5.171525e+07 5.171477e+07 5.171438e+07 5.171389e+07 5.171259e+07 5.171089e+07 5.170900e+07 5.170759e+07 5.170782e+07 5.171114e+07 5.171900e+07 5.184653e+07 5.204319e+07 5.205713e+07 5.154119e+07 5.017502e+07 4.787641e+07 4.163750e+07 3.566466e+07 3.120130e+07 2.809922e+07 2.593718e+07 2.438247e+07 1.800324e+07 1.487950e+07 1.281316e+07 1.124508e+07
4.913795e+07 4.913795e+07 4.913795e+07 4.913795e+07 4.913795e+07 4.913792e+07 4.913782e+07 4.913742e+07 4.913711e+07 4.913671e+07 4.913567e+07 4.913431e+07 4.913282e+07 4.913178e+07 4.913223e+07 4.913547e+07 4.914277e+07 4.925802e+07 4.943286e+07 4.943478e+07 4.893972e+07 4.764709e+07 4.547972e+07 3.960723e+07 3.399030e+07 2.979423e+07 2.687814e+07 2.484688e+07 2.338943e+07 1.755023e+07 1.461835e+07 1.264436e+07 1.113040e+07
4.677114e+07 4.677114e+07 4.677114e+07 4.677114e+07 4.677114e+07 4.677110e+07 4.677099e+07 4.677054e+07 4.677019e+07 4.676975e+07 4.676863e+07 4.676720e+07 4.676565e+07 4.676451e+07 4.676472e+07 4.676744e+07 4.677383e+07 4.687680e+07 4.703219e+07 4.702443e+07 4.654984e+07 4.532553e+07 4.327888e+07 3.774215e+07 3.245134e+07 2.850073e+07 2.575563e+07 2.384403e+07 2.247433e+07 1.711316e+07 1.436734e+07 1.247768e+07 1.101613e+07
4.457974e+07 4.457974e+07 4.457974e+07 4.457974e+07 4.457974e+07 4.457972e+07 4.457964e+07 4.457932e+07 4.457908e+07 4.457877e+07 4.457796e+07 4.457691e+07 4.457578e+07 4.457504e+07 4.457555e+07 4.457834e+07 4.458446e+07 4.467935e+07 4.482014e+07 4.480608e+07 4.435205e+07 4.319153e+07 4.125616e+07 3.602750e+07 3.103566e+07 2.731044e+07 2.472259e+07 2.292077e+07 2.163077e+07 1.669174e+07 1.412529e+07 1.231339e+07 1.090237e+07
4.255380e+07 4.255380e+07 4.255380e+07 4.255380e+07 4.255380e+07 4.255379e+07 4.255374e+07 4.255353e+07 4.255337e+07 4.255315e+07 4.255259e+07 4.255186e+07 4.255111e+07 4.255077e+07 4.255162e+07 4.255461e+07 4.256069e+07 4.265012e+07 4.278005e+07 4.276233e+07 4.232865e+07 4.122764e+07 3.939501e+07 3.444948e+07 2.973207e+07 2.621389e+07 2.377072e+07 2.206983e+07 2.085257e+07 1.628582e+07 1.389138e+07 1.215177e+07 1.078922e+07
4.068608e+07 4.068608e+07 4.068608e+07 4.068608e+07 4.068608e+07 4.068608e+07 4.068605e+07 4.068592e+07 4.068581e+07 4.068567e+07 4.068529e+07 4.068479e+07 4.068429e+07 4.068422e+07 4.068526e+07 4.068831e+07 4.069422e+07 4.077828e+07 4.089847e+07 4.087795e+07 4.046364e+07 3.941794e+07 3.768021e+07 3.299539e+07 2.853025e+07 2.520245e+07 2.289248e+07 2.128451e+07 2.013393e+07 1.589530e+07 1.366493e+07 1.199308e+07 1.067680e+07
3.896594e+07 3.896594e+07 3.896594e+07 3.896594e+07 3.896594e+07 3.896593e+07 3.896590e+07 3.896577e+07 3.896566e+07 3.896553e+07 3.896516e+07 3.896467e+07 3.896420e+07 3.896412e+07 3.896507e+07 3.896788e+07 3.897334e+07 3.905100e+07 3.916139e+07 3.913819e+07 3.874206e+07 3.774777e+07 3.609788e+07 3.165364e+07 2.742085e+07 2.426830e+07 2.208104e+07 2.055875e+07 1.946946e+07 1.552012e+07 1.344539e+07 1.183760e+07 1.056521e+07
3.737488e+07 3.737488e+07 3.737488e+07 3.737488e+07 3.737488e+07 3.737487e+07 3.737483e+07 3.737466e+07 3.737453e+07 3.737437e+07 3.737394e+07 3.737339e+07 3.737284e+07 3.737264e+07 3.737339e+07 3.737586e+07 3.738078e+07 3.745220e+07 3.755373e+07 3.752861e+07 3.714994e+07 3.620376e+07 3.463546e+07 3.041378e+07 2.639537e+07 2.340435e+07 2.133025e+07 1.988701e+07 1.885421e+07 1.516018e+07 1.323226e+07 1.168566e+07 1.045454e+07
3.589287e+07 3.589287e+07 3.589287e+07 3.589287e+07 3.589287e+07 3.589286e+07 3.589283e+07 3.589269e+07 3.589259e+07 3.589245e+07 3.589210e+07 3.589165e+07 3.589122e+07 3.589113e+07 3.589193e+07 3.589436e+07 3.589909e+07 3.596651e+07 3.606169e+07 3.603632e+07 3.567492e+07 3.477406e+07 3.328178e+07 2.926640e+07 2.544615e+07 2.260423e+07 2.063457e+07 1.926434e+07 1.828368e+07 1.481535e+07 1.302509e+07 1.153766e+07 1.034490e+07
3.451149e+07 3.451149e+07 3.451149e+07 3.451149e+07 3.451149e+07 3.451149e+07 3.451148e+07 3.451142e+07 3.451137e+07 3.451130e+07 3.451111e+07 3.451086e+07 3.451066e+07 3.451080e+07 3.451182e+07 3.451439e+07 3.451914e+07 3.458431e+07 3.467526e+07 3.465102e+07 3.430661e+07 3.344840e+07 3.202701e+07 2.820309e+07 2.456627e+07 2.186215e+07 1.998896e+07 1.868622e+07 1.775376e+07 1.448542e+07 1.282347e+07 1.139401e+07 1.023640e+07
3.322889e+07 3.322889e+07 3.322889e+07 3.322889e+07 3.322889e+07 3.322888e+07 3.322887e+07 3.322883e+07 3.322879e+07 3.322873e+07 3.322859e+07 3.322840e+07 3.322828e+07 3.322851e+07 3.322960e+07 3.323218e+07 3.323686e+07 3.329978e+07 3.338713e+07 3.336437e+07 3.303612e+07 3.221779e+07 3.086240e+07 2.721629e+07 2.374948e+07 2.117289e+07 1.938891e+07 1.814860e+07 1.726074e+07 1.417009e+07 1.262705e+07 1.125430e+07 1.012913e+07
3.203746e+07 3.203746e+07 3.203746e+07 3.203746e+07 3.203746e+07 3.203746e+07 3.203746e+07 3.203745e+07 3.203744e+07 3.203742e+07 3.203735e+07 3.203727e+07 3.203725e+07 3.203758e+07 3.203874e+07 3.204131e+07 3.204590e+07 3.210646e+07 3.219012e+07 3.216854e+07 3.185526e+07 3.107405e+07 2.978005e+07 2.629920e+07 2.299014e+07 2.053171e+07 1.883032e+07 1.764779e+07 1.680126e+07 1.386900e+07 1.243552e+07 1.111812e+07 1.002321e+07
3.093161e+07 3.093161e+07 3.093161e+07 3.093161e+07 3.093161e+07 3.093161e+07 3.093160e+07 3.093157e+07 3.093154e+07 3.093151e+07 3.093141e+07 3.093130e+07 3.093126e+07 3.093154e+07 3.093262e+07 3.093505e+07 3.093939e+07 3.099696e+07 3.107655e+07 3.105571e+07 3.075624e+07 3.000959e+07 2.877275e+07 2.544564e+07 2.228316e+07 1.993434e+07 1.830947e+07 1.718049e+07 1.637225e+07 1.358171e+07 1.224861e+07 1.098518e+07 9.918742e+06
2.990136e+07 2.990136e+07 2.990136e+07 2.990136e+07 2.990136e+07 2.990136e+07 2.990135e+07 2.990130e+07 2.990127e+07 2.990122e+07 2.990109e+07 2.990094e+07 2.990084e+07 2.990106e+07 2.990201e+07 2.990425e+07 2.990831e+07 2.996276e+07 3.003838e+07 3.001825e+07 2.973177e+07 2.901744e+07 2.783396e+07 2.465008e+07 2.162392e+07 1.937690e+07 1.782301e+07 1.674367e+07 1.597096e+07 1.330770e+07 1.206610e+07 1.085522e+07 9.815847e+06
2.893655e+07 2.893655e+07 2.893655e+07 2.893655e+07 2.893655e+07 2.893655e+07 2.893654e+07 2.893650e+07 2.893647e+07 2.893643e+07 2.893632e+07 2.893618e+07 2.893609e+07 2.893630e+07 2.893723e+07 2.893939e+07 2.894329e+07 2.899553e+07 2.906817e+07 2.904929e+07 2.877534e+07 2.809140e+07 2.695781e+07 2.390749e+07 2.100825e+07 1.885586e+07 1.736787e+07 1.633459e+07 1.559487e+07 1.304642e+07 1.188779e+07 1.072802e+07 9.714655e+06
2.803099e+07 2.803099e+07 2.803099e+07 2.803099e+07 2.803099e+07 2.803099e+07 2.803099e+07 2.803100e+07 2.803100e+07 2.803099e+07 2.803097e+07 2.803094e+07 2.803097e+07 2.803131e+07 2.803234e+07 2.803457e+07 2.803847e+07 2.808955e+07 2.816030e+07 2.814325e+07 2.788139e+07 2.722604e+07 2.613908e+07 2.321336e+07 2.043236e+07 1.836802e+07 1.694128e+07 1.595078e+07 1.524171e+07 1.279727e+07 1.171351e+07 1.060337e+07 9.615333e+06
2.718417e+07 2.718417e+07 2.718417e+07 2.718417e+07 2.718417e+07 2.718417e+07 2.718417e+07 2.718417e+07 2.718417e+07 2.718417e+07 2.718415e+07 2.718414e+07 2.718421e+07 2.718458e+07 2.718563e+07 2.718785e+07 2.719171e+07 2.724164e+07 2.731080e+07 2.729563e+07 2.704515e+07 2.641650e+07 2.537307e+07 2.256356e+07 1.989279e+07 1.791045e+07 1.654068e+07 1.558996e+07 1.490940e+07 1.255962e+07 1.154312e+07 1.048108e+07 9.518114e+06
2.639216e+07 2.639216e+07 2.639216e+07 2.639216e+07 2.639216e+07 2.639216e+07 2.639217e+07 2.639217e+07 2.639218e+07 2.639218e+07 2.639218e+07 2.639219e+07 2.639228e+07 2.639267e+07 2.639372e+07 2.639592e+07 2.639970e+07 2.644838e+07 2.651587e+07 2.650224e+07 2.626219e+07 2.565832e+07 2.465542e+07 2.195430e+07 1.938635e+07 1.748047e+07 1.616377e+07 1.525008e+07 1.459607e+07 1.233284e+07 1.137650e+07 1.036097e+07 9.422874e+06
2.565094e+07 2.565094e+07 2.565094e+07 2.565094e+07 2.565094e+07 2.565094e+07 2.565094e+07 2.565096e+07 2.565097e+07 2.565098e+07 2.565100e+07 2.565104e+07 2.565116e+07 2.565158e+07 2.565265e+07 2.565482e+07 2.565853e+07 2.570586e+07 2.577137e+07 2.575875e+07 2.552811e+07 2.494717e+07 2.398201e+07 2.138207e+07 1.891014e+07 1.707563e+07 1.580843e+07 1.492926e+07 1.430000e+07 1.211626e+07 1.121356e+07 1.024289e+07 9.329393e+06
2.495755e+07 2.495755e+07 2.495755e+07 2.495755e+07 2.495756e+07 2.495756e+07 2.495756e+07 2.495758e+07 2.495759e+07 2.495761e+07 2.495763e+07 2.495765e+07 2.495775e+07 2.495813e+07 2.495912e+07 2.496117e+07 2.496469e+07 2.501001e+07 2.507293e+07 2.506074e+07 2.483860e+07 2.427894e+07 2.334901e+07 2.084363e+07 1.846150e+07 1.669370e+07 1.547275e+07 1.462580e+07 1.401964e+07 1.190925e+07 1.105420e+07 1.012669e+07 9.237519e+06
2.430658e+07 2.430658e+07 2.430658e+07 2.430658e+07 2.430658e+07 2.430658e+07 2.430658e+07 2.430655e+07 2.430653e+07 2.430650e+07 2.430642e+07 2.430634e+07 2.430631e+07 2.430655e+07 2.430737e+07 2.430921e+07 2.431247e+07 2.435552e+07 2.441574e+07 2.440379e+07 2.418954e+07 2.364980e+07 2.275286e+07 2.033608e+07 1.803803e+07 1.633268e+07 1.515498e+07 1.433816e+07 1.375359e+07 1.171118e+07 1.089835e+07 1.001224e+07 9.147128e+06
2.368935e+07 2.368935e+07 2.368935e+07 2.368935e+07 2.368935e+07 2.368935e+07 2.368935e+07 2.368934e+07 2.368934e+07 2.368934e+07 2.368932e+07 2.368930e+07 2.368934e+07 2.368963e+07 2.369049e+07 2.369232e+07 2.369552e+07 2.373720e+07 2.379539e+07 2.378398e+07 2.357733e+07 2.305638e+07 2.219044e+07 1.985676e+07 1.763756e+07 1.599074e+07 1.485356e+07 1.406494e+07 1.350059e+07 1.152143e+07 1.074592e+07 9.899429e+06 9.058108e+06
2.310582e+07 2.310582e+07 2.310582e+07 2.310582e+07 2.310582e+07 2.310582e+07 2.310582e+07 2.310581e+07 2.310580e+07 2.310579e+07 2.310577e+07 2.310574e+07 2.310578e+07 2.310606e+07 2.310690e+07 2.310869e+07 2.311180e+07 2.315230e+07 2.320890e+07 2.319830e+07 2.299898e+07 2.249579e+07 2.165898e+07 1.940333e+07 1.725814e+07 1.566625e+07 1.456708e+07 1.380489e+07 1.325949e+07 1.133943e+07 1.059685e+07 9.788145e+06 8.970360e+06
2.255328e+07 2.255328e+07 2.255328e+07 2.255328e+07 2.255328e+07 2.255328e+07 2.255328e+07 2.255327e+07 2.255327e+07 2.255326e+07 2.255324e+07 2.255322e+07 2.255327e+07 2.255355e+07 2.255438e+07 2.255613e+07 2.255918e+07 2.259869e+07 2.265398e+07 2.264430e+07 2.245196e+07 2.196548e+07 2.115604e+07 1.897367e+07 1.689801e+07 1.535773e+07 1.429424e+07 1.355686e+07 1.302923e+07 1.116459e+07 1.045106e+07 9.678302e+06 8.883793e+06
2.202968e+07 2.202968e+07 2.202968e+07 2.202968e+07 2.202968e+07 2.202968e+07 2.202968e+07 2.202969e+07 2.202969e+07 2.202969e+07 2.202969e+07 2.202970e+07 2.202977e+07 2.203009e+07 2.203094e+07 2.203269e+07 2.203570e+07 2.207447e+07 2.212866e+07 2.211988e+07 2.193404e+07 2.146316e+07 2.067938e+07 1.856584e+07 1.655557e+07 1.506382e+07 1.403389e+07 1.331982e+07 1.280889e+07 1.099639e+07 1.030847e+07 9.569822e+06 8.798322e+06
2.153421e+07 2.153421e+07 2.153421e+07 2.153421e+07 2.153421e+07 2.153422e+07 2.153422e+07 2.153424e+07 2.153424e+07 2.153426e+07 2.153428e+07 2.153432e+07 2.153443e+07 2.153477e+07 2.153563e+07 2.153738e+07 2.154036e+07 2.157830e+07 2.163124e+07 2.162303e+07 2.144304e+07 2.098665e+07 2.022688e+07 1.817805e+07 1.622934e+07 1.478330e+07 1.378495e+07 1.309281e+07 1.259759e+07 1.083433e+07 1.016902e+07 9.462640e+06 8.713869e+06
2.106615e+07 2.106615e+07 2.106615e+07 2.106615e+07 2.106615e+07 2.106615e+07 2.106615e+07 2.106615e+07 2.106615e+07 2.106615e+07 2.106615e+07 2.106615e+07 2.106622e+07 2.106652e+07 2.106732e+07 2.106898e+07 2.107184e+07 2.110850e+07 2.115971e+07 2.115155e+07 2.097672e+07 2.053375e+07 1.979649e+07 1.780861e+07 1.591797e+07 1.451503e+07 1.354646e+07 1.287498e+07 1.239456e+07 1.067792e+07 1.003262e+07 9.356700e+06 8.630363e+06
2.062194e+07 2.062194e+07 2.062194e+07 2.062194e+07 2.062194e+07 2.062194e+07 2.062194e+07 2.062194e+07 2.062194e+07 2.062193e+07 2.062192e+07 2.062190e+07 2.062193e+07 2.062218e+07 2.062290e+07 2.062445e+07 2.062715e+07 2.066225e+07 2.071137e+07 2.070290e+07 2.053272e+07 2.010230e+07 1.938627e+07 1.745596e+07 1.562019e+07 1.425797e+07 1.331752e+07 1.266554e+07 1.219908e+07 1.052674e+07 9.899202e+06 9.251958e+06 8.547739e+06
2.019816e+07 2.019816e+07 2.019816e+07 2.019816e+07 2.019816e+07 2.019815e+07 2.019815e+07 2.019813e+07 2.019811e+07 2.019809e+07 2.019804e+07 2.019798e+07 2.019797e+07 2.019815e+07 2.019880e+07 2.020023e+07 2.020277e+07 2.023632e+07 2.028339e+07 2.027458e+07 2.010879e+07 1.969031e+07 1.899441e+07 1.711868e+07 1.533486e+07 1.401118e+07 1.309732e+07 1.246378e+07 1.201050e+07 1.038036e+07 9.768670e+06 9.148377e+06 8.465938e+06
1.979133e+07 1.979133e+07 1.979133e+07 1.979133e+07 1.979133e+07 1.979133e+07 1.979132e+07 1.979130e+07 1.979129e+07 1.979127e+07 1.979122e+07 1.979115e+07 1.979113e+07 1.979130e+07 1.979192e+07 1.979329e+07 1.979573e+07 1.982808e+07 1.987345e+07 1.986455e+07 1.970313e+07 1.929611e+07 1.861942e+07 1.679553e+07 1.506097e+07 1.377381e+07 1.288512e+07 1.226904e+07 1.182825e+07 1.023840e+07 9.640943e+06 9.045927e+06 8.384906e+06
1.940008e+07 1.940008e+07 1.940008e+07 1.940008e+07 1.940008e+07 1.940008e+07 1.940007e+07 1.940005e+07 1.940004e+07 1.940002e+07 1.939997e+07 1.939992e+07 1.939991e+07 1.940009e+07 1.940071e+07 1.940207e+07 1.940446e+07 1.943600e+07 1.948013e+07 1.947144e+07 1.931439e+07 1.891841e+07 1.826004e+07 1.648542e+07 1.479762e+07 1.354508e+07 1.268028e+07 1.208073e+07 1.165178e+07 1.010053e+07 9.515932e+06 8.944588e+06 8.304596e+06
1.902407e+07 1.902407e+07 1.902407e+07 1.902407e+07 1.902407e+07 1.902407e+07 1.902407e+07 1.902406e+07 1.902406e+07 1.902405e+07 1.902404e+07 1.902403e+07 1.902406e+07 1.902428e+07 1.902493e+07 1.902630e+07 1.902868e+07 1.905959e+07 1.910272e+07 1.909439e+07 1.894161e+07 1.855618e+07 1.791525e+07 1.618742e+07 1.454399e+07 1.332433e+07 1.248219e+07 1.189835e+07 1.148063e+07 9.966406e+06 9.393549e+06 8.844342e+06 8.224964e+06
1.866412e+07 1.866412e+07 1.866412e+07 1.866412e+07 1.866412e+07 1.866412e+07 1.866411e+07 1.866410e+07 1.866410e+07 1.866409e+07 1.866406e+07 1.866404e+07 1.866406e+07 1.866426e+07 1.866488e+07 1.866620e+07 1.866851e+07 1.869863e+07 1.874070e+07 1.873270e+07 1.858397e+07 1.820854e+07 1.758414e+07 1.590069e+07 1.429938e+07 1.311093e+07 1.229033e+07 1.172141e+07 1.131437e+07 9.835742e+06 9.273704e+06 8.745178e+06 8.145974e+06
1.831859e+07 1.831859e+07 1.831859e+07 1.831859e+07 1.831859e+07 1.831859e+07 1.831858e+07 1.831857e+07 1.831857e+07 1.831855e+07 1.831853e+07 1.831850e+07 1.831851e+07 1.831870e+07 1.831930e+07 1.832058e+07 1.832283e+07 1.835219e+07 1.839326e+07 1.838553e+07 1.824059e+07 1.787460e+07 1.726582e+07 1.562445e+07 1.406313e+07 1.290435e+07 1.210422e+07 1.154949e+07 1.115261e+07 9.708267e+06 9.156308e+06 8.647089e+06 8.067596e+06
1.798629e+07 1.798629e+07 1.798629e+07 1.798629e+07 1.798629e+07 1.798629e+07 1.798629e+07 1.798628e+07 1.798628e+07 1.798627e+07 1.798625e+07 1.798622e+07 1.798625e+07 1.798644e+07 1.798703e+07 1.798830e+07 1.799050e+07 1.801926e+07 1.805945e+07 1.805197e+07 1.791056e+07 1.755344e+07 1.695943e+07 1.535796e+07 1.383465e+07 1.270408e+07 1.192343e+07 1.138221e+07 1.099500e+07 9.583738e+06 9.041271e+06 8.550069e+06 7.989801e+06
1.766672e+07 1.766672e+07 1.766672e+07 1.766672e+07 1.766672e+07 1.766672e+07 1.766672e+07 1.766672e+07 1.766671e+07 1.766671e+07 1.766669e+07 1.766668e+07 1.766672e+07 1.766693e+07 1.766753e+07 1.766879e+07 1.767097e+07 1.769920e+07 1.773852e+07 1.773117e+07 1.759297e+07 1.724416e+07 1.666411e+07 1.510051e+07 1.361335e+07 1.250966e+07 1.174756e+07 1.121921e+07 1.084122e+07 9.461931e+06 8.928505e+06 8.454116e+06 7.912569e+06
1.735984e+07 1.735984e+07 1.735984e+07 1.735984e+07 1.735984e+07 1.735984e+07 1.735984e+07 1.735984e+07 1.735984e+07 1.735984e+07 1.735985e+07 1.735985e+07 1.735991e+07 1.736013e+07 1.736073e+07 1.736197e+07 1.736411e+07 1.739161e+07 1.742977e+07 1.742224e+07 1.728688e+07 1.694582e+07 1.637898e+07 1.485141e+07 1.339872e+07 1.232064e+07 1.157625e+07 1.106018e+07 1.069100e+07 9.342647e+06 8.817924e+06 8.359231e+06 7.835881e+06
1.706571e+07 1.706571e+07 1.706571e+07 1.706571e+07 1.706571e+07 1.706570e+07 1.706570e+07 1.706567e+07 1.706566e+07 1.706564e+07 1.706559e+07 1.706553e+07 1.706551e+07 1.706565e+07 1.706616e+07 1.706728e+07 1.706927e+07 1.709554e+07 1.713213e+07 1.712411e+07 1.699125e+07 1.665749e+07 1.610320e+07 1.461002e+07 1.319024e+07 1.213664e+07 1.140916e+07 1.090483e+07 1.054406e+07 9.225706e+06 8.709445e+06 8.265413e+06 7.759725e+06
1.678050e+07 1.678050e+07 1.678050e+07 1.678050e+07 1.678050e+07 1.678050e+07 1.678049e+07 1.678047e+07 1.678045e+07 1.678042e+07 1.678036e+07 1.678029e+07 1.678025e+07 1.678035e+07 1.678080e+07 1.678185e+07 1.678373e+07 1.680892e+07 1.684402e+07 1.683550e+07 1.670503e+07 1.637826e+07 1.583600e+07 1.437575e+07 1.298748e+07 1.195729e+07 1.124598e+07 1.075288e+07 1.040017e+07 9.110948e+06 8.602987e+06 8.172664e+06 7.684091e+06
1.650251e+07 1.650251e+07 1.650251e+07 1.650251e+07 1.650251e+07 1.650250e+07 1.650250e+07 1.650248e+07 1.650247e+07 1.650245e+07 1.650241e+07 1.650236e+07 1.650234e+07 1.650246e+07 1.650292e+07 1.650396e+07 1.650580e+07 1.653028e+07 1.656421e+07 1.655541e+07 1.642736e+07 1.610738e+07 1.557673e+07 1.414810e+07 1.279001e+07 1.178225e+07 1.108644e+07 1.060410e+07 1.025913e+07 8.998230e+06 8.498471e+06 8.080985e+06 7.608974e+06
1.623227e+07 1.623227e+07 1.623227e+07 1.623227e+07 1.623227e+07 1.623227e+07 1.623227e+07 1.623225e+07 1.623224e+07 1.623222e+07 1.623218e+07 1.623213e+07 1.623211e+07 1.623223e+07 1.623268e+07 1.623369e+07 1.623549e+07 1.625930e+07 1.629223e+07 1.628329e+07 1.615768e+07 1.584432e+07 1.532485e+07 1.392661e+07 1.259749e+07 1.161122e+07 1.093027e+07 1.045827e+07 1.012074e+07 8.887424e+06 8.395823e+06 7.990378e+06 7.534369e+06
1.596946e+07 1.596946e+07 1.596946e+07 1.596946e+07 1.596946e+07 1.596946e+07 1.596946e+07 1.596944e+07 1.596942e+07 1.596941e+07 1.596936e+07 1.596931e+07 1.596929e+07 1.596940e+07 1.596983e+07 1.597081e+07 1.597256e+07 1.599575e+07 1.602777e+07 1.601878e+07 1.589560e+07 1.558866e+07 1.507998e+07 1.371091e+07 1.240958e+07 1.144395e+07 1.077728e+07 1.031521e+07 9.984832e+06 8.778419e+06 8.294972e+06 7.900845e+06 7.460278e+06
1.571352e+07 1.571352e+07 1.571352e+07 1.571352e+07 1.571352e+07 1.571352e+07 1.571352e+07 1.571350e+07 1.571349e+07 1.571347e+07 1.571343e+07 1.571338e+07 1.571337e+07 1.571349e+07 1.571392e+07 1.571489e+07 1.571661e+07 1.573930e+07 1.577056e+07 1.576162e+07 1.564083e+07 1.534008e+07 1.484176e+07 1.350069e+07 1.222601e+07 1.128020e+07 1.062725e+07 1.017475e+07 9.851279e+06 8.671117e+06 8.195850e+06 7.812386e+06 7.386702e+06
1.546448e+07 1.546448e+07 1.546448e+07 1.546448e+07 1.546448e+07 1.546448e+07 1.546447e+07 1.546446e+07 1.546446e+07 1.546445e+07 1.546442e+07 1.546439e+07 1.546440e+07 1.546454e+07 1.546498e+07 1.546595e+07 1.546765e+07 1.548993e+07 1.552050e+07 1.551161e+07 1.539312e+07 1.509829e+07 1.460988e+07 1.329563e+07 1.204654e+07 1.111978e+07 1.048005e+07 1.003677e+07 9.719957e+06 8.565434e+06 8.098395e+06 7.725002e+06 7.313647e+06
1.522285e+07 1.522285e+07 1.522285e+07 1.522285e+07 1.522285e+07 1.522285e+07 1.522285e+07 1.522284e+07 1.522283e+07 1.522282e+07 1.522279e+07 1.522276e+07 1.522276e+07 1.522290e+07 1.522333e+07 1.522427e+07 1.522593e+07 1.524768e+07 1.527748e+07 1.526858e+07 1.515222e+07 1.486300e+07 1.438405e+07 1.309549e+07 1.187096e+07 1.096252e+07 1.033552e+07 9.901139e+06 9.590768e+06 8.461294e+06 8.002546e+06 7.638692e+06 7.241117e+06
1.498812e+07 1.498812e+07 1.498812e+07 1.498812e+07 1.498812e+07 1.498811e+07 1.498811e+07 1.498810e+07 1.498809e+07 1.498808e+07 1.498805e+07 1.498802e+07 1.498801e+07 1.498813e+07 1.498855e+07 1.498946e+07 1.499108e+07 1.501225e+07 1.504123e+07 1.503220e+07 1.491779e+07 1.463388e+07 1.416394e+07 1.289999e+07 1.169908e+07 1.080828e+07 1.019355e+07 9.767772e+06 9.463631e+06 8.358636e+06 7.908248e+06 7.553454e+06 7.169122e+06
1.475968e+07 1.475968e+07 1.475968e+07 1.475968e+07 1.475968e+07 1.475968e+07 1.475968e+07 1.475967e+07 1.475966e+07 1.475965e+07 1.475962e+07 1.475958e+07 1.475958e+07 1.475970e+07 1.476010e+07 1.476099e+07 1.476256e+07 1.478318e+07 1.481132e+07 1.480209e+07 1.468945e+07 1.441056e+07 1.394922e+07 1.270889e+07 1.153070e+07 1.065693e+07 1.005406e+07 9.636590e+06 9.338480e+06 8.257404e+06 7.815450e+06 7.469288e+06 7.097670e+06
1.453721e+07 1.453721e+07 1.453721e+07 1.453721e+07 1.453721e+07 1.453721e+07 1.453720e+07 1.453719e+07 1.453718e+07 1.453717e+07 1.453714e+07 1.453711e+07 1.453710e+07 1.453722e+07 1.453761e+07 1.453847e+07 1.454000e+07 1.456005e+07 1.458731e+07 1.457780e+07 1.446678e+07 1.419263e+07 1.373953e+07 1.252193e+07 1.136568e+07 1.050835e+07 9.916948e+06 9.507525e+06 9.215257e+06 8.157555e+06 7.724102e+06 7.386189e+06 7.026770e+06
1.432037e+07 1.432037e+07 1.432037e+07 1.432037e+07 1.432037e+07 1.432037e+07 1.432037e+07 1.432036e+07 1.432035e+07 1.432034e+07 1.432030e+07 1.432026e+07 1.432025e+07 1.432035e+07 1.432072e+07 1.432155e+07 1.432302e+07 1.434244e+07 1.436873e+07 1.435884e+07 1.424931e+07 1.397970e+07 1.353453e+07 1.233889e+07 1.120386e+07 1.036245e+07 9.782151e+06 9.380523e+06 9.093919e+06 8.059048e+06 7.634161e+06 7.304155e+06 6.956433e+06
1.410853e+07 1.410853e+07 1.410853e+07 1.410853e+07 1.410853e+07 1.410853e+07 1.410853e+07 1.410851e+07 1.410850e+07 1.410848e+07 1.410844e+07 1.410839e+07 1.410836e+07 1.410844e+07 1.410878e+07 1.410956e+07 1.411097e+07 1.412972e+07 1.415502e+07 1.414472e+07 1.403658e+07 1.377136e+07 1.333388e+07 1.215955e+07 1.104511e+07 1.021913e+07 9.649604e+06 9.255534e+06 8.974424e+06 7.961852e+06 7.545585e+06 7.223180e+06 6.886671e+06
1.390082e+07 1.390082e+07 1.390082e+07 1.390082e+07 1.390082e+07 1.390082e+07 1.390081e+07 1.390079e+07 1.390078e+07 1.390076e+07 1.390072e+07 1.390067e+07 1.390064e+07 1.390071e+07 1.390104e+07 1.390179e+07 1.390315e+07 1.392128e+07 1.394564e+07 1.393495e+07 1.382822e+07 1.356729e+07 1.313731e+07 1.198373e+07 1.088931e+07 1.007833e+07 9.519253e+06 9.132518e+06 8.856741e+06 7.865942e+06 7.458337e+06 7.143261e+06 6.817493e+06
1.369695e+07 1.369695e+07 1.369695e+07 1.369695e+07 1.369695e+07 1.369695e+07 1.369694e+07 1.369693e+07 1.369691e+07 1.369689e+07 1.369685e+07 1.369680e+07 1.369676e+07 1.369683e+07 1.369714e+07 1.369787e+07 1.369919e+07 1.371675e+07 1.374023e+07 1.372923e+07 1.362392e+07 1.336725e+07 1.294463e+07 1.181130e+07 1.073637e+07 9.939967e+06 9.391047e+06 9.011437e+06 8.740840e+06 7.771296e+06 7.372381e+06 7.064390e+06 6.748911e+06
1.349669e+07 1.349669e+07 1.349669e+07 1.349669e+07 1.349669e+07 1.349668e+07 1.349668e+07 1.349666e+07 1.349665e+07 1.349663e+07 1.349659e+07 1.349653e+07 1.349650e+07 1.349657e+07 1.349687e+07 1.349757e+07 1.349885e+07 1.351590e+07 1.353860e+07 1.352738e+07 1.342354e+07 1.317108e+07 1.275569e+07 1.164216e+07 1.058621e+07 9.803992e+06 9.264945e+06 8.892259e+06 8.626695e+06 7.677897e+06 7.287686e+06 6.986562e+06 6.680936e+06
1.329987e+07 1.329987e+07 1.329987e+07 1.329987e+07 1.329987e+07 1.329986e+07 1.329986e+07 1.329984e+07 1.329983e+07 1.329982e+07 1.329978e+07 1.329973e+07 1.329970e+07 1.329977e+07 1.330007e+07 1.330076e+07 1.330201e+07 1.331863e+07 1.334065e+07 1.332931e+07 1.322699e+07 1.297870e+07 1.257041e+07 1.147621e+07 1.043877e+07 9.670354e+06 9.140908e+06 8.774954e+06 8.514285e+06 7.585731e+06 7.204223e+06 6.909770e+06 6.613579e+06
1.310659e+07 1.310659e+07 1.310659e+07 1.310659e+07 1.310659e+07 1.310659e+07 1.310658e+07 1.310657e+07 1.310655e+07 1.310654e+07 1.310650e+07 1.310645e+07 1.310643e+07 1.310650e+07 1.310679e+07 1.310747e+07 1.310870e+07 1.312494e+07 1.314639e+07 1.313501e+07 1.303425e+07 1.279009e+07 1.238875e+07 1.131342e+07 1.029400e+07 9.539010e+06 9.018904e+06 8.659499e+06 8.403591e+06 7.494787e+06 7.121965e+06 6.834006e+06 6.546849e+06
1.291677e+07 1.291677e+07 1.291677e+07 1.291677e+07 1.291677e+07 1.291677e+07 1.291676e+07 1.291676e+07 1.291675e+07 1.291674e+07 1.291672e+07 1.291669e+07 1.291669e+07 1.291677e+07 1.291708e+07 1.291777e+07 1.291899e+07 1.293496e+07 1.295592e+07 1.294456e+07 1.284536e+07 1.260524e+07 1.221068e+07 1.115373e+07 1.015184e+07 9.409923e+06 8.898905e+06 8.545871e+06 8.294597e+06 7.405058e+06 7.040888e+06 6.759262e+06 6.480758e+06
1.273116e+07 1.273116e+07 1.273116e+07 1.273116e+07 1.273116e+07 1.273116e+07 1.273116e+07 1.273115e+07 1.273114e+07 1.273114e+07 1.273111e+07 1.273109e+07 1.273109e+07 1.273118e+07 1.273149e+07 1.273217e+07 1.273337e+07 1.274899e+07 1.276943e+07 1.275805e+07 1.266034e+07 1.242415e+07 1.203619e+07 1.099711e+07 1.001227e+07 9.283060e+06 8.780885e+06 8.434054e+06 8.187292e+06 7.316536e+06 6.960969e+06 6.685530e+06 6.415312e+06
1.254982e+07 1.254982e+07 1.254982e+07 1.254982e+07 1.254982e+07 1.254982e+07 1.254981e+07 1.254980e+07 1.254980e+07 1.254979e+07 1.254976e+07 1.254973e+07 1.254972e+07 1.254980e+07 1.255010e+07 1.255075e+07 1.255191e+07 1.256710e+07 1.258693e+07 1.257549e+07 1.247919e+07 1.224680e+07 1.186524e+07 1.084350e+07 9.875241e+06 9.158394e+06 8.664824e+06 8.324032e+06 8.081664e+06 7.229219e+06 6.882187e+06 6.612802e+06 6.350522e+06
1.237225e+07 1.237225e+07 1.237225e+07 1.237225e+07 1.237225e+07 1.237225e+07 1.237224e+07 1.237223e+07 1.237222e+07 1.237221e+07 1.237218e+07 1.237215e+07 1.237213e+07 1.237220e+07 1.237248e+07 1.237311e+07 1.237423e+07 1.238900e+07 1.240825e+07 1.239673e+07 1.230181e+07 1.207310e+07 1.169774e+07 1.069287e+07 9.740714e+06 9.035896e+06 8.550704e+06 8.215794e+06 7.977707e+06 7.143100e+06 6.804524e+06 6.541067e+06 6.286395e+06
1.219802e+07 1.219802e+07 1.219802e+07 1.219802e+07 1.219802e+07 1.219802e+07 1.219802e+07 1.219800e+07 1.219800e+07 1.219798e+07 1.219796e+07 1.219792e+07 1.219791e+07 1.219798e+07 1.219826e+07 1.219888e+07 1.219998e+07 1.221443e+07 1.223319e+07 1.222165e+07 1.212809e+07 1.190296e+07 1.153364e+07 1.054513e+07 9.608653e+06 8.915543e+06 8.438511e+06 8.109332e+06 7.875415e+06 7.058179e+06 6.727963e+06 6.470318e+06 6.222939e+06
