2.529084e+05 6.439892e+04 5.239791e+04 4.706365e+04 4.793635e+04 5.742197e+04 7.150674e+04 1.093969e+05 1.303403e+05 1.509505e+05 1.896340e+05 2.244677e+05 2.557049e+05 2.837465e+05 3.089581e+05 3.316563e+05 3.521173e+05 4.285731e+05 4.765213e+05 5.086117e+05 5.317769e+05 5.498192e+05 5.648429e+05 5.900043e+05 6.116649e+05 6.311188e+05 6.486877e+05 6.644216e+05 6.783248e+05 7.322384e+05 6.992972e+05 6.421540e+05 5.839284e+05
7.090138e+04 7.090194e+04 7.090364e+04 7.095198e+04 7.108322e+04 7.453269e+04 8.688630e+04 1.246108e+05 1.451865e+05 1.651320e+05 2.022913e+05 2.357389e+05 2.658048e+05 2.928562e+05 3.172179e+05 3.391752e+05 3.589828e+05 4.330668e+05 4.795865e+05 5.107927e+05 5.334007e+05 5.510857e+05 5.658762e+05 5.907768e+05 6.123097e+05 6.316905e+05 6.492082e+05 6.648994e+05 6.787629e+05 7.323422e+05 6.992251e+05 6.420147e+05 5.837724e+05
1.026746e+05 1.026762e+05 1.026812e+05 1.028201e+05 1.031516e+05 1.084578e+05 1.200878e+05 1.523607e+05 1.687319e+05 1.856570e+05 2.190115e+05 2.498937e+05 2.780601e+05 3.036297e+05 3.267903e+05 3.477463e+05 3.667018e+05 4.378979e+05 4.828039e+05 5.130501e+05 5.350672e+05 5.523791e+05 5.669287e+05 5.915622e+05 6.129650e+05 6.322710e+05 6.497362e+05 6.653834e+05 6.792063e+05 7.324457e+05 6.991520e+05 6.418745e+05 5.836157e+05
1.580808e+05 1.580810e+05 1.580817e+05 1.581036e+05 1.581726e+05 1.601677e+05 1.652853e+05 1.873763e+05 2.004520e+05 2.133019e+05 2.395475e+05 2.664702e+05 2.921134e+05 3.158090e+05 3.374872e+05 3.572284e+05 3.751655e+05 4.430262e+05 4.861545e+05 5.153739e+05 5.367711e+05 5.536964e+05 5.679985e+05 5.923597e+05 6.136304e+05 6.328603e+05 6.502717e+05 6.658738e+05 6.796548e+05 7.325489e+05 6.990778e+05 6.417334e+05 5.834584e+05
2.034818e+05 2.034820e+05 2.034825e+05 2.034973e+05 2.035421e+05 2.047913e+05 2.079836e+05 2.214155e+05 2.319575e+05 2.429943e+05 2.644249e+05 2.858928e+05 3.078140e+05 3.291632e+05 3.490976e+05 3.674470e+05 3.842330e+05 4.484001e+05 4.896152e+05 5.177526e+05 5.385059e+05 5.550340e+05 5.690836e+05 5.931686e+05 6.143055e+05 6.334581e+05 6.508145e+05 6.663704e+05 6.801084e+05 7.326518e+05 6.990026e+05 6.415914e+05 5.833004e+05
2.422080e+05 2.422081e+05 2.422085e+05 2.422193e+05 2.422519e+05 2.431779e+05 2.455950e+05 2.542528e+05 2.618096e+05 2.709541e+05 2.899717e+05 3.080431e+05 3.258770e+05 3.438258e+05 3.615505e+05 3.782815e+05 3.937810e+05 4.539615e+05 4.931603e+05 5.201735e+05 5.402651e+05 5.563882e+05 5.701818e+05 5.939881e+05 6.149901e+05 6.340643e+05 6.513647e+05 6.668731e+05 6.805671e+05 7.327545e+05 6.989264e+05 6.414485e+05 5.831417e+05
2.766669e+05 2.766670e+05 2.766672e+05 2.766755e+05 2.767003e+05 2.774118e+05 2.793270e+05 2.855685e+05 2.907134e+05 2.976039e+05 3.140839e+05 3.303658e+05 3.455923e+05 3.604246e+05 3.751651e+05 3.897800e+05 4.037699e+05 4.596539e+05 4.967625e+05 5.226230e+05 5.420413e+05 5.577548e+05 5.712906e+05 5.948172e+05 6.156837e+05 6.346787e+05 6.519219e+05 6.673819e+05 6.810308e+05 7.328568e+05 6.988491e+05 6.413046e+05 5.829823e+05
3.079498e+05 3.079499e+05 3.079501e+05 3.079565e+05 3.079761e+05 3.085527e+05 3.101176e+05 3.149958e+05 3.185636e+05 3.234689e+05 3.367775e+05 3.514862e+05 3.652129e+05 3.779483e+05 3.902366e+05 4.023446e+05 4.143274e+05 4.654315e+05 5.003949e+05 5.250872e+05 5.438273e+05 5.591298e+05 5.724078e+05 5.956550e+05 6.163860e+05 6.353011e+05 6.524863e+05 6.678966e+05 6.814995e+05 7.329587e+05 6.987707e+05 6.411599e+05 5.828222e+05
3.367614e+05 3.367614e+05 3.367616e+05 3.367668e+05 3.367827e+05 3.372438e+05 3.384940e+05 3.424022e+05 3.449911e+05 3.484279e+05 3.585177e+05 3.712029e+05 3.837725e+05 3.952127e+05 4.057784e+05 4.159095e+05 4.258402e+05 4.712707e+05 5.040340e+05 5.275530e+05 5.456156e+05 5.605089e+05 5.735307e+05 5.965006e+05 6.170966e+05 6.359313e+05 6.530575e+05 6.684173e+05 6.819731e+05 7.330602e+05 6.986912e+05 6.410142e+05 5.826615e+05
3.632027e+05 3.632028e+05 3.632029e+05 3.632070e+05 3.632195e+05 3.635832e+05 3.645920e+05 3.677584e+05 3.697171e+05 3.721477e+05 3.794615e+05 3.897809e+05 4.010071e+05 4.115136e+05 4.209612e+05 4.296651e+05 4.379820e+05 4.771805e+05 5.076618e+05 5.300080e+05 5.473992e+05 5.618881e+05 5.746570e+05 5.973531e+05 6.178149e+05 6.365691e+05 6.536356e+05 6.689438e+05 6.824514e+05 7.331614e+05 6.986106e+05 6.408675e+05 5.825000e+05
3.874416e+05 3.874416e+05 3.874417e+05 3.874451e+05 3.874554e+05 3.877485e+05 3.885547e+05 3.910884e+05 3.925988e+05 3.943471e+05 3.994934e+05 4.074440e+05 4.170362e+05 4.265945e+05 4.352611e+05 4.430077e+05 4.501392e+05 4.832173e+05 5.112690e+05 5.324423e+05 5.491716e+05 5.632634e+05 5.757842e+05 5.982114e+05 6.185407e+05 6.372143e+05 6.542203e+05 6.694759e+05 6.829345e+05 7.332621e+05 6.985289e+05 6.407200e+05 5.823379e+05
5.284823e+05 5.284823e+05 5.284823e+05 5.284827e+05 5.284839e+05 5.285139e+05 5.285827e+05 5.287428e+05 5.288012e+05 5.288236e+05 5.287011e+05 5.283361e+05 5.279233e+05 5.278412e+05 5.284167e+05 5.297599e+05 5.317595e+05 5.433912e+05 5.501744e+05 5.568554e+05 5.660258e+05 5.763961e+05 5.867755e+05 6.069440e+05 6.261140e+05 6.440179e+05 6.603987e+05 6.750862e+05 6.880046e+05 7.342387e+05 6.976491e+05 6.391920e+05 5.806784e+05
5.690368e+05 5.690368e+05 5.690368e+05 5.690370e+05 5.690376e+05 5.690540e+05 5.690957e+05 5.692055e+05 5.692553e+05 5.692922e+05 5.693034e+05 5.691955e+05 5.689329e+05 5.685098e+05 5.679765e+05 5.674406e+05 5.670366e+05 5.696646e+05 5.769962e+05 5.826490e+05 5.869421e+05 5.920151e+05 5.987167e+05 6.160242e+05 6.341505e+05 6.513408e+05 6.670747e+05 6.811322e+05 6.934347e+05 7.351388e+05 6.966472e+05 6.375661e+05 5.789483e+05
5.835983e+05 5.835983e+05 5.835983e+05 5.835984e+05 5.835989e+05 5.836108e+05 5.836456e+05 5.837808e+05 5.838759e+05 5.839842e+05 5.842241e+05 5.844685e+05 5.846873e+05 5.848538e+05 5.849475e+05 5.849623e+05 5.849124e+05 5.853045e+05 5.900364e+05 5.977137e+05 6.048735e+05 6.106739e+05 6.159871e+05 6.281464e+05 6.433309e+05 6.593088e+05 6.742043e+05 6.875201e+05 6.991214e+05 7.359292e+05 6.955122e+05 6.358384e+05 5.771461e+05
5.981517e+05 5.981517e+05 5.981517e+05 5.981518e+05 5.981523e+05 5.981649e+05 5.982014e+05 5.983273e+05 5.984106e+05 5.985045e+05 5.987181e+05 5.989581e+05 5.992153e+05 5.994798e+05 5.997406e+05 5.999868e+05 6.002099e+05 6.011590e+05 6.038116e+05 6.098863e+05 6.180034e+05 6.260216e+05 6.329648e+05 6.445952e+05 6.561412e+05 6.688463e+05 6.820766e+05 6.943031e+05 7.050264e+05 7.365744e+05 6.942332e+05 6.340052e+05 5.752706e+05
6.141438e+05 6.141438e+05 6.141438e+05 6.141439e+05 6.141442e+05 6.141537e+05 6.141834e+05 6.143047e+05 6.143939e+05 6.144999e+05 6.147557e+05 6.150598e+05 6.154014e+05 6.157709e+05 6.161591e+05 6.165570e+05 6.169563e+05 6.188105e+05 6.209784e+05 6.251168e+05 6.317430e+05 6.397867e+05 6.478363e+05 6.612834e+05 6.718445e+05 6.816682e+05 6.916614e+05 7.018326e+05 7.112629e+05 7.370386e+05 6.927988e+05 6.320626e+05 5.733205e+05
6.343962e+05 6.343962e+05 6.343962e+05 6.343963e+05 6.343966e+05 6.344066e+05 6.344362e+05 6.345423e+05 6.346156e+05 6.347011e+05 6.349052e+05 6.351494e+05 6.354293e+05 6.357407e+05 6.360794e+05 6.364406e+05 6.368192e+05 6.388022e+05 6.408351e+05 6.437009e+05 6.483588e+05 6.548248e+05 6.622860e+05 6.765891e+05 6.876146e+05 6.961626e+05 7.037298e+05 7.110220e+05 7.182074e+05 7.372885e+05 6.911985e+05 6.300073e+05 5.712948e+05
6.561879e+05 6.561879e+05 6.561879e+05 6.561879e+05 6.561882e+05 6.561957e+05 6.562183e+05 6.563038e+05 6.563652e+05 6.564380e+05 6.566155e+05 6.568318e+05 6.570828e+05 6.573647e+05 6.576736e+05 6.580057e+05 6.583570e+05 6.602591e+05 6.621548e+05 6.642555e+05 6.673137e+05 6.718364e+05 6.776774e+05 6.907868e+05 7.021148e+05 7.104130e+05 7.166321e+05 7.218502e+05 7.266212e+05 7.372961e+05 6.894220e+05 6.278361e+05 5.691923e+05
6.789446e+05 6.789446e+05 6.789446e+05 6.789447e+05 6.789449e+05 6.789520e+05 6.789723e+05 6.790472e+05 6.791002e+05 6.791625e+05 6.793125e+05 6.794927e+05 6.796994e+05 6.799295e+05 6.801802e+05 6.804490e+05 6.807334e+05 6.822952e+05 6.838656e+05 6.853871e+05 6.872770e+05 6.900930e+05 6.940789e+05 7.045388e+05 7.151376e+05 7.233677e+05 7.290294e+05 7.329697e+05 7.359816e+05 7.370424e+05 6.874600e+05 6.255460e+05 5.670123e+05
7.014577e+05 7.014577e+05 7.014577e+05 7.014578e+05 7.014579e+05 7.014624e+05 7.014757e+05 7.015230e+05 7.015554e+05 7.015930e+05 7.016835e+05 7.017942e+05 7.019247e+05 7.020743e+05 7.022418e+05 7.024256e+05 7.026238e+05 7.037528e+05 7.049073e+05 7.059248e+05 7.069697e+05 7.084702e+05 7.108039e+05 7.180985e+05 7.269589e+05 7.346989e+05 7.401166e+05 7.434136e+05 7.452855e+05 7.365208e+05 6.853048e+05 6.231345e+05 5.647542e+05
7.217511e+05 7.217511e+05 7.217511e+05 7.217512e+05 7.217513e+05 7.217562e+05 7.217706e+05 7.218222e+05 7.218572e+05 7.218974e+05 7.219915e+05 7.221018e+05 7.222255e+05 7.223605e+05 7.225046e+05 7.226560e+05 7.228133e+05 7.236375e+05 7.244033e+05 7.249791e+05 7.254044e+05 7.259546e+05 7.269914e+05 7.312841e+05 7.378377e+05 7.445008e+05 7.495761e+05 7.525734e+05 7.538223e+05 7.357399e+05 6.829502e+05 6.205995e+05 5.624175e+05
7.405865e+05 7.405865e+05 7.405865e+05 7.405865e+05 7.405865e+05 7.405876e+05 7.405905e+05 7.406015e+05 7.406097e+05 7.406200e+05 7.406466e+05 7.406815e+05 7.407249e+05 7.407765e+05 7.408360e+05 7.409026e+05 7.409752e+05 7.413851e+05 7.417538e+05 7.419415e+05 7.419107e+05 7.418062e+05 7.419086e+05 7.437079e+05 7.478508e+05 7.529909e+05 7.574249e+05 7.601806e+05 7.611339e+05 7.347273e+05 6.803924e+05 6.179397e+05 5.600019e+05
7.556986e+05 7.556986e+05 7.556986e+05 7.556987e+05 7.556987e+05 7.557007e+05 7.557067e+05 7.557305e+05 7.557478e+05 7.557679e+05 7.558150e+05 7.558684e+05 7.559255e+05 7.559844e+05 7.560436e+05 7.561021e+05 7.561592e+05 7.564024e+05 7.565222e+05 7.564372e+05 7.561003e+05 7.555761e+05 7.550581e+05 7.549769e+05 7.569286e+05 7.603463e+05 7.638339e+05 7.662218e+05 7.670038e+05 7.335338e+05 6.776301e+05 6.151542e+05 5.575073e+05
7.685929e+05 7.685929e+05 7.685929e+05 7.685929e+05 7.685929e+05 7.685932e+05 7.685938e+05 7.685961e+05 7.685978e+05 7.685998e+05 7.686047e+05 7.686110e+05 7.686189e+05 7.686287e+05 7.686402e+05 7.686528e+05 7.686659e+05 7.687091e+05 7.686408e+05 7.683731e+05 7.678476e+05 7.670785e+05 7.661844e+05 7.647996e+05 7.649435e+05 7.666616e+05 7.689988e+05 7.708264e+05 7.714075e+05 7.322429e+05 6.746648e+05 6.122427e+05 5.549341e+05
7.781828e+05 7.781828e+05 7.781828e+05 7.781828e+05 7.781829e+05 7.781844e+05 7.781885e+05 7.782034e+05 7.782137e+05 7.782254e+05 7.782518e+05 7.782797e+05 7.783068e+05 7.783316e+05 7.783531e+05 7.783708e+05 7.783842e+05 7.783760e+05 7.782122e+05 7.778419e+05 7.772164e+05 7.763248e+05 7.752301e+05 7.730165e+05 7.717780e+05 7.719683e+05 7.730785e+05 7.741729e+05 7.744408e+05 7.310050e+05 6.715016e+05 6.092059e+05 5.522826e+05
7.858512e+05 7.858512e+05 7.858512e+05 7.858513e+05 7.858513e+05 7.858522e+05 7.858540e+05 7.858570e+05 7.858575e+05 7.858572e+05 7.858547e+05 7.858502e+05 7.858444e+05 7.858376e+05 7.858298e+05 7.858208e+05 7.858100e+05 7.857094e+05 7.854772e+05 7.850528e+05 7.843865e+05 7.834521e+05 7.822740e+05 7.795871e+05 7.773588e+05 7.762663e+05 7.761815e+05 7.764308e+05 7.762531e+05 7.298131e+05 6.681489e+05 6.060454e+05 5.495536e+05
7.909718e+05 7.909718e+05 7.909718e+05 7.909718e+05 7.909718e+05 7.909726e+05 7.909750e+05 7.909841e+05 7.909905e+05 7.909977e+05 7.910135e+05 7.910289e+05 7.910421e+05 7.910518e+05 7.910573e+05 7.910580e+05 7.910537e+05 7.909519e+05 7.906989e+05 7.902598e+05 7.895926e+05 7.886644e+05 7.874747e+05 7.845581e+05 7.816630e+05 7.795485e+05 7.783733e+05 7.777351e+05 7.769998e+05 7.284903e+05 6.646190e+05 6.027635e+05 5.467483e+05
7.946893e+05 7.946893e+05 7.946893e+05 7.946893e+05 7.946894e+05 7.946900e+05 7.946906e+05 7.946892e+05 7.946869e+05 7.946835e+05 7.946737e+05 7.946608e+05 7.946457e+05 7.946289e+05 7.946108e+05 7.945913e+05 7.945702e+05 7.944235e+05 7.941630e+05 7.937337e+05 7.930888e+05 7.921913e+05 7.910265e+05 7.880293e+05 7.847098e+05 7.818135e+05 7.796907e+05 7.781817e+05 7.768165e+05 7.269125e+05 6.609286e+05 5.993635e+05 5.438679e+05
7.963754e+05 7.963754e+05 7.963754e+05 7.963754e+05 7.963754e+05 7.963762e+05 7.963786e+05 7.963865e+05 7.963917e+05 7.963975e+05 7.964106e+05 7.964246e+05 7.964379e+05 7.964493e+05 7.964576e+05 7.964621e+05 7.964620e+05 7.963828e+05 7.961530e+05 7.957447e+05 7.951240e+05 7.942579e+05 7.931258e+05 7.901216e+05 7.865444e+05 7.830686e+05 7.801527e+05 7.778326e+05 7.758084e+05 7.249814e+05 6.570987e+05 5.958500e+05 5.409141e+05
7.975596e+05 7.975596e+05 7.975596e+05 7.975596e+05 7.975595e+05 7.975588e+05 7.975563e+05 7.975460e+05 7.975388e+05 7.975305e+05 7.975117e+05 7.974910e+05 7.974694e+05 7.974470e+05 7.974238e+05 7.973998e+05 7.973745e+05 7.972129e+05 7.969480e+05 7.965267e+05 7.959065e+05 7.950527e+05 7.939412e+05 7.909517e+05 7.872226e+05 7.833283e+05 7.797690e+05 7.767242e+05 7.740505e+05 7.226197e+05 6.531563e+05 5.922282e+05 5.378890e+05
7.970326e+05 7.970326e+05 7.970326e+05 7.970326e+05 7.970326e+05 7.970331e+05 7.970345e+05 7.970394e+05 7.970428e+05 7.970466e+05 7.970549e+05 7.970627e+05 7.970686e+05 7.970715e+05 7.970704e+05 7.970648e+05 7.970546e+05 7.969256e+05 7.966521e+05 7.962089e+05 7.955687e+05 7.947051e+05 7.935957e+05 7.906161e+05 7.867996e+05 7.826109e+05 7.785449e+05 7.748759e+05 7.715923e+05 7.197703e+05 6.491363e+05 5.885049e+05 5.347951e+05
7.960673e+05 7.960673e+05 7.960673e+05 7.960673e+05 7.960672e+05 7.960666e+05 7.960645e+05 7.960565e+05 7.960510e+05 7.960446e+05 7.960295e+05 7.960120e+05 7.959927e+05 7.959716e+05 7.959486e+05 7.959235e+05 7.958956e+05 7.956974e+05 7.953641e+05 7.948659e+05 7.941813e+05 7.932886e+05 7.921664e+05 7.891876e+05 7.853247e+05 7.809371e+05 7.764850e+05 7.722969e+05 7.684646e+05 7.163958e+05 6.450911e+05 5.846875e+05 5.316350e+05
7.938253e+05 7.938253e+05 7.938253e+05 7.938253e+05 7.938253e+05 7.938256e+05 7.938265e+05 7.938294e+05 7.938312e+05 7.938330e+05 7.938357e+05 7.938353e+05 7.938300e+05 7.938184e+05 7.937998e+05 7.937739e+05 7.937406e+05 7.934723e+05 7.930533e+05 7.924867e+05 7.917549e+05 7.908334e+05 7.896977e+05 7.867217e+05 7.828420e+05 7.783295e+05 7.735954e+05 7.689918e+05 7.646860e+05 7.124776e+05 6.410525e+05 5.807850e+05 5.284119e+05
7.909003e+05 7.909003e+05 7.909003e+05 7.909003e+05 7.909002e+05 7.908983e+05 7.908921e+05 7.908679e+05 7.908506e+05 7.908306e+05 7.907838e+05 7.907305e+05 7.906727e+05 7.906116e+05 7.905482e+05 7.904828e+05 7.904156e+05 7.900483e+05 7.895998e+05 7.890263e+05 7.882916e+05 7.873675e+05 7.862318e+05 7.832682e+05 7.793934e+05 7.748129e+05 7.698860e+05 7.649652e+05 7.602685e+05 7.080149e+05 6.369706e+05 5.768073e+05 5.251294e+05
7.854851e+05 7.854851e+05 7.854851e+05 7.854851e+05 7.854852e+05 7.854857e+05 7.854871e+05 7.854918e+05 7.854951e+05 7.854990e+05 7.855078e+05 7.855174e+05 7.855263e+05 7.855330e+05 7.855364e+05 7.855355e+05 7.855293e+05 7.854027e+05 7.850936e+05 7.845889e+05 7.838820e+05 7.829659e+05 7.818318e+05 7.788783e+05 7.750200e+05 7.704153e+05 7.653710e+05 7.602243e+05 7.552221e+05 7.030215e+05 6.328112e+05 5.727657e+05 5.217911e+05
7.805663e+05 7.805663e+05 7.805663e+05 7.805663e+05 7.805663e+05 7.805663e+05 7.805663e+05 7.805661e+05 7.805660e+05 7.805658e+05 7.805651e+05 7.805634e+05 7.805598e+05 7.805534e+05 7.805436e+05 7.805294e+05 7.805103e+05 7.803233e+05 7.799596e+05 7.794067e+05 7.786598e+05 7.777128e+05 7.765580e+05 7.735959e+05 7.697601e+05 7.651662e+05 7.600697e+05 7.547810e+05 7.495582e+05 6.975238e+05 6.285498e+05 5.686729e+05 5.184015e+05
7.755283e+05 7.755283e+05 7.755283e+05 7.755283e+05 7.755283e+05 7.755272e+05 7.755239e+05 7.755105e+05 7.755003e+05 7.754878e+05 7.754558e+05 7.754152e+05 7.753664e+05 7.753103e+05 7.752474e+05 7.751784e+05 7.751039e+05 7.746618e+05 7.741103e+05 7.734334e+05 7.726067e+05 7.716091e+05 7.704243e+05 7.674498e+05 7.636479e+05 7.590978e+05 7.540072e+05 7.486534e+05 7.432922e+05 6.915577e+05 6.241676e+05 5.645435e+05 5.149650e+05
7.684346e+05 7.684346e+05 7.684346e+05 7.684346e+05 7.684345e+05 7.684333e+05 7.684292e+05 7.684142e+05 7.684038e+05 7.683917e+05 7.683629e+05 7.683280e+05 7.682873e+05 7.682408e+05 7.681887e+05 7.681311e+05 7.680680e+05 7.676723e+05 7.671412e+05 7.664640e+05 7.656270e+05 7.646175e+05 7.634253e+05 7.604642e+05 7.567186e+05 7.522467e+05 7.472155e+05 7.418672e+05 7.364457e+05 6.851655e+05 6.196500e+05 5.603944e+05 5.114868e+05
7.599057e+05 7.599057e+05 7.599057e+05 7.599057e+05 7.599057e+05 7.599058e+05 7.599058e+05 7.599057e+05 7.599056e+05 7.599052e+05 7.599040e+05 7.599013e+05 7.598965e+05 7.598884e+05 7.598760e+05 7.598584e+05 7.598349e+05 7.596109e+05 7.591915e+05 7.585751e+05 7.577675e+05 7.567729e+05 7.555931e+05 7.526755e+05 7.490144e+05 7.446564e+05 7.397347e+05 7.344564e+05 7.290473e+05 6.783935e+05 6.149866e+05 5.562482e+05 5.079720e+05
7.516545e+05 7.516545e+05 7.516545e+05 7.516545e+05 7.516545e+05 7.516537e+05 7.516512e+05 7.516421e+05 7.516358e+05 7.516284e+05 7.516101e+05 7.515873e+05 7.515598e+05 7.515278e+05 7.514909e+05 7.514492e+05 7.514024e+05 7.510849e+05 7.506102e+05 7.499648e+05 7.491454e+05 7.481524e+05 7.469864e+05 7.441339e+05 7.405876e+05 7.363800e+05 7.316142e+05 7.264640e+05 7.211333e+05 6.712899e+05 6.101707e+05 5.521294e+05 5.044266e+05
7.426199e+05 7.426199e+05 7.426199e+05 7.426199e+05 7.426199e+05 7.426191e+05 7.426169e+05 7.426077e+05 7.426006e+05 7.425918e+05 7.425689e+05 7.425389e+05 7.425017e+05 7.424573e+05 7.424059e+05 7.423477e+05 7.422829e+05 7.418682e+05 7.413130e+05 7.406191e+05 7.397812e+05 7.387940e+05 7.376530e+05 7.348977e+05 7.315011e+05 7.274804e+05 7.229129e+05 7.179419e+05 7.127481e+05 6.639031e+05 6.051991e+05 5.480221e+05 5.008565e+05
7.324012e+05 7.324012e+05 7.324012e+05 7.324012e+05 7.324012e+05 7.324004e+05 7.323977e+05 7.323870e+05 7.323790e+05 7.323691e+05 7.323440e+05 7.323120e+05 7.322734e+05 7.322286e+05 7.321777e+05 7.321211e+05 7.320588e+05 7.316647e+05 7.311357e+05 7.304722e+05 7.296719e+05 7.287315e+05 7.276476e+05 7.250389e+05 7.218306e+05 7.180315e+05 7.136991e+05 7.089502e+05 7.039429e+05 6.562803e+05 6.000722e+05 5.439122e+05 4.972684e+05
7.210685e+05 7.210685e+05 7.210685e+05 7.210685e+05 7.210685e+05 7.210683e+05 7.210679e+05 7.210661e+05 7.210644e+05 7.210621e+05 7.210550e+05 7.210439e+05 7.210282e+05 7.210075e+05 7.209814e+05 7.209498e+05 7.209124e+05 7.206363e+05 7.202106e+05 7.196382e+05 7.189227e+05 7.180663e+05 7.170695e+05 7.146525e+05 7.116662e+05 7.081170e+05 7.040486e+05 6.995558e+05 6.947750e+05 6.484663e+05 5.947933e+05 5.397908e+05 4.936694e+05
7.096642e+05 7.096642e+05 7.096642e+05 7.096642e+05 7.096642e+05 7.096637e+05 7.096622e+05 7.096558e+05 7.096510e+05 7.096453e+05 7.096309e+05 7.096129e+05 7.095914e+05 7.095663e+05 7.095377e+05 7.095053e+05 7.094690e+05 7.092219e+05 7.088530e+05 7.083538e+05 7.077216e+05 7.069558e+05 7.060561e+05 7.038532e+05 7.011090e+05 6.978280e+05 6.940429e+05 6.898301e+05 6.853060e+05 6.405033e+05 5.893688e+05 5.356511e+05 4.900671e+05
6.980110e+05 6.980110e+05 6.980110e+05 6.980110e+05 6.980109e+05 6.980106e+05 6.980095e+05 6.980049e+05 6.980014e+05 6.979969e+05 6.979852e+05 6.979695e+05 6.979498e+05 6.979260e+05 6.978980e+05 6.978660e+05 6.978299e+05 6.975893e+05 6.972475e+05 6.967985e+05 6.962353e+05 6.955528e+05 6.947476e+05 6.927606e+05 6.902640e+05 6.872579e+05 6.837654e+05 6.798465e+05 6.755993e+05 6.324306e+05 5.838076e+05 5.314882e+05 4.864705e+05
6.861567e+05 6.861567e+05 6.861567e+05 6.861567e+05 6.861566e+05 6.861563e+05 6.861551e+05 6.861501e+05 6.861463e+05 6.861417e+05 6.861298e+05 6.861143e+05 6.860954e+05 6.860731e+05 6.860474e+05 6.860184e+05 6.859861e+05 6.857748e+05 6.854762e+05 6.850827e+05 6.845868e+05 6.839828e+05 6.832665e+05 6.814865e+05 6.792319e+05 6.764976e+05 6.732977e+05 6.696775e+05 6.657182e+05 6.242838e+05 5.781206e+05 5.272982e+05 4.828903e+05
6.741510e+05 6.741510e+05 6.741510e+05 6.741510e+05 6.741510e+05 6.741510e+05 6.741507e+05 6.741492e+05 6.741478e+05 6.741459e+05 6.741404e+05 6.741326e+05 6.741223e+05 6.741095e+05 6.740939e+05 6.740754e+05 6.740540e+05 6.738987e+05 6.736560e+05 6.733199e+05 6.728868e+05 6.723538e+05 6.717182e+05 6.701296e+05 6.681042e+05 6.656315e+05 6.627168e+05 6.593926e+05 6.557240e+05 6.160954e+05 5.723205e+05 5.230782e+05 4.793408e+05
6.623805e+05 6.623805e+05 6.623805e+05 6.623805e+05 6.623805e+05 6.623803e+05 6.623797e+05 6.623772e+05 6.623753e+05 6.623730e+05 6.623670e+05 6.623590e+05 6.623491e+05 6.623370e+05 6.623225e+05 6.623055e+05 6.622859e+05 6.621440e+05 6.619231e+05 6.616194e+05 6.612309e+05 6.607550e+05 6.601888e+05 6.587731e+05 6.569608e+05 6.547352e+05 6.520932e+05 6.490560e+05 6.456744e+05 6.078946e+05 5.664215e+05 5.188263e+05 4.758186e+05
6.508448e+05 6.508448e+05 6.508448e+05 6.508448e+05 6.508448e+05 6.508445e+05 6.508436e+05 6.508399e+05 6.508370e+05 6.508334e+05 6.508241e+05 6.508118e+05 6.507967e+05 6.507786e+05 6.507578e+05 6.507344e+05 6.507083e+05 6.505413e+05 6.503152e+05 6.500274e+05 6.496728e+05 6.492460e+05 6.487421e+05 6.474848e+05 6.458698e+05 6.438746e+05 6.414895e+05 6.387258e+05 6.356221e+05 5.997073e+05 5.604384e+05 5.145416e+05 4.723156e+05
6.392706e+05 6.392706e+05 6.392706e+05 6.392706e+05 6.392706e+05 6.392703e+05 6.392692e+05 6.392648e+05 6.392615e+05 6.392575e+05 6.392476e+05 6.392354e+05 6.392210e+05 6.392044e+05 6.391857e+05 6.391649e+05 6.391421e+05 6.389977e+05 6.388022e+05 6.385523e+05 6.382435e+05 6.378708e+05 6.374292e+05 6.363217e+05 6.348892e+05 6.331068e+05 6.309602e+05 6.284534e+05 6.256143e+05 5.915566e+05 5.543867e+05 5.102238e+05 4.688268e+05
6.277141e+05 6.277141e+05 6.277141e+05 6.277141e+05 6.277141e+05 6.277141e+05 6.277139e+05 6.277131e+05 6.277125e+05 6.277117e+05 6.277096e+05 6.277064e+05 6.277022e+05 6.276965e+05 6.276893e+05 6.276804e+05 6.276697e+05 6.275860e+05 6.274480e+05 6.272529e+05 6.269985e+05 6.266826e+05 6.263022e+05 6.253345e+05 6.240686e+05 6.224799e+05 6.205519e+05 6.182830e+05 6.156924e+05 5.834624e+05 5.482822e+05 5.058735e+05 4.653490e+05
6.165968e+05 6.165968e+05 6.165968e+05 6.165968e+05 6.165968e+05 6.165968e+05 6.165966e+05 6.165957e+05 6.165949e+05 6.165940e+05 6.165916e+05 6.165884e+05 6.165842e+05 6.165791e+05 6.165729e+05 6.165655e+05 6.165569e+05 6.164914e+05 6.163819e+05 6.162224e+05 6.160094e+05 6.157403e+05 6.154123e+05 6.145672e+05 6.134491e+05 6.120337e+05 6.103033e+05 6.082518e+05 6.058915e+05 5.754424e+05 5.421402e+05 5.014920e+05 4.618795e+05
6.058916e+05 6.058916e+05 6.058916e+05 6.058916e+05 6.058916e+05 6.058914e+05 6.058910e+05 6.058893e+05 6.058881e+05 6.058865e+05 6.058826e+05 6.058776e+05 6.058714e+05 6.058641e+05 6.058556e+05 6.058458e+05 6.058348e+05 6.057611e+05 6.056535e+05 6.055077e+05 6.053191e+05 6.050832e+05 6.047961e+05 6.040533e+05 6.030626e+05 6.017995e+05 6.002450e+05 5.983899e+05 5.962406e+05 5.675113e+05 5.359758e+05 4.970812e+05 4.584161e+05
5.954716e+05 5.954716e+05 5.954716e+05 5.954716e+05 5.954716e+05 5.954715e+05 5.954710e+05 5.954693e+05 5.954680e+05 5.954664e+05 5.954624e+05 5.954571e+05 5.954507e+05 5.954430e+05 5.954341e+05 5.954240e+05 5.954127e+05 5.953391e+05 5.952371e+05 5.951040e+05 5.949354e+05 5.947263e+05 5.944724e+05 5.938140e+05 5.929315e+05 5.918001e+05 5.904002e+05 5.887206e+05 5.867627e+05 5.596819e+05 5.298037e+05 4.926435e+05 4.549570e+05
5.852966e+05 5.852966e+05 5.852966e+05 5.852966e+05 5.852966e+05 5.852965e+05 5.852962e+05 5.852949e+05 5.852939e+05 5.852927e+05 5.852896e+05 5.852857e+05 5.852809e+05 5.852754e+05 5.852690e+05 5.852618e+05 5.852538e+05 5.851994e+05 5.851181e+05 5.850060e+05 5.848595e+05 5.846752e+05 5.844496e+05 5.838613e+05 5.830692e+05 5.820504e+05 5.807853e+05 5.792610e+05 5.774755e+05 5.519648e+05 5.236374e+05 4.881821e+05 4.515010e+05
5.754291e+05 5.754291e+05 5.754291e+05 5.754291e+05 5.754291e+05 5.754292e+05 5.754292e+05 5.754294e+05 5.754295e+05 5.754296e+05 5.754297e+05 5.754295e+05 5.754290e+05 5.754279e+05 5.754261e+05 5.754235e+05 5.754200e+05 5.753869e+05 5.753243e+05 5.752294e+05 5.751005e+05 5.749355e+05 5.747320e+05 5.741997e+05 5.734822e+05 5.725586e+05 5.714100e+05 5.700226e+05 5.683913e+05 5.443687e+05 5.174897e+05 4.837005e+05 4.480470e+05
5.660213e+05 5.660213e+05 5.660213e+05 5.660213e+05 5.660213e+05 5.660212e+05 5.660209e+05 5.660196e+05 5.660187e+05 5.660177e+05 5.660151e+05 5.660119e+05 5.660082e+05 5.660037e+05 5.659986e+05 5.659928e+05 5.659863e+05 5.659418e+05 5.658748e+05 5.657817e+05 5.656594e+05 5.655054e+05 5.653169e+05 5.648272e+05 5.641704e+05 5.633272e+05 5.622794e+05 5.610123e+05 5.595186e+05 5.369006e+05 5.113724e+05 4.792024e+05 4.445942e+05
5.569016e+05 5.569016e+05 5.569016e+05 5.569016e+05 5.569016e+05 5.569015e+05 5.569012e+05 5.568997e+05 5.568987e+05 5.568974e+05 5.568941e+05 5.568899e+05 5.568849e+05 5.568790e+05 5.568723e+05 5.568648e+05 5.568565e+05 5.568036e+05 5.567313e+05 5.566370e+05 5.565176e+05 5.563703e+05 5.561925e+05 5.557359e+05 5.551293e+05 5.543545e+05 5.533939e+05 5.522328e+05 5.508620e+05 5.295661e+05 5.052961e+05 4.746920e+05 4.411420e+05
5.479893e+05 5.479893e+05 5.479893e+05 5.479893e+05 5.479893e+05 5.479893e+05 5.479891e+05 5.479885e+05 5.479879e+05 5.479873e+05 5.479856e+05 5.479833e+05 5.479803e+05 5.479767e+05 5.479723e+05 5.479671e+05 5.479611e+05 5.479186e+05 5.478538e+05 5.477652e+05 5.476515e+05 5.475112e+05 5.473428e+05 5.469144e+05 5.463508e+05 5.456353e+05 5.447514e+05 5.436841e+05 5.424232e+05 5.223691e+05 4.992703e+05 4.701738e+05 4.376902e+05
5.393572e+05 5.393572e+05 5.393572e+05 5.393572e+05 5.393572e+05 5.393572e+05 5.393570e+05 5.393566e+05 5.393562e+05 5.393557e+05 5.393544e+05 5.393525e+05 5.393502e+05 5.393472e+05 5.393437e+05 5.393395e+05 5.393345e+05 5.392976e+05 5.392380e+05 5.391542e+05 5.390458e+05 5.389124e+05 5.387529e+05 5.383505e+05 5.378256e+05 5.371632e+05 5.363475e+05 5.353640e+05 5.342019e+05 5.153128e+05 4.933037e+05 4.656522e+05 4.342388e+05
5.310110e+05 5.310110e+05 5.310110e+05 5.310110e+05 5.310110e+05 5.310110e+05 5.310109e+05 5.310104e+05 5.310099e+05 5.310094e+05 5.310077e+05 5.310054e+05 5.310024e+05 5.309986e+05 5.309940e+05 5.309887e+05 5.309825e+05 5.309393e+05 5.308759e+05 5.307920e+05 5.306870e+05 5.305599e+05 5.304094e+05 5.300328e+05 5.295446e+05 5.289309e+05 5.281771e+05 5.272693e+05 5.261963e+05 5.083989e+05 4.874036e+05 4.611319e+05 4.307878e+05
5.228960e+05 5.228960e+05 5.228960e+05 5.228960e+05 5.228960e+05 5.228959e+05 5.228956e+05 5.228942e+05 5.228932e+05 5.228919e+05 5.228886e+05 5.228843e+05 5.228791e+05 5.228731e+05 5.228663e+05 5.228589e+05 5.228508e+05 5.228014e+05 5.227372e+05 5.226569e+05 5.225585e+05 5.224404e+05 5.223009e+05 5.219520e+05 5.214998e+05 5.209318e+05 5.202348e+05 5.193957e+05 5.184036e+05 5.016284e+05 4.815765e+05 4.566175e+05 4.273377e+05
5.149003e+05 5.149003e+05 5.149003e+05 5.149003e+05 5.149003e+05 5.149003e+05 5.149003e+05 5.149003e+05 5.149002e+05 5.149000e+05 5.148993e+05 5.148981e+05 5.148963e+05 5.148940e+05 5.148911e+05 5.148875e+05 5.148833e+05 5.148525e+05 5.148042e+05 5.147379e+05 5.146525e+05 5.145472e+05 5.144210e+05 5.141016e+05 5.136847e+05 5.131598e+05 5.125151e+05 5.117388e+05 5.108203e+05 4.950015e+05 4.758277e+05 4.521137e+05 4.238891e+05
5.071646e+05 5.071646e+05 5.071646e+05 5.071646e+05 5.071646e+05 5.071646e+05 5.071646e+05 5.071646e+05 5.071646e+05 5.071646e+05 5.071644e+05 5.071641e+05 5.071635e+05 5.071626e+05 5.071613e+05 5.071596e+05 5.071575e+05 5.071383e+05 5.071024e+05 5.070482e+05 5.069749e+05 5.068820e+05 5.067686e+05 5.064775e+05 5.060941e+05 5.056094e+05 5.050128e+05 5.042939e+05 5.034424e+05 4.885177e+05 4.701619e+05 4.476248e+05 4.204425e+05
4.997285e+05 4.997285e+05 4.997285e+05 4.997285e+05 4.997285e+05 4.997285e+05 4.997284e+05 4.997278e+05 4.997274e+05 4.997269e+05 4.997255e+05 4.997238e+05 4.997216e+05 4.997191e+05 4.997162e+05 4.997129e+05 4.997092e+05 4.996847e+05 4.996483e+05 4.995975e+05 4.995305e+05 4.994459e+05 4.993427e+05 4.990763e+05 4.987233e+05 4.982753e+05 4.977229e+05 4.970561e+05 4.962657e+05 4.821759e+05 4.645827e+05 4.431553e+05 4.169990e+05
4.925052e+05 4.925052e+05 4.925052e+05 4.925052e+05 4.925052e+05 4.925052e+05 4.925050e+05 4.925045e+05 4.925042e+05 4.925037e+05 4.925024e+05 4.925008e+05 4.924988e+05 4.924964e+05 4.924935e+05 4.924902e+05 4.924865e+05 4.924613e+05 4.924248e+05 4.923757e+05 4.923126e+05 4.922340e+05 4.921387e+05 4.918931e+05 4.915672e+05 4.911524e+05 4.906398e+05 4.900205e+05 4.892854e+05 4.759747e+05 4.590930e+05 4.387094e+05 4.135596e+05
4.854858e+05 4.854858e+05 4.854858e+05 4.854858e+05 4.854858e+05 4.854858e+05 4.854857e+05 4.854854e+05 4.854851e+05 4.854847e+05 4.854838e+05 4.854825e+05 4.854809e+05 4.854789e+05 4.854765e+05 4.854737e+05 4.854706e+05 4.854484e+05 4.854149e+05 4.853692e+05 4.853105e+05 4.852375e+05 4.851492e+05 4.849219e+05 4.846198e+05 4.842347e+05 4.837582e+05 4.831816e+05 4.824968e+05 4.699121e+05 4.536951e+05 4.342909e+05 4.101254e+05
4.786751e+05 4.786751e+05 4.786751e+05 4.786751e+05 4.786751e+05 4.786751e+05 4.786750e+05 4.786747e+05 4.786745e+05 4.786742e+05 4.786734e+05 4.786723e+05 4.786709e+05 4.786691e+05 4.786670e+05 4.786646e+05 4.786618e+05 4.786421e+05 4.786118e+05 4.785701e+05 4.785160e+05 4.784486e+05 4.783667e+05 4.781558e+05 4.778749e+05 4.775163e+05 4.770720e+05 4.765340e+05 4.758945e+05 4.639857e+05 4.483906e+05 4.299036e+05 4.066976e+05
4.720687e+05 4.720687e+05 4.720687e+05 4.720687e+05 4.720687e+05 4.720686e+05 4.720686e+05 4.720683e+05 4.720680e+05 4.720677e+05 4.720669e+05 4.720659e+05 4.720645e+05 4.720629e+05 4.720610e+05 4.720587e+05 4.720562e+05 4.720382e+05 4.720107e+05 4.719726e+05 4.719228e+05 4.718605e+05 4.717845e+05 4.715880e+05 4.713259e+05 4.709907e+05 4.705752e+05 4.700718e+05 4.694732e+05 4.581931e+05 4.431804e+05 4.255510e+05 4.032777e+05
4.656582e+05 4.656582e+05 4.656582e+05 4.656582e+05 4.656582e+05 4.656582e+05 4.656581e+05 4.656579e+05 4.656577e+05 4.656574e+05 4.656568e+05 4.656559e+05 4.656548e+05 4.656533e+05 4.656516e+05 4.656496e+05 4.656474e+05 4.656311e+05 4.656059e+05 4.655709e+05 4.655248e+05 4.654667e+05 4.653958e+05 4.652118e+05 4.649659e+05 4.646514e+05 4.642614e+05 4.637889e+05 4.632271e+05 4.525314e+05 4.380650e+05 4.212362e+05 3.998670e+05
4.594398e+05 4.594398e+05 4.594398e+05 4.594398e+05 4.594398e+05 4.594398e+05 4.594397e+05 4.594394e+05 4.594392e+05 4.594390e+05 4.594383e+05 4.594375e+05 4.594364e+05 4.594350e+05 4.594335e+05 4.594316e+05 4.594295e+05 4.594146e+05 4.593914e+05 4.593587e+05 4.593153e+05 4.592606e+05 4.591936e+05 4.590198e+05 4.587878e+05 4.584913e+05 4.581239e+05 4.576791e+05 4.571504e+05 4.469976e+05 4.330447e+05 4.169622e+05 3.964670e+05
4.534052e+05 4.534052e+05 4.534052e+05 4.534052e+05 4.534052e+05 4.534052e+05 4.534052e+05 4.534050e+05 4.534049e+05 4.534047e+05 4.534042e+05 4.534035e+05 4.534026e+05 4.534015e+05 4.534002e+05 4.533986e+05 4.533967e+05 4.533828e+05 4.533604e+05 4.533287e+05 4.532868e+05 4.532341e+05 4.531700e+05 4.530044e+05 4.527842e+05 4.525034e+05 4.521561e+05 4.517360e+05 4.512370e+05 4.415887e+05 4.281189e+05 4.127314e+05 3.930792e+05
4.475531e+05 4.475531e+05 4.475531e+05 4.475531e+05 4.475531e+05 4.475531e+05 4.475531e+05 4.475529e+05 4.475527e+05 4.475525e+05 4.475519e+05 4.475511e+05 4.475500e+05 4.475486e+05 4.475470e+05 4.475451e+05 4.475429e+05 4.475272e+05 4.475035e+05 4.474713e+05 4.474298e+05 4.473784e+05 4.473164e+05 4.471576e+05 4.469476e+05 4.466806e+05 4.463511e+05 4.459532e+05 4.454810e+05 4.363013e+05 4.232870e+05 4.085464e+05 3.897052e+05
4.418629e+05 4.418629e+05 4.418629e+05 4.418629e+05 4.418629e+05 4.418629e+05 4.418628e+05 4.418624e+05 4.418621e+05 4.418618e+05 4.418608e+05 4.418595e+05 4.418580e+05 4.418561e+05 4.418540e+05 4.418515e+05 4.418488e+05 4.418311e+05 4.418064e+05 4.417741e+05 4.417335e+05 4.416836e+05 4.416238e+05 4.414712e+05 4.412704e+05 4.410158e+05 4.407023e+05 4.403243e+05 4.398764e+05 4.311324e+05 4.185482e+05 4.044090e+05 3.863464e+05
4.363041e+05 4.363041e+05 4.363041e+05 4.363041e+05 4.363041e+05 4.363040e+05 4.363040e+05 4.363036e+05 4.363034e+05 4.363030e+05 4.363023e+05 4.363013e+05 4.363002e+05 4.362987e+05 4.362971e+05 4.362952e+05 4.362931e+05 4.362786e+05 4.362568e+05 4.362272e+05 4.361889e+05 4.361414e+05 4.360841e+05 4.359378e+05 4.357454e+05 4.355021e+05 4.352030e+05 4.348431e+05 4.344172e+05 4.260785e+05 4.139012e+05 4.003211e+05 3.830043e+05
4.308881e+05 4.308881e+05 4.308881e+05 4.308881e+05 4.308881e+05 4.308881e+05 4.308881e+05 4.308880e+05 4.308879e+05 4.308878e+05 4.308876e+05 4.308872e+05 4.308867e+05 4.308861e+05 4.308853e+05 4.308842e+05 4.308829e+05 4.308725e+05 4.308541e+05 4.308271e+05 4.307911e+05 4.307458e+05 4.306909e+05 4.305504e+05 4.303658e+05 4.301328e+05 4.298469e+05 4.295034e+05 4.290976e+05 4.211362e+05 4.093446e+05 3.962842e+05 3.796805e+05
4.256384e+05 4.256384e+05 4.256384e+05 4.256384e+05 4.256384e+05 4.256384e+05 4.256384e+05 4.256383e+05 4.256382e+05 4.256380e+05 4.256376e+05 4.256369e+05 4.256361e+05 4.256350e+05 4.256337e+05 4.256322e+05 4.256305e+05 4.256178e+05 4.255981e+05 4.255708e+05 4.255353e+05 4.254912e+05 4.254380e+05 4.253026e+05 4.251251e+05 4.249016e+05 4.246279e+05 4.242994e+05 4.239119e+05 4.163023e+05 4.048769e+05 3.922996e+05 3.763765e+05
4.205283e+05 4.205283e+05 4.205283e+05 4.205283e+05 4.205283e+05 4.205283e+05 4.205282e+05 4.205278e+05 4.205275e+05 4.205272e+05 4.205263e+05 4.205251e+05 4.205236e+05 4.205219e+05 4.205199e+05 4.205176e+05 4.205151e+05 4.204991e+05 4.204771e+05 4.204489e+05 4.204135e+05 4.203703e+05 4.203187e+05 4.201880e+05 4.200173e+05 4.198026e+05 4.195400e+05 4.192255e+05 4.188548e+05 4.115733e+05 4.004963e+05 3.883682e+05 3.730935e+05
4.155221e+05 4.155221e+05 4.155221e+05 4.155221e+05 4.155221e+05 4.155221e+05 4.155220e+05 4.155217e+05 4.155214e+05 4.155211e+05 4.155203e+05 4.155194e+05 4.155182e+05 4.155168e+05 4.155152e+05 4.155134e+05 4.155114e+05 4.154976e+05 4.154778e+05 4.154513e+05 4.154176e+05 4.153762e+05 4.153266e+05 4.152007e+05 4.150364e+05 4.148300e+05 4.145778e+05 4.142761e+05 4.139210e+05 4.069461e+05 3.962010e+05 3.844910e+05 3.698330e+05
4.106298e+05 4.106298e+05 4.106298e+05 4.106298e+05 4.106298e+05 4.106298e+05 4.106297e+05 4.106296e+05 4.106296e+05 4.106295e+05 4.106292e+05 4.106288e+05 4.106283e+05 4.106276e+05 4.106268e+05 4.106258e+05 4.106246e+05 4.106149e+05 4.105984e+05 4.105746e+05 4.105432e+05 4.105039e+05 4.104564e+05 4.103354e+05 4.101772e+05 4.099786e+05 4.097361e+05 4.094462e+05 4.091055e+05 4.024174e+05 3.919892e+05 3.806683e+05 3.665963e+05
4.058746e+05 4.058746e+05 4.058746e+05 4.058746e+05 4.058746e+05 4.058746e+05 4.058745e+05 4.058744e+05 4.058744e+05 4.058742e+05 4.058739e+05 4.058734e+05 4.058727e+05 4.058719e+05 4.058709e+05 4.058697e+05 4.058682e+05 4.058579e+05 4.058414e+05 4.058181e+05 4.057877e+05 4.057497e+05 4.057039e+05 4.055872e+05 4.054347e+05 4.052432e+05 4.050098e+05 4.047309e+05 4.044034e+05 3.979840e+05 3.878589e+05 3.769008e+05 3.633846e+05
4.012414e+05 4.012414e+05 4.012414e+05 4.012414e+05 4.012414e+05 4.012413e+05 4.012413e+05 4.012410e+05 4.012408e+05 4.012405e+05 4.012399e+05 4.012390e+05 4.012378e+05 4.012365e+05 4.012350e+05 4.012332e+05 4.012313e+05 4.012184e+05 4.012002e+05 4.011762e+05 4.011459e+05 4.011087e+05 4.010641e+05 4.009512e+05 4.008039e+05 4.006192e+05 4.003941e+05 4.001255e+05 3.998103e+05 3.936429e+05 3.838081e+05 3.731885e+05 3.601989e+05
3.967043e+05 3.967043e+05 3.967043e+05 3.967043e+05 3.967043e+05 3.967042e+05 3.967042e+05 3.967039e+05 3.967037e+05 3.967034e+05 3.967027e+05 3.967018e+05 3.967008e+05 3.966995e+05 3.966980e+05 3.966963e+05 3.966944e+05 3.966819e+05 3.966642e+05 3.966407e+05 3.966112e+05 3.965751e+05 3.965320e+05 3.964228e+05 3.962805e+05 3.961020e+05 3.958846e+05 3.956255e+05 3.953217e+05 3.893909e+05 3.798348e+05 3.695316e+05 3.570405e+05
3.922606e+05 3.922606e+05 3.922606e+05 3.922606e+05 3.922606e+05 3.922606e+05 3.922606e+05 3.922605e+05 3.922603e+05 3.922602e+05 3.922598e+05 3.922593e+05 3.922587e+05 3.922579e+05 3.922569e+05 3.922557e+05 3.922543e+05 3.922443e+05 3.922287e+05 3.922071e+05 3.921792e+05 3.921447e+05 3.921032e+05 3.919976e+05 3.918599e+05 3.916872e+05 3.914770e+05 3.912266e+05 3.909335e+05 3.852252e+05 3.759369e+05 3.659300e+05 3.539102e+05
3.879240e+05 3.879240e+05 3.879240e+05 3.879240e+05 3.879240e+05 3.879240e+05 3.879239e+05 3.879238e+05 3.879237e+05 3.879235e+05 3.879232e+05 3.879227e+05 3.879220e+05 3.879212e+05 3.879203e+05 3.879192e+05 3.879179e+05 3.879087e+05 3.878942e+05 3.878739e+05 3.878473e+05 3.878141e+05 3.877739e+05 3.876717e+05 3.875381e+05 3.873707e+05 3.871671e+05 3.869248e+05 3.866415e+05 3.811429e+05 3.721125e+05 3.623834e+05 3.508091e+05
3.836904e+05 3.836904e+05 3.836904e+05 3.836904e+05 3.836904e+05 3.836904e+05 3.836903e+05 3.836901e+05 3.836900e+05 3.836898e+05 3.836893e+05 3.836887e+05 3.836880e+05 3.836870e+05 3.836860e+05 3.836847e+05 3.836833e+05 3.836735e+05 3.836587e+05 3.836385e+05 3.836124e+05 3.835799e+05 3.835407e+05 3.834411e+05 3.833111e+05 3.831484e+05 3.829508e+05 3.827161e+05 3.824420e+05 3.771412e+05 3.683595e+05 3.588916e+05 3.477377e+05
3.795495e+05 3.795495e+05 3.795495e+05 3.795495e+05 3.795495e+05 3.795495e+05 3.795494e+05 3.795492e+05 3.795491e+05 3.795489e+05 3.795484e+05 3.795478e+05 3.795470e+05 3.795460e+05 3.795448e+05 3.795435e+05 3.795420e+05 3.795318e+05 3.795166e+05 3.794961e+05 3.794700e+05 3.794379e+05 3.793993e+05 3.793017e+05 3.791748e+05 3.790165e+05 3.788245e+05 3.785967e+05 3.783312e+05 3.732176e+05 3.646760e+05 3.554541e+05 3.446971e+05
3.754948e+05 3.754948e+05 3.754948e+05 3.754948e+05 3.754948e+05 3.754948e+05 3.754947e+05 3.754945e+05 3.754944e+05 3.754942e+05 3.754937e+05 3.754931e+05 3.754923e+05 3.754913e+05 3.754902e+05 3.754888e+05 3.754873e+05 3.754770e+05 3.754618e+05 3.754413e+05 3.754154e+05 3.753835e+05 3.753455e+05 3.752496e+05 3.751255e+05 3.749710e+05 3.747842e+05 3.745630e+05 3.743055e+05 3.693694e+05 3.610600e+05 3.520704e+05 3.416876e+05
3.715224e+05 3.715224e+05 3.715224e+05 3.715224e+05 3.715224e+05 3.715224e+05 3.715223e+05 3.715221e+05 3.715220e+05 3.715218e+05 3.715213e+05 3.715207e+05 3.715199e+05 3.715189e+05 3.715178e+05 3.715164e+05 3.715150e+05 3.715047e+05 3.714897e+05 3.714695e+05 3.714439e+05 3.714125e+05 3.713750e+05 3.712808e+05 3.711592e+05 3.710084e+05 3.708264e+05 3.706115e+05 3.703616e+05 3.655943e+05 3.575096e+05 3.487398e+05 3.387101e+05
3.676284e+05 3.676284e+05 3.676284e+05 3.676284e+05 3.676284e+05 3.676284e+05 3.676284e+05 3.676282e+05 3.676280e+05 3.676278e+05 3.676273e+05 3.676267e+05 3.676259e+05 3.676250e+05 3.676239e+05 3.676226e+05 3.676212e+05 3.676113e+05 3.675967e+05 3.675770e+05 3.675519e+05 3.675209e+05 3.674841e+05 3.673915e+05 3.672724e+05 3.671251e+05 3.669478e+05 3.667388e+05 3.664962e+05 3.618897e+05 3.540229e+05 3.454618e+05 3.357648e+05
