3.212428e+07 3.458996e+07 3.530136e+07 3.610936e+07 3.652646e+07 3.831048e+07 4.067021e+07 4.489183e+07 4.676569e+07 4.860821e+07 5.309592e+07 6.034738e+07 7.141484e+07 8.573852e+07 1.018565e+08 1.183470e+08 1.342658e+08 1.973940e+08 2.403357e+08 2.741194e+08 3.039637e+08 3.320223e+08 3.590064e+08 4.094292e+08 4.526478e+08 4.861061e+08 5.089169e+08 5.216643e+08 5.257687e+08 3.871798e+08 2.579988e+08 1.830925e+08 1.378857e+08
4.069925e+07 4.069943e+07 4.069997e+07 4.071376e+07 4.074548e+07 4.124643e+07 4.290129e+07 4.622306e+07 4.797415e+07 4.971251e+07 5.404913e+07 6.122790e+07 7.228546e+07 8.663403e+07 1.027864e+08 1.193059e+08 1.352428e+08 1.983467e+08 2.412332e+08 2.749972e+08 3.048503e+08 3.329304e+08 3.599355e+08 4.103671e+08 4.535313e+08 4.868798e+08 5.095475e+08 5.221404e+08 5.260951e+08 3.868839e+08 2.577436e+08 1.829153e+08 1.377623e+08
4.528897e+07 4.528903e+07 4.528921e+07 4.529442e+07 4.530859e+07 4.550207e+07 4.621527e+07 4.870933e+07 4.976036e+07 5.113275e+07 5.518852e+07 6.225294e+07 7.328106e+07 8.764401e+07 1.038234e+08 1.203651e+08 1.363134e+08 1.993645e+08 2.421808e+08 2.759182e+08 3.057764e+08 3.338752e+08 3.608988e+08 4.113334e+08 4.544364e+08 4.876685e+08 5.101873e+08 5.226213e+08 5.264228e+08 3.865845e+08 2.574869e+08 1.827375e+08 1.376387e+08
4.922499e+07 4.922502e+07 4.922512e+07 4.922786e+07 4.923565e+07 4.938976e+07 4.960037e+07 5.149546e+07 5.248784e+07 5.341978e+07 5.661230e+07 6.338950e+07 7.435503e+07 8.872563e+07 1.049310e+08 1.214944e+08 1.374527e+08 2.004377e+08 2.431747e+08 2.768809e+08 3.067415e+08 3.348568e+08 3.618964e+08 4.123279e+08 4.553630e+08 4.884720e+08 5.108363e+08 5.231067e+08 5.267518e+08 3.862817e+08 2.572287e+08 1.825591e+08 1.375147e+08
5.256783e+07 5.256785e+07 5.256791e+07 5.256959e+07 5.257440e+07 5.268236e+07 5.284131e+07 5.374065e+07 5.469823e+07 5.571631e+07 5.863273e+07 6.485379e+07 7.554726e+07 8.986951e+07 1.060853e+08 1.226670e+08 1.386353e+08 2.015548e+08 2.442100e+08 2.778831e+08 3.077446e+08 3.358747e+08 3.629282e+08 4.133509e+08 4.563111e+08 4.892903e+08 5.114942e+08 5.235966e+08 5.270818e+08 3.859752e+08 2.569691e+08 1.823800e+08 1.373904e+08
5.540123e+07 5.540124e+07 5.540128e+07 5.540241e+07 5.540567e+07 5.548212e+07 5.561643e+07 5.598582e+07 5.659388e+07 5.752359e+07 6.056802e+07 6.669996e+07 7.710309e+07 9.117340e+07 1.073153e+08 1.238838e+08 1.398505e+08 2.027040e+08 2.452812e+08 2.789225e+08 3.087847e+08 3.369285e+08 3.639939e+08 4.144020e+08 4.572805e+08 4.901232e+08 5.121609e+08 5.240906e+08 5.274127e+08 3.856653e+08 2.567080e+08 1.822003e+08 1.372658e+08
5.780642e+07 5.780643e+07 5.780646e+07 5.780724e+07 5.780953e+07 5.786481e+07 5.797255e+07 5.814660e+07 5.844883e+07 5.912537e+07 6.212442e+07 6.844022e+07 7.889856e+07 9.284998e+07 1.087630e+08 1.252039e+08 1.411216e+08 2.038765e+08 2.463829e+08 2.799963e+08 3.098605e+08 3.380175e+08 3.650932e+08 4.154814e+08 4.582711e+08 4.909704e+08 5.128361e+08 5.245885e+08 5.277441e+08 3.853517e+08 2.564454e+08 1.820199e+08 1.371409e+08
5.985066e+07 5.985067e+07 5.985069e+07 5.985126e+07 5.985293e+07 5.989415e+07 5.997900e+07 6.008948e+07 6.022317e+07 6.066832e+07 6.341373e+07 6.987575e+07 8.058420e+07 9.467133e+07 1.105483e+08 1.267932e+08 1.425289e+08 2.050695e+08 2.475105e+08 2.811019e+08 3.109706e+08 3.391411e+08 3.662259e+08 4.165886e+08 4.592827e+08 4.918318e+08 5.135196e+08 5.250902e+08 5.280760e+08 3.850345e+08 2.561814e+08 1.818390e+08 1.370157e+08
6.159235e+07 6.159236e+07 6.159237e+07 6.159281e+07 6.159407e+07 6.162545e+07 6.169150e+07 6.177614e+07 6.183654e+07 6.213371e+07 6.458044e+07 7.104329e+07 8.201037e+07 9.638432e+07 1.124206e+08 1.286584e+08 1.442348e+08 2.062906e+08 2.486612e+08 2.822369e+08 3.121136e+08 3.402985e+08 3.673913e+08 4.177236e+08 4.603152e+08 4.927071e+08 5.142112e+08 5.255954e+08 5.284081e+08 3.847137e+08 2.559159e+08 1.816573e+08 1.368902e+08
6.307595e+07 6.307595e+07 6.307596e+07 6.307628e+07 6.307722e+07 6.310038e+07 6.315002e+07 6.321692e+07 6.325132e+07 6.347221e+07 6.568084e+07 7.204719e+07 8.318079e+07 9.786859e+07 1.141889e+08 1.305763e+08 1.461514e+08 2.075613e+08 2.498349e+08 2.833997e+08 3.132882e+08 3.414888e+08 3.685890e+08 4.188859e+08 4.613681e+08 4.935960e+08 5.149105e+08 5.261038e+08 5.287402e+08 3.843892e+08 2.556489e+08 1.814751e+08 1.367643e+08
6.432481e+07 6.432481e+07 6.432482e+07 6.432507e+07 6.432578e+07 6.434367e+07 6.438217e+07 6.443642e+07 6.446490e+07 6.465464e+07 6.671353e+07 7.296222e+07 8.416690e+07 9.911169e+07 1.157532e+08 1.323965e+08 1.480989e+08 2.089223e+08 2.510357e+08 2.845894e+08 3.144935e+08 3.427113e+08 3.698185e+08 4.200754e+08 4.624412e+08 4.944983e+08 5.156173e+08 5.266152e+08 5.290720e+08 3.840611e+08 2.553805e+08 1.812922e+08 1.366382e+08
6.954687e+07 6.954687e+07 6.954687e+07 6.954691e+07 6.954703e+07 6.955007e+07 6.955675e+07 6.957168e+07 6.962281e+07 6.986690e+07 7.212019e+07 7.877897e+07 9.074244e+07 1.068050e+08 1.248709e+08 1.431573e+08 1.605902e+08 2.268658e+08 2.679140e+08 2.994374e+08 3.285547e+08 3.567342e+08 3.838048e+08 4.333751e+08 4.741988e+08 5.041717e+08 5.230203e+08 5.318253e+08 5.323191e+08 3.805716e+08 2.526151e+08 1.794287e+08 1.353598e+08
6.963032e+07 6.963032e+07 6.963032e+07 6.963033e+07 6.963037e+07 6.963126e+07 6.963284e+07 6.963860e+07 6.969511e+07 6.997255e+07 7.251805e+07 8.000839e+07 9.342424e+07 1.113466e+08 1.313259e+08 1.512911e+08 1.700494e+08 2.405870e+08 2.868839e+08 3.214620e+08 3.502403e+08 3.766307e+08 4.019659e+08 4.491963e+08 4.875575e+08 5.147254e+08 5.307495e+08 5.369649e+08 5.352331e+08 3.766885e+08 2.497024e+08 1.775033e+08 1.340514e+08
6.817651e+07 6.817651e+07 6.817651e+07 6.817652e+07 6.817653e+07 6.817675e+07 6.817692e+07 6.818086e+07 6.824375e+07 6.855233e+07 7.137450e+07 7.967197e+07 9.453962e+07 1.144223e+08 1.366125e+08 1.587951e+08 1.796033e+08 2.561753e+08 3.049944e+08 3.429268e+08 3.747861e+08 4.023374e+08 4.268232e+08 4.690064e+08 5.025417e+08 5.258155e+08 5.383991e+08 5.416631e+08 5.375041e+08 3.723925e+08 2.466437e+08 1.755172e+08 1.327138e+08
6.615828e+07 6.615828e+07 6.615828e+07 6.615828e+07 6.615828e+07 6.615810e+07 6.615721e+07 6.615865e+07 6.622630e+07 6.656383e+07 6.966236e+07 7.878680e+07 9.515722e+07 1.170789e+08 1.415830e+08 1.661236e+08 1.891871e+08 2.739389e+08 3.261002e+08 3.655023e+08 3.990659e+08 4.283027e+08 4.534769e+08 4.929716e+08 5.203874e+08 5.375952e+08 5.457487e+08 5.456253e+08 5.388575e+08 3.676691e+08 2.434408e+08 1.734724e+08 1.313480e+08
6.364751e+07 6.364751e+07 6.364751e+07 6.364751e+07 6.364750e+07 6.364716e+07 6.364593e+07 6.364731e+07 6.372127e+07 6.408977e+07 6.747463e+07 7.745732e+07 9.539592e+07 1.194547e+08 1.463906e+08 1.734129e+08 1.988566e+08 2.927306e+08 3.496791e+08 3.907190e+08 4.245485e+08 4.538816e+08 4.790965e+08 5.169367e+08 5.397068e+08 5.507977e+08 5.530883e+08 5.487810e+08 5.391405e+08 3.625102e+08 2.400972e+08 1.713708e+08 1.299550e+08
6.080111e+07 6.080111e+07 6.080111e+07 6.080110e+07 6.080110e+07 6.080078e+07 6.079969e+07 6.080249e+07 6.088366e+07 6.128420e+07 6.496044e+07 7.581910e+07 9.536653e+07 1.216280e+08 1.510791e+08 1.806744e+08 2.085882e+08 3.119898e+08 3.744067e+08 4.176868e+08 4.514455e+08 4.796044e+08 5.034061e+08 5.383948e+08 5.573326e+08 5.634596e+08 5.605506e+08 5.515110e+08 5.384213e+08 3.569160e+08 2.366175e+08 1.692147e+08 1.285361e+08
5.781747e+07 5.781747e+07 5.781747e+07 5.781747e+07 5.781746e+07 5.781717e+07 5.781618e+07 5.782009e+07 5.790810e+07 5.833999e+07 6.230554e+07 7.404142e+07 9.521001e+07 1.237016e+08 1.557081e+08 1.879227e+08 2.183518e+08 3.313635e+08 3.992303e+08 4.448588e+08 4.784728e+08 5.048555e+08 5.261841e+08 5.563805e+08 5.712843e+08 5.733957e+08 5.663759e+08 5.534963e+08 5.370828e+08 3.508962e+08 2.330073e+08 1.670069e+08 1.270925e+08
5.481606e+07 5.481606e+07 5.481606e+07 5.481605e+07 5.481605e+07 5.481581e+07 5.481503e+07 5.482045e+07 5.491555e+07 5.537892e+07 5.963355e+07 7.224720e+07 9.504060e+07 1.257689e+08 1.603364e+08 1.951694e+08 2.281013e+08 3.504054e+08 4.231097e+08 4.705751e+08 5.037422e+08 5.280409e+08 5.463931e+08 5.704329e+08 5.806449e+08 5.792467e+08 5.691654e+08 5.534737e+08 5.345921e+08 3.444715e+08 2.292739e+08 1.647502e+08 1.256255e+08
5.190874e+07 5.190874e+07 5.190874e+07 5.190874e+07 5.190873e+07 5.190857e+07 5.190801e+07 5.191498e+07 5.201705e+07 5.251141e+07 5.705057e+07 7.052709e+07 9.491400e+07 1.278273e+08 1.648818e+08 2.022359e+08 2.375499e+08 3.682409e+08 4.446418e+08 4.929927e+08 5.251799e+08 5.471939e+08 5.624780e+08 5.799869e+08 5.851218e+08 5.804388e+08 5.681124e+08 5.506113e+08 5.301600e+08 3.376743e+08 2.254258e+08 1.624478e+08 1.241366e+08
4.917544e+07 4.917544e+07 4.917544e+07 4.917544e+07 4.917544e+07 4.917532e+07 4.917491e+07 4.918308e+07 4.929149e+07 4.981444e+07 5.461637e+07 6.888724e+07 9.473349e+07 1.296334e+08 1.689264e+08 2.085186e+08 2.459097e+08 3.833503e+08 4.619458e+08 5.101024e+08 5.407761e+08 5.604490e+08 5.728850e+08 5.843866e+08 5.846762e+08 5.769679e+08 5.629840e+08 5.445047e+08 5.233346e+08 3.305487e+08 2.214727e+08 1.601032e+08 1.226272e+08
4.666070e+07 4.666070e+07 4.666070e+07 4.666070e+07 4.666070e+07 4.666062e+07 4.666037e+07 4.666956e+07 4.678308e+07 4.732899e+07 5.234111e+07 6.724389e+07 9.424296e+07 1.306970e+08 1.717174e+08 2.130046e+08 2.519294e+08 3.937820e+08 4.729958e+08 5.200704e+08 5.489348e+08 5.664391e+08 5.764986e+08 5.831492e+08 5.794074e+08 5.691548e+08 5.539883e+08 5.351512e+08 5.139634e+08 3.231508e+08 2.174257e+08 1.577201e+08 1.210990e+08
4.437752e+07 4.437752e+07 4.437752e+07 4.437752e+07 4.437752e+07 4.437746e+07 4.437726e+07 4.438696e+07 4.450339e+07 4.506257e+07 5.019624e+07 6.546299e+07 9.312087e+07 1.304513e+08 1.724254e+08 2.146187e+08 2.543251e+08 3.978379e+08 4.763099e+08 5.217926e+08 5.488781e+08 5.646121e+08 5.729278e+08 5.761960e+08 5.695880e+08 5.574917e+08 5.416008e+08 5.228554e+08 5.021629e+08 3.155480e+08 2.132971e+08 1.553024e+08 1.195535e+08
4.230768e+07 4.230768e+07 4.230768e+07 4.230768e+07 4.230768e+07 4.230764e+07 4.230750e+07 4.231749e+07 4.243438e+07 4.299498e+07 4.814022e+07 6.344088e+07 9.115664e+07 1.285523e+08 1.705729e+08 2.127708e+08 2.524259e+08 3.948769e+08 4.715983e+08 5.153209e+08 5.408871e+08 5.553576e+08 5.625880e+08 5.639385e+08 5.557069e+08 5.425722e+08 5.264241e+08 5.081057e+08 4.882499e+08 3.078216e+08 2.091000e+08 1.528544e+08 1.179925e+08
4.043549e+07 4.043549e+07 4.043549e+07 4.043549e+07 4.043549e+07 4.043545e+07 4.043533e+07 4.044521e+07 4.056004e+07 4.111048e+07 4.616207e+07 6.118422e+07 8.839420e+07 1.251012e+08 1.663337e+08 2.077165e+08 2.465739e+08 3.856520e+08 4.599046e+08 5.018543e+08 5.262019e+08 5.398671e+08 5.465632e+08 5.472116e+08 5.384545e+08 5.250540e+08 5.090975e+08 4.914659e+08 4.726559e+08 3.000771e+08 2.048490e+08 1.503803e+08 1.164178e+08
3.873269e+07 3.873269e+07 3.873269e+07 3.873269e+07 3.873269e+07 3.873266e+07 3.873255e+07 3.874215e+07 3.885315e+07 3.938506e+07 4.426615e+07 5.878121e+07 8.507217e+07 1.205367e+08 1.603666e+08 2.003303e+08 2.378395e+08 3.718463e+08 4.431131e+08 4.832822e+08 5.066187e+08 5.197871e+08 5.263180e+08 5.271067e+08 5.186514e+08 5.056213e+08 4.902442e+08 4.734992e+08 4.558508e+08 2.923509e+08 2.005590e+08 1.478848e+08 1.148312e+08
3.717304e+07 3.717304e+07 3.717304e+07 3.717304e+07 3.717304e+07 3.717301e+07 3.717291e+07 3.718210e+07 3.728816e+07 3.779635e+07 4.245979e+07 5.632794e+07 8.144773e+07 1.153324e+08 1.533863e+08 1.915639e+08 2.273907e+08 3.552927e+08 4.232434e+08 4.615978e+08 4.840119e+08 4.968304e+08 5.033818e+08 5.047791e+08 4.971500e+08 4.849416e+08 4.704383e+08 4.547224e+08 4.382872e+08 2.846115e+08 1.962459e+08 1.453724e+08 1.132344e+08
3.573308e+07 3.573308e+07 3.573308e+07 3.573308e+07 3.573308e+07 3.573305e+07 3.573297e+07 3.574172e+07 3.584238e+07 3.632455e+07 4.074904e+07 5.390672e+07 7.774013e+07 1.098900e+08 1.459953e+08 1.822170e+08 2.162060e+08 3.375205e+08 4.019920e+08 4.384937e+08 4.599935e+08 4.724917e+08 4.791121e+08 4.812896e+08 4.747457e+08 4.636242e+08 4.501844e+08 4.355833e+08 4.203676e+08 2.768523e+08 1.919261e+08 1.428479e+08 1.116294e+08
3.439888e+07 3.439888e+07 3.439888e+07 3.439888e+07 3.439888e+07 3.439885e+07 3.439877e+07 3.440706e+07 3.450220e+07 3.495786e+07 3.913898e+07 5.157306e+07 7.409618e+07 1.044790e+08 1.386002e+08 1.728311e+08 2.049515e+08 3.195945e+08 3.805676e+08 4.152046e+08 4.357685e+08 4.479158e+08 4.545746e+08 4.575114e+08 4.521151e+08 4.421901e+08 4.299052e+08 4.164519e+08 4.024290e+08 2.690784e+08 1.876164e+08 1.403162e+08 1.100181e+08
3.315703e+07 3.315703e+07 3.315703e+07 3.315703e+07 3.315703e+07 3.315701e+07 3.315692e+07 3.316472e+07 3.325443e+07 3.368417e+07 3.762760e+07 4.935508e+07 7.059868e+07 9.925595e+07 1.314397e+08 1.637271e+08 1.940240e+08 3.021656e+08 3.597291e+08 3.925292e+08 4.121399e+08 4.238892e+08 4.305237e+08 4.340995e+08 4.297884e+08 4.210561e+08 4.099380e+08 3.976203e+08 3.847396e+08 2.613025e+08 1.833342e+08 1.377823e+08 1.084024e+08
3.199086e+07 3.199086e+07 3.199086e+07 3.199085e+07 3.199085e+07 3.199083e+07 3.199077e+07 3.199814e+07 3.208272e+07 3.248782e+07 3.620511e+07 4.726011e+07 6.728576e+07 9.430036e+07 1.246396e+08 1.550768e+08 1.836378e+08 2.855917e+08 3.399022e+08 3.709279e+08 3.895864e+08 4.008978e+08 4.074427e+08 4.115022e+08 4.081495e+08 4.005342e+08 3.905376e+08 3.793088e+08 3.675031e+08 2.535430e+08 1.790980e+08 1.352511e+08 1.067843e+08
3.089287e+07 3.089287e+07 3.089287e+07 3.089286e+07 3.089286e+07 3.089285e+07 3.089280e+07 3.089980e+07 3.097960e+07 3.136163e+07 3.486692e+07 4.529130e+07 6.417461e+07 8.964831e+07 1.182572e+08 1.469586e+08 1.738911e+08 2.700397e+08 3.212904e+08 3.506285e+08 3.683551e+08 3.792043e+08 3.856053e+08 3.899969e+08 3.874524e+08 3.808403e+08 3.718840e+08 3.616740e+08 3.508657e+08 2.458226e+08 1.749294e+08 1.327275e+08 1.051657e+08
2.986012e+07 2.986012e+07 2.986012e+07 2.986012e+07 2.986012e+07 2.986010e+07 2.986005e+07 2.986664e+07 2.994192e+07 3.030244e+07 3.361038e+07 4.344801e+07 6.126862e+07 8.530894e+07 1.123083e+08 1.393952e+08 1.648130e+08 2.555620e+08 3.039603e+08 3.317111e+08 3.485409e+08 3.589191e+08 3.651371e+08 3.697306e+08 3.678460e+08 3.621095e+08 3.540938e+08 3.448189e+08 3.349255e+08 2.381672e+08 1.708430e+08 1.302165e+08 1.035485e+08
2.888358e+07 2.888358e+07 2.888358e+07 2.888358e+07 2.888358e+07 2.888357e+07 2.888352e+07 2.888978e+07 2.896094e+07 2.930159e+07 3.242711e+07 4.172211e+07 5.855973e+07 8.127404e+07 1.067842e+08 1.323774e+08 1.563937e+08 2.421452e+08 2.878986e+08 3.141671e+08 3.301447e+08 3.400559e+08 3.460661e+08 3.507575e+08 3.493998e+08 3.444129e+08 3.372323e+08 3.288034e+08 3.197412e+08 2.306035e+08 1.668304e+08 1.277230e+08 1.019347e+08
2.796059e+07 2.796059e+07 2.796059e+07 2.796059e+07 2.796059e+07 2.796058e+07 2.796053e+07 2.796642e+07 2.803373e+07 2.835600e+07 3.131303e+07 4.010707e+07 5.603735e+07 7.752773e+07 1.016635e+08 1.258780e+08 1.486008e+08 2.297395e+08 2.730480e+08 2.979387e+08 3.131132e+08 3.225702e+08 3.283593e+08 3.330704e+08 3.321266e+08 3.277732e+08 3.213249e+08 3.136533e+08 3.053412e+08 2.231585e+08 1.628875e+08 1.252519e+08 1.003262e+08
2.708343e+07 2.708343e+07 2.708343e+07 2.708343e+07 2.708343e+07 2.708342e+07 2.708338e+07 2.708899e+07 2.715278e+07 2.745816e+07 3.026002e+07 3.859249e+07 5.368659e+07 7.404899e+07 9.691803e+07 1.198618e+08 1.413924e+08 2.182785e+08 2.593298e+08 2.829431e+08 2.973650e+08 3.063858e+08 3.119491e+08 3.166231e+08 3.160008e+08 3.121791e+08 3.063678e+08 2.993693e+08 2.917306e+08 2.158579e+08 1.590125e+08 1.228080e+08 9.872493e+07
2.625126e+07 2.625126e+07 2.625126e+07 2.625126e+07 2.625126e+07 2.625125e+07 2.625120e+07 2.625651e+07 2.631703e+07 2.660681e+07 2.926558e+07 3.717256e+07 5.149592e+07 7.081860e+07 9.252000e+07 1.142924e+08 1.347240e+08 2.076892e+08 2.466570e+08 2.690867e+08 2.828054e+08 2.914113e+08 2.967498e+08 3.013474e+08 3.009730e+08 2.975962e+08 2.923366e+08 2.859335e+08 2.788975e+08 2.087250e+08 1.552046e+08 1.203961e+08 9.713269e+07
2.546063e+07 2.546063e+07 2.546063e+07 2.546063e+07 2.546063e+07 2.546062e+07 2.546060e+07 2.546570e+07 2.552326e+07 2.579869e+07 2.832557e+07 3.584013e+07 4.945256e+07 6.781616e+07 8.844045e+07 1.091323e+08 1.285500e+08 1.978975e+08 2.349406e+08 2.562737e+08 2.693366e+08 2.775501e+08 2.826689e+08 2.871643e+08 2.869802e+08 2.839758e+08 2.791934e+08 2.733158e+08 2.668181e+08 2.017801e+08 1.514636e+08 1.180215e+08 9.555136e+07
2.471119e+07 2.471119e+07 2.471119e+07 2.471119e+07 2.471119e+07 2.471118e+07 2.471115e+07 2.471598e+07 2.477075e+07 2.503288e+07 2.743782e+07 3.458982e+07 4.754551e+07 6.502318e+07 8.465251e+07 1.043462e+08 1.228273e+08 1.888317e+08 2.240945e+08 2.444108e+08 2.568626e+08 2.647066e+08 2.696137e+08 2.739909e+08 2.739529e+08 2.712613e+08 2.668919e+08 2.614779e+08 2.554610e+08 1.950399e+08 1.477898e+08 1.156897e+08 9.398273e+07
2.399807e+07 2.399807e+07 2.399807e+07 2.399807e+07 2.399807e+07 2.399807e+07 2.399804e+07 2.400268e+07 2.405490e+07 2.430477e+07 2.659702e+07 3.341377e+07 4.576206e+07 6.242025e+07 8.112915e+07 9.989937e+07 1.175138e+08 1.804239e+08 2.140374e+08 2.334102e+08 2.452931e+08 2.527904e+08 2.574954e+08 2.617459e+08 2.618201e+08 2.593927e+08 2.553819e+08 2.503773e+08 2.447896e+08 1.885175e+08 1.441838e+08 1.134067e+08 9.242856e+07
2.332227e+07 2.332227e+07 2.332227e+07 2.332227e+07 2.332227e+07 2.332226e+07 2.332224e+07 2.332668e+07 2.337652e+07 2.361500e+07 2.580268e+07 3.230842e+07 4.409330e+07 5.999138e+07 7.784659e+07 9.576032e+07 1.125710e+08 1.726117e+08 2.046955e+08 2.231924e+08 2.345457e+08 2.417184e+08 2.462317e+08 2.503521e+08 2.505128e+08 2.483099e+08 2.446115e+08 2.399691e+08 2.347654e+08 1.822225e+08 1.406464e+08 1.111696e+08 9.089060e+07
2.268115e+07 2.268115e+07 2.268115e+07 2.268115e+07 2.268115e+07 2.268114e+07 2.268113e+07 2.268538e+07 2.273301e+07 2.296091e+07 2.505145e+07 3.126826e+07 4.252968e+07 5.772160e+07 7.478369e+07 9.190172e+07 1.079658e+08 1.653409e+08 1.960038e+08 2.136865e+08 2.245464e+08 2.314154e+08 2.357473e+08 2.397375e+08 2.399650e+08 2.379544e+08 2.345295e+08 2.302084e+08 2.253487e+08 1.761609e+08 1.371788e+08 1.089758e+08 8.937053e+07
2.207324e+07 2.207324e+07 2.207324e+07 2.207324e+07 2.207324e+07 2.207324e+07 2.207322e+07 2.207730e+07 2.212288e+07 2.234093e+07 2.434110e+07 3.028909e+07 4.106353e+07 5.559845e+07 7.192265e+07 8.830038e+07 1.036697e+08 1.585647e+08 1.879051e+08 2.048294e+08 2.152291e+08 2.218137e+08 2.259745e+08 2.298363e+08 2.301155e+08 2.282707e+08 2.250863e+08 2.210511e+08 2.165003e+08 1.703354e+08 1.337822e+08 1.068239e+08 8.787005e+07
2.149707e+07 2.149707e+07 2.149707e+07 2.149707e+07 2.149707e+07 2.149707e+07 2.149706e+07 2.150097e+07 2.154463e+07 2.175351e+07 2.366946e+07 2.936695e+07 3.968760e+07 5.361030e+07 6.924689e+07 8.493473e+07 9.965668e+07 1.522403e+08 1.803477e+08 1.965646e+08 2.065344e+08 2.128525e+08 2.168519e+08 2.205884e+08 2.209075e+08 2.192067e+08 2.162348e+08 2.124550e+08 2.081821e+08 1.647465e+08 1.304579e+08 1.047128e+08 8.639084e+07
2.095057e+07 2.095057e+07 2.095057e+07 2.095057e+07 2.095057e+07 2.095057e+07 2.095056e+07 2.095430e+07 2.099617e+07 2.119647e+07 2.303378e+07 2.849744e+07 3.839448e+07 5.174572e+07 6.674048e+07 8.178441e+07 9.590210e+07 1.463283e+08 1.732849e+08 1.888411e+08 1.984088e+08 2.044771e+08 2.083242e+08 2.119392e+08 2.122889e+08 2.107140e+08 2.079309e+08 2.043798e+08 2.003579e+08 1.593918e+08 1.272072e+08 1.026415e+08 8.493465e+07
2.043073e+07 2.043073e+07 2.043073e+07 2.043073e+07 2.043073e+07 2.043073e+07 2.043072e+07 2.043432e+07 2.047453e+07 2.066682e+07 2.243067e+07 2.767580e+07 3.717695e+07 4.999409e+07 6.438899e+07 7.883109e+07 9.238403e+07 1.407938e+08 1.666745e+08 1.816129e+08 1.908041e+08 1.966379e+08 2.003415e+08 2.038392e+08 2.042122e+08 2.027479e+08 2.001334e+08 1.967880e+08 1.929931e+08 1.542672e+08 1.240314e+08 1.006093e+08 8.350349e+07
1.993618e+07 1.993618e+07 1.993618e+07 1.993618e+07 1.993618e+07 1.993618e+07 1.993617e+07 1.993963e+07 1.997827e+07 2.016307e+07 2.185815e+07 2.689874e+07 3.602934e+07 4.834657e+07 6.218001e+07 7.605879e+07 8.908312e+07 1.356054e+08 1.604790e+08 1.748386e+08 1.836768e+08 1.892904e+08 1.928585e+08 1.962435e+08 1.966339e+08 1.952676e+08 1.928040e+08 1.896443e+08 1.860553e+08 1.493673e+08 1.209317e+08 9.861549e+07 8.209981e+07
1.946566e+07 1.946566e+07 1.946566e+07 1.946566e+07 1.946566e+07 1.946565e+07 1.946564e+07 1.946897e+07 1.950613e+07 1.968390e+07 2.131448e+07 2.616330e+07 3.494650e+07 4.679508e+07 6.010216e+07 7.345287e+07 8.598166e+07 1.307346e+08 1.546640e+08 1.684809e+08 1.769879e+08 1.823943e+08 1.858346e+08 1.891114e+08 1.895145e+08 1.882352e+08 1.859077e+08 1.829160e+08 1.795143e+08 1.446852e+08 1.179090e+08 9.665953e+07 8.072294e+07
1.901630e+07 1.901630e+07 1.901630e+07 1.901629e+07 1.901629e+07 1.901629e+07 1.901628e+07 1.901948e+07 1.905526e+07 1.922642e+07 2.079648e+07 2.546532e+07 3.392249e+07 4.533123e+07 5.814432e+07 7.099943e+07 8.306315e+07 1.261556e+08 1.491988e+08 1.625061e+08 1.707018e+08 1.759131e+08 1.792327e+08 1.824059e+08 1.828179e+08 1.816164e+08 1.794118e+08 1.765728e+08 1.733420e+08 1.402133e+08 1.149642e+08 9.474091e+07 7.937138e+07
1.858622e+07 1.858622e+07 1.858622e+07 1.858622e+07 1.858622e+07 1.858622e+07 1.858621e+07 1.858930e+07 1.862380e+07 1.878878e+07 2.030199e+07 2.480175e+07 3.295260e+07 4.394808e+07 5.629702e+07 6.868645e+07 8.031318e+07 1.218453e+08 1.440556e+08 1.568837e+08 1.647864e+08 1.698140e+08 1.730194e+08 1.760934e+08 1.765113e+08 1.753796e+08 1.732865e+08 1.705866e+08 1.675121e+08 1.359433e+08 1.120978e+08 9.285917e+07 7.804420e+07
1.817572e+07 1.817572e+07 1.817572e+07 1.817572e+07 1.817572e+07 1.817572e+07 1.817571e+07 1.817870e+07 1.821199e+07 1.837114e+07 1.983086e+07 2.417149e+07 3.203405e+07 4.264059e+07 5.455270e+07 6.650386e+07 7.771931e+07 1.177828e+08 1.392091e+08 1.515860e+08 1.592128e+08 1.640670e+08 1.671644e+08 1.701435e+08 1.705648e+08 1.694960e+08 1.675045e+08 1.649318e+08 1.620006e+08 1.318667e+08 1.093103e+08 9.101391e+07 7.674070e+07
1.778407e+07 1.778407e+07 1.778407e+07 1.778407e+07 1.778407e+07 1.778407e+07 1.778406e+07 1.778693e+07 1.781905e+07 1.797268e+07 1.938192e+07 2.357251e+07 3.116330e+07 4.140323e+07 5.290361e+07 6.444169e+07 7.526952e+07 1.139490e+08 1.346363e+08 1.465879e+08 1.539543e+08 1.586448e+08 1.616400e+08 1.645284e+08 1.649511e+08 1.639392e+08 1.620406e+08 1.595845e+08 1.567850e+08 1.279747e+08 1.066016e+08 8.920480e+07 7.546027e+07
1.740737e+07 1.740737e+07 1.740737e+07 1.740737e+07 1.740737e+07 1.740737e+07 1.740736e+07 1.741015e+07 1.744120e+07 1.758965e+07 1.895135e+07 2.300049e+07 3.033503e+07 4.022924e+07 5.134131e+07 6.248982e+07 7.295205e+07 1.103260e+08 1.303162e+08 1.418665e+08 1.489871e+08 1.535228e+08 1.564211e+08 1.592228e+08 1.596453e+08 1.586850e+08 1.568715e+08 1.545227e+08 1.518446e+08 1.242584e+08 1.039716e+08 8.743151e+07 7.420239e+07
1.704563e+07 1.704563e+07 1.704563e+07 1.704563e+07 1.704563e+07 1.704563e+07 1.704562e+07 1.704832e+07 1.707834e+07 1.722191e+07 1.853869e+07 2.245424e+07 2.954675e+07 3.911444e+07 4.985978e+07 6.064035e+07 7.075730e+07 1.068982e+08 1.262300e+08 1.374010e+08 1.442892e+08 1.486784e+08 1.514849e+08 1.542037e+08 1.546246e+08 1.537114e+08 1.519763e+08 1.497264e+08 1.471604e+08 1.207092e+08 1.014198e+08 8.569379e+07 7.296656e+07
1.669938e+07 1.669938e+07 1.669938e+07 1.669938e+07 1.669938e+07 1.669938e+07 1.669938e+07 1.670199e+07 1.673105e+07 1.686999e+07 1.814429e+07 2.193346e+07 2.879702e+07 3.805583e+07 4.845426e+07 5.888676e+07 6.867708e+07 1.036516e+08 1.223604e+08 1.331726e+08 1.398407e+08 1.440911e+08 1.468104e+08 1.494500e+08 1.498684e+08 1.489982e+08 1.473353e+08 1.451768e+08 1.427147e+08 1.173185e+08 9.894548e+07 8.399137e+07 7.175235e+07
1.636810e+07 1.636810e+07 1.636810e+07 1.636810e+07 1.636810e+07 1.636810e+07 1.636809e+07 1.637060e+07 1.639873e+07 1.653326e+07 1.776726e+07 2.143666e+07 2.808331e+07 3.704951e+07 4.711932e+07 5.722213e+07 6.670308e+07 1.005728e+08 1.186916e+08 1.291639e+08 1.356235e+08 1.397422e+08 1.423788e+08 1.449427e+08 1.453575e+08 1.445268e+08 1.429307e+08 1.408571e+08 1.384913e+08 1.140780e+08 9.654773e+07 8.232403e+07 7.055935e+07
1.604802e+07 1.604802e+07 1.604802e+07 1.604802e+07 1.604802e+07 1.604802e+07 1.604802e+07 1.605047e+07 1.607773e+07 1.620812e+07 1.740398e+07 2.095997e+07 2.740113e+07 3.609010e+07 4.584853e+07 5.563894e+07 6.482672e+07 9.764951e+07 1.152090e+08 1.253591e+08 1.316209e+08 1.356147e+08 1.381725e+08 1.406640e+08 1.410747e+08 1.402802e+08 1.387462e+08 1.367513e+08 1.344752e+08 1.109798e+08 9.422537e+07 8.069156e+07 6.938716e+07
1.573941e+07 1.573941e+07 1.573941e+07 1.573941e+07 1.573941e+07 1.573941e+07 1.573941e+07 1.574178e+07 1.576822e+07 1.589466e+07 1.705434e+07 2.050270e+07 2.674888e+07 3.517480e+07 4.463780e+07 5.413180e+07 6.304142e+07 9.487085e+07 1.118997e+08 1.217439e+08 1.278180e+08 1.316930e+08 1.341758e+08 1.365980e+08 1.370039e+08 1.362430e+08 1.347666e+08 1.328452e+08 1.306526e+08 1.080160e+08 9.197705e+07 7.909375e+07 6.823543e+07
1.544249e+07 1.544249e+07 1.544249e+07 1.544249e+07 1.544249e+07 1.544249e+07 1.544248e+07 1.544479e+07 1.547045e+07 1.559315e+07 1.671845e+07 2.006455e+07 2.612549e+07 3.430150e+07 4.348381e+07 5.269620e+07 6.134154e+07 9.222714e+07 1.087518e+08 1.183052e+08 1.242007e+08 1.279627e+08 1.303742e+08 1.327299e+08 1.331307e+08 1.324007e+08 1.309780e+08 1.291252e+08 1.270108e+08 1.051795e+08 8.980126e+07 7.753037e+07 6.710381e+07
1.515702e+07 1.515702e+07 1.515702e+07 1.515702e+07 1.515702e+07 1.515702e+07 1.515702e+07 1.515924e+07 1.518415e+07 1.530327e+07 1.639583e+07 1.964463e+07 2.552933e+07 3.346759e+07 4.238289e+07 5.132739e+07 5.972134e+07 8.970915e+07 1.057541e+08 1.150309e+08 1.207565e+08 1.244108e+08 1.267542e+08 1.290464e+08 1.294416e+08 1.287403e+08 1.273678e+08 1.255792e+08 1.235379e+08 1.024632e+08 8.769631e+07 7.600120e+07 6.599199e+07
1.488072e+07 1.488072e+07 1.488072e+07 1.488072e+07 1.488072e+07 1.488072e+07 1.488072e+07 1.488288e+07 1.490707e+07 1.502280e+07 1.608423e+07 1.924043e+07 2.495740e+07 3.266940e+07 4.133056e+07 5.002010e+07 5.817479e+07 8.730808e+07 1.028964e+08 1.119099e+08 1.174736e+08 1.210253e+08 1.233037e+08 1.255349e+08 1.259244e+08 1.252496e+08 1.239243e+08 1.221958e+08 1.202231e+08 9.986062e+07 8.566043e+07 7.450600e+07 6.489967e+07
1.461285e+07 1.461285e+07 1.461285e+07 1.461285e+07 1.461285e+07 1.461285e+07 1.461285e+07 1.461496e+07 1.463849e+07 1.475099e+07 1.578278e+07 1.885079e+07 2.440800e+07 3.190444e+07 4.032351e+07 4.877016e+07 5.669691e+07 8.501609e+07 1.001693e+08 1.089318e+08 1.143411e+08 1.177950e+08 1.200113e+08 1.221841e+08 1.225676e+08 1.219177e+08 1.206365e+08 1.189646e+08 1.170564e+08 9.736544e+07 8.369175e+07 7.304452e+07 6.382656e+07
1.435415e+07 1.435415e+07 1.435415e+07 1.435415e+07 1.435415e+07 1.435415e+07 1.435414e+07 1.435620e+07 1.437907e+07 1.448848e+07 1.549196e+07 1.847582e+07 2.388058e+07 3.117138e+07 3.935948e+07 4.757441e+07 5.528371e+07 8.282624e+07 9.756439e+07 1.060873e+08 1.113494e+08 1.147098e+08 1.168667e+08 1.189835e+08 1.193609e+08 1.187342e+08 1.174945e+08 1.158759e+08 1.140285e+08 9.497180e+07 8.178830e+07 7.161648e+07 6.277241e+07
1.410352e+07 1.410352e+07 1.410352e+07 1.410352e+07 1.410352e+07 1.410352e+07 1.410351e+07 1.410551e+07 1.412777e+07 1.423423e+07 1.521069e+07 1.811421e+07 2.337343e+07 3.046790e+07 3.843550e+07 4.642920e+07 5.393089e+07 8.073192e+07 9.507371e+07 1.033679e+08 1.084893e+08 1.117603e+08 1.138605e+08 1.159234e+08 1.162947e+08 1.156898e+08 1.144892e+08 1.129209e+08 1.111309e+08 9.267418e+07 7.994809e+07 7.022155e+07 6.173697e+07
1.386016e+07 1.386016e+07 1.386016e+07 1.386016e+07 1.386016e+07 1.386016e+07 1.386016e+07 1.386210e+07 1.388377e+07 1.398742e+07 1.493807e+07 1.776483e+07 2.288500e+07 2.979188e+07 3.754881e+07 4.533114e+07 5.263447e+07 7.872698e+07 9.269001e+07 1.007656e+08 1.057524e+08 1.089379e+08 1.109838e+08 1.129951e+08 1.133602e+08 1.127757e+08 1.116121e+08 1.100913e+08 1.083556e+08 9.046738e+07 7.816908e+07 6.885941e+07 6.072000e+07
1.362371e+07 1.362371e+07 1.362371e+07 1.362371e+07 1.362371e+07 1.362371e+07 1.362371e+07 1.362560e+07 1.364671e+07 1.374767e+07 1.467364e+07 1.742699e+07 2.241419e+07 2.914169e+07 3.669715e+07 4.427734e+07 5.139097e+07 7.680588e+07 9.040663e+07 9.827308e+07 1.031311e+08 1.062349e+08 1.082287e+08 1.101904e+08 1.105494e+08 1.099841e+08 1.088555e+08 1.073797e+08 1.056954e+08 8.834650e+07 7.644923e+07 6.752969e+07 5.972129e+07
1.339408e+07 1.339408e+07 1.339408e+07 1.339408e+07 1.339408e+07 1.339408e+07 1.339408e+07 1.339592e+07 1.341650e+07 1.351488e+07 1.441723e+07 1.710032e+07 2.196023e+07 2.851601e+07 3.587860e+07 4.326529e+07 5.019733e+07 7.496356e+07 8.821747e+07 9.588366e+07 1.006184e+08 1.036438e+08 1.055878e+08 1.075018e+08 1.078547e+08 1.073075e+08 1.062120e+08 1.047790e+08 1.031434e+08 8.630697e+07 7.478648e+07 6.623198e+07 5.874062e+07
1.317129e+07 1.317129e+07 1.317129e+07 1.317129e+07 1.317129e+07 1.317129e+07 1.317129e+07 1.317308e+07 1.319314e+07 1.328905e+07 1.416874e+07 1.678448e+07 2.152240e+07 2.791361e+07 3.509138e+07 4.229264e+07 4.905066e+07 7.319533e+07 8.611690e+07 9.359121e+07 9.820778e+07 1.011580e+08 1.030541e+08 1.049224e+08 1.052692e+08 1.047392e+08 1.036752e+08 1.022827e+08 1.006934e+08 8.434448e+07 7.317880e+07 6.496586e+07 5.777780e+07
1.295435e+07 1.295435e+07 1.295435e+07 1.295435e+07 1.295435e+07 1.295435e+07 1.295434e+07 1.295610e+07 1.297566e+07 1.306920e+07 1.392717e+07 1.647835e+07 2.109932e+07 2.733277e+07 3.433335e+07 4.135684e+07 4.794805e+07 7.149682e+07 8.409975e+07 9.139005e+07 9.589328e+07 9.877145e+07 1.006216e+08 1.024458e+08 1.027867e+08 1.022728e+08 1.012387e+08 9.988487e+07 9.833968e+07 8.245503e+07 7.162418e+07 6.373087e+07 5.683263e+07
1.274277e+07 1.274277e+07 1.274277e+07 1.274277e+07 1.274277e+07 1.274277e+07 1.274277e+07 1.274448e+07 1.276357e+07 1.285485e+07 1.369202e+07 1.618128e+07 2.069008e+07 2.677220e+07 3.360281e+07 4.045578e+07 4.688695e+07 6.986405e+07 8.216126e+07 8.927496e+07 9.366939e+07 9.647833e+07 9.828432e+07 1.000662e+08 1.004011e+08 9.990259e+07 9.889704e+07 9.757998e+07 9.607679e+07 8.063483e+07 7.012064e+07 6.252652e+07 5.590493e+07
1.253720e+07 1.253720e+07 1.253720e+07 1.253720e+07 1.253720e+07 1.253720e+07 1.253720e+07 1.253887e+07 1.255751e+07 1.264660e+07 1.346377e+07 1.589354e+07 2.029460e+07 2.623137e+07 3.289874e+07 3.958793e+07 4.586540e+07 6.829346e+07 8.029702e+07 8.724110e+07 9.153100e+07 9.427342e+07 9.603695e+07 9.777798e+07 9.810711e+07 9.762320e+07 9.664484e+07 9.536290e+07 9.389977e+07 7.888035e+07 6.866623e+07 6.135229e+07 5.499451e+07
1.233723e+07 1.233723e+07 1.233723e+07 1.233723e+07 1.233723e+07 1.233723e+07 1.233723e+07 1.233886e+07 1.235705e+07 1.244404e+07 1.324197e+07 1.561457e+07 1.991206e+07 2.570913e+07 3.221962e+07 3.875140e+07 4.488117e+07 6.678155e+07 7.850290e+07 8.528394e+07 8.947336e+07 9.215181e+07 9.387451e+07 9.557622e+07 9.589967e+07 9.542965e+07 9.447725e+07 9.322886e+07 9.180399e+07 7.718828e+07 6.725906e+07 6.020764e+07 5.410119e+07
1.214180e+07 1.214180e+07 1.214180e+07 1.214180e+07 1.214180e+07 1.214180e+07 1.214180e+07 1.214339e+07 1.216116e+07 1.224614e+07 1.302559e+07 1.534323e+07 1.954119e+07 2.520398e+07 3.156365e+07 3.794413e+07 4.393189e+07 6.532500e+07 7.677501e+07 8.339927e+07 8.749206e+07 9.010898e+07 9.179239e+07 9.345621e+07 9.377412e+07 9.331734e+07 9.238976e+07 9.117345e+07 8.978517e+07 7.555553e+07 6.589731e+07 5.909203e+07 5.322480e+07
1.195092e+07 1.195092e+07 1.195092e+07 1.195092e+07 1.195092e+07 1.195092e+07 1.195092e+07 1.195248e+07 1.196985e+07 1.205290e+07 1.281458e+07 1.507937e+07 1.918157e+07 2.471518e+07 3.092976e+07 3.716466e+07 4.301582e+07 6.392088e+07 7.510983e+07 8.158324e+07 8.558304e+07 8.814074e+07 8.978632e+07 9.141364e+07 9.172613e+07 9.128199e+07 9.037816e+07 8.919257e+07 8.783932e+07 7.397919e+07 6.457917e+07 5.800486e+07 5.236515e+07
1.176507e+07 1.176507e+07 1.176507e+07 1.176507e+07 1.176507e+07 1.176507e+07 1.176507e+07 1.176659e+07 1.178357e+07 1.186475e+07 1.260930e+07 1.482318e+07 1.883316e+07 2.424235e+07 3.031721e+07 3.641193e+07 4.213153e+07 6.256661e+07 7.350416e+07 7.983232e+07 8.374257e+07 8.624323e+07 8.785238e+07 8.944450e+07 8.975171e+07 8.931964e+07 8.843856e+07 8.728240e+07 8.596270e+07 7.245652e+07 6.330294e+07 5.694554e+07 5.152206e+07
1.158383e+07 1.158383e+07 1.158383e+07 1.158383e+07 1.158383e+07 1.158383e+07 1.158383e+07 1.158531e+07 1.160191e+07 1.168130e+07 1.240935e+07 1.457417e+07 1.849530e+07 2.378463e+07 2.972487e+07 3.568453e+07 4.127738e+07 6.125968e+07 7.195502e+07 7.814321e+07 8.196718e+07 8.441288e+07 8.598690e+07 8.754506e+07 8.784712e+07 8.742659e+07 8.656732e+07 8.543939e+07 8.415187e+07 7.098499e+07 6.206693e+07 5.591346e+07 5.069536e+07
1.140673e+07 1.140673e+07 1.140673e+07 1.140673e+07 1.140673e+07 1.140673e+07 1.140673e+07 1.140818e+07 1.142442e+07 1.150207e+07 1.221423e+07 1.433178e+07 1.816727e+07 2.334109e+07 2.915160e+07 3.498110e+07 4.045179e+07 5.999769e+07 7.045958e+07 7.651286e+07 8.025365e+07 8.264635e+07 8.418651e+07 8.571188e+07 8.600890e+07 8.559942e+07 8.476108e+07 8.366023e+07 8.240358e+07 6.956218e+07 6.086955e+07 5.490800e+07 4.988485e+07
1.123380e+07 1.123380e+07 1.123380e+07 1.123380e+07 1.123380e+07 1.123380e+07 1.123380e+07 1.123522e+07 1.125111e+07 1.132709e+07 1.202393e+07 1.409590e+07 1.784881e+07 2.291123e+07 2.859662e+07 3.430059e+07 3.965348e+07 5.877851e+07 6.901525e+07 7.493842e+07 7.859898e+07 8.094056e+07 8.244802e+07 8.394173e+07 8.423383e+07 8.383492e+07 8.301666e+07 8.194182e+07 8.071482e+07 6.818586e+07 5.970926e+07 5.392854e+07 4.909034e+07
1.106524e+07 1.106524e+07 1.106524e+07 1.106524e+07 1.106524e+07 1.106524e+07 1.106523e+07 1.106663e+07 1.108219e+07 1.115655e+07 1.183859e+07 1.386655e+07 1.753976e+07 2.249467e+07 2.805930e+07 3.364212e+07 3.888131e+07 5.760018e+07 6.761964e+07 7.341724e+07 7.700036e+07 7.929259e+07 8.076849e+07 8.223159e+07 8.251887e+07 8.213009e+07 8.133112e+07 8.028128e+07 7.908276e+07 6.685389e+07 5.858457e+07 5.297443e+07 4.831164e+07
1.090068e+07 1.090068e+07 1.090068e+07 1.090068e+07 1.090068e+07 1.090068e+07 1.090068e+07 1.090204e+07 1.091727e+07 1.099008e+07 1.165782e+07 1.364330e+07 1.723956e+07 2.209066e+07 2.753872e+07 3.300457e+07 3.813400e+07 5.646074e+07 6.627044e+07 7.194680e+07 7.545515e+07 7.769972e+07 7.914514e+07 8.057864e+07 8.086121e+07 8.048213e+07 7.970169e+07 7.867588e+07 7.750476e+07 6.556429e+07 5.749406e+07 5.204504e+07 4.754856e+07
1.073969e+07 1.073969e+07 1.073969e+07 1.073969e+07 1.073969e+07 1.073969e+07 1.073968e+07 1.074102e+07 1.075593e+07 1.082723e+07 1.148119e+07 1.342565e+07 1.694760e+07 2.169846e+07 2.703394e+07 3.238685e+07 3.741029e+07 5.535836e+07 6.496548e+07 7.052476e+07 7.396088e+07 7.615941e+07 7.757536e+07 7.898023e+07 7.925819e+07 7.888841e+07 7.812579e+07 7.712310e+07 7.597833e+07 6.431519e+07 5.643637e+07 5.113974e+07 4.680087e+07
1.058228e+07 1.058228e+07 1.058228e+07 1.058228e+07 1.058228e+07 1.058228e+07 1.058228e+07 1.058359e+07 1.059820e+07 1.066805e+07 1.130869e+07 1.321352e+07 1.666368e+07 2.131769e+07 2.654440e+07 3.178818e+07 3.670921e+07 5.429141e+07 6.370278e+07 6.914891e+07 7.251524e+07 7.466926e+07 7.605671e+07 7.743386e+07 7.770731e+07 7.734645e+07 7.660098e+07 7.562055e+07 7.450114e+07 6.310482e+07 5.541020e+07 5.025789e+07 4.606838e+07
1.042882e+07 1.042882e+07 1.042882e+07 1.042882e+07 1.042882e+07 1.042881e+07 1.042881e+07 1.043010e+07 1.044442e+07 1.051286e+07 1.114061e+07 1.300711e+07 1.638785e+07 2.094821e+07 2.606974e+07 3.120799e+07 3.602999e+07 5.325840e+07 6.248050e+07 6.781722e+07 7.111604e+07 7.322701e+07 7.458689e+07 7.593720e+07 7.620623e+07 7.585393e+07 7.512497e+07 7.416597e+07 7.307100e+07 6.193152e+07 5.441431e+07 4.939885e+07 4.535087e+07
1.027904e+07 1.027904e+07 1.027904e+07 1.027904e+07 1.027904e+07 1.027904e+07 1.027904e+07 1.028030e+07 1.029433e+07 1.036141e+07 1.097668e+07 1.280611e+07 1.611968e+07 2.058945e+07 2.560923e+07 3.064541e+07 3.537161e+07 5.225781e+07 6.129681e+07 6.652769e+07 6.976121e+07 7.183052e+07 7.316372e+07 7.448803e+07 7.475275e+07 7.440867e+07 7.369561e+07 7.275727e+07 7.168584e+07 6.079371e+07 5.344750e+07 4.856200e+07 4.464811e+07
1.013246e+07 1.013246e+07 1.013246e+07 1.013246e+07 1.013246e+07 1.013246e+07 1.013246e+07 1.013370e+07 1.014745e+07 1.021322e+07 1.081642e+07 1.260998e+07 1.585858e+07 2.024070e+07 2.516205e+07 3.009947e+07 3.473300e+07 5.128812e+07 6.014998e+07 6.527845e+07 6.844878e+07 7.047779e+07 7.178516e+07 7.308428e+07 7.334477e+07 7.300860e+07 7.231086e+07 7.139245e+07 7.034372e+07 5.968993e+07 5.250863e+07 4.774672e+07 4.395989e+07
9.988906e+06 9.988906e+06 9.988906e+06 9.988906e+06 9.988906e+06 9.988906e+06 9.988904e+06 9.990120e+06 1.000361e+07 1.006811e+07 1.065965e+07 1.241849e+07 1.560422e+07 1.990152e+07 2.472761e+07 2.956946e+07 3.411330e+07 5.034798e+07 5.903841e+07 6.406776e+07 6.717692e+07 6.916691e+07 7.044927e+07 7.172398e+07 7.198035e+07 7.165179e+07 7.096883e+07 7.006962e+07 6.904280e+07 5.861876e+07 5.159662e+07 4.695238e+07 4.328597e+07
9.848729e+06 9.848729e+06 9.848729e+06 9.848729e+06 9.848729e+06 9.848729e+06 9.848728e+06 9.849920e+06 9.863153e+06 9.926420e+06 1.050665e+07 1.223187e+07 1.535670e+07 1.957185e+07 2.430567e+07 2.905496e+07 3.351192e+07 4.943627e+07 5.796065e+07 6.289400e+07 6.594393e+07 6.789611e+07 6.915425e+07 7.040528e+07 7.065763e+07 7.033639e+07 6.966769e+07 6.878703e+07 6.778135e+07 5.757888e+07 5.071043e+07 4.617840e+07 4.262611e+07
9.711904e+06 9.711904e+06 9.711904e+06 9.711904e+06 9.711904e+06 9.711904e+06 9.711902e+06 9.713071e+06 9.726053e+06 9.788125e+06 1.035740e+07 1.205004e+07 1.511586e+07 1.925140e+07 2.389582e+07 2.855541e+07 3.292820e+07 4.855184e+07 5.691533e+07 6.175566e+07 6.474818e+07 6.666372e+07 6.789837e+07 6.912646e+07 6.937487e+07 6.906069e+07 6.840574e+07 6.754300e+07 6.655773e+07 5.656903e+07 4.984907e+07 4.542418e+07 4.198009e+07
9.578155e+06 9.578155e+06 9.578155e+06 9.578155e+06 9.578154e+06 9.578154e+06 9.578152e+06 9.579298e+06 9.592038e+06 9.652952e+06 1.021160e+07 1.187267e+07 1.488129e+07 1.893968e+07 2.349745e+07 2.807011e+07 3.236132e+07 4.769352e+07 5.590107e+07 6.065124e+07 6.358812e+07 6.546816e+07 6.668004e+07 6.788585e+07 6.813042e+07 6.782303e+07 6.718137e+07 6.633593e+07 6.537038e+07 5.558803e+07 4.901160e+07 4.468913e+07 4.134765e+07
9.447234e+06 9.447234e+06 9.447234e+06 9.447234e+06 9.447234e+06 9.447233e+06 9.447231e+06 9.448356e+06 9.460861e+06 9.520652e+06 1.006901e+07 1.169947e+07 1.465264e+07 1.863624e+07 2.311002e+07 2.759840e+07 3.181053e+07 4.686020e+07 5.491659e+07 5.957937e+07 6.246230e+07 6.430791e+07 6.549771e+07 6.668191e+07 6.692272e+07 6.662187e+07 6.599305e+07 6.516433e+07 6.421784e+07 5.463474e+07 4.819712e+07 4.397268e+07 4.072855e+07
