1.333717e+07 6.521752e+06 4.835712e+06 2.594348e+06 2.074797e+06 1.206148e+06 9.445162e+05 7.417307e+05 6.871419e+05 6.459388e+05 5.867041e+05 5.453417e+05 5.143798e+05 4.901197e+05 4.704523e+05 4.540406e+05 4.399687e+05 3.867136e+05 3.417296e+05 2.995988e+05 2.627889e+05 2.328119e+05 2.094609e+05 1.786498e+05 1.626861e+05 1.565608e+05 1.576952e+05 1.649943e+05 1.782293e+05 7.098498e+05 1.537628e+06 1.835379e+06 1.790880e+06
8.545360e+05 8.545362e+05 8.545361e+05 8.544632e+05 8.539984e+05 8.297513e+05 7.795151e+05 6.775106e+05 6.414572e+05 6.113720e+05 5.643951e+05 5.294283e+05 5.023018e+05 4.805607e+05 4.626561e+05 4.475367e+05 4.344458e+05 3.838091e+05 3.399092e+05 2.983508e+05 2.618971e+05 2.321648e+05 2.089914e+05 1.784171e+05 1.626019e+05 1.565812e+05 1.577991e+05 1.651739e+05 1.784848e+05 7.112262e+05 1.539318e+06 1.836394e+06 1.791315e+06
6.725307e+05 6.725308e+05 6.725309e+05 6.725248e+05 6.724760e+05 6.671819e+05 6.535029e+05 6.152250e+05 5.908687e+05 5.705928e+05 5.376209e+05 5.105685e+05 4.882154e+05 4.695768e+05 4.538130e+05 4.402406e+05 4.283086e+05 3.806774e+05 3.379752e+05 2.970368e+05 2.609648e+05 2.314926e+05 2.085066e+05 1.781793e+05 1.625173e+05 1.566037e+05 1.579066e+05 1.653581e+05 1.787459e+05 7.126169e+05 1.541018e+06 1.837412e+06 1.791751e+06
5.867870e+05 5.867870e+05 5.867871e+05 5.867862e+05 5.867742e+05 5.852771e+05 5.776591e+05 5.636024e+05 5.521857e+05 5.379066e+05 5.111487e+05 4.903943e+05 4.728363e+05 4.575355e+05 4.441336e+05 4.322832e+05 4.216430e+05 3.773351e+05 3.359315e+05 2.956580e+05 2.599926e+05 2.307955e+05 2.080065e+05 1.779365e+05 1.624326e+05 1.566284e+05 1.580178e+05 1.655471e+05 1.790127e+05 7.140219e+05 1.542728e+06 1.838434e+06 1.792187e+06
5.334041e+05 5.334041e+05 5.334042e+05 5.334044e+05 5.334008e+05 5.328279e+05 5.292975e+05 5.189296e+05 5.148550e+05 5.085748e+05 4.904537e+05 4.723193e+05 4.575135e+05 4.450731e+05 4.339571e+05 4.238622e+05 4.145724e+05 3.738027e+05 3.337833e+05 2.942159e+05 2.589809e+05 2.300741e+05 2.074914e+05 1.776891e+05 1.623478e+05 1.566554e+05 1.581328e+05 1.657410e+05 1.792853e+05 7.154413e+05 1.544449e+06 1.839460e+06 1.792624e+06
4.960555e+05 4.960555e+05 4.960556e+05 4.960563e+05 4.960561e+05 4.957992e+05 4.940824e+05 4.860735e+05 4.830888e+05 4.803631e+05 4.710920e+05 4.577239e+05 4.445365e+05 4.332794e+05 4.238316e+05 4.152831e+05 4.072797e+05 3.701064e+05 3.315364e+05 2.927121e+05 2.579306e+05 2.293286e+05 2.069618e+05 1.774372e+05 1.622631e+05 1.566849e+05 1.582516e+05 1.659398e+05 1.795638e+05 7.168753e+05 1.546181e+06 1.840490e+06 1.793061e+06
4.681606e+05 4.681606e+05 4.681606e+05 4.681612e+05 4.681618e+05 4.680349e+05 4.671192e+05 4.614961e+05 4.585249e+05 4.563915e+05 4.518843e+05 4.438392e+05 4.336076e+05 4.235521e+05 4.146534e+05 4.070095e+05 4.000342e+05 3.662804e+05 3.291981e+05 2.911489e+05 2.568425e+05 2.285596e+05 2.064179e+05 1.771810e+05 1.621787e+05 1.567170e+05 1.583744e+05 1.661436e+05 1.798483e+05 7.183239e+05 1.547923e+06 1.841523e+06 1.793499e+06
4.463803e+05 4.463803e+05 4.463804e+05 4.463809e+05 4.463817e+05 4.463174e+05 4.457913e+05 4.420232e+05 4.393663e+05 4.371918e+05 4.341898e+05 4.299475e+05 4.231299e+05 4.150531e+05 4.070738e+05 3.997685e+05 3.932280e+05 3.623696e+05 3.267776e+05 2.895286e+05 2.557177e+05 2.277677e+05 2.058603e+05 1.769209e+05 1.620948e+05 1.567517e+05 1.585013e+05 1.663525e+05 1.801388e+05 7.197873e+05 1.549675e+06 1.842561e+06 1.793938e+06
4.288196e+05 4.288196e+05 4.288197e+05 4.288202e+05 4.288212e+05 4.287887e+05 4.284711e+05 4.259697e+05 4.238348e+05 4.217560e+05 4.189470e+05 4.166146e+05 4.126371e+05 4.068724e+05 4.002849e+05 3.936821e+05 3.874136e+05 3.584339e+05 3.242863e+05 2.878547e+05 2.545574e+05 2.269536e+05 2.052893e+05 1.766570e+05 1.620114e+05 1.567893e+05 1.586324e+05 1.665666e+05 1.804355e+05 7.212655e+05 1.551438e+06 1.843601e+06 1.794377e+06
4.143161e+05 4.143162e+05 4.143162e+05 4.143167e+05 4.143177e+05 4.143040e+05 4.141077e+05 4.124384e+05 4.108294e+05 4.090240e+05 4.061930e+05 4.045171e+05 4.023574e+05 3.986911e+05 3.937330e+05 3.881398e+05 3.824090e+05 3.545509e+05 3.217391e+05 2.861310e+05 2.533633e+05 2.261182e+05 2.047055e+05 1.763897e+05 1.619288e+05 1.568299e+05 1.587678e+05 1.667861e+05 1.807384e+05 7.227587e+05 1.553212e+06 1.844646e+06 1.794817e+06
4.021215e+05 4.021215e+05 4.021216e+05 4.021220e+05 4.021229e+05 4.021198e+05 4.020001e+05 4.008899e+05 3.997233e+05 3.982631e+05 3.955467e+05 3.939592e+05 3.927086e+05 3.905899e+05 3.871895e+05 3.827761e+05 3.777916e+05 3.508213e+05 3.191550e+05 2.843627e+05 2.521372e+05 2.252624e+05 2.041094e+05 1.761192e+05 1.618472e+05 1.568735e+05 1.589075e+05 1.670110e+05 1.810476e+05 7.242669e+05 1.554997e+06 1.845694e+06 1.795257e+06
3.436340e+05 3.436340e+05 3.436340e+05 3.436342e+05 3.436349e+05 3.436510e+05 3.436860e+05 3.437369e+05 3.437085e+05 3.436103e+05 3.431174e+05 3.421663e+05 3.408533e+05 3.394077e+05 3.380223e+05 3.367400e+05 3.354545e+05 3.229175e+05 2.969699e+05 2.666609e+05 2.389982e+05 2.159839e+05 1.976926e+05 1.733267e+05 1.611299e+05 1.575092e+05 1.605698e+05 1.695767e+05 1.845076e+05 7.402000e+05 1.573436e+06 1.856378e+06 1.799694e+06
3.101748e+05 3.101748e+05 3.101748e+05 3.101748e+05 3.101747e+05 3.101678e+05 3.101357e+05 3.099581e+05 3.098101e+05 3.096221e+05 3.091177e+05 3.084261e+05 3.075323e+05 3.064330e+05 3.051423e+05 3.036885e+05 3.021012e+05 2.920008e+05 2.753379e+05 2.524325e+05 2.287255e+05 2.081521e+05 1.918716e+05 1.708223e+05 1.607860e+05 1.586161e+05 1.627896e+05 1.727836e+05 1.886969e+05 7.577519e+05 1.592973e+06 1.867425e+06 1.804182e+06
2.751836e+05 2.751836e+05 2.751836e+05 2.751836e+05 2.751837e+05 2.751871e+05 2.751956e+05 2.752187e+05 2.752295e+05 2.752377e+05 2.752397e+05 2.752118e+05 2.751379e+05 2.749945e+05 2.747487e+05 2.743611e+05 2.737920e+05 2.673868e+05 2.549321e+05 2.382038e+05 2.200463e+05 2.031118e+05 1.889183e+05 1.698416e+05 1.612758e+05 1.604152e+05 1.657018e+05 1.767341e+05 1.937078e+05 7.770248e+05 1.613633e+06 1.878829e+06 1.808712e+06
2.571878e+05 2.571878e+05 2.571878e+05 2.571879e+05 2.571880e+05 2.571922e+05 2.572039e+05 2.572468e+05 2.572770e+05 2.573122e+05 2.573939e+05 2.574828e+05 2.575681e+05 2.576334e+05 2.576522e+05 2.575872e+05 2.573928e+05 2.530751e+05 2.423847e+05 2.279976e+05 2.130208e+05 1.992276e+05 1.874564e+05 1.710001e+05 1.634346e+05 1.632974e+05 1.695159e+05 1.815684e+05 1.996532e+05 7.981206e+05 1.635435e+06 1.890580e+06 1.813276e+06
2.498485e+05 2.498485e+05 2.498485e+05 2.498486e+05 2.498487e+05 2.498514e+05 2.498591e+05 2.498860e+05 2.499038e+05 2.499238e+05 2.499701e+05 2.500239e+05 2.500825e+05 2.501366e+05 2.501662e+05 2.501395e+05 2.500152e+05 2.464762e+05 2.366998e+05 2.231254e+05 2.093019e+05 1.971099e+05 1.870756e+05 1.733445e+05 1.672253e+05 1.678276e+05 1.746088e+05 1.875073e+05 2.066941e+05 8.211415e+05 1.658397e+06 1.902667e+06 1.817863e+06
2.471505e+05 2.471505e+05 2.471505e+05 2.471506e+05 2.471507e+05 2.471538e+05 2.471629e+05 2.471970e+05 2.472217e+05 2.472515e+05 2.473254e+05 2.474154e+05 2.475154e+05 2.476134e+05 2.476891e+05 2.477115e+05 2.476421e+05 2.445430e+05 2.353873e+05 2.223004e+05 2.089042e+05 1.973320e+05 1.881851e+05 1.765268e+05 1.720631e+05 1.737514e+05 1.813230e+05 1.949391e+05 2.150812e+05 8.461928e+05 1.682529e+06 1.915077e+06 1.822463e+06
2.486294e+05 2.486294e+05 2.486294e+05 2.486293e+05 2.486293e+05 2.486290e+05 2.486274e+05 2.486212e+05 2.486180e+05 2.486159e+05 2.486175e+05 2.486287e+05 2.486489e+05 2.486707e+05 2.486774e+05 2.486415e+05 2.485270e+05 2.454671e+05 2.367396e+05 2.241329e+05 2.110742e+05 1.997928e+05 1.910446e+05 1.806621e+05 1.777134e+05 1.807243e+05 1.893955e+05 2.040301e+05 2.252125e+05 8.733851e+05 1.707840e+06 1.927793e+06 1.827064e+06
2.502461e+05 2.502461e+05 2.502461e+05 2.502461e+05 2.502461e+05 2.502480e+05 2.502531e+05 2.502723e+05 2.502868e+05 2.503053e+05 2.503543e+05 2.504190e+05 2.504957e+05 2.505757e+05 2.506416e+05 2.506665e+05 2.506156e+05 2.479607e+05 2.398131e+05 2.277994e+05 2.151686e+05 2.041536e+05 1.956307e+05 1.859739e+05 1.842145e+05 1.885993e+05 1.986244e+05 2.145844e+05 2.371299e+05 9.028388e+05 1.734335e+06 1.940799e+06 1.831653e+06
2.540360e+05 2.540360e+05 2.540360e+05 2.540360e+05 2.540361e+05 2.540385e+05 2.540459e+05 2.540739e+05 2.540942e+05 2.541188e+05 2.541809e+05 2.542603e+05 2.543545e+05 2.544560e+05 2.545482e+05 2.546051e+05 2.545925e+05 2.522406e+05 2.445668e+05 2.330784e+05 2.208775e+05 2.101462e+05 2.018140e+05 1.926112e+05 1.917320e+05 1.974028e+05 2.089300e+05 2.264922e+05 2.507189e+05 9.346890e+05 1.762012e+06 1.954074e+06 1.836218e+06
2.602679e+05 2.602679e+05 2.602679e+05 2.602680e+05 2.602680e+05 2.602703e+05 2.602771e+05 2.603035e+05 2.603227e+05 2.603461e+05 2.604052e+05 2.604809e+05 2.605710e+05 2.606684e+05 2.607572e+05 2.608122e+05 2.608002e+05 2.585204e+05 2.510711e+05 2.399167e+05 2.280558e+05 2.175958e+05 2.094615e+05 2.006330e+05 2.004421e+05 2.072731e+05 2.203544e+05 2.397301e+05 2.659378e+05 9.690915e+05 1.790871e+06 1.967598e+06 1.840746e+06
2.683720e+05 2.683720e+05 2.683720e+05 2.683720e+05 2.683721e+05 2.683731e+05 2.683761e+05 2.683897e+05 2.684016e+05 2.684174e+05 2.684613e+05 2.685211e+05 2.685942e+05 2.686737e+05 2.687444e+05 2.687819e+05 2.687540e+05 2.664479e+05 2.590980e+05 2.481591e+05 2.365702e+05 2.263745e+05 2.184670e+05 2.100519e+05 2.104883e+05 2.183939e+05 2.330352e+05 2.543681e+05 2.828123e+05 1.006230e+06 1.820907e+06 1.981346e+06 1.845223e+06
2.773455e+05 2.773455e+05 2.773455e+05 2.773455e+05 2.773455e+05 2.773473e+05 2.773525e+05 2.773732e+05 2.773889e+05 2.774086e+05 2.774608e+05 2.775299e+05 2.776138e+05 2.777051e+05 2.777884e+05 2.778390e+05 2.778247e+05 2.755985e+05 2.683794e+05 2.576450e+05 2.463187e+05 2.364058e+05 2.287712e+05 2.208783e+05 2.219871e+05 2.309559e+05 2.471683e+05 2.705588e+05 3.014436e+05 1.046329e+06 1.852114e+06 1.995295e+06 1.849634e+06
2.877243e+05 2.877243e+05 2.877243e+05 2.877243e+05 2.877243e+05 2.877257e+05 2.877301e+05 2.877478e+05 2.877618e+05 2.877796e+05 2.878278e+05 2.878925e+05 2.879716e+05 2.880579e+05 2.881363e+05 2.881827e+05 2.881652e+05 2.859608e+05 2.788558e+05 2.683301e+05 2.572826e+05 2.476862e+05 2.403791e+05 2.331505e+05 2.350496e+05 2.451472e+05 2.629798e+05 2.885169e+05 3.220059e+05 1.089673e+06 1.884487e+06 2.009418e+06 1.853966e+06
2.991904e+05 2.991904e+05 2.991904e+05 2.991905e+05 2.991905e+05 2.991919e+05 2.991963e+05 2.992136e+05 2.992264e+05 2.992423e+05 2.992839e+05 2.993397e+05 2.994091e+05 2.994867e+05 2.995584e+05 2.996010e+05 2.995834e+05 2.974439e+05 2.905146e+05 2.802506e+05 2.695239e+05 2.602874e+05 2.533638e+05 2.469513e+05 2.498027e+05 2.611583e+05 2.807110e+05 3.084985e+05 3.447340e+05 1.136671e+06 1.918021e+06 2.023690e+06 1.858202e+06
3.113555e+05 3.113555e+05 3.113555e+05 3.113555e+05 3.113556e+05 3.113577e+05 3.113648e+05 3.113957e+05 3.114197e+05 3.114492e+05 3.115242e+05 3.116189e+05 3.117302e+05 3.118508e+05 3.119660e+05 3.120521e+05 3.120782e+05 3.101720e+05 3.035185e+05 2.935726e+05 2.832025e+05 2.743603e+05 2.678666e+05 2.624144e+05 2.664021e+05 2.791931e+05 3.006163e+05 3.307875e+05 3.699093e+05 1.187526e+06 1.952715e+06 2.038082e+06 1.862329e+06
3.257873e+05 3.257873e+05 3.257873e+05 3.257873e+05 3.257873e+05 3.257895e+05 3.257962e+05 3.258227e+05 3.258426e+05 3.258669e+05 3.259296e+05 3.260118e+05 3.261126e+05 3.262264e+05 3.263393e+05 3.264284e+05 3.264630e+05 3.246768e+05 3.182453e+05 3.085887e+05 2.985628e+05 2.901213e+05 2.840864e+05 2.797224e+05 2.850402e+05 2.994779e+05 3.229661e+05 3.556889e+05 3.978470e+05 1.242149e+06 1.988569e+06 2.052567e+06 1.866332e+06
3.420006e+05 3.420006e+05 3.420007e+05 3.420007e+05 3.420008e+05 3.420034e+05 3.420122e+05 3.420489e+05 3.420766e+05 3.421106e+05 3.421964e+05 3.423048e+05 3.424330e+05 3.425741e+05 3.427139e+05 3.428293e+05 3.428900e+05 3.412446e+05 3.349952e+05 3.255788e+05 3.158639e+05 3.078146e+05 3.022577e+05 2.991005e+05 3.059485e+05 3.222684e+05 3.480515e+05 3.835270e+05 4.288884e+05 1.300492e+06 2.025591e+06 2.067117e+06 1.870195e+06
3.608579e+05 3.608579e+05 3.608579e+05 3.608579e+05 3.608580e+05 3.608603e+05 3.608677e+05 3.608984e+05 3.609219e+05 3.609508e+05 3.610251e+05 3.611216e+05 3.612393e+05 3.613725e+05 3.615079e+05 3.616228e+05 3.616869e+05 3.601096e+05 3.539945e+05 3.447785e+05 3.353505e+05 3.276922e+05 3.226374e+05 3.208115e+05 3.293982e+05 3.478544e+05 3.761898e+05 4.146468e+05 4.633954e+05 1.362505e+06 2.063796e+06 2.081707e+06 1.873905e+06
3.817794e+05 3.817794e+05 3.817794e+05 3.817795e+05 3.817796e+05 3.817834e+05 3.817954e+05 3.818428e+05 3.818775e+05 3.819190e+05 3.820215e+05 3.821482e+05 3.822964e+05 3.824596e+05 3.826238e+05 3.827661e+05 3.828565e+05 3.814038e+05 3.754279e+05 3.664062e+05 3.572677e+05 3.500197e+05 3.455069e+05 3.451560e+05 3.557021e+05 3.765631e+05 4.077279e+05 4.494158e+05 5.017491e+05 1.428129e+06 2.103215e+06 2.096309e+06 1.877448e+06
4.057839e+05 4.057839e+05 4.057839e+05 4.057839e+05 4.057840e+05 4.057868e+05 4.057956e+05 4.058301e+05 4.058557e+05 4.058868e+05 4.059663e+05 4.060699e+05 4.061975e+05 4.063444e+05 4.064976e+05 4.066346e+05 4.067252e+05 4.053425e+05 3.995126e+05 3.907086e+05 3.818915e+05 3.750977e+05 3.711853e+05 3.724769e+05 3.852161e+05 4.087616e+05 4.430454e+05 4.882259e+05 5.443482e+05 1.497294e+06 2.143899e+06 2.110899e+06 1.880809e+06
4.319480e+05 4.319480e+05 4.319480e+05 4.319481e+05 4.319482e+05 4.319527e+05 4.319666e+05 4.320215e+05 4.320619e+05 4.321106e+05 4.322322e+05 4.323843e+05 4.325638e+05 4.327635e+05 4.329692e+05 4.331575e+05 4.332980e+05 4.321449e+05 4.265390e+05 4.180057e+05 4.095623e+05 4.032828e+05 4.000431e+05 4.031644e+05 4.183417e+05 4.448581e+05 4.825557e+05 5.314937e+05 5.916078e+05 1.569921e+06 2.185963e+06 2.125455e+06 1.883976e+06
4.622192e+05 4.622192e+05 4.622192e+05 4.622192e+05 4.622193e+05 4.622224e+05 4.622320e+05 4.622708e+05 4.623002e+05 4.623365e+05 4.624305e+05 4.625542e+05 4.627077e+05 4.628861e+05 4.630766e+05 4.632569e+05 4.633966e+05 4.623368e+05 4.569389e+05 4.487089e+05 4.406924e+05 4.349947e+05 4.325077e+05 4.376590e+05 4.555265e+05 4.853018e+05 5.267058e+05 5.796604e+05 6.439577e+05 1.645919e+06 2.229454e+06 2.139956e+06 1.886938e+06
4.953448e+05 4.953448e+05 4.953448e+05 4.953448e+05 4.953450e+05 4.953500e+05 4.953656e+05 4.954277e+05 4.954738e+05 4.955297e+05 4.956699e+05 4.958462e+05 4.960558e+05 4.962919e+05 4.965406e+05 4.967792e+05 4.969773e+05 4.962132e+05 4.911308e+05 4.832769e+05 4.757546e+05 4.707120e+05 4.690622e+05 4.764503e+05 4.972625e+05 5.305816e+05 5.759749e+05 6.331894e+05 7.018395e+05 1.725191e+06 2.274128e+06 2.154384e+06 1.889682e+06
5.333353e+05 5.333353e+05 5.333353e+05 5.333354e+05 5.333355e+05 5.333404e+05 5.333552e+05 5.334141e+05 5.334580e+05 5.335116e+05 5.336477e+05 5.338225e+05 5.340349e+05 5.342793e+05 5.345426e+05 5.348021e+05 5.350274e+05 5.344802e+05 5.297115e+05 5.222667e+05 5.152909e+05 5.109712e+05 5.102413e+05 5.200736e+05 5.440839e+05 5.812227e+05 6.308709e+05 6.925627e+05 7.657027e+05 1.807627e+06 2.319772e+06 2.168727e+06 1.892200e+06
5.760805e+05 5.760805e+05 5.760805e+05 5.760806e+05 5.760808e+05 5.760863e+05 5.761037e+05 5.761727e+05 5.762241e+05 5.762866e+05 5.764441e+05 5.766439e+05 5.768841e+05 5.771585e+05 5.774539e+05 5.777480e+05 5.780106e+05 5.777023e+05 5.732660e+05 5.662634e+05 5.598825e+05 5.563503e+05 5.566213e+05 5.691047e+05 5.965620e+05 6.377829e+05 6.919257e+05 7.582761e+05 8.359980e+05 1.893104e+06 2.366178e+06 2.182975e+06 1.894481e+06
6.243825e+05 6.243825e+05 6.243825e+05 6.243826e+05 6.243827e+05 6.243878e+05 6.244036e+05 6.244668e+05 6.245145e+05 6.245734e+05 6.247258e+05 6.249257e+05 6.251729e+05 6.254623e+05 6.257810e+05 6.261065e+05 6.264086e+05 6.263957e+05 6.223638e+05 6.158635e+05 6.101350e+05 6.074575e+05 6.088119e+05 6.241544e+05 6.553016e+05 7.008468e+05 7.596892e+05 8.308315e+05 9.131709e+05 1.981482e+06 2.413143e+06 2.197127e+06 1.896520e+06
6.784170e+05 6.784170e+05 6.784170e+05 6.784170e+05 6.784173e+05 6.784244e+05 6.784465e+05 6.785340e+05 6.785989e+05 6.786778e+05 6.788768e+05 6.791296e+05 6.794339e+05 6.797834e+05 6.801647e+05 6.805555e+05 6.809256e+05 6.812935e+05 6.777021e+05 6.717317e+05 6.666963e+05 6.649348e+05 6.674545e+05 6.858655e+05 7.209359e+05 7.710204e+05 8.347217e+05 9.107291e+05 9.976515e+05 2.072599e+06 2.460454e+06 2.211194e+06 1.898310e+06
7.400278e+05 7.400278e+05 7.400278e+05 7.400279e+05 7.400281e+05 7.400348e+05 7.400563e+05 7.401423e+05 7.402068e+05 7.402857e+05 7.404863e+05 7.407440e+05 7.410574e+05 7.414210e+05 7.418220e+05 7.422383e+05 7.426399e+05 7.432481e+05 7.400159e+05 7.345501e+05 7.302306e+05 7.294451e+05 7.332161e+05 7.549089e+05 7.941216e+05 8.489230e+05 9.175843e+05 9.984559e+05 1.089844e+06 2.166268e+06 2.507898e+06 2.225208e+06 1.899848e+06
8.091519e+05 8.091519e+05 8.091519e+05 8.091520e+05 8.091522e+05 8.091593e+05 8.091816e+05 8.092709e+05 8.093381e+05 8.094204e+05 8.096301e+05 8.098997e+05 8.102277e+05 8.106084e+05 8.110293e+05 8.114688e+05 8.118972e+05 8.127117e+05 8.098317e+05 8.049058e+05 8.013708e+05 8.016526e+05 8.067807e+05 8.319798e+05 8.755316e+05 9.351774e+05 1.008827e+06 1.094473e+06 1.190113e+06 2.262269e+06 2.555257e+06 2.239214e+06 1.901130e+06
8.859520e+05 8.859520e+05 8.859521e+05 8.859521e+05 8.859524e+05 8.859597e+05 8.859827e+05 8.860742e+05 8.861426e+05 8.862261e+05 8.864381e+05 8.867111e+05 8.870449e+05 8.874361e+05 8.878738e+05 8.883378e+05 8.888000e+05 8.899288e+05 8.875717e+05 8.833547e+05 8.807562e+05 8.822448e+05 8.888605e+05 9.177948e+05 9.658466e+05 1.030397e+06 1.108972e+06 1.199199e+06 1.298768e+06 2.360349e+06 2.602316e+06 2.253094e+06 1.902157e+06
9.701234e+05 9.701234e+05 9.701234e+05 9.701235e+05 9.701238e+05 9.701340e+05 9.701656e+05 9.702914e+05 9.703847e+05 9.704976e+05 9.707805e+05 9.711374e+05 9.715653e+05 9.720583e+05 9.726039e+05 9.731811e+05 9.737613e+05 9.755514e+05 9.739621e+05 9.706426e+05 9.691419e+05 9.719823e+05 9.802158e+05 1.013089e+06 1.065742e+06 1.135169e+06 1.218499e+06 1.312993e+06 1.416045e+06 2.460215e+06 2.648856e+06 2.266735e+06 1.902932e+06
1.065244e+06 1.065244e+06 1.065244e+06 1.065245e+06 1.065245e+06 1.065254e+06 1.065282e+06 1.065394e+06 1.065478e+06 1.065581e+06 1.065844e+06 1.066186e+06 1.066605e+06 1.067099e+06 1.067656e+06 1.068256e+06 1.068872e+06 1.071037e+06 1.070112e+06 1.067710e+06 1.067393e+06 1.071692e+06 1.081647e+06 1.118601e+06 1.175868e+06 1.250032e+06 1.337818e+06 1.436129e+06 1.542088e+06 2.561532e+06 2.694664e+06 2.280039e+06 1.903460e+06
1.170518e+06 1.170518e+06 1.170518e+06 1.170518e+06 1.170518e+06 1.170529e+06 1.170562e+06 1.170693e+06 1.170791e+06 1.170910e+06 1.171210e+06 1.171593e+06 1.172055e+06 1.172592e+06 1.173195e+06 1.173843e+06 1.174511e+06 1.177060e+06 1.176805e+06 1.175382e+06 1.176342e+06 1.182197e+06 1.193950e+06 1.235043e+06 1.296823e+06 1.375448e+06 1.467244e+06 1.568777e+06 1.676923e+06 2.663924e+06 2.739532e+06 2.292918e+06 1.903750e+06
1.286992e+06 1.286992e+06 1.286992e+06 1.286992e+06 1.286993e+06 1.287002e+06 1.287033e+06 1.287157e+06 1.287250e+06 1.287363e+06 1.287653e+06 1.288027e+06 1.288487e+06 1.289029e+06 1.289645e+06 1.290320e+06 1.291029e+06 1.294027e+06 1.294625e+06 1.294376e+06 1.296768e+06 1.304281e+06 1.317882e+06 1.363065e+06 1.429115e+06 1.511770e+06 1.606968e+06 1.710968e+06 1.820442e+06 2.766970e+06 2.783258e+06 2.305287e+06 1.903816e+06
1.413994e+06 1.413995e+06 1.413995e+06 1.413995e+06 1.413995e+06 1.414008e+06 1.414048e+06 1.414206e+06 1.414323e+06 1.414465e+06 1.414822e+06 1.415274e+06 1.415821e+06 1.416457e+06 1.417176e+06 1.417963e+06 1.418793e+06 1.422608e+06 1.424368e+06 1.425519e+06 1.429480e+06 1.438704e+06 1.454140e+06 1.503213e+06 1.573124e+06 1.659202e+06 1.757022e+06 1.862573e+06 1.972370e+06 2.870208e+06 2.825648e+06 2.317068e+06 1.903683e+06
1.554618e+06 1.554618e+06 1.554618e+06 1.554618e+06 1.554619e+06 1.554631e+06 1.554671e+06 1.554828e+06 1.554946e+06 1.555090e+06 1.555458e+06 1.555930e+06 1.556507e+06 1.557186e+06 1.557961e+06 1.558819e+06 1.559739e+06 1.564300e+06 1.567233e+06 1.569794e+06 1.575297e+06 1.586162e+06 1.603313e+06 1.655883e+06 1.729055e+06 1.817759e+06 1.917241e+06 2.023266e+06 2.132250e+06 2.973139e+06 2.866519e+06 2.328186e+06 1.903389e+06
1.709577e+06 1.709577e+06 1.709577e+06 1.709577e+06 1.709577e+06 1.709592e+06 1.709635e+06 1.709808e+06 1.709937e+06 1.710094e+06 1.710494e+06 1.711007e+06 1.711633e+06 1.712370e+06 1.713210e+06 1.714144e+06 1.715150e+06 1.720355e+06 1.724269e+06 1.728034e+06 1.734877e+06 1.747171e+06 1.765798e+06 1.821257e+06 1.896884e+06 1.987225e+06 2.087230e+06 2.192501e+06 2.299412e+06 3.075225e+06 2.905697e+06 2.338571e+06 1.902905e+06
1.880298e+06 1.880298e+06 1.880298e+06 1.880299e+06 1.880299e+06 1.880314e+06 1.880360e+06 1.880543e+06 1.880678e+06 1.880842e+06 1.881255e+06 1.881782e+06 1.882421e+06 1.883170e+06 1.884026e+06 1.884977e+06 1.886007e+06 1.891491e+06 1.896013e+06 1.900650e+06 1.908530e+06 1.921946e+06 1.941708e+06 1.999241e+06 2.076312e+06 2.167104e+06 2.266327e+06 2.369479e+06 2.472963e+06 3.175904e+06 2.943022e+06 2.348158e+06 1.902185e+06
2.066400e+06 2.066400e+06 2.066400e+06 2.066400e+06 2.066400e+06 2.066413e+06 2.066452e+06 2.066609e+06 2.066727e+06 2.066872e+06 2.067240e+06 2.067716e+06 2.068301e+06 2.068995e+06 2.069798e+06 2.070701e+06 2.071694e+06 2.077207e+06 2.082149e+06 2.087459e+06 2.096116e+06 2.110318e+06 2.130806e+06 2.189400e+06 2.266699e+06 2.356576e+06 2.453561e+06 2.553125e+06 2.651760e+06 3.274587e+06 2.978347e+06 2.356887e+06 1.901192e+06
2.264705e+06 2.264705e+06 2.264705e+06 2.264705e+06 2.264706e+06 2.264720e+06 2.264762e+06 2.264932e+06 2.265060e+06 2.265215e+06 2.265611e+06 2.266121e+06 2.266745e+06 2.267483e+06 2.268334e+06 2.269293e+06 2.270349e+06 2.276332e+06 2.281939e+06 2.287924e+06 2.297144e+06 2.311750e+06 2.332466e+06 2.390900e+06 2.467014e+06 2.554450e+06 2.647630e+06 2.742067e+06 2.834409e+06 3.370676e+06 3.011539e+06 2.364706e+06 1.899899e+06
2.476419e+06 2.476419e+06 2.476419e+06 2.476419e+06 2.476420e+06 2.476435e+06 2.476481e+06 2.476669e+06 2.476809e+06 2.476980e+06 2.477413e+06 2.477968e+06 2.478642e+06 2.479435e+06 2.480346e+06 2.481370e+06 2.482498e+06 2.488964e+06 2.495143e+06 2.501541e+06 2.510890e+06 2.525333e+06 2.545620e+06 2.602423e+06 2.675764e+06 2.759118e+06 2.846861e+06 2.934621e+06 3.019257e+06 3.463569e+06 3.042479e+06 2.371568e+06 1.898282e+06
2.703095e+06 2.703095e+06 2.703095e+06 2.703096e+06 2.703096e+06 2.703109e+06 2.703150e+06 2.703316e+06 2.703441e+06 2.703595e+06 2.703989e+06 2.704499e+06 2.705124e+06 2.705867e+06 2.706729e+06 2.707708e+06 2.708795e+06 2.715171e+06 2.721298e+06 2.727407e+06 2.736111e+06 2.749571e+06 2.768586e+06 2.822055e+06 2.890921e+06 2.968508e+06 3.049198e+06 3.128788e+06 3.204401e+06 3.552668e+06 3.071064e+06 2.377432e+06 1.896318e+06
2.941998e+06 2.941998e+06 2.941998e+06 2.941998e+06 2.941999e+06 2.942012e+06 2.942053e+06 2.942215e+06 2.942336e+06 2.942484e+06 2.942858e+06 2.943337e+06 2.943922e+06 2.944615e+06 2.945418e+06 2.946330e+06 2.947345e+06 2.953247e+06 2.958611e+06 2.963513e+06 2.970566e+06 2.982036e+06 2.998810e+06 3.047144e+06 3.109847e+06 3.180059e+06 3.252192e+06 3.322268e+06 3.387711e+06 3.637401e+06 3.097206e+06 2.382265e+06 1.893987e+06
3.190692e+06 3.190692e+06 3.190692e+06 3.190693e+06 3.190693e+06 3.190705e+06 3.190744e+06 3.190898e+06 3.191014e+06 3.191154e+06 3.191505e+06 3.191946e+06 3.192472e+06 3.193083e+06 3.193778e+06 3.194559e+06 3.195417e+06 3.200204e+06 3.203848e+06 3.206396e+06 3.210623e+06 3.219015e+06 3.232586e+06 3.274149e+06 3.329241e+06 3.390712e+06 3.453030e+06 3.512494e+06 3.566868e+06 3.717221e+06 3.120836e+06 2.386041e+06 1.891274e+06
3.445762e+06 3.445762e+06 3.445762e+06 3.445762e+06 3.445763e+06 3.445767e+06 3.445782e+06 3.445840e+06 3.445884e+06 3.445937e+06 3.446077e+06 3.446265e+06 3.446507e+06 3.446810e+06 3.447180e+06 3.447619e+06 3.448123e+06 3.450828e+06 3.451573e+06 3.450434e+06 3.450638e+06 3.455029e+06 3.464721e+06 3.498539e+06 3.545140e+06 3.596960e+06 3.648590e+06 3.696694e+06 3.739429e+06 3.791631e+06 3.141900e+06 2.388741e+06 1.888164e+06
3.695144e+06 3.695144e+06 3.695144e+06 3.695144e+06 3.695144e+06 3.695149e+06 3.695164e+06 3.695224e+06 3.695268e+06 3.695322e+06 3.695459e+06 3.695631e+06 3.695835e+06 3.696064e+06 3.696308e+06 3.696555e+06 3.696788e+06 3.696758e+06 3.692886e+06 3.686560e+06 3.681994e+06 3.682265e+06 3.688279e+06 3.714838e+06 3.753043e+06 3.794967e+06 3.835551e+06 3.871987e+06 3.902905e+06 3.860186e+06 3.160360e+06 2.390352e+06 1.884644e+06
3.937841e+06 3.937841e+06 3.937841e+06 3.937842e+06 3.937842e+06 3.937846e+06 3.937861e+06 3.937908e+06 3.937922e+06 3.937915e+06 3.937800e+06 3.937510e+06 3.937017e+06 3.936311e+06 3.935397e+06 3.934285e+06 3.932988e+06 3.924054e+06 3.912006e+06 3.900073e+06 3.892218e+06 3.890494e+06 3.894864e+06 3.917023e+06 3.948204e+06 3.980779e+06 4.010550e+06 4.035510e+06 4.054868e+06 3.922510e+06 3.176197e+06 2.390868e+06 1.880704e+06
4.137559e+06 4.137559e+06 4.137559e+06 4.137558e+06 4.137556e+06 4.137493e+06 4.137294e+06 4.136500e+06 4.135905e+06 4.135179e+06 4.133345e+06 4.131039e+06 4.128319e+06 4.125254e+06 4.121919e+06 4.118390e+06 4.114738e+06 4.096498e+06 4.081072e+06 4.070736e+06 4.066760e+06 4.068995e+06 4.076212e+06 4.099393e+06 4.126102e+06 4.150608e+06 4.170381e+06 4.184561e+06 4.193063e+06 3.978304e+06 3.189407e+06 2.390291e+06 1.876338e+06
4.200943e+06 4.200943e+06 4.200943e+06 4.200943e+06 4.200942e+06 4.200924e+06 4.200865e+06 4.200618e+06 4.200414e+06 4.200145e+06 4.199392e+06 4.198333e+06 4.196962e+06 4.195299e+06 4.193393e+06 4.191323e+06 4.189181e+06 4.180443e+06 4.179080e+06 4.185230e+06 4.196673e+06 4.211182e+06 4.226972e+06 4.257639e+06 4.282936e+06 4.301120e+06 4.312195e+06 4.316762e+06 4.315535e+06 4.027352e+06 3.200005e+06 2.388628e+06 1.871540e+06
4.194203e+06 4.194203e+06 4.194203e+06 4.194203e+06 4.194202e+06 4.194183e+06 4.194124e+06 4.193894e+06 4.193728e+06 4.193533e+06 4.193062e+06 4.192493e+06 4.191836e+06 4.191122e+06 4.190417e+06 4.189822e+06 4.189466e+06 4.195294e+06 4.217188e+06 4.249700e+06 4.284859e+06 4.317759e+06 4.346357e+06 4.389397e+06 4.415918e+06 4.429659e+06 4.433684e+06 4.430200e+06 4.420740e+06 4.069530e+06 3.208020e+06 2.385893e+06 1.866306e+06
4.158293e+06 4.158293e+06 4.158293e+06 4.158293e+06 4.158293e+06 4.158291e+06 4.158287e+06 4.158267e+06 4.158252e+06 4.158233e+06 4.158183e+06 4.158114e+06 4.158033e+06 4.157980e+06 4.158057e+06 4.158420e+06 4.159267e+06 4.176952e+06 4.221359e+06 4.281206e+06 4.341581e+06 4.394224e+06 4.436710e+06 4.493846e+06 4.523260e+06 4.534365e+06 4.533227e+06 4.523561e+06 4.507651e+06 4.104802e+06 3.213496e+06 2.382104e+06 1.860637e+06
4.119243e+06 4.119243e+06 4.119243e+06 4.119243e+06 4.119243e+06 4.119243e+06 4.119245e+06 4.119248e+06 4.119250e+06 4.119251e+06 4.119250e+06 4.119246e+06 4.119256e+06 4.119345e+06 4.119649e+06 4.120384e+06 4.121815e+06 4.147777e+06 4.210600e+06 4.293767e+06 4.375954e+06 4.445831e+06 4.500612e+06 4.570865e+06 4.604046e+06 4.614258e+06 4.610005e+06 4.596228e+06 4.575832e+06 4.133226e+06 3.216493e+06 2.377285e+06 1.854532e+06
4.080945e+06 4.080945e+06 4.080945e+06 4.080945e+06 4.080945e+06 4.080945e+06 4.080947e+06 4.080951e+06 4.080955e+06 4.080959e+06 4.080970e+06 4.080987e+06 4.081032e+06 4.081182e+06 4.081604e+06 4.082561e+06 4.084376e+06 4.116441e+06 4.193111e+06 4.293676e+06 4.392117e+06 4.474995e+06 4.539327e+06 4.620663e+06 4.658248e+06 4.669331e+06 4.664091e+06 4.648345e+06 4.625474e+06 4.154947e+06 3.217083e+06 2.371464e+06 1.847995e+06
4.044863e+06 4.044863e+06 4.044863e+06 4.044863e+06 4.044863e+06 4.044864e+06 4.044867e+06 4.044879e+06 4.044888e+06 4.044898e+06 4.044925e+06 4.044961e+06 4.045031e+06 4.045221e+06 4.045721e+06 4.046825e+06 4.048893e+06 4.084904e+06 4.170259e+06 4.281718e+06 4.390617e+06 4.482299e+06 4.553584e+06 4.644244e+06 4.686975e+06 4.700678e+06 4.696500e+06 4.680828e+06 4.657393e+06 4.170190e+06 3.215350e+06 2.364674e+06 1.841033e+06
4.011756e+06 4.011756e+06 4.011756e+06 4.011756e+06 4.011756e+06 4.011757e+06 4.011760e+06 4.011772e+06 4.011781e+06 4.011793e+06 4.011821e+06 4.011860e+06 4.011935e+06 4.012135e+06 4.012656e+06 4.013800e+06 4.015940e+06 4.053207e+06 4.141821e+06 4.258102e+06 4.372430e+06 4.469435e+06 4.545579e+06 4.644199e+06 4.692730e+06 4.710528e+06 4.709151e+06 4.695307e+06 4.672968e+06 4.179250e+06 3.211389e+06 2.356950e+06 1.833650e+06
3.981684e+06 3.981684e+06 3.981684e+06 3.981684e+06 3.981684e+06 3.981685e+06 3.981689e+06 3.981702e+06 3.981712e+06 3.981724e+06 3.981755e+06 3.981797e+06 3.981875e+06 3.982076e+06 3.982588e+06 3.983707e+06 3.985799e+06 4.022353e+06 4.110019e+06 4.226231e+06 4.341777e+06 4.441036e+06 4.520045e+06 4.624933e+06 4.679322e+06 4.702078e+06 4.704698e+06 4.693978e+06 4.674019e+06 4.182485e+06 3.205304e+06 2.348332e+06 1.825858e+06
3.954667e+06 3.954667e+06 3.954667e+06 3.954667e+06 3.954667e+06 3.954669e+06 3.954672e+06 3.954688e+06 3.954699e+06 3.954712e+06 3.954747e+06 3.954793e+06 3.954874e+06 3.955073e+06 3.955572e+06 3.956652e+06 3.958663e+06 3.993755e+06 4.078266e+06 4.191187e+06 4.304655e+06 4.403384e+06 4.483155e+06 4.591888e+06 4.651316e+06 4.679093e+06 4.686235e+06 4.679390e+06 4.662656e+06 4.180297e+06 3.197206e+06 2.338861e+06 1.817665e+06
3.930747e+06 3.930747e+06 3.930747e+06 3.930747e+06 3.930747e+06 3.930748e+06 3.930752e+06 3.930767e+06 3.930779e+06 3.930792e+06 3.930826e+06 3.930872e+06 3.930950e+06 3.931140e+06 3.931614e+06 3.932642e+06 3.934555e+06 3.967942e+06 4.048462e+06 4.156478e+06 4.265785e+06 4.361853e+06 4.440488e+06 4.550304e+06 4.613256e+06 4.645404e+06 4.656959e+06 4.654205e+06 4.641098e+06 4.173125e+06 3.187210e+06 2.328579e+06 1.809084e+06
3.909677e+06 3.909677e+06 3.909677e+06 3.909677e+06 3.909677e+06 3.909678e+06 3.909679e+06 3.909686e+06 3.909690e+06 3.909696e+06 3.909711e+06 3.909733e+06 3.909785e+06 3.909941e+06 3.910366e+06 3.911316e+06 3.913109e+06 3.944695e+06 4.021008e+06 4.123534e+06 4.227662e+06 4.319775e+06 4.395897e+06 4.504331e+06 4.569040e+06 4.604466e+06 4.619855e+06 4.620970e+06 4.611510e+06 4.161425e+06 3.175439e+06 2.317531e+06 1.800129e+06
3.890223e+06 3.890223e+06 3.890223e+06 3.890223e+06 3.890223e+06 3.890223e+06 3.890225e+06 3.890231e+06 3.890236e+06 3.890241e+06 3.890256e+06 3.890277e+06 3.890326e+06 3.890473e+06 3.890876e+06 3.891777e+06 3.893477e+06 3.923410e+06 3.995642e+06 4.092634e+06 4.191249e+06 4.278785e+06 4.351574e+06 4.456802e+06 4.521638e+06 4.559107e+06 4.577488e+06 4.581958e+06 4.575878e+06 4.145664e+06 3.162014e+06 2.305763e+06 1.790813e+06
3.872225e+06 3.872225e+06 3.872225e+06 3.872225e+06 3.872225e+06 3.872226e+06 3.872228e+06 3.872238e+06 3.872245e+06 3.872254e+06 3.872276e+06 3.872306e+06 3.872364e+06 3.872515e+06 3.872910e+06 3.873776e+06 3.875400e+06 3.903794e+06 3.972102e+06 4.063687e+06 4.156777e+06 4.239525e+06 4.308581e+06 4.409437e+06 4.473105e+06 4.511462e+06 4.531921e+06 4.539078e+06 4.535927e+06 4.126302e+06 3.147059e+06 2.293321e+06 1.781151e+06
3.856052e+06 3.856052e+06 3.856052e+06 3.856052e+06 3.856052e+06 3.856053e+06 3.856056e+06 3.856065e+06 3.856071e+06 3.856078e+06 3.856093e+06 3.856113e+06 3.856155e+06 3.856283e+06 3.856639e+06 3.857441e+06 3.858958e+06 3.885717e+06 3.950152e+06 4.036474e+06 4.124164e+06 4.202137e+06 4.267330e+06 4.363175e+06 4.424755e+06 4.463038e+06 4.484710e+06 4.493849e+06 4.493087e+06 4.103786e+06 3.130699e+06 2.280250e+06 1.771161e+06
3.840912e+06 3.840912e+06 3.840912e+06 3.840912e+06 3.840912e+06 3.840912e+06 3.840911e+06 3.840907e+06 3.840903e+06 3.840899e+06 3.840889e+06 3.840879e+06 3.840885e+06 3.840971e+06 3.841271e+06 3.841993e+06 3.843393e+06 3.868551e+06 3.929302e+06 4.010631e+06 4.093170e+06 4.166530e+06 4.227901e+06 4.318469e+06 4.377363e+06 4.414830e+06 4.436973e+06 4.447424e+06 4.448492e+06 4.078542e+06 3.113053e+06 2.266597e+06 1.760859e+06
3.825240e+06 3.825240e+06 3.825240e+06 3.825240e+06 3.825240e+06 3.825240e+06 3.825239e+06 3.825236e+06 3.825235e+06 3.825234e+06 3.825233e+06 3.825235e+06 3.825256e+06 3.825356e+06 3.825661e+06 3.826367e+06 3.827717e+06 3.851646e+06 3.909123e+06 3.985853e+06 4.063569e+06 4.132552e+06 4.190232e+06 4.275486e+06 4.331342e+06 4.367459e+06 4.389469e+06 4.400642e+06 4.403010e+06 4.050967e+06 3.094241e+06 2.252407e+06 1.750262e+06
3.809868e+06 3.809868e+06 3.809868e+06 3.809868e+06 3.809868e+06 3.809869e+06 3.809871e+06 3.809880e+06 3.809886e+06 3.809894e+06 3.809915e+06 3.809942e+06 3.809992e+06 3.810118e+06 3.810442e+06 3.811147e+06 3.812464e+06 3.835292e+06 3.889711e+06 3.962109e+06 4.035263e+06 4.100083e+06 4.154222e+06 4.234241e+06 4.286874e+06 4.321270e+06 4.342680e+06 4.354083e+06 4.357277e+06 4.021426e+06 3.074376e+06 2.237725e+06 1.739388e+06
3.796117e+06 3.796117e+06 3.796117e+06 3.796117e+06 3.796117e+06 3.796118e+06 3.796120e+06 3.796127e+06 3.796132e+06 3.796136e+06 3.796146e+06 3.796159e+06 3.796189e+06 3.796289e+06 3.796574e+06 3.797220e+06 3.798445e+06 3.819939e+06 3.871246e+06 3.939411e+06 4.008174e+06 4.069005e+06 4.119744e+06 4.194657e+06 4.243990e+06 4.276425e+06 4.296889e+06 4.308123e+06 4.311739e+06 3.990250e+06 3.053569e+06 2.222593e+06 1.728256e+06
3.782993e+06 3.782993e+06 3.782993e+06 3.782993e+06 3.782993e+06 3.782993e+06 3.782991e+06 3.782986e+06 3.782982e+06 3.782976e+06 3.782963e+06 3.782948e+06 3.782945e+06 3.783005e+06 3.783239e+06 3.783813e+06 3.784936e+06 3.805099e+06 3.853409e+06 3.917534e+06 3.982114e+06 4.039144e+06 4.086631e+06 4.156603e+06 4.202632e+06 4.232959e+06 4.252229e+06 4.262987e+06 4.266691e+06 3.957734e+06 3.031924e+06 2.207055e+06 1.716884e+06
3.769013e+06 3.769013e+06 3.769013e+06 3.769013e+06 3.769013e+06 3.769013e+06 3.769011e+06 3.769006e+06 3.769003e+06 3.769000e+06 3.768993e+06 3.768988e+06 3.768997e+06 3.769069e+06 3.769306e+06 3.769869e+06 3.770952e+06 3.790127e+06 3.835800e+06 3.896209e+06 3.956875e+06 4.010312e+06 4.054704e+06 4.119918e+06 4.162682e+06 4.190825e+06 4.208734e+06 4.218786e+06 4.222314e+06 3.924139e+06 3.009540e+06 2.191150e+06 1.705290e+06
3.754896e+06 3.754896e+06 3.754896e+06 3.754896e+06 3.754896e+06 3.754897e+06 3.754898e+06 3.754905e+06 3.754909e+06 3.754915e+06 3.754929e+06 3.754948e+06 3.754985e+06 3.755083e+06 3.755341e+06 3.755909e+06 3.756970e+06 3.775284e+06 3.818502e+06 3.875408e+06 3.932355e+06 3.982365e+06 4.023792e+06 4.084421e+06 4.123989e+06 4.149923e+06 4.166368e+06 4.175551e+06 4.178699e+06 3.889691e+06 2.986508e+06 2.174917e+06 1.693491e+06
3.741916e+06 3.741916e+06 3.741916e+06 3.741916e+06 3.741916e+06 3.741916e+06 3.741918e+06 3.741924e+06 3.741927e+06 3.741932e+06 3.741941e+06 3.741951e+06 3.741975e+06 3.742055e+06 3.742285e+06 3.742806e+06 3.743795e+06 3.761028e+06 3.801705e+06 3.855135e+06 3.908456e+06 3.955148e+06 3.993716e+06 4.049922e+06 4.086382e+06 4.110124e+06 4.125053e+06 4.133259e+06 4.135879e+06 3.854586e+06 2.962915e+06 2.158395e+06 1.681507e+06
3.729391e+06 3.729391e+06 3.729391e+06 3.729391e+06 3.729391e+06 3.729390e+06 3.729389e+06 3.729381e+06 3.729376e+06 3.729369e+06 3.729352e+06 3.729331e+06 3.729319e+06 3.729358e+06 3.729535e+06 3.729988e+06 3.730882e+06 3.746959e+06 3.785100e+06 3.835134e+06 3.884943e+06 3.928437e+06 3.964257e+06 4.016218e+06 4.049684e+06 4.071281e+06 4.084685e+06 4.091852e+06 4.093841e+06 3.818991e+06 2.938841e+06 2.141618e+06 1.669355e+06
3.715772e+06 3.715772e+06 3.715772e+06 3.715772e+06 3.715772e+06 3.715772e+06 3.715770e+06 3.715762e+06 3.715757e+06 3.715750e+06 3.715732e+06 3.715712e+06 3.715699e+06 3.715733e+06 3.715898e+06 3.716323e+06 3.717163e+06 3.732305e+06 3.768145e+06 3.815009e+06 3.861506e+06 3.901972e+06 3.935184e+06 3.983111e+06 4.013719e+06 4.033249e+06 4.045148e+06 4.051253e+06 4.052545e+06 3.783045e+06 2.914359e+06 2.124619e+06 1.657052e+06
3.701123e+06 3.701123e+06 3.701123e+06 3.701123e+06 3.701123e+06 3.701123e+06 3.701122e+06 3.701118e+06 3.701115e+06 3.701112e+06 3.701103e+06 3.701092e+06 3.701089e+06 3.701132e+06 3.701299e+06 3.701712e+06 3.702520e+06 3.716868e+06 3.750612e+06 3.794532e+06 3.837930e+06 3.875550e+06 3.906307e+06 3.950428e+06 3.978332e+06 3.995890e+06 4.006331e+06 4.011375e+06 4.011937e+06 3.746867e+06 2.889536e+06 2.107432e+06 1.644615e+06
3.685957e+06 3.685957e+06 3.685957e+06 3.685957e+06 3.685957e+06 3.685956e+06 3.685955e+06 3.685952e+06 3.685949e+06 3.685945e+06 3.685936e+06 3.685925e+06 3.685921e+06 3.685960e+06 3.686118e+06 3.686508e+06 3.687271e+06 3.700810e+06 3.732529e+06 3.773647e+06 3.814110e+06 3.849046e+06 3.877490e+06 3.918033e+06 3.943391e+06 3.959082e+06 3.968127e+06 3.972133e+06 3.971954e+06 3.710555e+06 2.864435e+06 2.090085e+06 1.632060e+06
3.670291e+06 3.670291e+06 3.670291e+06 3.670291e+06 3.670291e+06 3.670290e+06 3.670288e+06 3.670280e+06 3.670273e+06 3.670266e+06 3.670247e+06 3.670224e+06 3.670207e+06 3.670229e+06 3.670362e+06 3.670716e+06 3.671421e+06 3.684118e+06 3.713865e+06 3.752299e+06 3.789977e+06 3.822376e+06 3.848643e+06 3.885823e+06 3.908791e+06 3.922724e+06 3.930442e+06 3.933445e+06 3.932532e+06 3.674187e+06 2.839111e+06 2.072607e+06 1.619404e+06
3.653586e+06 3.653586e+06 3.653586e+06 3.653586e+06 3.653586e+06 3.653586e+06 3.653583e+06 3.653575e+06 3.653569e+06 3.653561e+06 3.653541e+06 3.653516e+06 3.653495e+06 3.653511e+06 3.653630e+06 3.653958e+06 3.654618e+06 3.666559e+06 3.694473e+06 3.730395e+06 3.765459e+06 3.795477e+06 3.819700e+06 3.853724e+06 3.874451e+06 3.886730e+06 3.893195e+06 3.895239e+06 3.893610e+06 3.637830e+06 2.813614e+06 2.055024e+06 1.606661e+06
3.635713e+06 3.635713e+06 3.635713e+06 3.635713e+06 3.635713e+06 3.635713e+06 3.635711e+06 3.635705e+06 3.635700e+06 3.635694e+06 3.635678e+06 3.635658e+06 3.635643e+06 3.635663e+06 3.635782e+06 3.636099e+06 3.636730e+06 3.648035e+06 3.674289e+06 3.707892e+06 3.740524e+06 3.768315e+06 3.790622e+06 3.821686e+06 3.840307e+06 3.851034e+06 3.856315e+06 3.857448e+06 3.855129e+06 3.601537e+06 2.787991e+06 2.037361e+06 1.593846e+06
3.617005e+06 3.617005e+06 3.617005e+06 3.617005e+06 3.617005e+06 3.617005e+06 3.617004e+06 3.616998e+06 3.616994e+06 3.616989e+06 3.616977e+06 3.616961e+06 3.616951e+06 3.616974e+06 3.617092e+06 3.617398e+06 3.618003e+06 3.628714e+06 3.653416e+06 3.684845e+06 3.715193e+06 3.740892e+06 3.761396e+06 3.789673e+06 3.806313e+06 3.815578e+06 3.819745e+06 3.820017e+06 3.817038e+06 3.565351e+06 2.762283e+06 2.019639e+06 1.580974e+06
3.597738e+06 3.597738e+06 3.597738e+06 3.597738e+06 3.597738e+06 3.597738e+06 3.597737e+06 3.597731e+06 3.597727e+06 3.597722e+06 3.597709e+06 3.597693e+06 3.597682e+06 3.597703e+06 3.597814e+06 3.598103e+06 3.598675e+06 3.608787e+06 3.631987e+06 3.661338e+06 3.689513e+06 3.713225e+06 3.732022e+06 3.757662e+06 3.772430e+06 3.780317e+06 3.783435e+06 3.782894e+06 3.779292e+06 3.529305e+06 2.736526e+06 2.001881e+06 1.568057e+06
