2.185091e+05 1.318756e+05 1.125362e+05 7.462792e+04 6.114094e+04 3.986489e+04 3.425018e+04 2.752004e+04 2.290015e+04 1.845641e+04 1.210560e+04 8.469165e+03 6.296488e+03 4.911335e+03 3.982251e+03 3.334865e+03 2.870198e+03 1.813472e+03 1.530412e+03 1.488778e+03 1.554559e+03 1.680511e+03 1.846402e+03 2.266709e+03 2.797894e+03 3.470825e+03 4.354214e+03 5.548409e+03 7.173163e+03 6.333318e+04 1.706808e+05 2.721337e+05 3.465026e+05
3.221214e+04 3.221218e+04 3.221227e+04 3.221260e+04 3.220511e+04 3.164643e+04 3.068505e+04 2.589860e+04 2.163442e+04 1.745731e+04 1.148773e+04 8.078474e+03 6.039590e+03 4.735590e+03 3.857644e+03 3.243743e+03 2.801812e+03 1.792887e+03 1.524082e+03 1.488801e+03 1.558174e+03 1.686486e+03 1.854096e+03 2.276933e+03 2.810272e+03 3.485607e+03 4.372159e+03 5.570728e+03 7.201429e+03 6.349783e+04 1.709546e+05 2.724146e+05 3.467392e+05
2.848813e+04 2.848815e+04 2.848821e+04 2.848975e+04 2.849320e+04 2.843656e+04 2.820745e+04 2.429456e+04 2.009880e+04 1.617453e+04 1.071082e+04 7.604767e+03 5.737042e+03 4.533165e+03 3.716583e+03 3.142014e+03 2.726346e+03 1.771102e+03 1.517679e+03 1.489079e+03 1.562158e+03 1.692870e+03 1.862209e+03 2.287569e+03 2.823054e+03 3.500803e+03 4.390549e+03 5.593548e+03 7.230280e+03 6.366429e+04 1.712303e+05 2.726968e+05 3.469766e+05
2.748513e+04 2.748512e+04 2.748509e+04 2.748409e+04 2.748065e+04 2.730997e+04 2.659986e+04 2.248534e+04 1.861080e+04 1.492165e+04 9.869892e+03 7.080379e+03 5.402979e+03 4.311087e+03 3.562886e+03 3.031907e+03 2.645180e+03 1.748356e+03 1.511290e+03 1.489656e+03 1.566538e+03 1.699680e+03 1.870754e+03 2.298625e+03 2.836248e+03 3.516419e+03 4.409391e+03 5.616879e+03 7.259726e+03 6.383258e+04 1.715078e+05 2.729803e+05 3.472147e+05
2.435888e+04 2.435888e+04 2.435887e+04 2.435850e+04 2.435713e+04 2.427260e+04 2.381877e+04 2.006349e+04 1.672122e+04 1.354441e+04 9.084464e+03 6.567558e+03 5.060900e+03 4.080001e+03 3.401980e+03 2.916441e+03 2.560117e+03 1.724932e+03 1.505004e+03 1.490576e+03 1.571342e+03 1.706937e+03 1.879746e+03 2.310111e+03 2.849861e+03 3.532461e+03 4.428692e+03 5.640728e+03 7.289776e+03 6.400270e+04 1.717873e+05 2.732650e+05 3.474536e+05
2.097445e+04 2.097444e+04 2.097440e+04 2.097320e+04 2.096971e+04 2.089125e+04 2.064456e+04 1.763854e+04 1.477855e+04 1.208861e+04 8.301589e+03 6.098978e+03 4.744034e+03 3.854671e+03 3.241024e+03 2.799476e+03 2.473402e+03 1.701147e+03 1.498918e+03 1.491884e+03 1.576595e+03 1.714658e+03 1.889198e+03 2.322037e+03 2.863900e+03 3.548937e+03 4.448458e+03 5.665102e+03 7.320437e+03 6.417468e+04 1.720686e+05 2.735511e+05 3.476932e+05
1.802996e+04 1.802996e+04 1.802996e+04 1.802985e+04 1.802946e+04 1.801037e+04 1.789477e+04 1.551991e+04 1.307694e+04 1.076817e+04 7.542429e+03 5.651042e+03 4.455102e+03 3.651193e+03 3.089318e+03 2.685753e+03 2.387745e+03 1.677360e+03 1.493135e+03 1.493625e+03 1.582324e+03 1.722861e+03 1.899124e+03 2.334410e+03 2.878372e+03 3.565852e+03 4.468697e+03 5.690008e+03 7.351719e+03 6.434853e+04 1.723518e+05 2.738384e+05 3.479335e+05
1.577491e+04 1.577491e+04 1.577491e+04 1.577488e+04 1.577476e+04 1.576770e+04 1.571066e+04 1.378608e+04 1.168150e+04 9.667578e+03 6.860401e+03 5.227404e+03 4.182717e+03 3.464691e+03 2.953335e+03 2.581300e+03 2.306393e+03 1.653977e+03 1.487764e+03 1.495846e+03 1.588555e+03 1.731562e+03 1.909535e+03 2.347240e+03 2.893283e+03 3.583213e+03 4.489414e+03 5.715455e+03 7.383631e+03 6.452427e+04 1.726369e+05 2.741270e+05 3.481745e+05
1.410544e+04 1.410544e+04 1.410544e+04 1.410543e+04 1.410538e+04 1.410201e+04 1.406494e+04 1.241924e+04 1.056756e+04 8.778791e+03 6.280457e+03 4.842301e+03 3.926380e+03 3.289589e+03 2.828242e+03 2.487659e+03 2.233228e+03 1.631458e+03 1.482925e+03 1.498595e+03 1.595313e+03 1.740779e+03 1.920444e+03 2.360532e+03 2.908641e+03 3.601026e+03 4.510616e+03 5.741449e+03 7.416180e+03 6.470190e+04 1.729240e+05 2.744169e+05 3.484163e+05
1.284030e+04 1.284030e+04 1.284030e+04 1.284031e+04 1.284030e+04 1.283886e+04 1.281163e+04 1.134745e+04 9.680869e+03 8.063506e+03 5.798855e+03 4.504727e+03 3.690358e+03 3.124850e+03 2.711053e+03 2.401507e+03 2.167599e+03 1.610328e+03 1.478746e+03 1.501920e+03 1.602624e+03 1.750527e+03 1.931861e+03 2.374296e+03 2.924450e+03 3.619297e+03 4.532310e+03 5.767999e+03 7.449375e+03 6.488146e+04 1.732129e+05 2.747080e+05 3.486588e+05
1.186221e+04 1.186221e+04 1.186221e+04 1.186222e+04 1.186225e+04 1.186082e+04 1.183572e+04 1.049488e+04 8.966511e+03 7.481717e+03 5.400010e+03 4.215167e+03 3.478552e+03 2.971877e+03 2.600889e+03 2.321075e+03 2.107438e+03 1.591197e+03 1.475374e+03 1.505876e+03 1.610513e+03 1.760822e+03 1.943799e+03 2.388537e+03 2.940717e+03 3.638031e+03 4.554502e+03 5.795111e+03 7.483227e+03 6.506295e+04 1.735038e+05 2.750005e+05 3.489021e+05
7.793792e+03 7.793792e+03 7.793793e+03 7.793799e+03 7.793817e+03 7.794184e+03 7.783746e+03 6.903169e+03 5.898013e+03 4.932462e+03 3.606411e+03 2.876778e+03 2.443147e+03 2.162310e+03 1.970400e+03 1.835297e+03 1.738571e+03 1.535862e+03 1.523433e+03 1.597674e+03 1.728689e+03 1.897730e+03 2.094147e+03 2.558581e+03 3.129683e+03 3.852036e+03 4.805172e+03 6.098785e+03 7.859719e+03 6.698777e+04 1.765205e+05 2.779966e+05 3.513750e+05
7.034696e+03 7.034696e+03 7.034696e+03 7.034702e+03 7.034719e+03 7.035232e+03 7.025869e+03 6.220794e+03 5.310177e+03 4.443186e+03 3.272721e+03 2.650107e+03 2.295320e+03 2.074793e+03 1.929188e+03 1.829650e+03 1.760673e+03 1.648716e+03 1.701629e+03 1.811075e+03 1.951345e+03 2.118832e+03 2.313256e+03 2.783653e+03 3.369823e+03 4.118013e+03 5.112303e+03 6.466830e+03 8.311579e+03 6.912385e+04 1.797387e+05 2.811237e+05 3.539208e+05
7.007490e+03 7.007490e+03 7.007490e+03 7.007494e+03 7.007507e+03 7.007875e+03 6.998341e+03 6.212221e+03 5.327885e+03 4.489970e+03 3.369330e+03 2.784553e+03 2.460004e+03 2.264447e+03 2.139518e+03 2.056847e+03 2.001278e+03 1.919012e+03 1.980638e+03 2.104355e+03 2.257940e+03 2.430385e+03 2.622038e+03 3.079179e+03 3.668602e+03 4.442026e+03 5.482551e+03 6.907270e+03 8.848524e+03 7.148794e+04 1.831657e+05 2.843831e+05 3.565387e+05
7.215993e+03 7.215993e+03 7.215994e+03 7.215996e+03 7.216002e+03 7.216186e+03 7.206344e+03 6.436309e+03 5.572837e+03 4.756684e+03 3.670353e+03 3.108921e+03 2.801282e+03 2.618590e+03 2.503669e+03 2.428836e+03 2.379366e+03 2.307947e+03 2.359220e+03 2.471008e+03 2.621839e+03 2.798138e+03 2.994233e+03 3.453835e+03 4.044101e+03 4.835731e+03 5.925786e+03 7.430462e+03 9.482249e+03 7.409732e+04 1.868087e+05 2.877758e+05 3.592277e+05
7.390677e+03 7.390677e+03 7.390677e+03 7.390678e+03 7.390679e+03 7.390701e+03 7.381030e+03 6.657974e+03 5.847619e+03 5.081707e+03 4.062538e+03 3.535995e+03 3.247318e+03 3.075519e+03 2.967001e+03 2.895881e+03 2.848424e+03 2.774872e+03 2.812196e+03 2.904652e+03 3.040424e+03 3.211338e+03 3.410616e+03 3.887321e+03 4.498363e+03 5.319827e+03 6.460191e+03 8.051957e+03 1.022843e+04 7.696995e+04 1.906742e+05 2.913022e+05 3.619865e+05
7.380106e+03 7.380106e+03 7.380106e+03 7.380106e+03 7.380106e+03 7.380092e+03 7.371584e+03 6.740785e+03 6.031588e+03 5.359587e+03 4.461580e+03 3.993479e+03 3.733379e+03 3.575998e+03 3.474767e+03 3.407143e+03 3.361075e+03 3.283362e+03 3.310457e+03 3.388638e+03 3.509918e+03 3.671768e+03 3.870602e+03 4.369320e+03 5.019704e+03 5.893924e+03 7.107250e+03 8.797965e+03 1.110989e+04 8.012457e+04 1.947679e+05 2.949621e+05 3.648135e+05
7.193781e+03 7.193781e+03 7.193780e+03 7.193780e+03 7.193777e+03 7.193683e+03 7.186596e+03 6.674011e+03 6.095803e+03 5.546750e+03 4.810902e+03 4.424694e+03 4.207328e+03 4.073414e+03 3.985503e+03 3.925563e+03 3.883934e+03 3.811103e+03 3.836587e+03 3.910803e+03 4.026145e+03 4.183129e+03 4.381997e+03 4.903461e+03 5.605362e+03 6.554756e+03 7.868660e+03 9.689614e+03 1.216129e+04 8.358101e+04 1.990953e+05 2.987550e+05 3.677069e+05
6.922312e+03 6.922312e+03 6.922312e+03 6.922312e+03 6.922311e+03 6.922286e+03 6.917287e+03 6.538048e+03 6.105963e+03 5.693145e+03 5.135180e+03 4.838178e+03 4.668172e+03 4.561685e+03 4.490867e+03 4.442236e+03 4.408485e+03 4.354805e+03 4.390216e+03 4.471772e+03 4.591798e+03 4.751946e+03 4.955376e+03 5.502409e+03 6.262856e+03 7.306170e+03 8.748975e+03 1.073404e+04 1.340323e+04 8.736050e+04 2.036609e+05 3.026796e+05 3.706644e+05
6.665150e+03 6.665151e+03 6.665151e+03 6.665151e+03 6.665152e+03 6.665180e+03 6.662112e+03 6.412815e+03 6.123978e+03 5.845283e+03 5.463880e+03 5.257138e+03 5.136698e+03 5.060447e+03 5.009836e+03 4.975740e+03 4.953073e+03 4.932339e+03 4.987692e+03 5.085190e+03 5.218381e+03 5.389449e+03 5.603422e+03 6.182451e+03 7.007676e+03 8.160335e+03 9.759045e+03 1.194364e+04 1.485008e+04 9.148618e+04 2.084687e+05 3.067343e+05 3.736836e+05
6.457003e+03 6.457003e+03 6.457003e+03 6.457004e+03 6.457006e+03 6.457072e+03 6.455807e+03 6.329391e+03 6.176833e+03 6.026713e+03 5.817913e+03 5.703839e+03 5.638039e+03 5.597705e+03 5.572608e+03 5.557622e+03 5.549837e+03 5.572988e+03 5.653524e+03 5.771287e+03 5.922656e+03 6.110370e+03 6.340584e+03 6.960964e+03 7.859909e+03 9.137129e+03 1.091754e+04 1.333718e+04 1.652221e+04 9.598364e+04 2.135220e+05 3.109167e+05 3.767617e+05
6.375196e+03 6.375196e+03 6.375196e+03 6.375197e+03 6.375200e+03 6.375296e+03 6.375727e+03 6.366373e+03 6.343770e+03 6.316177e+03 6.271265e+03 6.244423e+03 6.229698e+03 6.222981e+03 6.222034e+03 6.225472e+03 6.232354e+03 6.301184e+03 6.409345e+03 6.549709e+03 6.722257e+03 6.930774e+03 7.182397e+03 7.856020e+03 8.842380e+03 1.026266e+04 1.225142e+04 1.494148e+04 1.844667e+04 1.008817e+05 2.188235e+05 3.152239e+05 3.798957e+05
6.448868e+03 6.448868e+03 6.448868e+03 6.448869e+03 6.448873e+03 6.448992e+03 6.450885e+03 6.545083e+03 6.638184e+03 6.720432e+03 6.824842e+03 6.880463e+03 6.916379e+03 6.944519e+03 6.969473e+03 6.993114e+03 7.016289e+03 7.136054e+03 7.274205e+03 7.438727e+03 7.634522e+03 7.867268e+03 8.145416e+03 8.887125e+03 9.980649e+03 1.156849e+04 1.379580e+04 1.679249e+04 2.065880e+04 1.062134e+05 2.243751e+05 3.196527e+05 3.830823e+05
6.674447e+03 6.674447e+03 6.674447e+03 6.674448e+03 6.674452e+03 6.674568e+03 6.677851e+03 6.873106e+03 7.079111e+03 7.268493e+03 7.518307e+03 7.653936e+03 7.738810e+03 7.800553e+03 7.850399e+03 7.893372e+03 7.932051e+03 8.099767e+03 8.266723e+03 8.455772e+03 8.676622e+03 8.937241e+03 9.247836e+03 1.007667e+04 1.130437e+04 1.309215e+04 1.559393e+04 1.893579e+04 2.320350e+04 1.120187e+05 2.301786e+05 3.241990e+05 3.863178e+05
7.091419e+03 7.091419e+03 7.091419e+03 7.091420e+03 7.091423e+03 7.091520e+03 7.096041e+03 7.386292e+03 7.698612e+03 7.988779e+03 8.374756e+03 8.584336e+03 8.713614e+03 8.805314e+03 8.877155e+03 8.937247e+03 8.989827e+03 9.203423e+03 9.400935e+03 9.616978e+03 9.866228e+03 1.015992e+04 1.051088e+04 1.145202e+04 1.284957e+04 1.487878e+04 1.769803e+04 2.142695e+04 2.613580e+04 1.183509e+05 2.362352e+05 3.288585e+05 3.895985e+05
7.642447e+03 7.642447e+03 7.642447e+03 7.642449e+03 7.642455e+03 7.642662e+03 7.648751e+03 8.031477e+03 8.446681e+03 8.834559e+03 9.353763e+03 9.637905e+03 9.814370e+03 9.939957e+03 1.003813e+04 1.011958e+04 1.018995e+04 1.046183e+04 1.069498e+04 1.094159e+04 1.122414e+04 1.155855e+04 1.196111e+04 1.304843e+04 1.466172e+04 1.698363e+04 2.017069e+04 2.433208e+04 2.952105e+04 1.252420e+05 2.425458e+05 3.336264e+05 3.929204e+05
8.394334e+03 8.394335e+03 8.394335e+03 8.394336e+03 8.394341e+03 8.394491e+03 8.401531e+03 8.868787e+03 9.381047e+03 9.863009e+03 1.051464e+04 1.087609e+04 1.110249e+04 1.126359e+04 1.138852e+04 1.149090e+04 1.157807e+04 1.190274e+04 1.217074e+04 1.245187e+04 1.277577e+04 1.316315e+04 1.363392e+04 1.491310e+04 1.679958e+04 1.947512e+04 2.308680e+04 2.772852e+04 3.343484e+04 1.326930e+05 2.491113e+05 3.384975e+05 3.962791e+05
9.278381e+03 9.278381e+03 9.278381e+03 9.278383e+03 9.278390e+03 9.278614e+03 9.287250e+03 9.856005e+03 1.048087e+04 1.106915e+04 1.186365e+04 1.230251e+04 1.257604e+04 1.276996e+04 1.292000e+04 1.304275e+04 1.314709e+04 1.353258e+04 1.384644e+04 1.417489e+04 1.455600e+04 1.501617e+04 1.557937e+04 1.711056e+04 1.933968e+04 2.243813e+04 2.653547e+04 3.170549e+04 3.796259e+04 1.407062e+05 2.559329e+05 3.434664e+05 3.996703e+05
1.038685e+04 1.038685e+04 1.038685e+04 1.038685e+04 1.038685e+04 1.038699e+04 1.039655e+04 1.105221e+04 1.177595e+04 1.245943e+04 1.338722e+04 1.390459e+04 1.423050e+04 1.446353e+04 1.464476e+04 1.479339e+04 1.491980e+04 1.538585e+04 1.576332e+04 1.615877e+04 1.662071e+04 1.718208e+04 1.787059e+04 1.972931e+04 2.238111e+04 2.597698e+04 3.062145e+04 3.636420e+04 4.319867e+04 1.492812e+05 2.630124e+05 3.485271e+05 4.030894e+05
1.168080e+04 1.168080e+04 1.168080e+04 1.168080e+04 1.168081e+04 1.168109e+04 1.169241e+04 1.244621e+04 1.327912e+04 1.406665e+04 1.513847e+04 1.574038e+04 1.612404e+04 1.640210e+04 1.662095e+04 1.680198e+04 1.695679e+04 1.752914e+04 1.799230e+04 1.848096e+04 1.905625e+04 1.975691e+04 2.061286e+04 2.288862e+04 2.604970e+04 3.021743e+04 3.546552e+04 4.181700e+04 4.924475e+04 1.584137e+05 2.703527e+05 3.536740e+05 4.065318e+05
1.324660e+04 1.324660e+04 1.324660e+04 1.324661e+04 1.324662e+04 1.324691e+04 1.325963e+04 1.411409e+04 1.506120e+04 1.595971e+04 1.719160e+04 1.789377e+04 1.834850e+04 1.868190e+04 1.894602e+04 1.916526e+04 1.935317e+04 2.005388e+04 2.063362e+04 2.125537e+04 2.199004e+04 2.287951e+04 2.395362e+04 2.674454e+04 3.050047e+04 3.530674e+04 4.120301e+04 4.818513e+04 5.620703e+04 1.680943e+05 2.779597e+05 3.589010e+05 4.099928e+05
1.510446e+04 1.510446e+04 1.510446e+04 1.510446e+04 1.510448e+04 1.510483e+04 1.511945e+04 1.609905e+04 1.718576e+04 1.821709e+04 1.963249e+04 2.044335e+04 2.097460e+04 2.137034e+04 2.168908e+04 2.195768e+04 2.219095e+04 2.308394e+04 2.384179e+04 2.465704e+04 2.561043e+04 2.674589e+04 2.809207e+04 3.149271e+04 3.591661e+04 4.141069e+04 4.798007e+04 5.559475e+04 6.419238e+04 1.783090e+05 2.858469e+05 3.642024e+05 4.134676e+05
1.742701e+04 1.742701e+04 1.742701e+04 1.742702e+04 1.742703e+04 1.742761e+04 1.744453e+04 1.855028e+04 1.978033e+04 2.095247e+04 2.257739e+04 2.352952e+04 2.417046e+04 2.465907e+04 2.505930e+04 2.540077e+04 2.570022e+04 2.687013e+04 2.787862e+04 2.895279e+04 3.018352e+04 3.161711e+04 3.328118e+04 3.736421e+04 4.250315e+04 4.870678e+04 5.594717e+04 6.417103e+04 7.330312e+04 1.890389e+05 2.940194e+05 3.695723e+05 4.169516e+05
2.048563e+04 2.048564e+04 2.048564e+04 2.048564e+04 2.048566e+04 2.048634e+04 2.050566e+04 2.176491e+04 2.316874e+04 2.451006e+04 2.638283e+04 2.750105e+04 2.827473e+04 2.888132e+04 2.939006e+04 2.983202e+04 3.022472e+04 3.178133e+04 3.311150e+04 3.449471e+04 3.604185e+04 3.780531e+04 3.981283e+04 4.461144e+04 5.047449e+04 5.737359e+04 6.525011e+04 7.403069e+04 8.363082e+04 2.002598e+05 3.024435e+05 3.750056e+05 4.204400e+05
2.445524e+04 2.445524e+04 2.445524e+04 2.445525e+04 2.445529e+04 2.445651e+04 2.447978e+04 2.594183e+04 2.757711e+04 2.914870e+04 3.137592e+04 3.274789e+04 3.372787e+04 3.451265e+04 3.517762e+04 3.575705e+04 3.627135e+04 3.828535e+04 3.996277e+04 4.166816e+04 4.353940e+04 4.563634e+04 4.798671e+04 5.348550e+04 6.003713e+04 6.757716e+04 7.601921e+04 8.527340e+04 9.524952e+04 2.119427e+05 3.110880e+05 3.804974e+05 4.239283e+05
2.994437e+04 2.994437e+04 2.994437e+04 2.994439e+04 2.994443e+04 2.994597e+04 2.997438e+04 3.172640e+04 3.368970e+04 3.558031e+04 3.826845e+04 3.993441e+04 4.113335e+04 4.210025e+04 4.292374e+04 4.364340e+04 4.428269e+04 4.676926e+04 4.879567e+04 5.081481e+04 5.299540e+04 5.540608e+04 5.807488e+04 6.421094e+04 7.137057e+04 7.945628e+04 8.835790e+04 9.797295e+04 1.082089e+05 2.240532e+05 3.199223e+05 3.860438e+05 4.274122e+05
3.762593e+04 3.762593e+04 3.762593e+04 3.762594e+04 3.762596e+04 3.762689e+04 3.765617e+04 3.964678e+04 4.190609e+04 4.409991e+04 4.725844e+04 4.925063e+04 5.070293e+04 5.188124e+04 5.288589e+04 5.376241e+04 5.453859e+04 5.751914e+04 5.988913e+04 6.220328e+04 6.466446e+04 6.735191e+04 7.029522e+04 7.696378e+04 8.460968e+04 9.310858e+04 1.023320e+05 1.121690e+05 1.225280e+05 2.365522e+05 3.289145e+05 3.916420e+05 4.308875e+05
4.695260e+04 4.695260e+04 4.695260e+04 4.695262e+04 4.695268e+04 4.695461e+04 4.699231e+04 4.938769e+04 5.209950e+04 5.473079e+04 5.851715e+04 6.090582e+04 6.264839e+04 6.406228e+04 6.526640e+04 6.631443e+04 6.723927e+04 7.074014e+04 7.344524e+04 7.602625e+04 7.872607e+04 8.163761e+04 8.479424e+04 9.185440e+04 9.983010e+04 1.085789e+05 1.179606e+05 1.278605e+05 1.381906e+05 2.493954e+05 3.380318e+05 3.972915e+05 4.343501e+05
5.881418e+04 5.881418e+04 5.881418e+04 5.881420e+04 5.881425e+04 5.881587e+04 5.885810e+04 6.165497e+04 6.482514e+04 6.790258e+04 7.233640e+04 7.514082e+04 7.719033e+04 7.885253e+04 8.026474e+04 8.148942e+04 8.256536e+04 8.657742e+04 8.958924e+04 9.239282e+04 9.527329e+04 9.834016e+04 1.016332e+05 1.089145e+05 1.170374e+05 1.258508e+05 1.352098e+05 1.450007e+05 1.551413e+05 2.625341e+05 3.472402e+05 4.029958e+05 4.377967e+05
7.278559e+04 7.278559e+04 7.278559e+04 7.278561e+04 7.278567e+04 7.278753e+04 7.283737e+04 7.614516e+04 7.988943e+04 8.351799e+04 8.872599e+04 9.199771e+04 9.437409e+04 9.629301e+04 9.791787e+04 9.932237e+04 1.005517e+05 1.050679e+05 1.083458e+05 1.113093e+05 1.142953e+05 1.174344e+05 1.207752e+05 1.280882e+05 1.361606e+05 1.448419e+05 1.539897e+05 1.634956e+05 1.732853e+05 2.759151e+05 3.565049e+05 4.087612e+05 4.412239e+05
8.901352e+04 8.901352e+04 8.901352e+04 8.901354e+04 8.901359e+04 8.901530e+04 8.907257e+04 9.296201e+04 9.736323e+04 1.016231e+05 1.077159e+05 1.115141e+05 1.142478e+05 1.164367e+05 1.182763e+05 1.198551e+05 1.212273e+05 1.261639e+05 1.296164e+05 1.326521e+05 1.356571e+05 1.387804e+05 1.420773e+05 1.492289e+05 1.570511e+05 1.654035e+05 1.741541e+05 1.832041e+05 1.924887e+05 2.894816e+05 3.657912e+05 4.145644e+05 4.446291e+05
1.073036e+05 1.073036e+05 1.073036e+05 1.073036e+05 1.073037e+05 1.073062e+05 1.073753e+05 1.119623e+05 1.171391e+05 1.221363e+05 1.292355e+05 1.335941e+05 1.366757e+05 1.391064e+05 1.411262e+05 1.428445e+05 1.443267e+05 1.495604e+05 1.531056e+05 1.561439e+05 1.590974e+05 1.621282e+05 1.652977e+05 1.721054e+05 1.794866e+05 1.873243e+05 1.955047e+05 2.039424e+05 2.125826e+05 3.031739e+05 3.750642e+05 4.203821e+05 4.480102e+05
1.284041e+05 1.284041e+05 1.284041e+05 1.284041e+05 1.284041e+05 1.284051e+05 1.284772e+05 1.336185e+05 1.394282e+05 1.450295e+05 1.529534e+05 1.577697e+05 1.611342e+05 1.637610e+05 1.659268e+05 1.677582e+05 1.693301e+05 1.748091e+05 1.784201e+05 1.814259e+05 1.842774e+05 1.871512e+05 1.901181e+05 1.964138e+05 2.031806e+05 2.103383e+05 2.177980e+05 2.254897e+05 2.333686e+05 3.169298e+05 3.842897e+05 4.261941e+05 4.513657e+05
1.504366e+05 1.504366e+05 1.504366e+05 1.504367e+05 1.504367e+05 1.504393e+05 1.505252e+05 1.563311e+05 1.628719e+05 1.691646e+05 1.780235e+05 1.833518e+05 1.870292e+05 1.898716e+05 1.921978e+05 1.941536e+05 1.958239e+05 2.015601e+05 2.052123e+05 2.081388e+05 2.108270e+05 2.134731e+05 2.161616e+05 2.217895e+05 2.277927e+05 2.341350e+05 2.407549e+05 2.475974e+05 2.546261e+05 3.306865e+05 3.934346e+05 4.319810e+05 4.546951e+05
1.747788e+05 1.747788e+05 1.747788e+05 1.747788e+05 1.747789e+05 1.747796e+05 1.748670e+05 1.811903e+05 1.883235e+05 1.951812e+05 2.048088e+05 2.105569e+05 2.144855e+05 2.174939e+05 2.199367e+05 2.219769e+05 2.237086e+05 2.295529e+05 2.331325e+05 2.358824e+05 2.383194e+05 2.406563e+05 2.429907e+05 2.478157e+05 2.529411e+05 2.583726e+05 2.640728e+05 2.699995e+05 2.761221e+05 3.443806e+05 4.024670e+05 4.377241e+05 4.579993e+05
1.994497e+05 1.994497e+05 1.994497e+05 1.994497e+05 1.994497e+05 1.994516e+05 1.995516e+05 2.065346e+05 2.143899e+05 2.219244e+05 2.324464e+05 2.386558e+05 2.428395e+05 2.460016e+05 2.485416e+05 2.506433e+05 2.524122e+05 2.582417e+05 2.616391e+05 2.641182e+05 2.662228e+05 2.681813e+05 2.701029e+05 2.740347e+05 2.782192e+05 2.826946e+05 2.874412e+05 2.924257e+05 2.976212e+05 3.579501e+05 4.113568e+05 4.434054e+05 4.612816e+05
2.250739e+05 2.250739e+05 2.250739e+05 2.250739e+05 2.250739e+05 2.250738e+05 2.251762e+05 2.327327e+05 2.412329e+05 2.493698e+05 2.606683e+05 2.672449e+05 2.715984e+05 2.748357e+05 2.774026e+05 2.795049e+05 2.812590e+05 2.869135e+05 2.900458e+05 2.921957e+05 2.939229e+05 2.954695e+05 2.969556e+05 2.999747e+05 3.032201e+05 3.067505e+05 3.105577e+05 3.146145e+05 3.188963e+05 3.713350e+05 4.200762e+05 4.490074e+05 4.645493e+05
2.498684e+05 2.498684e+05 2.498684e+05 2.498684e+05 2.498684e+05 2.498688e+05 2.499806e+05 2.581397e+05 2.672992e+05 2.760471e+05 2.881280e+05 2.950745e+05 2.996020e+05 3.029190e+05 3.055162e+05 3.076208e+05 3.093597e+05 3.148144e+05 3.176487e+05 3.194494e+05 3.207963e+05 3.219437e+05 3.230178e+05 3.251890e+05 3.275665e+05 3.302190e+05 3.331463e+05 3.363264e+05 3.397385e+05 3.844782e+05 4.285991e+05 4.545134e+05 4.677931e+05
2.731599e+05 2.731599e+05 2.731599e+05 2.731599e+05 2.731599e+05 2.731605e+05 2.732822e+05 2.821018e+05 2.919843e+05 3.014016e+05 3.143349e+05 3.216745e+05 3.263737e+05 3.297548e+05 3.323598e+05 3.344412e+05 3.361393e+05 3.412948e+05 3.437975e+05 3.452671e+05 3.462839e+05 3.470983e+05 3.478337e+05 3.493029e+05 3.509436e+05 3.528302e+05 3.549718e+05 3.573551e+05 3.599657e+05 3.973269e+05 4.369022e+05 4.599073e+05 4.709989e+05
2.956386e+05 2.956386e+05 2.956386e+05 2.956386e+05 2.956386e+05 2.956391e+05 2.957674e+05 3.050832e+05 3.155068e+05 3.254204e+05 3.389663e+05 3.465565e+05 3.513282e+05 3.546964e+05 3.572482e+05 3.592588e+05 3.608801e+05 3.656865e+05 3.679248e+05 3.691732e+05 3.699809e+05 3.705818e+05 3.710907e+05 3.720559e+05 3.731240e+05 3.743811e+05 3.758513e+05 3.775350e+05 3.794279e+05 4.098326e+05 4.449645e+05 4.651740e+05 4.741557e+05
3.167213e+05 3.167213e+05 3.167213e+05 3.167212e+05 3.167212e+05 3.167206e+05 3.168489e+05 3.263890e+05 3.370612e+05 3.472023e+05 3.610266e+05 3.687260e+05 3.735231e+05 3.768777e+05 3.793993e+05 3.813746e+05 3.829612e+05 3.876428e+05 3.898161e+05 3.910130e+05 3.917577e+05 3.922727e+05 3.926683e+05 3.933223e+05 3.939778e+05 3.947411e+05 3.956570e+05 3.967436e+05 3.980096e+05 4.219523e+05 4.527676e+05 4.702995e+05 4.772539e+05
3.352026e+05 3.352026e+05 3.352026e+05 3.352026e+05 3.352026e+05 3.352033e+05 3.353405e+05 3.452362e+05 3.562842e+05 3.667654e+05 3.809991e+05 3.888545e+05 3.936893e+05 3.970314e+05 3.995223e+05 4.014634e+05 4.030188e+05 4.076236e+05 4.098008e+05 4.110189e+05 4.117725e+05 4.122717e+05 4.126222e+05 4.130957e+05 4.134611e+05 4.138447e+05 4.143122e+05 4.148992e+05 4.156282e+05 4.336486e+05 4.602956e+05 4.752705e+05 4.802843e+05
3.531806e+05 3.531806e+05 3.531806e+05 3.531806e+05 3.531806e+05 3.531806e+05 3.533185e+05 3.634211e+05 3.746969e+05 3.853844e+05 3.998598e+05 4.077942e+05 4.126287e+05 4.159358e+05 4.183789e+05 4.202704e+05 4.217791e+05 4.262307e+05 4.283503e+05 4.295506e+05 4.302951e+05 4.307777e+05 4.310953e+05 4.314397e+05 4.315878e+05 4.316749e+05 4.317809e+05 4.319551e+05 4.322310e+05 4.448898e+05 4.675350e+05 4.800753e+05 4.832385e+05
3.701596e+05 3.701596e+05 3.701596e+05 3.701596e+05 3.701596e+05 3.701596e+05 3.702997e+05 3.805499e+05 3.919818e+05 4.028084e+05 4.174465e+05 4.254397e+05 4.302850e+05 4.335806e+05 4.360019e+05 4.378671e+05 4.393480e+05 4.436708e+05 4.456949e+05 4.468265e+05 4.475181e+05 4.479529e+05 4.482198e+05 4.484341e+05 4.483982e+05 4.482439e+05 4.480560e+05 4.478911e+05 4.477899e+05 4.556502e+05 4.744747e+05 4.847030e+05 4.861088e+05
3.858716e+05 3.858716e+05 3.858716e+05 3.858716e+05 3.858716e+05 3.858717e+05 3.860149e+05 3.964350e+05 4.080453e+05 4.190306e+05 4.338557e+05 4.419194e+05 4.467815e+05 4.500691e+05 4.524709e+05 4.543113e+05 4.557652e+05 4.599561e+05 4.618681e+05 4.629058e+05 4.635163e+05 4.638777e+05 4.640741e+05 4.641416e+05 4.639352e+05 4.635768e+05 4.631482e+05 4.627071e+05 4.622960e+05 4.659097e+05 4.811062e+05 4.891443e+05 4.888877e+05
4.007573e+05 4.007573e+05 4.007573e+05 4.007573e+05 4.007574e+05 4.007577e+05 4.009044e+05 4.115158e+05 4.233261e+05 4.344868e+05 4.495010e+05 4.576028e+05 4.624311e+05 4.656553e+05 4.679848e+05 4.697537e+05 4.711415e+05 4.750919e+05 4.768571e+05 4.777853e+05 4.783018e+05 4.785768e+05 4.786914e+05 4.786015e+05 4.782353e+05 4.777032e+05 4.770792e+05 4.764165e+05 4.757559e+05 4.756538e+05 4.874226e+05 4.933909e+05 4.915684e+05
4.152313e+05 4.152313e+05 4.152313e+05 4.152313e+05 4.152313e+05 4.152308e+05 4.153754e+05 4.260304e+05 4.378885e+05 4.490861e+05 4.641160e+05 4.721768e+05 4.769349e+05 4.800771e+05 4.823237e+05 4.840145e+05 4.853311e+05 4.890268e+05 4.906381e+05 4.914511e+05 4.918677e+05 4.920512e+05 4.920808e+05 4.918367e+05 4.913288e+05 4.906549e+05 4.898780e+05 4.890436e+05 4.881881e+05 4.848730e+05 4.934195e+05 4.974359e+05 4.941444e+05
4.281866e+05 4.281866e+05 4.281866e+05 4.281866e+05 4.281866e+05 4.281860e+05 4.283311e+05 4.390152e+05 4.509009e+05 4.621188e+05 4.771588e+05 4.852025e+05 4.899292e+05 4.930333e+05 4.952394e+05 4.968898e+05 4.981677e+05 5.016983e+05 5.031784e+05 5.038786e+05 5.041952e+05 5.042898e+05 5.042407e+05 5.038644e+05 5.032458e+05 5.024679e+05 5.015811e+05 5.006221e+05 4.996214e+05 4.935627e+05 4.990940e+05 5.012736e+05 4.966100e+05
4.393155e+05 4.393155e+05 4.393155e+05 4.393155e+05 4.393155e+05 4.393154e+05 4.394632e+05 4.502397e+05 4.622211e+05 4.735255e+05 4.886736e+05 4.967649e+05 5.015071e+05 5.046084e+05 5.068007e+05 5.084308e+05 5.096843e+05 5.130782e+05 5.144313e+05 5.150244e+05 5.152536e+05 5.152777e+05 5.151713e+05 5.147088e+05 5.140248e+05 5.131869e+05 5.122339e+05 5.111944e+05 5.100934e+05 5.017225e+05 5.044451e+05 5.048995e+05 4.989598e+05
4.494053e+05 4.494053e+05 4.494053e+05 4.494053e+05 4.494053e+05 4.494051e+05 4.495548e+05 4.604781e+05 4.726140e+05 4.840521e+05 4.993343e+05 5.074336e+05 5.121231e+05 5.151474e+05 5.172571e+05 5.188078e+05 5.199888e+05 5.231265e+05 5.243397e+05 5.248514e+05 5.250311e+05 5.250245e+05 5.248991e+05 5.244167e+05 5.237216e+05 5.228696e+05 5.218919e+05 5.208115e+05 5.196495e+05 5.093554e+05 5.094733e+05 5.083106e+05 5.011889e+05
4.584656e+05 4.584656e+05 4.584656e+05 4.584656e+05 4.584656e+05 4.584655e+05 4.586163e+05 4.696179e+05 4.818334e+05 4.933356e+05 5.086614e+05 5.167232e+05 5.213358e+05 5.242694e+05 5.262890e+05 5.277570e+05 5.288654e+05 5.317802e+05 5.329132e+05 5.334066e+05 5.335946e+05 5.336073e+05 5.335054e+05 5.330698e+05 5.324135e+05 5.315876e+05 5.306202e+05 5.295318e+05 5.283413e+05 5.164682e+05 5.141802e+05 5.115045e+05 5.032934e+05
4.666280e+05 4.666280e+05 4.666280e+05 4.666280e+05 4.666280e+05 4.666281e+05 4.667792e+05 4.777591e+05 4.899442e+05 5.014100e+05 5.166595e+05 5.246429e+05 5.291767e+05 5.320357e+05 5.339884e+05 5.353992e+05 5.364600e+05 5.392515e+05 5.403692e+05 5.408908e+05 5.411234e+05 5.411853e+05 5.411318e+05 5.407834e+05 5.401974e+05 5.394242e+05 5.384916e+05 5.374191e+05 5.362246e+05 5.230697e+05 5.185690e+05 5.144803e+05 5.052693e+05
4.742006e+05 4.742006e+05 4.742006e+05 4.742006e+05 4.742005e+05 4.742005e+05 4.743505e+05 4.852517e+05 4.973469e+05 5.087237e+05 5.238384e+05 5.317276e+05 5.361860e+05 5.389806e+05 5.408780e+05 5.422416e+05 5.432631e+05 5.459450e+05 5.470398e+05 5.475788e+05 5.478473e+05 5.479531e+05 5.479457e+05 5.476862e+05 5.471775e+05 5.464672e+05 5.455815e+05 5.445392e+05 5.433569e+05 5.291715e+05 5.226437e+05 5.172379e+05 5.071138e+05
4.811775e+05 4.811775e+05 4.811775e+05 4.811775e+05 4.811775e+05 4.811775e+05 4.813258e+05 4.921044e+05 5.040645e+05 5.153159e+05 5.302682e+05 5.380743e+05 5.424836e+05 5.452437e+05 5.471137e+05 5.484544e+05 5.494560e+05 5.520701e+05 5.531335e+05 5.536655e+05 5.539439e+05 5.540707e+05 5.540911e+05 5.538960e+05 5.534524e+05 5.528005e+05 5.519629e+05 5.509561e+05 5.497949e+05 5.347864e+05 5.264091e+05 5.197781e+05 5.088243e+05
4.875630e+05 4.875630e+05 4.875630e+05 4.875630e+05 4.875630e+05 4.875630e+05 4.877092e+05 4.983413e+05 5.101423e+05 5.212503e+05 5.360313e+05 5.437674e+05 5.481488e+05 5.508965e+05 5.527596e+05 5.540949e+05 5.550915e+05 5.576786e+05 5.587176e+05 5.592334e+05 5.595050e+05 5.596339e+05 5.596639e+05 5.595032e+05 5.591042e+05 5.584983e+05 5.577024e+05 5.567295e+05 5.555920e+05 5.399288e+05 5.298709e+05 5.221028e+05 5.103988e+05
4.933746e+05 4.933746e+05 4.933746e+05 4.933746e+05 4.933746e+05 4.933745e+05 4.935193e+05 5.040422e+05 5.157190e+05 5.267081e+05 5.413279e+05 5.489798e+05 5.533161e+05 5.560387e+05 5.578872e+05 5.592136e+05 5.602045e+05 5.627774e+05 5.638039e+05 5.643065e+05 5.645675e+05 5.646901e+05 5.647190e+05 5.645703e+05 5.641964e+05 5.636215e+05 5.628572e+05 5.619124e+05 5.607970e+05 5.446137e+05 5.330355e+05 5.242143e+05 5.118359e+05
4.986739e+05 4.986739e+05 4.986739e+05 4.986739e+05 4.986739e+05 4.986739e+05 4.988178e+05 5.092685e+05 5.208585e+05 5.317591e+05 5.462432e+05 5.538076e+05 5.580854e+05 5.607675e+05 5.625873e+05 5.638931e+05 5.648689e+05 5.674044e+05 5.684133e+05 5.689023e+05 5.691518e+05 5.692658e+05 5.692894e+05 5.691401e+05 5.687765e+05 5.682189e+05 5.674751e+05 5.665509e+05 5.654531e+05 5.488569e+05 5.359098e+05 5.261157e+05 5.131348e+05
5.035373e+05 5.035373e+05 5.035373e+05 5.035373e+05 5.035373e+05 5.035374e+05 5.036809e+05 5.140851e+05 5.256172e+05 5.364565e+05 5.508369e+05 5.583204e+05 5.625319e+05 5.651592e+05 5.669342e+05 5.682037e+05 5.691500e+05 5.716005e+05 5.725722e+05 5.730411e+05 5.732779e+05 5.733833e+05 5.734007e+05 5.732447e+05 5.728812e+05 5.723294e+05 5.715956e+05 5.706835e+05 5.695979e+05 5.526741e+05 5.385010e+05 5.278109e+05 5.142952e+05
5.080844e+05 5.080844e+05 5.080844e+05 5.080844e+05 5.080844e+05 5.080844e+05 5.082273e+05 5.185749e+05 5.300399e+05 5.408103e+05 5.550784e+05 5.624752e+05 5.666135e+05 5.691777e+05 5.708989e+05 5.721232e+05 5.730320e+05 5.753714e+05 5.762969e+05 5.767446e+05 5.769703e+05 5.770681e+05 5.770792e+05 5.769120e+05 5.765400e+05 5.759840e+05 5.752507e+05 5.743429e+05 5.732637e+05 5.560815e+05 5.408167e+05 5.293040e+05 5.153171e+05
5.123308e+05 5.123308e+05 5.123308e+05 5.123308e+05 5.123308e+05 5.123307e+05 5.124721e+05 5.227447e+05 5.341249e+05 5.448110e+05 5.589496e+05 5.662528e+05 5.703145e+05 5.728129e+05 5.744778e+05 5.756547e+05 5.765238e+05 5.787465e+05 5.796252e+05 5.800517e+05 5.802650e+05 5.803529e+05 5.803544e+05 5.801672e+05 5.797770e+05 5.792075e+05 5.784664e+05 5.775559e+05 5.764779e+05 5.590948e+05 5.428649e+05 5.305997e+05 5.162013e+05
5.160364e+05 5.160364e+05 5.160364e+05 5.160364e+05 5.160364e+05 5.160363e+05 5.161770e+05 5.264030e+05 5.377299e+05 5.483630e+05 5.624179e+05 5.696563e+05 5.736605e+05 5.761062e+05 5.777237e+05 5.788588e+05 5.796917e+05 5.817984e+05 5.826213e+05 5.830151e+05 5.832041e+05 5.832709e+05 5.832527e+05 5.830300e+05 5.826105e+05 5.820191e+05 5.812634e+05 5.803448e+05 5.792639e+05 5.617297e+05 5.446537e+05 5.317031e+05 5.169489e+05
5.192622e+05 5.192622e+05 5.192622e+05 5.192622e+05 5.192622e+05 5.192623e+05 5.194032e+05 5.296087e+05 5.409114e+05 5.515202e+05 5.655343e+05 5.727361e+05 5.767029e+05 5.791108e+05 5.806915e+05 5.817923e+05 5.825939e+05 5.845838e+05 5.853305e+05 5.856671e+05 5.858096e+05 5.858373e+05 5.857858e+05 5.855101e+05 5.850517e+05 5.844326e+05 5.836580e+05 5.827281e+05 5.816415e+05 5.640014e+05 5.461913e+05 5.326195e+05 5.175612e+05
5.223249e+05 5.223249e+05 5.223249e+05 5.223249e+05 5.223249e+05 5.223250e+05 5.224655e+05 5.326391e+05 5.439068e+05 5.544815e+05 5.684428e+05 5.756026e+05 5.795288e+05 5.818956e+05 5.834355e+05 5.844968e+05 5.852608e+05 5.870963e+05 5.877311e+05 5.879830e+05 5.880598e+05 5.880356e+05 5.879425e+05 5.876058e+05 5.871059e+05 5.864580e+05 5.856639e+05 5.847216e+05 5.836285e+05 5.659248e+05 5.474861e+05 5.333547e+05 5.180403e+05
5.251596e+05 5.251596e+05 5.251596e+05 5.251596e+05 5.251595e+05 5.251595e+05 5.252988e+05 5.354168e+05 5.466235e+05 5.571393e+05 5.710132e+05 5.781104e+05 5.819823e+05 5.842975e+05 5.857882e+05 5.868029e+05 5.875235e+05 5.891876e+05 5.897076e+05 5.898784e+05 5.898954e+05 5.898258e+05 5.896975e+05 5.893101e+05 5.887760e+05 5.881041e+05 5.872932e+05 5.863398e+05 5.852408e+05 5.675146e+05 5.485465e+05 5.339144e+05 5.183883e+05
5.275771e+05 5.275771e+05 5.275771e+05 5.275771e+05 5.275771e+05 5.275770e+05 5.277150e+05 5.377375e+05 5.488380e+05 5.592523e+05 5.729822e+05 5.799883e+05 5.837919e+05 5.860506e+05 5.874927e+05 5.884656e+05 5.891503e+05 5.906959e+05 5.911525e+05 5.912835e+05 5.912723e+05 5.911812e+05 5.910358e+05 5.906224e+05 5.900687e+05 5.893813e+05 5.885585e+05 5.875969e+05 5.864937e+05 5.687849e+05 5.493809e+05 5.343045e+05 5.186078e+05
5.295867e+05 5.295867e+05 5.295867e+05 5.295867e+05 5.295866e+05 5.295866e+05 5.297228e+05 5.396244e+05 5.505903e+05 5.608763e+05 5.744267e+05 5.813237e+05 5.850502e+05 5.872482e+05 5.886410e+05 5.895734e+05 5.902249e+05 5.916776e+05 5.921026e+05 5.922236e+05 5.922100e+05 5.921186e+05 5.919731e+05 5.915572e+05 5.909982e+05 5.903037e+05 5.894740e+05 5.885073e+05 5.874018e+05 5.697495e+05 5.499979e+05 5.345313e+05 5.187017e+05
5.312026e+05 5.312026e+05 5.312026e+05 5.312026e+05 5.312026e+05 5.312025e+05 5.313371e+05 5.411162e+05 5.519457e+05 5.621021e+05 5.754732e+05 5.822646e+05 5.859188e+05 5.880611e+05 5.894084e+05 5.903031e+05 5.909231e+05 5.922828e+05 5.926739e+05 5.927867e+05 5.927752e+05 5.926896e+05 5.925500e+05 5.921423e+05 5.915853e+05 5.908887e+05 5.900554e+05 5.890859e+05 5.879799e+05 5.704220e+05 5.504058e+05 5.346008e+05 5.186730e+05
5.324996e+05 5.324996e+05 5.324996e+05 5.324996e+05 5.324996e+05 5.324996e+05 5.326327e+05 5.422889e+05 5.529809e+05 5.630068e+05 5.761997e+05 5.828895e+05 5.864770e+05 5.885692e+05 5.898764e+05 5.907378e+05 5.913300e+05 5.926024e+05 5.929545e+05 5.930511e+05 5.930351e+05 5.929502e+05 5.928133e+05 5.924101e+05 5.918538e+05 5.911549e+05 5.903185e+05 5.893472e+05 5.882421e+05 5.708155e+05 5.506131e+05 5.345193e+05 5.185251e+05
5.335831e+05 5.335831e+05 5.335831e+05 5.335831e+05 5.335831e+05 5.335831e+05 5.337145e+05 5.432450e+05 5.537966e+05 5.636892e+05 5.766994e+05 5.832848e+05 5.868037e+05 5.888447e+05 5.901109e+05 5.909385e+05 5.915023e+05 5.926844e+05 5.929917e+05 5.930642e+05 5.930346e+05 5.929416e+05 5.927992e+05 5.923880e+05 5.918245e+05 5.911192e+05 5.902782e+05 5.893050e+05 5.882019e+05 5.709431e+05 5.506282e+05 5.342929e+05 5.182614e+05
5.344435e+05 5.344435e+05 5.344435e+05 5.344435e+05 5.344435e+05 5.344434e+05 5.345730e+05 5.439788e+05 5.543910e+05 5.641511e+05 5.769797e+05 5.834612e+05 5.869118e+05 5.889018e+05 5.901272e+05 5.909211e+05 5.914566e+05 5.925473e+05 5.928060e+05 5.928479e+05 5.927960e+05 5.926852e+05 5.925279e+05 5.920929e+05 5.915119e+05 5.907946e+05 5.899468e+05 5.889718e+05 5.878717e+05 5.708174e+05 5.504593e+05 5.339279e+05 5.178857e+05
5.350572e+05 5.350572e+05 5.350572e+05 5.350572e+05 5.350572e+05 5.350572e+05 5.351852e+05 5.444724e+05 5.547521e+05 5.643860e+05 5.770411e+05 5.834224e+05 5.868064e+05 5.887462e+05 5.899311e+05 5.906914e+05 5.911986e+05 5.921966e+05 5.924027e+05 5.924066e+05 5.923232e+05 5.921848e+05 5.920035e+05 5.915302e+05 5.909232e+05 5.901899e+05 5.893343e+05 5.883584e+05 5.872634e+05 5.704511e+05 5.501149e+05 5.334304e+05 5.174018e+05
5.354186e+05 5.354186e+05 5.354186e+05 5.354186e+05 5.354186e+05 5.354185e+05 5.355449e+05 5.447216e+05 5.548777e+05 5.643938e+05 5.768861e+05 5.831723e+05 5.864920e+05 5.883826e+05 5.895273e+05 5.902538e+05 5.907322e+05 5.916313e+05 5.917740e+05 5.917276e+05 5.916013e+05 5.914263e+05 5.912140e+05 5.906947e+05 5.900590e+05 5.893102e+05 5.884488e+05 5.874748e+05 5.863880e+05 5.698566e+05 5.496029e+05 5.328065e+05 5.168136e+05
5.355057e+05 5.355057e+05 5.355057e+05 5.355057e+05 5.355057e+05 5.355056e+05 5.356307e+05 5.447101e+05 5.547569e+05 5.641684e+05 5.765144e+05 5.827125e+05 5.859699e+05 5.878105e+05 5.889127e+05 5.896020e+05 5.900474e+05 5.908228e+05 5.908799e+05 5.907688e+05 5.905921e+05 5.903777e+05 5.901350e+05 5.895750e+05 5.889175e+05 5.881595e+05 5.872980e+05 5.863308e+05 5.852569e+05 5.690463e+05 5.489317e+05 5.320622e+05 5.161250e+05
5.353180e+05 5.353180e+05 5.353180e+05 5.353180e+05 5.353180e+05 5.353179e+05 5.354415e+05 5.444233e+05 5.543595e+05 5.636637e+05 5.758551e+05 5.819546e+05 5.851387e+05 5.869189e+05 5.879689e+05 5.886126e+05 5.890177e+05 5.896490e+05 5.896194e+05 5.894525e+05 5.892390e+05 5.889999e+05 5.887406e+05 5.881625e+05 5.874995e+05 5.867440e+05 5.858910e+05 5.849375e+05 5.838819e+05 5.680323e+05 5.481092e+05 5.312035e+05 5.153401e+05
5.348295e+05 5.348295e+05 5.348295e+05 5.348295e+05 5.348295e+05 5.348294e+05 5.349510e+05 5.437791e+05 5.535418e+05 5.626795e+05 5.746377e+05 5.805999e+05 5.836933e+05 5.854079e+05 5.864083e+05 5.870136e+05 5.873888e+05 5.879430e+05 5.878905e+05 5.877197e+05 5.875096e+05 5.872768e+05 5.870248e+05 5.864621e+05 5.858144e+05 5.850751e+05 5.842402e+05 5.833076e+05 5.822764e+05 5.668267e+05 5.471433e+05 5.302361e+05 5.144630e+05
5.340294e+05 5.340294e+05 5.340294e+05 5.340294e+05 5.340294e+05 5.340292e+05 5.341476e+05 5.427700e+05 5.523024e+05 5.612205e+05 5.728776e+05 5.786721e+05 5.816647e+05 5.833146e+05 5.842731e+05 5.848518e+05 5.852111e+05 5.857633e+05 5.857495e+05 5.856202e+05 5.854469e+05 5.852454e+05 5.850197e+05 5.844980e+05 5.838819e+05 5.831699e+05 5.823613e+05 5.814561e+05 5.804545e+05 5.654417e+05 5.460420e+05 5.291658e+05 5.134978e+05
5.327591e+05 5.327591e+05 5.327591e+05 5.327591e+05 5.327591e+05 5.327589e+05 5.328755e+05 5.413592e+05 5.507339e+05 5.594993e+05 5.709393e+05 5.766030e+05 5.795085e+05 5.810962e+05 5.820090e+05 5.825543e+05 5.828893e+05 5.833984e+05 5.833971e+05 5.832965e+05 5.831550e+05 5.829837e+05 5.827852e+05 5.823088e+05 5.817294e+05 5.810498e+05 5.802724e+05 5.793993e+05 5.784319e+05 5.638891e+05 5.448128e+05 5.279982e+05 5.124485e+05
5.309861e+05 5.309861e+05 5.309861e+05 5.309861e+05 5.309861e+05 5.309860e+05 5.311025e+05 5.395453e+05 5.488697e+05 5.575827e+05 5.689364e+05 5.745330e+05 5.773811e+05 5.789183e+05 5.797869e+05 5.802940e+05 5.805964e+05 5.810053e+05 5.809661e+05 5.808570e+05 5.807211e+05 5.805617e+05 5.803778e+05 5.799329e+05 5.793851e+05 5.787372e+05 5.779927e+05 5.771545e+05 5.762246e+05 5.621809e+05 5.434635e+05 5.267386e+05 5.113193e+05
5.289387e+05 5.289387e+05 5.289387e+05 5.289387e+05 5.289387e+05 5.289387e+05 5.290547e+05 5.374498e+05 5.467183e+05 5.553757e+05 5.666481e+05 5.721948e+05 5.750094e+05 5.765214e+05 5.773699e+05 5.778602e+05 5.781484e+05 5.785085e+05 5.784414e+05 5.783157e+05 5.781711e+05 5.780092e+05 5.778274e+05 5.773966e+05 5.768716e+05 5.762522e+05 5.755405e+05 5.747388e+05 5.738486e+05 5.603286e+05 5.420015e+05 5.253926e+05 5.101141e+05
5.268053e+05 5.268053e+05 5.268053e+05 5.268053e+05 5.268053e+05 5.268052e+05 5.269193e+05 5.351750e+05 5.442878e+05 5.527992e+05 5.638876e+05 5.693607e+05 5.721583e+05 5.736798e+05 5.745485e+05 5.750621e+05 5.753728e+05 5.758070e+05 5.757633e+05 5.756389e+05 5.754889e+05 5.753218e+05 5.751375e+05 5.747122e+05 5.742046e+05 5.736115e+05 5.729325e+05 5.721684e+05 5.713200e+05 5.583439e+05 5.404340e+05 5.239651e+05 5.088368e+05
