4.822707e+05 2.632118e+05 2.207824e+05 1.550126e+05 1.314032e+05 8.668159e+04 7.186765e+04 6.014408e+04 5.736891e+04 5.554183e+04 5.354381e+04 5.281814e+04 5.283555e+04 5.334792e+04 5.421924e+04 5.535342e+04 5.665563e+04 6.078577e+04 5.210605e+04 4.038039e+04 3.339492e+04 2.999094e+04 2.848245e+04 2.791211e+04 2.852843e+04 2.950634e+04 3.067559e+04 3.209199e+04 3.389635e+04 9.838604e+04 2.346336e+05 3.723138e+05 4.779510e+05
6.675662e+04 6.675664e+04 6.675662e+04 6.675053e+04 6.671377e+04 6.503243e+04 6.196812e+04 5.642574e+04 5.489638e+04 5.382638e+04 5.266421e+04 5.236993e+04 5.264344e+04 5.332399e+04 5.431374e+04 5.553436e+04 5.689925e+04 6.107128e+04 5.220418e+04 4.038020e+04 3.338142e+04 2.998805e+04 2.849238e+04 2.793880e+04 2.856159e+04 2.954100e+04 3.071044e+04 3.212781e+04 3.393513e+04 9.857531e+04 2.349764e+05 3.726862e+05 4.782775e+05
5.527923e+04 5.527925e+04 5.527933e+04 5.528101e+04 5.528359e+04 5.505049e+04 5.451936e+04 5.332993e+04 5.246778e+04 5.199188e+04 5.171515e+04 5.191264e+04 5.247634e+04 5.334360e+04 5.446180e+04 5.577381e+04 5.720293e+04 6.139539e+04 5.231228e+04 4.038067e+04 3.336773e+04 2.998554e+04 2.850315e+04 2.796659e+04 2.859572e+04 2.957646e+04 3.074595e+04 3.216425e+04 3.397453e+04 9.876664e+04 2.353217e+05 3.730603e+05 4.786051e+05
5.126678e+04 5.126680e+04 5.126685e+04 5.126812e+04 5.127130e+04 5.128867e+04 5.106868e+04 5.140133e+04 5.139405e+04 5.119636e+04 5.106421e+04 5.155882e+04 5.237981e+04 5.342968e+04 5.467726e+04 5.608132e+04 5.757383e+04 6.176005e+04 5.243053e+04 4.038177e+04 3.335389e+04 2.998346e+04 2.851480e+04 2.799550e+04 2.863083e+04 2.961271e+04 3.078212e+04 3.220128e+04 3.401454e+04 9.896007e+04 2.356693e+05 3.734361e+05 4.789338e+05
4.989558e+04 4.989560e+04 4.989563e+04 4.989665e+04 4.989945e+04 4.994571e+04 4.992641e+04 5.012789e+04 5.055833e+04 5.088205e+04 5.117488e+04 5.160275e+04 5.245778e+04 5.362631e+04 5.498183e+04 5.646915e+04 5.801972e+04 6.216658e+04 5.255887e+04 4.038342e+04 3.333990e+04 2.998184e+04 2.852737e+04 2.802555e+04 2.866693e+04 2.964975e+04 3.081894e+04 3.223891e+04 3.405517e+04 9.915560e+04 2.360193e+05 3.738137e+05 4.792635e+05
4.963494e+04 4.963495e+04 4.963498e+04 4.963579e+04 4.963808e+04 4.968662e+04 4.974590e+04 4.984433e+04 5.019585e+04 5.068708e+04 5.152900e+04 5.215545e+04 5.293588e+04 5.403369e+04 5.542157e+04 5.696099e+04 5.855376e+04 6.261592e+04 5.269697e+04 4.038546e+04 3.332574e+04 2.998073e+04 2.854090e+04 2.805677e+04 2.870401e+04 2.968757e+04 3.085641e+04 3.227714e+04 3.409643e+04 9.935325e+04 2.363716e+05 3.741931e+05 4.795943e+05
4.994375e+04 4.994376e+04 4.994378e+04 4.994445e+04 4.994638e+04 4.999280e+04 5.008168e+04 5.021370e+04 5.043192e+04 5.084539e+04 5.191843e+04 5.287214e+04 5.376261e+04 5.480808e+04 5.609490e+04 5.760388e+04 5.920131e+04 6.310926e+04 5.284434e+04 4.038768e+04 3.331140e+04 2.998014e+04 2.855542e+04 2.808915e+04 2.874209e+04 2.972618e+04 3.089454e+04 3.231596e+04 3.413830e+04 9.955305e+04 2.367264e+05 3.745742e+05 4.799262e+05
5.061900e+04 5.061901e+04 5.061903e+04 5.061959e+04 5.062127e+04 5.066457e+04 5.076256e+04 5.095604e+04 5.111085e+04 5.141426e+04 5.244012e+04 5.362145e+04 5.472251e+04 5.583618e+04 5.708290e+04 5.849051e+04 6.000918e+04 6.364888e+04 5.300041e+04 4.038983e+04 3.329684e+04 2.998011e+04 2.857095e+04 2.812272e+04 2.878115e+04 2.976557e+04 3.093330e+04 3.235539e+04 3.418079e+04 9.975502e+04 2.370837e+05 3.749571e+05 4.802591e+05
5.155518e+04 5.155519e+04 5.155521e+04 5.155571e+04 5.155720e+04 5.159726e+04 5.169580e+04 5.193560e+04 5.207871e+04 5.231292e+04 5.319268e+04 5.443620e+04 5.572742e+04 5.698420e+04 5.827153e+04 5.963743e+04 6.105663e+04 6.423909e+04 5.316465e+04 4.039164e+04 3.328202e+04 2.998065e+04 2.858753e+04 2.815747e+04 2.882120e+04 2.980573e+04 3.097271e+04 3.239540e+04 3.422391e+04 9.995916e+04 2.374433e+05 3.753417e+05 4.805931e+05
5.268745e+04 5.268746e+04 5.268747e+04 5.268791e+04 5.268923e+04 5.272573e+04 5.282092e+04 5.308939e+04 5.324389e+04 5.345121e+04 5.419684e+04 5.538932e+04 5.678351e+04 5.818966e+04 5.957224e+04 6.095189e+04 6.231588e+04 6.488737e+04 5.333679e+04 4.039287e+04 3.326690e+04 2.998178e+04 2.860518e+04 2.819343e+04 2.886223e+04 2.984665e+04 3.101274e+04 3.243600e+04 3.426765e+04 1.001655e+05 2.378054e+05 3.757281e+05 4.809281e+05
5.396754e+04 5.396754e+04 5.396756e+04 5.396796e+04 5.396918e+04 5.400382e+04 5.409712e+04 5.438790e+04 5.456242e+04 5.477047e+04 5.543033e+04 5.652764e+04 5.793655e+04 5.944725e+04 6.093790e+04 6.237005e+04 6.371660e+04 6.560593e+04 5.351694e+04 4.039334e+04 3.325148e+04 2.998354e+04 2.862392e+04 2.823059e+04 2.890424e+04 2.988834e+04 3.105341e+04 3.247719e+04 3.431202e+04 1.003741e+05 2.381700e+05 3.761162e+05 4.812642e+05
7.478025e+04 7.478025e+04 7.478026e+04 7.478056e+04 7.478149e+04 7.481068e+04 7.490074e+04 7.525081e+04 7.550386e+04 7.580034e+04 7.648038e+04 7.720150e+04 7.791076e+04 7.860133e+04 7.927175e+04 7.988459e+04 8.034874e+04 7.524862e+04 5.598821e+04 4.047428e+04 3.312199e+04 3.005622e+04 2.888133e+04 2.866833e+04 2.937538e+04 3.034404e+04 3.149231e+04 3.292010e+04 3.478977e+04 1.025857e+05 2.419532e+05 3.800956e+05 4.846838e+05
9.669915e+04 9.669915e+04 9.669915e+04 9.669906e+04 9.669878e+04 9.668670e+04 9.663971e+04 9.640037e+04 9.618950e+04 9.591914e+04 9.523186e+04 9.440288e+04 9.347952e+04 9.248907e+04 9.143996e+04 9.031585e+04 8.906620e+04 7.735453e+04 5.598646e+04 4.051447e+04 3.341434e+04 3.048750e+04 2.938429e+04 2.923952e+04 2.993110e+04 3.085966e+04 3.198167e+04 3.341481e+04 3.532857e+04 1.050399e+05 2.459939e+05 3.842551e+05 4.882093e+05
8.097118e+04 8.097118e+04 8.097118e+04 8.097117e+04 8.097117e+04 8.097026e+04 8.096559e+04 8.094141e+04 8.092111e+04 8.089483e+04 8.082196e+04 8.071666e+04 8.057036e+04 8.037028e+04 8.009373e+04 7.970011e+04 7.912477e+04 7.033784e+04 5.239806e+04 3.953560e+04 3.372198e+04 3.130949e+04 3.034049e+04 3.005056e+04 3.058260e+04 3.142647e+04 3.251179e+04 3.395574e+04 3.592797e+04 1.077567e+05 2.503026e+05 3.885974e+05 4.918405e+05
6.910798e+04 6.910798e+04 6.910798e+04 6.910797e+04 6.910795e+04 6.910713e+04 6.910504e+04 6.910001e+04 6.909746e+04 6.909487e+04 6.908909e+04 6.908110e+04 6.906800e+04 6.904285e+04 6.898872e+04 6.887119e+04 6.863307e+04 6.272859e+04 4.883871e+04 3.859833e+04 3.399870e+04 3.214051e+04 3.140253e+04 3.110918e+04 3.141296e+04 3.206829e+04 3.308787e+04 3.454562e+04 3.659295e+04 1.107568e+05 2.548895e+05 3.931248e+05 4.955764e+05
6.217793e+04 6.217793e+04 6.217793e+04 6.217793e+04 6.217794e+04 6.217799e+04 6.217846e+04 6.218362e+04 6.218890e+04 6.219607e+04 6.221589e+04 6.224232e+04 6.227345e+04 6.230411e+04 6.232101e+04 6.229659e+04 6.218436e+04 5.786577e+04 4.679347e+04 3.837707e+04 3.452421e+04 3.297114e+04 3.237813e+04 3.215196e+04 3.234984e+04 3.284904e+04 3.375158e+04 3.520591e+04 3.734043e+04 1.140621e+05 2.597640e+05 3.978387e+05 4.994159e+05
5.910175e+04 5.910175e+04 5.910175e+04 5.910177e+04 5.910182e+04 5.910337e+04 5.910783e+04 5.912223e+04 5.913151e+04 5.914214e+04 5.916759e+04 5.919862e+04 5.923427e+04 5.927066e+04 5.929686e+04 5.928960e+04 5.920929e+04 5.560800e+04 4.612610e+04 3.877303e+04 3.529689e+04 3.383244e+04 3.325281e+04 3.304050e+04 3.322761e+04 3.368096e+04 3.454311e+04 3.599362e+04 3.820748e+04 1.176960e+05 2.649353e+05 4.027402e+05 5.033574e+05
5.836096e+04 5.836096e+04 5.836096e+04 5.836097e+04 5.836100e+04 5.836183e+04 5.836435e+04 5.837399e+04 5.838091e+04 5.838899e+04 5.840780e+04 5.842871e+04 5.845005e+04 5.846825e+04 5.847379e+04 5.844620e+04 5.835028e+04 5.496073e+04 4.624742e+04 3.944776e+04 3.614231e+04 3.466725e+04 3.402975e+04 3.375489e+04 3.396886e+04 3.447326e+04 3.539454e+04 3.692865e+04 3.926072e+04 1.216835e+05 2.704118e+05 4.078298e+05 5.073989e+05
5.839052e+04 5.839052e+04 5.839052e+04 5.839052e+04 5.839053e+04 5.839074e+04 5.839136e+04 5.839323e+04 5.839401e+04 5.839440e+04 5.839375e+04 5.839109e+04 5.838607e+04 5.837611e+04 5.835271e+04 5.829695e+04 5.817613e+04 5.484479e+04 4.655953e+04 4.008971e+04 3.688605e+04 3.539038e+04 3.469066e+04 3.432730e+04 3.457328e+04 3.519215e+04 3.626403e+04 3.797314e+04 4.050827e+04 1.260522e+05 2.762014e+05 4.131071e+05 5.115381e+05
5.808307e+04 5.808307e+04 5.808307e+04 5.808306e+04 5.808304e+04 5.808235e+04 5.808018e+04 5.807235e+04 5.806713e+04 5.806121e+04 5.804757e+04 5.803185e+04 5.801384e+04 5.799105e+04 5.795542e+04 5.788912e+04 5.776135e+04 5.455301e+04 4.667785e+04 4.051477e+04 3.742902e+04 3.594890e+04 3.522103e+04 3.479944e+04 3.508568e+04 3.585482e+04 3.714760e+04 3.911718e+04 4.193975e+04 1.308324e+05 2.823114e+05 4.185711e+05 5.157722e+05
5.707890e+04 5.707890e+04 5.707890e+04 5.707890e+04 5.707890e+04 5.707901e+04 5.707928e+04 5.707987e+04 5.707999e+04 5.707987e+04 5.707861e+04 5.707542e+04 5.706926e+04 5.705731e+04 5.703182e+04 5.697615e+04 5.686168e+04 5.387072e+04 4.648185e+04 4.067750e+04 3.775639e+04 3.634051e+04 3.563053e+04 3.521370e+04 3.556718e+04 3.651291e+04 3.807653e+04 4.037784e+04 4.356716e+04 1.360582e+05 2.887484e+05 4.242203e+05 5.200981e+05
5.593374e+04 5.593374e+04 5.593374e+04 5.593373e+04 5.593371e+04 5.593302e+04 5.593088e+04 5.592290e+04 5.591757e+04 5.591158e+04 5.589797e+04 5.588253e+04 5.586508e+04 5.584354e+04 5.581103e+04 5.575227e+04 5.564075e+04 5.286270e+04 4.601258e+04 4.062292e+04 3.791249e+04 3.660449e+04 3.595554e+04 3.561655e+04 3.608228e+04 3.723538e+04 3.910875e+04 4.179794e+04 4.542258e+04 1.417683e+05 2.955186e+05 4.300523e+05 5.245122e+05
5.428976e+04 5.428976e+04 5.428976e+04 5.428976e+04 5.428976e+04 5.428983e+04 5.428999e+04 5.429035e+04 5.429047e+04 5.429048e+04 5.428999e+04 5.428835e+04 5.428476e+04 5.427685e+04 5.425811e+04 5.421450e+04 5.412186e+04 5.161691e+04 4.536153e+04 4.043380e+04 3.797061e+04 3.680450e+04 3.625205e+04 3.606188e+04 3.669685e+04 3.809835e+04 4.031897e+04 4.344163e+04 4.755775e+04 1.480078e+05 3.026278e+05 4.360641e+05 5.290107e+05
5.274197e+04 5.274197e+04 5.274197e+04 5.274197e+04 5.274196e+04 5.274168e+04 5.274078e+04 5.273724e+04 5.273469e+04 5.273167e+04 5.272445e+04 5.271591e+04 5.270598e+04 5.269302e+04 5.267145e+04 5.262872e+04 5.254299e+04 5.028280e+04 4.463798e+04 4.020193e+04 3.801281e+04 3.701476e+04 3.658772e+04 3.661236e+04 3.748055e+04 3.918212e+04 4.179189e+04 4.538867e+04 5.004167e+04 1.548307e+05 3.100814e+05 4.422521e+05 5.335892e+05
5.104046e+04 5.104046e+04 5.104046e+04 5.104046e+04 5.104046e+04 5.104055e+04 5.104079e+04 5.104167e+04 5.104226e+04 5.104292e+04 5.104421e+04 5.104518e+04 5.104524e+04 5.104256e+04 5.103197e+04 5.100214e+04 5.093356e+04 4.894902e+04 4.393545e+04 4.001356e+04 3.812031e+04 3.731300e+04 3.703739e+04 3.734032e+04 3.851032e+04 4.057237e+04 4.361932e+04 4.772980e+04 5.295701e+04 1.623095e+05 3.178846e+05 4.486122e+05 5.382431e+05
4.956798e+04 4.956798e+04 4.956798e+04 4.956798e+04 4.956798e+04 4.956803e+04 4.956814e+04 4.956843e+04 4.956856e+04 4.956866e+04 4.956866e+04 4.956831e+04 4.956730e+04 4.956422e+04 4.955461e+04 4.952854e+04 4.946879e+04 4.772938e+04 4.334083e+04 3.994816e+04 3.837232e+04 3.777975e+04 3.768281e+04 3.832951e+04 3.987390e+04 4.236293e+04 4.590002e+04 5.056396e+04 5.639668e+04 1.704875e+05 3.260427e+05 4.551394e+05 5.429675e+05
4.823405e+04 4.823405e+04 4.823405e+04 4.823405e+04 4.823405e+04 4.823422e+04 4.823467e+04 4.823588e+04 4.823653e+04 4.823717e+04 4.823841e+04 4.823952e+04 4.824029e+04 4.823948e+04 4.823317e+04 4.821273e+04 4.816316e+04 4.667051e+04 4.291770e+04 4.007949e+04 3.885007e+04 3.850241e+04 3.861621e+04 3.967824e+04 4.167300e+04 4.465849e+04 4.874070e+04 5.399689e+04 6.046088e+04 1.793660e+05 3.345613e+05 4.618287e+05 5.477572e+05
4.709601e+04 4.709601e+04 4.709601e+04 4.709601e+04 4.709601e+04 4.709604e+04 4.709613e+04 4.709653e+04 4.709682e+04 4.709720e+04 4.709829e+04 4.709995e+04 4.710213e+04 4.710378e+04 4.710153e+04 4.708788e+04 4.704999e+04 4.581645e+04 4.272936e+04 4.048731e+04 3.964556e+04 3.958242e+04 3.994622e+04 4.150307e+04 4.402610e+04 4.757661e+04 5.225679e+04 5.814022e+04 6.525477e+04 1.889507e+05 3.434464e+05 4.686742e+05 5.526064e+05
4.620811e+04 4.620811e+04 4.620811e+04 4.620811e+04 4.620812e+04 4.620839e+04 4.620916e+04 4.621192e+04 4.621384e+04 4.621609e+04 4.622143e+04 4.622771e+04 4.623453e+04 4.624084e+04 4.624374e+04 4.623703e+04 4.621024e+04 4.523538e+04 4.285164e+04 4.126673e+04 4.087023e+04 4.114306e+04 4.180416e+04 4.394229e+04 4.706979e+04 5.124812e+04 5.657208e+04 6.311031e+04 7.088622e+04 1.992458e+05 3.527054e+05 4.756701e+05 5.575096e+05
4.568701e+04 4.568701e+04 4.568701e+04 4.568701e+04 4.568701e+04 4.568705e+04 4.568717e+04 4.568763e+04 4.568798e+04 4.568843e+04 4.568967e+04 4.569146e+04 4.569384e+04 4.569625e+04 4.569661e+04 4.569026e+04 4.566928e+04 4.495979e+04 4.336096e+04 4.253324e+04 4.266287e+04 4.333649e+04 4.434941e+04 4.715753e+04 5.095815e+04 5.581547e+04 6.181689e+04 6.902608e+04 7.746333e+04 2.102517e+05 3.623475e+05 4.828099e+05 5.624608e+05
4.530081e+04 4.530081e+04 4.530081e+04 4.530082e+04 4.530083e+04 4.530120e+04 4.530234e+04 4.530655e+04 4.530946e+04 4.531286e+04 4.532097e+04 4.533068e+04 4.534172e+04 4.535347e+04 4.536429e+04 4.537094e+04 4.536831e+04 4.501020e+04 4.435434e+04 4.443498e+04 4.519752e+04 4.634844e+04 4.777131e+04 5.133184e+04 5.585897e+04 6.142866e+04 6.812434e+04 7.600588e+04 8.509151e+04 2.219653e+05 3.723860e+05 4.900875e+05 5.674539e+05
4.539354e+04 4.539354e+04 4.539354e+04 4.539354e+04 4.539355e+04 4.539378e+04 4.539451e+04 4.539730e+04 4.539934e+04 4.540178e+04 4.540795e+04 4.541596e+04 4.542594e+04 4.543776e+04 4.545078e+04 4.546370e+04 4.547480e+04 4.551111e+04 4.598422e+04 4.716381e+04 4.868653e+04 5.039704e+04 5.228519e+04 5.666268e+04 6.194618e+04 6.823851e+04 7.562491e+04 8.416317e+04 9.387003e+04 2.343794e+05 3.828446e+05 4.974963e+05 5.724828e+05
4.587353e+04 4.587353e+04 4.587353e+04 4.587354e+04 4.587356e+04 4.587413e+04 4.587591e+04 4.588272e+04 4.588753e+04 4.589319e+04 4.590684e+04 4.592339e+04 4.594267e+04 4.596456e+04 4.598917e+04 4.601733e+04 4.605139e+04 4.658317e+04 4.843652e+04 5.094923e+04 5.337304e+04 5.572219e+04 5.811986e+04 6.334901e+04 6.938882e+04 7.638795e+04 8.443995e+04 9.360177e+04 1.038884e+05 2.474829e+05 3.937359e+05 5.050303e+05 5.775411e+05
4.707267e+04 4.707267e+04 4.707267e+04 4.707267e+04 4.707268e+04 4.707308e+04 4.707432e+04 4.707921e+04 4.708284e+04 4.708725e+04 4.709845e+04 4.711297e+04 4.713106e+04 4.715330e+04 4.718121e+04 4.721848e+04 4.727261e+04 4.839317e+04 5.193274e+04 5.604563e+04 5.951145e+04 6.256368e+04 6.549597e+04 7.157343e+04 7.833769e+04 8.600251e+04 9.467494e+04 1.044111e+05 1.152230e+05 2.612607e+05 4.050208e+05 5.126837e+05 5.826228e+05
4.887783e+04 4.887783e+04 4.887783e+04 4.887784e+04 4.887787e+04 4.887882e+04 4.888139e+04 4.889079e+04 4.889760e+04 4.890581e+04 4.892642e+04 4.895258e+04 4.898436e+04 4.902252e+04 4.906982e+04 4.913322e+04 4.922639e+04 5.112654e+04 5.672136e+04 6.270759e+04 6.733595e+04 7.113029e+04 7.459848e+04 8.148289e+04 8.891258e+04 9.718188e+04 1.064139e+05 1.166625e+05 1.279343e+05 2.756936e+05 4.166635e+05 5.204511e+05 5.877217e+05
5.183104e+04 5.183104e+04 5.183104e+04 5.183105e+04 5.183107e+04 5.183188e+04 5.183439e+04 5.184446e+04 5.185210e+04 5.186158e+04 5.188639e+04 5.191953e+04 5.196168e+04 5.201428e+04 5.208177e+04 5.217492e+04 5.231444e+04 5.513655e+04 6.309130e+04 7.115989e+04 7.702485e+04 8.156839e+04 8.555147e+04 9.317366e+04 1.011935e+05 1.099947e+05 1.197160e+05 1.304063e+05 1.420647e+05 2.907582e+05 4.286288e+05 5.283284e+05 5.928318e+05
5.634528e+04 5.634528e+04 5.634528e+04 5.634530e+04 5.634535e+04 5.634691e+04 5.635181e+04 5.637130e+04 5.638577e+04 5.640324e+04 5.644662e+04 5.650049e+04 5.656446e+04 5.663997e+04 5.673315e+04 5.685923e+04 5.704715e+04 6.084093e+04 7.130355e+04 8.155055e+04 8.866899e+04 9.394117e+04 9.840467e+04 1.066861e+05 1.152189e+05 1.244777e+05 1.346149e+05 1.456721e+05 1.576385e+05 3.064266e+05 4.408799e+05 5.363129e+05 5.979474e+05
6.307113e+04 6.307113e+04 6.307113e+04 6.307114e+04 6.307117e+04 6.307225e+04 6.307562e+04 6.308954e+04 6.310031e+04 6.311371e+04 6.314862e+04 6.319462e+04 6.325243e+04 6.332468e+04 6.341979e+04 6.355769e+04 6.377571e+04 6.849872e+04 8.148684e+04 9.391357e+04 1.022619e+05 1.082300e+05 1.131393e+05 1.220121e+05 1.309912e+05 1.406398e+05 1.511214e+05 1.624690e+05 1.746617e+05 3.226659e+05 4.533779e+05 5.444044e+05 6.030630e+05
7.164222e+04 7.164222e+04 7.164223e+04 7.164224e+04 7.164229e+04 7.164383e+04 7.164863e+04 7.166778e+04 7.168213e+04 7.169965e+04 7.174418e+04 7.180122e+04 7.187104e+04 7.195637e+04 7.206729e+04 7.222822e+04 7.248492e+04 7.814649e+04 9.362434e+04 1.081838e+05 1.177250e+05 1.243608e+05 1.296924e+05 1.391124e+05 1.484886e+05 1.584686e+05 1.692268e+05 1.807883e+05 1.931231e+05 3.394381e+05 4.660823e+05 5.526087e+05 6.081734e+05
8.241629e+04 8.241629e+04 8.241629e+04 8.241630e+04 8.241634e+04 8.241753e+04 8.242128e+04 8.243674e+04 8.244859e+04 8.246322e+04 8.250092e+04 8.255013e+04 8.261183e+04 8.269002e+04 8.279732e+04 8.296309e+04 8.324161e+04 8.976067e+04 1.076307e+05 1.242536e+05 1.349551e+05 1.422441e+05 1.479895e+05 1.579376e+05 1.676776e+05 1.779386e+05 1.889077e+05 2.006052e+05 2.129953e+05 3.567001e+05 4.789505e+05 5.609345e+05 6.132741e+05
9.482494e+04 9.482494e+04 9.482494e+04 9.482496e+04 9.482503e+04 9.482703e+04 9.483326e+04 9.485779e+04 9.487572e+04 9.489724e+04 9.495058e+04 9.501708e+04 9.509674e+04 9.519323e+04 9.532035e+04 9.551147e+04 9.582860e+04 1.032167e+05 1.233959e+05 1.420221e+05 1.538665e+05 1.618090e+05 1.679719e+05 1.784453e+05 1.885231e+05 1.990162e+05 2.101286e+05 2.218805e+05 2.342346e+05 3.744028e+05 4.919393e+05 5.693502e+05 6.183609e+05
1.095005e+05 1.095005e+05 1.095005e+05 1.095005e+05 1.095006e+05 1.095014e+05 1.095040e+05 1.095145e+05 1.095227e+05 1.095333e+05 1.095621e+05 1.096022e+05 1.096554e+05 1.097273e+05 1.098342e+05 1.100142e+05 1.103367e+05 1.184530e+05 1.408335e+05 1.614250e+05 1.744135e+05 1.830203e+05 1.896094e+05 2.006064e+05 2.109918e+05 2.216612e+05 2.328418e+05 2.445600e+05 2.567815e+05 3.924917e+05 5.050041e+05 5.778239e+05 6.234305e+05
1.252342e+05 1.252342e+05 1.252342e+05 1.252342e+05 1.252343e+05 1.252364e+05 1.252430e+05 1.252693e+05 1.252887e+05 1.253119e+05 1.253690e+05 1.254391e+05 1.255218e+05 1.256214e+05 1.257550e+05 1.259642e+05 1.263259e+05 1.352541e+05 1.598548e+05 1.824344e+05 1.965902e+05 2.058762e+05 2.128969e+05 2.244017e+05 2.350482e+05 2.458240e+05 2.569859e+05 2.685726e+05 2.805583e+05 4.109065e+05 5.181003e+05 5.863271e+05 6.284805e+05
1.430748e+05 1.430748e+05 1.430748e+05 1.430748e+05 1.430748e+05 1.430754e+05 1.430773e+05 1.430849e+05 1.430911e+05 1.430990e+05 1.431214e+05 1.431538e+05 1.431988e+05 1.432630e+05 1.433664e+05 1.435553e+05 1.439143e+05 1.535551e+05 1.804209e+05 2.050560e+05 2.204151e+05 2.303913e+05 2.378381e+05 2.498087e+05 2.606461e+05 2.714388e+05 2.824804e+05 2.938279e+05 3.054682e+05 4.295820e+05 5.311835e+05 5.948326e+05 6.335097e+05
1.614201e+05 1.614201e+05 1.614201e+05 1.614201e+05 1.614202e+05 1.614222e+05 1.614288e+05 1.614546e+05 1.614735e+05 1.614961e+05 1.615514e+05 1.616192e+05 1.616996e+05 1.617983e+05 1.619364e+05 1.621639e+05 1.625734e+05 1.731562e+05 2.024972e+05 2.293074e+05 2.459083e+05 2.565723e+05 2.644229e+05 2.767842e+05 2.877154e+05 2.984155e+05 3.092210e+05 3.202121e+05 3.313924e+05 4.484477e+05 5.442099e+05 6.033136e+05 6.385186e+05
1.816300e+05 1.816300e+05 1.816300e+05 1.816300e+05 1.816300e+05 1.816311e+05 1.816345e+05 1.816482e+05 1.816589e+05 1.816725e+05 1.817086e+05 1.817574e+05 1.818206e+05 1.819056e+05 1.820359e+05 1.822665e+05 1.826988e+05 1.942078e+05 2.261517e+05 2.552186e+05 2.730693e+05 2.843931e+05 2.926037e+05 3.052475e+05 3.161511e+05 3.266316e+05 3.370739e+05 3.475854e+05 3.581892e+05 4.674289e+05 5.571365e+05 6.117439e+05 6.435111e+05
2.029675e+05 2.029675e+05 2.029675e+05 2.029675e+05 2.029676e+05 2.029698e+05 2.029765e+05 2.030022e+05 2.030206e+05 2.030425e+05 2.030968e+05 2.031649e+05 2.032483e+05 2.033546e+05 2.035095e+05 2.037732e+05 2.042560e+05 2.168236e+05 2.514644e+05 2.827902e+05 3.018456e+05 3.137695e+05 3.222755e+05 3.350666e+05 3.458036e+05 3.559264e+05 3.658723e+05 3.757796e+05 3.856928e+05 4.864477e+05 5.699220e+05 6.200978e+05 6.484967e+05
2.261783e+05 2.261783e+05 2.261783e+05 2.261783e+05 2.261784e+05 2.261807e+05 2.261878e+05 2.262162e+05 2.262375e+05 2.262635e+05 2.263295e+05 2.264143e+05 2.265190e+05 2.266514e+05 2.268384e+05 2.271439e+05 2.276864e+05 2.413152e+05 2.785290e+05 3.119657e+05 3.321128e+05 3.445466e+05 3.532672e+05 3.660526e+05 3.764750e+05 3.860983e+05 3.954155e+05 4.045984e+05 4.137142e+05 5.054234e+05 5.825265e+05 6.283501e+05 6.534618e+05
2.521953e+05 2.521953e+05 2.521953e+05 2.521953e+05 2.521954e+05 2.521977e+05 2.522051e+05 2.522336e+05 2.522543e+05 2.522791e+05 2.523412e+05 2.524196e+05 2.525157e+05 2.526383e+05 2.528165e+05 2.531189e+05 2.536720e+05 2.680228e+05 3.073649e+05 3.426050e+05 3.636712e+05 3.765003e+05 3.853432e+05 3.979609e+05 4.079195e+05 4.169056e+05 4.254702e+05 4.338194e+05 4.420436e+05 5.242742e+05 5.949126e+05 6.364766e+05 6.583858e+05
2.804049e+05 2.804049e+05 2.804049e+05 2.804049e+05 2.804050e+05 2.804065e+05 2.804113e+05 2.804306e+05 2.804452e+05 2.804631e+05 2.805097e+05 2.805710e+05 2.806493e+05 2.807540e+05 2.809160e+05 2.812072e+05 2.817600e+05 2.966561e+05 3.377319e+05 3.744528e+05 3.962458e+05 4.093431e+05 4.182092e+05 4.304947e+05 4.398473e+05 4.480709e+05 4.557741e+05 4.631979e+05 4.704544e+05 5.429178e+05 6.070446e+05 6.444538e+05 6.632524e+05
3.099561e+05 3.099561e+05 3.099561e+05 3.099562e+05 3.099562e+05 3.099584e+05 3.099652e+05 3.099922e+05 3.100124e+05 3.100369e+05 3.100986e+05 3.101758e+05 3.102686e+05 3.103851e+05 3.105561e+05 3.108557e+05 3.114211e+05 3.267770e+05 3.692612e+05 4.071632e+05 4.294909e+05 4.427263e+05 4.515158e+05 4.633116e+05 4.719313e+05 4.792874e+05 4.860435e+05 4.924731e+05 4.987088e+05 5.612735e+05 6.188897e+05 6.522594e+05 6.680470e+05
3.413385e+05 3.413385e+05 3.413385e+05 3.413385e+05 3.413385e+05 3.413389e+05 3.413401e+05 3.413449e+05 3.413485e+05 3.413533e+05 3.413666e+05 3.413868e+05 3.414172e+05 3.414689e+05 3.415759e+05 3.418161e+05 3.423322e+05 3.578854e+05 4.014847e+05 4.403095e+05 4.629958e+05 4.762465e+05 4.848660e+05 4.960327e+05 5.038172e+05 5.102290e+05 5.159812e+05 5.213764e+05 5.265645e+05 5.792628e+05 6.304176e+05 6.598726e+05 6.727560e+05
3.718252e+05 3.718252e+05 3.718252e+05 3.718252e+05 3.718253e+05 3.718271e+05 3.718327e+05 3.718540e+05 3.718689e+05 3.718864e+05 3.719288e+05 3.719807e+05 3.720439e+05 3.721283e+05 3.722681e+05 3.725429e+05 3.730996e+05 3.891769e+05 4.338751e+05 4.734347e+05 4.963177e+05 5.094680e+05 5.178332e+05 5.282571e+05 5.351367e+05 5.405622e+05 5.452879e+05 5.496402e+05 5.537830e+05 5.968110e+05 6.416006e+05 6.672736e+05 6.773665e+05
4.028396e+05 4.028396e+05 4.028396e+05 4.028396e+05 4.028397e+05 4.028415e+05 4.028471e+05 4.028695e+05 4.028861e+05 4.029063e+05 4.029575e+05 4.030231e+05 4.031044e+05 4.032114e+05 4.033780e+05 4.036847e+05 4.042803e+05 4.207849e+05 4.662197e+05 5.061621e+05 5.290266e+05 5.419496e+05 5.499818e+05 5.595798e+05 5.655238e+05 5.699606e+05 5.736741e+05 5.770086e+05 5.801380e+05 6.138485e+05 6.524139e+05 6.744445e+05 6.818663e+05
4.352952e+05 4.352952e+05 4.352952e+05 4.352952e+05 4.352953e+05 4.352969e+05 4.353021e+05 4.353227e+05 4.353381e+05 4.353567e+05 4.354028e+05 4.354596e+05 4.355279e+05 4.356168e+05 4.357605e+05 4.360404e+05 4.366064e+05 4.529812e+05 4.983467e+05 5.381170e+05 5.606881e+05 5.732494e+05 5.808811e+05 5.896107e+05 5.946332e+05 5.981205e+05 6.008735e+05 6.032475e+05 6.054232e+05 6.303117e+05 6.628357e+05 6.813689e+05 6.862441e+05
4.684190e+05 4.684190e+05 4.684190e+05 4.684190e+05 4.684190e+05 4.684188e+05 4.684182e+05 4.684158e+05 4.684139e+05 4.684118e+05 4.684073e+05 4.684039e+05 4.684048e+05 4.684217e+05 4.684900e+05 4.686914e+05 4.691756e+05 4.850377e+05 5.296918e+05 5.688031e+05 5.908404e+05 6.029345e+05 6.101266e+05 6.179984e+05 6.221599e+05 6.247771e+05 6.266550e+05 6.281546e+05 6.294608e+05 6.461441e+05 6.728469e+05 6.880321e+05 6.904889e+05
4.993616e+05 4.993616e+05 4.993616e+05 4.993616e+05 4.993617e+05 4.993624e+05 4.993646e+05 4.993727e+05 4.993781e+05 4.993842e+05 4.993983e+05 4.994148e+05 4.994354e+05 4.994699e+05 4.995524e+05 4.997627e+05 5.002477e+05 5.158269e+05 5.595531e+05 5.977097e+05 6.190566e+05 6.306281e+05 6.373781e+05 6.444571e+05 6.478592e+05 6.497181e+05 6.508331e+05 6.515669e+05 6.521067e+05 6.612970e+05 6.824315e+05 6.944211e+05 6.945907e+05
5.290692e+05 5.290693e+05 5.290693e+05 5.290693e+05 5.290693e+05 5.290700e+05 5.290722e+05 5.290810e+05 5.290873e+05 5.290950e+05 5.291136e+05 5.291364e+05 5.291649e+05 5.292084e+05 5.292993e+05 5.295151e+05 5.299980e+05 5.451812e+05 5.876077e+05 6.245098e+05 6.450442e+05 6.560697e+05 6.624007e+05 6.687897e+05 6.715606e+05 6.727939e+05 6.732755e+05 6.733661e+05 6.732548e+05 6.757297e+05 6.915760e+05 7.005249e+05 6.985401e+05
5.580341e+05 5.580341e+05 5.580341e+05 5.580341e+05 5.580341e+05 5.580343e+05 5.580350e+05 5.580375e+05 5.580393e+05 5.580416e+05 5.580473e+05 5.580546e+05 5.580652e+05 5.580882e+05 5.581550e+05 5.583396e+05 5.587787e+05 5.731965e+05 6.137563e+05 6.490593e+05 6.686659e+05 6.791349e+05 6.850806e+05 6.908964e+05 6.931739e+05 6.939214e+05 6.939049e+05 6.934808e+05 6.928383e+05 6.894101e+05 7.002700e+05 7.063341e+05 7.023285e+05
5.855610e+05 5.855610e+05 5.855610e+05 5.855610e+05 5.855610e+05 5.855606e+05 5.855595e+05 5.855552e+05 5.855522e+05 5.855487e+05 5.855406e+05 5.855313e+05 5.855223e+05 5.855222e+05 5.855605e+05 5.857067e+05 5.860897e+05 5.995341e+05 6.378294e+05 6.712890e+05 6.898940e+05 6.998114e+05 7.054101e+05 7.107681e+05 7.126846e+05 7.130812e+05 7.126979e+05 7.118842e+05 7.108287e+05 7.023147e+05 7.085055e+05 7.118413e+05 7.059481e+05
6.109231e+05 6.109231e+05 6.109231e+05 6.109230e+05 6.109230e+05 6.109227e+05 6.109215e+05 6.109166e+05 6.109126e+05 6.109073e+05 6.108928e+05 6.108726e+05 6.108479e+05 6.108266e+05 6.108363e+05 6.109423e+05 6.112656e+05 6.236772e+05 6.596014e+05 6.911634e+05 7.087696e+05 7.181665e+05 7.234627e+05 7.284698e+05 7.301429e+05 7.303090e+05 7.296783e+05 7.285905e+05 7.272324e+05 7.144280e+05 7.162773e+05 7.170405e+05 7.093918e+05
6.334729e+05 6.334729e+05 6.334729e+05 6.334729e+05 6.334729e+05 6.334718e+05 6.334683e+05 6.334542e+05 6.334436e+05 6.334307e+05 6.333979e+05 6.333564e+05 6.333081e+05 6.332613e+05 6.332422e+05 6.333122e+05 6.335853e+05 6.451056e+05 6.788878e+05 7.087056e+05 7.253971e+05 7.343305e+05 7.393726e+05 7.441224e+05 7.456490e+05 7.456853e+05 7.449090e+05 7.436482e+05 7.420857e+05 7.257423e+05 7.235824e+05 7.219276e+05 7.126534e+05
6.523649e+05 6.523649e+05 6.523649e+05 6.523649e+05 6.523649e+05 6.523647e+05 6.523641e+05 6.523610e+05 6.523582e+05 6.523543e+05 6.523428e+05 6.523261e+05 6.523053e+05 6.522871e+05 6.522954e+05 6.523876e+05 6.526705e+05 6.636668e+05 6.957268e+05 7.240558e+05 7.399522e+05 7.484864e+05 7.533187e+05 7.578842e+05 7.593375e+05 7.593221e+05 7.584822e+05 7.571320e+05 7.554488e+05 7.362573e+05 7.304203e+05 7.265002e+05 7.157277e+05
6.690385e+05 6.690385e+05 6.690385e+05 6.690385e+05 6.690385e+05 6.690383e+05 6.690376e+05 6.690349e+05 6.690329e+05 6.690303e+05 6.690237e+05 6.690149e+05 6.690049e+05 6.689999e+05 6.690222e+05 6.691254e+05 6.694105e+05 6.799332e+05 7.104698e+05 7.374770e+05 7.526668e+05 7.608493e+05 7.655028e+05 7.699323e+05 7.713621e+05 7.713510e+05 7.705094e+05 7.691357e+05 7.673999e+05 7.459790e+05 7.367924e+05 7.307570e+05 7.186101e+05
6.841844e+05 6.841844e+05 6.841844e+05 6.841844e+05 6.841844e+05 6.841840e+05 6.841830e+05 6.841789e+05 6.841757e+05 6.841719e+05 6.841621e+05 6.841496e+05 6.841355e+05 6.841258e+05 6.841419e+05 6.842345e+05 6.844995e+05 6.944625e+05 7.234995e+05 7.492504e+05 7.637778e+05 7.716344e+05 7.761257e+05 7.804460e+05 7.818820e+05 7.819122e+05 7.811126e+05 7.797643e+05 7.780286e+05 7.549191e+05 7.427022e+05 7.346985e+05 7.212971e+05
6.977163e+05 6.977163e+05 6.977163e+05 6.977163e+05 6.977163e+05 6.977159e+05 6.977149e+05 6.977110e+05 6.977083e+05 6.977049e+05 6.976965e+05 6.976858e+05 6.976738e+05 6.976662e+05 6.976826e+05 6.977711e+05 6.980219e+05 7.074599e+05 7.350534e+05 7.595959e+05 7.734877e+05 7.810326e+05 7.853705e+05 7.895950e+05 7.910532e+05 7.911466e+05 7.904172e+05 7.891283e+05 7.874311e+05 7.630942e+05 7.481549e+05 7.383263e+05 7.237858e+05
7.098387e+05 7.098387e+05 7.098387e+05 7.098387e+05 7.098387e+05 7.098385e+05 7.098379e+05 7.098355e+05 7.098337e+05 7.098315e+05 7.098259e+05 7.098185e+05 7.098104e+05 7.098067e+05 7.098258e+05 7.099129e+05 7.101530e+05 7.190993e+05 7.453061e+05 7.686828e+05 7.819617e+05 7.892068e+05 7.933981e+05 7.975343e+05 7.990221e+05 7.991896e+05 7.985465e+05 7.973382e+05 7.957052e+05 7.705245e+05 7.531571e+05 7.416432e+05 7.260744e+05
7.208157e+05 7.208157e+05 7.208157e+05 7.208157e+05 7.208157e+05 7.208156e+05 7.208152e+05 7.208136e+05 7.208123e+05 7.208107e+05 7.208064e+05 7.208008e+05 7.207945e+05 7.207925e+05 7.208119e+05 7.208950e+05 7.211220e+05 7.295732e+05 7.544161e+05 7.766560e+05 7.893420e+05 7.962993e+05 8.003509e+05 8.044046e+05 8.059239e+05 8.061686e+05 8.056180e+05 8.045008e+05 8.029474e+05 7.772337e+05 7.577170e+05 7.446532e+05 7.281615e+05
7.307980e+05 7.307980e+05 7.307980e+05 7.307980e+05 7.307980e+05 7.307979e+05 7.307974e+05 7.307957e+05 7.307944e+05 7.307928e+05 7.307885e+05 7.307829e+05 7.307766e+05 7.307741e+05 7.307912e+05 7.308675e+05 7.310782e+05 7.390217e+05 7.625141e+05 7.836440e+05 7.957574e+05 8.024392e+05 8.063576e+05 8.103327e+05 8.118816e+05 8.122004e+05 8.117412e+05 8.107172e+05 8.092494e+05 7.832473e+05 7.618440e+05 7.473610e+05 7.300470e+05
7.398480e+05 7.398480e+05 7.398480e+05 7.398480e+05 7.398480e+05 7.398478e+05 7.398470e+05 7.398441e+05 7.398419e+05 7.398392e+05 7.398323e+05 7.398235e+05 7.398135e+05 7.398065e+05 7.398173e+05 7.398829e+05 7.400736e+05 7.475074e+05 7.696905e+05 7.897555e+05 8.013229e+05 8.077429e+05 8.115347e+05 8.154328e+05 8.170057e+05 8.173907e+05 8.170155e+05 8.160801e+05 8.146970e+05 7.885926e+05 7.655485e+05 7.497726e+05 7.317311e+05
7.478659e+05 7.478659e+05 7.478659e+05 7.478659e+05 7.478659e+05 7.478656e+05 7.478649e+05 7.478619e+05 7.478596e+05 7.478568e+05 7.478496e+05 7.478405e+05 7.478300e+05 7.478219e+05 7.478300e+05 7.478886e+05 7.480636e+05 7.550351e+05 7.760051e+05 7.950794e+05 8.061376e+05 8.123125e+05 8.159845e+05 8.198055e+05 8.213937e+05 8.218330e+05 8.215299e+05 8.206731e+05 8.193679e+05 7.932979e+05 7.688418e+05 7.518942e+05 7.332150e+05
7.548875e+05 7.548875e+05 7.548875e+05 7.548875e+05 7.548875e+05 7.548873e+05 7.548867e+05 7.548841e+05 7.548821e+05 7.548797e+05 7.548735e+05 7.548654e+05 7.548560e+05 7.548487e+05 7.548561e+05 7.549104e+05 7.550734e+05 7.616371e+05 7.815149e+05 7.996914e+05 8.102855e+05 8.162349e+05 8.197948e+05 8.235376e+05 8.251300e+05 8.256084e+05 8.253617e+05 8.245696e+05 8.233315e+05 7.973914e+05 7.717358e+05 7.537332e+05 7.345003e+05
7.610179e+05 7.610179e+05 7.610179e+05 7.610179e+05 7.610179e+05 7.610177e+05 7.610171e+05 7.610143e+05 7.610122e+05 7.610096e+05 7.610029e+05 7.609940e+05 7.609835e+05 7.609745e+05 7.609790e+05 7.610269e+05 7.611767e+05 7.673700e+05 7.862781e+05 8.036581e+05 8.138384e+05 8.195845e+05 8.230404e+05 8.267026e+05 8.282853e+05 8.287852e+05 8.285767e+05 8.278326e+05 8.266480e+05 8.009018e+05 7.742432e+05 7.552971e+05 7.355895e+05
7.662549e+05 7.662549e+05 7.662549e+05 7.662549e+05 7.662549e+05 7.662546e+05 7.662538e+05 7.662502e+05 7.662475e+05 7.662442e+05 7.662358e+05 7.662250e+05 7.662123e+05 7.662007e+05 7.662014e+05 7.662430e+05 7.663809e+05 7.722600e+05 7.903433e+05 8.070400e+05 8.168608e+05 8.224258e+05 8.257850e+05 8.293607e+05 8.309172e+05 8.314186e+05 8.312285e+05 8.305146e+05 8.293684e+05 8.038569e+05 7.763769e+05 7.565942e+05 7.364855e+05
7.705461e+05 7.705461e+05 7.705461e+05 7.705461e+05 7.705461e+05 7.705458e+05 7.705449e+05 7.705416e+05 7.705394e+05 7.705367e+05 7.705302e+05 7.705221e+05 7.705129e+05 7.705054e+05 7.705101e+05 7.705540e+05 7.706899e+05 7.763505e+05 7.937738e+05 8.099021e+05 8.194135e+05 8.248151e+05 8.280805e+05 8.315583e+05 8.330692e+05 8.335512e+05 8.333594e+05 8.326577e+05 8.315349e+05 8.062842e+05 7.781506e+05 7.576330e+05 7.371917e+05
7.741162e+05 7.741162e+05 7.741162e+05 7.741162e+05 7.741162e+05 7.741161e+05 7.741160e+05 7.741152e+05 7.741146e+05 7.741139e+05 7.741120e+05 7.741095e+05 7.741066e+05 7.741060e+05 7.741175e+05 7.741670e+05 7.743052e+05 7.798027e+05 7.966798e+05 8.123189e+05 8.215514e+05 8.267962e+05 8.299641e+05 8.333262e+05 8.347704e+05 8.352125e+05 8.350004e+05 8.342946e+05 8.331814e+05 8.082103e+05 7.795778e+05 7.584223e+05 7.377122e+05
7.772886e+05 7.772886e+05 7.772886e+05 7.772886e+05 7.772886e+05 7.772886e+05 7.772884e+05 7.772876e+05 7.772871e+05 7.772864e+05 7.772847e+05 7.772826e+05 7.772803e+05 7.772804e+05 7.772925e+05 7.773414e+05 7.774763e+05 7.828058e+05 7.991743e+05 8.143513e+05 8.233096e+05 8.283916e+05 8.314526e+05 8.346782e+05 8.360361e+05 8.364207e+05 8.361728e+05 8.354495e+05 8.343347e+05 8.096609e+05 7.806724e+05 7.589712e+05 7.380512e+05
7.801089e+05 7.801089e+05 7.801089e+05 7.801089e+05 7.801089e+05 7.801089e+05 7.801088e+05 7.801084e+05 7.801080e+05 7.801076e+05 7.801065e+05 7.801051e+05 7.801037e+05 7.801046e+05 7.801171e+05 7.801651e+05 7.802962e+05 7.854567e+05 8.013154e+05 8.160204e+05 8.246912e+05 8.295982e+05 8.325415e+05 8.356127e+05 8.368696e+05 8.371842e+05 8.368897e+05 8.361397e+05 8.350157e+05 8.106608e+05 7.814483e+05 7.592891e+05 7.382134e+05
7.826330e+05 7.826330e+05 7.826330e+05 7.826330e+05 7.826330e+05 7.826329e+05 7.826328e+05 7.826325e+05 7.826323e+05 7.826321e+05 7.826317e+05 7.826313e+05 7.826313e+05 7.826339e+05 7.826480e+05 7.826964e+05 7.828248e+05 7.878104e+05 8.031199e+05 8.173133e+05 8.256737e+05 8.303928e+05 8.332103e+05 8.361170e+05 8.372661e+05 8.375051e+05 8.371590e+05 8.363779e+05 8.352411e+05 8.112342e+05 7.819197e+05 7.593852e+05 7.382040e+05
7.849508e+05 7.849508e+05 7.849508e+05 7.849508e+05 7.849508e+05 7.849509e+05 7.849511e+05 7.849519e+05 7.849526e+05 7.849533e+05 7.849552e+05 7.849575e+05 7.849605e+05 7.849661e+05 7.849825e+05 7.850314e+05 7.851562e+05 7.899243e+05 8.045866e+05 8.182014e+05 8.262236e+05 8.307448e+05 8.334333e+05 8.361750e+05 8.372175e+05 8.373823e+05 8.369858e+05 8.361743e+05 8.350251e+05 8.114043e+05 7.821006e+05 7.592690e+05 7.380283e+05
7.872110e+05 7.872110e+05 7.872110e+05 7.872110e+05 7.872110e+05 7.872111e+05 7.872113e+05 7.872120e+05 7.872124e+05 7.872128e+05 7.872131e+05 7.872128e+05 7.872119e+05 7.872125e+05 7.872219e+05 7.872606e+05 7.873691e+05 7.918149e+05 8.056904e+05 8.186512e+05 8.263106e+05 8.306281e+05 8.331885e+05 8.357728e+05 8.367174e+05 8.368156e+05 8.363750e+05 8.355384e+05 8.343812e+05 8.111939e+05 7.820048e+05 7.589499e+05 7.376918e+05
7.892220e+05 7.892220e+05 7.892220e+05 7.892220e+05 7.892220e+05 7.892217e+05 7.892209e+05 7.892177e+05 7.892153e+05 7.892123e+05 7.892047e+05 7.891951e+05 7.891837e+05 7.891724e+05 7.891683e+05 7.891900e+05 7.892754e+05 7.933486e+05 8.063669e+05 8.186318e+05 8.259148e+05 8.300279e+05 8.324644e+05 8.349042e+05 8.357643e+05 8.358081e+05 8.353339e+05 8.344811e+05 8.333233e+05 8.106250e+05 7.816462e+05 7.584375e+05 7.372003e+05
7.905353e+05 7.905353e+05 7.905353e+05 7.905353e+05 7.905353e+05 7.905350e+05 7.905342e+05 7.905310e+05 7.905285e+05 7.905255e+05 7.905178e+05 7.905080e+05 7.904963e+05 7.904842e+05 7.904779e+05 7.904946e+05 7.905692e+05 7.943362e+05 8.065409e+05 8.181194e+05 8.250285e+05 8.289418e+05 8.312611e+05 8.335722e+05 8.343639e+05 8.343681e+05 8.338734e+05 8.330159e+05 8.318672e+05 8.097194e+05 7.810387e+05 7.577409e+05 7.365596e+05
7.911763e+05 7.911763e+05 7.911763e+05 7.911763e+05 7.911763e+05 7.911761e+05 7.911755e+05 7.911730e+05 7.911711e+05 7.911688e+05 7.911629e+05 7.911552e+05 7.911457e+05 7.911358e+05 7.911310e+05 7.911470e+05 7.912161e+05 7.947244e+05 8.061764e+05 8.171028e+05 8.236545e+05 8.273788e+05 8.295901e+05 8.317898e+05 8.325296e+05 8.325098e+05 8.320091e+05 8.311595e+05 8.300311e+05 8.084982e+05 7.801957e+05 7.568696e+05 7.357758e+05
7.912716e+05 7.912716e+05 7.912716e+05 7.912716e+05 7.912716e+05 7.912714e+05 7.912708e+05 7.912682e+05 7.912663e+05 7.912640e+05 7.912580e+05 7.912502e+05 7.912408e+05 7.912309e+05 7.912255e+05 7.912387e+05 7.913004e+05 7.945486e+05 8.052782e+05 8.155903e+05 8.218089e+05 8.253591e+05 8.274729e+05 8.295780e+05 8.302818e+05 8.302534e+05 8.297609e+05 8.289323e+05 8.278357e+05 8.069824e+05 7.791308e+05 7.558326e+05 7.348550e+05
7.908529e+05 7.908529e+05 7.908529e+05 7.908529e+05 7.908529e+05 7.908527e+05 7.908521e+05 7.908497e+05 7.908479e+05 7.908457e+05 7.908401e+05 7.908327e+05 7.908237e+05 7.908140e+05 7.908078e+05 7.908181e+05 7.908718e+05 7.938574e+05 8.038866e+05 8.136164e+05 8.195238e+05 8.229132e+05 8.249388e+05 8.269646e+05 8.276467e+05 8.276240e+05 8.271534e+05 8.263584e+05 8.253048e+05 8.051927e+05 7.778570e+05 7.546390e+05 7.338032e+05
7.899600e+05 7.899600e+05 7.899600e+05 7.899600e+05 7.899600e+05 7.899598e+05 7.899592e+05 7.899568e+05 7.899550e+05 7.899527e+05 7.899470e+05 7.899396e+05 7.899305e+05 7.899205e+05 7.899133e+05 7.899203e+05 7.899662e+05 7.927035e+05 8.020639e+05 8.112338e+05 8.168422e+05 8.200789e+05 8.220232e+05 8.239822e+05 8.246555e+05 8.246511e+05 8.242148e+05 8.234647e+05 8.224644e+05 8.031493e+05 7.763873e+05 7.532975e+05 7.326267e+05
7.886129e+05 7.886129e+05 7.886129e+05 7.886129e+05 7.886129e+05 7.886127e+05 7.886120e+05 7.886094e+05 7.886074e+05 7.886051e+05 7.885989e+05 7.885910e+05 7.885814e+05 7.885705e+05 7.885617e+05 7.885653e+05 7.886038e+05 7.911157e+05 7.998518e+05 8.084865e+05 8.138059e+05 8.168960e+05 8.187642e+05 8.206673e+05 8.213428e+05 8.213678e+05 8.209763e+05 8.202809e+05 8.193427e+05 8.008723e+05 7.747345e+05 7.518169e+05 7.313314e+05
7.868031e+05 7.868031e+05 7.868031e+05 7.868031e+05 7.868031e+05 7.868029e+05 7.868022e+05 7.867995e+05 7.867974e+05 7.867949e+05 7.867885e+05 7.867802e+05 7.867700e+05 7.867584e+05 7.867483e+05 7.867490e+05 7.867812e+05 7.890929e+05 7.972611e+05 8.054004e+05 8.104494e+05 8.134026e+05 8.152013e+05 8.170590e+05 8.177463e+05 8.178098e+05 8.174714e+05 8.168385e+05 8.159692e+05 7.983812e+05 7.729110e+05 7.502055e+05 7.299234e+05
7.845253e+05 7.845253e+05 7.845253e+05 7.845253e+05 7.845253e+05 7.845251e+05 7.845244e+05 7.845217e+05 7.845197e+05 7.845172e+05 7.845113e+05 7.845039e+05 7.844953e+05 7.844857e+05 7.844776e+05 7.844791e+05 7.845093e+05 7.866540e+05 7.943119e+05 8.020025e+05 8.068062e+05 8.096360e+05 8.113739e+05 8.131976e+05 8.139052e+05 8.140142e+05 8.137351e+05 8.131700e+05 8.123745e+05 7.956954e+05 7.709288e+05 7.484715e+05 7.284088e+05
