0.000000e+00 1.283423e-79 2.785871e-45 6.894091e-16 1.930448e-11 2.787196e-06 6.840907e-05 1.080066e-03 2.400116e-03 4.462337e-03 1.129128e-02 2.243414e-02 3.864176e-02 6.055970e-02 8.874068e-02 1.236579e-01 1.657152e-01 4.988804e-01 1.686915e+00 1.237496e+01 6.770375e+01 2.345769e+02 5.895971e+02 2.067335e+03 4.599254e+03 7.925370e+03 1.167935e+04 1.554331e+04 1.929526e+04 4.165067e+04 4.998054e+04 5.574892e+04 6.038400e+04
1.108568e-05 1.111906e-05 1.112514e-05 1.131927e-05 1.193066e-05 3.773564e-05 1.909111e-04 1.594391e-03 3.204872e-03 5.603432e-03 1.321987e-02 2.528733e-02 4.254380e-02 6.562184e-02 9.506137e-02 1.313238e-01 1.748028e-01 5.161685e-01 1.733793e+00 1.267867e+01 6.911076e+01 2.387533e+02 5.987488e+02 2.092709e+03 4.645407e+03 7.991627e+03 1.176160e+04 1.563615e+04 1.939349e+04 4.170344e+04 5.000513e+04 5.576589e+04 6.039800e+04
2.923652e-04 2.932346e-04 2.932720e-04 2.941824e-04 2.970093e-04 3.911327e-04 7.485788e-04 2.858847e-03 4.867707e-03 7.696804e-03 1.628545e-02 2.944840e-02 4.791149e-02 7.229478e-02 1.031261e-01 1.408561e-01 1.858691e-01 5.359169e-01 1.785970e+00 1.301148e+01 7.063088e+01 2.432171e+02 6.084495e+02 2.119289e+03 4.693362e+03 8.060053e+03 1.184613e+04 1.573119e+04 1.949374e+04 4.175650e+04 5.002978e+04 5.578291e+04 6.041204e+04
1.553537e-03 1.560452e-03 1.561150e-03 1.563105e-03 1.569146e-03 1.764360e-03 2.406633e-03 5.425625e-03 7.972383e-03 1.131819e-02 2.092690e-02 3.527461e-02 5.506651e-02 8.087869e-02 1.132190e-01 1.525255e-01 1.991731e-01 5.583442e-01 1.843896e+00 1.337576e+01 7.227192e+01 2.479851e+02 6.187278e+02 2.147125e+03 4.743178e+03 8.130704e+03 1.193299e+04 1.582848e+04 1.959603e+04 4.180985e+04 5.005449e+04 5.579996e+04 6.042611e+04
4.827031e-03 4.827126e-03 4.827229e-03 4.830445e-03 4.840461e-03 5.149433e-03 6.063411e-03 9.828215e-03 1.291042e-02 1.688003e-02 2.776561e-02 4.330814e-02 6.441087e-02 9.171172e-02 1.256422e-01 1.666107e-01 2.149761e-01 5.836655e-01 1.908043e+00 1.377399e+01 7.404212e+01 2.530754e+02 6.296130e+02 2.176268e+03 4.794914e+03 8.203639e+03 1.202223e+04 1.592806e+04 1.970039e+04 4.186349e+04 5.007926e+04 5.581706e+04 6.044022e+04
1.092652e-02 1.091255e-02 1.090319e-02 1.090545e-02 1.091584e-02 1.124696e-02 1.228389e-02 1.660135e-02 2.012182e-02 2.468251e-02 3.705387e-02 5.411605e-02 7.659489e-02 1.052669e-01 1.407680e-01 1.834284e-01 2.335604e-01 6.120943e-01 1.978904e+00 1.420884e+01 7.595018e+01 2.585065e+02 6.411362e+02 2.206769e+03 4.848633e+03 8.278916e+03 1.211391e+04 1.602995e+04 1.980684e+04 4.191741e+04 5.010409e+04 5.583420e+04 6.045436e+04
1.959485e-02 1.959154e-02 1.958558e-02 1.958815e-02 1.960054e-02 1.999324e-02 2.121036e-02 2.616055e-02 3.009972e-02 3.519072e-02 4.903205e-02 6.785623e-02 9.204130e-02 1.222479e-01 1.591606e-01 2.033966e-01 2.552682e-01 6.438491e-01 2.057007e+00 1.468318e+01 7.800535e+01 2.642982e+02 6.533294e+02 2.238683e+03 4.904399e+03 8.356597e+03 1.220807e+04 1.613421e+04 1.991540e+04 4.197161e+04 5.012897e+04 5.585139e+04 6.046854e+04
3.143431e-02 3.142314e-02 3.140096e-02 3.139892e-02 3.141332e-02 3.186902e-02 3.328242e-02 3.895616e-02 4.334635e-02 4.894379e-02 6.411734e-02 8.472520e-02 1.108493e-01 1.428921e-01 1.814625e-01 2.271700e-01 2.805716e-01 6.791639e-01 2.142915e+00 1.520007e+01 8.021743e+01 2.704711e+02 6.662263e+02 2.272065e+03 4.962275e+03 8.436741e+03 1.230476e+04 1.624085e+04 2.002611e+04 4.202609e+04 5.015392e+04 5.586861e+04 6.048275e+04
4.690693e-02 4.690446e-02 4.690421e-02 4.691100e-02 4.692762e-02 4.744988e-02 4.906745e-02 5.550075e-02 6.036707e-02 6.646527e-02 8.282264e-02 1.050556e-01 1.331664e-01 1.672670e-01 2.077701e-01 2.552289e-01 3.101818e-01 7.183052e-01 2.237244e+00 1.576283e+01 8.259686e+01 2.770471e+02 6.798618e+02 2.306973e+03 5.022327e+03 8.519409e+03 1.240403e+04 1.634992e+04 2.013898e+04 4.208084e+04 5.017892e+04 5.588588e+04 6.049699e+04
6.684078e-02 6.674073e-02 6.671651e-02 6.671946e-02 6.673806e-02 6.732662e-02 6.914849e-02 7.630904e-02 8.163832e-02 8.822045e-02 1.056375e-01 1.292738e-01 1.592439e-01 1.954782e-01 2.381290e-01 2.875955e-01 3.443716e-01 7.615947e-01 2.340679e+00 1.637508e+01 8.515483e+01 2.840492e+02 6.942728e+02 2.343467e+03 5.084624e+03 8.604665e+03 1.250593e+04 1.646146e+04 2.025403e+04 4.213586e+04 5.020397e+04 5.590319e+04 6.051127e+04
9.171266e-02 9.161626e-02 9.148387e-02 9.141693e-02 9.143740e-02 9.208310e-02 9.406453e-02 1.018132e-01 1.075533e-01 1.145853e-01 1.329701e-01 1.578115e-01 1.894256e-01 2.277155e-01 2.726134e-01 3.242965e-01 3.831364e-01 8.094447e-01 2.453995e+00 1.704078e+01 8.790331e+01 2.915016e+02 7.094978e+02 2.381606e+03 5.149234e+03 8.692572e+03 1.261051e+04 1.657550e+04 2.037130e+04 4.219114e+04 5.022908e+04 5.592054e+04 6.052558e+04
6.482521e-01 6.481483e-01 6.481515e-01 6.481618e-01 6.481927e-01 6.491722e-01 6.522015e-01 6.641629e-01 6.730477e-01 6.838373e-01 7.110372e-01 7.456655e-01 7.879522e-01 8.384746e-01 8.978801e-01 9.666036e-01 1.044754e+00 1.599750e+00 4.403312e+00 2.793744e+01 1.293932e+02 3.975112e+02 9.166620e+02 2.868851e+03 5.939066e+03 9.731942e+03 1.381481e+04 1.786090e+04 2.166995e+04 4.275758e+04 5.048296e+04 5.609632e+04 6.067061e+04
1.887121e+00 1.887216e+00 1.887218e+00 1.887230e+00 1.887267e+00 1.888436e+00 1.892053e+00 1.906357e+00 1.916995e+00 1.929924e+00 1.962550e+00 2.004006e+00 2.054046e+00 2.112490e+00 2.179337e+00 2.254810e+00 2.339332e+00 3.039692e+00 9.068732e+00 5.344833e+01 2.155480e+02 5.951647e+02 1.271132e+03 3.610763e+03 7.051470e+03 1.111268e+04 1.534252e+04 1.943168e+04 2.320897e+04 4.334535e+04 5.074122e+04 5.627611e+04 6.081905e+04
3.882913e+00 3.882918e+00 3.882918e+00 3.882931e+00 3.882969e+00 3.884189e+00 3.887966e+00 3.902916e+00 3.914036e+00 3.927550e+00 3.961632e+00 4.004902e+00 4.057063e+00 4.117790e+00 4.186769e+00 4.263840e+00 4.349578e+00 5.512410e+00 2.092756e+01 1.123232e+02 3.908817e+02 9.629126e+02 1.885178e+03 4.744313e+03 8.600577e+03 1.291585e+04 1.724326e+04 2.131308e+04 2.499696e+04 4.394879e+04 5.100284e+04 5.645975e+04 6.097088e+04
6.564423e+00 6.564436e+00 6.564436e+00 6.564447e+00 6.564482e+00 6.565588e+00 6.569026e+00 6.582646e+00 6.592772e+00 6.605075e+00 6.636110e+00 6.675541e+00 6.723142e+00 6.778682e+00 6.842115e+00 6.914821e+00 7.004304e+00 1.057706e+01 5.534864e+01 2.543373e+02 7.496213e+02 1.634053e+03 2.920193e+03 6.465213e+03 1.075797e+04 1.524241e+04 1.956564e+04 2.352098e+04 2.703118e+04 4.456139e+04 5.126673e+04 5.664707e+04 6.112605e+04
9.702767e+00 9.702768e+00 9.702769e+00 9.702778e+00 9.702808e+00 9.703759e+00 9.706706e+00 9.718371e+00 9.727042e+00 9.737581e+00 9.764196e+00 9.798094e+00 9.839189e+00 9.887985e+00 9.949665e+00 1.004955e+01 1.026857e+01 2.690862e+01 1.655041e+02 6.116679e+02 1.502300e+03 2.866573e+03 4.642953e+03 8.984160e+03 1.368140e+04 1.821505e+04 2.236254e+04 2.606177e+04 2.929727e+04 4.517608e+04 5.153183e+04 5.683794e+04 6.128454e+04
1.309024e+01 1.309024e+01 1.309024e+01 1.309025e+01 1.309028e+01 1.309114e+01 1.309381e+01 1.310436e+01 1.311220e+01 1.312174e+01 1.314586e+01 1.317681e+01 1.321748e+01 1.329442e+01 1.352948e+01 1.427487e+01 1.626947e+01 1.042299e+02 5.385543e+02 1.531460e+03 3.099335e+03 5.132326e+03 7.479089e+03 1.254695e+04 1.745802e+04 2.184890e+04 2.565886e+04 2.894039e+04 3.177279e+04 4.578555e+04 5.179709e+04 5.703218e+04 6.144628e+04
1.668178e+01 1.668178e+01 1.668178e+01 1.668179e+01 1.668182e+01 1.668272e+01 1.668549e+01 1.669651e+01 1.670473e+01 1.671479e+01 1.674140e+01 1.680563e+01 1.715376e+01 1.873032e+01 2.371409e+01 3.570172e+01 5.942383e+01 5.279965e+02 1.826343e+03 3.886270e+03 6.423848e+03 9.183302e+03 1.199222e+04 1.736448e+04 2.208425e+04 2.604984e+04 2.934371e+04 3.209956e+04 3.443638e+04 4.638279e+04 5.206152e+04 5.722967e+04 6.161125e+04
2.070534e+01 2.070534e+01 2.070534e+01 2.070536e+01 2.070540e+01 2.070688e+01 2.071174e+01 2.073162e+01 2.074963e+01 2.080652e+01 2.196206e+01 2.976840e+01 5.678907e+01 1.197584e+02 2.345874e+02 4.128939e+02 6.608307e+02 2.870582e+03 6.079004e+03 9.527493e+03 1.283364e+04 1.587373e+04 1.863831e+04 2.343636e+04 2.738989e+04 3.061157e+04 3.322970e+04 3.538378e+04 3.719285e+04 4.696149e+04 5.232427e+04 5.743028e+04 6.177938e+04
2.653287e+01 2.653287e+01 2.653287e+01 2.653290e+01 2.653298e+01 2.654062e+01 2.913281e+01 1.418495e+02 3.099815e+02 5.665894e+02 1.317570e+03 2.302941e+03 3.426663e+03 4.616957e+03 5.826006e+03 7.023667e+03 8.191707e+03 1.336146e+04 1.741348e+04 2.060073e+04 2.317148e+04 2.531548e+04 2.716928e+04 3.032890e+04 3.298822e+04 3.522479e+04 3.707787e+04 3.861250e+04 3.990410e+04 4.751666e+04 5.258463e+04 5.763391e+04 6.195062e+04
4.119114e+04 4.119114e+04 4.119113e+04 4.119093e+04 4.119030e+04 4.117015e+04 4.110710e+04 4.084578e+04 4.064195e+04 4.039321e+04 3.979955e+04 3.915034e+04 3.851419e+04 3.793041e+04 3.741572e+04 3.697333e+04 3.659951e+04 3.551158e+04 3.518975e+04 3.521965e+04 3.542584e+04 3.574008e+04 3.613888e+04 3.714649e+04 3.833086e+04 3.953592e+04 4.064348e+04 4.160835e+04 4.243902e+04 4.804508e+04 5.284210e+04 5.784049e+04 6.212494e+04
5.503399e+04 5.503399e+04 5.503399e+04 5.503397e+04 5.503393e+04 5.503260e+04 5.502828e+04 5.500446e+04 5.497999e+04 5.494453e+04 5.483538e+04 5.466919e+04 5.444189e+04 5.415376e+04 5.380945e+04 5.341690e+04 5.298589e+04 5.058705e+04 4.834986e+04 4.656144e+04 4.521514e+04 4.423758e+04 4.356059e+04 4.290253e+04 4.289301e+04 4.324227e+04 4.373129e+04 4.423156e+04 4.469165e+04 4.854575e+04 5.309642e+04 5.805001e+04 6.230226e+04
5.552785e+04 5.552785e+04 5.552785e+04 5.552784e+04 5.552783e+04 5.552742e+04 5.552596e+04 5.551894e+04 5.551311e+04 5.550554e+04 5.548452e+04 5.545450e+04 5.541394e+04 5.536092e+04 5.529316e+04 5.520835e+04 5.510456e+04 5.428481e+04 5.308268e+04 5.174741e+04 5.046430e+04 4.932754e+04 4.837533e+04 4.704382e+04 4.637762e+04 4.617659e+04 4.623573e+04 4.640373e+04 4.659687e+04 4.902043e+04 5.334764e+04 5.826246e+04 6.248256e+04
5.406141e+04 5.406141e+04 5.406141e+04 5.406141e+04 5.406141e+04 5.406137e+04 5.406125e+04 5.406110e+04 5.406118e+04 5.406137e+04 5.406191e+04 5.406244e+04 5.406267e+04 5.406224e+04 5.406059e+04 5.405697e+04 5.405042e+04 5.393375e+04 5.360406e+04 5.305730e+04 5.236614e+04 5.161652e+04 5.087952e+04 4.962471e+04 4.878432e+04 4.833189e+04 4.814895e+04 4.811214e+04 4.813499e+04 4.947434e+04 5.359612e+04 5.847793e+04 6.266579e+04
5.279629e+04 5.279629e+04 5.279629e+04 5.279630e+04 5.279630e+04 5.279674e+04 5.279822e+04 5.280429e+04 5.280886e+04 5.281444e+04 5.282847e+04 5.284604e+04 5.286667e+04 5.288978e+04 5.291476e+04 5.294096e+04 5.296772e+04 5.308554e+04 5.311580e+04 5.300612e+04 5.275370e+04 5.238942e+04 5.195751e+04 5.106166e+04 5.031935e+04 4.982095e+04 4.953817e+04 4.939625e+04 4.932500e+04 4.991863e+04 5.384260e+04 5.869653e+04 6.285190e+04
5.257523e+04 5.257523e+04 5.257523e+04 5.257523e+04 5.257523e+04 5.257521e+04 5.257530e+04 5.257654e+04 5.257777e+04 5.257943e+04 5.258407e+04 5.259046e+04 5.259855e+04 5.260815e+04 5.261904e+04 5.263099e+04 5.264376e+04 5.271271e+04 5.276884e+04 5.277872e+04 5.271656e+04 5.257449e+04 5.236184e+04 5.181157e+04 5.125196e+04 5.080737e+04 5.050838e+04 5.032537e+04 5.021104e+04 5.035504e+04 5.408818e+04 5.891846e+04 6.304087e+04
5.270166e+04 5.270166e+04 5.270166e+04 5.270166e+04 5.270165e+04 5.270142e+04 5.270073e+04 5.269821e+04 5.269642e+04 5.269427e+04 5.268886e+04 5.268197e+04 5.267381e+04 5.266474e+04 5.265523e+04 5.264576e+04 5.263678e+04 5.260944e+04 5.261615e+04 5.263697e+04 5.264117e+04 5.260489e+04 5.251760e+04 5.220863e+04 5.181457e+04 5.144852e+04 5.116844e+04 5.097691e+04 5.084794e+04 5.077429e+04 5.433441e+04 5.914397e+04 6.323268e+04
5.236223e+04 5.236223e+04 5.236223e+04 5.236223e+04 5.236224e+04 5.236255e+04 5.236313e+04 5.236437e+04 5.236500e+04 5.236567e+04 5.236727e+04 5.236954e+04 5.237276e+04 5.237709e+04 5.238256e+04 5.238914e+04 5.239676e+04 5.244712e+04 5.251023e+04 5.257396e+04 5.262265e+04 5.264093e+04 5.261859e+04 5.244911e+04 5.216783e+04 5.186632e+04 5.161022e+04 5.142125e+04 5.128985e+04 5.117107e+04 5.458326e+04 5.937340e+04 6.342732e+04
5.218568e+04 5.218568e+04 5.218568e+04 5.218569e+04 5.218571e+04 5.218650e+04 5.218880e+04 5.219679e+04 5.220229e+04 5.220872e+04 5.222409e+04 5.224231e+04 5.226273e+04 5.228477e+04 5.230790e+04 5.233169e+04 5.235579e+04 5.247298e+04 5.257511e+04 5.265760e+04 5.271679e+04 5.274716e+04 5.274342e+04 5.262893e+04 5.240475e+04 5.214120e+04 5.190079e+04 5.171435e+04 5.158349e+04 5.154213e+04 5.483720e+04 5.960717e+04 6.362478e+04
5.283271e+04 5.283271e+04 5.283271e+04 5.283271e+04 5.283271e+04 5.283259e+04 5.283222e+04 5.283076e+04 5.282975e+04 5.282863e+04 5.282631e+04 5.282416e+04 5.282246e+04 5.282144e+04 5.282125e+04 5.282195e+04 5.282358e+04 5.284333e+04 5.287317e+04 5.290141e+04 5.291948e+04 5.292051e+04 5.289892e+04 5.277780e+04 5.256774e+04 5.231839e+04 5.208357e+04 5.189653e+04 5.176573e+04 5.188582e+04 5.509926e+04 5.984577e+04 6.382509e+04
5.328564e+04 5.328564e+04 5.328564e+04 5.328564e+04 5.328563e+04 5.328556e+04 5.328531e+04 5.328441e+04 5.328380e+04 5.328308e+04 5.328130e+04 5.327897e+04 5.327601e+04 5.327238e+04 5.326811e+04 5.326326e+04 5.325794e+04 5.322784e+04 5.319758e+04 5.316794e+04 5.313530e+04 5.309478e+04 5.304168e+04 5.288584e+04 5.266726e+04 5.241874e+04 5.218395e+04 5.199494e+04 5.186404e+04 5.220196e+04 5.537328e+04 6.008980e+04 6.402827e+04
5.349892e+04 5.349892e+04 5.349892e+04 5.349892e+04 5.349891e+04 5.349875e+04 5.349823e+04 5.349637e+04 5.349516e+04 5.349380e+04 5.349075e+04 5.348728e+04 5.348344e+04 5.347920e+04 5.347455e+04 5.346944e+04 5.346385e+04 5.342847e+04 5.338183e+04 5.332666e+04 5.326455e+04 5.319526e+04 5.311732e+04 5.292921e+04 5.269925e+04 5.244993e+04 5.221621e+04 5.202759e+04 5.189856e+04 5.249172e+04 5.566476e+04 6.033994e+04 6.423436e+04
5.349188e+04 5.349188e+04 5.349188e+04 5.349188e+04 5.349188e+04 5.349182e+04 5.349164e+04 5.349097e+04 5.349056e+04 5.349010e+04 5.348908e+04 5.348785e+04 5.348631e+04 5.348434e+04 5.348182e+04 5.347868e+04 5.347485e+04 5.344469e+04 5.339699e+04 5.333510e+04 5.326242e+04 5.318109e+04 5.309190e+04 5.288960e+04 5.265841e+04 5.241556e+04 5.218955e+04 5.200726e+04 5.188450e+04 5.275748e+04 5.597753e+04 6.059698e+04 6.444344e+04
5.338658e+04 5.338658e+04 5.338658e+04 5.338658e+04 5.338658e+04 5.338647e+04 5.338611e+04 5.338470e+04 5.338367e+04 5.338245e+04 5.337946e+04 5.337581e+04 5.337156e+04 5.336675e+04 5.336139e+04 5.335552e+04 5.334915e+04 5.331007e+04 5.325916e+04 5.319713e+04 5.312530e+04 5.304509e+04 5.295754e+04 5.276250e+04 5.254551e+04 5.232088e+04 5.211244e+04 5.194472e+04 5.183438e+04 5.300264e+04 5.630837e+04 6.086181e+04 6.465558e+04
5.307728e+04 5.307728e+04 5.307728e+04 5.307728e+04 5.307728e+04 5.307722e+04 5.307705e+04 5.307638e+04 5.307588e+04 5.307527e+04 5.307368e+04 5.307159e+04 5.306899e+04 5.306586e+04 5.306220e+04 5.305800e+04 5.305329e+04 5.302260e+04 5.298122e+04 5.293004e+04 5.286980e+04 5.280147e+04 5.272605e+04 5.255710e+04 5.236944e+04 5.217533e+04 5.199494e+04 5.185061e+04 5.175952e+04 5.323145e+04 5.665518e+04 6.113545e+04 6.487090e+04
5.265374e+04 5.265374e+04 5.265374e+04 5.265374e+04 5.265374e+04 5.265372e+04 5.265366e+04 5.265337e+04 5.265314e+04 5.265283e+04 5.265200e+04 5.265093e+04 5.264963e+04 5.264815e+04 5.264647e+04 5.264458e+04 5.264248e+04 5.262766e+04 5.260408e+04 5.257102e+04 5.252904e+04 5.247919e+04 5.242258e+04 5.229271e+04 5.214601e+04 5.199260e+04 5.184933e+04 5.173636e+04 5.167093e+04 5.344874e+04 5.701651e+04 6.141907e+04 6.508952e+04
5.218855e+04 5.218855e+04 5.218855e+04 5.218855e+04 5.218855e+04 5.218862e+04 5.218886e+04 5.218975e+04 5.219038e+04 5.219109e+04 5.219264e+04 5.219420e+04 5.219563e+04 5.219685e+04 5.219780e+04 5.219847e+04 5.219884e+04 5.219618e+04 5.218593e+04 5.216836e+04 5.214408e+04 5.211384e+04 5.207839e+04 5.199408e+04 5.189536e+04 5.178940e+04 5.168973e+04 5.161415e+04 5.157957e+04 5.365971e+04 5.739118e+04 6.171403e+04 6.531161e+04
5.178727e+04 5.178727e+04 5.178727e+04 5.178727e+04 5.178727e+04 5.178720e+04 5.178698e+04 5.178621e+04 5.178572e+04 5.178517e+04 5.178398e+04 5.178271e+04 5.178142e+04 5.178017e+04 5.177897e+04 5.177782e+04 5.177673e+04 5.177155e+04 5.176582e+04 5.175865e+04 5.174950e+04 5.173799e+04 5.172387e+04 5.168716e+04 5.163921e+04 5.158380e+04 5.153112e+04 5.149654e+04 5.149622e+04 5.386969e+04 5.777822e+04 6.202200e+04 6.553734e+04
5.135052e+04 5.135052e+04 5.135052e+04 5.135052e+04 5.135052e+04 5.135055e+04 5.135061e+04 5.135080e+04 5.135093e+04 5.135108e+04 5.135142e+04 5.135180e+04 5.135218e+04 5.135254e+04 5.135286e+04 5.135313e+04 5.135337e+04 5.135478e+04 5.135808e+04 5.136377e+04 5.137105e+04 5.137883e+04 5.138616e+04 5.139662e+04 5.139882e+04 5.139362e+04 5.138827e+04 5.139577e+04 5.143118e+04 5.408395e+04 5.817682e+04 6.234525e+04 6.576694e+04
5.094753e+04 5.094753e+04 5.094753e+04 5.094754e+04 5.094754e+04 5.094757e+04 5.094765e+04 5.094790e+04 5.094804e+04 5.094819e+04 5.094849e+04 5.094884e+04 5.094930e+04 5.094995e+04 5.095084e+04 5.095204e+04 5.095357e+04 5.096614e+04 5.098536e+04 5.100884e+04 5.103492e+04 5.106242e+04 5.109043e+04 5.114490e+04 5.119351e+04 5.123516e+04 5.127475e+04 5.132304e+04 5.139380e+04 5.430755e+04 5.858627e+04 6.268636e+04 6.600066e+04
5.057290e+04 5.057290e+04 5.057290e+04 5.057290e+04 5.057290e+04 5.057306e+04 5.057357e+04 5.057551e+04 5.057688e+04 5.057849e+04 5.058234e+04 5.058692e+04 5.059211e+04 5.059778e+04 5.060383e+04 5.061017e+04 5.061673e+04 5.065172e+04 5.068910e+04 5.072867e+04 5.077048e+04 5.081427e+04 5.085946e+04 5.095099e+04 5.103943e+04 5.112217e+04 5.120211e+04 5.128799e+04 5.139213e+04 5.454519e+04 5.900601e+04 6.304337e+04 6.623879e+04
5.043357e+04 5.043357e+04 5.043357e+04 5.043357e+04 5.043357e+04 5.043356e+04 5.043354e+04 5.043346e+04 5.043346e+04 5.043351e+04 5.043389e+04 5.043473e+04 5.043610e+04 5.043805e+04 5.044058e+04 5.044368e+04 5.044732e+04 5.047267e+04 5.050766e+04 5.055022e+04 5.059893e+04 5.065244e+04 5.070940e+04 5.082870e+04 5.094864e+04 5.106508e+04 5.117931e+04 5.129823e+04 5.143263e+04 5.480113e+04 5.943558e+04 6.341433e+04 6.648170e+04
5.035868e+04 5.035868e+04 5.035868e+04 5.035868e+04 5.035868e+04 5.035874e+04 5.035893e+04 5.035966e+04 5.036018e+04 5.036080e+04 5.036225e+04 5.036395e+04 5.036587e+04 5.036799e+04 5.037033e+04 5.037292e+04 5.037581e+04 5.039604e+04 5.042775e+04 5.047074e+04 5.052313e+04 5.058271e+04 5.064745e+04 5.078585e+04 5.092856e+04 5.107068e+04 5.121243e+04 5.135914e+04 5.152001e+04 5.507916e+04 5.987462e+04 6.379776e+04 6.672978e+04
5.034817e+04 5.034817e+04 5.034817e+04 5.034817e+04 5.034817e+04 5.034820e+04 5.034830e+04 5.034868e+04 5.034896e+04 5.034932e+04 5.035027e+04 5.035159e+04 5.035334e+04 5.035558e+04 5.035834e+04 5.036165e+04 5.036551e+04 5.039284e+04 5.043231e+04 5.048211e+04 5.054039e+04 5.060535e+04 5.067535e+04 5.082529e+04 5.098230e+04 5.114218e+04 5.130470e+04 5.147388e+04 5.165727e+04 5.538252e+04 6.032288e+04 6.419231e+04 6.698357e+04
5.039894e+04 5.039894e+04 5.039894e+04 5.039894e+04 5.039895e+04 5.039910e+04 5.039957e+04 5.040143e+04 5.040277e+04 5.040438e+04 5.040826e+04 5.041295e+04 5.041831e+04 5.042426e+04 5.043072e+04 5.043762e+04 5.044492e+04 5.048662e+04 5.053594e+04 5.059205e+04 5.065410e+04 5.072124e+04 5.079268e+04 5.094581e+04 5.110903e+04 5.127949e+04 5.145674e+04 5.164357e+04 5.184585e+04 5.571396e+04 6.078017e+04 6.459670e+04 6.724372e+04
5.065931e+04 5.065931e+04 5.065931e+04 5.065931e+04 5.065931e+04 5.065932e+04 5.065935e+04 5.065954e+04 5.065974e+04 5.066004e+04 5.066101e+04 5.066255e+04 5.066469e+04 5.066748e+04 5.067091e+04 5.067500e+04 5.067973e+04 5.071193e+04 5.075540e+04 5.080683e+04 5.086435e+04 5.092704e+04 5.099441e+04 5.114190e+04 5.130440e+04 5.147976e+04 5.166704e+04 5.186771e+04 5.208594e+04 5.607570e+04 6.124636e+04 6.500970e+04 6.751119e+04
5.098374e+04 5.098374e+04 5.098374e+04 5.098374e+04 5.098374e+04 5.098383e+04 5.098412e+04 5.098518e+04 5.098591e+04 5.098675e+04 5.098877e+04 5.099121e+04 5.099403e+04 5.099724e+04 5.100080e+04 5.100471e+04 5.100897e+04 5.103511e+04 5.106870e+04 5.110902e+04 5.115572e+04 5.120865e+04 5.126772e+04 5.140358e+04 5.156124e+04 5.173819e+04 5.193266e+04 5.214473e+04 5.237688e+04 5.646950e+04 6.172138e+04 6.543007e+04 6.778748e+04
5.139018e+04 5.139018e+04 5.139018e+04 5.139018e+04 5.139018e+04 5.139020e+04 5.139031e+04 5.139076e+04 5.139112e+04 5.139155e+04 5.139266e+04 5.139408e+04 5.139578e+04 5.139775e+04 5.139995e+04 5.140235e+04 5.140493e+04 5.142032e+04 5.144053e+04 5.146718e+04 5.150143e+04 5.154373e+04 5.159414e+04 5.171831e+04 5.187110e+04 5.204925e+04 5.225012e+04 5.247258e+04 5.271759e+04 5.689666e+04 6.220514e+04 6.585661e+04 6.807164e+04
5.182667e+04 5.182667e+04 5.182667e+04 5.182667e+04 5.182667e+04 5.182666e+04 5.182663e+04 5.182647e+04 5.182635e+04 5.182618e+04 5.182574e+04 5.182516e+04 5.182446e+04 5.182369e+04 5.182289e+04 5.182215e+04 5.182151e+04 5.182151e+04 5.182940e+04 5.184660e+04 5.187349e+04 5.191003e+04 5.195598e+04 5.207473e+04 5.222653e+04 5.240806e+04 5.261631e+04 5.284937e+04 5.310702e+04 5.735807e+04 6.269756e+04 6.628809e+04 6.836192e+04
5.217978e+04 5.217978e+04 5.217978e+04 5.217978e+04 5.217978e+04 5.217976e+04 5.217969e+04 5.217941e+04 5.217922e+04 5.217902e+04 5.217866e+04 5.217841e+04 5.217835e+04 5.217850e+04 5.217889e+04 5.217952e+04 5.218040e+04 5.218857e+04 5.220343e+04 5.222578e+04 5.225639e+04 5.229569e+04 5.234383e+04 5.246649e+04 5.262313e+04 5.281156e+04 5.302920e+04 5.327387e+04 5.354449e+04 5.785423e+04 6.319854e+04 6.672334e+04 6.865705e+04
5.249770e+04 5.249770e+04 5.249770e+04 5.249770e+04 5.249771e+04 5.249780e+04 5.249809e+04 5.249926e+04 5.250013e+04 5.250119e+04 5.250381e+04 5.250703e+04 5.251071e+04 5.251476e+04 5.251909e+04 5.252362e+04 5.252833e+04 5.255386e+04 5.258300e+04 5.261715e+04 5.265753e+04 5.270494e+04 5.275990e+04 5.289372e+04 5.306025e+04 5.325901e+04 5.348823e+04 5.374571e+04 5.402982e+04 5.838528e+04 6.370792e+04 6.716119e+04 6.895586e+04
5.293942e+04 5.293942e+04 5.293942e+04 5.293942e+04 5.293942e+04 5.293944e+04 5.293948e+04 5.293967e+04 5.293981e+04 5.293999e+04 5.294051e+04 5.294129e+04 5.294241e+04 5.294394e+04 5.294592e+04 5.294837e+04 5.295131e+04 5.297325e+04 5.300580e+04 5.304698e+04 5.309556e+04 5.315109e+04 5.321365e+04 5.336112e+04 5.354023e+04 5.375164e+04 5.399412e+04 5.426542e+04 5.456341e+04 5.895103e+04 6.422545e+04 6.760047e+04 6.925725e+04
5.339023e+04 5.339023e+04 5.339023e+04 5.339023e+04 5.339023e+04 5.339032e+04 5.339059e+04 5.339160e+04 5.339230e+04 5.339312e+04 5.339510e+04 5.339750e+04 5.340032e+04 5.340354e+04 5.340718e+04 5.341124e+04 5.341571e+04 5.344443e+04 5.348309e+04 5.353025e+04 5.358479e+04 5.364629e+04 5.371486e+04 5.387466e+04 5.406676e+04 5.429186e+04 5.454855e+04 5.483422e+04 5.514615e+04 5.955097e+04 6.475083e+04 6.804006e+04 6.956016e+04
5.391990e+04 5.391990e+04 5.391990e+04 5.391990e+04 5.391990e+04 5.391999e+04 5.392026e+04 5.392130e+04 5.392207e+04 5.392300e+04 5.392534e+04 5.392829e+04 5.393186e+04 5.393601e+04 5.394070e+04 5.394591e+04 5.395159e+04 5.398591e+04 5.402822e+04 5.407754e+04 5.413392e+04 5.419780e+04 5.426967e+04 5.443892e+04 5.464338e+04 5.488245e+04 5.515370e+04 5.545375e+04 5.577920e+04 6.018428e+04 6.528364e+04 6.847885e+04 6.986358e+04
5.456187e+04 5.456187e+04 5.456187e+04 5.456187e+04 5.456187e+04 5.456194e+04 5.456216e+04 5.456301e+04 5.456365e+04 5.456442e+04 5.456633e+04 5.456869e+04 5.457146e+04 5.457461e+04 5.457812e+04 5.458197e+04 5.458617e+04 5.461214e+04 5.464653e+04 5.468987e+04 5.474280e+04 5.480578e+04 5.487903e+04 5.505627e+04 5.527301e+04 5.552623e+04 5.581196e+04 5.612586e+04 5.646386e+04 6.084983e+04 6.582333e+04 6.891577e+04 7.016646e+04
5.526969e+04 5.526969e+04 5.526969e+04 5.526969e+04 5.526969e+04 5.526969e+04 5.526970e+04 5.526974e+04 5.526976e+04 5.526980e+04 5.526992e+04 5.527014e+04 5.527054e+04 5.527114e+04 5.527201e+04 5.527318e+04 5.527468e+04 5.528802e+04 5.531270e+04 5.535007e+04 5.540058e+04 5.546414e+04 5.554031e+04 5.572801e+04 5.595841e+04 5.622610e+04 5.652580e+04 5.685242e+04 5.720136e+04 6.154619e+04 6.636927e+04 6.934977e+04 7.046783e+04
5.593966e+04 5.593966e+04 5.593966e+04 5.593966e+04 5.593966e+04 5.593971e+04 5.593985e+04 5.594038e+04 5.594074e+04 5.594116e+04 5.594216e+04 5.594336e+04 5.594476e+04 5.594637e+04 5.594821e+04 5.595031e+04 5.595271e+04 5.597022e+04 5.599941e+04 5.604220e+04 5.609909e+04 5.616977e+04 5.625357e+04 5.645717e+04 5.670316e+04 5.698528e+04 5.729774e+04 5.763514e+04 5.799269e+04 6.227162e+04 6.692066e+04 6.977983e+04 7.076671e+04
5.661605e+04 5.661605e+04 5.661605e+04 5.661605e+04 5.661606e+04 5.661610e+04 5.661624e+04 5.661682e+04 5.661726e+04 5.661783e+04 5.661935e+04 5.662143e+04 5.662408e+04 5.662730e+04 5.663110e+04 5.663546e+04 5.664038e+04 5.667301e+04 5.671870e+04 5.677725e+04 5.684846e+04 5.693197e+04 5.702722e+04 5.725031e+04 5.751219e+04 5.780724e+04 5.813002e+04 5.847531e+04 5.883832e+04 6.302409e+04 6.747661e+04 7.020497e+04 7.106214e+04
5.736387e+04 5.736387e+04 5.736387e+04 5.736387e+04 5.736387e+04 5.736398e+04 5.736431e+04 5.736565e+04 5.736665e+04 5.736787e+04 5.737096e+04 5.737490e+04 5.737964e+04 5.738517e+04 5.739143e+04 5.739841e+04 5.740607e+04 5.745385e+04 5.751559e+04 5.758952e+04 5.767464e+04 5.777036e+04 5.787619e+04 5.811628e+04 5.839075e+04 5.869501e+04 5.902420e+04 5.937339e+04 5.973795e+04 6.380126e+04 6.803609e+04 7.062425e+04 7.135318e+04
5.826976e+04 5.826976e+04 5.826976e+04 5.826976e+04 5.826976e+04 5.826987e+04 5.827021e+04 5.827154e+04 5.827254e+04 5.827377e+04 5.827687e+04 5.828085e+04 5.828569e+04 5.829139e+04 5.829792e+04 5.830526e+04 5.831337e+04 5.836458e+04 5.843112e+04 5.851059e+04 5.860148e+04 5.870277e+04 5.881372e+04 5.906220e+04 5.934248e+04 5.965011e+04 5.998045e+04 6.032870e+04 6.069027e+04 6.460049e+04 6.859796e+04 7.103672e+04 7.163893e+04
5.933075e+04 5.933075e+04 5.933075e+04 5.933075e+04 5.933075e+04 5.933086e+04 5.933120e+04 5.933252e+04 5.933349e+04 5.933464e+04 5.933751e+04 5.934108e+04 5.934533e+04 5.935025e+04 5.935583e+04 5.936208e+04 5.936898e+04 5.941327e+04 5.947330e+04 5.954781e+04 5.963529e+04 5.973429e+04 5.984365e+04 6.008973e+04 6.036740e+04 6.067149e+04 6.099701e+04 6.133899e+04 6.169272e+04 6.541889e+04 6.916095e+04 7.144152e+04 7.191852e+04
6.050831e+04 6.050831e+04 6.050831e+04 6.050831e+04 6.050831e+04 6.050837e+04 6.050854e+04 6.050924e+04 6.050976e+04 6.051039e+04 6.051201e+04 6.051410e+04 6.051671e+04 6.051987e+04 6.052360e+04 6.052794e+04 6.053290e+04 6.056746e+04 6.061825e+04 6.068428e+04 6.076406e+04 6.085612e+04 6.095916e+04 6.119395e+04 6.146128e+04 6.175514e+04 6.206996e+04 6.240038e+04 6.274142e+04 6.625328e+04 6.972370e+04 7.183779e+04 7.219111e+04
6.172574e+04 6.172574e+04 6.172574e+04 6.172574e+04 6.172575e+04 6.172583e+04 6.172607e+04 6.172702e+04 6.172773e+04 6.172857e+04 6.173069e+04 6.173336e+04 6.173657e+04 6.174032e+04 6.174461e+04 6.174942e+04 6.175475e+04 6.178919e+04 6.183651e+04 6.189651e+04 6.196872e+04 6.205247e+04 6.214697e+04 6.236495e+04 6.261618e+04 6.289434e+04 6.319334e+04 6.350741e+04 6.383128e+04 6.710024e+04 7.028476e+04 7.222470e+04 7.245589e+04
6.300928e+04 6.300928e+04 6.300928e+04 6.300928e+04 6.300928e+04 6.300936e+04 6.300960e+04 6.301057e+04 6.301129e+04 6.301216e+04 6.301434e+04 6.301707e+04 6.302034e+04 6.302412e+04 6.302838e+04 6.303313e+04 6.303833e+04 6.307096e+04 6.311418e+04 6.316790e+04 6.323217e+04 6.330693e+04 6.339188e+04 6.359022e+04 6.382184e+04 6.408044e+04 6.435964e+04 6.465335e+04 6.495612e+04 6.795615e+04 7.084260e+04 7.260145e+04 7.271209e+04
6.435818e+04 6.435818e+04 6.435818e+04 6.435818e+04 6.435818e+04 6.435823e+04 6.435836e+04 6.435891e+04 6.435931e+04 6.435981e+04 6.436107e+04 6.436272e+04 6.436476e+04 6.436721e+04 6.437008e+04 6.437338e+04 6.437710e+04 6.440203e+04 6.443724e+04 6.448254e+04 6.453789e+04 6.460325e+04 6.467842e+04 6.485642e+04 6.506696e+04 6.530376e+04 6.556033e+04 6.583056e+04 6.610897e+04 6.881723e+04 7.139561e+04 7.296729e+04 7.295899e+04
6.571826e+04 6.571826e+04 6.571826e+04 6.571826e+04 6.571827e+04 6.571831e+04 6.571844e+04 6.571895e+04 6.571933e+04 6.571978e+04 6.572091e+04 6.572236e+04 6.572411e+04 6.572616e+04 6.572852e+04 6.573119e+04 6.573418e+04 6.575406e+04 6.578274e+04 6.582072e+04 6.586825e+04 6.592533e+04 6.599175e+04 6.615078e+04 6.634038e+04 6.655439e+04 6.678653e+04 6.703093e+04 6.728234e+04 6.967953e+04 7.194216e+04 7.332148e+04 7.319592e+04
6.707558e+04 6.707558e+04 6.707558e+04 6.707558e+04 6.707559e+04 6.707562e+04 6.707572e+04 6.707614e+04 6.707644e+04 6.707682e+04 6.707777e+04 6.707898e+04 6.708047e+04 6.708223e+04 6.708427e+04 6.708659e+04 6.708920e+04 6.710670e+04 6.713210e+04 6.716595e+04 6.720851e+04 6.725977e+04 6.731945e+04 6.746220e+04 6.763188e+04 6.782283e+04 6.802934e+04 6.824612e+04 6.846845e+04 7.053906e+04 7.248056e+04 7.366333e+04 7.342223e+04
6.841975e+04 6.841975e+04 6.841975e+04 6.841975e+04 6.841975e+04 6.841979e+04 6.841991e+04 6.842036e+04 6.842070e+04 6.842111e+04 6.842214e+04 6.842345e+04 6.842504e+04 6.842690e+04 6.842904e+04 6.843146e+04 6.843415e+04 6.845191e+04 6.847709e+04 6.850991e+04 6.855036e+04 6.859820e+04 6.865306e+04 6.878195e+04 6.893261e+04 6.910023e+04 6.928011e+04 6.946781e+04 6.965936e+04 7.139174e+04 7.300914e+04 7.399217e+04 7.363733e+04
6.975736e+04 6.975736e+04 6.975736e+04 6.975736e+04 6.975736e+04 6.975740e+04 6.975751e+04 6.975796e+04 6.975830e+04 6.975871e+04 6.975975e+04 6.976110e+04 6.976276e+04 6.976474e+04 6.976703e+04 6.976964e+04 6.977257e+04 6.979183e+04 6.981844e+04 6.985186e+04 6.989155e+04 6.993701e+04 6.998778e+04 7.010341e+04 7.023479e+04 7.037831e+04 7.053040e+04 7.068771e+04 7.084709e+04 7.223354e+04 7.352619e+04 7.430737e+04 7.384069e+04
7.109424e+04 7.109424e+04 7.109424e+04 7.109424e+04 7.109424e+04 7.109429e+04 7.109444e+04 7.109503e+04 7.109547e+04 7.109601e+04 7.109736e+04 7.109908e+04 7.110115e+04 7.110356e+04 7.110630e+04 7.110937e+04 7.111275e+04 7.113399e+04 7.116168e+04 7.119484e+04 7.123273e+04 7.127472e+04 7.132032e+04 7.142070e+04 7.153107e+04 7.164892e+04 7.177185e+04 7.189753e+04 7.202364e+04 7.306046e+04 7.403006e+04 7.460832e+04 7.403182e+04
7.244903e+04 7.244903e+04 7.244903e+04 7.244903e+04 7.244903e+04 7.244908e+04 7.244923e+04 7.244981e+04 7.245024e+04 7.245077e+04 7.245207e+04 7.245371e+04 7.245565e+04 7.245790e+04 7.246044e+04 7.246326e+04 7.246636e+04 7.248566e+04 7.251048e+04 7.253971e+04 7.257247e+04 7.260805e+04 7.264592e+04 7.272703e+04 7.281347e+04 7.290359e+04 7.299590e+04 7.308890e+04 7.318099e+04 7.386860e+04 7.451911e+04 7.489447e+04 7.421027e+04
7.381542e+04 7.381542e+04 7.381542e+04 7.381542e+04 7.381542e+04 7.381545e+04 7.381553e+04 7.381584e+04 7.381608e+04 7.381637e+04 7.381710e+04 7.381805e+04 7.381922e+04 7.382062e+04 7.382225e+04 7.382411e+04 7.382619e+04 7.383965e+04 7.385752e+04 7.387884e+04 7.390279e+04 7.392868e+04 7.395598e+04 7.401333e+04 7.407278e+04 7.413319e+04 7.419368e+04 7.425335e+04 7.431115e+04 7.465425e+04 7.499176e+04 7.516528e+04 7.437564e+04
7.516113e+04 7.516113e+04 7.516113e+04 7.516113e+04 7.516113e+04 7.516115e+04 7.516123e+04 7.516153e+04 7.516174e+04 7.516198e+04 7.516254e+04 7.516321e+04 7.516398e+04 7.516485e+04 7.516580e+04 7.516685e+04 7.516799e+04 7.517508e+04 7.518446e+04 7.519584e+04 7.520881e+04 7.522289e+04 7.523766e+04 7.526807e+04 7.529840e+04 7.532787e+04 7.535604e+04 7.538239e+04 7.540628e+04 7.541386e+04 7.544650e+04 7.542027e+04 7.452760e+04
7.646770e+04 7.646770e+04 7.646770e+04 7.646770e+04 7.646770e+04 7.646770e+04 7.646770e+04 7.646770e+04 7.646769e+04 7.646768e+04 7.646766e+04 7.646762e+04 7.646759e+04 7.646757e+04 7.646755e+04 7.646756e+04 7.646758e+04 7.646799e+04 7.646893e+04 7.647034e+04 7.647207e+04 7.647390e+04 7.647564e+04 7.647819e+04 7.647889e+04 7.647748e+04 7.647383e+04 7.646775e+04 7.645882e+04 7.614412e+04 7.588189e+04 7.565899e+04 7.466584e+04
7.770287e+04 7.770287e+04 7.770287e+04 7.770287e+04 7.770287e+04 7.770287e+04 7.770286e+04 7.770283e+04 7.770279e+04 7.770273e+04 7.770257e+04 7.770233e+04 7.770202e+04 7.770163e+04 7.770116e+04 7.770061e+04 7.769999e+04 7.769579e+04 7.768999e+04 7.768284e+04 7.767449e+04 7.766502e+04 7.765450e+04 7.763051e+04 7.760291e+04 7.757209e+04 7.753832e+04 7.750162e+04 7.746176e+04 7.684202e+04 7.629660e+04 7.588104e+04 7.479011e+04
7.885773e+04 7.885773e+04 7.885773e+04 7.885773e+04 7.885773e+04 7.885771e+04 7.885767e+04 7.885748e+04 7.885733e+04 7.885716e+04 7.885671e+04 7.885612e+04 7.885541e+04 7.885456e+04 7.885359e+04 7.885249e+04 7.885126e+04 7.884320e+04 7.883201e+04 7.881787e+04 7.880106e+04 7.878189e+04 7.876067e+04 7.871313e+04 7.866012e+04 7.860274e+04 7.854162e+04 7.847701e+04 7.840886e+04 7.750483e+04 7.668937e+04 7.608605e+04 7.490020e+04
7.991880e+04 7.991880e+04 7.991880e+04 7.991880e+04 7.991880e+04 7.991878e+04 7.991873e+04 7.991852e+04 7.991835e+04 7.991814e+04 7.991759e+04 7.991686e+04 7.991595e+04 7.991486e+04 7.991358e+04 7.991212e+04 7.991048e+04 7.989949e+04 7.988397e+04 7.986416e+04 7.984046e+04 7.981338e+04 7.978339e+04 7.971636e+04 7.964200e+04 7.956195e+04 7.947716e+04 7.938809e+04 7.929488e+04 7.813016e+04 7.705910e+04 7.627370e+04 7.499596e+04
8.088202e+04 8.088202e+04 8.088202e+04 8.088202e+04 8.088202e+04 8.088199e+04 8.088192e+04 8.088160e+04 8.088135e+04 8.088106e+04 8.088030e+04 8.087932e+04 8.087813e+04 8.087671e+04 8.087507e+04 8.087321e+04 8.087113e+04 8.085738e+04 8.083813e+04 8.081371e+04 8.078466e+04 8.075156e+04 8.071497e+04 8.063318e+04 8.054227e+04 8.044414e+04 8.033995e+04 8.023037e+04 8.011572e+04 7.871596e+04 7.740477e+04 7.644371e+04 7.507726e+04
8.173954e+04 8.173954e+04 8.173954e+04 8.173954e+04 8.173954e+04 8.173951e+04 8.173943e+04 8.173909e+04 8.173883e+04 8.173851e+04 8.173767e+04 8.173657e+04 8.173520e+04 8.173356e+04 8.173166e+04 8.172949e+04 8.172706e+04 8.171097e+04 8.168876e+04 8.166107e+04 8.162849e+04 8.159160e+04 8.155086e+04 8.145955e+04 8.135725e+04 8.124590e+04 8.112681e+04 8.100085e+04 8.086857e+04 7.926052e+04 7.772550e+04 7.659587e+04 7.514402e+04
8.248849e+04 8.248849e+04 8.248849e+04 8.248849e+04 8.248849e+04 8.248845e+04 8.248834e+04 8.248789e+04 8.248756e+04 8.248715e+04 8.248609e+04 8.248474e+04 8.248308e+04 8.248113e+04 8.247890e+04 8.247639e+04 8.247361e+04 8.245593e+04 8.243248e+04 8.240379e+04 8.237025e+04 8.233223e+04 8.229006e+04 8.219452e+04 8.208588e+04 8.196601e+04 8.183636e+04 8.169804e+04 8.155185e+04 7.976251e+04 7.802053e+04 7.672998e+04 7.519621e+04
8.312106e+04 8.312106e+04 8.312106e+04 8.312106e+04 8.312106e+04 8.312102e+04 8.312091e+04 8.312046e+04 8.312013e+04 8.311973e+04 8.311875e+04 8.311752e+04 8.311605e+04 8.311434e+04 8.311240e+04 8.311022e+04 8.310781e+04 8.309227e+04 8.307113e+04 8.304463e+04 8.301302e+04 8.297653e+04 8.293540e+04 8.284025e+04 8.272958e+04 8.260524e+04 8.246887e+04 8.232183e+04 8.216517e+04 8.022093e+04 7.828924e+04 7.684592e+04 7.523383e+04
8.365282e+04 8.365282e+04 8.365282e+04 8.365282e+04 8.365282e+04 8.365281e+04 8.365275e+04 8.365253e+04 8.365236e+04 8.365216e+04 8.365163e+04 8.365094e+04 8.365007e+04 8.364902e+04 8.364777e+04 8.364633e+04 8.364467e+04 8.363314e+04 8.361604e+04 8.359338e+04 8.356526e+04 8.353182e+04 8.349323e+04 8.340145e+04 8.329175e+04 8.316600e+04 8.302599e+04 8.287326e+04 8.270912e+04 8.063512e+04 7.853113e+04 7.694360e+04 7.525690e+04
8.411474e+04 8.411474e+04 8.411474e+04 8.411473e+04 8.411473e+04 8.411472e+04 8.411466e+04 8.411443e+04 8.411426e+04 8.411405e+04 8.411352e+04 8.411283e+04 8.411199e+04 8.411100e+04 8.410985e+04 8.410855e+04 8.410709e+04 8.409722e+04 8.408268e+04 8.406302e+04 8.403801e+04 8.400756e+04 8.397170e+04 8.388424e+04 8.377703e+04 8.365180e+04 8.351033e+04 8.335428e+04 8.318512e+04 8.100474e+04 7.874584e+04 7.702297e+04 7.526551e+04
8.451135e+04 8.451135e+04 8.451135e+04 8.451135e+04 8.451135e+04 8.451133e+04 8.451128e+04 8.451109e+04 8.451095e+04 8.451077e+04 8.451032e+04 8.450972e+04 8.450899e+04 8.450811e+04 8.450708e+04 8.450590e+04 8.450457e+04 8.449550e+04 8.448213e+04 8.446404e+04 8.444089e+04 8.441245e+04 8.437863e+04 8.429489e+04 8.419044e+04 8.406663e+04 8.392507e+04 8.376741e+04 8.359515e+04 8.132973e+04 7.893313e+04 7.708405e+04 7.525975e+04
8.485004e+04 8.485004e+04 8.485004e+04 8.485004e+04 8.485004e+04 8.485003e+04 8.484998e+04 8.484978e+04 8.484964e+04 8.484945e+04 8.484899e+04 8.484838e+04 8.484763e+04 8.484674e+04 8.484570e+04 8.484451e+04 8.484316e+04 8.483406e+04 8.482078e+04 8.480303e+04 8.478050e+04 8.475295e+04 8.472020e+04 8.463888e+04 8.453668e+04 8.441448e+04 8.427358e+04 8.411544e+04 8.394153e+04 8.161031e+04 7.909289e+04 7.712690e+04 7.523975e+04
8.513298e+04 8.513298e+04 8.513298e+04 8.513298e+04 8.513298e+04 8.513296e+04 8.513290e+04 8.513267e+04 8.513250e+04 8.513229e+04 8.513175e+04 8.513106e+04 8.513021e+04 8.512920e+04 8.512805e+04 8.512673e+04 8.512526e+04 8.511549e+04 8.510161e+04 8.508340e+04 8.506064e+04 8.503311e+04 8.500065e+04 8.492048e+04 8.481982e+04 8.469907e+04 8.455916e+04 8.440128e+04 8.422678e+04 8.184695e+04 7.922511e+04 7.715159e+04 7.520568e+04
8.535829e+04 8.535829e+04 8.535829e+04 8.535829e+04 8.535829e+04 8.535827e+04 8.535821e+04 8.535797e+04 8.535780e+04 8.535758e+04 8.535702e+04 8.535631e+04 8.535542e+04 8.535437e+04 8.535316e+04 8.535178e+04 8.535023e+04 8.533996e+04 8.532545e+04 8.530659e+04 8.528328e+04 8.525537e+04 8.522274e+04 8.514290e+04 8.504321e+04 8.492369e+04 8.478490e+04 8.462777e+04 8.445346e+04 8.204033e+04 7.932992e+04 7.715829e+04 7.515771e+04
8.552669e+04 8.552669e+04 8.552669e+04 8.552669e+04 8.552669e+04 8.552667e+04 8.552661e+04 8.552637e+04 8.552619e+04 8.552596e+04 8.552539e+04 8.552465e+04 8.552375e+04 8.552267e+04 8.552143e+04 8.552001e+04 8.551842e+04 8.550785e+04 8.549290e+04 8.547351e+04 8.544968e+04 8.542134e+04 8.538845e+04 8.530864e+04 8.520965e+04 8.509125e+04 8.495368e+04 8.479765e+04 8.462413e+04 8.219131e+04 7.940754e+04 7.714717e+04 7.509607e+04
8.563957e+04 8.563957e+04 8.563957e+04 8.563957e+04 8.563957e+04 8.563955e+04 8.563949e+04 8.563924e+04 8.563905e+04 8.563883e+04 8.563824e+04 8.563749e+04 8.563656e+04 8.563546e+04 8.563419e+04 8.563274e+04 8.563111e+04 8.562030e+04 8.560501e+04 8.558525e+04 8.556108e+04 8.553250e+04 8.549950e+04 8.541990e+04 8.532166e+04 8.520440e+04 8.506818e+04 8.491353e+04 8.474129e+04 8.230092e+04 7.945829e+04 7.711846e+04 7.502098e+04
8.569828e+04 8.569828e+04 8.569828e+04 8.569828e+04 8.569828e+04 8.569826e+04 8.569820e+04 8.569795e+04 8.569776e+04 8.569752e+04 8.569693e+04 8.569616e+04 8.569521e+04 8.569408e+04 8.569278e+04 8.569130e+04 8.568963e+04 8.567859e+04 8.566307e+04 8.564317e+04 8.561899e+04 8.559053e+04 8.555775e+04 8.547886e+04 8.538163e+04 8.526565e+04 8.513093e+04 8.497793e+04 8.480737e+04 8.237033e+04 7.948258e+04 7.707241e+04 7.493269e+04
