1.980920e+04 1.632716e+04 1.411835e+04 9.048587e+03 7.398743e+03 3.997386e+03 2.993209e+03 2.381119e+03 2.271240e+03 2.208730e+03 2.153431e+03 2.152393e+03 2.225610e+03 2.433043e+03 2.817283e+03 3.362422e+03 3.997180e+03 6.066731e+03 5.870193e+03 5.428337e+03 5.361737e+03 5.645075e+03 6.165895e+03 7.580397e+03 9.181784e+03 1.081699e+04 1.245764e+04 1.412603e+04 1.586107e+04 4.214698e+04 8.017440e+04 1.148292e+05 1.400394e+05
2.616235e+03 2.616235e+03 2.616232e+03 2.615933e+03 2.614271e+03 2.536884e+03 2.407473e+03 2.213169e+03 2.170843e+03 2.145459e+03 2.126144e+03 2.142386e+03 2.231669e+03 2.462779e+03 2.879907e+03 3.462776e+03 4.133308e+03 6.246633e+03 5.985043e+03 5.499118e+03 5.413295e+03 5.689891e+03 6.209186e+03 7.624755e+03 9.227074e+03 1.086218e+04 1.250230e+04 1.417031e+04 1.590547e+04 4.222007e+04 8.027265e+04 1.149258e+05 1.401200e+05
2.113636e+03 2.113637e+03 2.113639e+03 2.113684e+03 2.113725e+03 2.108053e+03 2.108116e+03 2.108464e+03 2.093102e+03 2.089573e+03 2.100689e+03 2.134767e+03 2.243816e+03 2.505411e+03 2.963908e+03 3.592470e+03 4.304452e+03 6.454260e+03 6.111361e+03 5.574777e+03 5.467605e+03 5.736780e+03 6.254294e+03 7.670665e+03 9.273678e+03 1.090847e+04 1.254789e+04 1.421541e+04 1.595061e+04 4.229386e+04 8.037152e+04 1.150228e+05 1.402007e+05
2.042124e+03 2.042125e+03 2.042127e+03 2.042182e+03 2.042320e+03 2.044362e+03 2.040944e+03 2.072009e+03 2.081443e+03 2.082104e+03 2.089397e+03 2.133278e+03 2.265033e+03 2.565242e+03 3.075233e+03 3.758576e+03 4.518009e+03 6.692633e+03 6.249655e+03 5.655346e+03 5.524660e+03 5.785750e+03 6.301239e+03 7.718146e+03 9.321610e+03 1.095588e+04 1.259443e+04 1.426132e+04 1.599649e+04 4.236838e+04 8.047102e+04 1.151202e+05 1.402817e+05
2.042535e+03 2.042536e+03 2.042537e+03 2.042578e+03 2.042692e+03 2.044540e+03 2.043747e+03 2.055147e+03 2.075837e+03 2.091985e+03 2.107837e+03 2.149201e+03 2.301534e+03 2.648879e+03 3.221874e+03 3.969976e+03 4.782853e+03 6.964822e+03 6.400317e+03 5.740798e+03 5.584430e+03 5.836800e+03 6.350036e+03 7.767217e+03 9.370880e+03 1.100440e+04 1.264190e+04 1.430805e+04 1.604311e+04 4.244361e+04 8.057115e+04 1.152181e+05 1.403630e+05
2.056444e+03 2.056444e+03 2.056446e+03 2.056479e+03 2.056574e+03 2.058569e+03 2.060984e+03 2.065429e+03 2.080253e+03 2.100025e+03 2.132471e+03 2.187226e+03 2.366555e+03 2.767914e+03 3.415638e+03 4.238563e+03 5.110104e+03 7.273926e+03 6.563601e+03 5.831046e+03 5.646860e+03 5.889920e+03 6.400694e+03 7.817894e+03 9.421502e+03 1.105404e+04 1.269033e+04 1.435561e+04 1.609048e+04 4.251957e+04 8.067192e+04 1.153164e+05 1.404445e+05
2.082460e+03 2.082460e+03 2.082461e+03 2.082489e+03 2.082569e+03 2.084514e+03 2.088270e+03 2.093716e+03 2.101554e+03 2.115592e+03 2.153557e+03 2.234266e+03 2.463788e+03 2.940660e+03 3.675342e+03 4.581127e+03 5.514314e+03 7.623070e+03 6.739605e+03 5.925940e+03 5.711876e+03 5.945091e+03 6.453219e+03 7.870190e+03 9.473482e+03 1.110481e+04 1.273970e+04 1.440399e+04 1.613859e+04 4.259626e+04 8.077333e+04 1.154151e+05 1.405262e+05
2.118770e+03 2.118770e+03 2.118771e+03 2.118795e+03 2.118867e+03 2.120743e+03 2.125068e+03 2.132269e+03 2.135129e+03 2.141157e+03 2.174460e+03 2.287683e+03 2.592624e+03 3.176478e+03 4.024645e+03 5.022910e+03 6.015306e+03 8.015420e+03 6.928252e+03 6.025264e+03 5.779379e+03 6.002284e+03 6.507613e+03 7.924119e+03 9.526830e+03 1.115671e+04 1.279002e+04 1.445319e+04 1.618745e+04 4.267368e+04 8.087537e+04 1.155142e+05 1.406082e+05
2.164417e+03 2.164417e+03 2.164418e+03 2.164440e+03 2.164507e+03 2.166331e+03 2.170809e+03 2.175774e+03 2.173072e+03 2.170858e+03 2.198555e+03 2.354475e+03 2.762638e+03 3.488724e+03 4.480448e+03 5.589412e+03 6.640941e+03 8.454218e+03 7.129290e+03 6.128741e+03 5.849253e+03 6.061464e+03 6.563872e+03 7.979690e+03 9.581552e+03 1.120974e+04 1.284129e+04 1.450323e+04 1.623706e+04 4.275184e+04 8.097805e+04 1.156138e+05 1.406905e+05
2.219004e+03 2.219005e+03 2.219005e+03 2.219027e+03 2.219091e+03 2.220848e+03 2.223517e+03 2.214962e+03 2.203972e+03 2.194350e+03 2.226848e+03 2.448563e+03 2.995130e+03 3.901723e+03 5.066984e+03 6.301773e+03 7.413160e+03 8.942839e+03 7.342286e+03 6.236034e+03 5.921361e+03 6.122591e+03 6.621993e+03 8.036910e+03 9.637653e+03 1.126391e+04 1.289352e+04 1.455409e+04 1.628742e+04 4.283075e+04 8.108138e+04 1.157138e+05 1.407729e+05
2.280815e+03 2.280815e+03 2.280814e+03 2.280782e+03 2.280674e+03 2.275581e+03 2.262605e+03 2.229292e+03 2.211741e+03 2.200566e+03 2.263342e+03 2.592395e+03 3.324888e+03 4.453296e+03 5.818525e+03 7.187583e+03 8.351516e+03 9.484937e+03 7.566643e+03 6.346758e+03 5.995558e+03 6.185618e+03 6.681965e+03 8.095787e+03 9.695136e+03 1.131922e+04 1.294669e+04 1.460578e+04 1.633853e+04 4.291040e+04 8.118535e+04 1.158142e+05 1.408557e+05
2.457008e+04 2.456999e+04 2.456974e+04 2.456154e+04 2.453601e+04 2.400072e+04 2.392070e+04 2.583405e+04 2.709217e+04 2.835021e+04 3.066351e+04 3.249242e+04 3.361527e+04 3.387093e+04 3.321017e+04 3.171577e+04 2.958048e+04 1.713923e+04 1.018876e+04 7.559165e+03 6.823265e+03 6.912078e+03 7.382037e+03 8.776082e+03 1.034579e+04 1.193423e+04 1.353034e+04 1.516795e+04 1.689095e+04 4.374893e+04 8.226102e+04 1.168419e+05 1.416962e+05
6.316781e+04 6.316781e+04 6.316780e+04 6.316764e+04 6.316713e+04 6.315272e+04 6.311486e+04 6.297473e+04 6.286403e+04 6.271425e+04 6.220502e+04 6.116298e+04 5.925925e+04 5.629376e+04 5.229394e+04 4.750913e+04 4.232180e+04 2.089520e+04 1.175265e+04 8.660926e+03 7.807890e+03 7.849062e+03 8.286552e+03 9.625210e+03 1.113047e+04 1.265694e+04 1.420423e+04 1.580981e+04 1.751733e+04 4.466683e+04 8.340350e+04 1.179127e+05 1.425609e+05
5.024269e+04 5.024269e+04 5.024270e+04 5.024270e+04 5.024271e+04 5.024219e+04 5.023840e+04 5.021671e+04 5.019889e+04 5.017264e+04 5.003437e+04 4.958566e+04 4.854034e+04 4.668290e+04 4.396507e+04 4.052584e+04 3.663903e+04 1.948953e+04 1.191198e+04 9.456832e+03 8.884272e+03 9.026106e+03 9.464188e+03 1.067453e+04 1.204683e+04 1.347853e+04 1.496035e+04 1.652590e+04 1.821480e+04 4.566825e+04 8.461467e+04 1.190270e+05 1.434494e+05
4.201430e+04 4.201430e+04 4.201430e+04 4.201430e+04 4.201429e+04 4.201416e+04 4.201301e+04 4.200680e+04 4.200221e+04 4.199346e+04 4.191416e+04 4.159357e+04 4.080070e+04 3.936227e+04 3.723960e+04 3.454348e+04 3.149167e+04 1.804047e+04 1.218890e+04 1.040802e+04 1.011440e+04 1.036611e+04 1.082198e+04 1.192313e+04 1.311808e+04 1.440018e+04 1.579433e+04 1.731235e+04 1.898129e+04 4.675721e+04 8.589627e+04 1.201849e+05 1.443614e+05
3.748066e+04 3.748066e+04 3.748067e+04 3.748068e+04 3.748074e+04 3.748243e+04 3.748705e+04 3.750040e+04 3.750744e+04 3.751106e+04 3.746486e+04 3.721223e+04 3.655834e+04 3.535899e+04 3.358536e+04 3.133544e+04 2.879644e+04 1.775818e+04 1.310077e+04 1.174542e+04 1.157167e+04 1.183372e+04 1.226060e+04 1.325243e+04 1.430348e+04 1.544194e+04 1.671860e+04 1.817343e+04 1.981947e+04 4.793771e+04 8.724978e+04 1.213864e+05 1.452963e+05
3.536344e+04 3.536344e+04 3.536344e+04 3.536345e+04 3.536348e+04 3.536438e+04 3.536703e+04 3.537617e+04 3.538162e+04 3.538445e+04 3.534427e+04 3.512439e+04 3.455505e+04 3.351223e+04 3.197376e+04 3.002795e+04 2.783954e+04 1.842698e+04 1.451798e+04 1.336730e+04 1.318290e+04 1.336604e+04 1.370695e+04 1.456432e+04 1.551181e+04 1.655531e+04 1.774764e+04 1.913258e+04 2.074219e+04 4.921388e+04 8.867650e+04 1.226313e+05 1.462538e+05
3.461373e+04 3.461373e+04 3.461373e+04 3.461373e+04 3.461374e+04 3.461391e+04 3.461439e+04 3.461646e+04 3.461790e+04 3.461715e+04 3.457541e+04 3.437430e+04 3.386291e+04 3.293224e+04 3.156449e+04 2.983966e+04 2.790440e+04 1.960919e+04 1.613633e+04 1.504788e+04 1.479047e+04 1.486201e+04 1.509545e+04 1.580615e+04 1.668366e+04 1.768557e+04 1.884224e+04 2.019575e+04 2.177886e+04 5.059009e+04 9.017753e+04 1.239193e+05 1.472331e+05
3.453279e+04 3.453279e+04 3.453279e+04 3.453279e+04 3.453281e+04 3.453324e+04 3.453427e+04 3.453753e+04 3.453912e+04 3.453812e+04 3.449752e+04 3.430949e+04 3.383822e+04 3.298683e+04 3.174117e+04 3.017476e+04 2.842013e+04 2.088664e+04 1.766385e+04 1.658008e+04 1.625091e+04 1.623079e+04 1.637642e+04 1.696566e+04 1.780122e+04 1.880495e+04 1.997351e+04 2.133660e+04 2.292680e+04 5.207126e+04 9.175373e+04 1.252500e+05 1.482334e+05
3.458860e+04 3.458860e+04 3.458860e+04 3.458860e+04 3.458859e+04 3.458825e+04 3.458724e+04 3.458491e+04 3.458404e+04 3.458131e+04 3.454146e+04 3.436654e+04 3.393110e+04 3.314636e+04 3.199973e+04 3.055865e+04 2.894412e+04 2.197639e+04 1.893017e+04 1.785906e+04 1.749926e+04 1.743647e+04 1.753774e+04 1.806025e+04 1.888152e+04 1.991509e+04 2.113117e+04 2.254066e+04 2.417009e+04 5.366304e+04 9.340582e+04 1.266227e+05 1.492539e+05
3.463056e+04 3.463056e+04 3.463056e+04 3.463056e+04 3.463056e+04 3.463061e+04 3.463075e+04 3.463138e+04 3.463139e+04 3.462897e+04 3.459017e+04 3.442365e+04 3.401348e+04 3.327771e+04 3.220493e+04 3.085777e+04 2.934839e+04 2.281112e+04 1.992303e+04 1.890151e+04 1.856312e+04 1.850998e+04 1.861253e+04 1.912877e+04 1.996186e+04 2.104006e+04 2.232331e+04 2.380531e+04 2.550151e+04 5.537220e+04 9.513435e+04 1.280365e+05 1.502937e+05
3.461150e+04 3.461150e+04 3.461150e+04 3.461150e+04 3.461151e+04 3.461189e+04 3.461304e+04 3.461664e+04 3.461813e+04 3.461716e+04 3.458250e+04 3.442621e+04 3.403897e+04 3.334380e+04 3.233032e+04 3.105776e+04 2.963188e+04 2.345438e+04 2.074080e+04 1.981173e+04 1.953684e+04 1.953069e+04 1.966666e+04 2.022192e+04 2.108653e+04 2.221493e+04 2.357136e+04 2.513914e+04 2.692128e+04 5.720697e+04 9.693976e+04 1.294905e+05 1.513519e+05
3.464191e+04 3.464191e+04 3.464191e+04 3.464191e+04 3.464191e+04 3.464188e+04 3.464189e+04 3.464291e+04 3.464386e+04 3.464330e+04 3.461337e+04 3.446953e+04 3.410578e+04 3.344737e+04 3.248382e+04 3.127196e+04 2.991364e+04 2.405628e+04 2.154095e+04 2.073057e+04 2.053713e+04 2.059197e+04 2.077431e+04 2.139055e+04 2.229733e+04 2.347582e+04 2.490283e+04 2.655890e+04 2.843670e+04 5.917766e+04 9.882241e+04 1.309836e+05 1.524271e+05
3.508142e+04 3.508142e+04 3.508142e+04 3.508141e+04 3.508141e+04 3.508111e+04 3.508021e+04 3.507737e+04 3.507563e+04 3.507208e+04 3.503600e+04 3.488755e+04 3.452343e+04 3.387199e+04 3.292529e+04 3.174127e+04 3.042102e+04 2.481106e+04 2.247940e+04 2.177842e+04 2.165800e+04 2.176831e+04 2.199514e+04 2.267585e+04 2.362813e+04 2.485400e+04 2.634526e+04 2.808539e+04 3.006056e+04 6.129775e+04 1.007827e+05 1.325144e+05 1.535184e+05
3.568512e+04 3.568512e+04 3.568512e+04 3.568512e+04 3.568513e+04 3.568543e+04 3.568632e+04 3.568977e+04 3.569197e+04 3.569258e+04 3.566538e+04 3.552768e+04 3.517889e+04 3.454999e+04 3.363449e+04 3.248986e+04 3.121510e+04 2.583220e+04 2.363792e+04 2.301413e+04 2.294681e+04 2.310034e+04 2.336463e+04 2.410546e+04 2.510323e+04 2.637374e+04 2.792277e+04 2.974000e+04 3.180892e+04 6.358746e+04 1.028210e+05 1.340817e+05 1.546244e+05
3.663827e+04 3.663827e+04 3.663827e+04 3.663827e+04 3.663829e+04 3.663895e+04 3.664091e+04 3.664806e+04 3.665283e+04 3.665646e+04 3.663694e+04 3.651037e+04 3.617792e+04 3.557174e+04 3.468521e+04 3.357447e+04 3.233635e+04 2.711397e+04 2.500885e+04 2.443899e+04 2.441283e+04 2.460210e+04 2.489884e+04 2.569548e+04 2.673867e+04 2.805278e+04 2.965506e+04 3.154256e+04 3.369909e+04 6.605480e+04 1.049378e+05 1.356839e+05 1.557437e+05
3.821138e+04 3.821138e+04 3.821138e+04 3.821138e+04 3.821139e+04 3.821153e+04 3.821198e+04 3.821392e+04 3.821511e+04 3.821462e+04 3.818547e+04 3.804779e+04 3.770336e+04 3.708528e+04 3.618809e+04 3.506894e+04 3.382536e+04 2.861934e+04 2.656376e+04 2.604155e+04 2.605503e+04 2.627797e+04 2.660478e+04 2.745484e+04 2.854476e+04 2.990393e+04 3.155787e+04 3.351061e+04 3.574817e+04 6.869166e+04 1.071340e+05 1.373194e+05 1.568751e+05
3.995327e+04 3.995327e+04 3.995327e+04 3.995327e+04 3.995329e+04 3.995371e+04 3.995499e+04 3.995994e+04 3.996324e+04 3.996518e+04 3.994113e+04 3.980700e+04 3.946213e+04 3.883804e+04 3.792946e+04 3.679547e+04 3.553645e+04 3.030626e+04 2.829659e+04 2.782413e+04 2.787664e+04 2.813106e+04 2.848581e+04 2.938841e+04 3.052858e+04 3.193708e+04 3.364417e+04 3.565956e+04 3.797240e+04 7.149221e+04 1.094106e+05 1.389868e+05 1.580171e+05
4.207010e+04 4.207010e+04 4.207010e+04 4.207010e+04 4.207011e+04 4.207043e+04 4.207136e+04 4.207453e+04 4.207636e+04 4.207637e+04 4.204653e+04 4.190218e+04 4.154055e+04 4.089265e+04 3.995486e+04 3.878955e+04 3.750082e+04 3.220761e+04 3.022815e+04 2.979455e+04 2.987864e+04 3.016034e+04 3.054150e+04 3.149919e+04 3.269634e+04 3.416120e+04 3.592560e+04 3.800332e+04 4.038692e+04 7.445070e+04 1.117692e+05 1.406843e+05 1.591682e+05
4.432543e+04 4.432543e+04 4.432543e+04 4.432544e+04 4.432546e+04 4.432616e+04 4.432835e+04 4.433690e+04 4.434267e+04 4.434720e+04 4.432686e+04 4.418971e+04 4.382937e+04 4.317458e+04 4.222168e+04 4.103511e+04 3.972225e+04 3.434538e+04 3.235930e+04 3.194346e+04 3.205105e+04 3.235917e+04 3.276938e+04 3.379133e+04 3.505576e+04 3.658610e+04 3.841367e+04 4.055499e+04 4.300591e+04 7.756105e+04 1.142122e+05 1.424103e+05 1.603269e+05
4.710798e+04 4.710798e+04 4.710798e+04 4.710799e+04 4.710799e+04 4.710813e+04 4.710857e+04 4.711049e+04 4.711167e+04 4.711095e+04 4.707789e+04 4.692328e+04 4.653803e+04 4.584936e+04 4.485425e+04 4.361979e+04 4.225704e+04 3.669537e+04 3.465682e+04 3.424752e+04 3.438196e+04 3.472464e+04 3.517279e+04 3.627448e+04 3.761837e+04 3.922369e+04 4.112060e+04 4.332737e+04 4.584270e+04 8.081681e+04 1.167432e+05 1.441632e+05 1.614918e+05
5.000275e+04 5.000275e+04 5.000275e+04 5.000275e+04 5.000277e+04 5.000337e+04 5.000522e+04 5.001224e+04 5.001681e+04 5.001981e+04 4.999369e+04 4.984132e+04 4.944807e+04 4.873702e+04 4.770422e+04 4.641937e+04 4.499865e+04 3.919652e+04 3.709259e+04 3.670190e+04 3.687979e+04 3.727173e+04 3.776942e+04 3.896664e+04 4.040030e+04 4.208824e+04 4.405952e+04 4.633308e+04 4.890979e+04 8.421128e+04 1.193694e+05 1.459415e+05 1.626612e+05
5.329004e+04 5.329004e+04 5.329004e+04 5.329004e+04 5.329005e+04 5.329031e+04 5.329112e+04 5.329428e+04 5.329621e+04 5.329607e+04 5.326098e+04 5.309186e+04 5.266815e+04 5.190911e+04 5.081119e+04 4.944871e+04 4.794514e+04 4.184578e+04 3.969145e+04 3.934379e+04 3.958350e+04 4.003670e+04 4.059149e+04 4.189241e+04 4.342080e+04 4.519552e+04 4.724399e+04 4.958443e+04 5.221874e+04 8.773757e+04 1.220944e+05 1.477438e+05 1.638338e+05
5.667580e+04 5.667580e+04 5.667580e+04 5.667580e+04 5.667582e+04 5.667626e+04 5.667765e+04 5.668316e+04 5.668686e+04 5.668874e+04 5.665666e+04 5.648376e+04 5.604183e+04 5.524507e+04 5.408989e+04 5.265569e+04 5.107405e+04 4.470412e+04 4.252767e+04 4.223992e+04 4.254841e+04 4.306431e+04 4.367526e+04 4.507702e+04 4.669909e+04 4.856118e+04 5.068730e+04 5.309300e+04 5.577994e+04 9.138865e+04 1.249061e+05 1.495688e+05 1.650080e+05
6.048168e+04 6.048168e+04 6.048168e+04 6.048169e+04 6.048169e+04 6.048198e+04 6.048301e+04 6.048735e+04 6.049020e+04 6.049091e+04 6.045376e+04 6.026672e+04 5.979443e+04 5.894695e+04 5.772190e+04 5.620483e+04 5.453619e+04 4.788193e+04 4.568445e+04 4.545133e+04 4.581924e+04 4.638824e+04 4.704736e+04 4.853991e+04 5.025151e+04 5.219951e+04 5.440179e+04 5.686932e+04 5.960234e+04 9.515734e+04 1.277937e+05 1.514156e+05 1.661824e+05
6.458011e+04 6.458011e+04 6.458011e+04 6.458011e+04 6.458014e+04 6.458092e+04 6.458335e+04 6.459294e+04 6.459944e+04 6.460423e+04 6.457414e+04 6.438629e+04 6.389684e+04 6.301059e+04 6.172564e+04 6.013349e+04 5.838349e+04 5.144718e+04 4.920692e+04 4.900365e+04 4.941118e+04 5.001944e+04 5.071778e+04 5.229259e+04 5.409095e+04 5.612312e+04 5.839860e+04 6.092257e+04 6.369320e+04 9.903624e+04 1.307471e+05 1.532835e+05 1.673557e+05
6.946587e+04 6.946587e+04 6.946587e+04 6.946588e+04 6.946590e+04 6.946665e+04 6.946897e+04 6.947818e+04 6.948453e+04 6.948908e+04 6.945621e+04 6.925557e+04 6.873368e+04 6.778911e+04 6.642005e+04 6.472437e+04 6.286147e+04 5.548820e+04 5.310982e+04 5.288890e+04 5.331346e+04 5.395103e+04 5.468507e+04 5.634245e+04 5.822889e+04 6.034387e+04 6.268787e+04 6.526039e+04 6.805767e+04 1.030176e+05 1.337560e+05 1.551723e+05 1.685265e+05
7.524135e+04 7.524135e+04 7.524135e+04 7.524135e+04 7.524137e+04 7.524201e+04 7.524399e+04 7.525186e+04 7.525716e+04 7.526023e+04 7.522035e+04 7.499874e+04 7.442972e+04 7.340326e+04 7.191667e+04 7.007505e+04 6.805032e+04 6.000314e+04 5.736347e+04 5.707932e+04 5.750824e+04 5.817544e+04 5.895000e+04 6.070012e+04 6.267873e+04 6.487390e+04 6.727869e+04 6.988843e+04 7.269836e+04 1.070930e+05 1.368100e+05 1.570826e+05 1.696938e+05
8.166005e+04 8.166005e+04 8.166005e+04 8.166006e+04 8.166008e+04 8.166062e+04 8.166226e+04 8.166864e+04 8.167277e+04 8.167411e+04 8.162578e+04 8.137870e+04 8.075254e+04 7.962684e+04 7.799754e+04 7.597806e+04 7.375528e+04 6.487467e+04 6.191083e+04 6.155309e+04 6.199382e+04 6.270251e+04 6.352875e+04 6.538536e+04 6.745774e+04 6.972571e+04 7.217846e+04 7.480954e+04 7.761453e+04 1.112537e+05 1.398984e+05 1.590167e+05 1.708564e+05
8.842419e+04 8.842419e+04 8.842419e+04 8.842420e+04 8.842422e+04 8.842483e+04 8.842673e+04 8.843392e+04 8.843846e+04 8.843987e+04 8.838676e+04 8.811630e+04 8.743137e+04 8.619990e+04 8.441677e+04 8.220529e+04 7.976945e+04 7.001332e+04 6.673641e+04 6.632901e+04 6.680329e+04 6.756971e+04 6.845810e+04 7.042735e+04 7.258552e+04 7.491027e+04 7.739115e+04 8.002243e+04 8.280110e+04 1.154899e+05 1.430104e+05 1.609778e+05 1.720133e+05
9.555286e+04 9.555286e+04 9.555286e+04 9.555287e+04 9.555288e+04 9.555334e+04 9.555479e+04 9.556057e+04 9.556424e+04 9.556442e+04 9.550380e+04 9.520665e+04 9.445853e+04 9.311559e+04 9.117201e+04 8.876184e+04 8.610711e+04 7.547468e+04 7.191251e+04 7.148164e+04 7.200619e+04 7.283801e+04 7.378906e+04 7.585785e+04 7.807859e+04 8.043307e+04 8.291465e+04 8.551986e+04 8.824756e+04 1.197909e+05 1.461351e+05 1.629575e+05 1.731639e+05
1.030609e+05 1.030609e+05 1.030609e+05 1.030609e+05 1.030609e+05 1.030622e+05 1.030663e+05 1.030823e+05 1.030932e+05 1.031015e+05 1.030546e+05 1.027533e+05 1.019630e+05 1.005255e+05 9.843274e+04 9.582919e+04 9.295590e+04 8.142554e+04 7.757199e+04 7.711719e+04 7.768616e+04 7.857139e+04 7.956887e+04 8.169879e+04 8.394241e+04 8.628933e+04 8.873788e+04 9.128698e+04 9.393695e+04 1.241452e+05 1.492617e+05 1.649474e+05 1.743076e+05
1.119697e+05 1.119697e+05 1.119697e+05 1.119697e+05 1.119697e+05 1.119703e+05 1.119721e+05 1.119793e+05 1.119841e+05 1.119849e+05 1.119148e+05 1.115642e+05 1.106769e+05 1.090807e+05 1.067676e+05 1.038971e+05 1.007340e+05 8.807200e+04 8.384554e+04 8.332473e+04 8.390237e+04 8.480663e+04 8.581754e+04 8.794858e+04 9.016378e+04 9.245978e+04 9.483857e+04 9.730026e+04 9.984545e+04 1.285402e+05 1.523797e+05 1.669402e+05 1.754441e+05
1.216572e+05 1.216572e+05 1.216572e+05 1.216572e+05 1.216572e+05 1.216587e+05 1.216631e+05 1.216806e+05 1.216926e+05 1.217012e+05 1.216415e+05 1.212744e+05 1.203165e+05 1.185767e+05 1.160458e+05 1.128987e+05 1.094268e+05 9.549385e+04 9.078736e+04 9.012528e+04 9.065271e+04 9.152702e+04 9.250949e+04 9.457333e+04 9.670676e+04 9.890898e+04 1.011827e+05 1.035274e+05 1.059426e+05 1.329626e+05 1.554786e+05 1.689289e+05 1.765733e+05
1.328874e+05 1.328874e+05 1.328874e+05 1.328874e+05 1.328874e+05 1.328881e+05 1.328900e+05 1.328980e+05 1.329031e+05 1.329033e+05 1.328164e+05 1.323885e+05 1.313084e+05 1.293666e+05 1.265531e+05 1.230606e+05 1.192097e+05 1.037120e+05 9.835490e+04 9.745124e+04 9.786150e+04 9.865632e+04 9.957106e+04 1.015077e+05 1.035144e+05 1.055870e+05 1.077262e+05 1.099287e+05 1.121921e+05 1.373980e+05 1.585485e+05 1.709070e+05 1.776959e+05
1.448597e+05 1.448597e+05 1.448597e+05 1.448597e+05 1.448597e+05 1.448610e+05 1.448647e+05 1.448795e+05 1.448891e+05 1.448937e+05 1.448071e+05 1.443450e+05 1.431638e+05 1.410311e+05 1.379339e+05 1.340819e+05 1.298264e+05 1.125635e+05 1.063983e+05 1.051618e+05 1.053992e+05 1.060768e+05 1.068960e+05 1.086652e+05 1.105155e+05 1.124343e+05 1.144176e+05 1.164590e+05 1.185538e+05 1.418316e+05 1.615798e+05 1.728679e+05 1.788133e+05
1.579133e+05 1.579133e+05 1.579133e+05 1.579134e+05 1.579134e+05 1.579137e+05 1.579147e+05 1.579199e+05 1.579231e+05 1.579198e+05 1.578060e+05 1.572773e+05 1.559563e+05 1.535865e+05 1.501513e+05 1.458795e+05 1.411557e+05 1.218526e+05 1.147347e+05 1.130948e+05 1.131215e+05 1.136596e+05 1.143690e+05 1.159533e+05 1.176347e+05 1.193877e+05 1.212029e+05 1.230710e+05 1.249853e+05 1.462478e+05 1.645635e+05 1.748052e+05 1.799284e+05
1.712081e+05 1.712081e+05 1.712081e+05 1.712081e+05 1.712082e+05 1.712089e+05 1.712111e+05 1.712191e+05 1.712236e+05 1.712208e+05 1.710968e+05 1.705174e+05 1.690689e+05 1.664688e+05 1.626960e+05 1.579977e+05 1.527929e+05 1.313461e+05 1.231930e+05 1.211049e+05 1.208995e+05 1.212892e+05 1.218863e+05 1.232871e+05 1.248011e+05 1.263866e+05 1.280291e+05 1.297174e+05 1.314439e+05 1.506311e+05 1.674910e+05 1.767129e+05 1.810377e+05
1.847194e+05 1.847194e+05 1.847194e+05 1.847194e+05 1.847194e+05 1.847204e+05 1.847232e+05 1.847335e+05 1.847391e+05 1.847364e+05 1.846012e+05 1.839691e+05 1.823891e+05 1.795515e+05 1.754302e+05 1.702907e+05 1.645869e+05 1.408962e+05 1.316425e+05 1.290781e+05 1.286328e+05 1.288762e+05 1.293671e+05 1.305984e+05 1.319549e+05 1.333773e+05 1.348473e+05 1.363532e+05 1.378881e+05 1.549654e+05 1.703544e+05 1.785851e+05 1.821360e+05
1.983709e+05 1.983709e+05 1.983709e+05 1.983709e+05 1.983709e+05 1.983709e+05 1.983710e+05 1.983714e+05 1.983701e+05 1.983588e+05 1.981939e+05 1.974902e+05 1.957603e+05 1.926679e+05 1.881813e+05 1.825841e+05 1.763647e+05 1.503604e+05 1.399771e+05 1.369335e+05 1.362556e+05 1.363634e+05 1.367589e+05 1.378388e+05 1.390492e+05 1.403144e+05 1.416136e+05 1.429366e+05 1.442784e+05 1.592350e+05 1.731464e+05 1.804162e+05 1.832190e+05
2.112286e+05 2.112286e+05 2.112286e+05 2.112286e+05 2.112286e+05 2.112290e+05 2.112302e+05 2.112351e+05 2.112370e+05 2.112290e+05 2.110625e+05 2.103220e+05 2.084845e+05 2.051861e+05 2.003877e+05 1.943876e+05 1.877056e+05 1.595662e+05 1.481222e+05 1.446311e+05 1.437402e+05 1.437261e+05 1.440365e+05 1.449780e+05 1.460491e+05 1.471598e+05 1.482890e+05 1.494290e+05 1.505775e+05 1.634246e+05 1.758603e+05 1.822009e+05 1.842830e+05
2.238956e+05 2.238956e+05 2.238956e+05 2.238956e+05 2.238956e+05 2.238960e+05 2.238974e+05 2.239026e+05 2.239047e+05 2.238961e+05 2.237191e+05 2.229310e+05 2.209739e+05 2.174575e+05 2.123372e+05 2.059278e+05 1.987814e+05 1.685491e+05 1.560929e+05 1.521823e+05 1.510931e+05 1.509645e+05 1.511929e+05 1.519968e+05 1.529263e+05 1.538803e+05 1.548379e+05 1.557944e+05 1.567501e+05 1.675190e+05 1.784901e+05 1.839342e+05 1.853246e+05
2.364767e+05 2.364767e+05 2.364767e+05 2.364767e+05 2.364767e+05 2.364769e+05 2.364776e+05 2.364802e+05 2.364804e+05 2.364690e+05 2.362757e+05 2.354334e+05 2.333494e+05 2.296082e+05 2.241596e+05 2.173355e+05 2.097208e+05 1.773982e+05 1.639452e+05 1.596221e+05 1.583339e+05 1.580855e+05 1.582250e+05 1.588768e+05 1.596536e+05 1.604437e+05 1.612261e+05 1.619983e+05 1.627628e+05 1.715043e+05 1.810302e+05 1.856115e+05 1.863406e+05
2.487063e+05 2.487063e+05 2.487063e+05 2.487063e+05 2.487063e+05 2.487065e+05 2.487072e+05 2.487102e+05 2.487107e+05 2.486992e+05 2.484968e+05 2.476100e+05 2.454128e+05 2.414650e+05 2.357112e+05 2.284992e+05 2.204441e+05 1.861329e+05 1.717089e+05 1.669684e+05 1.654669e+05 1.650827e+05 1.651177e+05 1.655921e+05 1.661992e+05 1.668157e+05 1.674190e+05 1.680071e+05 1.685835e+05 1.753669e+05 1.834760e+05 1.872286e+05 1.873279e+05
2.608000e+05 2.608000e+05 2.608000e+05 2.608000e+05 2.608000e+05 2.608007e+05 2.608026e+05 2.608102e+05 2.608137e+05 2.608050e+05 2.605998e+05 2.596757e+05 2.573731e+05 2.532270e+05 2.471763e+05 2.395840e+05 2.310954e+05 1.948075e+05 1.793940e+05 1.742091e+05 1.724679e+05 1.719245e+05 1.718353e+05 1.721034e+05 1.725240e+05 1.729591e+05 1.733814e+05 1.737880e+05 1.741817e+05 1.790948e+05 1.858231e+05 1.887818e+05 1.882837e+05
2.732457e+05 2.732457e+05 2.732457e+05 2.732457e+05 2.732457e+05 2.732461e+05 2.732474e+05 2.732524e+05 2.732538e+05 2.732420e+05 2.730201e+05 2.720417e+05 2.696128e+05 2.652426e+05 2.588642e+05 2.508570e+05 2.418982e+05 2.034760e+05 1.869834e+05 1.812997e+05 1.792819e+05 1.785528e+05 1.783206e+05 1.783592e+05 1.785828e+05 1.788340e+05 1.790782e+05 1.793094e+05 1.795290e+05 1.826768e+05 1.880680e+05 1.902678e+05 1.892053e+05
2.857120e+05 2.857120e+05 2.857120e+05 2.857120e+05 2.857120e+05 2.857122e+05 2.857127e+05 2.857149e+05 2.857143e+05 2.856995e+05 2.854610e+05 2.844280e+05 2.818719e+05 2.772755e+05 2.705657e+05 2.621372e+05 2.526985e+05 2.120543e+05 1.943936e+05 1.881529e+05 1.858238e+05 1.848890e+05 1.845019e+05 1.843015e+05 1.843284e+05 1.844012e+05 1.844761e+05 1.845427e+05 1.846002e+05 1.861033e+05 1.902077e+05 1.916835e+05 1.900902e+05
2.978448e+05 2.978448e+05 2.978448e+05 2.978448e+05 2.978448e+05 2.978449e+05 2.978454e+05 2.978473e+05 2.978462e+05 2.978301e+05 2.975793e+05 2.964982e+05 2.938246e+05 2.890153e+05 2.819894e+05 2.731543e+05 2.632473e+05 2.203677e+05 2.014832e+05 1.946503e+05 1.919939e+05 1.908479e+05 1.903063e+05 1.898750e+05 1.897175e+05 1.896259e+05 1.895462e+05 1.894633e+05 1.893739e+05 1.893659e+05 1.922397e+05 1.930267e+05 1.909361e+05
3.095320e+05 3.095320e+05 3.095320e+05 3.095320e+05 3.095320e+05 3.095322e+05 3.095329e+05 3.095355e+05 3.095349e+05 3.095186e+05 3.092587e+05 3.081338e+05 3.053477e+05 3.003304e+05 2.929918e+05 2.837515e+05 2.733751e+05 2.282347e+05 2.081101e+05 2.006848e+05 1.977084e+05 1.963615e+05 1.956764e+05 1.950368e+05 1.947167e+05 1.944811e+05 1.942662e+05 1.940524e+05 1.938338e+05 1.924578e+05 1.941622e+05 1.942952e+05 1.917409e+05
3.208757e+05 3.208757e+05 3.208757e+05 3.208757e+05 3.208757e+05 3.208756e+05 3.208752e+05 3.208738e+05 3.208702e+05 3.208498e+05 3.205702e+05 3.193858e+05 3.164650e+05 3.112109e+05 3.035273e+05 2.938500e+05 2.829767e+05 2.355305e+05 2.141905e+05 2.061989e+05 2.029234e+05 2.013933e+05 2.005808e+05 1.997621e+05 1.993055e+05 1.989500e+05 1.986220e+05 1.982977e+05 1.979694e+05 1.953737e+05 1.959737e+05 1.954874e+05 1.925026e+05
3.314449e+05 3.314449e+05 3.314449e+05 3.314449e+05 3.314449e+05 3.314448e+05 3.314444e+05 3.314428e+05 3.314386e+05 3.314167e+05 3.311237e+05 3.298873e+05 3.268412e+05 3.213621e+05 3.133470e+05 3.032474e+05 2.918923e+05 2.422142e+05 2.197110e+05 2.111853e+05 2.076329e+05 2.059374e+05 2.050133e+05 2.040442e+05 2.034773e+05 2.030263e+05 2.026078e+05 2.021942e+05 2.017757e+05 1.981095e+05 1.976733e+05 1.966022e+05 1.932197e+05
3.409931e+05 3.409931e+05 3.409931e+05 3.409931e+05 3.409931e+05 3.409928e+05 3.409919e+05 3.409882e+05 3.409825e+05 3.409582e+05 3.406512e+05 3.393681e+05 3.362113e+05 3.305335e+05 3.222246e+05 3.117485e+05 2.999616e+05 2.482532e+05 2.246760e+05 2.156559e+05 2.118496e+05 2.100056e+05 2.089843e+05 2.078905e+05 2.072375e+05 2.067136e+05 2.062261e+05 2.057433e+05 2.052535e+05 2.006630e+05 1.992606e+05 1.976388e+05 1.938906e+05
3.493461e+05 3.493461e+05 3.493461e+05 3.493461e+05 3.493461e+05 3.493458e+05 3.493450e+05 3.493414e+05 3.493357e+05 3.493110e+05 3.489960e+05 3.476770e+05 3.444300e+05 3.385866e+05 3.300302e+05 3.192346e+05 3.070790e+05 2.536122e+05 2.290865e+05 2.196255e+05 2.155931e+05 2.136185e+05 2.125140e+05 2.113186e+05 2.106003e+05 2.100235e+05 2.094860e+05 2.089522e+05 2.084085e+05 2.030329e+05 2.007357e+05 1.985968e+05 1.945140e+05
3.565867e+05 3.565867e+05 3.565867e+05 3.565867e+05 3.565867e+05 3.565864e+05 3.565856e+05 3.565819e+05 3.565762e+05 3.565509e+05 3.562288e+05 3.548795e+05 3.515563e+05 3.455731e+05 3.368077e+05 3.257420e+05 3.132741e+05 2.583066e+05 2.329619e+05 2.231181e+05 2.188900e+05 2.168037e+05 2.156293e+05 2.143526e+05 2.135866e+05 2.129734e+05 2.124021e+05 2.118329e+05 2.112506e+05 2.052196e+05 2.020991e+05 1.994760e+05 1.950889e+05
3.628126e+05 3.628126e+05 3.628126e+05 3.628126e+05 3.628126e+05 3.628124e+05 3.628117e+05 3.628089e+05 3.628037e+05 3.627788e+05 3.624525e+05 3.610793e+05 3.576930e+05 3.515926e+05 3.426507e+05 3.313565e+05 3.186239e+05 2.623827e+05 2.363410e+05 2.261707e+05 2.217758e+05 2.195950e+05 2.183624e+05 2.170213e+05 2.162213e+05 2.155848e+05 2.149927e+05 2.144011e+05 2.137928e+05 2.072243e+05 2.033515e+05 2.002769e+05 1.956143e+05
3.681862e+05 3.681862e+05 3.681862e+05 3.681862e+05 3.681862e+05 3.681859e+05 3.681853e+05 3.681829e+05 3.681781e+05 3.681534e+05 3.678233e+05 3.664288e+05 3.629868e+05 3.567831e+05 3.476871e+05 3.361946e+05 3.232341e+05 2.659093e+05 2.392783e+05 2.288300e+05 2.242921e+05 2.220303e+05 2.207486e+05 2.193557e+05 2.185319e+05 2.178820e+05 2.172788e+05 2.166746e+05 2.160505e+05 2.090494e+05 2.044942e+05 2.010000e+05 1.960898e+05
3.729180e+05 3.729180e+05 3.729180e+05 3.729180e+05 3.729180e+05 3.729179e+05 3.729178e+05 3.729171e+05 3.729134e+05 3.728896e+05 3.725576e+05 3.711451e+05 3.676536e+05 3.613573e+05 3.521226e+05 3.404519e+05 3.272870e+05 2.689975e+05 2.418439e+05 2.311482e+05 2.264825e+05 2.241487e+05 2.228238e+05 2.213878e+05 2.205470e+05 2.198900e+05 2.192823e+05 2.186727e+05 2.180403e+05 2.106981e+05 2.055286e+05 2.016462e+05 1.965148e+05
3.772526e+05 3.772526e+05 3.772526e+05 3.772526e+05 3.772526e+05 3.772526e+05 3.772526e+05 3.772524e+05 3.772490e+05 3.772253e+05 3.768897e+05 3.754585e+05 3.719188e+05 3.655339e+05 3.561671e+05 3.443270e+05 3.309677e+05 2.717584e+05 2.441058e+05 2.331748e+05 2.283887e+05 2.259876e+05 2.246232e+05 2.231488e+05 2.222945e+05 2.216338e+05 2.210256e+05 2.204150e+05 2.197794e+05 2.121746e+05 2.064567e+05 2.022164e+05 1.968892e+05
3.812713e+05 3.812713e+05 3.812713e+05 3.812713e+05 3.812713e+05 3.812713e+05 3.812713e+05 3.812710e+05 3.812676e+05 3.812436e+05 3.809038e+05 3.794545e+05 3.758690e+05 3.693997e+05 3.599069e+05 3.479042e+05 3.343574e+05 2.742532e+05 2.461120e+05 2.349511e+05 2.300481e+05 2.275824e+05 2.261799e+05 2.246684e+05 2.238012e+05 2.231375e+05 2.225299e+05 2.219204e+05 2.212848e+05 2.134833e+05 2.072806e+05 2.027122e+05 1.972129e+05
3.850198e+05 3.850198e+05 3.850198e+05 3.850198e+05 3.850198e+05 3.850198e+05 3.850199e+05 3.850199e+05 3.850166e+05 3.849927e+05 3.846495e+05 3.831835e+05 3.795547e+05 3.730048e+05 3.633903e+05 3.512298e+05 3.375003e+05 2.765183e+05 2.478978e+05 2.365122e+05 2.314947e+05 2.289648e+05 2.275240e+05 2.259737e+05 2.250913e+05 2.244228e+05 2.238150e+05 2.232069e+05 2.225725e+05 2.146295e+05 2.080025e+05 2.031350e+05 1.974861e+05
3.885499e+05 3.885499e+05 3.885499e+05 3.885499e+05 3.885499e+05 3.885499e+05 3.885500e+05 3.885500e+05 3.885466e+05 3.885223e+05 3.881751e+05 3.866919e+05 3.830196e+05 3.763896e+05 3.666548e+05 3.543382e+05 3.404280e+05 2.785812e+05 2.494921e+05 2.378868e+05 2.327561e+05 2.301614e+05 2.286805e+05 2.270870e+05 2.261853e+05 2.255087e+05 2.248984e+05 2.242906e+05 2.236573e+05 2.156187e+05 2.086250e+05 2.034865e+05 1.977090e+05
3.918514e+05 3.918514e+05 3.918514e+05 3.918514e+05 3.918514e+05 3.918513e+05 3.918512e+05 3.918504e+05 3.918464e+05 3.918212e+05 3.914685e+05 3.899671e+05 3.862515e+05 3.795429e+05 3.696908e+05 3.572228e+05 3.431377e+05 2.804555e+05 2.509134e+05 2.390938e+05 2.338505e+05 2.311898e+05 2.296668e+05 2.280253e+05 2.270996e+05 2.264108e+05 2.257950e+05 2.251854e+05 2.245527e+05 2.164566e+05 2.091510e+05 2.037686e+05 1.978823e+05
3.948413e+05 3.948413e+05 3.948413e+05 3.948413e+05 3.948413e+05 3.948412e+05 3.948410e+05 3.948402e+05 3.948362e+05 3.948107e+05 3.944546e+05 3.929384e+05 3.891854e+05 3.824074e+05 3.724504e+05 3.598455e+05 3.456010e+05 2.821421e+05 2.521680e+05 2.401406e+05 2.347866e+05 2.320596e+05 2.304935e+05 2.288001e+05 2.278461e+05 2.271414e+05 2.265169e+05 2.259036e+05 2.252703e+05 2.171492e+05 2.095833e+05 2.039833e+05 1.980066e+05
3.975292e+05 3.975292e+05 3.975292e+05 3.975292e+05 3.975292e+05 3.975292e+05 3.975290e+05 3.975283e+05 3.975243e+05 3.974986e+05 3.971396e+05 3.956103e+05 3.918237e+05 3.849830e+05 3.749310e+05 3.622016e+05 3.478115e+05 2.836344e+05 2.532534e+05 2.410277e+05 2.355670e+05 2.327752e+05 2.311659e+05 2.294188e+05 2.284334e+05 2.277095e+05 2.270738e+05 2.264550e+05 2.258202e+05 2.177027e+05 2.099249e+05 2.041326e+05 1.980826e+05
3.999385e+05 3.999385e+05 3.999385e+05 3.999385e+05 3.999385e+05 3.999385e+05 3.999383e+05 3.999375e+05 3.999333e+05 3.999073e+05 3.995451e+05 3.980028e+05 3.941841e+05 3.872843e+05 3.771428e+05 3.642968e+05 3.497704e+05 2.849241e+05 2.541648e+05 2.417539e+05 2.361924e+05 2.333385e+05 2.316869e+05 2.298854e+05 2.288668e+05 2.281219e+05 2.274735e+05 2.268480e+05 2.262112e+05 2.181233e+05 2.101791e+05 2.042187e+05 1.981112e+05
4.020502e+05 4.020502e+05 4.020502e+05 4.020502e+05 4.020501e+05 4.020501e+05 4.020498e+05 4.020485e+05 4.020440e+05 4.020175e+05 4.016520e+05 4.000975e+05 3.962493e+05 3.892954e+05 3.790723e+05 3.661199e+05 3.514692e+05 2.860102e+05 2.549026e+05 2.423198e+05 2.366634e+05 2.337501e+05 2.320575e+05 2.302022e+05 2.291501e+05 2.283836e+05 2.277220e+05 2.270897e+05 2.264509e+05 2.184173e+05 2.103491e+05 2.042439e+05 1.980936e+05
4.038292e+05 4.038292e+05 4.038292e+05 4.038292e+05 4.038292e+05 4.038292e+05 4.038289e+05 4.038276e+05 4.038231e+05 4.037964e+05 4.034286e+05 4.018646e+05 3.979919e+05 3.909924e+05 3.806998e+05 3.676555e+05 3.528967e+05 2.868939e+05 2.554686e+05 2.427255e+05 2.369793e+05 2.340092e+05 2.322770e+05 2.303699e+05 2.292856e+05 2.284985e+05 2.278246e+05 2.271862e+05 2.265465e+05 2.185908e+05 2.104381e+05 2.042105e+05 1.980309e+05
4.052892e+05 4.052892e+05 4.052892e+05 4.052892e+05 4.052892e+05 4.052891e+05 4.052889e+05 4.052876e+05 4.052830e+05 4.052562e+05 4.048866e+05 4.033146e+05 3.994214e+05 3.923832e+05 3.820312e+05 3.689082e+05 3.540560e+05 2.875742e+05 2.558605e+05 2.429682e+05 2.371373e+05 2.341134e+05 2.323441e+05 2.303888e+05 2.292754e+05 2.284703e+05 2.277862e+05 2.271436e+05 2.265044e+05 2.186502e+05 2.104498e+05 2.041208e+05 1.979242e+05
4.064447e+05 4.064447e+05 4.064447e+05 4.064447e+05 4.064447e+05 4.064446e+05 4.064443e+05 4.064430e+05 4.064384e+05 4.064114e+05 4.060401e+05 4.044611e+05 4.005503e+05 3.934789e+05 3.830758e+05 3.698848e+05 3.549515e+05 2.880475e+05 2.560727e+05 2.430430e+05 2.371337e+05 2.340605e+05 2.322576e+05 2.302601e+05 2.291224e+05 2.283032e+05 2.276120e+05 2.269678e+05 2.263315e+05 2.186017e+05 2.103873e+05 2.039772e+05 1.977750e+05
4.072940e+05 4.072940e+05 4.072940e+05 4.072940e+05 4.072940e+05 4.072939e+05 4.072936e+05 4.072920e+05 4.072872e+05 4.072600e+05 4.068870e+05 4.053021e+05 4.013764e+05 3.942772e+05 3.838310e+05 3.705821e+05 3.555795e+05 2.883074e+05 2.560998e+05 2.429466e+05 2.369674e+05 2.338508e+05 2.320192e+05 2.299872e+05 2.288311e+05 2.280025e+05 2.273080e+05 2.266652e+05 2.260344e+05 2.184515e+05 2.102543e+05 2.037820e+05 1.975845e+05
4.078262e+05 4.078262e+05 4.078262e+05 4.078262e+05 4.078262e+05 4.078261e+05 4.078258e+05 4.078242e+05 4.078194e+05 4.077921e+05 4.074180e+05 4.058286e+05 4.018914e+05 3.947701e+05 3.842889e+05 3.709927e+05 3.559326e+05 2.883491e+05 2.559412e+05 2.426815e+05 2.366425e+05 2.334898e+05 2.316349e+05 2.295764e+05 2.284079e+05 2.275748e+05 2.268810e+05 2.262430e+05 2.256204e+05 2.182058e+05 2.100542e+05 2.035377e+05 1.973543e+05
4.080460e+05 4.080460e+05 4.080460e+05 4.080460e+05 4.080460e+05 4.080459e+05 4.080455e+05 4.080438e+05 4.080389e+05 4.080115e+05 4.076365e+05 4.060438e+05 4.020981e+05 3.949602e+05 3.844525e+05 3.711196e+05 3.560146e+05 2.881801e+05 2.556068e+05 2.422585e+05 2.361701e+05 2.329879e+05 2.311145e+05 2.290369e+05 2.278615e+05 2.270282e+05 2.263388e+05 2.257088e+05 2.250972e+05 2.178707e+05 2.097905e+05 2.032465e+05 1.970858e+05
4.079519e+05 4.079519e+05 4.079519e+05 4.079519e+05 4.079519e+05 4.079517e+05 4.079514e+05 4.079496e+05 4.079447e+05 4.079172e+05 4.075419e+05 4.059475e+05 4.019971e+05 3.948493e+05 3.843249e+05 3.709679e+05 3.558322e+05 2.878149e+05 2.551131e+05 2.416935e+05 2.355648e+05 2.323587e+05 2.304708e+05 2.283796e+05 2.272016e+05 2.263719e+05 2.256901e+05 2.250709e+05 2.244727e+05 2.174522e+05 2.094665e+05 2.029108e+05 1.967805e+05
4.075566e+05 4.075566e+05 4.075566e+05 4.075566e+05 4.075566e+05 4.075565e+05 4.075561e+05 4.075545e+05 4.075497e+05 4.075223e+05 4.071472e+05 4.055529e+05 4.016017e+05 3.944506e+05 3.839193e+05 3.705508e+05 3.553989e+05 2.872691e+05 2.544764e+05 2.410021e+05 2.348411e+05 2.316157e+05 2.297165e+05 2.276160e+05 2.264388e+05 2.256155e+05 2.249439e+05 2.243379e+05 2.237554e+05 2.169563e+05 2.090858e+05 2.025330e+05 1.964399e+05
4.068874e+05 4.068874e+05 4.068874e+05 4.068874e+05 4.068874e+05 4.068873e+05 4.068870e+05 4.068853e+05 4.068805e+05 4.068531e+05 4.064783e+05 4.048850e+05 4.009357e+05 3.937870e+05 3.832575e+05 3.698892e+05 3.547349e+05 2.865593e+05 2.537102e+05 2.401965e+05 2.340110e+05 2.307709e+05 2.288633e+05 2.267573e+05 2.255835e+05 2.247688e+05 2.241095e+05 2.235186e+05 2.229535e+05 2.163889e+05 2.086516e+05 2.021153e+05 1.960656e+05
4.059571e+05 4.059571e+05 4.059571e+05 4.059571e+05 4.059571e+05 4.059570e+05 4.059567e+05 4.059553e+05 4.059506e+05 4.059235e+05 4.055497e+05 4.039591e+05 4.000152e+05 3.928750e+05 3.823561e+05 3.689990e+05 3.538552e+05 2.856941e+05 2.528217e+05 2.392850e+05 2.330840e+05 2.298346e+05 2.279219e+05 2.258142e+05 2.246458e+05 2.238415e+05 2.231962e+05 2.226219e+05 2.220757e+05 2.157556e+05 2.081674e+05 2.016599e+05 1.956591e+05
4.048014e+05 4.048014e+05 4.048014e+05 4.048014e+05 4.048014e+05 4.048013e+05 4.048010e+05 4.047995e+05 4.047949e+05 4.047677e+05 4.043947e+05 4.028073e+05 3.988707e+05 3.917426e+05 3.812401e+05 3.679020e+05 3.527776e+05 2.846783e+05 2.518157e+05 2.382752e+05 2.320693e+05 2.288166e+05 2.269023e+05 2.247964e+05 2.236355e+05 2.228430e+05 2.222129e+05 2.216565e+05 2.211303e+05 2.150622e+05 2.076363e+05 2.011690e+05 1.952221e+05
4.034342e+05 4.034342e+05 4.034342e+05 4.034342e+05 4.034342e+05 4.034341e+05 4.034340e+05 4.034330e+05 4.034287e+05 4.034020e+05 4.030310e+05 4.014487e+05 3.975228e+05 3.904120e+05 3.799326e+05 3.666215e+05 3.515253e+05 2.835328e+05 2.507105e+05 2.371823e+05 2.309799e+05 2.277281e+05 2.258148e+05 2.237136e+05 2.225618e+05 2.217824e+05 2.211686e+05 2.206310e+05 2.201256e+05 2.143140e+05 2.070616e+05 2.006449e+05 1.947559e+05
4.019316e+05 4.019316e+05 4.019316e+05 4.019316e+05 4.019316e+05 4.019316e+05 4.019315e+05 4.019308e+05 4.019267e+05 4.019004e+05 4.015312e+05 3.999547e+05 3.960413e+05 3.889513e+05 3.785006e+05 3.652236e+05 3.501640e+05 2.823125e+05 2.495426e+05 2.360297e+05 2.298317e+05 2.265817e+05 2.246701e+05 2.225750e+05 2.214338e+05 2.206685e+05 2.200718e+05 2.195537e+05 2.190696e+05 2.135164e+05 2.064463e+05 2.000895e+05 1.942623e+05
4.003568e+05 4.003568e+05 4.003568e+05 4.003568e+05 4.003568e+05 4.003567e+05 4.003566e+05 4.003559e+05 4.003518e+05 4.003255e+05 3.999576e+05 3.983863e+05 3.944859e+05 3.874188e+05 3.770008e+05 3.637637e+05 3.487472e+05 2.810593e+05 2.483396e+05 2.348356e+05 2.286382e+05 2.253883e+05 2.234781e+05 2.213900e+05 2.202603e+05 2.195101e+05 2.189311e+05 2.184328e+05 2.179702e+05 2.126742e+05 2.057935e+05 1.995048e+05 1.937426e+05
