1.269929e+06 1.053137e+06 1.052856e+06 1.202001e+06 1.269233e+06 1.286798e+06 1.248886e+06 1.185840e+06 1.161058e+06 1.139818e+06 1.105744e+06 1.080318e+06 1.061524e+06 1.048029e+06 1.038866e+06 1.033278e+06 1.030631e+06 1.043340e+06 1.061954e+06 1.061865e+06 1.052388e+06 1.049343e+06 1.057564e+06 1.097639e+06 1.150027e+06 1.202956e+06 1.252324e+06 1.296973e+06 1.336788e+06 1.539979e+06 1.559738e+06 1.513476e+06 1.443975e+06
1.238834e+06 1.238837e+06 1.238843e+06 1.238957e+06 1.238970e+06 1.225907e+06 1.208147e+06 1.156476e+06 1.137853e+06 1.120792e+06 1.092050e+06 1.069967e+06 1.053531e+06 1.041826e+06 1.034088e+06 1.029667e+06 1.027997e+06 1.043867e+06 1.064027e+06 1.064599e+06 1.055312e+06 1.052247e+06 1.060367e+06 1.100172e+06 1.152282e+06 1.204956e+06 1.254102e+06 1.298557e+06 1.338203e+06 1.540451e+06 1.559833e+06 1.513400e+06 1.443822e+06
1.169031e+06 1.169031e+06 1.169031e+06 1.169020e+06 1.168979e+06 1.163231e+06 1.151982e+06 1.128044e+06 1.107884e+06 1.093513e+06 1.072841e+06 1.056208e+06 1.043385e+06 1.034241e+06 1.028422e+06 1.025501e+06 1.025038e+06 1.044539e+06 1.066326e+06 1.067547e+06 1.058413e+06 1.055293e+06 1.063286e+06 1.102782e+06 1.154590e+06 1.206996e+06 1.255908e+06 1.300163e+06 1.339636e+06 1.540925e+06 1.559927e+06 1.513324e+06 1.443668e+06
1.114323e+06 1.114323e+06 1.114323e+06 1.114340e+06 1.114372e+06 1.113326e+06 1.104289e+06 1.098261e+06 1.090018e+06 1.076836e+06 1.053542e+06 1.040363e+06 1.031516e+06 1.025455e+06 1.021972e+06 1.020853e+06 1.021812e+06 1.045383e+06 1.068868e+06 1.070716e+06 1.061695e+06 1.058485e+06 1.066321e+06 1.105469e+06 1.156952e+06 1.209074e+06 1.257744e+06 1.301791e+06 1.341085e+06 1.541401e+06 1.560020e+06 1.513247e+06 1.443513e+06
1.075918e+06 1.075918e+06 1.075919e+06 1.075929e+06 1.075952e+06 1.075751e+06 1.071590e+06 1.062233e+06 1.062362e+06 1.059203e+06 1.043321e+06 1.028146e+06 1.019869e+06 1.016267e+06 1.015114e+06 1.015924e+06 1.018440e+06 1.046430e+06 1.071666e+06 1.074112e+06 1.065161e+06 1.061823e+06 1.069473e+06 1.108233e+06 1.159367e+06 1.211190e+06 1.259607e+06 1.303440e+06 1.342552e+06 1.541877e+06 1.560113e+06 1.513169e+06 1.443358e+06
1.047456e+06 1.047456e+06 1.047456e+06 1.047464e+06 1.047484e+06 1.047516e+06 1.045635e+06 1.035916e+06 1.035125e+06 1.036058e+06 1.032416e+06 1.022024e+06 1.012986e+06 1.008691e+06 1.008781e+06 1.011195e+06 1.015190e+06 1.047715e+06 1.074732e+06 1.077742e+06 1.068814e+06 1.065308e+06 1.072741e+06 1.111074e+06 1.161835e+06 1.213344e+06 1.261499e+06 1.305111e+06 1.344035e+06 1.542355e+06 1.560204e+06 1.513090e+06 1.443201e+06
1.025008e+06 1.025008e+06 1.025008e+06 1.025014e+06 1.025029e+06 1.025152e+06 1.024411e+06 1.017380e+06 1.014960e+06 1.015350e+06 1.018209e+06 1.015806e+06 1.010100e+06 1.005793e+06 1.004887e+06 1.007599e+06 1.012576e+06 1.049294e+06 1.078079e+06 1.081608e+06 1.072654e+06 1.068939e+06 1.076125e+06 1.113990e+06 1.164355e+06 1.215536e+06 1.263418e+06 1.306803e+06 1.345534e+06 1.542835e+06 1.560295e+06 1.513010e+06 1.443043e+06
1.007374e+06 1.007374e+06 1.007375e+06 1.007379e+06 1.007393e+06 1.007620e+06 1.007586e+06 1.003610e+06 1.001005e+06 1.000271e+06 1.004151e+06 1.007837e+06 1.007520e+06 1.005615e+06 1.004966e+06 1.006841e+06 1.011483e+06 1.051254e+06 1.081723e+06 1.085715e+06 1.076682e+06 1.072716e+06 1.079623e+06 1.116981e+06 1.166926e+06 1.217764e+06 1.265365e+06 1.308515e+06 1.347049e+06 1.543315e+06 1.560386e+06 1.512929e+06 1.442885e+06
9.947318e+05 9.947319e+05 9.947320e+05 9.947365e+05 9.947488e+05 9.949971e+05 9.952715e+05 9.934911e+05 9.915357e+05 9.903719e+05 9.931765e+05 9.995716e+05 1.004118e+06 1.005967e+06 1.007074e+06 1.009243e+06 1.013298e+06 1.053725e+06 1.085687e+06 1.090066e+06 1.080897e+06 1.076637e+06 1.083235e+06 1.120044e+06 1.169547e+06 1.220028e+06 1.267338e+06 1.310248e+06 1.348580e+06 1.543797e+06 1.560475e+06 1.512846e+06 1.442725e+06
9.861546e+05 9.861546e+05 9.861548e+05 9.861589e+05 9.861704e+05 9.864306e+05 9.868802e+05 9.865795e+05 9.854899e+05 9.845218e+05 9.862039e+05 9.929155e+05 1.000469e+06 1.006030e+06 1.009816e+06 1.013275e+06 1.017581e+06 1.056902e+06 1.090003e+06 1.094667e+06 1.085299e+06 1.080702e+06 1.086958e+06 1.123180e+06 1.172218e+06 1.222327e+06 1.269337e+06 1.312001e+06 1.350127e+06 1.544280e+06 1.560563e+06 1.512763e+06 1.442565e+06
9.810406e+05 9.810407e+05 9.810408e+05 9.810445e+05 9.810553e+05 9.813196e+05 9.818896e+05 9.826317e+05 9.823450e+05 9.818776e+05 9.830164e+05 9.889776e+05 9.976975e+05 1.005981e+06 1.012569e+06 1.017975e+06 1.023229e+06 1.061061e+06 1.094715e+06 1.099525e+06 1.089887e+06 1.084906e+06 1.090790e+06 1.126386e+06 1.174936e+06 1.224661e+06 1.271362e+06 1.313773e+06 1.351688e+06 1.544764e+06 1.560651e+06 1.512678e+06 1.442404e+06
1.055371e+06 1.055371e+06 1.055371e+06 1.055373e+06 1.055380e+06 1.055574e+06 1.056128e+06 1.058072e+06 1.059377e+06 1.060846e+06 1.064104e+06 1.067660e+06 1.071804e+06 1.077209e+06 1.084458e+06 1.093693e+06 1.104576e+06 1.160220e+06 1.181580e+06 1.168902e+06 1.147208e+06 1.134525e+06 1.134643e+06 1.161862e+06 1.204455e+06 1.249686e+06 1.292876e+06 1.332468e+06 1.368064e+06 1.549649e+06 1.561474e+06 1.511773e+06 1.440737e+06
1.223805e+06 1.223805e+06 1.223805e+06 1.223807e+06 1.223811e+06 1.223948e+06 1.224361e+06 1.225933e+06 1.227050e+06 1.228360e+06 1.231468e+06 1.235079e+06 1.239026e+06 1.243207e+06 1.247636e+06 1.252430e+06 1.257738e+06 1.290506e+06 1.305408e+06 1.279100e+06 1.235882e+06 1.203603e+06 1.189876e+06 1.202541e+06 1.237224e+06 1.277032e+06 1.316153e+06 1.352541e+06 1.385531e+06 1.554578e+06 1.562189e+06 1.510751e+06 1.438971e+06
1.419075e+06 1.419075e+06 1.419075e+06 1.419075e+06 1.419077e+06 1.419136e+06 1.419308e+06 1.419950e+06 1.420405e+06 1.420941e+06 1.422237e+06 1.423800e+06 1.425586e+06 1.427539e+06 1.429590e+06 1.431667e+06 1.433694e+06 1.439956e+06 1.426805e+06 1.384136e+06 1.329728e+06 1.285950e+06 1.260112e+06 1.250913e+06 1.272974e+06 1.306008e+06 1.340542e+06 1.373460e+06 1.403669e+06 1.559484e+06 1.562774e+06 1.509605e+06 1.437103e+06
1.573272e+06 1.573272e+06 1.573272e+06 1.573273e+06 1.573274e+06 1.573314e+06 1.573434e+06 1.573890e+06 1.574217e+06 1.574602e+06 1.575517e+06 1.576576e+06 1.577720e+06 1.578894e+06 1.580031e+06 1.581042e+06 1.581802e+06 1.575740e+06 1.539501e+06 1.475086e+06 1.408143e+06 1.358097e+06 1.327471e+06 1.306487e+06 1.314951e+06 1.337476e+06 1.366050e+06 1.394993e+06 1.422195e+06 1.564296e+06 1.563209e+06 1.508326e+06 1.435128e+06
1.693438e+06 1.693438e+06 1.693438e+06 1.693438e+06 1.693438e+06 1.693449e+06 1.693473e+06 1.693514e+06 1.693530e+06 1.693545e+06 1.693579e+06 1.693616e+06 1.693646e+06 1.693653e+06 1.693600e+06 1.693416e+06 1.692984e+06 1.679984e+06 1.631530e+06 1.551503e+06 1.472396e+06 1.415989e+06 1.382839e+06 1.358607e+06 1.360487e+06 1.374182e+06 1.394204e+06 1.417593e+06 1.441185e+06 1.568942e+06 1.563472e+06 1.506906e+06 1.433043e+06
1.763346e+06 1.763346e+06 1.763346e+06 1.763346e+06 1.763346e+06 1.763353e+06 1.763370e+06 1.763418e+06 1.763444e+06 1.763471e+06 1.763519e+06 1.763553e+06 1.763558e+06 1.763513e+06 1.763381e+06 1.763096e+06 1.762543e+06 1.748633e+06 1.697347e+06 1.611325e+06 1.525291e+06 1.463669e+06 1.427840e+06 1.402757e+06 1.403284e+06 1.412602e+06 1.426398e+06 1.442998e+06 1.461329e+06 1.573356e+06 1.563540e+06 1.505337e+06 1.430844e+06
1.804194e+06 1.804194e+06 1.804194e+06 1.804194e+06 1.804194e+06 1.804196e+06 1.804199e+06 1.804199e+06 1.804195e+06 1.804187e+06 1.804163e+06 1.804130e+06 1.804086e+06 1.804023e+06 1.803912e+06 1.803690e+06 1.803246e+06 1.790633e+06 1.741374e+06 1.656223e+06 1.568911e+06 1.504771e+06 1.466600e+06 1.439815e+06 1.440698e+06 1.448909e+06 1.459353e+06 1.471211e+06 1.484199e+06 1.577484e+06 1.563394e+06 1.503609e+06 1.428528e+06
1.826474e+06 1.826474e+06 1.826474e+06 1.826474e+06 1.826474e+06 1.826483e+06 1.826513e+06 1.826629e+06 1.826711e+06 1.826807e+06 1.827028e+06 1.827272e+06 1.827524e+06 1.827763e+06 1.827959e+06 1.828049e+06 1.827929e+06 1.817482e+06 1.771900e+06 1.690823e+06 1.605816e+06 1.541650e+06 1.502063e+06 1.472508e+06 1.472953e+06 1.481302e+06 1.490556e+06 1.499635e+06 1.508831e+06 1.581292e+06 1.563013e+06 1.501716e+06 1.426091e+06
1.846924e+06 1.846924e+06 1.846924e+06 1.846924e+06 1.846924e+06 1.846928e+06 1.846939e+06 1.846975e+06 1.846997e+06 1.847023e+06 1.847086e+06 1.847168e+06 1.847271e+06 1.847390e+06 1.847505e+06 1.847561e+06 1.847461e+06 1.838179e+06 1.796062e+06 1.719816e+06 1.638592e+06 1.575877e+06 1.535768e+06 1.503054e+06 1.501549e+06 1.509629e+06 1.518663e+06 1.526484e+06 1.533305e+06 1.584771e+06 1.562380e+06 1.499650e+06 1.423529e+06
1.862451e+06 1.862451e+06 1.862451e+06 1.862451e+06 1.862451e+06 1.862461e+06 1.862492e+06 1.862613e+06 1.862702e+06 1.862807e+06 1.863062e+06 1.863365e+06 1.863703e+06 1.864062e+06 1.864416e+06 1.864710e+06 1.864850e+06 1.857183e+06 1.818281e+06 1.746558e+06 1.669224e+06 1.608453e+06 1.568360e+06 1.532596e+06 1.527940e+06 1.534629e+06 1.543352e+06 1.550716e+06 1.556295e+06 1.587946e+06 1.561480e+06 1.497405e+06 1.420841e+06
1.883648e+06 1.883648e+06 1.883648e+06 1.883648e+06 1.883649e+06 1.883654e+06 1.883669e+06 1.883728e+06 1.883772e+06 1.883825e+06 1.883960e+06 1.884135e+06 1.884350e+06 1.884600e+06 1.884865e+06 1.885094e+06 1.885201e+06 1.878040e+06 1.841314e+06 1.773069e+06 1.698918e+06 1.639895e+06 1.599969e+06 1.561436e+06 1.553012e+06 1.557208e+06 1.564940e+06 1.571956e+06 1.576976e+06 1.590885e+06 1.560305e+06 1.494974e+06 1.418022e+06
1.905759e+06 1.905759e+06 1.905759e+06 1.905759e+06 1.905759e+06 1.905770e+06 1.905802e+06 1.905916e+06 1.905994e+06 1.906086e+06 1.906306e+06 1.906569e+06 1.906869e+06 1.907194e+06 1.907523e+06 1.907807e+06 1.907961e+06 1.901224e+06 1.865912e+06 1.800032e+06 1.728092e+06 1.670284e+06 1.630417e+06 1.589386e+06 1.577070e+06 1.578039e+06 1.583982e+06 1.590306e+06 1.594988e+06 1.593706e+06 1.558850e+06 1.492353e+06 1.415071e+06
1.932232e+06 1.932232e+06 1.932232e+06 1.932232e+06 1.932232e+06 1.932235e+06 1.932245e+06 1.932283e+06 1.932312e+06 1.932348e+06 1.932443e+06 1.932572e+06 1.932734e+06 1.932924e+06 1.933123e+06 1.933285e+06 1.933329e+06 1.926350e+06 1.891682e+06 1.827186e+06 1.756543e+06 1.699364e+06 1.659339e+06 1.616034e+06 1.600032e+06 1.597463e+06 1.600989e+06 1.606110e+06 1.610331e+06 1.596598e+06 1.557115e+06 1.489537e+06 1.411986e+06
1.957730e+06 1.957730e+06 1.957730e+06 1.957731e+06 1.957731e+06 1.957736e+06 1.957751e+06 1.957814e+06 1.957860e+06 1.957915e+06 1.958049e+06 1.958212e+06 1.958397e+06 1.958597e+06 1.958792e+06 1.958936e+06 1.958952e+06 1.951844e+06 1.917485e+06 1.853727e+06 1.783703e+06 1.726673e+06 1.686285e+06 1.640912e+06 1.621618e+06 1.615556e+06 1.616311e+06 1.619757e+06 1.623222e+06 1.599901e+06 1.555108e+06 1.486525e+06 1.408764e+06
1.983498e+06 1.983498e+06 1.983498e+06 1.983498e+06 1.983498e+06 1.983499e+06 1.983504e+06 1.983527e+06 1.983544e+06 1.983565e+06 1.983618e+06 1.983688e+06 1.983773e+06 1.983871e+06 1.983963e+06 1.984007e+06 1.983927e+06 1.976480e+06 1.942194e+06 1.878777e+06 1.808931e+06 1.751726e+06 1.710836e+06 1.663608e+06 1.641500e+06 1.632228e+06 1.630135e+06 1.631584e+06 1.633965e+06 1.603612e+06 1.552846e+06 1.483316e+06 1.405405e+06
2.006092e+06 2.006092e+06 2.006092e+06 2.006092e+06 2.006092e+06 2.006097e+06 2.006111e+06 2.006159e+06 2.006191e+06 2.006228e+06 2.006312e+06 2.006410e+06 2.006516e+06 2.006625e+06 2.006718e+06 2.006755e+06 2.006659e+06 1.999119e+06 1.964912e+06 1.901646e+06 1.831727e+06 1.774156e+06 1.732690e+06 1.683827e+06 1.659398e+06 1.647336e+06 1.642526e+06 1.641834e+06 1.642866e+06 1.607356e+06 1.550350e+06 1.479910e+06 1.401908e+06
2.026951e+06 2.026951e+06 2.026951e+06 2.026951e+06 2.026951e+06 2.026952e+06 2.026955e+06 2.026970e+06 2.026980e+06 2.026993e+06 2.027024e+06 2.027064e+06 2.027112e+06 2.027165e+06 2.027206e+06 2.027193e+06 2.027052e+06 2.019380e+06 1.985217e+06 1.921980e+06 1.851831e+06 1.793783e+06 1.751712e+06 1.701420e+06 1.675124e+06 1.660738e+06 1.653483e+06 1.650667e+06 1.650183e+06 1.610863e+06 1.547655e+06 1.476311e+06 1.398273e+06
2.044605e+06 2.044605e+06 2.044605e+06 2.044605e+06 2.044605e+06 2.044607e+06 2.044611e+06 2.044634e+06 2.044652e+06 2.044673e+06 2.044727e+06 2.044793e+06 2.044865e+06 2.044938e+06 2.044992e+06 2.044988e+06 2.044849e+06 2.037162e+06 2.003018e+06 1.939701e+06 1.869206e+06 1.810608e+06 1.767919e+06 1.716368e+06 1.688598e+06 1.672343e+06 1.662985e+06 1.658177e+06 1.656122e+06 1.613917e+06 1.544804e+06 1.472524e+06 1.394500e+06
2.060646e+06 2.060646e+06 2.060646e+06 2.060646e+06 2.060646e+06 2.060646e+06 2.060646e+06 2.060644e+06 2.060643e+06 2.060642e+06 2.060641e+06 2.060646e+06 2.060656e+06 2.060667e+06 2.060664e+06 2.060606e+06 2.060419e+06 2.052576e+06 2.018373e+06 1.954881e+06 1.883952e+06 1.824752e+06 1.781440e+06 1.728761e+06 1.699831e+06 1.682117e+06 1.671016e+06 1.664426e+06 1.660832e+06 1.616345e+06 1.541853e+06 1.468556e+06 1.390591e+06
2.073239e+06 2.073239e+06 2.073239e+06 2.073239e+06 2.073239e+06 2.073242e+06 2.073250e+06 2.073279e+06 2.073298e+06 2.073319e+06 2.073367e+06 2.073420e+06 2.073475e+06 2.073526e+06 2.073557e+06 2.073527e+06 2.073363e+06 2.065585e+06 2.031384e+06 1.967682e+06 1.896257e+06 1.836416e+06 1.792472e+06 1.738758e+06 1.708910e+06 1.690081e+06 1.677582e+06 1.669456e+06 1.664425e+06 1.618010e+06 1.538877e+06 1.464416e+06 1.386547e+06
2.084573e+06 2.084573e+06 2.084573e+06 2.084573e+06 2.084573e+06 2.084573e+06 2.084576e+06 2.084584e+06 2.084590e+06 2.084596e+06 2.084609e+06 2.084626e+06 2.084646e+06 2.084665e+06 2.084668e+06 2.084616e+06 2.084434e+06 2.076623e+06 2.042368e+06 1.978377e+06 1.906378e+06 1.845845e+06 1.801254e+06 1.746561e+06 1.715970e+06 1.696304e+06 1.682716e+06 1.673307e+06 1.666983e+06 1.618816e+06 1.535995e+06 1.460118e+06 1.382372e+06
2.093696e+06 2.093696e+06 2.093696e+06 2.093696e+06 2.093696e+06 2.093699e+06 2.093706e+06 2.093732e+06 2.093750e+06 2.093770e+06 2.093815e+06 2.093865e+06 2.093918e+06 2.093967e+06 2.093996e+06 2.093966e+06 2.093802e+06 2.086028e+06 2.051663e+06 1.987268e+06 1.914588e+06 1.853299e+06 1.808034e+06 1.752388e+06 1.721176e+06 1.700888e+06 1.686471e+06 1.676021e+06 1.668570e+06 1.618704e+06 1.533275e+06 1.455674e+06 1.378069e+06
2.102235e+06 2.102235e+06 2.102235e+06 2.102235e+06 2.102235e+06 2.102236e+06 2.102238e+06 2.102244e+06 2.102247e+06 2.102251e+06 2.102261e+06 2.102273e+06 2.102287e+06 2.102300e+06 2.102295e+06 2.102234e+06 2.102042e+06 2.094143e+06 2.059538e+06 1.994599e+06 1.921126e+06 1.859013e+06 1.813045e+06 1.756456e+06 1.724705e+06 1.703952e+06 1.688921e+06 1.677647e+06 1.669239e+06 1.617651e+06 1.530592e+06 1.451104e+06 1.373642e+06
2.108965e+06 2.108965e+06 2.108965e+06 2.108965e+06 2.108965e+06 2.108967e+06 2.108972e+06 2.108987e+06 2.108997e+06 2.109009e+06 2.109037e+06 2.109069e+06 2.109104e+06 2.109136e+06 2.109147e+06 2.109097e+06 2.108914e+06 2.100973e+06 2.066086e+06 2.000507e+06 1.926155e+06 1.863171e+06 1.816483e+06 1.758962e+06 1.726728e+06 1.705624e+06 1.690147e+06 1.678238e+06 1.669038e+06 1.615663e+06 1.527853e+06 1.446428e+06 1.369097e+06
2.115080e+06 2.115080e+06 2.115080e+06 2.115080e+06 2.115080e+06 2.115080e+06 2.115078e+06 2.115071e+06 2.115066e+06 2.115061e+06 2.115051e+06 2.115043e+06 2.115038e+06 2.115032e+06 2.115009e+06 2.114928e+06 2.114714e+06 2.106609e+06 2.071351e+06 2.005052e+06 1.929776e+06 1.865908e+06 1.818505e+06 1.760078e+06 1.727402e+06 1.706029e+06 1.690235e+06 1.677850e+06 1.668008e+06 1.612772e+06 1.524988e+06 1.441670e+06 1.364440e+06
2.119325e+06 2.119325e+06 2.119325e+06 2.119325e+06 2.119325e+06 2.119326e+06 2.119329e+06 2.119341e+06 2.119350e+06 2.119360e+06 2.119382e+06 2.119406e+06 2.119429e+06 2.119445e+06 2.119437e+06 2.119364e+06 2.119152e+06 2.110934e+06 2.075275e+06 2.008234e+06 1.932044e+06 1.867322e+06 1.819235e+06 1.759949e+06 1.726868e+06 1.705285e+06 1.689272e+06 1.676539e+06 1.666191e+06 1.609029e+06 1.521938e+06 1.436859e+06 1.359677e+06
2.122768e+06 2.122768e+06 2.122768e+06 2.122768e+06 2.122768e+06 2.122768e+06 2.122769e+06 2.122770e+06 2.122770e+06 2.122768e+06 2.122762e+06 2.122750e+06 2.122733e+06 2.122706e+06 2.122654e+06 2.122537e+06 2.122280e+06 2.113811e+06 2.077737e+06 2.010010e+06 1.932986e+06 1.867484e+06 1.818771e+06 1.758694e+06 1.725246e+06 1.703496e+06 1.687338e+06 1.674361e+06 1.663624e+06 1.604496e+06 1.518652e+06 1.432032e+06 1.354818e+06
2.123860e+06 2.123860e+06 2.123860e+06 2.123860e+06 2.123860e+06 2.123859e+06 2.123858e+06 2.123853e+06 2.123849e+06 2.123844e+06 2.123832e+06 2.123815e+06 2.123794e+06 2.123764e+06 2.123710e+06 2.123592e+06 2.123335e+06 2.114839e+06 2.078563e+06 2.010337e+06 1.932630e+06 1.866458e+06 1.817196e+06 1.756414e+06 1.722638e+06 1.700756e+06 1.684507e+06 1.671367e+06 1.660342e+06 1.599243e+06 1.515088e+06 1.427239e+06 1.349871e+06
2.122796e+06 2.122796e+06 2.122796e+06 2.122796e+06 2.122796e+06 2.122797e+06 2.122800e+06 2.122810e+06 2.122818e+06 2.122826e+06 2.122846e+06 2.122870e+06 2.122894e+06 2.122914e+06 2.122910e+06 2.122841e+06 2.122630e+06 2.114283e+06 2.077924e+06 2.009321e+06 1.931052e+06 1.864318e+06 1.814587e+06 1.753193e+06 1.719130e+06 1.697143e+06 1.680845e+06 1.667609e+06 1.656380e+06 1.593344e+06 1.511211e+06 1.422535e+06 1.344846e+06
2.121967e+06 2.121967e+06 2.121967e+06 2.121967e+06 2.121967e+06 2.121966e+06 2.121963e+06 2.121951e+06 2.121942e+06 2.121933e+06 2.121911e+06 2.121885e+06 2.121856e+06 2.121819e+06 2.121758e+06 2.121632e+06 2.121365e+06 2.112758e+06 2.076108e+06 2.007097e+06 1.928338e+06 1.861131e+06 1.811009e+06 1.749099e+06 1.714794e+06 1.692727e+06 1.676411e+06 1.663130e+06 1.651768e+06 1.586871e+06 1.506994e+06 1.417873e+06 1.339756e+06
2.119075e+06 2.119075e+06 2.119075e+06 2.119075e+06 2.119075e+06 2.119075e+06 2.119073e+06 2.119067e+06 2.119062e+06 2.119055e+06 2.119037e+06 2.119011e+06 2.118978e+06 2.118933e+06 2.118859e+06 2.118719e+06 2.118435e+06 2.109721e+06 2.072909e+06 2.003630e+06 1.924516e+06 1.856950e+06 1.806519e+06 1.744193e+06 1.709690e+06 1.687566e+06 1.671257e+06 1.657972e+06 1.646536e+06 1.579894e+06 1.502418e+06 1.413210e+06 1.334612e+06
2.113990e+06 2.113990e+06 2.113990e+06 2.113990e+06 2.113990e+06 2.113990e+06 2.113990e+06 2.113990e+06 2.113990e+06 2.113989e+06 2.113986e+06 2.113980e+06 2.113971e+06 2.113953e+06 2.113912e+06 2.113804e+06 2.113556e+06 2.105014e+06 2.068295e+06 1.998955e+06 1.919644e+06 1.851833e+06 1.801176e+06 1.738527e+06 1.703869e+06 1.681711e+06 1.665431e+06 1.652175e+06 1.640714e+06 1.572477e+06 1.497469e+06 1.408515e+06 1.329428e+06
2.108049e+06 2.108049e+06 2.108049e+06 2.108049e+06 2.108049e+06 2.108050e+06 2.108052e+06 2.108059e+06 2.108064e+06 2.108070e+06 2.108083e+06 2.108097e+06 2.108109e+06 2.108116e+06 2.108097e+06 2.108014e+06 2.107788e+06 2.099342e+06 2.062671e+06 1.993287e+06 1.913843e+06 1.845860e+06 1.795039e+06 1.732150e+06 1.697377e+06 1.675206e+06 1.658973e+06 1.645773e+06 1.634330e+06 1.564678e+06 1.492144e+06 1.403761e+06 1.324222e+06
2.102334e+06 2.102334e+06 2.102334e+06 2.102334e+06 2.102334e+06 2.102333e+06 2.102330e+06 2.102319e+06 2.102311e+06 2.102302e+06 2.102279e+06 2.102252e+06 2.102220e+06 2.102180e+06 2.102114e+06 2.101982e+06 2.101709e+06 2.093052e+06 2.056235e+06 1.986744e+06 1.907193e+06 1.839093e+06 1.788160e+06 1.725104e+06 1.690256e+06 1.668092e+06 1.651922e+06 1.638801e+06 1.627411e+06 1.556549e+06 1.486443e+06 1.398927e+06 1.319013e+06
2.095008e+06 2.095008e+06 2.095008e+06 2.095008e+06 2.095008e+06 2.095007e+06 2.095005e+06 2.094995e+06 2.094987e+06 2.094977e+06 2.094952e+06 2.094918e+06 2.094876e+06 2.094822e+06 2.094740e+06 2.094591e+06 2.094299e+06 2.085563e+06 2.048727e+06 1.979257e+06 1.899705e+06 1.831570e+06 1.780582e+06 1.717429e+06 1.682543e+06 1.660406e+06 1.644315e+06 1.631294e+06 1.619985e+06 1.548137e+06 1.480371e+06 1.393995e+06 1.313825e+06
2.085621e+06 2.085621e+06 2.085621e+06 2.085621e+06 2.085621e+06 2.085622e+06 2.085623e+06 2.085625e+06 2.085626e+06 2.085626e+06 2.085624e+06 2.085619e+06 2.085611e+06 2.085593e+06 2.085550e+06 2.085442e+06 2.085193e+06 2.076684e+06 2.040095e+06 1.970845e+06 1.891426e+06 1.823339e+06 1.772351e+06 1.709164e+06 1.674274e+06 1.652186e+06 1.636188e+06 1.623283e+06 1.612082e+06 1.539482e+06 1.473942e+06 1.388948e+06 1.308694e+06
2.075845e+06 2.075845e+06 2.075845e+06 2.075845e+06 2.075845e+06 2.075845e+06 2.075846e+06 2.075848e+06 2.075849e+06 2.075851e+06 2.075855e+06 2.075859e+06 2.075863e+06 2.075860e+06 2.075835e+06 2.075747e+06 2.075520e+06 2.067151e+06 2.030763e+06 1.961731e+06 1.882474e+06 1.814473e+06 1.763520e+06 1.700350e+06 1.665486e+06 1.643466e+06 1.627575e+06 1.614802e+06 1.603730e+06 1.530618e+06 1.467170e+06 1.383773e+06 1.303607e+06
2.066341e+06 2.066341e+06 2.066341e+06 2.066341e+06 2.066341e+06 2.066341e+06 2.066341e+06 2.066341e+06 2.066340e+06 2.066338e+06 2.066332e+06 2.066321e+06 2.066306e+06 2.066282e+06 2.066233e+06 2.066118e+06 2.065865e+06 2.057387e+06 2.020999e+06 1.952074e+06 1.872946e+06 1.805038e+06 1.754139e+06 1.691025e+06 1.656217e+06 1.634283e+06 1.618514e+06 1.605885e+06 1.594961e+06 1.521576e+06 1.460074e+06 1.378457e+06 1.298538e+06
2.056208e+06 2.056208e+06 2.056208e+06 2.056208e+06 2.056208e+06 2.056207e+06 2.056205e+06 2.056195e+06 2.056187e+06 2.056177e+06 2.056154e+06 2.056124e+06 2.056088e+06 2.056042e+06 2.055970e+06 2.055832e+06 2.055556e+06 2.046997e+06 2.010632e+06 1.941837e+06 1.862861e+06 1.795071e+06 1.744250e+06 1.681232e+06 1.646505e+06 1.624674e+06 1.609039e+06 1.596567e+06 1.585806e+06 1.512380e+06 1.452677e+06 1.372991e+06 1.293471e+06
2.044623e+06 2.044623e+06 2.044623e+06 2.044623e+06 2.044623e+06 2.044622e+06 2.044622e+06 2.044617e+06 2.044614e+06 2.044610e+06 2.044600e+06 2.044586e+06 2.044568e+06 2.044542e+06 2.044492e+06 2.044378e+06 2.044125e+06 2.035706e+06 1.999543e+06 1.930994e+06 1.852241e+06 1.784610e+06 1.733897e+06 1.671011e+06 1.636391e+06 1.614680e+06 1.599189e+06 1.586884e+06 1.576298e+06 1.503054e+06 1.445002e+06 1.367369e+06 1.288391e+06
2.032525e+06 2.032525e+06 2.032525e+06 2.032525e+06 2.032525e+06 2.032526e+06 2.032526e+06 2.032529e+06 2.032532e+06 2.032534e+06 2.032539e+06 2.032544e+06 2.032548e+06 2.032545e+06 2.032518e+06 2.032427e+06 2.032200e+06 2.023918e+06 1.987957e+06 1.919668e+06 1.841158e+06 1.773712e+06 1.723127e+06 1.660407e+06 1.625915e+06 1.604337e+06 1.589001e+06 1.576871e+06 1.566470e+06 1.493617e+06 1.437074e+06 1.361585e+06 1.283289e+06
2.020871e+06 2.020871e+06 2.020871e+06 2.020871e+06 2.020871e+06 2.020870e+06 2.020868e+06 2.020860e+06 2.020855e+06 2.020849e+06 2.020834e+06 2.020817e+06 2.020796e+06 2.020767e+06 2.020714e+06 2.020598e+06 2.020345e+06 2.011982e+06 1.976071e+06 1.907968e+06 1.829685e+06 1.762432e+06 1.711991e+06 1.649464e+06 1.615118e+06 1.593687e+06 1.578513e+06 1.566565e+06 1.556356e+06 1.484086e+06 1.428918e+06 1.355636e+06 1.278154e+06
2.008587e+06 2.008587e+06 2.008587e+06 2.008587e+06 2.008587e+06 2.008587e+06 2.008584e+06 2.008576e+06 2.008570e+06 2.008563e+06 2.008544e+06 2.008520e+06 2.008491e+06 2.008451e+06 2.008387e+06 2.008258e+06 2.007992e+06 1.999591e+06 1.963763e+06 1.895875e+06 1.817847e+06 1.750810e+06 1.700532e+06 1.638225e+06 1.604042e+06 1.582768e+06 1.567763e+06 1.556000e+06 1.545990e+06 1.474476e+06 1.420559e+06 1.349522e+06 1.272977e+06
1.995307e+06 1.995307e+06 1.995307e+06 1.995307e+06 1.995307e+06 1.995306e+06 1.995305e+06 1.995300e+06 1.995297e+06 1.995292e+06 1.995281e+06 1.995266e+06 1.995248e+06 1.995223e+06 1.995174e+06 1.995063e+06 1.994817e+06 1.986551e+06 1.950955e+06 1.883385e+06 1.805673e+06 1.738887e+06 1.688793e+06 1.626732e+06 1.592727e+06 1.571618e+06 1.556788e+06 1.545214e+06 1.535404e+06 1.464801e+06 1.412023e+06 1.343244e+06 1.267752e+06
1.981669e+06 1.981669e+06 1.981669e+06 1.981669e+06 1.981669e+06 1.981669e+06 1.981669e+06 1.981672e+06 1.981674e+06 1.981676e+06 1.981681e+06 1.981686e+06 1.981689e+06 1.981687e+06 1.981661e+06 1.981574e+06 1.981351e+06 1.973225e+06 1.937860e+06 1.870615e+06 1.793233e+06 1.726716e+06 1.676821e+06 1.615026e+06 1.581212e+06 1.560275e+06 1.545622e+06 1.534239e+06 1.524632e+06 1.455072e+06 1.403333e+06 1.336803e+06 1.262472e+06
1.968603e+06 1.968603e+06 1.968603e+06 1.968603e+06 1.968603e+06 1.968603e+06 1.968601e+06 1.968594e+06 1.968590e+06 1.968585e+06 1.968573e+06 1.968559e+06 1.968541e+06 1.968516e+06 1.968469e+06 1.968360e+06 1.968117e+06 1.959935e+06 1.924662e+06 1.857670e+06 1.780596e+06 1.714348e+06 1.664661e+06 1.603148e+06 1.569534e+06 1.548775e+06 1.534302e+06 1.523109e+06 1.513704e+06 1.445302e+06 1.394512e+06 1.330205e+06 1.257131e+06
1.955178e+06 1.955178e+06 1.955178e+06 1.955178e+06 1.955178e+06 1.955178e+06 1.955176e+06 1.955169e+06 1.955163e+06 1.955156e+06 1.955140e+06 1.955119e+06 1.955094e+06 1.955061e+06 1.955003e+06 1.954884e+06 1.954631e+06 1.946428e+06 1.911267e+06 1.844541e+06 1.767788e+06 1.701822e+06 1.652352e+06 1.591135e+06 1.557729e+06 1.537152e+06 1.522859e+06 1.511856e+06 1.502652e+06 1.435499e+06 1.385583e+06 1.323454e+06 1.251724e+06
1.941058e+06 1.941058e+06 1.941058e+06 1.941058e+06 1.941058e+06 1.941058e+06 1.941057e+06 1.941055e+06 1.941053e+06 1.941050e+06 1.941044e+06 1.941036e+06 1.941024e+06 1.941005e+06 1.940963e+06 1.940860e+06 1.940625e+06 1.932539e+06 1.897603e+06 1.831220e+06 1.754830e+06 1.689167e+06 1.639928e+06 1.579022e+06 1.545830e+06 1.525437e+06 1.511326e+06 1.500510e+06 1.491503e+06 1.425675e+06 1.376566e+06 1.316558e+06 1.246248e+06
1.926875e+06 1.926875e+06 1.926875e+06 1.926875e+06 1.926875e+06 1.926875e+06 1.926875e+06 1.926875e+06 1.926875e+06 1.926875e+06 1.926874e+06 1.926872e+06 1.926868e+06 1.926858e+06 1.926826e+06 1.926734e+06 1.926511e+06 1.918526e+06 1.883814e+06 1.817782e+06 1.741767e+06 1.676421e+06 1.627421e+06 1.566839e+06 1.533869e+06 1.513662e+06 1.499730e+06 1.489099e+06 1.480285e+06 1.415836e+06 1.367480e+06 1.309524e+06 1.240699e+06
1.912969e+06 1.912969e+06 1.912969e+06 1.912969e+06 1.912969e+06 1.912969e+06 1.912969e+06 1.912969e+06 1.912969e+06 1.912968e+06 1.912966e+06 1.912962e+06 1.912955e+06 1.912941e+06 1.912905e+06 1.912808e+06 1.912580e+06 1.904604e+06 1.870034e+06 1.804303e+06 1.728648e+06 1.663617e+06 1.614864e+06 1.554615e+06 1.521872e+06 1.501853e+06 1.488099e+06 1.477649e+06 1.469024e+06 1.405993e+06 1.358342e+06 1.302360e+06 1.235075e+06
1.899174e+06 1.899174e+06 1.899174e+06 1.899174e+06 1.899174e+06 1.899173e+06 1.899172e+06 1.899166e+06 1.899162e+06 1.899157e+06 1.899144e+06 1.899127e+06 1.899106e+06 1.899077e+06 1.899026e+06 1.898915e+06 1.898674e+06 1.890674e+06 1.856227e+06 1.790789e+06 1.715493e+06 1.650784e+06 1.602283e+06 1.542379e+06 1.509867e+06 1.490036e+06 1.476457e+06 1.466184e+06 1.457742e+06 1.396152e+06 1.349168e+06 1.295077e+06 1.229375e+06
1.884864e+06 1.884864e+06 1.884864e+06 1.884864e+06 1.884864e+06 1.884864e+06 1.884864e+06 1.884864e+06 1.884864e+06 1.884863e+06 1.884861e+06 1.884856e+06 1.884849e+06 1.884834e+06 1.884798e+06 1.884701e+06 1.884475e+06 1.876572e+06 1.842329e+06 1.777231e+06 1.702320e+06 1.637946e+06 1.589705e+06 1.530154e+06 1.497878e+06 1.478235e+06 1.464828e+06 1.454726e+06 1.446461e+06 1.386321e+06 1.339972e+06 1.287683e+06 1.223597e+06
1.870665e+06 1.870665e+06 1.870665e+06 1.870665e+06 1.870665e+06 1.870665e+06 1.870665e+06 1.870665e+06 1.870665e+06 1.870665e+06 1.870664e+06 1.870663e+06 1.870659e+06 1.870649e+06 1.870618e+06 1.870528e+06 1.870309e+06 1.862476e+06 1.828430e+06 1.763677e+06 1.689158e+06 1.625129e+06 1.577156e+06 1.517966e+06 1.485926e+06 1.466470e+06 1.453232e+06 1.443295e+06 1.435199e+06 1.376507e+06 1.330768e+06 1.280189e+06 1.217741e+06
1.856756e+06 1.856756e+06 1.856756e+06 1.856756e+06 1.856755e+06 1.856755e+06 1.856754e+06 1.856751e+06 1.856748e+06 1.856745e+06 1.856737e+06 1.856726e+06 1.856712e+06 1.856692e+06 1.856650e+06 1.856549e+06 1.856321e+06 1.848484e+06 1.814588e+06 1.750162e+06 1.676037e+06 1.612357e+06 1.564657e+06 1.505834e+06 1.474032e+06 1.454760e+06 1.441685e+06 1.431908e+06 1.423974e+06 1.366715e+06 1.321567e+06 1.272604e+06 1.211808e+06
1.842683e+06 1.842683e+06 1.842683e+06 1.842683e+06 1.842683e+06 1.842683e+06 1.842682e+06 1.842679e+06 1.842677e+06 1.842674e+06 1.842667e+06 1.842657e+06 1.842645e+06 1.842627e+06 1.842586e+06 1.842487e+06 1.842261e+06 1.834467e+06 1.800754e+06 1.736679e+06 1.662964e+06 1.599644e+06 1.552224e+06 1.493775e+06 1.462212e+06 1.443120e+06 1.430205e+06 1.420580e+06 1.412801e+06 1.356950e+06 1.312378e+06 1.264940e+06 1.205799e+06
1.828528e+06 1.828528e+06 1.828528e+06 1.828528e+06 1.828528e+06 1.828528e+06 1.828528e+06 1.828526e+06 1.828524e+06 1.828523e+06 1.828518e+06 1.828512e+06 1.828504e+06 1.828490e+06 1.828454e+06 1.828361e+06 1.828142e+06 1.820425e+06 1.786932e+06 1.723238e+06 1.649952e+06 1.587005e+06 1.539872e+06 1.481802e+06 1.450477e+06 1.431564e+06 1.418802e+06 1.409323e+06 1.401691e+06 1.347219e+06 1.303212e+06 1.257206e+06 1.199715e+06
1.814466e+06 1.814466e+06 1.814466e+06 1.814466e+06 1.814466e+06 1.814466e+06 1.814466e+06 1.814466e+06 1.814465e+06 1.814465e+06 1.814464e+06 1.814461e+06 1.814457e+06 1.814448e+06 1.814417e+06 1.814330e+06 1.814118e+06 1.806475e+06 1.773196e+06 1.709880e+06 1.637026e+06 1.574456e+06 1.527614e+06 1.469927e+06 1.438841e+06 1.420102e+06 1.407488e+06 1.398148e+06 1.390655e+06 1.337526e+06 1.294075e+06 1.249413e+06 1.193559e+06
1.800670e+06 1.800670e+06 1.800670e+06 1.800670e+06 1.800670e+06 1.800670e+06 1.800670e+06 1.800670e+06 1.800670e+06 1.800669e+06 1.800668e+06 1.800666e+06 1.800662e+06 1.800653e+06 1.800623e+06 1.800536e+06 1.800324e+06 1.792715e+06 1.759609e+06 1.696643e+06 1.624209e+06 1.562012e+06 1.515461e+06 1.458160e+06 1.427311e+06 1.408743e+06 1.396271e+06 1.387064e+06 1.379702e+06 1.327875e+06 1.284974e+06 1.241569e+06 1.187334e+06
1.787139e+06 1.787139e+06 1.787139e+06 1.787139e+06 1.787139e+06 1.787139e+06 1.787138e+06 1.787135e+06 1.787132e+06 1.787129e+06 1.787122e+06 1.787112e+06 1.787100e+06 1.787081e+06 1.787042e+06 1.786946e+06 1.786725e+06 1.779112e+06 1.746156e+06 1.683527e+06 1.611507e+06 1.549684e+06 1.503425e+06 1.446509e+06 1.415894e+06 1.397493e+06 1.385158e+06 1.376076e+06 1.368837e+06 1.318269e+06 1.275915e+06 1.233685e+06 1.181042e+06
1.773491e+06 1.773491e+06 1.773491e+06 1.773491e+06 1.773491e+06 1.773490e+06 1.773490e+06 1.773486e+06 1.773484e+06 1.773481e+06 1.773473e+06 1.773465e+06 1.773454e+06 1.773437e+06 1.773400e+06 1.773306e+06 1.773090e+06 1.765535e+06 1.732777e+06 1.670516e+06 1.598925e+06 1.537480e+06 1.491513e+06 1.434980e+06 1.404596e+06 1.386356e+06 1.374152e+06 1.365189e+06 1.358067e+06 1.308711e+06 1.266904e+06 1.225769e+06 1.174688e+06
1.759801e+06 1.759801e+06 1.759801e+06 1.759801e+06 1.759801e+06 1.759801e+06 1.759801e+06 1.759802e+06 1.759803e+06 1.759803e+06 1.759805e+06 1.759807e+06 1.759808e+06 1.759804e+06 1.759780e+06 1.759700e+06 1.759498e+06 1.752045e+06 1.719513e+06 1.657632e+06 1.586473e+06 1.525406e+06 1.479732e+06 1.423577e+06 1.393419e+06 1.375336e+06 1.363257e+06 1.354407e+06 1.347395e+06 1.299205e+06 1.257943e+06 1.217830e+06 1.168275e+06
1.746582e+06 1.746582e+06 1.746582e+06 1.746582e+06 1.746582e+06 1.746582e+06 1.746582e+06 1.746583e+06 1.746583e+06 1.746583e+06 1.746583e+06 1.746582e+06 1.746579e+06 1.746570e+06 1.746542e+06 1.746458e+06 1.746252e+06 1.738814e+06 1.706445e+06 1.644909e+06 1.574166e+06 1.513471e+06 1.468083e+06 1.412302e+06 1.382365e+06 1.364433e+06 1.352474e+06 1.343731e+06 1.336822e+06 1.289753e+06 1.249037e+06 1.209877e+06 1.161807e+06
1.733621e+06 1.733621e+06 1.733621e+06 1.733621e+06 1.733621e+06 1.733621e+06 1.733620e+06 1.733617e+06 1.733614e+06 1.733611e+06 1.733602e+06 1.733592e+06 1.733578e+06 1.733559e+06 1.733518e+06 1.733422e+06 1.733205e+06 1.725753e+06 1.693528e+06 1.632327e+06 1.561997e+06 1.501669e+06 1.456567e+06 1.401154e+06 1.371432e+06 1.353647e+06 1.341803e+06 1.333161e+06 1.326350e+06 1.280356e+06 1.240188e+06 1.201916e+06 1.155288e+06
1.720434e+06 1.720434e+06 1.720434e+06 1.720434e+06 1.720434e+06 1.720434e+06 1.720433e+06 1.720430e+06 1.720428e+06 1.720426e+06 1.720421e+06 1.720414e+06 1.720407e+06 1.720393e+06 1.720360e+06 1.720273e+06 1.720064e+06 1.712693e+06 1.680681e+06 1.619855e+06 1.549952e+06 1.489996e+06 1.445178e+06 1.390129e+06 1.360618e+06 1.342975e+06 1.331241e+06 1.322696e+06 1.315978e+06 1.271017e+06 1.231399e+06 1.193954e+06 1.148723e+06
1.707308e+06 1.707308e+06 1.707308e+06 1.707308e+06 1.707308e+06 1.707308e+06 1.707309e+06 1.707310e+06 1.707311e+06 1.707311e+06 1.707314e+06 1.707316e+06 1.707319e+06 1.707317e+06 1.707296e+06 1.707220e+06 1.707026e+06 1.699754e+06 1.667968e+06 1.607519e+06 1.538042e+06 1.478453e+06 1.433915e+06 1.379223e+06 1.349920e+06 1.332414e+06 1.320788e+06 1.312336e+06 1.305707e+06 1.261736e+06 1.222670e+06 1.186000e+06 1.142117e+06
1.694702e+06 1.694702e+06 1.694702e+06 1.694702e+06 1.694702e+06 1.694702e+06 1.694702e+06 1.694702e+06 1.694702e+06 1.694702e+06 1.694702e+06 1.694700e+06 1.694697e+06 1.694689e+06 1.694661e+06 1.694579e+06 1.694378e+06 1.687110e+06 1.655474e+06 1.595354e+06 1.526274e+06 1.467040e+06 1.422774e+06 1.368432e+06 1.339332e+06 1.321962e+06 1.310440e+06 1.302079e+06 1.295534e+06 1.252515e+06 1.214004e+06 1.178057e+06 1.135474e+06
1.682323e+06 1.682323e+06 1.682323e+06 1.682323e+06 1.682323e+06 1.682322e+06 1.682322e+06 1.682318e+06 1.682316e+06 1.682313e+06 1.682306e+06 1.682296e+06 1.682284e+06 1.682266e+06 1.682227e+06 1.682135e+06 1.681923e+06 1.674639e+06 1.643133e+06 1.583325e+06 1.514632e+06 1.455744e+06 1.411746e+06 1.357750e+06 1.328851e+06 1.311616e+06 1.300196e+06 1.291922e+06 1.285459e+06 1.243354e+06 1.205402e+06 1.170132e+06 1.128799e+06
1.669741e+06 1.669741e+06 1.669741e+06 1.669741e+06 1.669741e+06 1.669741e+06 1.669740e+06 1.669737e+06 1.669735e+06 1.669733e+06 1.669727e+06 1.669721e+06 1.669713e+06 1.669699e+06 1.669666e+06 1.669580e+06 1.669375e+06 1.662159e+06 1.630847e+06 1.571387e+06 1.503093e+06 1.444554e+06 1.400824e+06 1.347172e+06 1.318474e+06 1.301371e+06 1.290052e+06 1.281864e+06 1.275480e+06 1.234254e+06 1.196863e+06 1.162231e+06 1.122097e+06
1.657174e+06 1.657174e+06 1.657174e+06 1.657174e+06 1.657174e+06 1.657174e+06 1.657174e+06 1.657174e+06 1.657175e+06 1.657175e+06 1.657176e+06 1.657177e+06 1.657178e+06 1.657174e+06 1.657151e+06 1.657075e+06 1.656883e+06 1.649756e+06 1.618655e+06 1.559549e+06 1.491656e+06 1.433465e+06 1.390002e+06 1.336695e+06 1.308197e+06 1.291227e+06 1.280008e+06 1.271903e+06 1.265596e+06 1.225216e+06 1.188389e+06 1.154357e+06 1.115372e+06
1.645009e+06 1.645009e+06 1.645009e+06 1.645009e+06 1.645009e+06 1.645009e+06 1.645009e+06 1.645009e+06 1.645009e+06 1.645010e+06 1.645009e+06 1.645008e+06 1.645006e+06 1.644999e+06 1.644972e+06 1.644893e+06 1.644697e+06 1.637586e+06 1.606634e+06 1.547842e+06 1.480330e+06 1.422478e+06 1.379280e+06 1.326315e+06 1.298018e+06 1.281181e+06 1.270061e+06 1.262039e+06 1.255806e+06 1.216239e+06 1.179979e+06 1.146515e+06 1.108630e+06
1.633077e+06 1.633077e+06 1.633077e+06 1.633077e+06 1.633077e+06 1.633077e+06 1.633076e+06 1.633073e+06 1.633071e+06 1.633069e+06 1.633062e+06 1.633054e+06 1.633043e+06 1.633027e+06 1.632991e+06 1.632902e+06 1.632697e+06 1.625572e+06 1.594741e+06 1.536245e+06 1.469104e+06 1.411589e+06 1.368654e+06 1.316034e+06 1.287937e+06 1.271233e+06 1.260211e+06 1.252268e+06 1.246108e+06 1.207323e+06 1.171634e+06 1.138708e+06 1.101873e+06
1.621001e+06 1.621001e+06 1.621001e+06 1.621001e+06 1.621001e+06 1.621001e+06 1.621000e+06 1.620998e+06 1.620996e+06 1.620993e+06 1.620987e+06 1.620979e+06 1.620969e+06 1.620953e+06 1.620918e+06 1.620831e+06 1.620627e+06 1.613544e+06 1.582882e+06 1.524713e+06 1.457960e+06 1.400790e+06 1.358123e+06 1.305849e+06 1.277955e+06 1.261381e+06 1.250455e+06 1.242591e+06 1.236500e+06 1.198470e+06 1.163354e+06 1.130940e+06 1.095108e+06
1.608829e+06 1.608829e+06 1.608829e+06 1.608829e+06 1.608829e+06 1.608829e+06 1.608829e+06 1.608829e+06 1.608829e+06 1.608828e+06 1.608827e+06 1.608826e+06 1.608823e+06 1.608815e+06 1.608788e+06 1.608709e+06 1.608515e+06 1.601511e+06 1.571055e+06 1.513242e+06 1.446896e+06 1.390082e+06 1.347686e+06 1.295763e+06 1.268069e+06 1.251625e+06 1.240793e+06 1.233005e+06 1.226981e+06 1.189677e+06 1.155137e+06 1.123214e+06 1.088339e+06
1.596865e+06 1.596865e+06 1.596865e+06 1.596865e+06 1.596865e+06 1.596865e+06 1.596865e+06 1.596865e+06 1.596864e+06 1.596864e+06 1.596863e+06 1.596861e+06 1.596859e+06 1.596851e+06 1.596826e+06 1.596748e+06 1.596557e+06 1.589602e+06 1.559331e+06 1.501867e+06 1.435927e+06 1.379469e+06 1.337347e+06 1.285774e+06 1.258280e+06 1.241964e+06 1.231224e+06 1.223509e+06 1.217550e+06 1.180946e+06 1.146984e+06 1.115533e+06 1.081569e+06
1.585121e+06 1.585121e+06 1.585121e+06 1.585121e+06 1.585121e+06 1.585121e+06 1.585120e+06 1.585119e+06 1.585117e+06 1.585116e+06 1.585112e+06 1.585108e+06 1.585102e+06 1.585091e+06 1.585061e+06 1.584980e+06 1.584785e+06 1.577849e+06 1.547736e+06 1.490602e+06 1.425061e+06 1.368957e+06 1.327109e+06 1.275884e+06 1.248587e+06 1.232395e+06 1.221744e+06 1.214101e+06 1.208203e+06 1.172277e+06 1.138894e+06 1.107898e+06 1.074802e+06
1.573436e+06 1.573436e+06 1.573436e+06 1.573436e+06 1.573436e+06 1.573436e+06 1.573436e+06 1.573434e+06 1.573433e+06 1.573431e+06 1.573427e+06 1.573422e+06 1.573415e+06 1.573403e+06 1.573372e+06 1.573290e+06 1.573095e+06 1.566187e+06 1.536238e+06 1.479439e+06 1.414297e+06 1.358547e+06 1.316971e+06 1.266091e+06 1.238987e+06 1.222917e+06 1.212352e+06 1.204777e+06 1.198939e+06 1.163668e+06 1.130867e+06 1.100312e+06 1.068042e+06
1.561762e+06 1.561762e+06 1.561762e+06 1.561762e+06 1.561762e+06 1.561762e+06 1.561761e+06 1.561760e+06 1.561759e+06 1.561758e+06 1.561755e+06 1.561751e+06 1.561746e+06 1.561735e+06 1.561706e+06 1.561626e+06 1.561433e+06 1.554575e+06 1.524812e+06 1.468364e+06 1.403631e+06 1.348237e+06 1.306931e+06 1.256392e+06 1.229477e+06 1.213525e+06 1.203044e+06 1.195535e+06 1.189755e+06 1.155120e+06 1.122903e+06 1.092777e+06 1.061294e+06
1.550159e+06 1.550159e+06 1.550159e+06 1.550159e+06 1.550159e+06 1.550159e+06 1.550159e+06 1.550158e+06 1.550157e+06 1.550156e+06 1.550154e+06 1.550151e+06 1.550147e+06 1.550137e+06 1.550110e+06 1.550032e+06 1.549842e+06 1.543037e+06 1.513469e+06 1.457381e+06 1.393061e+06 1.338024e+06 1.296987e+06 1.246783e+06 1.220053e+06 1.204216e+06 1.193816e+06 1.186371e+06 1.180648e+06 1.146632e+06 1.115000e+06 1.085293e+06 1.054559e+06
1.538678e+06 1.538678e+06 1.538678e+06 1.538678e+06 1.538678e+06 1.538678e+06 1.538677e+06 1.538676e+06 1.538676e+06 1.538675e+06 1.538672e+06 1.538670e+06 1.538665e+06 1.538657e+06 1.538630e+06 1.538553e+06 1.538366e+06 1.531610e+06 1.502235e+06 1.446504e+06 1.382592e+06 1.327905e+06 1.287132e+06 1.237258e+06 1.210709e+06 1.194984e+06 1.184664e+06 1.177283e+06 1.171615e+06 1.138205e+06 1.107159e+06 1.077863e+06 1.047842e+06
