3.463909e+05 1.906315e+05 1.570982e+05 1.055655e+05 8.980957e+04 5.732776e+04 4.566915e+04 3.664681e+04 3.448917e+04 3.302218e+04 3.126639e+04 3.040099e+04 3.004949e+04 3.003775e+04 3.027509e+04 3.070944e+04 3.130715e+04 3.585017e+04 3.998618e+04 4.003809e+04 3.688578e+04 3.342553e+04 3.091302e+04 2.858296e+04 2.827996e+04 2.892194e+04 3.011974e+04 3.177901e+04 3.391441e+04 8.654278e+04 1.734198e+05 2.526368e+05 3.092832e+05
4.161269e+04 4.161270e+04 4.161268e+04 4.160862e+04 4.158442e+04 4.037330e+04 3.803552e+04 3.385214e+04 3.261581e+04 3.169978e+04 3.054251e+04 2.998189e+04 2.981024e+04 2.991648e+04 3.023777e+04 3.073574e+04 3.138403e+04 3.607449e+04 4.023476e+04 4.022784e+04 3.700587e+04 3.350139e+04 3.096710e+04 2.862400e+04 2.831969e+04 2.896246e+04 3.016200e+04 3.182425e+04 3.396421e+04 8.669528e+04 1.736435e+05 2.528583e+05 3.094662e+05
3.297286e+04 3.297288e+04 3.297291e+04 3.297349e+04 3.297381e+04 3.283273e+04 3.246098e+04 3.144772e+04 3.074729e+04 3.027441e+04 2.974569e+04 2.953168e+04 2.956534e+04 2.980458e+04 3.021893e+04 3.078630e+04 3.148889e+04 3.633089e+04 4.050759e+04 4.043124e+04 3.713249e+04 3.358045e+04 3.102308e+04 2.866622e+04 2.836042e+04 2.900388e+04 3.020509e+04 3.187031e+04 3.401487e+04 8.684938e+04 1.738687e+05 2.530808e+05 3.096499e+05
3.002874e+04 3.002876e+04 3.002881e+04 3.003025e+04 3.003359e+04 3.003733e+04 2.985533e+04 2.985138e+04 2.971761e+04 2.946504e+04 2.910961e+04 2.912609e+04 2.934707e+04 2.971882e+04 3.022884e+04 3.086822e+04 3.162712e+04 3.662176e+04 4.080569e+04 4.064854e+04 3.726563e+04 3.366267e+04 3.108092e+04 2.870962e+04 2.840215e+04 2.904619e+04 3.024901e+04 3.191721e+04 3.406638e+04 8.700507e+04 1.740954e+05 2.533043e+05 3.098341e+05
2.876825e+04 2.876826e+04 2.876828e+04 2.876874e+04 2.876997e+04 2.878449e+04 2.873487e+04 2.871291e+04 2.886871e+04 2.895386e+04 2.890959e+04 2.894103e+04 2.922045e+04 2.968825e+04 3.028260e+04 3.099049e+04 3.180478e+04 3.694920e+04 4.112986e+04 4.087986e+04 3.740521e+04 3.374796e+04 3.114056e+04 2.875418e+04 2.844487e+04 2.908941e+04 3.029379e+04 3.196493e+04 3.411877e+04 8.716238e+04 1.743235e+05 2.535287e+05 3.100188e+05
2.819678e+04 2.819679e+04 2.819680e+04 2.819718e+04 2.819822e+04 2.821763e+04 2.822722e+04 2.819359e+04 2.833071e+04 2.853814e+04 2.885670e+04 2.904367e+04 2.931600e+04 2.977232e+04 3.040858e+04 3.116848e+04 3.203105e+04 3.731527e+04 4.148071e+04 4.112520e+04 3.755108e+04 3.383621e+04 3.120193e+04 2.879988e+04 2.848859e+04 2.913351e+04 3.033940e+04 3.201350e+04 3.417202e+04 8.732132e+04 1.745532e+05 2.537542e+05 3.102041e+05
2.801481e+04 2.801481e+04 2.801482e+04 2.801514e+04 2.801606e+04 2.803843e+04 2.807441e+04 2.809006e+04 2.817102e+04 2.835440e+04 2.884113e+04 2.924517e+04 2.960749e+04 3.005954e+04 3.066320e+04 3.143011e+04 3.232180e+04 3.772228e+04 4.185870e+04 4.138444e+04 3.770304e+04 3.392726e+04 3.126495e+04 2.884669e+04 2.853329e+04 2.917852e+04 3.038586e+04 3.206290e+04 3.422616e+04 8.748189e+04 1.747843e+05 2.539806e+05 3.103900e+05
2.810593e+04 2.810593e+04 2.810594e+04 2.810621e+04 2.810700e+04 2.812656e+04 2.816842e+04 2.823749e+04 2.829723e+04 2.843372e+04 2.892164e+04 2.947680e+04 2.997804e+04 3.048886e+04 3.109217e+04 3.182774e+04 3.270454e+04 3.817340e+04 4.226422e+04 4.165734e+04 3.786082e+04 3.402095e+04 3.132953e+04 2.889459e+04 2.857897e+04 2.922441e+04 3.043316e+04 3.211315e+04 3.428118e+04 8.764411e+04 1.750169e+05 2.542080e+05 3.105764e+05
2.836291e+04 2.836291e+04 2.836292e+04 2.836316e+04 2.836389e+04 2.838560e+04 2.843965e+04 2.855764e+04 2.862099e+04 2.872852e+04 2.915282e+04 2.975863e+04 3.038109e+04 3.098828e+04 3.163430e+04 3.237173e+04 3.322433e+04 3.867326e+04 4.269772e+04 4.194358e+04 3.802410e+04 3.411708e+04 3.139554e+04 2.894355e+04 2.862561e+04 2.927119e+04 3.048131e+04 3.216424e+04 3.433709e+04 8.780799e+04 1.752511e+05 2.544364e+05 3.107634e+05
2.881361e+04 2.881362e+04 2.881362e+04 2.881385e+04 2.881451e+04 2.883290e+04 2.888237e+04 2.901686e+04 2.908850e+04 2.918398e+04 2.954193e+04 3.012949e+04 3.082061e+04 3.152491e+04 3.224275e+04 3.301321e+04 3.386796e+04 3.922872e+04 4.315988e+04 4.224281e+04 3.819252e+04 3.421542e+04 3.146288e+04 2.899353e+04 2.867321e+04 2.931886e+04 3.053029e+04 3.221618e+04 3.439390e+04 8.797355e+04 1.754867e+05 2.546657e+05 3.109509e+05
2.938116e+04 2.938117e+04 2.938117e+04 2.938138e+04 2.938199e+04 2.939910e+04 2.944473e+04 2.958313e+04 2.966278e+04 2.975718e+04 3.006975e+04 3.061161e+04 3.132097e+04 3.209677e+04 3.289353e+04 3.371955e+04 3.459956e+04 3.984989e+04 4.365175e+04 4.255465e+04 3.836568e+04 3.431572e+04 3.153141e+04 2.904450e+04 2.872174e+04 2.936739e+04 3.058012e+04 3.226897e+04 3.445160e+04 8.814079e+04 1.757238e+05 2.548961e+05 3.111389e+05
3.955087e+04 3.955087e+04 3.955088e+04 3.955104e+04 3.955156e+04 3.956857e+04 3.962112e+04 3.981645e+04 3.995493e+04 4.011851e+04 4.051482e+04 4.099653e+04 4.156864e+04 4.224780e+04 4.304553e+04 4.395537e+04 4.495136e+04 4.971385e+04 5.065884e+04 4.641176e+04 4.029048e+04 3.537768e+04 3.225411e+04 2.959894e+04 2.925456e+04 2.989878e+04 3.112362e+04 3.284356e+04 3.507886e+04 8.990857e+04 1.781796e+05 2.572543e+05 3.130498e+05
5.847714e+04 5.847714e+04 5.847715e+04 5.847725e+04 5.847759e+04 5.848726e+04 5.851511e+04 5.862590e+04 5.870914e+04 5.880956e+04 5.905202e+04 5.932815e+04 5.961145e+04 5.988167e+04 6.012872e+04 6.035177e+04 6.055415e+04 6.101175e+04 5.818192e+04 5.072039e+04 4.250347e+04 3.657529e+04 3.304733e+04 3.022381e+04 2.986389e+04 3.050667e+04 3.174557e+04 3.350252e+04 3.579978e+04 9.185821e+04 1.807924e+05 2.597124e+05 3.150152e+05
7.400724e+04 7.400724e+04 7.400724e+04 7.400719e+04 7.400702e+04 7.399763e+04 7.395994e+04 7.379692e+04 7.367444e+04 7.352773e+04 7.317329e+04 7.275554e+04 7.229119e+04 7.179162e+04 7.126432e+04 7.071398e+04 7.014289e+04 6.678352e+04 6.102872e+04 5.220724e+04 4.361119e+04 3.759854e+04 3.401214e+04 3.101686e+04 3.056708e+04 3.119067e+04 3.244395e+04 3.424655e+04 3.661859e+04 9.400180e+04 1.835671e+05 2.622711e+05 3.170345e+05
6.715264e+04 6.715264e+04 6.715264e+04 6.715263e+04 6.715258e+04 6.715089e+04 6.714544e+04 6.712296e+04 6.710527e+04 6.708283e+04 6.702201e+04 6.693638e+04 6.682170e+04 6.667470e+04 6.649309e+04 6.627472e+04 6.601631e+04 6.381089e+04 5.875067e+04 5.081291e+04 4.320960e+04 3.794037e+04 3.477702e+04 3.201319e+04 3.146559e+04 3.198695e+04 3.323310e+04 3.508518e+04 3.754492e+04 9.635148e+04 1.865082e+05 2.649310e+05 3.191067e+05
5.906560e+04 5.906560e+04 5.906560e+04 5.906560e+04 5.906560e+04 5.906550e+04 5.906514e+04 5.906438e+04 5.906417e+04 5.906401e+04 5.906334e+04 5.906116e+04 5.905597e+04 5.904596e+04 5.902872e+04 5.900064e+04 5.895625e+04 5.809189e+04 5.468270e+04 4.847695e+04 4.227368e+04 3.792201e+04 3.530520e+04 3.299977e+04 3.251396e+04 3.297523e+04 3.416537e+04 3.604718e+04 3.860023e+04 9.891951e+04 1.896196e+05 2.676918e+05 3.212307e+05
5.386013e+04 5.386013e+04 5.386013e+04 5.386014e+04 5.386015e+04 5.386062e+04 5.386203e+04 5.386790e+04 5.387237e+04 5.387782e+04 5.389142e+04 5.390824e+04 5.392782e+04 5.394953e+04 5.397232e+04 5.399416e+04 5.401133e+04 5.370531e+04 5.141391e+04 4.664419e+04 4.161501e+04 3.799048e+04 3.579230e+04 3.389875e+04 3.357334e+04 3.408473e+04 3.529328e+04 3.719830e+04 3.982637e+04 1.017185e+05 1.929048e+05 2.705534e+05 3.234051e+05
5.109145e+04 5.109145e+04 5.109145e+04 5.109145e+04 5.109147e+04 5.109214e+04 5.109413e+04 5.110209e+04 5.110831e+04 5.111617e+04 5.113690e+04 5.116397e+04 5.119667e+04 5.123417e+04 5.127538e+04 5.131855e+04 5.136070e+04 5.129395e+04 4.961546e+04 4.575318e+04 4.149482e+04 3.833120e+04 3.637792e+04 3.473558e+04 3.458677e+04 3.523827e+04 3.655924e+04 3.856690e+04 4.129586e+04 1.047615e+05 1.963665e+05 2.735148e+05 3.256284e+05
5.036166e+04 5.036166e+04 5.036166e+04 5.036167e+04 5.036169e+04 5.036232e+04 5.036407e+04 5.037059e+04 5.037544e+04 5.038144e+04 5.039712e+04 5.041789e+04 5.044373e+04 5.047437e+04 5.050926e+04 5.054715e+04 5.058562e+04 5.055963e+04 4.913283e+04 4.571723e+04 4.185967e+04 3.893132e+04 3.709104e+04 3.556496e+04 3.556715e+04 3.641200e+04 3.792897e+04 4.011969e+04 4.301931e+04 1.080628e+05 2.000073e+05 2.765749e+05 3.278987e+05
5.078721e+04 5.078721e+04 5.078721e+04 5.078722e+04 5.078724e+04 5.078795e+04 5.079010e+04 5.079823e+04 5.080404e+04 5.081094e+04 5.082801e+04 5.084934e+04 5.087473e+04 5.090387e+04 5.093618e+04 5.097052e+04 5.100464e+04 5.095977e+04 4.957530e+04 4.628625e+04 4.256059e+04 3.971282e+04 3.790937e+04 3.643545e+04 3.656848e+04 3.763113e+04 3.940390e+04 4.184875e+04 4.498439e+04 1.116378e+05 2.038290e+05 2.797321e+05 3.302139e+05
5.202139e+04 5.202139e+04 5.202139e+04 5.202139e+04 5.202140e+04 5.202183e+04 5.202312e+04 5.202808e+04 5.203177e+04 5.203631e+04 5.204782e+04 5.206233e+04 5.207946e+04 5.209885e+04 5.212000e+04 5.214189e+04 5.216246e+04 5.203789e+04 5.056687e+04 4.721266e+04 4.345916e+04 4.060822e+04 3.881290e+04 3.739116e+04 3.766125e+04 3.895558e+04 4.101942e+04 4.377034e+04 4.719763e+04 1.155042e+05 2.078330e+05 2.829844e+05 3.325719e+05
5.354771e+04 5.354771e+04 5.354771e+04 5.354770e+04 5.354769e+04 5.354743e+04 5.354658e+04 5.354393e+04 5.354267e+04 5.354172e+04 5.354118e+04 5.354281e+04 5.354679e+04 5.355306e+04 5.356120e+04 5.357014e+04 5.357768e+04 5.337745e+04 5.179171e+04 4.830569e+04 4.446605e+04 4.158974e+04 3.980961e+04 3.848343e+04 3.892207e+04 4.046365e+04 4.283649e+04 4.592351e+04 4.968146e+04 1.196823e+05 2.120203e+05 2.863293e+05 3.349702e+05
5.488461e+04 5.488461e+04 5.488461e+04 5.488461e+04 5.488461e+04 5.488461e+04 5.488474e+04 5.488651e+04 5.488835e+04 5.489084e+04 5.489766e+04 5.490653e+04 5.491690e+04 5.492824e+04 5.493993e+04 5.495089e+04 5.495889e+04 5.473537e+04 5.306907e+04 4.946958e+04 4.555821e+04 4.267836e+04 4.094363e+04 3.977909e+04 4.043238e+04 4.224110e+04 4.493075e+04 4.836472e+04 5.247291e+04 1.241963e+05 2.163918e+05 2.897641e+05 3.374060e+05
5.628909e+04 5.628909e+04 5.628909e+04 5.628909e+04 5.628908e+04 5.628870e+04 5.628754e+04 5.628392e+04 5.628202e+04 5.628033e+04 5.627800e+04 5.627754e+04 5.627924e+04 5.628312e+04 5.628881e+04 5.629525e+04 5.630007e+04 5.606762e+04 5.436746e+04 5.071175e+04 4.678120e+04 4.394303e+04 4.229457e+04 4.136288e+04 4.227914e+04 4.437547e+04 4.738320e+04 5.116029e+04 5.561995e+04 1.290768e+05 2.209480e+05 2.932856e+05 3.398766e+05
5.748800e+04 5.748800e+04 5.748800e+04 5.748801e+04 5.748803e+04 5.748857e+04 5.749006e+04 5.749569e+04 5.749977e+04 5.750467e+04 5.751669e+04 5.753137e+04 5.754829e+04 5.756705e+04 5.758711e+04 5.760731e+04 5.762531e+04 5.744799e+04 5.577352e+04 5.212782e+04 4.823985e+04 4.549338e+04 4.397145e+04 4.333471e+04 4.455382e+04 4.695301e+04 5.027375e+04 5.437913e+04 5.917633e+04 1.343683e+05 2.256896e+05 2.968905e+05 3.423788e+05
5.909898e+04 5.909898e+04 5.909898e+04 5.909898e+04 5.909898e+04 5.909908e+04 5.909941e+04 5.910075e+04 5.910186e+04 5.910344e+04 5.910863e+04 5.911742e+04 5.913045e+04 5.914790e+04 5.916934e+04 5.919351e+04 5.921773e+04 5.909026e+04 5.746635e+04 5.387612e+04 5.008029e+04 4.746644e+04 4.610214e+04 4.580319e+04 4.734900e+04 5.005575e+04 5.367679e+04 5.808700e+04 6.319621e+04 1.400893e+05 2.306173e+05 3.005750e+05 3.449095e+05
6.103872e+04 6.103872e+04 6.103872e+04 6.103873e+04 6.103873e+04 6.103898e+04 6.103998e+04 6.104621e+04 6.105181e+04 6.105908e+04 6.107833e+04 6.110314e+04 6.113265e+04 6.116616e+04 6.120290e+04 6.124155e+04 6.127954e+04 6.121399e+04 5.964767e+04 5.613654e+04 5.246383e+04 5.000827e+04 4.881931e+04 4.887655e+04 5.075288e+04 5.375808e+04 5.765785e+04 6.234224e+04 6.772963e+04 1.462234e+05 2.357322e+05 3.043353e+05 3.474652e+05
6.382454e+04 6.382454e+04 6.382454e+04 6.382454e+04 6.382455e+04 6.382491e+04 6.382596e+04 6.382988e+04 6.383278e+04 6.383642e+04 6.384651e+04 6.386138e+04 6.388207e+04 6.390911e+04 6.394233e+04 6.398056e+04 6.402104e+04 6.399683e+04 6.249440e+04 5.907794e+04 5.554436e+04 5.325742e+04 5.224733e+04 5.265358e+04 5.484312e+04 5.812285e+04 6.227076e+04 6.719291e+04 7.281925e+04 1.527579e+05 2.410361e+05 3.081673e+05 3.500427e+05
6.710977e+04 6.710977e+04 6.710977e+04 6.710979e+04 6.710986e+04 6.711196e+04 6.711799e+04 6.713834e+04 6.715207e+04 6.716793e+04 6.720538e+04 6.724943e+04 6.729913e+04 6.735388e+04 6.741304e+04 6.747538e+04 6.753828e+04 6.760727e+04 6.618125e+04 6.285982e+04 5.946215e+04 5.733676e+04 5.649377e+04 5.721569e+04 5.968089e+04 6.319763e+04 6.755540e+04 7.267497e+04 7.849822e+04 1.596795e+05 2.465316e+05 3.120668e+05 3.526382e+05
7.184949e+04 7.184949e+04 7.184949e+04 7.184950e+04 7.184951e+04 7.184991e+04 7.185117e+04 7.185658e+04 7.186123e+04 7.186753e+04 7.188576e+04 7.191219e+04 7.194726e+04 7.199113e+04 7.204337e+04 7.210262e+04 7.216586e+04 7.226747e+04 7.088725e+04 6.763156e+04 6.434069e+04 6.234787e+04 6.164218e+04 6.261969e+04 6.530558e+04 6.901161e+04 7.353620e+04 7.881144e+04 8.478938e+04 1.669733e+05 2.522232e+05 3.160296e+05 3.552482e+05
7.745896e+04 7.745896e+04 7.745896e+04 7.745897e+04 7.745900e+04 7.745991e+04 7.746281e+04 7.747563e+04 7.748607e+04 7.749931e+04 7.753414e+04 7.757956e+04 7.763480e+04 7.769910e+04 7.777151e+04 7.785029e+04 7.793224e+04 7.810726e+04 7.675534e+04 7.351596e+04 7.027397e+04 6.835909e+04 6.774149e+04 6.889082e+04 7.173114e+04 7.557418e+04 8.022193e+04 8.561269e+04 9.170536e+04 1.746227e+05 2.581181e+05 3.200517e+05 3.578689e+05
8.466566e+04 8.466566e+04 8.466566e+04 8.466567e+04 8.466568e+04 8.466620e+04 8.466785e+04 8.467609e+04 8.468358e+04 8.469368e+04 8.472220e+04 8.476209e+04 8.481329e+04 8.487536e+04 8.494735e+04 8.502732e+04 8.511163e+04 8.529464e+04 8.390111e+04 8.058889e+04 7.730410e+04 7.538803e+04 7.479391e+04 7.601848e+04 7.894548e+04 8.287583e+04 8.760720e+04 9.307794e+04 9.924972e+04 1.826102e+05 2.642311e+05 3.241290e+05 3.604968e+05
9.324435e+04 9.324435e+04 9.324435e+04 9.324436e+04 9.324438e+04 9.324505e+04 9.324717e+04 9.325677e+04 9.326501e+04 9.327585e+04 9.330575e+04 9.334665e+04 9.339825e+04 9.345998e+04 9.353087e+04 9.360897e+04 9.369056e+04 9.383599e+04 9.232635e+04 8.883642e+04 8.539911e+04 8.339108e+04 8.275168e+04 8.395931e+04 8.691484e+04 9.089216e+04 9.567573e+04 1.011978e+05 1.074188e+05 1.909171e+05 2.705694e+05 3.282577e+05 3.631281e+05
1.030615e+05 1.030615e+05 1.030615e+05 1.030615e+05 1.030615e+05 1.030622e+05 1.030643e+05 1.030729e+05 1.030800e+05 1.030893e+05 1.031152e+05 1.031513e+05 1.031979e+05 1.032549e+05 1.033215e+05 1.033957e+05 1.034737e+05 1.035801e+05 1.019201e+05 9.816229e+04 9.446510e+04 9.227818e+04 9.153229e+04 9.264996e+04 9.559315e+04 9.959045e+04 1.044049e+05 1.099575e+05 1.162040e+05 1.995245e+05 2.771048e+05 3.324345e+05 3.657593e+05
1.138139e+05 1.138139e+05 1.138139e+05 1.138139e+05 1.138139e+05 1.138148e+05 1.138183e+05 1.138340e+05 1.138462e+05 1.138613e+05 1.139000e+05 1.139497e+05 1.140098e+05 1.140798e+05 1.141584e+05 1.142432e+05 1.143300e+05 1.144280e+05 1.125835e+05 1.084603e+05 1.043956e+05 1.019506e+05 1.010484e+05 1.020257e+05 1.049337e+05 1.089372e+05 1.137709e+05 1.193403e+05 1.255939e+05 2.084131e+05 2.838125e+05 3.366563e+05 3.683869e+05
1.259358e+05 1.259358e+05 1.259358e+05 1.259358e+05 1.259358e+05 1.259369e+05 1.259402e+05 1.259534e+05 1.259631e+05 1.259749e+05 1.260047e+05 1.260429e+05 1.260899e+05 1.261459e+05 1.262106e+05 1.262820e+05 1.263557e+05 1.263649e+05 1.242551e+05 1.196523e+05 1.151119e+05 1.123356e+05 1.112349e+05 1.120368e+05 1.148989e+05 1.189043e+05 1.237525e+05 1.293304e+05 1.355766e+05 2.175630e+05 2.906687e+05 3.409211e+05 3.710076e+05
1.387053e+05 1.387053e+05 1.387053e+05 1.387053e+05 1.387054e+05 1.387069e+05 1.387117e+05 1.387306e+05 1.387446e+05 1.387616e+05 1.388039e+05 1.388567e+05 1.389194e+05 1.389916e+05 1.390720e+05 1.391583e+05 1.392452e+05 1.392507e+05 1.368653e+05 1.316939e+05 1.265772e+05 1.233994e+05 1.220599e+05 1.226548e+05 1.254652e+05 1.294727e+05 1.343343e+05 1.399145e+05 1.461406e+05 2.269541e+05 2.976494e+05 3.452277e+05 3.736180e+05
1.527527e+05 1.527527e+05 1.527527e+05 1.527527e+05 1.527527e+05 1.527538e+05 1.527571e+05 1.527708e+05 1.527816e+05 1.527950e+05 1.528303e+05 1.528768e+05 1.529346e+05 1.530032e+05 1.530814e+05 1.531661e+05 1.532513e+05 1.531902e+05 1.504477e+05 1.445921e+05 1.387912e+05 1.351381e+05 1.335168e+05 1.338703e+05 1.366229e+05 1.406330e+05 1.455069e+05 1.510828e+05 1.572751e+05 2.365652e+05 3.047297e+05 3.495768e+05 3.762154e+05
1.679078e+05 1.679078e+05 1.679078e+05 1.679078e+05 1.679078e+05 1.679091e+05 1.679128e+05 1.679269e+05 1.679373e+05 1.679500e+05 1.679820e+05 1.680230e+05 1.680732e+05 1.681326e+05 1.682003e+05 1.682735e+05 1.683461e+05 1.681586e+05 1.649820e+05 1.583389e+05 1.517544e+05 1.475554e+05 1.456095e+05 1.456860e+05 1.483734e+05 1.523846e+05 1.572665e+05 1.628282e+05 1.689702e+05 2.463742e+05 3.118844e+05 3.539728e+05 3.787969e+05
1.836788e+05 1.836788e+05 1.836788e+05 1.836788e+05 1.836789e+05 1.836809e+05 1.836868e+05 1.837083e+05 1.837233e+05 1.837410e+05 1.837841e+05 1.838371e+05 1.838999e+05 1.839719e+05 1.840516e+05 1.841357e+05 1.842171e+05 1.839821e+05 1.803840e+05 1.728999e+05 1.654566e+05 1.606520e+05 1.583444e+05 1.581127e+05 1.607266e+05 1.647335e+05 1.696137e+05 1.751455e+05 1.812150e+05 2.563576e+05 3.190879e+05 3.584219e+05 3.813602e+05
2.005928e+05 2.005928e+05 2.005928e+05 2.005929e+05 2.005929e+05 2.005937e+05 2.005964e+05 2.006077e+05 2.006168e+05 2.006283e+05 2.006594e+05 2.007015e+05 2.007547e+05 2.008189e+05 2.008923e+05 2.009712e+05 2.010476e+05 2.007212e+05 1.966625e+05 1.882713e+05 1.798973e+05 1.744351e+05 1.717352e+05 1.711706e+05 1.737008e+05 1.776912e+05 1.825514e+05 1.880289e+05 1.939967e+05 2.664901e+05 3.263143e+05 3.629049e+05 3.839033e+05
2.183005e+05 2.183005e+05 2.183005e+05 2.183005e+05 2.183006e+05 2.183019e+05 2.183061e+05 2.183228e+05 2.183351e+05 2.183500e+05 2.183871e+05 2.184339e+05 2.184903e+05 2.185563e+05 2.186305e+05 2.187092e+05 2.187841e+05 2.183723e+05 2.138316e+05 2.044730e+05 1.951013e+05 1.889346e+05 1.858156e+05 1.848928e+05 1.873213e+05 1.912713e+05 1.960813e+05 2.014693e+05 2.072974e+05 2.767444e+05 3.335380e+05 3.674022e+05 3.864246e+05
2.367984e+05 2.367984e+05 2.367984e+05 2.367984e+05 2.367984e+05 2.368000e+05 2.368049e+05 2.368246e+05 2.368392e+05 2.368571e+05 2.369021e+05 2.369595e+05 2.370291e+05 2.371104e+05 2.372015e+05 2.372979e+05 2.373900e+05 2.369719e+05 2.319619e+05 2.215798e+05 2.111393e+05 2.042164e+05 2.006459e+05 1.993257e+05 2.016168e+05 2.054856e+05 2.101997e+05 2.154509e+05 2.210918e+05 2.870910e+05 3.407334e+05 3.718968e+05 3.889232e+05
2.566806e+05 2.566806e+05 2.566806e+05 2.566806e+05 2.566807e+05 2.566824e+05 2.566877e+05 2.567092e+05 2.567252e+05 2.567447e+05 2.567939e+05 2.568566e+05 2.569323e+05 2.570201e+05 2.571180e+05 2.572207e+05 2.573178e+05 2.568259e+05 2.512564e+05 2.397362e+05 2.281249e+05 2.203749e+05 2.163052e+05 2.145192e+05 2.166116e+05 2.203363e+05 2.248919e+05 2.299462e+05 2.353440e+05 2.974982e+05 3.478757e+05 3.763727e+05 3.913988e+05
2.781514e+05 2.781514e+05 2.781514e+05 2.781514e+05 2.781515e+05 2.781527e+05 2.781564e+05 2.781713e+05 2.781827e+05 2.781967e+05 2.782332e+05 2.782816e+05 2.783424e+05 2.784158e+05 2.785003e+05 2.785907e+05 2.786759e+05 2.780426e+05 2.718329e+05 2.590606e+05 2.461671e+05 2.375032e+05 2.328677e+05 2.305107e+05 2.323120e+05 2.358071e+05 2.401258e+05 2.449127e+05 2.500048e+05 3.079322e+05 3.549409e+05 3.808143e+05 3.938525e+05
3.004952e+05 3.004952e+05 3.004952e+05 3.004952e+05 3.004953e+05 3.004977e+05 3.005050e+05 3.005341e+05 3.005553e+05 3.005806e+05 3.006433e+05 3.007210e+05 3.008129e+05 3.009179e+05 3.010329e+05 3.011517e+05 3.012616e+05 3.005982e+05 2.937450e+05 2.796333e+05 2.653447e+05 2.556648e+05 2.503766e+05 2.473042e+05 2.486931e+05 2.518541e+05 2.558460e+05 2.602885e+05 2.650094e+05 3.183571e+05 3.619058e+05 3.852064e+05 3.962872e+05
3.250179e+05 3.250179e+05 3.250179e+05 3.250179e+05 3.250180e+05 3.250189e+05 3.250221e+05 3.250362e+05 3.250478e+05 3.250627e+05 3.251024e+05 3.251556e+05 3.252226e+05 3.253031e+05 3.253948e+05 3.254914e+05 3.255795e+05 3.247139e+05 3.170945e+05 3.015128e+05 2.856921e+05 2.748703e+05 2.688196e+05 2.648517e+05 2.656863e+05 2.683987e+05 2.719701e+05 2.759913e+05 2.802773e+05 3.287353e+05 3.687483e+05 3.895343e+05 3.987091e+05
3.505504e+05 3.505504e+05 3.505504e+05 3.505505e+05 3.505505e+05 3.505525e+05 3.505582e+05 3.505801e+05 3.505962e+05 3.506159e+05 3.506656e+05 3.507293e+05 3.508069e+05 3.508977e+05 3.509993e+05 3.511044e+05 3.511985e+05 3.502187e+05 3.418263e+05 3.246720e+05 3.071667e+05 2.950517e+05 2.881071e+05 2.830405e+05 2.831737e+05 2.853258e+05 2.883892e+05 2.919188e+05 2.957132e+05 3.390280e+05 3.754477e+05 3.937837e+05 4.011104e+05
3.775055e+05 3.775055e+05 3.775055e+05 3.775056e+05 3.775056e+05 3.775080e+05 3.775154e+05 3.775439e+05 3.775645e+05 3.775890e+05 3.776500e+05 3.777263e+05 3.778174e+05 3.779221e+05 3.780370e+05 3.781541e+05 3.782569e+05 3.771577e+05 3.679218e+05 3.490333e+05 3.296401e+05 3.160474e+05 3.080619e+05 3.016923e+05 3.009910e+05 3.024881e+05 3.049714e+05 3.079526e+05 3.112098e+05 3.491956e+05 3.819846e+05 3.979409e+05 4.034791e+05
4.064220e+05 4.064220e+05 4.064220e+05 4.064220e+05 4.064221e+05 4.064234e+05 4.064277e+05 4.064445e+05 4.064572e+05 4.064727e+05 4.065125e+05 4.065641e+05 4.066279e+05 4.067036e+05 4.067884e+05 4.068742e+05 4.069441e+05 4.055444e+05 3.952819e+05 3.744148e+05 3.528773e+05 3.376016e+05 3.284286e+05 3.205783e+05 3.189419e+05 3.197170e+05 3.215703e+05 3.239639e+05 3.266526e+05 3.591983e+05 3.883409e+05 4.019929e+05 4.058056e+05
4.359886e+05 4.359886e+05 4.359886e+05 4.359886e+05 4.359886e+05 4.359902e+05 4.359949e+05 4.360141e+05 4.360284e+05 4.360458e+05 4.360901e+05 4.361468e+05 4.362154e+05 4.362951e+05 4.363822e+05 4.364678e+05 4.365332e+05 4.349168e+05 4.235623e+05 4.004926e+05 3.765527e+05 3.593979e+05 3.489110e+05 3.394504e+05 3.368197e+05 3.368376e+05 3.380352e+05 3.398208e+05 3.419250e+05 3.689965e+05 3.945001e+05 4.059274e+05 4.080818e+05
4.664274e+05 4.664274e+05 4.664274e+05 4.664274e+05 4.664275e+05 4.664289e+05 4.664334e+05 4.664511e+05 4.664643e+05 4.664805e+05 4.665217e+05 4.665746e+05 4.666389e+05 4.667135e+05 4.667947e+05 4.668725e+05 4.669265e+05 4.650503e+05 4.524653e+05 4.269335e+05 4.003340e+05 3.811267e+05 3.692276e+05 3.580773e+05 3.544303e+05 3.536835e+05 3.542212e+05 3.553957e+05 3.569132e+05 3.785518e+05 4.004472e+05 4.097330e+05 4.102997e+05
4.975546e+05 4.975546e+05 4.975546e+05 4.975546e+05 4.975546e+05 4.975556e+05 4.975588e+05 4.975717e+05 4.975816e+05 4.975939e+05 4.976258e+05 4.976673e+05 4.977183e+05 4.977775e+05 4.978408e+05 4.978974e+05 4.979254e+05 4.956853e+05 4.816762e+05 4.534158e+05 4.239289e+05 4.025306e+05 3.891496e+05 3.762686e+05 3.716080e+05 3.701075e+05 3.699965e+05 3.705700e+05 3.715105e+05 3.878273e+05 4.061686e+05 4.133991e+05 4.124524e+05
5.287821e+05 5.287821e+05 5.287821e+05 5.287821e+05 5.287821e+05 5.287831e+05 5.287862e+05 5.287973e+05 5.288051e+05 5.288141e+05 5.288361e+05 5.288631e+05 5.288949e+05 5.289305e+05 5.289659e+05 5.289898e+05 5.289788e+05 5.262942e+05 5.107354e+05 4.795851e+05 4.470762e+05 4.234068e+05 4.085061e+05 3.938800e+05 3.882198e+05 3.859857e+05 3.852462e+05 3.852378e+05 3.856197e+05 3.967880e+05 4.116524e+05 4.169160e+05 4.145330e+05
5.592242e+05 5.592242e+05 5.592242e+05 5.592242e+05 5.592242e+05 5.592244e+05 5.592252e+05 5.592279e+05 5.592300e+05 5.592325e+05 5.592391e+05 5.592480e+05 5.592594e+05 5.592726e+05 5.592835e+05 5.592803e+05 5.592377e+05 5.561599e+05 5.390985e+05 5.050762e+05 4.695409e+05 4.435919e+05 4.271672e+05 4.108022e+05 4.041606e+05 4.012158e+05 3.998722e+05 3.993068e+05 3.991549e+05 4.054019e+05 4.168883e+05 4.202753e+05 4.165352e+05
5.880857e+05 5.880857e+05 5.880857e+05 5.880857e+05 5.880857e+05 5.880862e+05 5.880877e+05 5.880936e+05 5.880980e+05 5.881033e+05 5.881166e+05 5.881333e+05 5.881528e+05 5.881736e+05 5.881907e+05 5.881909e+05 5.881469e+05 5.848175e+05 5.663891e+05 5.296172e+05 4.911383e+05 4.629540e+05 4.450277e+05 4.269471e+05 4.193443e+05 4.157125e+05 4.137917e+05 4.126977e+05 4.120417e+05 4.136398e+05 4.218672e+05 4.234694e+05 4.184532e+05
6.158669e+05 6.158669e+05 6.158669e+05 6.158669e+05 6.158669e+05 6.158671e+05 6.158676e+05 6.158699e+05 6.158718e+05 6.158743e+05 6.158810e+05 6.158899e+05 6.159010e+05 6.159127e+05 6.159200e+05 6.159087e+05 6.158500e+05 6.122347e+05 5.924792e+05 5.530599e+05 5.117386e+05 4.813858e+05 4.619959e+05 4.422367e+05 4.336967e+05 4.294036e+05 4.269344e+05 4.253436e+05 4.242168e+05 4.214760e+05 4.265819e+05 4.264918e+05 4.202815e+05
6.423142e+05 6.423142e+05 6.423142e+05 6.423142e+05 6.423142e+05 6.423143e+05 6.423148e+05 6.423166e+05 6.423178e+05 6.423191e+05 6.423221e+05 6.423250e+05 6.423278e+05 6.423289e+05 6.423230e+05 6.422957e+05 6.422164e+05 6.382898e+05 6.172402e+05 5.752793e+05 5.312306e+05 4.987904e+05 4.779859e+05 4.565983e+05 4.471518e+05 4.422269e+05 4.392417e+05 4.371890e+05 4.356281e+05 4.288887e+05 4.310264e+05 4.293371e+05 4.220151e+05
6.671250e+05 6.671250e+05 6.671250e+05 6.671250e+05 6.671250e+05 6.671248e+05 6.671242e+05 6.671219e+05 6.671201e+05 6.671179e+05 6.671124e+05 6.671053e+05 6.670968e+05 6.670856e+05 6.670663e+05 6.670238e+05 6.669264e+05 6.627252e+05 6.404832e+05 5.961388e+05 5.495078e+05 5.150780e+05 4.929186e+05 4.699660e+05 4.596521e+05 4.541305e+05 4.506658e+05 4.481896e+05 4.462344e+05 4.358598e+05 4.351963e+05 4.320010e+05 4.236495e+05
6.899441e+05 6.899441e+05 6.899441e+05 6.899441e+05 6.899441e+05 6.899441e+05 6.899439e+05 6.899431e+05 6.899424e+05 6.899415e+05 6.899389e+05 6.899351e+05 6.899300e+05 6.899221e+05 6.899057e+05 6.898650e+05 6.897669e+05 6.853927e+05 6.621072e+05 6.155607e+05 5.665005e+05 5.301827e+05 5.067317e+05 4.822863e+05 4.711513e+05 4.650739e+05 4.611704e+05 4.583126e+05 4.560056e+05 4.423752e+05 4.390886e+05 4.344802e+05 4.251807e+05
7.110599e+05 7.110599e+05 7.110599e+05 7.110599e+05 7.110599e+05 7.110599e+05 7.110597e+05 7.110588e+05 7.110584e+05 7.110580e+05 7.110575e+05 7.110576e+05 7.110582e+05 7.110578e+05 7.110503e+05 7.110190e+05 7.109294e+05 7.064462e+05 6.822138e+05 6.335859e+05 5.822053e+05 5.440784e+05 5.193904e+05 4.935226e+05 4.816171e+05 4.750294e+05 4.707317e+05 4.675367e+05 4.649227e+05 4.484251e+05 4.427016e+05 4.367724e+05 4.266052e+05
7.308980e+05 7.308980e+05 7.308980e+05 7.308980e+05 7.308980e+05 7.308983e+05 7.308993e+05 7.309034e+05 7.309063e+05 7.309100e+05 7.309190e+05 7.309302e+05 7.309426e+05 7.309544e+05 7.309585e+05 7.309375e+05 7.308550e+05 7.262357e+05 7.010271e+05 6.503244e+05 5.966611e+05 5.567695e+05 5.308840e+05 5.036570e+05 4.910331e+05 4.839832e+05 4.793385e+05 4.758532e+05 4.729782e+05 4.540033e+05 4.460349e+05 4.388764e+05 4.279200e+05
7.500770e+05 7.500770e+05 7.500770e+05 7.500770e+05 7.500770e+05 7.500766e+05 7.500755e+05 7.500713e+05 7.500685e+05 7.500654e+05 7.500584e+05 7.500507e+05 7.500420e+05 7.500309e+05 7.500107e+05 7.499637e+05 7.498526e+05 7.449333e+05 7.186325e+05 6.658119e+05 6.098795e+05 5.682572e+05 5.412096e+05 5.126853e+05 4.993970e+05 4.919359e+05 4.869932e+05 4.832650e+05 4.801753e+05 4.591078e+05 4.490894e+05 4.407917e+05 4.291225e+05
7.677237e+05 7.677237e+05 7.677237e+05 7.677237e+05 7.677236e+05 7.677233e+05 7.677221e+05 7.677173e+05 7.677137e+05 7.677093e+05 7.676977e+05 7.676824e+05 7.676632e+05 7.676383e+05 7.676013e+05 7.675340e+05 7.673983e+05 7.621830e+05 7.348070e+05 6.799283e+05 6.218039e+05 5.785172e+05 5.503589e+05 5.206129e+05 5.067202e+05 4.989014e+05 4.937108e+05 4.897874e+05 4.865283e+05 4.637401e+05 4.518671e+05 4.425189e+05 4.302107e+05
7.834015e+05 7.834015e+05 7.834015e+05 7.834015e+05 7.834015e+05 7.834009e+05 7.833991e+05 7.833920e+05 7.833867e+05 7.833801e+05 7.833635e+05 7.833421e+05 7.833158e+05 7.832832e+05 7.832373e+05 7.831597e+05 7.830109e+05 7.775812e+05 7.492647e+05 6.925054e+05 6.323498e+05 5.875139e+05 5.583235e+05 5.274562e+05 5.130279e+05 5.049077e+05 4.995191e+05 4.954465e+05 4.920614e+05 4.679052e+05 4.543711e+05 4.440593e+05 4.311832e+05
7.969376e+05 7.969376e+05 7.969376e+05 7.969376e+05 7.969376e+05 7.969370e+05 7.969352e+05 7.969283e+05 7.969232e+05 7.969171e+05 7.969015e+05 7.968815e+05 7.968568e+05 7.968258e+05 7.967813e+05 7.967043e+05 7.965543e+05 7.909926e+05 7.618874e+05 7.034621e+05 6.414767e+05 5.952386e+05 5.651159e+05 5.332492e+05 5.183608e+05 5.099963e+05 5.044577e+05 5.002790e+05 4.968079e+05 4.716110e+05 4.566056e+05 4.454148e+05 4.320389e+05
8.085324e+05 8.085324e+05 8.085324e+05 8.085324e+05 8.085324e+05 8.085319e+05 8.085305e+05 8.085249e+05 8.085207e+05 8.085155e+05 8.085023e+05 8.084852e+05 8.084640e+05 8.084371e+05 8.083971e+05 8.083244e+05 8.081779e+05 8.025278e+05 7.727464e+05 7.128444e+05 6.492255e+05 6.017369e+05 5.707879e+05 5.380499e+05 5.227770e+05 5.142219e+05 5.085770e+05 5.043305e+05 5.008085e+05 4.748684e+05 4.585755e+05 4.465883e+05 4.327774e+05
8.184575e+05 8.184575e+05 8.184575e+05 8.184575e+05 8.184575e+05 8.184572e+05 8.184563e+05 8.184525e+05 8.184496e+05 8.184460e+05 8.184364e+05 8.184237e+05 8.184075e+05 8.183859e+05 8.183516e+05 8.182844e+05 8.181423e+05 8.124147e+05 7.820201e+05 7.207874e+05 6.557061e+05 6.071061e+05 5.754294e+05 5.419389e+05 5.263492e+05 5.176497e+05 5.119353e+05 5.076530e+05 5.041098e+05 4.776905e+05 4.602869e+05 4.475830e+05 4.333986e+05
8.270208e+05 8.270208e+05 8.270208e+05 8.270208e+05 8.270208e+05 8.270205e+05 8.270196e+05 8.270157e+05 8.270128e+05 8.270092e+05 8.270000e+05 8.269876e+05 8.269717e+05 8.269503e+05 8.269157e+05 8.268476e+05 8.267029e+05 8.208675e+05 7.898864e+05 7.274424e+05 6.610518e+05 6.114665e+05 5.791506e+05 5.450102e+05 5.291588e+05 5.203516e+05 5.145961e+05 5.103030e+05 5.067621e+05 4.800926e+05 4.617462e+05 4.484027e+05 4.339028e+05
8.343147e+05 8.343147e+05 8.343147e+05 8.343147e+05 8.343147e+05 8.343141e+05 8.343124e+05 8.343052e+05 8.342998e+05 8.342933e+05 8.342767e+05 8.342555e+05 8.342298e+05 8.341978e+05 8.341521e+05 8.340721e+05 8.339146e+05 8.279406e+05 7.964211e+05 7.329097e+05 6.653750e+05 6.149312e+05 5.820595e+05 5.473586e+05 5.312889e+05 5.224005e+05 5.166243e+05 5.123385e+05 5.088172e+05 4.820913e+05 4.629607e+05 4.490520e+05 4.342910e+05
8.399888e+05 8.399888e+05 8.399888e+05 8.399888e+05 8.399888e+05 8.399882e+05 8.399864e+05 8.399791e+05 8.399737e+05 8.399671e+05 8.399506e+05 8.399300e+05 8.399050e+05 8.398741e+05 8.398295e+05 8.397506e+05 8.395934e+05 8.335578e+05 8.016330e+05 7.372536e+05 6.687654e+05 6.175966e+05 5.842518e+05 5.490713e+05 5.328175e+05 5.238666e+05 5.180831e+05 5.138164e+05 5.103266e+05 4.837047e+05 4.639384e+05 4.495354e+05 4.345644e+05
8.441742e+05 8.441742e+05 8.441742e+05 8.441742e+05 8.441742e+05 8.441739e+05 8.441730e+05 8.441696e+05 8.441670e+05 8.441639e+05 8.441556e+05 8.441448e+05 8.441308e+05 8.441116e+05 8.440794e+05 8.440131e+05 8.438680e+05 8.378414e+05 8.056387e+05 7.405819e+05 6.713212e+05 6.195535e+05 5.858123e+05 5.502250e+05 5.338149e+05 5.248142e+05 5.190313e+05 5.147908e+05 5.113400e+05 4.849517e+05 4.646874e+05 4.498581e+05 4.347246e+05
8.474155e+05 8.474155e+05 8.474155e+05 8.474155e+05 8.474155e+05 8.474153e+05 8.474144e+05 8.474109e+05 8.474084e+05 8.474052e+05 8.473974e+05 8.473874e+05 8.473749e+05 8.473581e+05 8.473291e+05 8.472666e+05 8.471259e+05 8.410906e+05 8.086602e+05 7.430517e+05 6.731563e+05 6.208916e+05 5.868184e+05 5.508860e+05 5.343420e+05 5.253003e+05 5.195226e+05 5.153117e+05 5.119038e+05 4.858516e+05 4.652165e+05 4.500255e+05 4.347736e+05
8.498444e+05 8.498444e+05 8.498444e+05 8.498444e+05 8.498444e+05 8.498442e+05 8.498435e+05 8.498409e+05 8.498390e+05 8.498366e+05 8.498304e+05 8.498223e+05 8.498121e+05 8.497977e+05 8.497712e+05 8.497114e+05 8.495730e+05 8.435190e+05 8.108853e+05 7.448074e+05 6.743764e+05 6.216925e+05 5.873380e+05 5.511108e+05 5.344510e+05 5.253749e+05 5.196045e+05 5.154245e+05 5.120612e+05 4.864243e+05 4.655346e+05 4.500432e+05 4.347136e+05
8.515996e+05 8.515996e+05 8.515996e+05 8.515996e+05 8.515996e+05 8.515994e+05 8.515987e+05 8.515961e+05 8.515941e+05 8.515916e+05 8.515854e+05 8.515772e+05 8.515670e+05 8.515526e+05 8.515264e+05 8.514666e+05 8.513282e+05 8.452474e+05 8.124320e+05 7.459505e+05 6.750630e+05 6.220218e+05 5.874271e+05 5.509463e+05 5.341863e+05 5.250808e+05 5.193190e+05 5.151699e+05 5.118512e+05 4.866895e+05 4.656510e+05 4.499172e+05 4.345472e+05
8.527148e+05 8.527148e+05 8.527148e+05 8.527148e+05 8.527148e+05 8.527146e+05 8.527139e+05 8.527113e+05 8.527093e+05 8.527069e+05 8.527007e+05 8.526926e+05 8.526823e+05 8.526680e+05 8.526417e+05 8.525818e+05 8.524430e+05 8.463375e+05 8.133674e+05 7.465454e+05 6.752722e+05 6.219282e+05 5.871289e+05 5.504310e+05 5.335847e+05 5.244548e+05 5.187025e+05 5.145839e+05 5.113092e+05 4.866666e+05 4.655751e+05 4.496532e+05 4.342772e+05
8.532225e+05 8.532225e+05 8.532225e+05 8.532225e+05 8.532225e+05 8.532223e+05 8.532217e+05 8.532190e+05 8.532170e+05 8.532146e+05 8.532084e+05 8.532004e+05 8.531904e+05 8.531762e+05 8.531502e+05 8.530905e+05 8.529517e+05 8.468281e+05 8.137344e+05 7.466346e+05 6.750432e+05 6.214473e+05 5.864767e+05 5.495961e+05 5.326775e+05 5.235287e+05 5.177874e+05 5.136988e+05 5.104669e+05 4.863749e+05 4.653162e+05 4.492574e+05 4.339067e+05
8.531612e+05 8.531612e+05 8.531612e+05 8.531612e+05 8.531612e+05 8.531610e+05 8.531604e+05 8.531579e+05 8.531560e+05 8.531538e+05 8.531479e+05 8.531403e+05 8.531307e+05 8.531170e+05 8.530914e+05 8.530323e+05 8.528937e+05 8.467584e+05 8.135707e+05 7.462524e+05 6.744067e+05 6.206072e+05 5.854974e+05 5.484682e+05 5.314922e+05 5.223305e+05 5.166021e+05 5.125432e+05 5.093531e+05 4.858330e+05 4.648839e+05 4.487359e+05 4.334389e+05
8.525773e+05 8.525773e+05 8.525773e+05 8.525773e+05 8.525773e+05 8.525771e+05 8.525765e+05 8.525740e+05 8.525721e+05 8.525698e+05 8.525640e+05 8.525565e+05 8.525470e+05 8.525335e+05 8.525082e+05 8.524494e+05 8.523111e+05 8.461684e+05 8.129128e+05 7.454307e+05 6.733903e+05 6.194334e+05 5.842154e+05 5.470715e+05 5.300534e+05 5.208856e+05 5.151724e+05 5.111433e+05 5.079937e+05 4.850591e+05 4.642876e+05 4.480948e+05 4.328772e+05
8.515031e+05 8.515031e+05 8.515031e+05 8.515031e+05 8.515031e+05 8.515029e+05 8.515023e+05 8.515000e+05 8.514983e+05 8.514962e+05 8.514907e+05 8.514836e+05 8.514746e+05 8.514616e+05 8.514369e+05 8.513786e+05 8.512409e+05 8.450956e+05 8.117964e+05 7.442010e+05 6.720219e+05 6.179513e+05 5.826552e+05 5.454299e+05 5.283846e+05 5.192174e+05 5.135218e+05 5.095224e+05 5.064122e+05 4.840704e+05 4.635368e+05 4.473403e+05 4.322251e+05
8.499817e+05 8.499817e+05 8.499817e+05 8.499817e+05 8.499816e+05 8.499815e+05 8.499809e+05 8.499785e+05 8.499768e+05 8.499746e+05 8.499692e+05 8.499621e+05 8.499532e+05 8.499405e+05 8.499161e+05 8.498582e+05 8.497210e+05 8.435766e+05 8.102560e+05 7.425946e+05 6.703300e+05 6.161878e+05 5.808421e+05 5.435669e+05 5.265086e+05 5.173480e+05 5.116719e+05 5.077021e+05 5.046301e+05 4.828838e+05 4.626405e+05 4.464784e+05 4.314863e+05
8.480411e+05 8.480411e+05 8.480411e+05 8.480411e+05 8.480411e+05 8.480409e+05 8.480404e+05 8.480383e+05 8.480368e+05 8.480348e+05 8.480299e+05 8.480234e+05 8.480151e+05 8.480031e+05 8.479794e+05 8.479223e+05 8.477859e+05 8.416463e+05 8.083243e+05 7.406420e+05 6.683435e+05 6.141701e+05 5.788023e+05 5.415062e+05 5.244469e+05 5.152976e+05 5.096423e+05 5.057017e+05 5.026666e+05 4.815152e+05 4.616081e+05 4.455151e+05 4.306644e+05
8.457281e+05 8.457281e+05 8.457281e+05 8.457281e+05 8.457281e+05 8.457279e+05 8.457274e+05 8.457252e+05 8.457236e+05 8.457217e+05 8.457166e+05 8.457100e+05 8.457015e+05 8.456893e+05 8.456654e+05 8.456082e+05 8.454717e+05 8.393357e+05 8.060303e+05 7.383717e+05 6.660904e+05 6.119252e+05 5.765610e+05 5.392698e+05 5.222193e+05 5.130847e+05 5.074508e+05 5.035387e+05 5.005391e+05 4.799798e+05 4.604484e+05 4.444564e+05 4.297633e+05
8.430500e+05 8.430500e+05 8.430500e+05 8.430500e+05 8.430500e+05 8.430498e+05 8.430492e+05 8.430469e+05 8.430452e+05 8.430430e+05 8.430376e+05 8.430305e+05 8.430216e+05 8.430088e+05 8.429843e+05 8.429266e+05 8.427897e+05 8.366606e+05 8.033957e+05 7.358100e+05 6.635977e+05 6.094786e+05 5.741417e+05 5.368777e+05 5.198432e+05 5.107253e+05 5.051128e+05 5.012283e+05 4.982632e+05 4.782921e+05 4.591701e+05 4.433081e+05 4.287867e+05
8.399994e+05 8.399994e+05 8.399994e+05 8.399994e+05 8.399994e+05 8.399992e+05 8.399986e+05 8.399963e+05 8.399945e+05 8.399924e+05 8.399868e+05 8.399798e+05 8.399710e+05 8.399586e+05 8.399347e+05 8.398779e+05 8.397425e+05 8.336356e+05 8.004462e+05 7.329866e+05 6.608934e+05 6.068546e+05 5.715651e+05 5.343458e+05 5.173326e+05 5.082328e+05 5.026416e+05 4.987842e+05 4.958528e+05 4.764660e+05 4.577818e+05 4.420758e+05 4.277385e+05
8.366005e+05 8.366005e+05 8.366005e+05 8.366005e+05 8.366005e+05 8.366005e+05 8.366003e+05 8.365994e+05 8.365988e+05 8.365980e+05 8.365957e+05 8.365925e+05 8.365880e+05 8.365803e+05 8.365614e+05 8.365098e+05 8.363800e+05 8.303164e+05 7.972325e+05 7.299416e+05 6.580068e+05 6.040748e+05 5.688480e+05 5.316862e+05 5.146981e+05 5.056175e+05 5.000482e+05 4.962182e+05 4.933203e+05 4.745144e+05 4.562916e+05 4.407652e+05 4.266225e+05
8.330532e+05 8.330532e+05 8.330532e+05 8.330532e+05 8.330532e+05 8.330531e+05 8.330529e+05 8.330521e+05 8.330514e+05 8.330507e+05 8.330486e+05 8.330459e+05 8.330422e+05 8.330355e+05 8.330179e+05 8.329680e+05 8.328402e+05 8.268038e+05 7.938221e+05 7.267156e+05 6.549613e+05 6.011532e+05 5.659995e+05 5.289053e+05 5.119465e+05 5.028877e+05 4.973422e+05 4.935408e+05 4.906774e+05 4.724501e+05 4.547076e+05 4.393815e+05 4.254424e+05
8.294120e+05 8.294120e+05 8.294120e+05 8.294120e+05 8.294120e+05 8.294119e+05 8.294113e+05 8.294095e+05 8.294081e+05 8.294065e+05 8.294023e+05 8.293970e+05 8.293902e+05 8.293800e+05 8.293587e+05 8.293049e+05 8.291733e+05 8.231352e+05 7.902392e+05 7.233211e+05 6.517619e+05 5.980909e+05 5.630200e+05 5.260048e+05 5.090824e+05 5.000503e+05 4.945322e+05 4.907621e+05 4.879349e+05 4.702846e+05 4.530375e+05 4.379301e+05 4.242020e+05
8.255379e+05 8.255379e+05 8.255379e+05 8.255379e+05 8.255379e+05 8.255377e+05 8.255371e+05 8.255346e+05 8.255328e+05 8.255306e+05 8.255248e+05 8.255174e+05 8.255080e+05 8.254949e+05 8.254703e+05 8.254131e+05 8.252782e+05 8.192438e+05 7.864472e+05 7.197392e+05 6.483969e+05 5.948803e+05 5.599048e+05 5.229856e+05 5.061103e+05 4.971125e+05 4.916271e+05 4.878920e+05 4.851036e+05 4.680295e+05 4.512886e+05 4.364159e+05 4.229049e+05
8.213172e+05 8.213172e+05 8.213172e+05 8.213172e+05 8.213172e+05 8.213170e+05 8.213164e+05 8.213139e+05 8.213121e+05 8.213099e+05 8.213046e+05 8.212980e+05 8.212900e+05 8.212787e+05 8.212564e+05 8.212020e+05 8.210707e+05 8.150778e+05 7.824213e+05 7.159604e+05 6.448630e+05 5.915209e+05 5.566557e+05 5.198527e+05 5.030378e+05 4.940834e+05 4.886370e+05 4.849414e+05 4.821948e+05 4.656952e+05 4.494681e+05 4.348440e+05 4.215548e+05
