3.287079e+07 1.615080e+07 1.185264e+07 5.952626e+06 4.752636e+06 3.568662e+06 3.402461e+06 3.206073e+06 3.124268e+06 3.052543e+06 2.937076e+06 2.853211e+06 2.792954e+06 2.746903e+06 2.704161e+06 2.653258e+06 2.583998e+06 1.900148e+06 1.196992e+06 8.093944e+05 6.125480e+05 5.057641e+05 4.429659e+05 3.767211e+05 3.440509e+05 3.249783e+05 3.126138e+05 3.043733e+05 2.992928e+05 3.948974e+05 6.518683e+05 9.055616e+05 1.092629e+06
3.370700e+06 3.370706e+06 3.370724e+06 3.371019e+06 3.371010e+06 3.335010e+06 3.282320e+06 3.116180e+06 3.050724e+06 2.990798e+06 2.891837e+06 2.819372e+06 2.767496e+06 2.727686e+06 2.689507e+06 2.641803e+06 2.574644e+06 1.893238e+06 1.191166e+06 8.052011e+05 6.096267e+05 5.037006e+05 4.414708e+05 3.758687e+05 3.435101e+05 3.246009e+05 3.123306e+05 3.041526e+05 2.991211e+05 3.952105e+05 6.525131e+05 9.062534e+05 1.093221e+06
3.167924e+06 3.167925e+06 3.167928e+06 3.167969e+06 3.167957e+06 3.150143e+06 3.110307e+06 3.018957e+06 2.951787e+06 2.901785e+06 2.829421e+06 2.775470e+06 2.736080e+06 2.704886e+06 2.672645e+06 2.628912e+06 2.564258e+06 1.885610e+06 1.184842e+06 8.007299e+05 6.065518e+05 5.015486e+05 4.399221e+05 3.749934e+05 3.429574e+05 3.242161e+05 3.120425e+05 3.039284e+05 2.989469e+05 3.955275e+05 6.531625e+05 9.069484e+05 1.093814e+06
2.978507e+06 2.978507e+06 2.978508e+06 2.978530e+06 2.978553e+06 2.973635e+06 2.943670e+06 2.910635e+06 2.880185e+06 2.837813e+06 2.765777e+06 2.726063e+06 2.700537e+06 2.679432e+06 2.654110e+06 2.614904e+06 2.553025e+06 1.877233e+06 1.178004e+06 7.959758e+05 6.033224e+05 4.993085e+05 4.383204e+05 3.740957e+05 3.423931e+05 3.238242e+05 3.117495e+05 3.037007e+05 2.987701e+05 3.958483e+05 6.538163e+05 9.076466e+05 1.094409e+06
2.832493e+06 2.832493e+06 2.832494e+06 2.832513e+06 2.832550e+06 2.831320e+06 2.818245e+06 2.786837e+06 2.783601e+06 2.772269e+06 2.727200e+06 2.687481e+06 2.666785e+06 2.653884e+06 2.635137e+06 2.600408e+06 2.541263e+06 1.868074e+06 1.170633e+06 7.909345e+05 5.999384e+05 4.969807e+05 4.366662e+05 3.731757e+05 3.418172e+05 3.234251e+05 3.114514e+05 3.034693e+05 2.985909e+05 3.961730e+05 6.544747e+05 9.083480e+05 1.095006e+06
2.725825e+06 2.725825e+06 2.725826e+06 2.725845e+06 2.725890e+06 2.725975e+06 2.721227e+06 2.696153e+06 2.694287e+06 2.697205e+06 2.690184e+06 2.667375e+06 2.647415e+06 2.633906e+06 2.618327e+06 2.586694e+06 2.529595e+06 1.858103e+06 1.162712e+06 7.856032e+05 5.964000e+05 4.945663e+05 4.349603e+05 3.722339e+05 3.412299e+05 3.230189e+05 3.111484e+05 3.032344e+05 2.984091e+05 3.965016e+05 6.551378e+05 9.090526e+05 1.095605e+06
2.650569e+06 2.650570e+06 2.650570e+06 2.650588e+06 2.650634e+06 2.651304e+06 2.650443e+06 2.635758e+06 2.631774e+06 2.635437e+06 2.649333e+06 2.650409e+06 2.640903e+06 2.627725e+06 2.608697e+06 2.576082e+06 2.519168e+06 1.847309e+06 1.154228e+06 7.799801e+05 5.927083e+05 4.920664e+05 4.332036e+05 3.712708e+05 3.406314e+05 3.226056e+05 3.108405e+05 3.029959e+05 2.982248e+05 3.968342e+05 6.558054e+05 9.097604e+05 1.096206e+06
2.600681e+06 2.600681e+06 2.600682e+06 2.600698e+06 2.600744e+06 2.601691e+06 2.602738e+06 2.596982e+06 2.593454e+06 2.595280e+06 2.614019e+06 2.632601e+06 2.637770e+06 2.630239e+06 2.610104e+06 2.572719e+06 2.511934e+06 1.835722e+06 1.145174e+06 7.740658e+05 5.888654e+05 4.894826e+05 4.313974e+05 3.702868e+05 3.400218e+05 3.221854e+05 3.105276e+05 3.027538e+05 2.980381e+05 3.971708e+05 6.564776e+05 9.104715e+05 1.096808e+06
2.571477e+06 2.571477e+06 2.571477e+06 2.571493e+06 2.571538e+06 2.572595e+06 2.574596e+06 2.575006e+06 2.573522e+06 2.574671e+06 2.591493e+06 2.617537e+06 2.634870e+06 2.635469e+06 2.617173e+06 2.577050e+06 2.510964e+06 1.823438e+06 1.135552e+06 7.678636e+05 5.848740e+05 4.868170e+05 4.295428e+05 3.692824e+05 3.394015e+05 3.217583e+05 3.102099e+05 3.025081e+05 2.978488e+05 3.975115e+05 6.571545e+05 9.111858e+05 1.097413e+06
2.559132e+06 2.559132e+06 2.559133e+06 2.559147e+06 2.559191e+06 2.560297e+06 2.562799e+06 2.567127e+06 2.567919e+06 2.569608e+06 2.583437e+06 2.609633e+06 2.633172e+06 2.640742e+06 2.625741e+06 2.584626e+06 2.514638e+06 1.810639e+06 1.125377e+06 7.613801e+05 5.807382e+05 4.840721e+05 4.276415e+05 3.682582e+05 3.387705e+05 3.213243e+05 3.098873e+05 3.022589e+05 2.976571e+05 3.978562e+05 6.578360e+05 9.119033e+05 1.098019e+06
2.560804e+06 2.560804e+06 2.560805e+06 2.560819e+06 2.560860e+06 2.561971e+06 2.564725e+06 2.571440e+06 2.574114e+06 2.576865e+06 2.588454e+06 2.611007e+06 2.634823e+06 2.645714e+06 2.633422e+06 2.592277e+06 2.519585e+06 1.797633e+06 1.114682e+06 7.546263e+05 5.764637e+05 4.812510e+05 4.256951e+05 3.672149e+05 3.381291e+05 3.208835e+05 3.095598e+05 3.020062e+05 2.974629e+05 3.982051e+05 6.585223e+05 9.126241e+05 1.098627e+06
2.754711e+06 2.754711e+06 2.754711e+06 2.754702e+06 2.754677e+06 2.753819e+06 2.751050e+06 2.738300e+06 2.728252e+06 2.716193e+06 2.687281e+06 2.653254e+06 2.614618e+06 2.570092e+06 2.515929e+06 2.446533e+06 2.356434e+06 1.630246e+06 9.957633e+05 6.791109e+05 5.286350e+05 4.500091e+05 4.043504e+05 3.559106e+05 3.312047e+05 3.161232e+05 3.060232e+05 2.992847e+05 2.953861e+05 4.019305e+05 6.656472e+05 9.200115e+05 1.104812e+06
2.081037e+06 2.081037e+06 2.081037e+06 2.081035e+06 2.081030e+06 2.080867e+06 2.080392e+06 2.078489e+06 2.076956e+06 2.074975e+06 2.069527e+06 2.061612e+06 2.049693e+06 2.030668e+06 2.000166e+06 1.953584e+06 1.887509e+06 1.331954e+06 8.490296e+05 6.039832e+05 4.841077e+05 4.202220e+05 3.830295e+05 3.439558e+05 3.236443e+05 3.108158e+05 3.020410e+05 2.962231e+05 2.930752e+05 4.061174e+05 6.732639e+05 9.277290e+05 1.111181e+06
1.576920e+06 1.576920e+06 1.576920e+06 1.576919e+06 1.576918e+06 1.576882e+06 1.576759e+06 1.576201e+06 1.575738e+06 1.575133e+06 1.573411e+06 1.570688e+06 1.565865e+06 1.556588e+06 1.539350e+06 1.510274e+06 1.466288e+06 1.065121e+06 7.088406e+05 5.304546e+05 4.434567e+05 3.958144e+05 3.666680e+05 3.337439e+05 3.161993e+05 3.052238e+05 2.977145e+05 2.928701e+05 2.905652e+05 4.108120e+05 6.813925e+05 9.357806e+05 1.117735e+06
1.230385e+06 1.230385e+06 1.230385e+06 1.230385e+06 1.230385e+06 1.230376e+06 1.230341e+06 1.230174e+06 1.230036e+06 1.229857e+06 1.229348e+06 1.228439e+06 1.226338e+06 1.221292e+06 1.210651e+06 1.191434e+06 1.161202e+06 8.706014e+05 6.052047e+05 4.720347e+05 4.082253e+05 3.737965e+05 3.523645e+05 3.261374e+05 3.102435e+05 2.999099e+05 2.932877e+05 2.893542e+05 2.879403e+05 4.160631e+05 6.900518e+05 9.441694e+05 1.124469e+06
1.006194e+06 1.006194e+06 1.006194e+06 1.006194e+06 1.006194e+06 1.006193e+06 1.006188e+06 1.006148e+06 1.006107e+06 1.006050e+06 1.005866e+06 1.005444e+06 1.004187e+06 1.000754e+06 9.931171e+05 9.789895e+05 9.564867e+05 7.367862e+05 5.337230e+05 4.307202e+05 3.812582e+05 3.549937e+05 3.389612e+05 3.188726e+05 3.053476e+05 2.956805e+05 2.892746e+05 2.859383e+05 2.853668e+05 4.219229e+05 6.992596e+05 9.528971e+05 1.131382e+06
8.543625e+05 8.543625e+05 8.543625e+05 8.543625e+05 8.543625e+05 8.543620e+05 8.543587e+05 8.543381e+05 8.543184e+05 8.542906e+05 8.541968e+05 8.539380e+05 8.530408e+05 8.504458e+05 8.445513e+05 8.335527e+05 8.159652e+05 6.435776e+05 4.835156e+05 4.013820e+05 3.612297e+05 3.397124e+05 3.267588e+05 3.110273e+05 3.001640e+05 2.918361e+05 2.860741e+05 2.831156e+05 2.831323e+05 4.284475e+05 7.090325e+05 9.619644e+05 1.138469e+06
7.458724e+05 7.458724e+05 7.458724e+05 7.458723e+05 7.458723e+05 7.458702e+05 7.458626e+05 7.458282e+05 7.458008e+05 7.457667e+05 7.456701e+05 7.454473e+05 7.447166e+05 7.426199e+05 7.378602e+05 7.289788e+05 7.147778e+05 5.755990e+05 4.460629e+05 3.789269e+05 3.453938e+05 3.269632e+05 3.157652e+05 3.026819e+05 2.942018e+05 2.876778e+05 2.831220e+05 2.810086e+05 2.816871e+05 4.356978e+05 7.193854e+05 9.713705e+05 1.145726e+06
6.636590e+05 6.636590e+05 6.636590e+05 6.636590e+05 6.636590e+05 6.636590e+05 6.636581e+05 6.636502e+05 6.636419e+05 6.636297e+05 6.635853e+05 6.634382e+05 6.628699e+05 6.611680e+05 6.572596e+05 6.499404e+05 6.382236e+05 5.232995e+05 4.160774e+05 3.600777e+05 3.316197e+05 3.155706e+05 3.056134e+05 2.942048e+05 2.876001e+05 2.830084e+05 2.800895e+05 2.792690e+05 2.809985e+05 4.437412e+05 7.303321e+05 9.811133e+05 1.153148e+06
5.995195e+05 5.995195e+05 5.995195e+05 5.995195e+05 5.995195e+05 5.995194e+05 5.995185e+05 5.995104e+05 5.995018e+05 5.994895e+05 5.994479e+05 5.993213e+05 5.988412e+05 5.974062e+05 5.941111e+05 5.879416e+05 5.780675e+05 4.812216e+05 3.906936e+05 3.431858e+05 3.188044e+05 3.048190e+05 2.959823e+05 2.859191e+05 2.807871e+05 2.780162e+05 2.769447e+05 2.777662e+05 2.808921e+05 4.526521e+05 7.418848e+05 9.911896e+05 1.160728e+06
5.477736e+05 5.477736e+05 5.477736e+05 5.477736e+05 5.477736e+05 5.477730e+05 5.477710e+05 5.477615e+05 5.477540e+05 5.477444e+05 5.477139e+05 5.476140e+05 5.472130e+05 5.459928e+05 5.431754e+05 5.378904e+05 5.294258e+05 4.463389e+05 3.685566e+05 3.276643e+05 3.066345e+05 2.945114e+05 2.867954e+05 2.780861e+05 2.742304e+05 2.730974e+05 2.738917e+05 2.765527e+05 2.813433e+05 4.625145e+05 7.540546e+05 1.001595e+06 1.168460e+06
5.052561e+05 5.052561e+05 5.052561e+05 5.052561e+05 5.052561e+05 5.052564e+05 5.052571e+05 5.052576e+05 5.052563e+05 5.052535e+05 5.052386e+05 5.051641e+05 5.048276e+05 5.037770e+05 5.013331e+05 4.967367e+05 4.893673e+05 4.169502e+05 3.491030e+05 3.134687e+05 2.952302e+05 2.847917e+05 2.781988e+05 2.709571e+05 2.683421e+05 2.686998e+05 2.712737e+05 2.758271e+05 2.824417e+05 4.734235e+05 7.668515e+05 1.012322e+06 1.176335e+06
4.700216e+05 4.700216e+05 4.700216e+05 4.700216e+05 4.700216e+05 4.700220e+05 4.700229e+05 4.700256e+05 4.700271e+05 4.700283e+05 4.700259e+05 4.699747e+05 4.696948e+05 4.687847e+05 4.666426e+05 4.625961e+05 4.560957e+05 3.921057e+05 3.321493e+05 3.007712e+05 2.848832e+05 2.759602e+05 2.704667e+05 2.647991e+05 2.634725e+05 2.652395e+05 2.694794e+05 2.758802e+05 2.843697e+05 4.854893e+05 7.802845e+05 1.023365e+06 1.184347e+06
4.409665e+05 4.409665e+05 4.409665e+05 4.409665e+05 4.409665e+05 4.409668e+05 4.409677e+05 4.409701e+05 4.409715e+05 4.409726e+05 4.409711e+05 4.409272e+05 4.406799e+05 4.398695e+05 4.379563e+05 4.343376e+05 4.285211e+05 3.712464e+05 3.176610e+05 2.897943e+05 2.759154e+05 2.683577e+05 2.639207e+05 2.598935e+05 2.599282e+05 2.630773e+05 2.688836e+05 2.770384e+05 2.873704e+05 4.988449e+05 7.943623e+05 1.034715e+06 1.192487e+06
4.167977e+05 4.167977e+05 4.167977e+05 4.167977e+05 4.167978e+05 4.167986e+05 4.168009e+05 4.168096e+05 4.168158e+05 4.168230e+05 4.168372e+05 4.168167e+05 4.166147e+05 4.159042e+05 4.141953e+05 4.109412e+05 4.056959e+05 3.539499e+05 3.056433e+05 2.807495e+05 2.686275e+05 2.623137e+05 2.588857e+05 2.565271e+05 2.579894e+05 2.625237e+05 2.698216e+05 2.796238e+05 2.917130e+05 5.136741e+05 8.090933e+05 1.046362e+06 1.200743e+06
3.973070e+05 3.973070e+05 3.973070e+05 3.973070e+05 3.973071e+05 3.973078e+05 3.973101e+05 3.973185e+05 3.973245e+05 3.973318e+05 3.973473e+05 3.973332e+05 3.971558e+05 3.965156e+05 3.949643e+05 3.920015e+05 3.872190e+05 3.400288e+05 2.961599e+05 2.738408e+05 2.632945e+05 2.581342e+05 2.556725e+05 2.549837e+05 2.579188e+05 2.638501e+05 2.725852e+05 2.839314e+05 2.976660e+05 5.300569e+05 8.244863e+05 1.058297e+06 1.209107e+06
3.818423e+05 3.818423e+05 3.818423e+05 3.818423e+05 3.818424e+05 3.818437e+05 3.818478e+05 3.818632e+05 3.818744e+05 3.818877e+05 3.819180e+05 3.819239e+05 3.817809e+05 3.812119e+05 3.798022e+05 3.770894e+05 3.726977e+05 3.293396e+05 2.892888e+05 2.692658e+05 2.601733e+05 2.561040e+05 2.545738e+05 2.555378e+05 2.599656e+05 2.672994e+05 2.774272e+05 2.902215e+05 3.054791e+05 5.479418e+05 8.405509e+05 1.070507e+06 1.217569e+06
3.703722e+05 3.703722e+05 3.703722e+05 3.703723e+05 3.703723e+05 3.703739e+05 3.703784e+05 3.703951e+05 3.704072e+05 3.704216e+05 3.704555e+05 3.704692e+05 3.703470e+05 3.698306e+05 3.685331e+05 3.660244e+05 3.619559e+05 3.218494e+05 2.851559e+05 2.672338e+05 2.595134e+05 2.564914e+05 2.558635e+05 2.584489e+05 2.643639e+05 2.730908e+05 2.845670e+05 2.987191e+05 3.153745e+05 5.672956e+05 8.572988e+05 1.082980e+06 1.226116e+06
3.626453e+05 3.626453e+05 3.626453e+05 3.626453e+05 3.626454e+05 3.626470e+05 3.626520e+05 3.626722e+05 3.626874e+05 3.627060e+05 3.627511e+05 3.627816e+05 3.626883e+05 3.622279e+05 3.610367e+05 3.587110e+05 3.549255e+05 3.176391e+05 2.839395e+05 2.679667e+05 2.615567e+05 2.595470e+05 2.597938e+05 2.639563e+05 2.713299e+05 2.814219e+05 2.941951e+05 3.096154e+05 3.275430e+05 5.880835e+05 8.747445e+05 1.095706e+06 1.234738e+06
3.589002e+05 3.589002e+05 3.589002e+05 3.589002e+05 3.589003e+05 3.589024e+05 3.589091e+05 3.589355e+05 3.589550e+05 3.589786e+05 3.590354e+05 3.590809e+05 3.590110e+05 3.585945e+05 3.574867e+05 3.553067e+05 3.517496e+05 3.168443e+05 2.858198e+05 2.716727e+05 2.665230e+05 2.654948e+05 2.665884e+05 2.722733e+05 2.810569e+05 2.924673e+05 3.064750e+05 3.230706e+05 3.421437e+05 6.102656e+05 8.929078e+05 1.108671e+06 1.243422e+06
3.591650e+05 3.591650e+05 3.591650e+05 3.591650e+05 3.591651e+05 3.591673e+05 3.591744e+05 3.592018e+05 3.592220e+05 3.592464e+05 3.593062e+05 3.593575e+05 3.593009e+05 3.589152e+05 3.578711e+05 3.558063e+05 3.524337e+05 3.195530e+05 2.909472e+05 2.785283e+05 2.745985e+05 2.745242e+05 2.764371e+05 2.835821e+05 2.937123e+05 3.063772e+05 3.215440e+05 3.392155e+05 3.593048e+05 6.337960e+05 9.118180e+05 1.121862e+06 1.252159e+06
3.632948e+05 3.632948e+05 3.632948e+05 3.632948e+05 3.632949e+05 3.632977e+05 3.633063e+05 3.633390e+05 3.633623e+05 3.633900e+05 3.634560e+05 3.635135e+05 3.634664e+05 3.631016e+05 3.621035e+05 3.601267e+05 3.569016e+05 3.257798e+05 2.994196e+05 2.886669e+05 2.859299e+05 2.867869e+05 2.894925e+05 2.980322e+05 3.094344e+05 3.232751e+05 3.395127e+05 3.581521e+05 3.791241e+05 6.586230e+05 9.315302e+05 1.135269e+06 1.260934e+06
3.708635e+05 3.708635e+05 3.708635e+05 3.708635e+05 3.708636e+05 3.708667e+05 3.708765e+05 3.709139e+05 3.709408e+05 3.709726e+05 3.710486e+05 3.711192e+05 3.710910e+05 3.707580e+05 3.698162e+05 3.679354e+05 3.648612e+05 3.354527e+05 3.112875e+05 3.021820e+05 3.006256e+05 3.023971e+05 3.058720e+05 3.157401e+05 3.283319e+05 3.432573e+05 3.604642e+05 3.799541e+05 4.016693e+05 6.846899e+05 9.520713e+05 1.148879e+06 1.269738e+06
3.821220e+05 3.821220e+05 3.821220e+05 3.821220e+05 3.821221e+05 3.821249e+05 3.821335e+05 3.821679e+05 3.821934e+05 3.822243e+05 3.823004e+05 3.823745e+05 3.823562e+05 3.820459e+05 3.811501e+05 3.793529e+05 3.764147e+05 3.486302e+05 3.266166e+05 3.191486e+05 3.187662e+05 3.214392e+05 3.256617e+05 3.367917e+05 3.504838e+05 3.663910e+05 3.844536e+05 4.046658e+05 4.269781e+05 7.119351e+05 9.733445e+05 1.162683e+06 1.278557e+06
3.970612e+05 3.970612e+05 3.970612e+05 3.970612e+05 3.970613e+05 3.970647e+05 3.970746e+05 3.971125e+05 3.971405e+05 3.971744e+05 3.972582e+05 3.973425e+05 3.973388e+05 3.970526e+05 3.962001e+05 3.944786e+05 3.916634e+05 3.653970e+05 3.454735e+05 3.396273e+05 3.404116e+05 3.439737e+05 3.489226e+05 3.612449e+05 3.759400e+05 3.927143e+05 4.115060e+05 4.323020e+05 4.550583e+05 7.402925e+05 9.952639e+05 1.176673e+06 1.287381e+06
4.158405e+05 4.158405e+05 4.158405e+05 4.158405e+05 4.158406e+05 4.158431e+05 4.158508e+05 4.158817e+05 4.159051e+05 4.159342e+05 4.160082e+05 4.160843e+05 4.160770e+05 4.157976e+05 4.149717e+05 4.133092e+05 4.105997e+05 3.857685e+05 3.678952e+05 3.636618e+05 3.656068e+05 3.700441e+05 3.756952e+05 3.891315e+05 4.047205e+05 4.222341e+05 4.416155e+05 4.628463e+05 4.858863e+05 7.696912e+05 1.017748e+06 1.190841e+06 1.296200e+06
4.379922e+05 4.379922e+05 4.379922e+05 4.379922e+05 4.379923e+05 4.379958e+05 4.380067e+05 4.380503e+05 4.380828e+05 4.381225e+05 4.382214e+05 4.383258e+05 4.383508e+05 4.381114e+05 4.373408e+05 4.357604e+05 4.331732e+05 4.097784e+05 3.939281e+05 3.912962e+05 3.943892e+05 3.996796e+05 4.059997e+05 4.204546e+05 4.368129e+05 4.549237e+05 4.747431e+05 4.962498e+05 5.194071e+05 8.000552e+05 1.040713e+06 1.205186e+06 1.305002e+06
4.643724e+05 4.643724e+05 4.643724e+05 4.643725e+05 4.643726e+05 4.643763e+05 4.643880e+05 4.644337e+05 4.644672e+05 4.645075e+05 4.646070e+05 4.647117e+05 4.647383e+05 4.645061e+05 4.637556e+05 4.622195e+05 4.597144e+05 4.375638e+05 4.236434e+05 4.225742e+05 4.267829e+05 4.328872e+05 4.398284e+05 4.551827e+05 4.721679e+05 4.907198e+05 5.108142e+05 5.324299e+05 5.555333e+05 8.313028e+05 1.064074e+06 1.219712e+06 1.313777e+06
4.945959e+05 4.945959e+05 4.945959e+05 4.945960e+05 4.945961e+05 4.945994e+05 4.946104e+05 4.946546e+05 4.946879e+05 4.947286e+05 4.948306e+05 4.949406e+05 4.949760e+05 4.947587e+05 4.940349e+05 4.925464e+05 4.901222e+05 4.691490e+05 4.570769e+05 4.575089e+05 4.627760e+05 4.696338e+05 4.771310e+05 4.932406e+05 5.106939e+05 5.295191e+05 5.497171e+05 5.712691e+05 5.941450e+05 8.633462e+05 1.087744e+06 1.234435e+06 1.322519e+06
5.288178e+05 5.288178e+05 5.288178e+05 5.288179e+05 5.288180e+05 5.288210e+05 5.288306e+05 5.288707e+05 5.289018e+05 5.289404e+05 5.290385e+05 5.291456e+05 5.291803e+05 5.289672e+05 5.282580e+05 5.268036e+05 5.244449e+05 5.045474e+05 4.942158e+05 4.960561e+05 5.022977e+05 5.098284e+05 5.178013e+05 5.345020e+05 5.522529e+05 5.711765e+05 5.913019e+05 6.126152e+05 6.350900e+05 8.960911e+05 1.111636e+06 1.249377e+06 1.331217e+06
5.667179e+05 5.667179e+05 5.667179e+05 5.667179e+05 5.667181e+05 5.667228e+05 5.667376e+05 5.667956e+05 5.668381e+05 5.668891e+05 5.670143e+05 5.671498e+05 5.672133e+05 5.670299e+05 5.663553e+05 5.649477e+05 5.626588e+05 5.437396e+05 5.349847e+05 5.380992e+05 5.452060e+05 5.533126e+05 5.616703e+05 5.787865e+05 5.966597e+05 6.155048e+05 6.353811e+05 6.562819e+05 6.781849e+05 9.294364e+05 1.135660e+06 1.264474e+06 1.339867e+06
6.091570e+05 6.091570e+05 6.091570e+05 6.091570e+05 6.091571e+05 6.091598e+05 6.091684e+05 6.092031e+05 6.092296e+05 6.092628e+05 6.093486e+05 6.094424e+05 6.094645e+05 6.092427e+05 6.085369e+05 6.071126e+05 6.048318e+05 5.866054e+05 5.792068e+05 5.834362e+05 5.912837e+05 5.998607e+05 6.085077e+05 6.258619e+05 6.436842e+05 6.622774e+05 6.817319e+05 7.020506e+05 7.232171e+05 9.632744e+05 1.159727e+06 1.279658e+06 1.348464e+06
6.542776e+05 6.542776e+05 6.542776e+05 6.542777e+05 6.542778e+05 6.542824e+05 6.542965e+05 6.543529e+05 6.543946e+05 6.544449e+05 6.545685e+05 6.547014e+05 6.547610e+05 6.545740e+05 6.539020e+05 6.525161e+05 6.502871e+05 6.327872e+05 6.265987e+05 6.317882e+05 6.402484e+05 6.491887e+05 6.580308e+05 6.754514e+05 6.930572e+05 7.112321e+05 7.300989e+05 7.496734e+05 7.699469e+05 9.974909e+05 1.183753e+06 1.294870e+06 1.357003e+06
7.033072e+05 7.033072e+05 7.033072e+05 7.033073e+05 7.033073e+05 7.033099e+05 7.033179e+05 7.033501e+05 7.033746e+05 7.034052e+05 7.034839e+05 7.035685e+05 7.035799e+05 7.033477e+05 7.026379e+05 7.012275e+05 6.989959e+05 6.820159e+05 6.768451e+05 6.828285e+05 6.917714e+05 7.009704e+05 7.099179e+05 7.272442e+05 7.444778e+05 7.620770e+05 7.801991e+05 7.988764e+05 8.181111e+05 1.031966e+06 1.207650e+06 1.310056e+06 1.365486e+06
7.541949e+05 7.541949e+05 7.541949e+05 7.541949e+05 7.541951e+05 7.541998e+05 7.542143e+05 7.542721e+05 7.543148e+05 7.543661e+05 7.544916e+05 7.546265e+05 7.546883e+05 7.545051e+05 7.538435e+05 7.524841e+05 7.503116e+05 7.339171e+05 7.295908e+05 7.361973e+05 7.454953e+05 7.548545e+05 7.638239e+05 7.809057e+05 7.976199e+05 8.144947e+05 8.317248e+05 8.493632e+05 8.674255e+05 1.066575e+06 1.231338e+06 1.325163e+06 1.373915e+06
8.088504e+05 8.088504e+05 8.088505e+05 8.088505e+05 8.088505e+05 8.088528e+05 8.088596e+05 8.088880e+05 8.089103e+05 8.089386e+05 8.090126e+05 8.090914e+05 8.090949e+05 8.088528e+05 8.081336e+05 8.067216e+05 8.045075e+05 7.882522e+05 7.844712e+05 7.915194e+05 8.010523e+05 8.104799e+05 8.193923e+05 8.360847e+05 8.521376e+05 8.681470e+05 8.843479e+05 9.008181e+05 9.175889e+05 1.101188e+06 1.254737e+06 1.340139e+06 1.382301e+06
8.647817e+05 8.647817e+05 8.647817e+05 8.647818e+05 8.647819e+05 8.647858e+05 8.647979e+05 8.648442e+05 8.648775e+05 8.649173e+05 8.650144e+05 8.651146e+05 8.651358e+05 8.649063e+05 8.641939e+05 8.627840e+05 8.605705e+05 8.444618e+05 8.410660e+05 8.484157e+05 8.580769e+05 8.674846e+05 8.762605e+05 8.924153e+05 9.076663e+05 9.226763e+05 9.377226e+05 9.529097e+05 9.682863e+05 1.135675e+06 1.277775e+06 1.354933e+06 1.390666e+06
9.226677e+05 9.226677e+05 9.226677e+05 9.226677e+05 9.226677e+05 9.226704e+05 9.226791e+05 9.227152e+05 9.227424e+05 9.227757e+05 9.228588e+05 9.229439e+05 9.229481e+05 9.226984e+05 9.219617e+05 9.205239e+05 9.182814e+05 9.021613e+05 8.989994e+05 9.065253e+05 9.162080e+05 9.255005e+05 9.340524e+05 9.495122e+05 9.638218e+05 9.777075e+05 9.914881e+05 1.005295e+06 1.019193e+06 1.169904e+06 1.300381e+06 1.369497e+06 1.398983e+06
9.818258e+05 9.818258e+05 9.818258e+05 9.818258e+05 9.818259e+05 9.818279e+05 9.818344e+05 9.818611e+05 9.818817e+05 9.819073e+05 9.819719e+05 9.820344e+05 9.820118e+05 9.817300e+05 9.809555e+05 9.794750e+05 9.771881e+05 9.609674e+05 9.579175e+05 9.654865e+05 9.750663e+05 9.841328e+05 9.923628e+05 1.006963e+06 1.020198e+06 1.032850e+06 1.045272e+06 1.057622e+06 1.069980e+06 1.203741e+06 1.322489e+06 1.383784e+06 1.407210e+06
1.041127e+06 1.041127e+06 1.041127e+06 1.041127e+06 1.041127e+06 1.041130e+06 1.041139e+06 1.041176e+06 1.041203e+06 1.041236e+06 1.041318e+06 1.041400e+06 1.041398e+06 1.041136e+06 1.040380e+06 1.038917e+06 1.036644e+06 1.020492e+06 1.017458e+06 1.024900e+06 1.034224e+06 1.042938e+06 1.050743e+06 1.064326e+06 1.076372e+06 1.087701e+06 1.098697e+06 1.109538e+06 1.120318e+06 1.237059e+06 1.344041e+06 1.397749e+06 1.415314e+06
1.101612e+06 1.101612e+06 1.101612e+06 1.101612e+06 1.101612e+06 1.101615e+06 1.101623e+06 1.101656e+06 1.101680e+06 1.101710e+06 1.101784e+06 1.101855e+06 1.101839e+06 1.101560e+06 1.100781e+06 1.099288e+06 1.096980e+06 1.080582e+06 1.077233e+06 1.084295e+06 1.093183e+06 1.101416e+06 1.108699e+06 1.121134e+06 1.131906e+06 1.141856e+06 1.151387e+06 1.160693e+06 1.169883e+06 1.269729e+06 1.364982e+06 1.411349e+06 1.423265e+06
1.162694e+06 1.162694e+06 1.162694e+06 1.162694e+06 1.162694e+06 1.162695e+06 1.162701e+06 1.162723e+06 1.162739e+06 1.162759e+06 1.162808e+06 1.162850e+06 1.162800e+06 1.162480e+06 1.161651e+06 1.160096e+06 1.157713e+06 1.140735e+06 1.136688e+06 1.143103e+06 1.151386e+06 1.159028e+06 1.165718e+06 1.176919e+06 1.186372e+06 1.194919e+06 1.202976e+06 1.210752e+06 1.218364e+06 1.301631e+06 1.385261e+06 1.424546e+06 1.431037e+06
1.223035e+06 1.223035e+06 1.223035e+06 1.223035e+06 1.223035e+06 1.223037e+06 1.223043e+06 1.223067e+06 1.223085e+06 1.223107e+06 1.223159e+06 1.223203e+06 1.223151e+06 1.222822e+06 1.221973e+06 1.220379e+06 1.217933e+06 1.200224e+06 1.195170e+06 1.200716e+06 1.208267e+06 1.215246e+06 1.221301e+06 1.231231e+06 1.239360e+06 1.246515e+06 1.253120e+06 1.259396e+06 1.265470e+06 1.332652e+06 1.404835e+06 1.437303e+06 1.438604e+06
1.282754e+06 1.282754e+06 1.282754e+06 1.282754e+06 1.282754e+06 1.282756e+06 1.282761e+06 1.282783e+06 1.282798e+06 1.282816e+06 1.282858e+06 1.282886e+06 1.282811e+06 1.282447e+06 1.281543e+06 1.279867e+06 1.277303e+06 1.258465e+06 1.252069e+06 1.256576e+06 1.263313e+06 1.269595e+06 1.275001e+06 1.283667e+06 1.290499e+06 1.296302e+06 1.301503e+06 1.306334e+06 1.310932e+06 1.362684e+06 1.423664e+06 1.449586e+06 1.445943e+06
1.341044e+06 1.341044e+06 1.341044e+06 1.341044e+06 1.341044e+06 1.341044e+06 1.341046e+06 1.341053e+06 1.341059e+06 1.341065e+06 1.341080e+06 1.341073e+06 1.340955e+06 1.340531e+06 1.339543e+06 1.337749e+06 1.335022e+06 1.314769e+06 1.306831e+06 1.310215e+06 1.316110e+06 1.321687e+06 1.326450e+06 1.333883e+06 1.339466e+06 1.343977e+06 1.347845e+06 1.351309e+06 1.354512e+06 1.391632e+06 1.441715e+06 1.461366e+06 1.453030e+06
1.396315e+06 1.396315e+06 1.396315e+06 1.396315e+06 1.396315e+06 1.396315e+06 1.396316e+06 1.396319e+06 1.396320e+06 1.396323e+06 1.396326e+06 1.396306e+06 1.396169e+06 1.395715e+06 1.394676e+06 1.392800e+06 1.389950e+06 1.368453e+06 1.359032e+06 1.361299e+06 1.366351e+06 1.371227e+06 1.375357e+06 1.381593e+06 1.385987e+06 1.389283e+06 1.391905e+06 1.394096e+06 1.396005e+06 1.419408e+06 1.458957e+06 1.472616e+06 1.459844e+06
1.448220e+06 1.448220e+06 1.448220e+06 1.448220e+06 1.448220e+06 1.448221e+06 1.448223e+06 1.448231e+06 1.448236e+06 1.448243e+06 1.448257e+06 1.448248e+06 1.448120e+06 1.447669e+06 1.446618e+06 1.444705e+06 1.441784e+06 1.419288e+06 1.408477e+06 1.409631e+06 1.413827e+06 1.417993e+06 1.421491e+06 1.426564e+06 1.429836e+06 1.432005e+06 1.433484e+06 1.434513e+06 1.435239e+06 1.445937e+06 1.475368e+06 1.483312e+06 1.466367e+06
1.497575e+06 1.497575e+06 1.497575e+06 1.497575e+06 1.497575e+06 1.497576e+06 1.497578e+06 1.497586e+06 1.497592e+06 1.497599e+06 1.497614e+06 1.497607e+06 1.497478e+06 1.497020e+06 1.495947e+06 1.493987e+06 1.490982e+06 1.467414e+06 1.455118e+06 1.455081e+06 1.458369e+06 1.461798e+06 1.464658e+06 1.468603e+06 1.470830e+06 1.471975e+06 1.472427e+06 1.472414e+06 1.472083e+06 1.471155e+06 1.490927e+06 1.493435e+06 1.472579e+06
1.544725e+06 1.544725e+06 1.544725e+06 1.544725e+06 1.544725e+06 1.544725e+06 1.544726e+06 1.544729e+06 1.544732e+06 1.544735e+06 1.544740e+06 1.544721e+06 1.544574e+06 1.544088e+06 1.542967e+06 1.540927e+06 1.537800e+06 1.512887e+06 1.498863e+06 1.497491e+06 1.499798e+06 1.502461e+06 1.504682e+06 1.507555e+06 1.508833e+06 1.509071e+06 1.508622e+06 1.507698e+06 1.506439e+06 1.495010e+06 1.505618e+06 1.502970e+06 1.478465e+06
1.589267e+06 1.589267e+06 1.589267e+06 1.589267e+06 1.589267e+06 1.589266e+06 1.589266e+06 1.589264e+06 1.589262e+06 1.589260e+06 1.589254e+06 1.589220e+06 1.589053e+06 1.588534e+06 1.587357e+06 1.585224e+06 1.581954e+06 1.555479e+06 1.539486e+06 1.536647e+06 1.537923e+06 1.539815e+06 1.541422e+06 1.543310e+06 1.543758e+06 1.543220e+06 1.542004e+06 1.540305e+06 1.538252e+06 1.517461e+06 1.519431e+06 1.511903e+06 1.484009e+06
1.630705e+06 1.630705e+06 1.630705e+06 1.630705e+06 1.630705e+06 1.630705e+06 1.630704e+06 1.630701e+06 1.630699e+06 1.630696e+06 1.630685e+06 1.630642e+06 1.630460e+06 1.629911e+06 1.628678e+06 1.626447e+06 1.623022e+06 1.594830e+06 1.576714e+06 1.572348e+06 1.572594e+06 1.573752e+06 1.574795e+06 1.575826e+06 1.575579e+06 1.574402e+06 1.572556e+06 1.570215e+06 1.567501e+06 1.538479e+06 1.532359e+06 1.520224e+06 1.489197e+06
1.668740e+06 1.668740e+06 1.668740e+06 1.668740e+06 1.668740e+06 1.668739e+06 1.668737e+06 1.668730e+06 1.668724e+06 1.668717e+06 1.668697e+06 1.668642e+06 1.668442e+06 1.667860e+06 1.666567e+06 1.664232e+06 1.660644e+06 1.630650e+06 1.610365e+06 1.604498e+06 1.603773e+06 1.604265e+06 1.604817e+06 1.605133e+06 1.604330e+06 1.602648e+06 1.600303e+06 1.597450e+06 1.594199e+06 1.558048e+06 1.544399e+06 1.527928e+06 1.494019e+06
1.703056e+06 1.703056e+06 1.703056e+06 1.703056e+06 1.703056e+06 1.703055e+06 1.703053e+06 1.703044e+06 1.703038e+06 1.703030e+06 1.703007e+06 1.702948e+06 1.702738e+06 1.702132e+06 1.700786e+06 1.698353e+06 1.694605e+06 1.662824e+06 1.640436e+06 1.633159e+06 1.631552e+06 1.631460e+06 1.631597e+06 1.631337e+06 1.630105e+06 1.628039e+06 1.625314e+06 1.622063e+06 1.618391e+06 1.576160e+06 1.555551e+06 1.535012e+06 1.498463e+06
1.733726e+06 1.733726e+06 1.733726e+06 1.733726e+06 1.733726e+06 1.733725e+06 1.733723e+06 1.733714e+06 1.733707e+06 1.733699e+06 1.733675e+06 1.733614e+06 1.733397e+06 1.732770e+06 1.731376e+06 1.728850e+06 1.724949e+06 1.691459e+06 1.667096e+06 1.658528e+06 1.656134e+06 1.655537e+06 1.655324e+06 1.654601e+06 1.653042e+06 1.650692e+06 1.647685e+06 1.644138e+06 1.640145e+06 1.592818e+06 1.565820e+06 1.541473e+06 1.502523e+06
1.760938e+06 1.760938e+06 1.760938e+06 1.760938e+06 1.760938e+06 1.760938e+06 1.760936e+06 1.760928e+06 1.760923e+06 1.760916e+06 1.760895e+06 1.760837e+06 1.760618e+06 1.759976e+06 1.758540e+06 1.755931e+06 1.751887e+06 1.716804e+06 1.690622e+06 1.680882e+06 1.677786e+06 1.676744e+06 1.676231e+06 1.675124e+06 1.673310e+06 1.670749e+06 1.667539e+06 1.663778e+06 1.659551e+06 1.608034e+06 1.575211e+06 1.547316e+06 1.506190e+06
1.785082e+06 1.785082e+06 1.785082e+06 1.785082e+06 1.785082e+06 1.785081e+06 1.785079e+06 1.785072e+06 1.785067e+06 1.785060e+06 1.785041e+06 1.784984e+06 1.784762e+06 1.784107e+06 1.782631e+06 1.779942e+06 1.775766e+06 1.739196e+06 1.711336e+06 1.700526e+06 1.696791e+06 1.695346e+06 1.694560e+06 1.693111e+06 1.691085e+06 1.688363e+06 1.685009e+06 1.681100e+06 1.676712e+06 1.621830e+06 1.583736e+06 1.552543e+06 1.509460e+06
1.806500e+06 1.806500e+06 1.806500e+06 1.806500e+06 1.806500e+06 1.806500e+06 1.806499e+06 1.806493e+06 1.806489e+06 1.806484e+06 1.806468e+06 1.806413e+06 1.806191e+06 1.805523e+06 1.804013e+06 1.801250e+06 1.796950e+06 1.758990e+06 1.729566e+06 1.717756e+06 1.713417e+06 1.711585e+06 1.710535e+06 1.708757e+06 1.706538e+06 1.703688e+06 1.700232e+06 1.696228e+06 1.691737e+06 1.634231e+06 1.591406e+06 1.557162e+06 1.512330e+06
1.825563e+06 1.825563e+06 1.825563e+06 1.825563e+06 1.825563e+06 1.825562e+06 1.825561e+06 1.825556e+06 1.825553e+06 1.825548e+06 1.825534e+06 1.825480e+06 1.825256e+06 1.824574e+06 1.823028e+06 1.820196e+06 1.815778e+06 1.776507e+06 1.745596e+06 1.732818e+06 1.727883e+06 1.725660e+06 1.724342e+06 1.722230e+06 1.719827e+06 1.716870e+06 1.713345e+06 1.709288e+06 1.704743e+06 1.645271e+06 1.598236e+06 1.561182e+06 1.514797e+06
1.842495e+06 1.842495e+06 1.842495e+06 1.842495e+06 1.842495e+06 1.842495e+06 1.842493e+06 1.842488e+06 1.842485e+06 1.842480e+06 1.842465e+06 1.842411e+06 1.842183e+06 1.841488e+06 1.839910e+06 1.837012e+06 1.832485e+06 1.791978e+06 1.759623e+06 1.745882e+06 1.740339e+06 1.737716e+06 1.736121e+06 1.733670e+06 1.731091e+06 1.728046e+06 1.724481e+06 1.720405e+06 1.715847e+06 1.654990e+06 1.604244e+06 1.564612e+06 1.516863e+06
1.857459e+06 1.857459e+06 1.857459e+06 1.857459e+06 1.857459e+06 1.857458e+06 1.857457e+06 1.857453e+06 1.857450e+06 1.857446e+06 1.857433e+06 1.857381e+06 1.857151e+06 1.856447e+06 1.854839e+06 1.851882e+06 1.847254e+06 1.805554e+06 1.771761e+06 1.757039e+06 1.750877e+06 1.747848e+06 1.745975e+06 1.743195e+06 1.740458e+06 1.737347e+06 1.733767e+06 1.729702e+06 1.725165e+06 1.663430e+06 1.609448e+06 1.567464e+06 1.518527e+06
1.870670e+06 1.870670e+06 1.870670e+06 1.870670e+06 1.870670e+06 1.870670e+06 1.870669e+06 1.870665e+06 1.870661e+06 1.870657e+06 1.870644e+06 1.870589e+06 1.870355e+06 1.869635e+06 1.867994e+06 1.864973e+06 1.860238e+06 1.817312e+06 1.782046e+06 1.766330e+06 1.759550e+06 1.756125e+06 1.753990e+06 1.750913e+06 1.748047e+06 1.744898e+06 1.741330e+06 1.737303e+06 1.732814e+06 1.670637e+06 1.613869e+06 1.569752e+06 1.519792e+06
1.882153e+06 1.882153e+06 1.882153e+06 1.882153e+06 1.882153e+06 1.882152e+06 1.882151e+06 1.882144e+06 1.882139e+06 1.882133e+06 1.882115e+06 1.882054e+06 1.881809e+06 1.881069e+06 1.879388e+06 1.876294e+06 1.871443e+06 1.827229e+06 1.790468e+06 1.773776e+06 1.766412e+06 1.762626e+06 1.760260e+06 1.756938e+06 1.753983e+06 1.750825e+06 1.747293e+06 1.743326e+06 1.738907e+06 1.676661e+06 1.617529e+06 1.571490e+06 1.520662e+06
1.891726e+06 1.891726e+06 1.891726e+06 1.891726e+06 1.891726e+06 1.891725e+06 1.891724e+06 1.891717e+06 1.891711e+06 1.891704e+06 1.891684e+06 1.891618e+06 1.891364e+06 1.890603e+06 1.888879e+06 1.885709e+06 1.880735e+06 1.835221e+06 1.797023e+06 1.779435e+06 1.771555e+06 1.767461e+06 1.764907e+06 1.761401e+06 1.758395e+06 1.755256e+06 1.751780e+06 1.747889e+06 1.743558e+06 1.681550e+06 1.620451e+06 1.572693e+06 1.521143e+06
1.899227e+06 1.899227e+06 1.899227e+06 1.899227e+06 1.899227e+06 1.899226e+06 1.899223e+06 1.899212e+06 1.899204e+06 1.899194e+06 1.899165e+06 1.899090e+06 1.898821e+06 1.898036e+06 1.896268e+06 1.893023e+06 1.887935e+06 1.841250e+06 1.801797e+06 1.783442e+06 1.775130e+06 1.770786e+06 1.768084e+06 1.764446e+06 1.761421e+06 1.758320e+06 1.754912e+06 1.751108e+06 1.746874e+06 1.685357e+06 1.622658e+06 1.573378e+06 1.521240e+06
1.904301e+06 1.904301e+06 1.904301e+06 1.904301e+06 1.904301e+06 1.904300e+06 1.904297e+06 1.904287e+06 1.904280e+06 1.904271e+06 1.904248e+06 1.904179e+06 1.903916e+06 1.903132e+06 1.901351e+06 1.898072e+06 1.892918e+06 1.845403e+06 1.804972e+06 1.785997e+06 1.777330e+06 1.772782e+06 1.769961e+06 1.766226e+06 1.763199e+06 1.760142e+06 1.756807e+06 1.753093e+06 1.748959e+06 1.688134e+06 1.624177e+06 1.573561e+06 1.520961e+06
1.907528e+06 1.907528e+06 1.907528e+06 1.907527e+06 1.907527e+06 1.907527e+06 1.907526e+06 1.907523e+06 1.907520e+06 1.907517e+06 1.907505e+06 1.907451e+06 1.907203e+06 1.906428e+06 1.904648e+06 1.901352e+06 1.896156e+06 1.848020e+06 1.806804e+06 1.787315e+06 1.778349e+06 1.773627e+06 1.770705e+06 1.766886e+06 1.763857e+06 1.760842e+06 1.757573e+06 1.753944e+06 1.749908e+06 1.689932e+06 1.625032e+06 1.573260e+06 1.520313e+06
1.909752e+06 1.909752e+06 1.909752e+06 1.909752e+06 1.909752e+06 1.909752e+06 1.909751e+06 1.909747e+06 1.909743e+06 1.909739e+06 1.909725e+06 1.909666e+06 1.909411e+06 1.908624e+06 1.906822e+06 1.903488e+06 1.898232e+06 1.849462e+06 1.807531e+06 1.787586e+06 1.778357e+06 1.773477e+06 1.770461e+06 1.766555e+06 1.763513e+06 1.760524e+06 1.757310e+06 1.753756e+06 1.749810e+06 1.690803e+06 1.625250e+06 1.572492e+06 1.519306e+06
1.910777e+06 1.910777e+06 1.910777e+06 1.910777e+06 1.910777e+06 1.910776e+06 1.910775e+06 1.910767e+06 1.910762e+06 1.910755e+06 1.910734e+06 1.910668e+06 1.910403e+06 1.909602e+06 1.907778e+06 1.904410e+06 1.899104e+06 1.849816e+06 1.807290e+06 1.786954e+06 1.777487e+06 1.772460e+06 1.769348e+06 1.765338e+06 1.762261e+06 1.759279e+06 1.756101e+06 1.752608e+06 1.748744e+06 1.690796e+06 1.624856e+06 1.571275e+06 1.517948e+06
1.910274e+06 1.910274e+06 1.910274e+06 1.910274e+06 1.910274e+06 1.910273e+06 1.910272e+06 1.910265e+06 1.910260e+06 1.910254e+06 1.910238e+06 1.910178e+06 1.909921e+06 1.909129e+06 1.907312e+06 1.903947e+06 1.898635e+06 1.849112e+06 1.806179e+06 1.785523e+06 1.775840e+06 1.770666e+06 1.767451e+06 1.763314e+06 1.760175e+06 1.757176e+06 1.754017e+06 1.750571e+06 1.746778e+06 1.689962e+06 1.623877e+06 1.569628e+06 1.516251e+06
1.908754e+06 1.908754e+06 1.908754e+06 1.908754e+06 1.908754e+06 1.908754e+06 1.908754e+06 1.908755e+06 1.908755e+06 1.908755e+06 1.908752e+06 1.908708e+06 1.908469e+06 1.907696e+06 1.905898e+06 1.902549e+06 1.897247e+06 1.847596e+06 1.804330e+06 1.783379e+06 1.773482e+06 1.768153e+06 1.764823e+06 1.760532e+06 1.757307e+06 1.754272e+06 1.751115e+06 1.747703e+06 1.743972e+06 1.688348e+06 1.622339e+06 1.567569e+06 1.514225e+06
1.907077e+06 1.907077e+06 1.907077e+06 1.907077e+06 1.907077e+06 1.907077e+06 1.907077e+06 1.907077e+06 1.907077e+06 1.907077e+06 1.907071e+06 1.907024e+06 1.906780e+06 1.906000e+06 1.904191e+06 1.900825e+06 1.895497e+06 1.845544e+06 1.801856e+06 1.780576e+06 1.770446e+06 1.764946e+06 1.761487e+06 1.757019e+06 1.753690e+06 1.750604e+06 1.747439e+06 1.744054e+06 1.740381e+06 1.686002e+06 1.620269e+06 1.565116e+06 1.511882e+06
1.905000e+06 1.905000e+06 1.905000e+06 1.905000e+06 1.905000e+06 1.904999e+06 1.904998e+06 1.904993e+06 1.904989e+06 1.904984e+06 1.904968e+06 1.904908e+06 1.904649e+06 1.903852e+06 1.902021e+06 1.898625e+06 1.893259e+06 1.842926e+06 1.798758e+06 1.777113e+06 1.766728e+06 1.761042e+06 1.757443e+06 1.752784e+06 1.749344e+06 1.746202e+06 1.743026e+06 1.739667e+06 1.736050e+06 1.682970e+06 1.617694e+06 1.562287e+06 1.509231e+06
1.901925e+06 1.901925e+06 1.901925e+06 1.901925e+06 1.901925e+06 1.901925e+06 1.901924e+06 1.901918e+06 1.901914e+06 1.901909e+06 1.901894e+06 1.901834e+06 1.901575e+06 1.900778e+06 1.898945e+06 1.895543e+06 1.890164e+06 1.839576e+06 1.794968e+06 1.772952e+06 1.762298e+06 1.756419e+06 1.752677e+06 1.747828e+06 1.744282e+06 1.741091e+06 1.737910e+06 1.734581e+06 1.731023e+06 1.679294e+06 1.614638e+06 1.559100e+06 1.506287e+06
1.897937e+06 1.897937e+06 1.897937e+06 1.897937e+06 1.897937e+06 1.897937e+06 1.897936e+06 1.897933e+06 1.897932e+06 1.897929e+06 1.897920e+06 1.897868e+06 1.897618e+06 1.896830e+06 1.895006e+06 1.891611e+06 1.886232e+06 1.835453e+06 1.790423e+06 1.768035e+06 1.757114e+06 1.751047e+06 1.747170e+06 1.742152e+06 1.738519e+06 1.735296e+06 1.732123e+06 1.728834e+06 1.725344e+06 1.675018e+06 1.611127e+06 1.555573e+06 1.503060e+06
1.893435e+06 1.893435e+06 1.893435e+06 1.893435e+06 1.893435e+06 1.893435e+06 1.893434e+06 1.893431e+06 1.893429e+06 1.893427e+06 1.893418e+06 1.893366e+06 1.893115e+06 1.892325e+06 1.890497e+06 1.887091e+06 1.881692e+06 1.830598e+06 1.785082e+06 1.762318e+06 1.751146e+06 1.744910e+06 1.740919e+06 1.735769e+06 1.732080e+06 1.728849e+06 1.725702e+06 1.722467e+06 1.719054e+06 1.670184e+06 1.607188e+06 1.551724e+06 1.499562e+06
1.888439e+06 1.888439e+06 1.888439e+06 1.888439e+06 1.888439e+06 1.888439e+06 1.888437e+06 1.888431e+06 1.888426e+06 1.888421e+06 1.888404e+06 1.888342e+06 1.888080e+06 1.887275e+06 1.885426e+06 1.881990e+06 1.876547e+06 1.824997e+06 1.778935e+06 1.755802e+06 1.744405e+06 1.738030e+06 1.733951e+06 1.728712e+06 1.725002e+06 1.721788e+06 1.718687e+06 1.715522e+06 1.712197e+06 1.664831e+06 1.602843e+06 1.547569e+06 1.495806e+06
1.882522e+06 1.882522e+06 1.882522e+06 1.882522e+06 1.882522e+06 1.882522e+06 1.882520e+06 1.882514e+06 1.882509e+06 1.882503e+06 1.882485e+06 1.882422e+06 1.882157e+06 1.881345e+06 1.879483e+06 1.876023e+06 1.870543e+06 1.818567e+06 1.772000e+06 1.748537e+06 1.736950e+06 1.730465e+06 1.726323e+06 1.721036e+06 1.717335e+06 1.714164e+06 1.711128e+06 1.708045e+06 1.704820e+06 1.658998e+06 1.598118e+06 1.543125e+06 1.491803e+06
1.875587e+06 1.875587e+06 1.875587e+06 1.875587e+06 1.875587e+06 1.875586e+06 1.875585e+06 1.875579e+06 1.875575e+06 1.875569e+06 1.875552e+06 1.875490e+06 1.875225e+06 1.874412e+06 1.872544e+06 1.869071e+06 1.863567e+06 1.811282e+06 1.764322e+06 1.740599e+06 1.728862e+06 1.722295e+06 1.718110e+06 1.712808e+06 1.709140e+06 1.706030e+06 1.703075e+06 1.700088e+06 1.696971e+06 1.652722e+06 1.593037e+06 1.538409e+06 1.487567e+06
1.867738e+06 1.867738e+06 1.867738e+06 1.867738e+06 1.867738e+06 1.867737e+06 1.867736e+06 1.867730e+06 1.867726e+06 1.867721e+06 1.867705e+06 1.867643e+06 1.867379e+06 1.866566e+06 1.864695e+06 1.861215e+06 1.855697e+06 1.803215e+06 1.755986e+06 1.732075e+06 1.720230e+06 1.713606e+06 1.709396e+06 1.704101e+06 1.700483e+06 1.697448e+06 1.694583e+06 1.691699e+06 1.688697e+06 1.646040e+06 1.587621e+06 1.533437e+06 1.483109e+06
1.859065e+06 1.859065e+06 1.859065e+06 1.859065e+06 1.859065e+06 1.859065e+06 1.859064e+06 1.859058e+06 1.859054e+06 1.859049e+06 1.859033e+06 1.858973e+06 1.858711e+06 1.857901e+06 1.856034e+06 1.852557e+06 1.847039e+06 1.794479e+06 1.747094e+06 1.723062e+06 1.711145e+06 1.704484e+06 1.700262e+06 1.694989e+06 1.691431e+06 1.688478e+06 1.685709e+06 1.682932e+06 1.680047e+06 1.638985e+06 1.581895e+06 1.528225e+06 1.478440e+06
