4.026532e+09 3.783712e+09 3.633911e+09 3.102449e+09 2.828674e+09 2.077268e+09 1.763350e+09 1.474695e+09 1.389908e+09 1.325546e+09 1.236859e+09 1.181561e+09 1.145231e+09 1.119729e+09 1.100710e+09 1.085953e+09 1.074314e+09 1.046316e+09 1.047272e+09 1.060906e+09 1.079804e+09 1.101083e+09 1.123822e+09 1.173073e+09 1.227054e+09 1.284417e+09 1.342803e+09 1.399553e+09 1.452253e+09 1.598932e+09 1.359521e+09 1.098253e+09 8.905317e+08
1.661530e+09 1.661531e+09 1.661533e+09 1.661450e+09 1.660732e+09 1.620311e+09 1.541864e+09 1.374891e+09 1.316020e+09 1.268107e+09 1.198862e+09 1.154408e+09 1.124815e+09 1.103840e+09 1.088061e+09 1.075741e+09 1.065998e+09 1.043311e+09 1.046438e+09 1.061012e+09 1.080306e+09 1.101735e+09 1.124519e+09 1.173761e+09 1.227723e+09 1.285077e+09 1.343458e+09 1.400196e+09 1.452873e+09 1.598830e+09 1.358967e+09 1.097637e+09 8.899846e+08
1.380921e+09 1.380921e+09 1.380922e+09 1.380927e+09 1.380876e+09 1.370765e+09 1.342823e+09 1.271205e+09 1.228776e+09 1.196670e+09 1.151963e+09 1.121814e+09 1.100906e+09 1.085606e+09 1.073788e+09 1.064380e+09 1.056863e+09 1.040164e+09 1.045609e+09 1.061151e+09 1.080838e+09 1.102410e+09 1.125232e+09 1.174458e+09 1.228398e+09 1.285743e+09 1.344119e+09 1.400846e+09 1.453498e+09 1.598724e+09 1.358408e+09 1.097018e+09 8.894357e+08
1.220269e+09 1.220269e+09 1.220269e+09 1.220269e+09 1.220251e+09 1.217081e+09 1.200678e+09 1.176992e+09 1.160269e+09 1.139540e+09 1.105677e+09 1.087015e+09 1.074921e+09 1.065755e+09 1.058311e+09 1.052137e+09 1.047086e+09 1.036911e+09 1.044795e+09 1.061322e+09 1.081398e+09 1.103105e+09 1.125958e+09 1.175163e+09 1.229079e+09 1.286416e+09 1.344787e+09 1.401502e+09 1.454129e+09 1.598615e+09 1.357844e+09 1.096396e+09 8.888848e+08
1.109872e+09 1.109872e+09 1.109873e+09 1.109881e+09 1.109896e+09 1.109432e+09 1.104246e+09 1.092813e+09 1.092344e+09 1.088630e+09 1.072202e+09 1.057507e+09 1.049778e+09 1.045639e+09 1.042338e+09 1.039417e+09 1.036918e+09 1.033595e+09 1.044005e+09 1.061529e+09 1.081985e+09 1.103819e+09 1.126697e+09 1.175875e+09 1.229766e+09 1.287094e+09 1.345460e+09 1.402163e+09 1.454765e+09 1.598501e+09 1.357276e+09 1.095771e+09 8.883319e+08
1.043210e+09 1.043211e+09 1.043211e+09 1.043219e+09 1.043241e+09 1.043401e+09 1.041986e+09 1.035810e+09 1.037641e+09 1.041203e+09 1.042545e+09 1.036554e+09 1.030681e+09 1.027708e+09 1.027079e+09 1.026883e+09 1.026745e+09 1.030265e+09 1.043247e+09 1.061769e+09 1.082597e+09 1.104549e+09 1.127446e+09 1.176591e+09 1.230457e+09 1.287777e+09 1.346139e+09 1.402830e+09 1.455405e+09 1.598384e+09 1.356703e+09 1.095143e+09 8.877772e+08
1.002170e+09 1.002170e+09 1.002170e+09 1.002176e+09 1.002190e+09 1.002354e+09 1.002089e+09 9.995974e+08 1.000627e+09 1.004539e+09 1.014216e+09 1.017981e+09 1.016966e+09 1.015225e+09 1.014620e+09 1.015590e+09 1.017169e+09 1.026985e+09 1.042530e+09 1.062041e+09 1.083231e+09 1.105291e+09 1.128202e+09 1.177311e+09 1.231152e+09 1.288465e+09 1.346824e+09 1.403502e+09 1.456051e+09 1.598262e+09 1.356125e+09 1.094511e+09 8.872205e+08
9.752565e+08 9.752565e+08 9.752568e+08 9.752632e+08 9.752813e+08 9.756662e+08 9.762243e+08 9.764101e+08 9.769484e+08 9.794838e+08 9.899174e+08 9.999219e+08 1.004814e+09 1.006158e+09 1.006507e+09 1.007288e+09 1.009113e+09 1.023845e+09 1.041865e+09 1.062345e+09 1.083881e+09 1.106041e+09 1.128962e+09 1.178033e+09 1.231849e+09 1.289157e+09 1.347513e+09 1.404179e+09 1.456701e+09 1.598136e+09 1.355543e+09 1.093876e+09 8.866618e+08
9.595432e+08 9.595433e+08 9.595435e+08 9.595497e+08 9.595675e+08 9.599886e+08 9.606984e+08 9.616659e+08 9.619510e+08 9.632427e+08 9.713446e+08 9.833289e+08 9.928939e+08 9.981971e+08 1.000706e+09 1.002245e+09 1.003944e+09 1.020975e+09 1.041270e+09 1.062679e+09 1.084545e+09 1.106797e+09 1.129723e+09 1.178754e+09 1.232548e+09 1.289853e+09 1.348207e+09 1.404861e+09 1.457356e+09 1.598006e+09 1.354955e+09 1.093238e+09 8.861012e+08
9.515204e+08 9.515204e+08 9.515205e+08 9.515211e+08 9.515198e+08 9.514526e+08 9.515050e+08 9.521097e+08 9.522406e+08 9.527729e+08 9.582036e+08 9.694584e+08 9.814804e+08 9.903759e+08 9.957259e+08 9.988584e+08 1.001160e+09 1.018557e+09 1.040770e+09 1.063042e+09 1.085218e+09 1.107553e+09 1.130481e+09 1.179473e+09 1.233248e+09 1.290551e+09 1.348904e+09 1.405548e+09 1.458015e+09 1.597872e+09 1.354363e+09 1.092597e+09 8.855387e+08
9.436919e+08 9.436920e+08 9.436921e+08 9.436962e+08 9.437083e+08 9.440063e+08 9.445271e+08 9.454908e+08 9.456518e+08 9.458649e+08 9.493173e+08 9.587920e+08 9.713445e+08 9.826863e+08 9.908409e+08 9.960943e+08 9.996034e+08 1.016845e+09 1.040401e+09 1.063439e+09 1.085898e+09 1.108307e+09 1.131233e+09 1.180188e+09 1.233947e+09 1.291252e+09 1.349606e+09 1.406239e+09 1.458678e+09 1.597733e+09 1.353766e+09 1.091953e+09 8.849743e+08
9.133114e+08 9.133114e+08 9.133114e+08 9.133120e+08 9.133134e+08 9.133459e+08 9.134438e+08 9.149232e+08 9.163756e+08 9.182534e+08 9.237379e+08 9.318176e+08 9.418875e+08 9.531318e+08 9.650163e+08 9.771751e+08 9.892359e+08 1.036178e+09 1.058324e+09 1.074453e+09 1.093654e+09 1.115250e+09 1.137863e+09 1.186694e+09 1.240661e+09 1.298232e+09 1.356737e+09 1.413321e+09 1.465488e+09 1.596084e+09 1.347522e+09 1.085334e+09 8.792230e+08
8.471189e+08 8.471189e+08 8.471189e+08 8.471190e+08 8.471191e+08 8.471151e+08 8.472594e+08 8.522147e+08 8.572492e+08 8.634290e+08 8.790309e+08 8.986367e+08 9.203805e+08 9.418615e+08 9.614470e+08 9.785233e+08 9.931819e+08 1.044583e+09 1.078092e+09 1.098480e+09 1.112513e+09 1.126961e+09 1.144843e+09 1.191726e+09 1.246425e+09 1.304820e+09 1.363823e+09 1.420527e+09 1.472469e+09 1.593901e+09 1.340763e+09 1.078389e+09 8.732770e+08
7.767028e+08 7.767028e+08 7.767028e+08 7.767028e+08 7.767028e+08 7.767025e+08 7.769808e+08 7.853002e+08 7.935798e+08 8.034745e+08 8.270964e+08 8.549961e+08 8.848606e+08 9.138703e+08 9.400832e+08 9.626863e+08 9.816615e+08 1.039083e+09 1.072018e+09 1.099208e+09 1.121505e+09 1.140133e+09 1.158026e+09 1.199661e+09 1.252322e+09 1.311219e+09 1.370799e+09 1.427710e+09 1.479454e+09 1.591096e+09 1.333461e+09 1.071112e+09 8.671357e+08
7.055408e+08 7.055408e+08 7.055408e+08 7.055406e+08 7.055400e+08 7.055211e+08 7.057808e+08 7.149728e+08 7.241418e+08 7.350223e+08 7.607466e+08 7.911755e+08 8.242437e+08 8.570581e+08 8.874405e+08 9.143421e+08 9.375577e+08 1.011361e+09 1.050981e+09 1.082671e+09 1.112495e+09 1.140037e+09 1.165115e+09 1.212484e+09 1.263202e+09 1.319414e+09 1.378413e+09 1.435118e+09 1.486470e+09 1.587573e+09 1.325591e+09 1.063499e+09 8.607994e+08
6.224376e+08 6.224376e+08 6.224376e+08 6.224375e+08 6.224371e+08 6.224241e+08 6.226915e+08 6.315849e+08 6.404267e+08 6.509325e+08 6.761433e+08 7.070827e+08 7.421249e+08 7.782278e+08 8.127862e+08 8.443333e+08 8.723611e+08 9.680674e+08 1.022066e+09 1.061559e+09 1.097181e+09 1.131409e+09 1.163922e+09 1.223057e+09 1.278035e+09 1.333132e+09 1.388911e+09 1.443699e+09 1.493920e+09 1.583240e+09 1.317129e+09 1.055546e+09 8.542684e+08
5.418846e+08 5.418846e+08 5.418846e+08 5.418846e+08 5.418843e+08 5.418766e+08 5.421287e+08 5.501291e+08 5.580803e+08 5.675971e+08 5.911645e+08 6.218041e+08 6.583665e+08 6.975805e+08 7.363025e+08 7.725536e+08 8.054624e+08 9.233664e+08 9.934516e+08 1.042970e+09 1.084486e+09 1.123193e+09 1.160475e+09 1.230021e+09 1.292312e+09 1.349736e+09 1.404211e+09 1.455607e+09 1.502790e+09 1.578008e+09 1.308052e+09 1.047249e+09 8.475440e+08
4.704163e+08 4.704163e+08 4.704163e+08 4.704163e+08 4.704161e+08 4.704123e+08 4.706411e+08 4.776561e+08 4.846398e+08 4.930958e+08 5.149457e+08 5.453189e+08 5.834963e+08 6.259163e+08 6.688525e+08 7.097905e+08 7.474883e+08 8.862792e+08 9.711939e+08 1.030626e+09 1.078069e+09 1.120230e+09 1.160133e+09 1.235792e+09 1.304672e+09 1.366192e+09 1.421437e+09 1.471080e+09 1.514873e+09 1.571805e+09 1.298343e+09 1.038607e+09 8.406278e+08
4.101543e+08 4.101543e+08 4.101543e+08 4.101543e+08 4.101542e+08 4.101522e+08 4.103561e+08 4.164867e+08 4.226102e+08 4.301343e+08 4.505539e+08 4.809326e+08 5.209234e+08 5.666457e+08 6.137889e+08 6.593156e+08 7.016286e+08 8.597242e+08 9.575749e+08 1.025696e+09 1.078547e+09 1.123624e+09 1.165007e+09 1.243059e+09 1.315793e+09 1.381181e+09 1.438387e+09 1.487657e+09 1.529261e+09 1.564574e+09 1.287985e+09 1.029620e+09 8.335220e+08
3.604714e+08 3.604714e+08 3.604714e+08 3.604714e+08 3.604713e+08 3.604704e+08 3.606515e+08 3.660356e+08 3.714377e+08 3.781889e+08 3.975011e+08 4.281442e+08 4.700922e+08 5.191369e+08 5.704018e+08 6.203523e+08 6.670589e+08 8.429444e+08 9.520365e+08 1.027474e+09 1.084955e+09 1.132528e+09 1.174880e+09 1.253127e+09 1.326919e+09 1.394642e+09 1.453871e+09 1.503640e+09 1.544029e+09 1.556286e+09 1.276969e+09 1.020290e+09 8.262294e+08
3.195939e+08 3.195939e+08 3.195939e+08 3.195939e+08 3.195939e+08 3.195934e+08 3.197544e+08 3.245181e+08 3.293238e+08 3.354431e+08 3.539174e+08 3.850045e+08 4.289565e+08 4.812443e+08 5.364580e+08 5.906003e+08 6.414357e+08 8.336886e+08 9.526695e+08 1.034275e+09 1.095632e+09 1.145344e+09 1.188464e+09 1.265974e+09 1.338893e+09 1.407112e+09 1.467551e+09 1.517996e+09 1.557826e+09 1.546947e+09 1.265290e+09 1.010620e+09 8.187537e+08
2.857206e+08 2.857206e+08 2.857206e+08 2.857206e+08 2.857206e+08 2.857203e+08 2.858643e+08 2.901116e+08 2.944223e+08 3.000226e+08 3.178611e+08 3.494907e+08 3.954054e+08 4.507727e+08 5.096892e+08 5.677332e+08 6.223907e+08 8.295881e+08 9.573244e+08 1.044194e+09 1.108811e+09 1.160377e+09 1.204215e+09 1.280848e+09 1.351935e+09 1.419150e+09 1.479607e+09 1.530293e+09 1.569766e+09 1.536599e+09 1.252949e+09 1.000615e+09 8.110987e+08
2.573856e+08 2.573856e+08 2.573856e+08 2.573856e+08 2.573856e+08 2.573854e+08 2.575150e+08 2.613300e+08 2.652276e+08 2.703985e+08 2.877492e+08 3.199583e+08 3.677300e+08 4.259507e+08 4.882675e+08 5.498747e+08 6.080074e+08 8.286566e+08 9.641274e+08 1.055549e+09 1.122964e+09 1.176181e+09 1.220764e+09 1.296788e+09 1.365811e+09 1.431072e+09 1.490387e+09 1.540512e+09 1.579393e+09 1.525334e+09 1.239954e+09 9.902808e+08 8.032694e+08
2.334589e+08 2.334589e+08 2.334589e+08 2.334589e+08 2.334589e+08 2.334588e+08 2.335760e+08 2.370256e+08 2.405746e+08 2.453855e+08 2.623505e+08 2.951243e+08 3.445921e+08 4.053859e+08 4.707516e+08 5.355425e+08 5.967728e+08 8.293609e+08 9.716627e+08 1.067086e+09 1.136970e+09 1.191710e+09 1.237099e+09 1.312937e+09 1.380086e+09 1.442932e+09 1.500180e+09 1.548833e+09 1.586576e+09 1.513310e+09 1.226323e+09 9.796273e+08 7.952711e+08
2.130451e+08 2.130451e+08 2.130451e+08 2.130451e+08 2.130451e+08 2.130450e+08 2.131517e+08 2.162893e+08 2.195410e+08 2.240457e+08 2.406925e+08 2.739798e+08 3.249501e+08 3.880125e+08 4.560623e+08 5.236550e+08 5.876117e+08 8.307249e+08 9.790730e+08 1.078058e+09 1.150168e+09 1.206345e+09 1.252601e+09 1.328671e+09 1.394303e+09 1.454594e+09 1.509124e+09 1.555455e+09 1.591366e+09 1.500821e+09 1.212079e+09 9.686649e+08 7.871099e+08
1.954642e+08 1.954642e+08 1.954642e+08 1.954642e+08 1.954642e+08 1.954641e+08 1.955618e+08 1.984313e+08 2.014276e+08 2.056699e+08 2.220500e+08 2.557983e+08 3.080942e+08 3.731520e+08 4.435601e+08 5.136131e+08 5.799636e+08 8.323207e+08 9.859978e+08 1.088154e+09 1.162290e+09 1.219833e+09 1.266996e+09 1.343620e+09 1.408078e+09 1.465821e+09 1.517199e+09 1.560499e+09 1.593873e+09 1.487833e+09 1.197254e+09 9.574066e+08 7.787926e+08
1.802167e+08 1.802167e+08 1.802167e+08 1.802167e+08 1.802167e+08 1.802167e+08 1.803064e+08 1.829435e+08 1.857185e+08 1.897341e+08 2.058891e+08 2.400535e+08 2.935263e+08 3.603479e+08 4.328356e+08 5.050548e+08 5.735096e+08 8.339759e+08 9.923445e+08 1.097337e+09 1.173333e+09 1.232180e+09 1.280260e+09 1.357617e+09 1.421118e+09 1.476331e+09 1.524258e+09 1.563971e+09 1.594179e+09 1.473973e+09 1.181891e+09 9.458675e+08 7.703265e+08
1.668976e+08 1.668976e+08 1.668976e+08 1.668976e+08 1.668975e+08 1.668976e+08 1.669803e+08 1.694145e+08 1.719964e+08 1.758144e+08 1.917766e+08 2.263144e+08 2.808302e+08 3.492105e+08 4.235333e+08 4.976623e+08 5.679722e+08 8.356011e+08 9.981593e+08 1.105736e+09 1.183468e+09 1.243559e+09 1.292533e+09 1.370630e+09 1.433200e+09 1.485821e+09 1.530057e+09 1.565763e+09 1.592297e+09 1.458991e+09 1.166040e+09 9.340647e+08 7.617197e+08
1.551829e+08 1.551829e+08 1.551829e+08 1.551829e+08 1.551829e+08 1.551829e+08 1.552595e+08 1.575153e+08 1.599276e+08 1.635724e+08 1.793683e+08 2.142425e+08 2.696888e+08 3.394572e+08 4.154141e+08 4.912451e+08 5.632101e+08 8.372677e+08 1.003641e+09 1.113611e+09 1.192975e+09 1.254235e+09 1.304025e+09 1.382678e+09 1.444127e+09 1.493971e+09 1.534284e+09 1.565674e+09 1.588163e+09 1.442702e+09 1.149759e+09 9.220174e+08 7.529810e+08
1.448201e+08 1.448201e+08 1.448201e+08 1.448201e+08 1.448201e+08 1.448201e+08 1.448914e+08 1.469897e+08 1.492523e+08 1.527449e+08 1.684011e+08 2.035929e+08 2.598960e+08 3.309361e+08 4.083875e+08 4.857743e+08 5.592523e+08 8.391983e+08 1.009090e+09 1.121285e+09 1.202166e+09 1.264480e+09 1.314940e+09 1.393760e+09 1.453683e+09 1.500427e+09 1.536579e+09 1.563433e+09 1.581644e+09 1.424979e+09 1.133120e+09 9.097469e+08 7.441196e+08
1.356104e+08 1.356104e+08 1.356104e+08 1.356104e+08 1.356104e+08 1.356105e+08 1.356770e+08 1.376353e+08 1.397653e+08 1.431240e+08 1.586684e+08 1.941766e+08 2.512989e+08 3.235427e+08 4.024020e+08 4.812496e+08 5.561452e+08 8.415874e+08 1.014757e+09 1.129025e+09 1.211288e+09 1.274489e+09 1.325392e+09 1.403782e+09 1.461577e+09 1.504792e+09 1.536536e+09 1.558724e+09 1.572561e+09 1.405748e+09 1.116206e+09 8.972762e+08 7.351454e+08
1.273843e+08 1.273843e+08 1.273843e+08 1.273843e+08 1.273843e+08 1.273843e+08 1.274466e+08 1.292799e+08 1.312917e+08 1.345324e+08 1.499911e+08 1.858212e+08 2.437408e+08 3.171426e+08 3.973488e+08 4.775895e+08 5.538337e+08 8.444896e+08 1.020766e+09 1.136977e+09 1.220465e+09 1.284317e+09 1.335340e+09 1.412495e+09 1.467411e+09 1.506602e+09 1.533722e+09 1.551207e+09 1.560710e+09 1.384991e+09 1.099131e+09 8.846303e+08 7.260690e+08
1.200009e+08 1.200009e+08 1.200009e+08 1.200009e+08 1.200009e+08 1.200009e+08 1.200593e+08 1.217804e+08 1.236864e+08 1.268226e+08 1.422174e+08 1.783731e+08 2.370702e+08 3.115913e+08 3.930948e+08 4.746751e+08 5.522155e+08 8.478886e+08 1.027153e+09 1.145176e+09 1.229663e+09 1.293820e+09 1.344516e+09 1.419434e+09 1.470634e+09 1.505320e+09 1.527675e+09 1.540541e+09 1.545887e+09 1.362736e+09 1.081971e+09 8.718359e+08 7.169013e+08
1.133406e+08 1.133406e+08 1.133406e+08 1.133406e+08 1.133406e+08 1.133407e+08 1.133956e+08 1.150159e+08 1.168270e+08 1.198707e+08 1.352221e+08 1.717102e+08 2.311743e+08 3.067897e+08 3.895568e+08 4.724395e+08 5.512394e+08 8.517829e+08 1.033907e+09 1.153519e+09 1.238626e+09 1.302567e+09 1.352336e+09 1.423859e+09 1.470527e+09 1.500341e+09 1.517933e+09 1.526408e+09 1.527915e+09 1.339059e+09 1.064664e+09 8.589212e+08 7.076537e+08
1.073118e+08 1.073118e+08 1.073118e+08 1.073118e+08 1.073118e+08 1.073118e+08 1.073636e+08 1.088928e+08 1.106184e+08 1.135802e+08 1.289073e+08 1.657375e+08 2.259657e+08 3.026612e+08 3.866700e+08 4.708292e+08 5.508605e+08 8.561268e+08 1.040874e+09 1.161628e+09 1.246704e+09 1.309675e+09 1.357773e+09 1.424712e+09 1.466215e+09 1.491020e+09 1.504060e+09 1.508545e+09 1.506670e+09 1.314073e+09 1.047181e+09 8.459162e+08 6.983382e+08
1.018348e+08 1.018348e+08 1.018348e+08 1.018348e+08 1.018348e+08 1.018348e+08 1.018838e+08 1.033302e+08 1.049787e+08 1.078676e+08 1.231865e+08 1.603664e+08 2.213534e+08 2.991122e+08 3.843370e+08 4.697413e+08 5.509688e+08 8.607073e+08 1.047544e+09 1.168576e+09 1.252605e+09 1.313639e+09 1.359267e+09 1.420658e+09 1.456742e+09 1.476749e+09 1.485707e+09 1.486781e+09 1.482109e+09 1.287920e+09 1.029507e+09 8.328524e+08 6.889672e+08
9.683978e+07 9.683978e+07 9.683978e+07 9.683978e+07 9.683978e+07 9.683982e+07 9.688616e+07 9.825739e+07 9.983575e+07 1.026594e+08 1.179808e+08 1.555060e+08 2.172289e+08 2.960119e+08 3.824023e+08 4.689920e+08 5.513463e+08 8.649269e+08 1.052633e+09 1.172465e+09 1.254123e+09 1.312241e+09 1.354786e+09 1.410254e+09 1.441233e+09 1.457067e+09 1.462680e+09 1.461083e+09 1.454295e+09 1.260765e+09 1.011642e+09 8.197633e+08 6.795531e+08
9.226863e+07 9.226863e+07 9.226863e+07 9.226863e+07 9.226863e+07 9.226867e+07 9.231266e+07 9.361513e+07 9.512956e+07 9.789419e+07 1.132227e+08 1.510761e+08 2.134890e+08 2.932182e+08 3.806588e+08 4.682734e+08 5.515410e+08 8.671208e+08 1.053336e+09 1.170061e+09 1.248172e+09 1.302830e+09 1.342197e+09 1.392298e+09 1.419123e+09 1.431793e+09 1.435009e+09 1.431589e+09 1.423416e+09 1.232785e+09 9.935936e+08 8.066854e+08 6.701090e+08
8.807256e+07 8.807256e+07 8.807256e+07 8.807256e+07 8.807256e+07 8.807260e+07 8.811441e+07 8.935382e+07 9.080960e+07 9.351978e+07 1.088466e+08 1.469523e+08 2.098533e+08 2.901613e+08 3.781133e+08 4.660657e+08 5.494515e+08 8.628375e+08 1.044791e+09 1.157234e+09 1.231634e+09 1.283211e+09 1.320038e+09 1.366278e+09 1.390389e+09 1.401137e+09 1.402997e+09 1.398623e+09 1.389788e+09 1.204166e+09 9.753756e+08 7.936618e+08 6.606481e+08
8.421046e+07 8.421046e+07 8.421046e+07 8.421046e+07 8.421046e+07 8.421050e+07 8.425032e+07 8.543130e+07 8.682753e+07 8.945880e+07 1.045159e+08 1.420934e+08 2.041562e+08 2.833648e+08 3.700446e+08 4.566348e+08 5.386291e+08 8.455962e+08 1.022641e+09 1.131512e+09 1.203320e+09 1.252995e+09 1.288401e+09 1.332725e+09 1.355674e+09 1.365731e+09 1.367220e+09 1.362691e+09 1.353846e+09 1.175090e+09 9.570090e+08 7.807371e+08 6.511837e+08
8.064612e+07 8.064612e+07 8.064612e+07 8.064612e+07 8.064612e+07 8.064616e+07 8.068414e+07 8.181073e+07 8.314529e+07 8.566963e+07 1.001662e+08 1.363928e+08 1.962591e+08 2.727032e+08 3.564053e+08 4.400745e+08 5.193585e+08 8.167981e+08 9.889679e+08 1.095194e+09 1.165493e+09 1.214297e+09 1.249214e+09 1.293188e+09 1.316214e+09 1.326563e+09 1.328471e+09 1.324431e+09 1.316107e+09 1.145738e+09 9.385199e+08 7.678980e+08 6.417295e+08
7.734742e+07 7.734742e+07 7.734742e+07 7.734742e+07 7.734742e+07 7.734745e+07 7.738372e+07 7.845981e+07 7.973542e+07 8.215128e+07 9.604121e+07 1.307662e+08 1.881602e+08 2.614578e+08 3.417302e+08 4.219929e+08 4.980773e+08 7.840149e+08 9.503531e+08 1.053664e+09 1.122535e+09 1.170717e+09 1.205470e+09 1.249800e+09 1.273578e+09 1.284820e+09 1.287665e+09 1.284559e+09 1.277138e+09 1.116277e+09 9.199392e+08 7.551340e+08 6.322993e+08
7.428609e+07 7.428609e+07 7.428609e+07 7.428609e+07 7.428609e+07 7.428612e+07 7.432082e+07 7.535007e+07 7.657054e+07 7.888322e+07 9.218671e+07 1.254510e+08 1.804330e+08 2.506520e+08 3.275556e+08 4.044546e+08 4.773576e+08 7.515171e+08 9.114367e+08 1.011271e+09 1.078297e+09 1.125590e+09 1.160031e+09 1.204672e+09 1.229343e+09 1.241697e+09 1.245723e+09 1.243794e+09 1.237503e+09 1.086864e+09 9.013012e+08 7.424419e+08 6.229073e+08
7.143776e+07 7.143776e+07 7.143776e+07 7.143776e+07 7.143776e+07 7.143779e+07 7.147102e+07 7.245670e+07 7.362570e+07 7.584152e+07 8.859141e+07 1.204741e+08 1.731731e+08 2.404766e+08 3.141874e+08 3.878946e+08 4.577730e+08 7.206113e+08 8.741018e+08 9.701972e+08 1.035032e+09 1.081095e+09 1.114932e+09 1.159480e+09 1.184845e+09 1.198251e+09 1.203480e+09 1.202796e+09 1.197730e+09 1.057642e+09 8.826429e+08 7.298218e+08 6.135678e+08
6.878083e+07 6.878083e+07 6.878083e+07 6.878083e+07 6.878083e+07 6.878085e+07 6.881271e+07 6.975784e+07 7.087884e+07 7.300408e+07 8.523482e+07 1.158208e+08 1.663765e+08 2.309424e+08 3.016546e+08 3.723632e+08 4.393989e+08 6.915597e+08 8.388806e+08 9.312428e+08 9.937406e+08 1.038352e+09 1.071340e+09 1.115343e+09 1.141070e+09 1.155313e+09 1.161623e+09 1.162128e+09 1.158276e+09 1.028735e+09 8.640032e+08 7.172759e+08 6.042962e+08
6.629781e+07 6.629781e+07 6.629781e+07 6.629781e+07 6.629781e+07 6.629784e+07 6.632842e+07 6.723562e+07 6.831172e+07 7.035216e+07 8.209641e+07 1.114669e+08 1.600137e+08 2.220136e+08 2.899153e+08 3.578131e+08 4.221841e+08 6.643257e+08 8.058181e+08 8.945832e+08 9.547408e+08 9.978074e+08 1.029798e+09 1.072903e+09 1.098659e+09 1.113475e+09 1.120673e+09 1.122236e+09 1.119516e+09 1.000253e+09 8.454219e+08 7.048078e+08 5.951098e+08
6.397147e+07 6.397147e+07 6.397147e+07 6.397147e+07 6.397147e+07 6.397149e+07 6.400088e+07 6.487260e+07 6.590669e+07 6.786769e+07 7.915600e+07 1.073871e+08 1.540508e+08 2.136457e+08 2.789130e+08 3.441764e+08 4.060495e+08 6.387952e+08 7.748053e+08 8.601542e+08 9.180423e+08 9.595548e+08 9.904829e+08 1.032463e+09 1.057979e+09 1.073116e+09 1.080991e+09 1.083448e+09 1.081738e+09 9.722897e+08 8.269387e+08 6.924219e+08 5.860295e+08
6.178701e+07 6.178701e+07 6.178701e+07 6.178701e+07 6.178701e+07 6.178703e+07 6.181529e+07 6.265370e+07 6.364834e+07 6.553477e+07 7.639521e+07 1.035574e+08 1.484544e+08 2.057928e+08 2.685885e+08 3.313801e+08 3.909093e+08 6.148342e+08 7.456878e+08 8.278084e+08 8.835285e+08 9.235254e+08 9.533811e+08 9.941162e+08 1.019202e+09 1.034451e+09 1.042806e+09 1.045987e+09 1.045147e+09 9.449218e+08 8.085924e+08 6.801238e+08 5.770540e+08
5.972952e+07 5.972952e+07 5.972952e+07 5.972952e+07 5.972952e+07 5.972954e+07 5.975674e+07 6.056382e+07 6.152136e+07 6.333768e+07 7.379590e+07 9.995328e+07 1.431897e+08 1.984072e+08 2.588798e+08 3.193477e+08 3.766735e+08 5.923022e+08 7.183009e+08 7.973759e+08 8.510407e+08 8.895847e+08 9.183914e+08 9.578385e+08 9.823716e+08 9.975737e+08 1.006242e+09 1.009988e+09 1.009881e+09 9.182119e+08 7.904205e+08 6.679196e+08 5.681761e+08
5.778591e+07 5.778591e+07 5.778591e+07 5.778591e+07 5.778591e+07 5.778593e+07 5.781214e+07 5.858972e+07 5.951231e+07 6.126258e+07 7.134180e+07 9.655230e+07 1.382239e+08 1.914427e+08 2.497259e+08 3.080041e+08 3.632533e+08 5.710636e+08 6.924878e+08 7.686929e+08 8.204173e+08 8.575824e+08 8.853814e+08 9.235469e+08 9.474590e+08 9.625002e+08 9.713468e+08 9.755205e+08 9.760176e+08 8.922084e+08 7.724581e+08 6.558158e+08 5.593929e+08
5.594645e+07 5.594645e+07 5.594645e+07 5.594645e+07 5.594645e+07 5.594647e+07 5.597174e+07 5.672144e+07 5.761103e+07 5.929890e+07 6.902001e+07 9.333590e+07 1.335291e+08 1.848598e+08 2.410750e+08 2.972850e+08 3.505732e+08 5.510042e+08 6.681156e+08 7.416172e+08 7.915134e+08 8.273755e+08 8.542160e+08 8.911338e+08 9.143934e+08 9.291967e+08 9.381179e+08 9.426049e+08 9.435914e+08 8.669474e+08 7.547379e+08 6.438195e+08 5.507030e+08
5.420192e+07 5.420192e+07 5.420192e+07 5.420192e+07 5.420192e+07 5.420194e+07 5.422633e+07 5.494979e+07 5.580825e+07 5.743720e+07 6.681978e+07 9.028959e+07 1.290846e+08 1.786297e+08 2.328895e+08 2.871444e+08 3.385790e+08 5.320391e+08 6.450806e+08 7.160330e+08 7.642053e+08 7.988372e+08 8.247686e+08 8.604857e+08 8.830843e+08 8.976000e+08 9.065184e+08 9.112256e+08 9.126033e+08 8.424537e+08 7.372896e+08 6.319381e+08 5.421058e+08
5.254797e+07 5.254797e+07 5.254797e+07 5.254797e+07 5.254797e+07 5.254799e+07 5.257154e+07 5.327023e+07 5.409930e+07 5.567258e+07 6.473511e+07 8.740489e+07 1.248777e+08 1.727345e+08 2.251453e+08 2.775514e+08 3.272335e+08 5.141040e+08 6.232993e+08 6.918429e+08 7.383861e+08 7.718541e+08 7.969235e+08 8.314907e+08 8.534338e+08 8.676317e+08 8.764905e+08 8.813437e+08 8.830300e+08 8.187423e+08 7.201397e+08 6.201790e+08 5.336013e+08
5.098036e+07 5.098036e+07 5.098036e+07 5.098036e+07 5.098036e+07 5.098038e+07 5.100314e+07 5.167837e+07 5.247965e+07 5.400028e+07 6.276010e+07 8.467322e+07 1.208956e+08 1.671555e+08 2.178177e+08 2.684754e+08 3.165000e+08 4.971376e+08 6.026938e+08 6.689572e+08 7.139573e+08 7.463222e+08 7.705731e+08 8.040411e+08 8.253425e+08 8.392059e+08 8.479642e+08 8.529057e+08 8.548322e+08 7.958198e+08 7.033113e+08 6.085499e+08 5.251897e+08
4.949376e+07 4.949376e+07 4.949376e+07 4.949376e+07 4.949376e+07 4.949379e+07 4.951580e+07 5.016885e+07 5.094382e+07 5.241462e+07 6.088799e+07 8.208506e+07 1.171241e+08 1.618729e+08 2.108802e+08 2.598832e+08 3.063391e+08 4.810763e+08 5.831857e+08 6.472882e+08 6.908251e+08 7.221431e+08 7.456162e+08 7.780351e+08 7.987131e+08 8.122346e+08 8.208640e+08 8.258486e+08 8.279596e+08 7.736856e+08 6.868241e+08 5.970583e+08 5.168715e+08
4.808259e+07 4.808259e+07 4.808259e+07 4.808259e+07 4.808259e+07 4.808261e+07 4.810392e+07 4.873600e+07 4.948609e+07 5.090974e+07 5.911184e+07 7.963066e+07 1.135486e+08 1.568658e+08 2.043052e+08 2.517404e+08 2.967098e+08 4.658551e+08 5.646971e+08 6.267506e+08 6.688995e+08 6.992240e+08 7.219581e+08 7.533766e+08 7.734521e+08 7.866310e+08 7.951119e+08 8.001054e+08 8.023553e+08 7.523331e+08 6.706946e+08 5.857116e+08 5.086474e+08
4.674294e+07 4.674294e+07 4.674294e+07 4.674294e+07 4.674294e+07 4.674296e+07 4.676360e+07 4.737580e+07 4.810231e+07 4.948125e+07 5.742597e+07 7.730115e+07 1.101553e+08 1.521139e+08 1.980654e+08 2.440128e+08 2.875718e+08 4.514119e+08 5.471546e+08 6.072647e+08 6.480971e+08 6.774785e+08 6.995105e+08 7.299757e+08 7.494713e+08 7.623110e+08 7.706308e+08 7.756069e+08 7.779593e+08 7.317509e+08 6.549361e+08 5.745169e+08 5.005183e+08
4.547008e+07 4.547008e+07 4.547008e+07 4.547008e+07 4.547008e+07 4.547010e+07 4.549010e+07 4.608346e+07 4.678761e+07 4.812412e+07 5.582442e+07 7.508824e+07 1.069318e+08 1.475999e+08 1.921380e+08 2.366722e+08 2.788916e+08 4.376935e+08 5.304940e+08 5.887595e+08 6.283421e+08 6.568279e+08 6.781926e+08 7.077493e+08 7.266879e+08 7.391947e+08 7.473456e+08 7.522846e+08 7.547101e+08 7.119236e+08 6.395587e+08 5.634812e+08 4.924851e+08
4.425933e+07 4.425933e+07 4.425933e+07 4.425933e+07 4.425933e+07 4.425935e+07 4.427875e+07 4.485422e+07 4.553714e+07 4.683333e+07 5.430136e+07 7.298408e+07 1.038671e+08 1.433085e+08 1.865033e+08 2.296943e+08 2.706404e+08 4.246542e+08 5.146589e+08 5.711716e+08 6.095663e+08 6.372005e+08 6.579302e+08 6.866206e+08 7.050245e+08 7.172064e+08 7.251845e+08 7.300716e+08 7.325467e+08 6.928328e+08 6.245697e+08 5.526109e+08 4.845488e+08
4.310629e+07 4.310629e+07 4.310629e+07 4.310629e+07 4.310629e+07 4.310631e+07 4.312513e+07 4.368358e+07 4.434630e+07 4.560415e+07 5.285129e+07 7.098142e+07 1.009511e+08 1.392259e+08 1.811432e+08 2.230569e+08 2.627921e+08 4.122522e+08 4.995975e+08 5.544427e+08 5.917068e+08 6.185301e+08 6.386546e+08 6.665181e+08 6.844092e+08 6.962753e+08 7.040790e+08 7.089036e+08 7.114096e+08 6.744575e+08 6.099737e+08 5.419121e+08 4.767105e+08
4.200677e+07 4.200677e+07 4.200677e+07 4.200677e+07 4.200677e+07 4.200679e+07 4.202507e+07 4.256735e+07 4.321087e+07 4.443227e+07 5.146924e+07 6.907352e+07 9.817388e+07 1.353386e+08 1.760401e+08 2.167381e+08 2.553208e+08 4.004468e+08 4.852604e+08 5.385174e+08 5.747044e+08 6.007547e+08 6.203021e+08 6.473758e+08 6.647749e+08 6.763350e+08 6.839647e+08 6.887191e+08 6.912411e+08 6.567754e+08 5.957731e+08 5.313902e+08 4.689714e+08
4.095776e+07 4.095776e+07 4.095776e+07 4.095776e+07 4.095776e+07 4.095778e+07 4.097554e+07 4.150244e+07 4.212771e+07 4.331440e+07 5.015121e+07 6.725461e+07 9.552694e+07 1.316341e+08 1.711775e+08 2.107175e+08 2.482024e+08 3.891992e+08 4.716003e+08 5.233433e+08 5.585033e+08 5.838162e+08 6.028128e+08 6.291320e+08 6.460595e+08 6.573236e+08 6.647812e+08 6.694599e+08 6.719862e+08 6.397628e+08 5.819680e+08 5.210503e+08 4.613326e+08
3.995747e+07 3.995747e+07 3.995747e+07 3.995747e+07 3.995747e+07 3.995749e+07 3.997476e+07 4.048692e+07 4.109471e+07 4.224824e+07 4.889406e+07 6.551974e+07 9.300243e+07 1.281012e+08 1.665401e+08 2.049757e+08 2.414137e+08 3.784724e+08 4.585722e+08 5.088711e+08 5.430512e+08 5.676606e+08 5.861315e+08 6.117296e+08 6.282051e+08 6.391835e+08 6.464719e+08 6.510714e+08 6.535927e+08 6.233953e+08 5.685566e+08 5.108966e+08 4.537953e+08
3.900131e+07 3.900131e+07 3.900131e+07 3.900131e+07 3.900131e+07 3.900132e+07 3.901812e+07 3.951624e+07 4.010735e+07 4.122924e+07 4.769277e+07 6.386241e+07 9.059125e+07 1.247272e+08 1.621118e+08 1.994932e+08 2.349317e+08 3.682311e+08 4.461344e+08 4.950552e+08 5.283002e+08 5.522381e+08 5.702070e+08 5.951160e+08 6.111583e+08 6.218613e+08 6.289840e+08 6.335020e+08 6.360110e+08 6.076483e+08 5.555355e+08 5.009330e+08 4.463606e+08
3.808573e+07 3.808573e+07 3.808573e+07 3.808573e+07 3.808573e+07 3.808575e+07 3.810209e+07 3.858683e+07 3.916205e+07 4.025375e+07 4.654315e+07 6.227705e+07 8.828560e+07 1.215017e+08 1.578788e+08 1.942529e+08 2.287365e+08 3.584445e+08 4.342500e+08 4.818547e+08 5.142067e+08 5.375033e+08 5.549926e+08 5.792427e+08 5.948697e+08 6.053072e+08 6.122682e+08 6.167037e+08 6.191946e+08 5.924969e+08 5.428999e+08 4.911626e+08 4.390297e+08
3.720837e+07 3.720837e+07 3.720837e+07 3.720837e+07 3.720837e+07 3.720838e+07 3.722429e+07 3.769623e+07 3.825626e+07 3.931909e+07 4.544202e+07 6.075935e+07 8.607926e+07 1.184159e+08 1.538298e+08 1.892409e+08 2.228115e+08 3.490861e+08 4.228863e+08 4.692329e+08 5.007314e+08 5.234149e+08 5.404454e+08 5.640648e+08 5.792936e+08 5.894752e+08 5.962788e+08 6.006313e+08 6.030998e+08 5.779167e+08 5.306436e+08 4.815878e+08 4.318036e+08
3.636696e+07 3.636696e+07 3.636696e+07 3.636696e+07 3.636696e+07 3.636698e+07 3.638248e+07 3.684216e+07 3.738763e+07 3.842282e+07 4.438647e+07 5.930527e+07 8.396639e+07 1.154617e+08 1.499543e+08 1.844440e+08 2.171413e+08 3.401316e+08 4.120133e+08 4.571563e+08 4.878380e+08 5.099346e+08 5.265260e+08 5.495410e+08 5.643875e+08 5.743227e+08 5.809731e+08 5.852429e+08 5.876856e+08 5.638836e+08 5.187597e+08 4.722105e+08 4.246835e+08
3.555945e+07 3.555945e+07 3.555945e+07 3.555945e+07 3.555945e+07 3.555947e+07 3.557457e+07 3.602248e+07 3.655399e+07 3.756269e+07 4.337379e+07 5.791105e+07 8.194152e+07 1.126314e+08 1.462420e+08 1.798499e+08 2.117112e+08 3.315574e+08 4.016025e+08 4.455930e+08 4.754925e+08 4.970268e+08 5.131974e+08 5.356329e+08 5.501122e+08 5.598098e+08 5.663115e+08 5.704993e+08 5.729135e+08 5.503741e+08 5.072402e+08 4.630321e+08 4.176703e+08
3.478291e+07 3.478291e+07 3.478291e+07 3.478291e+07 3.478291e+07 3.478293e+07 3.479765e+07 3.523430e+07 3.575244e+07 3.673578e+07 4.240078e+07 5.657259e+07 7.999901e+07 1.099175e+08 1.426833e+08 1.754465e+08 2.065070e+08 3.233416e+08 3.916271e+08 4.345132e+08 4.636629e+08 4.846582e+08 5.004251e+08 5.223046e+08 5.364310e+08 5.458996e+08 5.522571e+08 5.563639e+08 5.587477e+08 5.373650e+08 4.960765e+08 4.540532e+08 4.107649e+08
3.403531e+07 3.403531e+07 3.403531e+07 3.403531e+07 3.403531e+07 3.403532e+07 3.404968e+07 3.447556e+07 3.498091e+07 3.593996e+07 4.146496e+07 5.528652e+07 7.813396e+07 1.073130e+08 1.392691e+08 1.712226e+08 2.015155e+08 3.154630e+08 3.820614e+08 4.238885e+08 4.523190e+08 4.727972e+08 4.881769e+08 5.095226e+08 5.233098e+08 5.325579e+08 5.387755e+08 5.428026e+08 5.451545e+08 5.248344e+08 4.852596e+08 4.452740e+08 4.039681e+08
3.331619e+07 3.331619e+07 3.331619e+07 3.331619e+07 3.331619e+07 3.331621e+07 3.333022e+07 3.374572e+07 3.423876e+07 3.517446e+07 4.056507e+07 5.405053e+07 7.634242e+07 1.048120e+08 1.359911e+08 1.671678e+08 1.967242e+08 3.079016e+08 3.728813e+08 4.136922e+08 4.414327e+08 4.614147e+08 4.764228e+08 4.972559e+08 5.107171e+08 5.197525e+08 5.258346e+08 5.297835e+08 5.321026e+08 5.127609e+08 4.747799e+08 4.366941e+08 3.972807e+08
3.262385e+07 3.262385e+07 3.262385e+07 3.262385e+07 3.262385e+07 3.262386e+07 3.263753e+07 3.304303e+07 3.352423e+07 3.443748e+07 3.969899e+07 5.286166e+07 7.462010e+07 1.024085e+08 1.328415e+08 1.632722e+08 1.921215e+08 3.006390e+08 3.640645e+08 4.038998e+08 4.309779e+08 4.504836e+08 4.651348e+08 4.854757e+08 4.986233e+08 5.074538e+08 5.134047e+08 5.172770e+08 5.195626e+08 5.011238e+08 4.646279e+08 4.283126e+08 3.907032e+08
3.195571e+07 3.195571e+07 3.195571e+07 3.195571e+07 3.195571e+07 3.195573e+07 3.196907e+07 3.236500e+07 3.283483e+07 3.372654e+07 3.886404e+07 5.171659e+07 7.296245e+07 1.000962e+08 1.298125e+08 1.595264e+08 1.876962e+08 2.936583e+08 3.555907e+08 3.944890e+08 4.209308e+08 4.399791e+08 4.542876e+08 4.741553e+08 4.870013e+08 4.956342e+08 5.014580e+08 5.052554e+08 5.075072e+08 4.899034e+08 4.547934e+08 4.201281e+08 3.842361e+08
3.131079e+07 3.131079e+07 3.131079e+07 3.131079e+07 3.131079e+07 3.131081e+07 3.132385e+07 3.171057e+07 3.216949e+07 3.304050e+07 3.805877e+07 5.061317e+07 7.136623e+07 9.787070e+07 1.268978e+08 1.559226e+08 1.834392e+08 2.869446e+08 3.474419e+08 3.854395e+08 4.112698e+08 4.298783e+08 4.438573e+08 4.632700e+08 4.758256e+08 4.842679e+08 4.899687e+08 4.936929e+08 4.959105e+08 4.790811e+08 4.452667e+08 4.121391e+08 3.778797e+08
3.068875e+07 3.068875e+07 3.068875e+07 3.068875e+07 3.068875e+07 3.068876e+07 3.070150e+07 3.107934e+07 3.152773e+07 3.237878e+07 3.728230e+07 4.954984e+07 6.982883e+07 9.572792e+07 1.240921e+08 1.524541e+08 1.793423e+08 2.804846e+08 3.396016e+08 3.767328e+08 4.019749e+08 4.201603e+08 4.338222e+08 4.527968e+08 4.650726e+08 4.733308e+08 4.789125e+08 4.825653e+08 4.847488e+08 4.686387e+08 4.360376e+08 4.043433e+08 3.716344e+08
3.008803e+07 3.008803e+07 3.008803e+07 3.008803e+07 3.008803e+07 3.008804e+07 3.010049e+07 3.046976e+07 3.090799e+07 3.173981e+07 3.653287e+07 4.852431e+07 6.834706e+07 9.366355e+07 1.213897e+08 1.491139e+08 1.753974e+08 2.742656e+08 3.320540e+08 3.683514e+08 3.930272e+08 4.108052e+08 4.241617e+08 4.427142e+08 4.547201e+08 4.628007e+08 4.682669e+08 4.718500e+08 4.739996e+08 4.585591e+08 4.270962e+08 3.967382e+08 3.655002e+08
2.950697e+07 2.950697e+07 2.950697e+07 2.950697e+07 2.950697e+07 2.950698e+07 2.951915e+07 2.988018e+07 3.030864e+07 3.112197e+07 3.580869e+07 4.753434e+07 6.691782e+07 9.167339e+07 1.187853e+08 1.458953e+08 1.715966e+08 2.682752e+08 3.247843e+08 3.602786e+08 3.844088e+08 4.017943e+08 4.148565e+08 4.330021e+08 4.447475e+08 4.526564e+08 4.580108e+08 4.615260e+08 4.636419e+08 4.488260e+08 4.184327e+08 3.893212e+08 3.594770e+08
2.894470e+07 2.894470e+07 2.894470e+07 2.894470e+07 2.894470e+07 2.894472e+07 2.895662e+07 2.930972e+07 2.972877e+07 3.052428e+07 3.510856e+07 4.657815e+07 6.553847e+07 8.975368e+07 1.162738e+08 1.427922e+08 1.679326e+08 2.625017e+08 3.177781e+08 3.524984e+08 3.761028e+08 3.931099e+08 4.058882e+08 4.236413e+08 4.351354e+08 4.428783e+08 4.481245e+08 4.515735e+08 4.536560e+08 4.394238e+08 4.100374e+08 3.820893e+08 3.535647e+08
2.840058e+07 2.840058e+07 2.840058e+07 2.840058e+07 2.840058e+07 2.840059e+07 2.841223e+07 2.875766e+07 2.916763e+07 2.994594e+07 3.443144e+07 4.565417e+07 6.420658e+07 8.790091e+07 1.138507e+08 1.397987e+08 1.643984e+08 2.569339e+08 3.110218e+08 3.449957e+08 3.680930e+08 3.847351e+08 3.972396e+08 4.146140e+08 4.258655e+08 4.334481e+08 4.385894e+08 4.419740e+08 4.440236e+08 4.303378e+08 4.019008e+08 3.750391e+08 3.477630e+08
2.787353e+07 2.787353e+07 2.787353e+07 2.787353e+07 2.787353e+07 2.787354e+07 2.788494e+07 2.822296e+07 2.862415e+07 2.938586e+07 3.377607e+07 4.476069e+07 6.291962e+07 8.611151e+07 1.115111e+08 1.369089e+08 1.609871e+08 2.515608e+08 3.045021e+08 3.377560e+08 3.603641e+08 3.766540e+08 3.888945e+08 4.059035e+08 4.169208e+08 4.243485e+08 4.293882e+08 4.327101e+08 4.347272e+08 4.215540e+08 3.940136e+08 3.681674e+08 3.420714e+08
2.736250e+07 2.736250e+07 2.736250e+07 2.736250e+07 2.736250e+07 2.736251e+07 2.737366e+07 2.770455e+07 2.809729e+07 2.884300e+07 3.314125e+07 4.389604e+07 6.167518e+07 8.438207e+07 1.092505e+08 1.341173e+08 1.576921e+08 2.463722e+08 2.982069e+08 3.307659e+08 3.529019e+08 3.688521e+08 3.808378e+08 3.974942e+08 4.082855e+08 4.155634e+08 4.205046e+08 4.237657e+08 4.257508e+08 4.130590e+08 3.863668e+08 3.614704e+08 3.364893e+08
2.686701e+07 2.686701e+07 2.686701e+07 2.686701e+07 2.686701e+07 2.686703e+07 2.687795e+07 2.720195e+07 2.758654e+07 2.831681e+07 3.252627e+07 4.305911e+07 6.047144e+07 8.270992e+07 1.070654e+08 1.314193e+08 1.545079e+08 2.413592e+08 2.921252e+08 3.240134e+08 3.456937e+08 3.613160e+08 3.730557e+08 3.893717e+08 3.999446e+08 4.070778e+08 4.119237e+08 4.151254e+08 4.170791e+08 4.048402e+08 3.789515e+08 3.549445e+08 3.310161e+08
2.638714e+07 2.638714e+07 2.638714e+07 2.638714e+07 2.638714e+07 2.638716e+07 2.639785e+07 2.671519e+07 2.709187e+07 2.780719e+07 3.193081e+07 4.224915e+07 5.930701e+07 8.109286e+07 1.049527e+08 1.288110e+08 1.514297e+08 2.365140e+08 2.862476e+08 3.174877e+08 3.387278e+08 3.540332e+08 3.655354e+08 3.815226e+08 3.918844e+08 3.988774e+08 4.036309e+08 4.067750e+08 4.086978e+08 3.968857e+08 3.717593e+08 3.485858e+08 3.256509e+08
2.592210e+07 2.592210e+07 2.592210e+07 2.592210e+07 2.592210e+07 2.592212e+07 2.593260e+07 2.624347e+07 2.661250e+07 2.731336e+07 3.135396e+07 4.146491e+07 5.818011e+07 7.952841e+07 1.029091e+08 1.262883e+08 1.484529e+08 2.318292e+08 2.805649e+08 3.111786e+08 3.319932e+08 3.469925e+08 3.582649e+08 3.739342e+08 3.840918e+08 3.909492e+08 3.956131e+08 3.987010e+08 4.005935e+08 3.891839e+08 3.647818e+08 3.423905e+08 3.203928e+08
2.547092e+07 2.547092e+07 2.547092e+07 2.547092e+07 2.547092e+07 2.547093e+07 2.548120e+07 2.578583e+07 2.614747e+07 2.683435e+07 3.079470e+07 4.070514e+07 5.708900e+07 7.801422e+07 1.009316e+08 1.238476e+08 1.455731e+08 2.272979e+08 2.750686e+08 3.050766e+08 3.254797e+08 3.401828e+08 3.512331e+08 3.665948e+08 3.765547e+08 3.832807e+08 3.878576e+08 3.908908e+08 3.927535e+08 3.817241e+08 3.580112e+08 3.363546e+08 3.152408e+08
2.503291e+07 2.503291e+07 2.503291e+07 2.503291e+07 2.503291e+07 2.503292e+07 2.504299e+07 2.534159e+07 2.569609e+07 2.636945e+07 3.025219e+07 3.996869e+07 5.603206e+07 7.654805e+07 9.901726e+07 1.214852e+08 1.427859e+08 2.229132e+08 2.697505e+08 2.991725e+08 3.191774e+08 3.335941e+08 3.444293e+08 3.594932e+08 3.692616e+08 3.758601e+08 3.803525e+08 3.833325e+08 3.851659e+08 3.744962e+08 3.514397e+08 3.304741e+08 3.101938e+08
2.460766e+07 2.460766e+07 2.460766e+07 2.460766e+07 2.460766e+07 2.460767e+07 2.461754e+07 2.491031e+07 2.525790e+07 2.591818e+07 2.972582e+07 3.925464e+07 5.500789e+07 7.512787e+07 9.716343e+07 1.191978e+08 1.400875e+08 2.186688e+08 2.646028e+08 2.934576e+08 3.130771e+08 3.272163e+08 3.378433e+08 3.526186e+08 3.622014e+08 3.686763e+08 3.730867e+08 3.760148e+08 3.778195e+08 3.674902e+08 3.450598e+08 3.247450e+08 3.052504e+08
2.419465e+07 2.419465e+07 2.419465e+07 2.419465e+07 2.419465e+07 2.419466e+07 2.420434e+07 2.449146e+07 2.483234e+07 2.547997e+07 2.921490e+07 3.856204e+07 5.401507e+07 7.375169e+07 9.536744e+07 1.169820e+08 1.374738e+08 2.145585e+08 2.596179e+08 2.879234e+08 3.071697e+08 3.210401e+08 3.314654e+08 3.459611e+08 3.553639e+08 3.617189e+08 3.660495e+08 3.689271e+08 3.707037e+08 3.606971e+08 3.388645e+08 3.191634e+08 3.004094e+08
2.379341e+07 2.379341e+07 2.379341e+07 2.379341e+07 2.379341e+07 2.379342e+07 2.380291e+07 2.408455e+07 2.441895e+07 2.505432e+07 2.871882e+07 3.789001e+07 5.305228e+07 7.241761e+07 9.362676e+07 1.148348e+08 1.349412e+08 2.105763e+08 2.547884e+08 2.825619e+08 3.014465e+08 3.150565e+08 3.252862e+08 3.395109e+08 3.487391e+08 3.549778e+08 3.592309e+08 3.620593e+08 3.638083e+08 3.541080e+08 3.328468e+08 3.137252e+08 2.956694e+08
2.340348e+07 2.340348e+07 2.340348e+07 2.340348e+07 2.340348e+07 2.340349e+07 2.341281e+07 2.368914e+07 2.401726e+07 2.464075e+07 2.823702e+07 3.723771e+07 5.211825e+07 7.112381e+07 9.193898e+07 1.127531e+08 1.324860e+08 2.067164e+08 2.501075e+08 2.773652e+08 2.958993e+08 3.092568e+08 3.192970e+08 3.332589e+08 3.423179e+08 3.484436e+08 3.526216e+08 3.554020e+08 3.571241e+08 3.477147e+08 3.270002e+08 3.084265e+08 2.910290e+08
