1.650719e+08 8.657590e+07 6.483882e+07 3.214420e+07 2.425074e+07 1.463818e+07 1.323908e+07 1.255054e+07 1.236786e+07 1.221581e+07 1.196803e+07 1.177637e+07 1.162693e+07 1.150472e+07 1.139323e+07 1.127608e+07 1.113847e+07 9.850007e+06 7.782033e+06 5.913709e+06 4.627852e+06 3.804360e+06 3.269369e+06 2.647465e+06 2.302297e+06 2.077063e+06 1.912659e+06 1.783984e+06 1.679167e+06 1.254339e+06 1.303690e+06 1.441462e+06 1.551226e+06
1.268956e+07 1.268959e+07 1.268970e+07 1.269188e+07 1.269518e+07 1.264550e+07 1.260616e+07 1.229457e+07 1.218165e+07 1.206826e+07 1.186249e+07 1.169532e+07 1.156314e+07 1.145388e+07 1.135215e+07 1.124221e+07 1.110974e+07 9.828869e+06 7.760842e+06 5.894967e+06 4.612671e+06 3.792339e+06 3.259761e+06 2.640890e+06 2.297337e+06 2.073027e+06 1.909209e+06 1.780946e+06 1.676450e+06 1.253515e+06 1.303731e+06 1.441776e+06 1.551552e+06
1.236993e+07 1.236994e+07 1.236996e+07 1.237043e+07 1.237133e+07 1.233159e+07 1.226128e+07 1.212730e+07 1.196416e+07 1.185567e+07 1.170724e+07 1.158237e+07 1.147873e+07 1.138935e+07 1.130168e+07 1.120162e+07 1.107593e+07 9.805038e+06 7.737573e+06 5.874798e+06 4.596563e+06 3.779709e+06 3.249739e+06 2.634094e+06 2.292239e+06 2.068895e+06 1.905686e+06 1.777852e+06 1.673689e+06 1.252686e+06 1.303774e+06 1.442092e+06 1.551880e+06
1.207522e+07 1.207522e+07 1.207523e+07 1.207542e+07 1.207581e+07 1.206550e+07 1.197368e+07 1.194300e+07 1.187743e+07 1.175886e+07 1.155227e+07 1.144785e+07 1.137625e+07 1.131182e+07 1.124198e+07 1.115429e+07 1.103695e+07 9.778319e+06 7.712105e+06 5.853146e+06 4.579503e+06 3.766460e+06 3.239297e+06 2.627076e+06 2.287002e+06 2.064666e+06 1.902091e+06 1.774701e+06 1.670882e+06 1.251855e+06 1.303820e+06 1.442410e+06 1.552208e+06
1.178497e+07 1.178497e+07 1.178498e+07 1.178509e+07 1.178534e+07 1.178321e+07 1.173844e+07 1.164611e+07 1.165805e+07 1.163650e+07 1.149137e+07 1.135102e+07 1.127504e+07 1.122864e+07 1.117613e+07 1.110154e+07 1.099333e+07 9.748517e+06 7.684312e+06 5.829956e+06 4.561470e+06 3.752582e+06 3.228432e+06 2.619835e+06 2.281627e+06 2.060340e+06 1.898422e+06 1.771494e+06 1.668031e+06 1.251019e+06 1.303867e+06 1.442731e+06 1.552538e+06
1.153540e+07 1.153540e+07 1.153541e+07 1.153549e+07 1.153570e+07 1.153658e+07 1.151821e+07 1.141988e+07 1.141785e+07 1.143635e+07 1.141525e+07 1.131758e+07 1.122384e+07 1.116085e+07 1.111328e+07 1.104766e+07 1.094710e+07 9.715493e+06 7.654072e+06 5.805175e+06 4.542441e+06 3.738068e+06 3.217140e+06 2.612371e+06 2.276112e+06 2.055916e+06 1.894681e+06 1.768229e+06 1.665133e+06 1.250179e+06 1.303917e+06 1.443053e+06 1.552869e+06
1.133557e+07 1.133557e+07 1.133557e+07 1.133564e+07 1.133582e+07 1.133800e+07 1.133227e+07 1.126224e+07 1.124050e+07 1.125067e+07 1.129528e+07 1.127856e+07 1.121343e+07 1.114135e+07 1.107347e+07 1.100182e+07 1.090285e+07 9.679268e+06 7.621282e+06 5.778757e+06 4.522400e+06 3.722910e+06 3.205418e+06 2.604681e+06 2.270457e+06 2.051395e+06 1.890866e+06 1.764907e+06 1.662191e+06 1.249336e+06 1.303969e+06 1.443378e+06 1.553201e+06
1.118449e+07 1.118449e+07 1.118449e+07 1.118455e+07 1.118470e+07 1.118750e+07 1.118809e+07 1.114865e+07 1.112328e+07 1.111922e+07 1.117069e+07 1.121535e+07 1.120214e+07 1.114751e+07 1.107250e+07 1.098149e+07 1.086905e+07 9.640140e+06 7.585877e+06 5.750664e+06 4.501331e+06 3.707103e+06 3.193264e+06 2.596766e+06 2.264662e+06 2.046774e+06 1.886977e+06 1.761528e+06 1.659203e+06 1.248489e+06 1.304024e+06 1.443705e+06 1.553535e+06
1.107795e+07 1.107795e+07 1.107795e+07 1.107800e+07 1.107815e+07 1.108121e+07 1.108516e+07 1.106889e+07 1.104964e+07 1.103942e+07 1.107496e+07 1.114376e+07 1.117657e+07 1.115390e+07 1.108763e+07 1.098886e+07 1.085939e+07 9.598820e+06 7.547850e+06 5.720873e+06 4.479227e+06 3.690645e+06 3.180677e+06 2.588626e+06 2.258725e+06 2.042056e+06 1.883015e+06 1.758092e+06 1.656169e+06 1.247639e+06 1.304081e+06 1.444034e+06 1.553870e+06
1.101109e+07 1.101109e+07 1.101109e+07 1.101114e+07 1.101128e+07 1.101446e+07 1.102032e+07 1.101976e+07 1.100924e+07 1.099988e+07 1.101873e+07 1.108447e+07 1.114194e+07 1.115005e+07 1.110202e+07 1.100576e+07 1.086770e+07 9.556557e+06 7.507284e+06 5.689382e+06 4.456084e+06 3.673535e+06 3.167658e+06 2.580260e+06 2.252649e+06 2.037238e+06 1.878978e+06 1.754598e+06 1.653089e+06 1.246785e+06 1.304140e+06 1.444366e+06 1.554206e+06
1.097973e+07 1.097973e+07 1.097973e+07 1.097978e+07 1.097990e+07 1.098307e+07 1.098998e+07 1.099962e+07 1.099696e+07 1.099163e+07 1.099934e+07 1.104886e+07 1.110928e+07 1.113623e+07 1.110712e+07 1.102011e+07 1.088068e+07 9.515330e+06 7.464371e+06 5.656215e+06 4.431910e+06 3.655776e+06 3.154210e+06 2.571670e+06 2.246431e+06 2.032322e+06 1.874868e+06 1.751046e+06 1.649964e+06 1.245928e+06 1.304202e+06 1.444699e+06 1.554543e+06
1.111546e+07 1.111546e+07 1.111546e+07 1.111547e+07 1.111549e+07 1.111550e+07 1.111410e+07 1.110671e+07 1.109950e+07 1.108891e+07 1.105539e+07 1.100373e+07 1.093495e+07 1.085139e+07 1.075275e+07 1.063400e+07 1.048647e+07 9.092329e+06 7.005244e+06 5.268919e+06 4.144321e+06 3.446882e+06 2.998117e+06 2.473975e+06 2.176683e+06 1.977769e+06 1.829695e+06 1.712363e+06 1.616209e+06 1.237186e+06 1.304959e+06 1.448158e+06 1.557987e+06
1.002307e+07 1.002307e+07 1.002307e+07 1.002307e+07 1.002306e+07 1.002281e+07 1.002175e+07 1.001529e+07 1.000899e+07 1.000036e+07 9.975647e+06 9.939471e+06 9.888023e+06 9.815723e+06 9.716914e+06 9.587157e+06 9.423592e+06 8.100327e+06 6.330151e+06 4.838655e+06 3.845114e+06 3.221807e+06 2.822138e+06 2.359770e+06 2.094738e+06 1.914000e+06 1.777393e+06 1.668079e+06 1.578015e+06 1.228201e+06 1.305996e+06 1.451848e+06 1.561559e+06
8.392199e+06 8.392199e+06 8.392199e+06 8.392197e+06 8.392190e+06 8.391952e+06 8.391154e+06 8.387598e+06 8.384693e+06 8.380932e+06 8.370408e+06 8.354394e+06 8.329338e+06 8.289814e+06 8.229607e+06 8.142948e+06 8.025407e+06 6.959908e+06 5.511314e+06 4.316763e+06 3.517574e+06 3.001827e+06 2.658879e+06 2.245184e+06 2.005933e+06 1.843168e+06 1.718995e+06 1.618785e+06 1.535777e+06 1.219075e+06 1.307345e+06 1.455778e+06 1.565259e+06
6.972246e+06 6.972246e+06 6.972246e+06 6.972246e+06 6.972244e+06 6.972173e+06 6.971907e+06 6.970656e+06 6.969630e+06 6.968309e+06 6.964594e+06 6.958447e+06 6.947101e+06 6.926105e+06 6.890198e+06 6.834266e+06 6.754055e+06 5.950012e+06 4.788930e+06 3.822773e+06 3.182080e+06 2.769507e+06 2.490517e+06 2.137824e+06 1.920393e+06 1.769759e+06 1.656681e+06 1.565708e+06 1.490275e+06 1.209926e+06 1.309043e+06 1.459956e+06 1.569086e+06
5.954089e+06 5.954089e+06 5.954089e+06 5.954089e+06 5.954089e+06 5.954074e+06 5.954008e+06 5.953629e+06 5.953281e+06 5.952808e+06 5.951341e+06 5.948383e+06 5.941685e+06 5.927605e+06 5.901830e+06 5.860140e+06 5.798983e+06 5.162755e+06 4.216182e+06 3.415768e+06 2.883996e+06 2.544787e+06 2.317450e+06 2.026328e+06 1.837273e+06 1.699765e+06 1.594242e+06 1.510882e+06 1.442770e+06 1.200890e+06 1.311125e+06 1.464388e+06 1.573040e+06
5.220812e+06 5.220812e+06 5.220812e+06 5.220811e+06 5.220811e+06 5.220794e+06 5.220728e+06 5.220407e+06 5.220134e+06 5.219774e+06 5.218678e+06 5.216420e+06 5.211103e+06 5.199651e+06 5.178423e+06 5.143865e+06 5.092993e+06 4.561273e+06 3.765129e+06 3.085952e+06 2.631659e+06 2.342362e+06 2.150782e+06 1.909546e+06 1.750758e+06 1.630333e+06 1.534624e+06 1.457441e+06 1.395081e+06 1.192117e+06 1.313626e+06 1.469080e+06 1.577118e+06
4.654337e+06 4.654337e+06 4.654337e+06 4.654336e+06 4.654335e+06 4.654296e+06 4.654166e+06 4.653621e+06 4.653204e+06 4.652690e+06 4.651298e+06 4.648884e+06 4.643831e+06 4.633498e+06 4.614748e+06 4.584526e+06 4.540276e+06 4.081102e+06 3.395518e+06 2.809263e+06 2.414986e+06 2.162981e+06 1.996830e+06 1.792208e+06 1.660487e+06 1.558858e+06 1.475398e+06 1.406337e+06 1.349640e+06 1.183776e+06 1.316581e+06 1.474038e+06 1.581319e+06
4.172178e+06 4.172178e+06 4.172178e+06 4.172178e+06 4.172178e+06 4.172154e+06 4.172076e+06 4.171749e+06 4.171492e+06 4.171168e+06 4.170241e+06 4.168452e+06 4.164371e+06 4.155672e+06 4.139604e+06 4.113497e+06 4.075122e+06 3.675603e+06 3.078908e+06 2.568272e+06 2.223767e+06 2.002577e+06 1.856547e+06 1.679238e+06 1.569242e+06 1.485488e+06 1.415466e+06 1.356034e+06 1.306321e+06 1.176052e+06 1.320025e+06 1.479266e+06 1.585639e+06
3.756489e+06 3.756489e+06 3.756489e+06 3.756489e+06 3.756488e+06 3.756467e+06 3.756397e+06 3.756108e+06 3.755885e+06 3.755609e+06 3.754841e+06 3.753366e+06 3.749936e+06 3.742510e+06 3.728666e+06 3.706052e+06 3.672701e+06 3.323845e+06 2.801659e+06 2.354471e+06 2.052379e+06 1.857856e+06 1.729066e+06 1.573619e+06 1.480462e+06 1.412036e+06 1.355146e+06 1.306091e+06 1.264292e+06 1.169145e+06 1.323992e+06 1.484764e+06 1.590074e+06
3.394596e+06 3.394596e+06 3.394596e+06 3.394596e+06 3.394596e+06 3.394587e+06 3.394558e+06 3.394432e+06 3.394331e+06 3.394202e+06 3.393804e+06 3.392842e+06 3.390201e+06 3.384067e+06 3.372292e+06 3.352788e+06 3.323811e+06 3.017962e+06 2.558398e+06 2.164561e+06 1.898550e+06 1.727170e+06 1.613536e+06 1.476684e+06 1.396807e+06 1.340817e+06 1.295667e+06 1.256843e+06 1.223400e+06 1.163277e+06 1.328515e+06 1.490536e+06 1.594620e+06
3.086815e+06 3.086815e+06 3.086815e+06 3.086815e+06 3.086815e+06 3.086806e+06 3.086776e+06 3.086651e+06 3.086557e+06 3.086441e+06 3.086098e+06 3.085276e+06 3.082990e+06 3.077629e+06 3.067285e+06 3.050100e+06 3.024519e+06 2.753735e+06 2.346173e+06 1.996899e+06 1.761302e+06 1.609773e+06 1.509406e+06 1.388842e+06 1.319867e+06 1.273818e+06 1.238581e+06 1.209139e+06 1.183940e+06 1.158683e+06 1.333627e+06 1.496581e+06 1.599272e+06
2.821764e+06 2.821764e+06 2.821764e+06 2.821764e+06 2.821763e+06 2.821761e+06 2.821752e+06 2.821704e+06 2.821663e+06 2.821609e+06 2.821418e+06 2.820819e+06 2.818928e+06 2.814299e+06 2.805222e+06 2.790031e+06 2.767332e+06 2.525910e+06 2.161801e+06 1.849810e+06 1.639767e+06 1.505118e+06 1.416252e+06 1.310067e+06 1.250396e+06 1.212405e+06 1.185310e+06 1.164033e+06 1.146506e+06 1.155622e+06 1.339361e+06 1.502897e+06 1.604024e+06
2.594958e+06 2.594958e+06 2.594958e+06 2.594958e+06 2.594958e+06 2.594957e+06 2.594953e+06 2.594928e+06 2.594906e+06 2.594875e+06 2.594750e+06 2.594271e+06 2.592641e+06 2.588557e+06 2.580476e+06 2.566896e+06 2.546558e+06 2.329613e+06 2.001994e+06 1.721376e+06 1.532886e+06 1.412579e+06 1.333629e+06 1.240141e+06 1.188637e+06 1.157364e+06 1.136925e+06 1.122531e+06 1.111823e+06 1.154388e+06 1.345747e+06 1.509484e+06 1.608870e+06
2.400545e+06 2.400545e+06 2.400545e+06 2.400545e+06 2.400545e+06 2.400543e+06 2.400536e+06 2.400504e+06 2.400478e+06 2.400445e+06 2.400325e+06 2.399890e+06 2.398420e+06 2.394736e+06 2.387437e+06 2.375161e+06 2.356768e+06 2.160367e+06 1.863631e+06 1.609648e+06 1.439496e+06 1.331442e+06 1.261054e+06 1.178775e+06 1.134560e+06 1.109057e+06 1.094123e+06 1.085446e+06 1.080604e+06 1.155363e+06 1.352819e+06 1.516338e+06 1.613802e+06
2.231961e+06 2.231961e+06 2.231961e+06 2.231961e+06 2.231961e+06 2.231961e+06 2.231960e+06 2.231955e+06 2.231949e+06 2.231941e+06 2.231886e+06 2.231559e+06 2.230301e+06 2.227034e+06 2.220478e+06 2.209389e+06 2.192723e+06 2.014108e+06 1.743914e+06 1.512837e+06 1.358472e+06 1.260994e+06 1.198041e+06 1.125669e+06 1.088011e+06 1.067585e+06 1.057292e+06 1.053351e+06 1.053449e+06 1.158664e+06 1.360608e+06 1.523454e+06 1.618814e+06
2.087317e+06 2.087317e+06 2.087317e+06 2.087317e+06 2.087317e+06 2.087317e+06 2.087317e+06 2.087317e+06 2.087316e+06 2.087313e+06 2.087278e+06 2.086997e+06 2.085866e+06 2.082897e+06 2.076915e+06 2.066778e+06 2.051530e+06 1.887984e+06 1.640655e+06 1.429451e+06 1.288832e+06 1.200579e+06 1.144134e+06 1.080537e+06 1.048794e+06 1.032901e+06 1.026595e+06 1.026601e+06 1.030809e+06 1.164123e+06 1.369149e+06 1.530829e+06 1.623897e+06
1.962732e+06 1.962732e+06 1.962732e+06 1.962732e+06 1.962732e+06 1.962733e+06 1.962734e+06 1.962735e+06 1.962735e+06 1.962734e+06 1.962705e+06 1.962451e+06 1.961418e+06 1.958693e+06 1.953196e+06 1.943875e+06 1.929847e+06 1.779378e+06 1.552023e+06 1.358261e+06 1.229743e+06 1.149621e+06 1.098917e+06 1.043113e+06 1.016698e+06 1.004883e+06 1.002053e+06 1.005373e+06 1.012980e+06 1.171628e+06 1.378476e+06 1.538457e+06 1.629044e+06
1.854837e+06 1.854837e+06 1.854837e+06 1.854837e+06 1.854838e+06 1.854840e+06 1.854846e+06 1.854868e+06 1.854883e+06 1.854901e+06 1.854920e+06 1.854743e+06 1.853853e+06 1.851404e+06 1.846396e+06 1.837851e+06 1.824955e+06 1.686202e+06 1.476560e+06 1.298278e+06 1.180516e+06 1.107621e+06 1.062015e+06 1.013144e+06 9.915159e+05 9.833691e+05 9.835928e+05 9.897166e+05 1.000121e+06 1.181081e+06 1.388630e+06 1.546333e+06 1.634245e+06
1.763317e+06 1.763317e+06 1.763317e+06 1.763317e+06 1.763317e+06 1.763320e+06 1.763330e+06 1.763366e+06 1.763392e+06 1.763422e+06 1.763470e+06 1.763340e+06 1.762552e+06 1.760317e+06 1.755703e+06 1.747805e+06 1.735863e+06 1.607263e+06 1.413239e+06 1.248723e+06 1.140566e+06 1.074128e+06 1.033072e+06 9.903781e+05 9.730323e+05 9.681729e+05 9.710852e+05 9.795877e+05 9.922838e+05 1.192390e+06 1.399655e+06 1.554450e+06 1.639492e+06
1.686811e+06 1.686811e+06 1.686811e+06 1.686811e+06 1.686811e+06 1.686813e+06 1.686821e+06 1.686849e+06 1.686868e+06 1.686891e+06 1.686926e+06 1.686795e+06 1.686052e+06 1.683959e+06 1.679647e+06 1.672272e+06 1.661127e+06 1.541324e+06 1.361111e+06 1.208883e+06 1.109342e+06 1.048707e+06 1.011730e+06 9.745543e+05 9.610262e+05 9.590932e+05 9.643620e+05 9.748770e+05 9.894343e+05 1.205462e+06 1.411609e+06 1.562805e+06 1.644777e+06
1.622623e+06 1.622623e+06 1.622623e+06 1.622623e+06 1.622623e+06 1.622626e+06 1.622634e+06 1.622665e+06 1.622687e+06 1.622715e+06 1.622764e+06 1.622664e+06 1.621993e+06 1.620063e+06 1.616056e+06 1.609180e+06 1.598779e+06 1.486958e+06 1.319183e+06 1.178044e+06 1.086302e+06 1.030922e+06 9.976321e+05 9.654018e+05 9.552640e+05 9.559127e+05 9.632268e+05 9.754279e+05 9.914723e+05 1.220205e+06 1.424588e+06 1.571392e+06 1.650089e+06
1.569939e+06 1.569939e+06 1.569939e+06 1.569939e+06 1.569939e+06 1.569942e+06 1.569953e+06 1.569992e+06 1.570021e+06 1.570056e+06 1.570123e+06 1.570054e+06 1.569451e+06 1.567665e+06 1.563930e+06 1.557501e+06 1.547763e+06 1.443105e+06 1.286583e+06 1.155544e+06 1.070932e+06 1.020356e+06 9.904214e+05 9.626390e+05 9.554978e+05 9.583975e+05 9.674598e+05 9.810474e+05 9.982475e+05 1.236528e+06 1.438636e+06 1.580207e+06 1.655422e+06
1.528035e+06 1.528035e+06 1.528035e+06 1.528035e+06 1.528035e+06 1.528037e+06 1.528045e+06 1.528075e+06 1.528097e+06 1.528124e+06 1.528177e+06 1.528102e+06 1.527525e+06 1.525836e+06 1.522310e+06 1.516250e+06 1.507079e+06 1.408804e+06 1.262538e+06 1.140793e+06 1.062762e+06 1.016613e+06 9.897497e+05 9.659731e+05 9.614626e+05 9.662953e+05 9.768191e+05 9.915127e+05 1.009569e+06 1.254341e+06 1.453615e+06 1.589247e+06 1.660766e+06
1.495069e+06 1.495069e+06 1.495069e+06 1.495069e+06 1.495069e+06 1.495072e+06 1.495081e+06 1.495116e+06 1.495143e+06 1.495174e+06 1.495238e+06 1.495183e+06 1.494655e+06 1.493077e+06 1.489765e+06 1.484062e+06 1.475428e+06 1.383102e+06 1.246378e+06 1.133284e+06 1.061372e+06 1.019320e+06 9.952733e+05 9.750979e+05 9.728738e+05 9.793329e+05 9.910408e+05 1.006575e+06 1.025214e+06 1.273552e+06 1.469406e+06 1.598513e+06 1.666113e+06
1.470351e+06 1.470351e+06 1.470351e+06 1.470351e+06 1.470351e+06 1.470354e+06 1.470366e+06 1.470410e+06 1.470442e+06 1.470481e+06 1.470564e+06 1.470541e+06 1.470076e+06 1.468624e+06 1.465538e+06 1.460199e+06 1.452097e+06 1.365449e+06 1.237661e+06 1.132624e+06 1.066391e+06 1.028120e+06 1.006648e+06 9.896897e+05 9.894237e+05 9.972144e+05 1.009839e+06 1.025961e+06 1.044929e+06 1.294069e+06 1.485900e+06 1.608007e+06 1.671456e+06
1.454230e+06 1.454230e+06 1.454230e+06 1.454230e+06 1.454230e+06 1.454235e+06 1.454252e+06 1.454316e+06 1.454363e+06 1.454420e+06 1.454545e+06 1.454576e+06 1.454192e+06 1.452872e+06 1.450004e+06 1.445000e+06 1.437382e+06 1.355843e+06 1.236164e+06 1.138495e+06 1.077472e+06 1.042659e+06 1.023520e+06 1.009402e+06 1.010780e+06 1.019620e+06 1.032905e+06 1.049378e+06 1.068441e+06 1.315797e+06 1.502991e+06 1.617734e+06 1.676788e+06
1.447672e+06 1.447672e+06 1.447672e+06 1.447672e+06 1.447672e+06 1.447675e+06 1.447685e+06 1.447722e+06 1.447751e+06 1.447786e+06 1.447862e+06 1.447845e+06 1.447432e+06 1.446129e+06 1.443356e+06 1.438556e+06 1.431280e+06 1.353991e+06 1.241510e+06 1.150512e+06 1.094228e+06 1.062551e+06 1.045502e+06 1.033860e+06 1.036583e+06 1.046207e+06 1.059911e+06 1.076511e+06 1.095453e+06 1.338636e+06 1.520575e+06 1.627711e+06 1.682103e+06
1.447605e+06 1.447605e+06 1.447605e+06 1.447606e+06 1.447606e+06 1.447609e+06 1.447621e+06 1.447668e+06 1.447703e+06 1.447745e+06 1.447839e+06 1.447846e+06 1.447476e+06 1.446255e+06 1.443630e+06 1.439071e+06 1.432155e+06 1.358893e+06 1.253049e+06 1.168167e+06 1.116205e+06 1.087357e+06 1.072170e+06 1.062658e+06 1.066449e+06 1.076611e+06 1.090510e+06 1.107029e+06 1.125652e+06 1.362479e+06 1.538547e+06 1.637966e+06 1.687396e+06
1.454180e+06 1.454180e+06 1.454180e+06 1.454180e+06 1.454180e+06 1.454184e+06 1.454195e+06 1.454239e+06 1.454273e+06 1.454313e+06 1.454402e+06 1.454410e+06 1.454056e+06 1.452891e+06 1.450385e+06 1.446035e+06 1.439442e+06 1.369902e+06 1.270196e+06 1.190930e+06 1.142900e+06 1.116600e+06 1.103060e+06 1.095364e+06 1.099974e+06 1.110452e+06 1.124342e+06 1.140589e+06 1.158714e+06 1.387217e+06 1.556803e+06 1.648540e+06 1.692663e+06
1.466540e+06 1.466540e+06 1.466540e+06 1.466540e+06 1.466540e+06 1.466544e+06 1.466556e+06 1.466605e+06 1.466641e+06 1.466684e+06 1.466781e+06 1.466801e+06 1.466478e+06 1.465378e+06 1.462995e+06 1.458851e+06 1.452568e+06 1.386496e+06 1.292423e+06 1.218272e+06 1.173798e+06 1.149781e+06 1.137697e+06 1.131538e+06 1.136747e+06 1.147341e+06 1.161034e+06 1.176838e+06 1.194300e+06 1.412732e+06 1.575241e+06 1.659350e+06 1.697901e+06
1.484573e+06 1.484573e+06 1.484573e+06 1.484573e+06 1.484573e+06 1.484576e+06 1.484587e+06 1.484628e+06 1.484660e+06 1.484698e+06 1.484783e+06 1.484795e+06 1.484478e+06 1.483417e+06 1.481129e+06 1.477158e+06 1.471143e+06 1.408186e+06 1.319203e+06 1.249668e+06 1.208396e+06 1.186420e+06 1.175617e+06 1.170745e+06 1.176353e+06 1.186883e+06 1.200213e+06 1.215416e+06 1.232069e+06 1.438901e+06 1.593762e+06 1.670316e+06 1.703111e+06
1.507314e+06 1.507314e+06 1.507314e+06 1.507314e+06 1.507314e+06 1.507318e+06 1.507331e+06 1.507380e+06 1.507416e+06 1.507460e+06 1.507559e+06 1.507589e+06 1.507303e+06 1.506300e+06 1.504116e+06 1.500315e+06 1.494554e+06 1.434407e+06 1.349996e+06 1.284617e+06 1.246224e+06 1.226067e+06 1.216383e+06 1.212563e+06 1.218386e+06 1.228687e+06 1.241499e+06 1.255959e+06 1.271673e+06 1.465595e+06 1.612272e+06 1.681373e+06 1.708293e+06
1.534901e+06 1.534901e+06 1.534901e+06 1.534901e+06 1.534901e+06 1.534903e+06 1.534911e+06 1.534944e+06 1.534968e+06 1.534998e+06 1.535065e+06 1.535062e+06 1.534751e+06 1.533749e+06 1.531609e+06 1.527914e+06 1.522339e+06 1.464590e+06 1.384279e+06 1.322656e+06 1.286851e+06 1.268303e+06 1.259582e+06 1.256582e+06 1.262442e+06 1.272360e+06 1.284514e+06 1.298103e+06 1.312763e+06 1.492681e+06 1.630678e+06 1.692456e+06 1.713453e+06
1.565396e+06 1.565396e+06 1.565396e+06 1.565396e+06 1.565396e+06 1.565400e+06 1.565410e+06 1.565452e+06 1.565482e+06 1.565519e+06 1.565601e+06 1.565616e+06 1.565332e+06 1.564379e+06 1.562327e+06 1.558774e+06 1.553409e+06 1.498017e+06 1.421538e+06 1.363353e+06 1.329867e+06 1.312722e+06 1.304802e+06 1.302393e+06 1.308120e+06 1.317510e+06 1.328879e+06 1.341484e+06 1.354988e+06 1.520021e+06 1.648895e+06 1.703507e+06 1.718598e+06
1.599058e+06 1.599058e+06 1.599058e+06 1.599058e+06 1.599058e+06 1.599061e+06 1.599071e+06 1.599108e+06 1.599136e+06 1.599170e+06 1.599246e+06 1.599258e+06 1.598984e+06 1.598065e+06 1.596085e+06 1.592660e+06 1.587492e+06 1.534325e+06 1.461394e+06 1.406313e+06 1.374862e+06 1.358905e+06 1.351626e+06 1.349582e+06 1.355017e+06 1.363749e+06 1.374219e+06 1.385740e+06 1.398002e+06 1.547476e+06 1.666843e+06 1.714468e+06 1.723747e+06
1.635605e+06 1.635605e+06 1.635605e+06 1.635605e+06 1.635605e+06 1.635608e+06 1.635617e+06 1.635654e+06 1.635681e+06 1.635714e+06 1.635787e+06 1.635798e+06 1.635532e+06 1.634641e+06 1.632726e+06 1.629416e+06 1.624426e+06 1.573283e+06 1.503518e+06 1.451138e+06 1.421409e+06 1.406418e+06 1.399625e+06 1.397737e+06 1.402733e+06 1.410690e+06 1.420159e+06 1.430510e+06 1.441461e+06 1.574906e+06 1.684447e+06 1.725283e+06 1.728931e+06
1.674613e+06 1.674613e+06 1.674613e+06 1.674613e+06 1.674613e+06 1.674617e+06 1.674627e+06 1.674666e+06 1.674695e+06 1.674731e+06 1.674811e+06 1.674833e+06 1.674588e+06 1.673740e+06 1.671900e+06 1.668712e+06 1.663899e+06 1.614585e+06 1.547529e+06 1.497397e+06 1.469066e+06 1.454828e+06 1.448373e+06 1.446449e+06 1.450875e+06 1.457950e+06 1.466332e+06 1.475443e+06 1.485027e+06 1.602173e+06 1.701639e+06 1.735901e+06 1.734119e+06
1.716425e+06 1.716425e+06 1.716425e+06 1.716425e+06 1.716425e+06 1.716429e+06 1.716439e+06 1.716479e+06 1.716507e+06 1.716541e+06 1.716614e+06 1.716627e+06 1.716376e+06 1.715535e+06 1.713726e+06 1.710603e+06 1.705900e+06 1.657925e+06 1.592987e+06 1.544636e+06 1.517398e+06 1.503717e+06 1.497466e+06 1.495327e+06 1.499056e+06 1.505155e+06 1.512376e+06 1.520190e+06 1.528370e+06 1.629138e+06 1.718357e+06 1.746271e+06 1.739263e+06
1.760119e+06 1.760119e+06 1.760119e+06 1.760119e+06 1.760120e+06 1.760121e+06 1.760127e+06 1.760148e+06 1.760164e+06 1.760184e+06 1.760226e+06 1.760204e+06 1.759921e+06 1.759059e+06 1.757251e+06 1.754157e+06 1.749523e+06 1.702560e+06 1.639313e+06 1.592383e+06 1.565990e+06 1.552693e+06 1.546519e+06 1.543986e+06 1.546898e+06 1.551935e+06 1.557934e+06 1.564414e+06 1.571170e+06 1.655670e+06 1.734544e+06 1.756347e+06 1.744325e+06
1.803954e+06 1.803954e+06 1.803954e+06 1.803954e+06 1.803954e+06 1.803957e+06 1.803965e+06 1.803996e+06 1.804019e+06 1.804046e+06 1.804107e+06 1.804107e+06 1.803851e+06 1.803024e+06 1.801265e+06 1.798243e+06 1.793707e+06 1.747736e+06 1.685957e+06 1.640200e+06 1.614446e+06 1.601372e+06 1.595149e+06 1.592041e+06 1.594021e+06 1.597923e+06 1.602660e+06 1.607789e+06 1.613122e+06 1.681640e+06 1.750149e+06 1.766084e+06 1.749273e+06
1.848778e+06 1.848778e+06 1.848778e+06 1.848778e+06 1.848778e+06 1.848779e+06 1.848782e+06 1.848794e+06 1.848804e+06 1.848815e+06 1.848835e+06 1.848789e+06 1.848486e+06 1.847619e+06 1.845837e+06 1.842815e+06 1.838310e+06 1.793042e+06 1.732486e+06 1.687676e+06 1.662364e+06 1.649351e+06 1.642951e+06 1.639092e+06 1.640041e+06 1.642761e+06 1.646220e+06 1.650004e+06 1.653937e+06 1.706927e+06 1.765130e+06 1.775441e+06 1.754077e+06
1.892387e+06 1.892387e+06 1.892387e+06 1.892387e+06 1.892387e+06 1.892389e+06 1.892393e+06 1.892409e+06 1.892420e+06 1.892434e+06 1.892459e+06 1.892418e+06 1.892123e+06 1.891273e+06 1.889523e+06 1.886556e+06 1.882135e+06 1.837752e+06 1.778396e+06 1.734365e+06 1.709300e+06 1.696187e+06 1.689485e+06 1.684726e+06 1.684581e+06 1.686103e+06 1.688298e+06 1.690767e+06 1.693345e+06 1.731420e+06 1.779446e+06 1.784382e+06 1.758711e+06
1.934876e+06 1.934876e+06 1.934876e+06 1.934876e+06 1.934876e+06 1.934878e+06 1.934882e+06 1.934899e+06 1.934912e+06 1.934928e+06 1.934961e+06 1.934933e+06 1.934660e+06 1.933848e+06 1.932157e+06 1.929277e+06 1.924973e+06 1.881597e+06 1.823333e+06 1.779833e+06 1.754786e+06 1.741404e+06 1.734293e+06 1.728534e+06 1.727278e+06 1.727627e+06 1.728604e+06 1.729818e+06 1.731108e+06 1.755014e+06 1.793065e+06 1.792874e+06 1.763147e+06
1.977128e+06 1.977128e+06 1.977128e+06 1.977129e+06 1.977129e+06 1.977131e+06 1.977137e+06 1.977160e+06 1.977178e+06 1.977199e+06 1.977244e+06 1.977228e+06 1.976972e+06 1.976184e+06 1.974531e+06 1.971707e+06 1.967481e+06 1.924759e+06 1.867076e+06 1.823663e+06 1.798347e+06 1.784537e+06 1.776938e+06 1.770143e+06 1.767813e+06 1.767054e+06 1.766887e+06 1.766928e+06 1.767015e+06 1.777616e+06 1.805959e+06 1.800887e+06 1.767361e+06
2.019562e+06 2.019562e+06 2.019562e+06 2.019562e+06 2.019562e+06 2.019562e+06 2.019563e+06 2.019567e+06 2.019569e+06 2.019573e+06 2.019573e+06 2.019506e+06 2.019195e+06 2.018354e+06 2.016657e+06 2.013801e+06 2.009556e+06 1.966892e+06 1.909142e+06 1.865354e+06 1.839522e+06 1.825175e+06 1.817055e+06 1.809257e+06 1.805932e+06 1.804157e+06 1.802943e+06 1.801908e+06 1.800893e+06 1.799144e+06 1.818104e+06 1.808395e+06 1.771332e+06
2.059725e+06 2.059725e+06 2.059725e+06 2.059725e+06 2.059725e+06 2.059725e+06 2.059724e+06 2.059723e+06 2.059722e+06 2.059721e+06 2.059710e+06 2.059629e+06 2.059301e+06 2.058443e+06 2.056729e+06 2.053860e+06 2.049606e+06 2.006865e+06 1.948760e+06 1.904381e+06 1.877930e+06 1.863021e+06 1.854394e+06 1.845673e+06 1.841455e+06 1.838769e+06 1.836616e+06 1.834612e+06 1.832603e+06 1.819527e+06 1.829481e+06 1.815376e+06 1.775039e+06
2.096847e+06 2.096847e+06 2.096847e+06 2.096847e+06 2.096847e+06 2.096847e+06 2.096846e+06 2.096844e+06 2.096842e+06 2.096840e+06 2.096825e+06 2.096737e+06 2.096402e+06 2.095537e+06 2.093819e+06 2.090946e+06 2.086691e+06 2.043878e+06 1.985391e+06 1.940414e+06 1.913364e+06 1.897928e+06 1.888837e+06 1.879286e+06 1.874275e+06 1.870783e+06 1.867798e+06 1.864936e+06 1.862044e+06 1.838706e+06 1.840078e+06 1.821814e+06 1.778461e+06
2.130737e+06 2.130737e+06 2.130737e+06 2.130737e+06 2.130737e+06 2.130737e+06 2.130736e+06 2.130732e+06 2.130728e+06 2.130724e+06 2.130705e+06 2.130613e+06 2.130273e+06 2.129405e+06 2.127685e+06 2.124813e+06 2.120559e+06 2.077699e+06 2.018891e+06 1.973386e+06 1.945799e+06 1.929885e+06 1.920370e+06 1.910066e+06 1.904345e+06 1.900139e+06 1.896424e+06 1.892811e+06 1.889149e+06 1.856633e+06 1.849882e+06 1.827694e+06 1.781583e+06
2.161398e+06 2.161398e+06 2.161398e+06 2.161398e+06 2.161398e+06 2.161398e+06 2.161397e+06 2.161394e+06 2.161391e+06 2.161387e+06 2.161370e+06 2.161280e+06 2.160943e+06 2.160079e+06 2.158365e+06 2.155502e+06 2.151259e+06 2.108409e+06 2.049355e+06 2.003394e+06 1.975317e+06 1.958955e+06 1.949039e+06 1.938026e+06 1.931656e+06 1.926816e+06 1.922464e+06 1.918205e+06 1.913882e+06 1.873273e+06 1.858890e+06 1.833005e+06 1.784388e+06
2.189138e+06 2.189138e+06 2.189138e+06 2.189138e+06 2.189138e+06 2.189138e+06 2.189137e+06 2.189133e+06 2.189130e+06 2.189126e+06 2.189108e+06 2.189017e+06 2.188680e+06 2.187818e+06 2.186109e+06 2.183255e+06 2.179023e+06 2.136210e+06 2.076961e+06 2.030578e+06 2.002024e+06 1.985214e+06 1.974897e+06 1.963193e+06 1.956219e+06 1.950817e+06 1.945918e+06 1.941112e+06 1.936234e+06 1.888601e+06 1.867097e+06 1.837740e+06 1.786862e+06
2.214109e+06 2.214109e+06 2.214109e+06 2.214109e+06 2.214109e+06 2.214108e+06 2.214107e+06 2.214102e+06 2.214098e+06 2.214093e+06 2.214071e+06 2.213977e+06 2.213637e+06 2.212776e+06 2.211072e+06 2.208227e+06 2.204010e+06 2.161272e+06 2.101857e+06 2.055046e+06 2.025990e+06 2.008710e+06 1.997979e+06 1.985591e+06 1.978059e+06 1.972166e+06 1.966807e+06 1.961552e+06 1.956223e+06 1.902604e+06 1.874505e+06 1.841896e+06 1.788994e+06
2.236319e+06 2.236319e+06 2.236319e+06 2.236319e+06 2.236319e+06 2.236319e+06 2.236319e+06 2.236316e+06 2.236313e+06 2.236310e+06 2.236293e+06 2.236205e+06 2.235874e+06 2.235025e+06 2.233338e+06 2.230517e+06 2.226329e+06 2.183727e+06 2.124142e+06 2.076849e+06 2.047238e+06 2.029455e+06 2.018297e+06 2.005244e+06 1.997212e+06 1.990905e+06 1.985177e+06 1.979569e+06 1.973888e+06 1.915279e+06 1.881119e+06 1.845471e+06 1.790773e+06
2.256217e+06 2.256217e+06 2.256217e+06 2.256217e+06 2.256217e+06 2.256217e+06 2.256216e+06 2.256213e+06 2.256211e+06 2.256208e+06 2.256192e+06 2.256105e+06 2.255778e+06 2.254936e+06 2.253263e+06 2.250460e+06 2.246297e+06 2.203770e+06 2.143890e+06 2.095996e+06 2.065759e+06 2.047444e+06 2.035861e+06 2.022192e+06 2.013734e+06 2.007102e+06 2.001095e+06 1.995228e+06 1.989292e+06 1.926632e+06 1.886945e+06 1.848468e+06 1.792191e+06
2.274051e+06 2.274051e+06 2.274051e+06 2.274051e+06 2.274051e+06 2.274051e+06 2.274050e+06 2.274046e+06 2.274043e+06 2.274039e+06 2.274022e+06 2.273934e+06 2.273606e+06 2.272766e+06 2.271095e+06 2.268298e+06 2.264141e+06 2.221521e+06 2.161124e+06 2.112478e+06 2.081552e+06 2.062699e+06 2.050712e+06 2.036506e+06 2.027714e+06 2.020848e+06 2.014654e+06 2.008619e+06 2.002515e+06 1.936679e+06 1.891992e+06 1.850890e+06 1.793242e+06
2.289869e+06 2.289869e+06 2.289869e+06 2.289869e+06 2.289869e+06 2.289869e+06 2.289868e+06 2.289863e+06 2.289858e+06 2.289853e+06 2.289830e+06 2.289734e+06 2.289398e+06 2.288546e+06 2.286862e+06 2.284047e+06 2.279865e+06 2.236936e+06 2.175809e+06 2.126302e+06 2.094666e+06 2.075299e+06 2.062951e+06 2.048305e+06 2.039277e+06 2.032268e+06 2.025972e+06 2.019849e+06 2.013656e+06 1.945442e+06 1.896274e+06 1.852746e+06 1.793920e+06
2.303363e+06 2.303363e+06 2.303363e+06 2.303363e+06 2.303363e+06 2.303362e+06 2.303360e+06 2.303350e+06 2.303343e+06 2.303334e+06 2.303302e+06 2.303195e+06 2.302845e+06 2.301976e+06 2.300269e+06 2.297424e+06 2.293204e+06 2.249849e+06 2.187902e+06 2.137526e+06 2.105220e+06 2.085394e+06 2.072740e+06 2.057760e+06 2.048584e+06 2.041510e+06 2.035184e+06 2.029042e+06 2.022829e+06 1.952952e+06 1.899805e+06 1.854043e+06 1.794222e+06
2.314109e+06 2.314109e+06 2.314109e+06 2.314109e+06 2.314109e+06 2.314108e+06 2.314105e+06 2.314095e+06 2.314088e+06 2.314078e+06 2.314046e+06 2.313939e+06 2.313585e+06 2.312710e+06 2.310992e+06 2.308128e+06 2.303877e+06 2.260140e+06 2.197446e+06 2.146297e+06 2.113409e+06 2.093197e+06 2.080298e+06 2.065074e+06 2.055821e+06 2.048741e+06 2.042441e+06 2.036335e+06 2.030155e+06 1.959243e+06 1.902600e+06 1.854792e+06 1.794148e+06
2.322230e+06 2.322230e+06 2.322230e+06 2.322230e+06 2.322230e+06 2.322229e+06 2.322227e+06 2.322216e+06 2.322209e+06 2.322199e+06 2.322166e+06 2.322058e+06 2.321704e+06 2.320825e+06 2.319100e+06 2.316222e+06 2.311951e+06 2.267920e+06 2.204628e+06 2.152848e+06 2.119486e+06 2.098962e+06 2.085870e+06 2.070470e+06 2.061185e+06 2.054139e+06 2.047901e+06 2.041868e+06 2.035761e+06 1.964355e+06 1.904679e+06 1.855005e+06 1.793697e+06
2.327893e+06 2.327893e+06 2.327893e+06 2.327893e+06 2.327893e+06 2.327892e+06 2.327891e+06 2.327883e+06 2.327877e+06 2.327870e+06 2.327843e+06 2.327741e+06 2.327394e+06 2.326521e+06 2.324799e+06 2.321921e+06 2.317643e+06 2.273438e+06 2.209714e+06 2.157454e+06 2.123719e+06 2.102948e+06 2.089702e+06 2.074167e+06 2.064871e+06 2.057875e+06 2.051719e+06 2.045782e+06 2.039777e+06 1.968334e+06 1.906059e+06 1.854697e+06 1.792870e+06
2.331552e+06 2.331552e+06 2.331552e+06 2.331552e+06 2.331552e+06 2.331552e+06 2.331550e+06 2.331542e+06 2.331536e+06 2.331528e+06 2.331501e+06 2.331399e+06 2.331051e+06 2.330178e+06 2.328455e+06 2.325576e+06 2.321294e+06 2.276986e+06 2.212979e+06 2.160376e+06 2.126360e+06 2.105390e+06 2.092016e+06 2.076360e+06 2.067054e+06 2.060110e+06 2.054042e+06 2.048213e+06 2.042326e+06 1.971225e+06 1.906763e+06 1.853880e+06 1.791672e+06
2.333329e+06 2.333329e+06 2.333329e+06 2.333329e+06 2.333329e+06 2.333329e+06 2.333327e+06 2.333318e+06 2.333312e+06 2.333304e+06 2.333275e+06 2.333172e+06 2.332822e+06 2.331949e+06 2.330227e+06 2.327349e+06 2.323071e+06 2.278764e+06 2.214640e+06 2.161829e+06 2.127608e+06 2.106478e+06 2.092989e+06 2.077213e+06 2.067887e+06 2.060987e+06 2.055004e+06 2.049287e+06 2.043526e+06 1.973078e+06 1.906812e+06 1.852572e+06 1.790105e+06
2.333241e+06 2.333241e+06 2.333241e+06 2.333241e+06 2.333240e+06 2.333240e+06 2.333238e+06 2.333229e+06 2.333223e+06 2.333216e+06 2.333190e+06 2.333091e+06 2.332750e+06 2.331888e+06 2.330183e+06 2.327328e+06 2.323078e+06 2.278946e+06 2.214886e+06 2.161985e+06 2.127619e+06 2.106352e+06 2.092755e+06 2.076853e+06 2.067494e+06 2.060628e+06 2.054724e+06 2.049117e+06 2.043487e+06 1.973944e+06 1.906229e+06 1.850787e+06 1.788176e+06
2.331704e+06 2.331704e+06 2.331704e+06 2.331704e+06 2.331704e+06 2.331704e+06 2.331704e+06 2.331701e+06 2.331700e+06 2.331697e+06 2.331683e+06 2.331600e+06 2.331276e+06 2.330437e+06 2.328760e+06 2.325940e+06 2.321732e+06 2.277857e+06 2.213941e+06 2.160996e+06 2.126506e+06 2.105112e+06 2.091409e+06 2.075376e+06 2.065977e+06 2.059137e+06 2.053307e+06 2.047809e+06 2.042311e+06 1.973872e+06 1.905036e+06 1.848544e+06 1.785891e+06
2.329500e+06 2.329500e+06 2.329500e+06 2.329500e+06 2.329500e+06 2.329500e+06 2.329499e+06 2.329496e+06 2.329494e+06 2.329491e+06 2.329474e+06 2.329387e+06 2.329061e+06 2.328222e+06 2.326550e+06 2.323741e+06 2.319551e+06 2.275827e+06 2.211988e+06 2.158973e+06 2.124351e+06 2.102827e+06 2.089020e+06 2.072857e+06 2.063418e+06 2.056604e+06 2.050848e+06 2.045457e+06 2.040092e+06 1.972914e+06 1.903259e+06 1.845859e+06 1.783258e+06
2.326449e+06 2.326449e+06 2.326449e+06 2.326449e+06 2.326449e+06 2.326448e+06 2.326447e+06 2.326441e+06 2.326437e+06 2.326431e+06 2.326409e+06 2.326316e+06 2.325984e+06 2.325141e+06 2.323469e+06 2.320666e+06 2.316487e+06 2.272872e+06 2.209071e+06 2.155961e+06 2.121200e+06 2.099548e+06 2.085641e+06 2.069363e+06 2.059895e+06 2.053111e+06 2.047431e+06 2.042149e+06 2.036916e+06 1.971121e+06 1.900920e+06 1.842750e+06 1.780285e+06
2.322241e+06 2.322241e+06 2.322241e+06 2.322241e+06 2.322241e+06 2.322240e+06 2.322239e+06 2.322233e+06 2.322229e+06 2.322224e+06 2.322203e+06 2.322113e+06 2.321786e+06 2.320952e+06 2.319294e+06 2.316510e+06 2.312356e+06 2.268909e+06 2.205171e+06 2.151978e+06 2.117087e+06 2.095320e+06 2.081328e+06 2.064960e+06 2.055479e+06 2.048737e+06 2.043137e+06 2.037965e+06 2.032865e+06 1.968542e+06 1.898044e+06 1.839235e+06 1.776982e+06
2.317083e+06 2.317083e+06 2.317083e+06 2.317083e+06 2.317083e+06 2.317083e+06 2.317082e+06 2.317079e+06 2.317076e+06 2.317073e+06 2.317057e+06 2.316972e+06 2.316652e+06 2.315829e+06 2.314186e+06 2.311422e+06 2.307294e+06 2.264009e+06 2.200331e+06 2.147065e+06 2.112065e+06 2.090204e+06 2.076147e+06 2.059719e+06 2.050246e+06 2.043558e+06 2.038044e+06 2.032983e+06 2.028015e+06 1.965225e+06 1.894655e+06 1.835331e+06 1.773358e+06
2.311278e+06 2.311278e+06 2.311278e+06 2.311278e+06 2.311278e+06 2.311278e+06 2.311277e+06 2.311273e+06 2.311270e+06 2.311266e+06 2.311248e+06 2.311160e+06 2.310837e+06 2.310012e+06 2.308370e+06 2.305611e+06 2.301491e+06 2.258277e+06 2.194616e+06 2.141286e+06 2.106202e+06 2.084275e+06 2.070174e+06 2.053719e+06 2.044274e+06 2.037649e+06 2.032225e+06 2.027276e+06 2.022437e+06 1.961217e+06 1.890778e+06 1.831056e+06 1.769424e+06
2.304645e+06 2.304645e+06 2.304645e+06 2.304645e+06 2.304645e+06 2.304645e+06 2.304643e+06 2.304636e+06 2.304631e+06 2.304624e+06 2.304600e+06 2.304505e+06 2.304176e+06 2.303344e+06 2.301699e+06 2.298939e+06 2.294823e+06 2.251671e+06 2.188054e+06 2.134706e+06 2.099581e+06 2.077618e+06 2.063497e+06 2.047044e+06 2.037641e+06 2.031085e+06 2.025752e+06 2.020912e+06 2.016198e+06 1.956565e+06 1.886436e+06 1.826428e+06 1.765190e+06
2.296855e+06 2.296855e+06 2.296855e+06 2.296855e+06 2.296855e+06 2.296854e+06 2.296853e+06 2.296846e+06 2.296841e+06 2.296834e+06 2.296811e+06 2.296719e+06 2.296394e+06 2.295571e+06 2.293938e+06 2.291196e+06 2.287104e+06 2.244135e+06 2.180683e+06 2.127405e+06 2.092292e+06 2.070329e+06 2.056209e+06 2.039778e+06 2.030424e+06 2.023938e+06 2.018693e+06 2.013956e+06 2.009360e+06 1.951310e+06 1.881653e+06 1.821464e+06 1.760668e+06
2.288130e+06 2.288130e+06 2.288130e+06 2.288130e+06 2.288130e+06 2.288130e+06 2.288129e+06 2.288126e+06 2.288123e+06 2.288120e+06 2.288105e+06 2.288022e+06 2.287709e+06 2.286902e+06 2.285290e+06 2.282577e+06 2.278519e+06 2.235813e+06 2.172623e+06 2.119489e+06 2.084438e+06 2.062500e+06 2.048395e+06 2.031999e+06 2.022693e+06 2.016272e+06 2.011106e+06 2.006465e+06 2.001979e+06 1.945494e+06 1.876452e+06 1.816182e+06 1.755870e+06
2.278957e+06 2.278957e+06 2.278957e+06 2.278957e+06 2.278957e+06 2.278957e+06 2.278956e+06 2.278953e+06 2.278950e+06 2.278947e+06 2.278932e+06 2.278849e+06 2.278539e+06 2.277737e+06 2.276135e+06 2.273439e+06 2.269407e+06 2.226938e+06 2.164028e+06 2.111075e+06 2.076111e+06 2.054216e+06 2.040135e+06 2.023774e+06 2.014510e+06 2.008144e+06 2.003047e+06 1.998490e+06 1.994104e+06 1.939158e+06 1.870855e+06 1.810598e+06 1.750806e+06
2.269361e+06 2.269361e+06 2.269361e+06 2.269361e+06 2.269361e+06 2.269361e+06 2.269360e+06 2.269357e+06 2.269355e+06 2.269351e+06 2.269336e+06 2.269253e+06 2.268944e+06 2.268147e+06 2.266555e+06 2.263875e+06 2.259866e+06 2.217626e+06 2.155006e+06 2.102250e+06 2.067389e+06 2.045543e+06 2.031488e+06 2.015156e+06 2.005923e+06 1.999600e+06 1.994561e+06 1.990077e+06 1.985781e+06 1.932338e+06 1.864886e+06 1.804728e+06 1.745490e+06
2.259347e+06 2.259347e+06 2.259347e+06 2.259347e+06 2.259347e+06 2.259347e+06 2.259346e+06 2.259343e+06 2.259340e+06 2.259337e+06 2.259321e+06 2.259239e+06 2.258932e+06 2.258140e+06 2.256558e+06 2.253896e+06 2.249913e+06 2.207922e+06 2.145614e+06 2.093073e+06 2.058323e+06 2.036528e+06 2.022496e+06 2.006185e+06 1.996970e+06 1.990677e+06 1.985683e+06 1.981262e+06 1.977047e+06 1.925071e+06 1.858565e+06 1.798589e+06 1.739932e+06
2.248929e+06 2.248929e+06 2.248929e+06 2.248929e+06 2.248929e+06 2.248929e+06 2.248928e+06 2.248925e+06 2.248924e+06 2.248921e+06 2.248907e+06 2.248827e+06 2.248524e+06 2.247740e+06 2.246172e+06 2.243531e+06 2.239578e+06 2.197863e+06 2.135894e+06 2.083580e+06 2.048945e+06 2.027200e+06 2.013188e+06 1.996886e+06 1.987678e+06 1.981402e+06 1.976444e+06 1.972077e+06 1.967934e+06 1.917389e+06 1.851915e+06 1.792197e+06 1.734145e+06
2.238215e+06 2.238215e+06 2.238215e+06 2.238215e+06 2.238215e+06 2.238215e+06 2.238214e+06 2.238212e+06 2.238210e+06 2.238207e+06 2.238193e+06 2.238114e+06 2.237814e+06 2.237036e+06 2.235480e+06 2.232859e+06 2.228935e+06 2.187500e+06 2.125878e+06 2.073797e+06 2.039274e+06 2.017575e+06 2.003578e+06 1.987275e+06 1.978063e+06 1.971797e+06 1.966867e+06 1.962547e+06 1.958470e+06 1.909325e+06 1.844955e+06 1.785566e+06 1.728141e+06
2.227236e+06 2.227236e+06 2.227236e+06 2.227236e+06 2.227236e+06 2.227236e+06 2.227236e+06 2.227234e+06 2.227233e+06 2.227231e+06 2.227219e+06 2.227142e+06 2.226847e+06 2.226077e+06 2.224536e+06 2.221936e+06 2.218043e+06 2.176888e+06 2.115604e+06 2.063742e+06 2.029321e+06 2.007660e+06 1.993670e+06 1.977357e+06 1.968136e+06 1.961876e+06 1.956970e+06 1.952694e+06 1.948680e+06 1.900910e+06 1.837705e+06 1.778711e+06 1.721931e+06
2.216118e+06 2.216118e+06 2.216118e+06 2.216118e+06 2.216118e+06 2.216118e+06 2.216118e+06 2.216117e+06 2.216116e+06 2.216114e+06 2.216103e+06 2.216029e+06 2.215737e+06 2.214975e+06 2.213447e+06 2.210867e+06 2.207002e+06 2.166095e+06 2.105103e+06 2.053425e+06 2.019085e+06 1.997450e+06 1.983463e+06 1.967134e+06 1.957903e+06 1.951650e+06 1.946770e+06 1.942538e+06 1.938587e+06 1.892172e+06 1.830185e+06 1.771647e+06 1.715527e+06
2.204964e+06 2.204964e+06 2.204964e+06 2.204964e+06 2.204964e+06 2.204964e+06 2.204964e+06 2.204962e+06 2.204961e+06 2.204959e+06 2.204948e+06 2.204873e+06 2.204581e+06 2.203820e+06 2.202297e+06 2.199728e+06 2.195880e+06 2.155152e+06 2.094380e+06 2.042839e+06 2.008557e+06 1.986937e+06 1.972948e+06 1.956607e+06 1.947372e+06 1.941131e+06 1.936281e+06 1.932098e+06 1.928211e+06 1.883138e+06 1.822413e+06 1.764388e+06 1.708940e+06
