1.408885e+08 7.179738e+07 5.322185e+07 2.600438e+07 1.971388e+07 1.344898e+07 1.419335e+07 1.636725e+07 1.692482e+07 1.719744e+07 1.733229e+07 1.729078e+07 1.721895e+07 1.715505e+07 1.711307e+07 1.709945e+07 1.711658e+07 1.762219e+07 1.861202e+07 1.986593e+07 2.128723e+07 2.280761e+07 2.429965e+07 2.648412e+07 2.696143e+07 2.608477e+07 2.460080e+07 2.299543e+07 2.147877e+07 1.300033e+07 9.642650e+06 7.828449e+06 6.673383e+06
1.391474e+07 1.391484e+07 1.391512e+07 1.392305e+07 1.394388e+07 1.439175e+07 1.548683e+07 1.689550e+07 1.716153e+07 1.724100e+07 1.720854e+07 1.713054e+07 1.705941e+07 1.700576e+07 1.697659e+07 1.697651e+07 1.700729e+07 1.757355e+07 1.860486e+07 1.988394e+07 2.131896e+07 2.284503e+07 2.433681e+07 2.650944e+07 2.697013e+07 2.608010e+07 2.458772e+07 2.297778e+07 2.145898e+07 1.298609e+07 9.634093e+06 7.822902e+06 6.669509e+06
1.723826e+07 1.723828e+07 1.723836e+07 1.724065e+07 1.724699e+07 1.734835e+07 1.755612e+07 1.749631e+07 1.721976e+07 1.705280e+07 1.691995e+07 1.686512e+07 1.682888e+07 1.680562e+07 1.680229e+07 1.682492e+07 1.687614e+07 1.751990e+07 1.859791e+07 1.990372e+07 2.135273e+07 2.288426e+07 2.437539e+07 2.653530e+07 2.697877e+07 2.607507e+07 2.457419e+07 2.295968e+07 2.143878e+07 1.297173e+07 9.625496e+06 7.817338e+06 6.665625e+06
1.941378e+07 1.941379e+07 1.941382e+07 1.941365e+07 1.940341e+07 1.900875e+07 1.826944e+07 1.726132e+07 1.693894e+07 1.669699e+07 1.648901e+07 1.649334e+07 1.652365e+07 1.655143e+07 1.658798e+07 1.664335e+07 1.672243e+07 1.746150e+07 1.859140e+07 1.992541e+07 2.138860e+07 2.292532e+07 2.441537e+07 2.656171e+07 2.698734e+07 2.606968e+07 2.456020e+07 2.294112e+07 2.141814e+07 1.295726e+07 9.616859e+06 7.811756e+06 6.661733e+06
1.677566e+07 1.677566e+07 1.677565e+07 1.677550e+07 1.677490e+07 1.673695e+07 1.650400e+07 1.593627e+07 1.592074e+07 1.597445e+07 1.605468e+07 1.610180e+07 1.617121e+07 1.625318e+07 1.633777e+07 1.643380e+07 1.654737e+07 1.739884e+07 1.858560e+07 1.994913e+07 2.142662e+07 2.296823e+07 2.445675e+07 2.658862e+07 2.699581e+07 2.606391e+07 2.454573e+07 2.292209e+07 2.139707e+07 1.294268e+07 9.608183e+06 7.806157e+06 6.657831e+06
1.460210e+07 1.460210e+07 1.460210e+07 1.460211e+07 1.460208e+07 1.459281e+07 1.453401e+07 1.448387e+07 1.470484e+07 1.501488e+07 1.551444e+07 1.574016e+07 1.584594e+07 1.594365e+07 1.606685e+07 1.620426e+07 1.635556e+07 1.733274e+07 1.858081e+07 1.997502e+07 2.146683e+07 2.301298e+07 2.449951e+07 2.661601e+07 2.700417e+07 2.605773e+07 2.453078e+07 2.290257e+07 2.137557e+07 1.292798e+07 9.599467e+06 7.800541e+06 6.653920e+06
1.315833e+07 1.315833e+07 1.315833e+07 1.315836e+07 1.315840e+07 1.315560e+07 1.313635e+07 1.332800e+07 1.367814e+07 1.411430e+07 1.488795e+07 1.532941e+07 1.554083e+07 1.567382e+07 1.580766e+07 1.597122e+07 1.615652e+07 1.726451e+07 1.857740e+07 2.000318e+07 2.150925e+07 2.305955e+07 2.454362e+07 2.664385e+07 2.701238e+07 2.605113e+07 2.451532e+07 2.288257e+07 2.135362e+07 1.291317e+07 9.590712e+06 7.794907e+06 6.650001e+06
1.216057e+07 1.216057e+07 1.216057e+07 1.216061e+07 1.216071e+07 1.216100e+07 1.215753e+07 1.246305e+07 1.287948e+07 1.336821e+07 1.426118e+07 1.486280e+07 1.520708e+07 1.541699e+07 1.558709e+07 1.576407e+07 1.596630e+07 1.719617e+07 1.857583e+07 2.003375e+07 2.155391e+07 2.310795e+07 2.458905e+07 2.667211e+07 2.702042e+07 2.604409e+07 2.449936e+07 2.286207e+07 2.133122e+07 1.289824e+07 9.581918e+06 7.789257e+06 6.646072e+06
1.145352e+07 1.145352e+07 1.145353e+07 1.145356e+07 1.145365e+07 1.145486e+07 1.145779e+07 1.180773e+07 1.225240e+07 1.276057e+07 1.369032e+07 1.437866e+07 1.483939e+07 1.514634e+07 1.537866e+07 1.559040e+07 1.580899e+07 1.713059e+07 1.857673e+07 2.006687e+07 2.160083e+07 2.315812e+07 2.463576e+07 2.670073e+07 2.702825e+07 2.603660e+07 2.448287e+07 2.284107e+07 2.130837e+07 1.288320e+07 9.573085e+06 7.783589e+06 6.642134e+06
1.093981e+07 1.093981e+07 1.093981e+07 1.093984e+07 1.093994e+07 1.094176e+07 1.094795e+07 1.130652e+07 1.175537e+07 1.226549e+07 1.319648e+07 1.391901e+07 1.445923e+07 1.485854e+07 1.516666e+07 1.542983e+07 1.567981e+07 1.707174e+07 1.858091e+07 2.010274e+07 2.165002e+07 2.321005e+07 2.468370e+07 2.672969e+07 2.703586e+07 2.602862e+07 2.446584e+07 2.281955e+07 2.128507e+07 1.286804e+07 9.564213e+06 7.777904e+06 6.638188e+06
1.056404e+07 1.056404e+07 1.056404e+07 1.056408e+07 1.056417e+07 1.056598e+07 1.057278e+07 1.092392e+07 1.136401e+07 1.186584e+07 1.278267e+07 1.351024e+07 1.409414e+07 1.456537e+07 1.494816e+07 1.527186e+07 1.556433e+07 1.702489e+07 1.858943e+07 2.014160e+07 2.170151e+07 2.326370e+07 2.473282e+07 2.675894e+07 2.704320e+07 2.602015e+07 2.444827e+07 2.279752e+07 2.126130e+07 1.285277e+07 9.555302e+06 7.772202e+06 6.634232e+06
9.470191e+06 9.470191e+06 9.470191e+06 9.470204e+06 9.470240e+06 9.471253e+06 9.477203e+06 9.751269e+06 1.009839e+07 1.050554e+07 1.128986e+07 1.196413e+07 1.257260e+07 1.315742e+07 1.373678e+07 1.431384e+07 1.488419e+07 1.740321e+07 1.926530e+07 2.083710e+07 2.237629e+07 2.389599e+07 2.528079e+07 2.705742e+07 2.709528e+07 2.590373e+07 2.423965e+07 2.254695e+07 2.099707e+07 1.269375e+07 9.464067e+06 7.714258e+06 6.594189e+06
9.849226e+06 9.849226e+06 9.849226e+06 9.849238e+06 9.849272e+06 9.850307e+06 9.856603e+06 1.013183e+07 1.047846e+07 1.088508e+07 1.167827e+07 1.238926e+07 1.306338e+07 1.372809e+07 1.438399e+07 1.502331e+07 1.563980e+07 1.835457e+07 2.051498e+07 2.218779e+07 2.357639e+07 2.484347e+07 2.597780e+07 2.735286e+07 2.709197e+07 2.571798e+07 2.396396e+07 2.223695e+07 2.068190e+07 1.252338e+07 9.369057e+06 7.654671e+06 6.553280e+06
1.050664e+07 1.050664e+07 1.050664e+07 1.050664e+07 1.050665e+07 1.050672e+07 1.051023e+07 1.077821e+07 1.112351e+07 1.153134e+07 1.233873e+07 1.308799e+07 1.382686e+07 1.457620e+07 1.532605e+07 1.605792e+07 1.675677e+07 1.962571e+07 2.173424e+07 2.343164e+07 2.484144e+07 2.601461e+07 2.693367e+07 2.772331e+07 2.704268e+07 2.545980e+07 2.361717e+07 2.186459e+07 2.031397e+07 1.234192e+07 9.270408e+06 7.593503e+06 6.511535e+06
1.062997e+07 1.062997e+07 1.062997e+07 1.062997e+07 1.062998e+07 1.063016e+07 1.063421e+07 1.092416e+07 1.129642e+07 1.173570e+07 1.260748e+07 1.342532e+07 1.424325e+07 1.508192e+07 1.592705e+07 1.675517e+07 1.754685e+07 2.073209e+07 2.286919e+07 2.448919e+07 2.585347e+07 2.698583e+07 2.780193e+07 2.817680e+07 2.703121e+07 2.515933e+07 2.321027e+07 2.143468e+07 1.989580e+07 1.214983e+07 9.168290e+06 7.530822e+06 6.468982e+06
1.062735e+07 1.062735e+07 1.062735e+07 1.062735e+07 1.062736e+07 1.062753e+07 1.063164e+07 1.092728e+07 1.130729e+07 1.175685e+07 1.265727e+07 1.351976e+07 1.440084e+07 1.531754e+07 1.624948e+07 1.716745e+07 1.804772e+07 2.158427e+07 2.386022e+07 2.544674e+07 2.670966e+07 2.773306e+07 2.843247e+07 2.849868e+07 2.700950e+07 2.487663e+07 2.277905e+07 2.096336e+07 1.943615e+07 1.194773e+07 9.062897e+06 7.466702e+06 6.425657e+06
1.075213e+07 1.075213e+07 1.075213e+07 1.075213e+07 1.075213e+07 1.075234e+07 1.075666e+07 1.106124e+07 1.145266e+07 1.191627e+07 1.284916e+07 1.375180e+07 1.468241e+07 1.565573e+07 1.664751e+07 1.762517e+07 1.856277e+07 2.232879e+07 2.473322e+07 2.633107e+07 2.749808e+07 2.836142e+07 2.887961e+07 2.860866e+07 2.685861e+07 2.455066e+07 2.235155e+07 2.048360e+07 1.895182e+07 1.173647e+07 8.954455e+06 7.401226e+06 6.381593e+06
1.114709e+07 1.114709e+07 1.114709e+07 1.114709e+07 1.114710e+07 1.114734e+07 1.115191e+07 1.146746e+07 1.187276e+07 1.235258e+07 1.331628e+07 1.424476e+07 1.519824e+07 1.619344e+07 1.720701e+07 1.820668e+07 1.916654e+07 2.304608e+07 2.554838e+07 2.717259e+07 2.825398e+07 2.893353e+07 2.921921e+07 2.852779e+07 2.653608e+07 2.412093e+07 2.187977e+07 1.999969e+07 1.846884e+07 1.151712e+07 8.843217e+06 7.334482e+06 6.336828e+06
1.182901e+07 1.182901e+07 1.182901e+07 1.182901e+07 1.182903e+07 1.182942e+07 1.183454e+07 1.216191e+07 1.258130e+07 1.307731e+07 1.407039e+07 1.501964e+07 1.598656e+07 1.699060e+07 1.801074e+07 1.901628e+07 1.998229e+07 2.390449e+07 2.644483e+07 2.804540e+07 2.900204e+07 2.946205e+07 2.947713e+07 2.829734e+07 2.605102e+07 2.356693e+07 2.133368e+07 1.948115e+07 1.797925e+07 1.129099e+07 8.729464e+06 7.266565e+06 6.291401e+06
1.293017e+07 1.293017e+07 1.293017e+07 1.293017e+07 1.293018e+07 1.293054e+07 1.293570e+07 1.327166e+07 1.370232e+07 1.421150e+07 1.522830e+07 1.619342e+07 1.716888e+07 1.817612e+07 1.919592e+07 2.019887e+07 2.116086e+07 2.504743e+07 2.751113e+07 2.897075e+07 2.971412e+07 2.990201e+07 2.962002e+07 2.793185e+07 2.542952e+07 2.289660e+07 2.070501e+07 1.891318e+07 1.746577e+07 1.105962e+07 8.613505e+06 7.197573e+06 6.245352e+06
1.408094e+07 1.408094e+07 1.408094e+07 1.408094e+07 1.408094e+07 1.408074e+07 1.408450e+07 1.444187e+07 1.490433e+07 1.545116e+07 1.653689e+07 1.755116e+07 1.855817e+07 1.958382e+07 2.061193e+07 2.161492e+07 2.256984e+07 2.633893e+07 2.859261e+07 2.979116e+07 3.024611e+07 3.013483e+07 2.956298e+07 2.741545e+07 2.469274e+07 2.213157e+07 2.000226e+07 1.829375e+07 1.692139e+07 1.082479e+07 8.495674e+06 7.127613e+06 6.198723e+06
1.453656e+07 1.453656e+07 1.453656e+07 1.453656e+07 1.453655e+07 1.453633e+07 1.454098e+07 1.497732e+07 1.554101e+07 1.620499e+07 1.750159e+07 1.866133e+07 1.975497e+07 2.082370e+07 2.186378e+07 2.285674e+07 2.378613e+07 2.731735e+07 2.927976e+07 3.018906e+07 3.037009e+07 3.000499e+07 2.920581e+07 2.672264e+07 2.385461e+07 2.129631e+07 1.924353e+07 1.763086e+07 1.634678e+07 1.058850e+07 8.376330e+06 7.056794e+06 6.151558e+06
1.442985e+07 1.442985e+07 1.442985e+07 1.442985e+07 1.442985e+07 1.442973e+07 1.443563e+07 1.494857e+07 1.560895e+07 1.638364e+07 1.787275e+07 1.915044e+07 2.029484e+07 2.136674e+07 2.237975e+07 2.332807e+07 2.420370e+07 2.745407e+07 2.918601e+07 2.990586e+07 2.992358e+07 2.941547e+07 2.849392e+07 2.584497e+07 2.292943e+07 2.041407e+07 1.845015e+07 1.693853e+07 1.574860e+07 1.035296e+07 8.255856e+06 6.985231e+06 6.103902e+06
1.404850e+07 1.404850e+07 1.404850e+07 1.404850e+07 1.404850e+07 1.404842e+07 1.405458e+07 1.457987e+07 1.525593e+07 1.604855e+07 1.756545e+07 1.884791e+07 1.997251e+07 2.100578e+07 2.196872e+07 2.286186e+07 2.368172e+07 2.670666e+07 2.831199e+07 2.896176e+07 2.893609e+07 2.839841e+07 2.745773e+07 2.480609e+07 2.193838e+07 1.950668e+07 1.764270e+07 1.623286e+07 1.513709e+07 1.012069e+07 8.134658e+06 6.913044e+06 6.055802e+06
1.352350e+07 1.352350e+07 1.352350e+07 1.352350e+07 1.352349e+07 1.352342e+07 1.352935e+07 1.403223e+07 1.467951e+07 1.543840e+07 1.688882e+07 1.810873e+07 1.917003e+07 2.013807e+07 2.103561e+07 2.186566e+07 2.262663e+07 2.544255e+07 2.696028e+07 2.759359e+07 2.758798e+07 2.708855e+07 2.619594e+07 2.365678e+07 2.090973e+07 1.859469e+07 1.683915e+07 1.552912e+07 1.452366e+07 9.894906e+06 8.013158e+06 6.840356e+06 6.007304e+06
1.292134e+07 1.292134e+07 1.292134e+07 1.292134e+07 1.292133e+07 1.292130e+07 1.292695e+07 1.339757e+07 1.400315e+07 1.471312e+07 1.606936e+07 1.720760e+07 1.819455e+07 1.909199e+07 1.992237e+07 2.068950e+07 2.139271e+07 2.400416e+07 2.543413e+07 2.605486e+07 2.608209e+07 2.564249e+07 2.482562e+07 2.245745e+07 1.987409e+07 1.769664e+07 1.605413e+07 1.484017e+07 1.391899e+07 9.676446e+06 7.891799e+06 6.767293e+06 5.958458e+06
1.231809e+07 1.231809e+07 1.231809e+07 1.231809e+07 1.231808e+07 1.231807e+07 1.232335e+07 1.276055e+07 1.332307e+07 1.398256e+07 1.524199e+07 1.629778e+07 1.721162e+07 1.804124e+07 1.880804e+07 1.951607e+07 2.016508e+07 2.258065e+07 2.391713e+07 2.451422e+07 2.456523e+07 2.418181e+07 2.344291e+07 2.126154e+07 1.885884e+07 1.682781e+07 1.529872e+07 1.417584e+07 1.333198e+07 9.463818e+06 7.771036e+06 6.693985e+06 5.909312e+06
1.174427e+07 1.174427e+07 1.174427e+07 1.174427e+07 1.174427e+07 1.174426e+07 1.174918e+07 1.215501e+07 1.267713e+07 1.328923e+07 1.445792e+07 1.543693e+07 1.628336e+07 1.705097e+07 1.775993e+07 1.841427e+07 1.901398e+07 2.124799e+07 2.249059e+07 2.305504e+07 2.311780e+07 2.277928e+07 2.210983e+07 2.010748e+07 1.788468e+07 1.599956e+07 1.458066e+07 1.354300e+07 1.276928e+07 9.256260e+06 7.651340e+06 6.620565e+06 5.859917e+06
1.121000e+07 1.121000e+07 1.121000e+07 1.121000e+07 1.121000e+07 1.120999e+07 1.121454e+07 1.159151e+07 1.207654e+07 1.264514e+07 1.373058e+07 1.463931e+07 1.542436e+07 1.613580e+07 1.679254e+07 1.739852e+07 1.795385e+07 2.002339e+07 2.117758e+07 2.170651e+07 2.177303e+07 2.146912e+07 2.085862e+07 1.901827e+07 1.696500e+07 1.521919e+07 1.390469e+07 1.294590e+07 1.223538e+07 9.053312e+06 7.533198e+06 6.547169e+06 5.810323e+06
1.070002e+07 1.070002e+07 1.070002e+07 1.070002e+07 1.070001e+07 1.070000e+07 1.070424e+07 1.105530e+07 1.150699e+07 1.203651e+07 1.304731e+07 1.389336e+07 1.462398e+07 1.528585e+07 1.589668e+07 1.646022e+07 1.697662e+07 1.890157e+07 1.997676e+07 2.047199e+07 2.053868e+07 2.026227e+07 1.970172e+07 1.800492e+07 1.610683e+07 1.449053e+07 1.327312e+07 1.238666e+07 1.173285e+07 8.854716e+06 7.417120e+06 6.473934e+06 5.760584e+06
1.021568e+07 1.021568e+07 1.021568e+07 1.021568e+07 1.021568e+07 1.021567e+07 1.021966e+07 1.054780e+07 1.096994e+07 1.146482e+07 1.240943e+07 1.319992e+07 1.388234e+07 1.450037e+07 1.507061e+07 1.559666e+07 1.607868e+07 1.787607e+07 1.888134e+07 1.934610e+07 1.941173e+07 1.915818e+07 1.864059e+07 1.707052e+07 1.531248e+07 1.381464e+07 1.268638e+07 1.186581e+07 1.126276e+07 8.660374e+06 7.303663e+06 6.401000e+06 5.710751e+06
9.765968e+06 9.765968e+06 9.765968e+06 9.765968e+06 9.765968e+06 9.765963e+06 9.769703e+06 1.007717e+07 1.047271e+07 1.093639e+07 1.182144e+07 1.256200e+07 1.320119e+07 1.377996e+07 1.431393e+07 1.480649e+07 1.525784e+07 1.694141e+07 1.788416e+07 1.832136e+07 1.838538e+07 1.815137e+07 1.767124e+07 1.621336e+07 1.458102e+07 1.319056e+07 1.214347e+07 1.138264e+07 1.082501e+07 8.470316e+06 7.193538e+06 6.328508e+06 5.660877e+06
9.353459e+06 9.353459e+06 9.353459e+06 9.353459e+06 9.353459e+06 9.353457e+06 9.356977e+06 9.645725e+06 1.001718e+07 1.045262e+07 1.128378e+07 1.197923e+07 1.257946e+07 1.312290e+07 1.362426e+07 1.408673e+07 1.451052e+07 1.609160e+07 1.697767e+07 1.738952e+07 1.745149e+07 1.723438e+07 1.678725e+07 1.542913e+07 1.390950e+07 1.261598e+07 1.164243e+07 1.093563e+07 1.041865e+07 8.284677e+06 7.087173e+06 6.256600e+06 5.611017e+06
8.976765e+06 8.976765e+06 8.976765e+06 8.976765e+06 8.976765e+06 8.976764e+06 8.980083e+06 9.251998e+06 9.601777e+06 1.001181e+07 1.079441e+07 1.144913e+07 1.201409e+07 1.252552e+07 1.299729e+07 1.343245e+07 1.383119e+07 1.531899e+07 1.615324e+07 1.654165e+07 1.660127e+07 1.639896e+07 1.598115e+07 1.471223e+07 1.329384e+07 1.208773e+07 1.118072e+07 1.052275e+07 1.004221e+07 8.103666e+06 6.984063e+06 6.185421e+06 5.561223e+06
8.630998e+06 8.630998e+06 8.630998e+06 8.630998e+06 8.630998e+06 8.630995e+06 8.634118e+06 8.890690e+06 9.220755e+06 9.607683e+06 1.034616e+07 1.096392e+07 1.149692e+07 1.197937e+07 1.242437e+07 1.283480e+07 1.321090e+07 1.461425e+07 1.540150e+07 1.576855e+07 1.582590e+07 1.563682e+07 1.524535e+07 1.405668e+07 1.272948e+07 1.160229e+07 1.075547e+07 1.014165e+07 9.693866e+06 7.927533e+06 6.883868e+06 6.115120e+06 5.511551e+06
8.308807e+06 8.308807e+06 8.308807e+06 8.308807e+06 8.308807e+06 8.308807e+06 8.311772e+06 8.554592e+06 8.866941e+06 9.233097e+06 9.931912e+06 1.051644e+07 1.102069e+07 1.147706e+07 1.189795e+07 1.228613e+07 1.264182e+07 1.396910e+07 1.471400e+07 1.506187e+07 1.511728e+07 1.494025e+07 1.457267e+07 1.345659e+07 1.221184e+07 1.115604e+07 1.036374e+07 9.789902e+06 9.371646e+06 7.756539e+06 6.786335e+06 6.045848e+06 5.462056e+06
8.011319e+06 8.011319e+06 8.011319e+06 8.011319e+06 8.011319e+06 8.011319e+06 8.014129e+06 8.244384e+06 8.540574e+06 8.887788e+06 9.550439e+06 1.010467e+07 1.058273e+07 1.101534e+07 1.141429e+07 1.178222e+07 1.211934e+07 1.337748e+07 1.408400e+07 1.441460e+07 1.446842e+07 1.430247e+07 1.395665e+07 1.290654e+07 1.173657e+07 1.074552e+07 1.000266e+07 9.465086e+06 9.073522e+06 7.590931e+06 6.691255e+06 5.977766e+06 5.412793e+06
7.737133e+06 7.737133e+06 7.737133e+06 7.737133e+06 7.737133e+06 7.737134e+06 7.739807e+06 7.958597e+06 8.240035e+06 8.569953e+06 9.199581e+06 9.726145e+06 1.018028e+07 1.059118e+07 1.097008e+07 1.131950e+07 1.163966e+07 1.283465e+07 1.350615e+07 1.382101e+07 1.387340e+07 1.371759e+07 1.339165e+07 1.240162e+07 1.129968e+07 1.036744e+07 9.669510e+06 9.164875e+06 8.797507e+06 7.430921e+06 6.598447e+06 5.911051e+06 5.363818e+06
7.486203e+06 7.486203e+06 7.486203e+06 7.486203e+06 7.486203e+06 7.486206e+06 7.488755e+06 7.697018e+06 7.964902e+06 8.278929e+06 8.878215e+06 9.379357e+06 9.811506e+06 1.020247e+07 1.056294e+07 1.089535e+07 1.119993e+07 1.233681e+07 1.297599e+07 1.327622e+07 1.332713e+07 1.318047e+07 1.287263e+07 1.193742e+07 1.089749e+07 1.001879e+07 9.361736e+06 8.887075e+06 8.541697e+06 7.276671e+06 6.507754e+06 5.845929e+06 5.315187e+06
7.257692e+06 7.257692e+06 7.257692e+06 7.257692e+06 7.257692e+06 7.257696e+06 7.260132e+06 7.458704e+06 7.714110e+06 8.013504e+06 8.584836e+06 9.062539e+06 9.474400e+06 9.846940e+06 1.019039e+07 1.050707e+07 1.079721e+07 1.188018e+07 1.248921e+07 1.277563e+07 1.282489e+07 1.268642e+07 1.239505e+07 1.150993e+07 1.052663e+07 9.696780e+06 9.076979e+06 8.629642e+06 8.304300e+06 7.128286e+06 6.419040e+06 5.782633e+06 5.266958e+06
7.050724e+06 7.050724e+06 7.050724e+06 7.050724e+06 7.050724e+06 7.050723e+06 7.053033e+06 7.242447e+06 7.486109e+06 7.771742e+06 8.316816e+06 8.772551e+06 9.165451e+06 9.520822e+06 9.848430e+06 1.015049e+07 1.042724e+07 1.146019e+07 1.204117e+07 1.231462e+07 1.236215e+07 1.223108e+07 1.195473e+07 1.111549e+07 1.018403e+07 9.398834e+06 8.813063e+06 8.390687e+06 8.083648e+06 6.985809e+06 6.332189e+06 5.720971e+06 5.219189e+06
6.858587e+06 6.858587e+06 6.858587e+06 6.858587e+06 6.858587e+06 6.858589e+06 6.860805e+06 7.041889e+06 7.274812e+06 7.547850e+06 8.068862e+06 8.504433e+06 8.879902e+06 9.219468e+06 9.532480e+06 9.821069e+06 1.008546e+07 1.107226e+07 1.162735e+07 1.188880e+07 1.193472e+07 1.181041e+07 1.154788e+07 1.075079e+07 9.866902e+06 9.122617e+06 8.568004e+06 8.168484e+06 7.878211e+06 6.849223e+06 6.247103e+06 5.660761e+06 5.171940e+06
6.680241e+06 6.680241e+06 6.680241e+06 6.680241e+06 6.680241e+06 6.680240e+06 6.682354e+06 6.855635e+06 7.078541e+06 7.339841e+06 7.838463e+06 8.255319e+06 8.614649e+06 8.939611e+06 9.239154e+06 9.515321e+06 9.768323e+06 1.071263e+07 1.124391e+07 1.149439e+07 1.153889e+07 1.142089e+07 1.117113e+07 1.041287e+07 9.572731e+06 8.866025e+06 8.340012e+06 7.961470e+06 7.686594e+06 6.718456e+06 6.163704e+06 5.601873e+06 5.125274e+06
6.512879e+06 6.512879e+06 6.512879e+06 6.512879e+06 6.512879e+06 6.512881e+06 6.514916e+06 6.681113e+06 6.894881e+06 7.145463e+06 7.623608e+06 8.023296e+06 8.367776e+06 8.679266e+06 8.966364e+06 9.231039e+06 9.473508e+06 1.037852e+07 1.088785e+07 1.112830e+07 1.117159e+07 1.105950e+07 1.082157e+07 1.009915e+07 9.299314e+06 8.627198e+06 8.127491e+06 7.768246e+06 7.507539e+06 6.593386e+06 6.081928e+06 5.544199e+06 5.079258e+06
6.358137e+06 6.358137e+06 6.358137e+06 6.358137e+06 6.358137e+06 6.358137e+06 6.360085e+06 6.519546e+06 6.724668e+06 6.965121e+06 7.423949e+06 7.807499e+06 8.138073e+06 8.436989e+06 8.712499e+06 8.966494e+06 9.199182e+06 1.006778e+07 1.055684e+07 1.078806e+07 1.083029e+07 1.072370e+07 1.049673e+07 9.807393e+06 9.044732e+06 8.404500e+06 7.929031e+06 7.587564e+06 7.339917e+06 6.473851e+06 6.001726e+06 5.487642e+06 5.033967e+06
6.213607e+06 6.213607e+06 6.213607e+06 6.213607e+06 6.213607e+06 6.213610e+06 6.215492e+06 6.368804e+06 6.565989e+06 6.797131e+06 7.238175e+06 7.606834e+06 7.924542e+06 8.211803e+06 8.476554e+06 8.720624e+06 8.944217e+06 9.778924e+06 1.024910e+07 1.047170e+07 1.051290e+07 1.041135e+07 1.019447e+07 9.535655e+06 8.807301e+06 8.196495e+06 7.743385e+06 7.418312e+06 7.182714e+06 6.359653e+06 5.923061e+06 5.432113e+06 4.989495e+06
6.081733e+06 6.081733e+06 6.081733e+06 6.081733e+06 6.081733e+06 6.081734e+06 6.083537e+06 6.230945e+06 6.420557e+06 6.642828e+06 7.066959e+06 7.421498e+06 7.727052e+06 8.003333e+06 8.257971e+06 8.492724e+06 8.707784e+06 9.510692e+06 9.963082e+06 1.017746e+07 1.021753e+07 1.012051e+07 9.912870e+06 9.282186e+06 8.585521e+06 8.001899e+06 7.569433e+06 7.259491e+06 7.035014e+06 6.250571e+06 5.845907e+06 5.377535e+06 4.945970e+06
5.960354e+06 5.960354e+06 5.960354e+06 5.960354e+06 5.960354e+06 5.960356e+06 5.962094e+06 6.104052e+06 6.286646e+06 6.500687e+06 6.909105e+06 7.250485e+06 7.544674e+06 7.810657e+06 8.055789e+06 8.281767e+06 8.488784e+06 9.261632e+06 9.697106e+06 9.903555e+06 9.942331e+06 9.849330e+06 9.650125e+06 9.045373e+06 8.378019e+06 7.819545e+06 7.406160e+06 7.110191e+06 6.895985e+06 6.146361e+06 5.770243e+06 5.323834e+06 4.903336e+06
5.848155e+06 5.848155e+06 5.848155e+06 5.848155e+06 5.848156e+06 5.848158e+06 5.849836e+06 5.986722e+06 6.162788e+06 6.369172e+06 6.762959e+06 7.092065e+06 7.375623e+06 7.631950e+06 7.868151e+06 8.085874e+06 8.285312e+06 9.029772e+06 9.449196e+06 9.648022e+06 9.685397e+06 9.595976e+06 9.404494e+06 8.823706e+06 8.183519e+06 7.648349e+06 7.252625e+06 6.969575e+06 6.764861e+06 6.046770e+06 5.696056e+06 5.270945e+06 4.861485e+06
5.744246e+06 5.744246e+06 5.744246e+06 5.744246e+06 5.744246e+06 5.744247e+06 5.745860e+06 5.877907e+06 6.047762e+06 6.246868e+06 6.626762e+06 6.944237e+06 7.217750e+06 7.464976e+06 7.692775e+06 7.902742e+06 8.095069e+06 8.812918e+06 9.217277e+06 9.408898e+06 9.444866e+06 9.358691e+06 9.174332e+06 8.615772e+06 8.000826e+06 7.487298e+06 7.107951e+06 6.836865e+06 6.640937e+06 5.951537e+06 5.623336e+06 5.218809e+06 4.820347e+06
5.645828e+06 5.645828e+06 5.645828e+06 5.645828e+06 5.645828e+06 5.645828e+06 5.647388e+06 5.774956e+06 5.939048e+06 6.131396e+06 6.498386e+06 6.805050e+06 7.069216e+06 7.307962e+06 7.527926e+06 7.730655e+06 7.916341e+06 8.609318e+06 8.999573e+06 9.184427e+06 9.219044e+06 9.135862e+06 8.958121e+06 8.420261e+06 7.828830e+06 7.335447e+06 6.971322e+06 6.711338e+06 6.523558e+06 5.860399e+06 5.552073e+06 5.167373e+06 4.779863e+06
5.553108e+06 5.553108e+06 5.553108e+06 5.553108e+06 5.553108e+06 5.553109e+06 5.554620e+06 5.677985e+06 5.836661e+06 6.022658e+06 6.377517e+06 6.674016e+06 6.929389e+06 7.160157e+06 7.372746e+06 7.568662e+06 7.748096e+06 8.417650e+06 8.794625e+06 8.973108e+06 9.006445e+06 8.926059e+06 8.754503e+06 8.235981e+06 7.666508e+06 7.191918e+06 6.841978e+06 6.592327e+06 6.412122e+06 5.773095e+06 5.482261e+06 5.116591e+06 4.739980e+06
5.467045e+06 5.467045e+06 5.467045e+06 5.467045e+06 5.467045e+06 5.467044e+06 5.468500e+06 5.587765e+06 5.741184e+06 5.921022e+06 6.264134e+06 6.550821e+06 6.797743e+06 7.020874e+06 7.226427e+06 7.415858e+06 7.589351e+06 8.236713e+06 8.601151e+06 8.773641e+06 8.805785e+06 8.728030e+06 8.562276e+06 8.061861e+06 7.512929e+06 7.055913e+06 6.719226e+06 6.479217e+06 6.306075e+06 5.689369e+06 5.413890e+06 5.066423e+06 4.700655e+06
5.384987e+06 5.384987e+06 5.384987e+06 5.384987e+06 5.384987e+06 5.384987e+06 5.386396e+06 5.501852e+06 5.650370e+06 5.824464e+06 6.156607e+06 6.434109e+06 6.673094e+06 6.889033e+06 7.087945e+06 7.271247e+06 7.439121e+06 8.065495e+06 8.418102e+06 8.584956e+06 8.615988e+06 8.540710e+06 8.380400e+06 7.896951e+06 7.367263e+06 6.926714e+06 6.602439e+06 6.371452e+06 6.204913e+06 5.608972e+06 5.346948e+06 5.016835e+06 4.661843e+06
5.306309e+06 5.306309e+06 5.306309e+06 5.306310e+06 5.306310e+06 5.306310e+06 5.307680e+06 5.419610e+06 5.563581e+06 5.732342e+06 6.054292e+06 6.323236e+06 6.554802e+06 6.763993e+06 6.956660e+06 7.134188e+06 7.296761e+06 7.903297e+06 8.244704e+06 8.406213e+06 8.436171e+06 8.363196e+06 8.207976e+06 7.740419e+06 7.228780e+06 6.803684e+06 6.491059e+06 6.268533e+06 6.108183e+06 5.531668e+06 5.281423e+06 4.967799e+06 4.623507e+06
5.232414e+06 5.232414e+06 5.232414e+06 5.232414e+06 5.232414e+06 5.232415e+06 5.233744e+06 5.342269e+06 5.481860e+06 5.645483e+06 5.957624e+06 6.218353e+06 6.442819e+06 6.645572e+06 6.832293e+06 7.004329e+06 7.161865e+06 7.749554e+06 8.080296e+06 8.236678e+06 8.265550e+06 8.194683e+06 8.044204e+06 7.591530e+06 7.096836e+06 6.686264e+06 6.384590e+06 6.170014e+06 6.015473e+06 5.457229e+06 5.217299e+06 4.919291e+06 4.585611e+06
5.163411e+06 5.163411e+06 5.163411e+06 5.163411e+06 5.163411e+06 5.163411e+06 5.164695e+06 5.269893e+06 5.405214e+06 5.563835e+06 5.866438e+06 6.119203e+06 6.336815e+06 6.533379e+06 6.714399e+06 6.881182e+06 7.033907e+06 7.603617e+06 7.924165e+06 8.075606e+06 8.103364e+06 8.034411e+06 7.888342e+06 7.449617e+06 6.970854e+06 6.573955e+06 6.282589e+06 6.075494e+06 5.926417e+06 5.385441e+06 5.154555e+06 4.871293e+06 4.548122e+06
5.097396e+06 5.097396e+06 5.097396e+06 5.097396e+06 5.097396e+06 5.097396e+06 5.098642e+06 5.200731e+06 5.332052e+06 5.485983e+06 5.779634e+06 6.024903e+06 6.236039e+06 6.426733e+06 6.602334e+06 6.764114e+06 6.912249e+06 7.464780e+06 7.775563e+06 7.922234e+06 7.948856e+06 7.881641e+06 7.739682e+06 7.314061e+06 6.850313e+06 6.466307e+06 6.184660e+06 5.984612e+06 5.840680e+06 5.316103e+06 5.093171e+06 4.823790e+06 4.511010e+06
5.033374e+06 5.033374e+06 5.033374e+06 5.033374e+06 5.033374e+06 5.033374e+06 5.034585e+06 5.133794e+06 5.261408e+06 5.410991e+06 5.696324e+06 5.934600e+06 6.139660e+06 6.324821e+06 6.495294e+06 6.652328e+06 6.796104e+06 7.332271e+06 7.633724e+06 7.775809e+06 7.801293e+06 7.735669e+06 7.597559e+06 7.184294e+06 6.734732e+06 6.362908e+06 6.090438e+06 5.897039e+06 5.757959e+06 5.249029e+06 5.033121e+06 4.776774e+06 4.474249e+06
4.971520e+06 4.971520e+06 4.971520e+06 4.971520e+06 4.971520e+06 4.971520e+06 4.972698e+06 5.069147e+06 5.193211e+06 5.338632e+06 5.616015e+06 5.847622e+06 6.046907e+06 6.226820e+06 6.392436e+06 6.544978e+06 6.684628e+06 7.205302e+06 7.497896e+06 7.635603e+06 7.659978e+06 7.595837e+06 7.461357e+06 7.059791e+06 6.623671e+06 6.263381e+06 5.999589e+06 5.812473e+06 5.677978e+06 5.184045e+06 4.974377e+06 4.730236e+06 4.437813e+06
4.911632e+06 4.911632e+06 4.911632e+06 4.911632e+06 4.911632e+06 4.911632e+06 4.912777e+06 5.006576e+06 5.127230e+06 5.268654e+06 5.538405e+06 5.763618e+06 5.957377e+06 6.132277e+06 6.293262e+06 6.441526e+06 6.577251e+06 7.083208e+06 7.367397e+06 7.500952e+06 7.524275e+06 7.461546e+06 7.330522e+06 6.940081e+06 6.516728e+06 6.167377e+06 5.911806e+06 5.730637e+06 5.600482e+06 5.120991e+06 4.916911e+06 4.684173e+06 4.401680e+06
4.853586e+06 4.853586e+06 4.853586e+06 4.853586e+06 4.853586e+06 4.853586e+06 4.854700e+06 4.945943e+06 5.063309e+06 5.200877e+06 5.463269e+06 5.682326e+06 5.870772e+06 6.040863e+06 6.197411e+06 6.341582e+06 6.473555e+06 6.965473e+06 7.241670e+06 7.371293e+06 7.393641e+06 7.332282e+06 7.204571e+06 6.824747e+06 6.413541e+06 6.074577e+06 5.826804e+06 5.651276e+06 5.525242e+06 5.059723e+06 4.860690e+06 4.638584e+06 4.365832e+06
4.797354e+06 4.797354e+06 4.797354e+06 4.797354e+06 4.797354e+06 4.797354e+06 4.798437e+06 4.887189e+06 5.001355e+06 5.135173e+06 5.390415e+06 5.603504e+06 5.786817e+06 5.952277e+06 6.104563e+06 6.244810e+06 6.373189e+06 6.851690e+06 7.120273e+06 7.246175e+06 7.267630e+06 7.207617e+06 7.083097e+06 6.713423e+06 6.313781e+06 5.984688e+06 5.744324e+06 5.574160e+06 5.452051e+06 5.000107e+06 4.805682e+06 4.593469e+06 4.330252e+06
4.742166e+06 4.742166e+06 4.742166e+06 4.742166e+06 4.742166e+06 4.742166e+06 4.743219e+06 4.829597e+06 4.940708e+06 5.070947e+06 5.319359e+06 5.526747e+06 5.705156e+06 5.866189e+06 6.014401e+06 6.150895e+06 6.275840e+06 6.741527e+06 7.002862e+06 7.125248e+06 7.145896e+06 7.087208e+06 6.965763e+06 6.605788e+06 6.217154e+06 5.897449e+06 5.664135e+06 5.499085e+06 5.380728e+06 4.942024e+06 4.751852e+06 4.548830e+06 4.294926e+06
4.687652e+06 4.687652e+06 4.687652e+06 4.687652e+06 4.687652e+06 4.687652e+06 4.688678e+06 4.772809e+06 4.881031e+06 5.007882e+06 5.249830e+06 5.451814e+06 5.625566e+06 5.782388e+06 5.926720e+06 6.059636e+06 6.181304e+06 6.634765e+06 6.889200e+06 7.008264e+06 7.028179e+06 6.970786e+06 6.852293e+06 6.501568e+06 6.123403e+06 5.812631e+06 5.586040e+06 5.425879e+06 5.311120e+06 4.885368e+06 4.699166e+06 4.504669e+06 4.259841e+06
4.633893e+06 4.633893e+06 4.633893e+06 4.633893e+06 4.633893e+06 4.633892e+06 4.634893e+06 4.716895e+06 4.822380e+06 4.946021e+06 5.181844e+06 5.378701e+06 5.548026e+06 5.700839e+06 5.841470e+06 5.970973e+06 6.089514e+06 6.531301e+06 6.779159e+06 6.895067e+06 6.914295e+06 6.858146e+06 6.742466e+06 6.400530e+06 6.032314e+06 5.730048e+06 5.509877e+06 5.354401e+06 5.243101e+06 4.830042e+06 4.647589e+06 4.460991e+06 4.224988e+06
4.581063e+06 4.581063e+06 4.581063e+06 4.581063e+06 4.581063e+06 4.581063e+06 4.582039e+06 4.662020e+06 4.764901e+06 4.885490e+06 5.115486e+06 5.307463e+06 5.472571e+06 5.621563e+06 5.758666e+06 5.884913e+06 6.000468e+06 6.431107e+06 6.672675e+06 6.785553e+06 6.804105e+06 6.749117e+06 6.636092e+06 6.302481e+06 5.943715e+06 5.649552e+06 5.435522e+06 5.284543e+06 5.176575e+06 4.775962e+06 4.597086e+06 4.417800e+06 4.190359e+06
4.529415e+06 4.529415e+06 4.529415e+06 4.529415e+06 4.529415e+06 4.529415e+06 4.530368e+06 4.608412e+06 4.708802e+06 4.826470e+06 5.050888e+06 5.238198e+06 5.399275e+06 5.544614e+06 5.678346e+06 5.801482e+06 5.914184e+06 6.334155e+06 6.569672e+06 6.679605e+06 6.697459e+06 6.643531e+06 6.532996e+06 6.207259e+06 5.857472e+06 5.571041e+06 5.362888e+06 5.216230e+06 5.111474e+06 4.723052e+06 4.547622e+06 4.375099e+06 4.155948e+06
4.479131e+06 4.479131e+06 4.479131e+06 4.479131e+06 4.479131e+06 4.479131e+06 4.480061e+06 4.556243e+06 4.654235e+06 4.769094e+06 4.988150e+06 5.170973e+06 5.328177e+06 5.470009e+06 5.600504e+06 5.720652e+06 5.830614e+06 6.240322e+06 6.469986e+06 6.577034e+06 6.594158e+06 6.541191e+06 6.432993e+06 6.114719e+06 5.773484e+06 5.494438e+06 5.291918e+06 5.149411e+06 5.047748e+06 4.671247e+06 4.499161e+06 4.332893e+06 4.121752e+06
4.430176e+06 4.430176e+06 4.430176e+06 4.430176e+06 4.430176e+06 4.430176e+06 4.431084e+06 4.505467e+06 4.601148e+06 4.713298e+06 4.927181e+06 5.105674e+06 5.259141e+06 5.397588e+06 5.524958e+06 5.642221e+06 5.749538e+06 6.149326e+06 6.373320e+06 6.477557e+06 6.493945e+06 6.441867e+06 6.335884e+06 6.024724e+06 5.691665e+06 5.419692e+06 5.222574e+06 5.084054e+06 4.985367e+06 4.620487e+06 4.451671e+06 4.291186e+06 4.087767e+06
4.382144e+06 4.382144e+06 4.382144e+06 4.382144e+06 4.382144e+06 4.382144e+06 4.383030e+06 4.455680e+06 4.549131e+06 4.658665e+06 4.867557e+06 5.041874e+06 5.191734e+06 5.326915e+06 5.451271e+06 5.565753e+06 5.670519e+06 6.060760e+06 6.279313e+06 6.380860e+06 6.396545e+06 6.345324e+06 6.241467e+06 5.937145e+06 5.611942e+06 5.346762e+06 5.154830e+06 5.020139e+06 4.924308e+06 4.570722e+06 4.405119e+06 4.249981e+06 4.053994e+06
4.334716e+06 4.334716e+06 4.334716e+06 4.334715e+06 4.334715e+06 4.334715e+06 4.335580e+06 4.406560e+06 4.497866e+06 4.604888e+06 4.808982e+06 4.979282e+06 5.125674e+06 5.257712e+06 5.379168e+06 5.490975e+06 5.593289e+06 5.974369e+06 6.187718e+06 6.286703e+06 6.301734e+06 6.251357e+06 6.149567e+06 5.851862e+06 5.534245e+06 5.275610e+06 5.088663e+06 4.957646e+06 4.864554e+06 4.521905e+06 4.359471e+06 4.209281e+06 4.020432e+06
4.287180e+06 4.287180e+06 4.287180e+06 4.287180e+06 4.287180e+06 4.287179e+06 4.288025e+06 4.357446e+06 4.446747e+06 4.551417e+06 4.751019e+06 4.917551e+06 5.060678e+06 5.189748e+06 5.308457e+06 5.417723e+06 5.517705e+06 5.890034e+06 6.098394e+06 6.194925e+06 6.209344e+06 6.159803e+06 6.060035e+06 5.768773e+06 5.458511e+06 5.206198e+06 5.024050e+06 4.896557e+06 4.806086e+06 4.473996e+06 4.314698e+06 4.169087e+06 3.987082e+06
4.239868e+06 4.239868e+06 4.239868e+06 4.239868e+06 4.239868e+06 4.239868e+06 4.240698e+06 4.308642e+06 4.396039e+06 4.498476e+06 4.693809e+06 4.856755e+06 4.996770e+06 5.123008e+06 5.239093e+06 5.345930e+06 5.443679e+06 5.807617e+06 6.011186e+06 6.105369e+06 6.119225e+06 6.070527e+06 5.972751e+06 5.687790e+06 5.384683e+06 5.138487e+06 4.960961e+06 4.836847e+06 4.748883e+06 4.426958e+06 4.270768e+06 4.129402e+06 3.953948e+06
4.193595e+06 4.193595e+06 4.193595e+06 4.193595e+06 4.193595e+06 4.193594e+06 4.194406e+06 4.260884e+06 4.346396e+06 4.446621e+06 4.637732e+06 4.797139e+06 4.934095e+06 5.057559e+06 5.171080e+06 5.275551e+06 5.371129e+06 5.726948e+06 5.925920e+06 6.017881e+06 6.031244e+06 5.983415e+06 5.887620e+06 5.608844e+06 5.312706e+06 5.072436e+06 4.899361e+06 4.778488e+06 4.692916e+06 4.380760e+06 4.227653e+06 4.090226e+06 3.921032e+06
4.148049e+06 4.148049e+06 4.148049e+06 4.148049e+06 4.148049e+06 4.148049e+06 4.148841e+06 4.213869e+06 4.297516e+06 4.395557e+06 4.582499e+06 4.738426e+06 4.872386e+06 4.993145e+06 5.104178e+06 5.206358e+06 5.299841e+06 5.647867e+06 5.842469e+06 5.932360e+06 5.945319e+06 5.898400e+06 5.804581e+06 5.531884e+06 5.242533e+06 5.007997e+06 4.839208e+06 4.721439e+06 4.638152e+06 4.335370e+06 4.185325e+06 4.051558e+06 3.888337e+06
4.102768e+06 4.102768e+06 4.102768e+06 4.102767e+06 4.102767e+06 4.102767e+06 4.103543e+06 4.167146e+06 4.248962e+06 4.344858e+06 4.527716e+06 4.680253e+06 4.811319e+06 4.929486e+06 5.038147e+06 5.138152e+06 5.229651e+06 5.570324e+06 5.760825e+06 5.848801e+06 5.861444e+06 5.815466e+06 5.723615e+06 5.456874e+06 5.174117e+06 4.945123e+06 4.780454e+06 4.665659e+06 4.584553e+06 4.290762e+06 4.143758e+06 4.013398e+06 3.855869e+06
4.058079e+06 4.058079e+06 4.058079e+06 4.058079e+06 4.058079e+06 4.058079e+06 4.058839e+06 4.121067e+06 4.201110e+06 4.294929e+06 4.473839e+06 4.623102e+06 4.751380e+06 4.867053e+06 4.973436e+06 5.071353e+06 5.160947e+06 5.494568e+06 5.681146e+06 5.767309e+06 5.779681e+06 5.734650e+06 5.644732e+06 5.383790e+06 5.107415e+06 4.883758e+06 4.723046e+06 4.611098e+06 4.532076e+06 4.246912e+06 4.102924e+06 3.975743e+06 3.823632e+06
4.014514e+06 4.014514e+06 4.014514e+06 4.014514e+06 4.014514e+06 4.014514e+06 4.015258e+06 4.076178e+06 4.154540e+06 4.246388e+06 4.421539e+06 4.567667e+06 4.693252e+06 4.806499e+06 4.910652e+06 5.006519e+06 5.094240e+06 5.420914e+06 5.603634e+06 5.688017e+06 5.700119e+06 5.656002e+06 5.567953e+06 5.312609e+06 5.042376e+06 4.823846e+06 4.666928e+06 4.557705e+06 4.480677e+06 4.203794e+06 4.062800e+06 3.938592e+06 3.791629e+06
3.971887e+06 3.971887e+06 3.971887e+06 3.971887e+06 3.971887e+06 3.971887e+06 3.972615e+06 4.032301e+06 4.109076e+06 4.199064e+06 4.370664e+06 4.513817e+06 4.636833e+06 4.747751e+06 4.849755e+06 4.943640e+06 5.029545e+06 5.349454e+06 5.528387e+06 5.611001e+06 5.622806e+06 5.579545e+06 5.493280e+06 5.243296e+06 4.978947e+06 4.765328e+06 4.612043e+06 4.505431e+06 4.430312e+06 4.161390e+06 4.023362e+06 3.901941e+06 3.759868e+06
3.929924e+06 3.929924e+06 3.929924e+06 3.929924e+06 3.929924e+06 3.929923e+06 3.930638e+06 3.989167e+06 4.064455e+06 4.152699e+06 4.320967e+06 4.461324e+06 4.581914e+06 4.690626e+06 4.790586e+06 4.882579e+06 4.966747e+06 5.280135e+06 5.455379e+06 5.536243e+06 5.547723e+06 5.505254e+06 5.420679e+06 5.175802e+06 4.917070e+06 4.708144e+06 4.558337e+06 4.454229e+06 4.380942e+06 4.119677e+06 3.984587e+06 3.865786e+06 3.728351e+06
3.888819e+06 3.888819e+06 3.888819e+06 3.888819e+06 3.888819e+06 3.888819e+06 3.889522e+06 3.946952e+06 4.020822e+06 4.107402e+06 4.272489e+06 4.410171e+06 4.528437e+06 4.635030e+06 4.733025e+06 4.823199e+06 4.905693e+06 5.212794e+06 5.384469e+06 5.463633e+06 5.474783e+06 5.433058e+06 5.350084e+06 5.110065e+06 4.856685e+06 4.652241e+06 4.505765e+06 4.404058e+06 4.332532e+06 4.078638e+06 3.946454e+06 3.830123e+06 3.697085e+06
3.849104e+06 3.849104e+06 3.849104e+06 3.849104e+06 3.849104e+06 3.849104e+06 3.849793e+06 3.906120e+06 3.978572e+06 4.063489e+06 4.225400e+06 4.360422e+06 4.476389e+06 4.580899e+06 4.676970e+06 4.765368e+06 4.846234e+06 5.147254e+06 5.315507e+06 5.393047e+06 5.403883e+06 5.362866e+06 5.281415e+06 5.046017e+06 4.797735e+06 4.597572e+06 4.454286e+06 4.354886e+06 4.285054e+06 4.038256e+06 3.908941e+06 3.794947e+06 3.666074e+06
3.810650e+06 3.810650e+06 3.810650e+06 3.810650e+06 3.810650e+06 3.810650e+06 3.811324e+06 3.866555e+06 3.937599e+06 4.020867e+06 4.179634e+06 4.312032e+06 4.425741e+06 4.528212e+06 4.622407e+06 4.709077e+06 4.788362e+06 5.083501e+06 5.248453e+06 5.324425e+06 5.334949e+06 5.294596e+06 5.214591e+06 4.983588e+06 4.740168e+06 4.544099e+06 4.403870e+06 4.306687e+06 4.238485e+06 3.998514e+06 3.872030e+06 3.760252e+06 3.635322e+06
3.773013e+06 3.773013e+06 3.773013e+06 3.773013e+06 3.773013e+06 3.773013e+06 3.773674e+06 3.827870e+06 3.897581e+06 3.979287e+06 4.135072e+06 4.264973e+06 4.376525e+06 4.477041e+06 4.569430e+06 4.654434e+06 4.732191e+06 5.021608e+06 5.183316e+06 5.257723e+06 5.267905e+06 5.228161e+06 5.149521e+06 4.922705e+06 4.683934e+06 4.491786e+06 4.354493e+06 4.259441e+06 4.192808e+06 3.959395e+06 3.835701e+06 3.726032e+06 3.604834e+06
3.736106e+06 3.736106e+06 3.736106e+06 3.736106e+06 3.736106e+06 3.736106e+06 3.736756e+06 3.789974e+06 3.858427e+06 3.938657e+06 4.091618e+06 4.219146e+06 4.328637e+06 4.427277e+06 4.517927e+06 4.601320e+06 4.677596e+06 4.961434e+06 5.119949e+06 5.192797e+06 5.202615e+06 5.163435e+06 5.086094e+06 4.863291e+06 4.628983e+06 4.440604e+06 4.306135e+06 4.213132e+06 4.148008e+06 3.920886e+06 3.799935e+06 3.692280e+06 3.574614e+06
3.700008e+06 3.700008e+06 3.700008e+06 3.700008e+06 3.700008e+06 3.700008e+06 3.700646e+06 3.752898e+06 3.820108e+06 3.898881e+06 4.049059e+06 4.174255e+06 4.281729e+06 4.378539e+06 4.467497e+06 4.549326e+06 4.624165e+06 4.902615e+06 5.058063e+06 5.129424e+06 5.138903e+06 5.100273e+06 5.024191e+06 4.805265e+06 4.575267e+06 4.390523e+06 4.258774e+06 4.167746e+06 4.104072e+06 3.882970e+06 3.764716e+06 3.658991e+06 3.544665e+06
3.664707e+06 3.664707e+06 3.664707e+06 3.664707e+06 3.664707e+06 3.664707e+06 3.665333e+06 3.716616e+06 3.782581e+06 3.859895e+06 4.007293e+06 4.130168e+06 4.235645e+06 4.330653e+06 4.417953e+06 4.498256e+06 4.571700e+06 4.844958e+06 4.997490e+06 5.067457e+06 5.076639e+06 5.038563e+06 4.963712e+06 4.748557e+06 4.522737e+06 4.341513e+06 4.212391e+06 4.123265e+06 4.060986e+06 3.845635e+06 3.730027e+06 3.626156e+06 3.514991e+06
3.629977e+06 3.629977e+06 3.629977e+06 3.629977e+06 3.629977e+06 3.629977e+06 3.630591e+06 3.680938e+06 3.745700e+06 3.821603e+06 3.966310e+06 4.086939e+06 4.190483e+06 4.283744e+06 4.369437e+06 4.448260e+06 4.520349e+06 4.788569e+06 4.938271e+06 5.006885e+06 5.015779e+06 4.978243e+06 4.904590e+06 4.693103e+06 4.471348e+06 4.293541e+06 4.166963e+06 4.079672e+06 4.018733e+06 3.808864e+06 3.695852e+06 3.593769e+06 3.485594e+06
3.595627e+06 3.595627e+06 3.595627e+06 3.595627e+06 3.595627e+06 3.595627e+06 3.596231e+06 3.645701e+06 3.709336e+06 3.783918e+06 3.926100e+06 4.044611e+06 4.146320e+06 4.237914e+06 4.322064e+06 4.399460e+06 4.470238e+06 4.733539e+06 4.880445e+06 4.947702e+06 4.956287e+06 4.919257e+06 4.846760e+06 4.638845e+06 4.421055e+06 4.246573e+06 4.122464e+06 4.036944e+06 3.977294e+06 3.772645e+06 3.662175e+06 3.561821e+06 3.456478e+06
