2.337521e+06 1.660517e+06 1.658162e+06 1.667805e+06 1.533235e+06 1.002263e+06 8.092331e+05 6.758618e+05 6.466852e+05 6.279320e+05 6.075256e+05 5.991253e+05 5.967839e+05 5.978274e+05 6.009416e+05 6.054426e+05 6.109614e+05 6.491597e+05 7.025029e+05 7.714319e+05 8.559795e+05 9.532890e+05 1.055869e+06 1.228108e+06 1.299601e+06 1.287080e+06 1.239221e+06 1.182890e+06 1.127656e+06 8.345973e+05 8.724250e+05 1.009553e+06 1.139290e+06
7.369249e+05 7.369256e+05 7.369274e+05 7.369234e+05 7.367061e+05 7.212616e+05 6.913011e+05 6.353668e+05 6.204004e+05 6.100099e+05 5.984581e+05 5.943276e+05 5.943117e+05 5.967327e+05 6.007186e+05 6.058047e+05 6.117388e+05 6.510347e+05 7.050593e+05 7.745897e+05 8.596246e+05 9.572060e+05 1.059753e+06 1.231001e+06 1.301001e+06 1.287318e+06 1.238764e+06 1.182051e+06 1.126621e+06 8.339828e+05 8.724462e+05 1.009844e+06 1.139636e+06
6.212254e+05 6.212257e+05 6.212267e+05 6.212485e+05 6.212871e+05 6.190148e+05 6.142249e+05 6.041172e+05 5.957428e+05 5.913312e+05 5.886828e+05 5.892578e+05 5.918079e+05 5.957254e+05 6.006423e+05 6.063439e+05 6.127095e+05 6.531277e+05 7.078432e+05 7.779789e+05 8.634951e+05 9.613295e+05 1.063811e+06 1.233988e+06 1.302428e+06 1.287549e+06 1.238286e+06 1.181190e+06 1.125562e+06 8.333646e+05 8.724690e+05 1.010138e+06 1.139982e+06
5.831472e+05 5.831474e+05 5.831481e+05 5.831652e+05 5.832094e+05 5.834992e+05 5.812425e+05 5.860417e+05 5.864037e+05 5.843292e+05 5.820069e+05 5.849541e+05 5.896136e+05 5.949275e+05 6.007572e+05 6.070758e+05 6.138786e+05 6.554425e+05 7.108617e+05 7.816072e+05 8.675978e+05 9.656646e+05 1.068049e+06 1.237069e+06 1.303882e+06 1.287772e+06 1.237787e+06 1.180304e+06 1.124481e+06 8.327430e+05 8.724934e+05 1.010433e+06 1.140331e+06
5.712800e+05 5.712802e+05 5.712806e+05 5.712930e+05 5.713271e+05 5.719156e+05 5.717969e+05 5.741197e+05 5.788218e+05 5.820315e+05 5.833261e+05 5.844928e+05 5.887123e+05 5.946901e+05 6.011932e+05 6.080468e+05 6.152604e+05 6.579797e+05 7.141204e+05 7.854813e+05 8.719390e+05 9.702163e+05 1.072467e+06 1.240244e+06 1.305361e+06 1.287987e+06 1.237267e+06 1.179394e+06 1.123376e+06 8.321179e+05 8.725195e+05 1.010731e+06 1.140680e+06
5.706512e+05 5.706513e+05 5.706516e+05 5.706605e+05 5.706856e+05 5.712003e+05 5.717299e+05 5.720498e+05 5.753293e+05 5.799108e+05 5.864043e+05 5.888715e+05 5.914452e+05 5.959859e+05 6.023497e+05 6.094318e+05 6.169326e+05 6.607412e+05 7.176235e+05 7.896074e+05 8.765242e+05 9.749888e+05 1.077070e+06 1.243513e+06 1.306865e+06 1.288192e+06 1.236726e+06 1.178459e+06 1.122247e+06 8.314893e+05 8.725472e+05 1.011030e+06 1.141032e+06
5.747615e+05 5.747615e+05 5.747618e+05 5.747681e+05 5.747863e+05 5.751919e+05 5.758272e+05 5.758139e+05 5.771382e+05 5.803840e+05 5.886210e+05 5.939648e+05 5.970410e+05 6.003922e+05 6.051928e+05 6.116601e+05 6.191089e+05 6.637382e+05 7.213759e+05 7.939907e+05 8.813586e+05 9.799861e+05 1.081860e+06 1.246877e+06 1.308393e+06 1.288386e+06 1.236161e+06 1.177498e+06 1.121094e+06 8.308574e+05 8.725767e+05 1.011332e+06 1.141384e+06
5.807520e+05 5.807520e+05 5.807522e+05 5.807570e+05 5.807710e+05 5.811108e+05 5.817377e+05 5.819677e+05 5.822636e+05 5.839218e+05 5.909222e+05 5.981462e+05 6.029470e+05 6.065186e+05 6.104848e+05 6.156407e+05 6.222313e+05 6.670012e+05 7.253846e+05 7.986368e+05 8.864469e+05 9.852116e+05 1.086838e+06 1.250334e+06 1.309944e+06 1.288570e+06 1.235573e+06 1.176513e+06 1.119917e+06 8.302221e+05 8.726078e+05 1.011636e+06 1.141738e+06
5.875701e+05 5.875701e+05 5.875703e+05 5.875741e+05 5.875852e+05 5.878530e+05 5.883960e+05 5.888790e+05 5.888534e+05 5.895039e+05 5.943370e+05 6.017109e+05 6.081059e+05 6.128083e+05 6.168996e+05 6.214657e+05 6.270719e+05 6.705916e+05 7.296617e+05 8.035518e+05 8.917939e+05 9.906685e+05 1.092006e+06 1.253885e+06 1.311515e+06 1.288740e+06 1.234962e+06 1.175501e+06 1.118715e+06 8.295835e+05 8.726407e+05 1.011941e+06 1.142094e+06
5.944722e+05 5.944722e+05 5.944723e+05 5.944755e+05 5.944847e+05 5.947117e+05 5.952028e+05 5.958962e+05 5.958899e+05 5.960936e+05 5.990539e+05 6.054384e+05 6.125578e+05 6.185449e+05 6.234402e+05 6.281042e+05 6.332951e+05 6.746137e+05 7.342267e+05 8.087436e+05 8.974043e+05 9.963597e+05 1.097366e+06 1.257528e+06 1.313107e+06 1.288897e+06 1.234325e+06 1.174462e+06 1.117488e+06 8.289416e+05 8.726754e+05 1.012249e+06 1.142451e+06
6.013110e+05 6.013110e+05 6.013111e+05 6.013138e+05 6.013215e+05 6.015205e+05 6.019757e+05 6.028275e+05 6.029588e+05 6.030627e+05 6.048029e+05 6.098271e+05 6.168009e+05 6.236739e+05 6.296027e+05 6.348774e+05 6.401625e+05 6.792307e+05 7.391104e+05 8.142226e+05 9.032835e+05 1.002288e+06 1.102918e+06 1.261263e+06 1.314718e+06 1.289040e+06 1.233663e+06 1.173396e+06 1.116235e+06 8.282965e+05 8.727118e+05 1.012559e+06 1.142809e+06
6.774702e+05 6.774702e+05 6.774703e+05 6.774716e+05 6.774757e+05 6.775984e+05 6.779524e+05 6.792067e+05 6.800494e+05 6.809979e+05 6.831072e+05 6.854313e+05 6.881834e+05 6.918356e+05 6.968159e+05 7.032882e+05 7.111352e+05 7.609789e+05 8.191379e+05 8.914927e+05 9.793870e+05 1.075643e+06 1.169315e+06 1.303308e+06 1.331484e+06 1.289400e+06 1.225475e+06 1.161147e+06 1.102258e+06 8.216786e+05 8.731813e+05 1.015775e+06 1.146475e+06
7.928244e+05 7.928244e+05 7.928245e+05 7.928256e+05 7.928292e+05 7.929384e+05 7.932651e+05 7.945030e+05 7.953934e+05 7.964521e+05 7.990369e+05 8.021826e+05 8.058229e+05 8.099329e+05 8.145687e+05 8.198708e+05 8.260235e+05 8.733950e+05 9.431562e+05 1.021496e+06 1.102877e+06 1.184288e+06 1.259152e+06 1.353071e+06 1.348261e+06 1.287007e+06 1.213949e+06 1.145721e+06 1.085483e+06 8.147951e+05 8.738604e+05 1.019211e+06 1.150290e+06
9.558546e+05 9.558546e+05 9.558547e+05 9.558558e+05 9.558593e+05 9.559685e+05 9.563015e+05 9.575926e+05 9.585395e+05 9.596808e+05 9.625284e+05 9.660997e+05 9.703593e+05 9.752729e+05 9.808129e+05 9.869693e+05 9.937595e+05 1.039179e+06 1.105619e+06 1.183960e+06 1.260806e+06 1.327449e+06 1.378080e+06 1.412658e+06 1.364318e+06 1.281155e+06 1.198656e+06 1.126890e+06 1.065802e+06 8.077090e+05 8.747773e+05 1.022877e+06 1.154255e+06
1.175800e+06 1.175800e+06 1.175800e+06 1.175801e+06 1.175805e+06 1.175920e+06 1.176273e+06 1.177664e+06 1.178695e+06 1.179946e+06 1.183098e+06 1.187098e+06 1.191923e+06 1.197541e+06 1.203909e+06 1.210969e+06 1.218651e+06 1.264191e+06 1.318483e+06 1.377708e+06 1.434174e+06 1.478521e+06 1.502930e+06 1.478403e+06 1.381888e+06 1.272577e+06 1.179879e+06 1.104824e+06 1.043356e+06 8.004959e+05 8.759611e+05 1.026782e+06 1.158374e+06
1.465029e+06 1.465029e+06 1.465029e+06 1.465031e+06 1.465035e+06 1.465164e+06 1.465564e+06 1.467138e+06 1.468300e+06 1.469702e+06 1.473192e+06 1.477529e+06 1.482603e+06 1.488273e+06 1.494386e+06 1.500785e+06 1.507324e+06 1.538486e+06 1.564091e+06 1.586373e+06 1.605599e+06 1.616308e+06 1.610475e+06 1.532396e+06 1.396064e+06 1.263475e+06 1.159183e+06 1.080315e+06 1.018644e+06 7.932436e+05 8.774415e+05 1.030935e+06 1.162647e+06
1.826736e+06 1.826736e+06 1.826736e+06 1.826736e+06 1.826737e+06 1.826764e+06 1.826827e+06 1.826882e+06 1.826843e+06 1.826753e+06 1.826386e+06 1.825700e+06 1.824639e+06 1.823183e+06 1.821346e+06 1.819156e+06 1.816650e+06 1.800505e+06 1.780877e+06 1.761066e+06 1.741809e+06 1.718801e+06 1.684417e+06 1.562782e+06 1.398352e+06 1.250096e+06 1.137849e+06 1.055084e+06 9.926271e+05 7.860536e+05 8.792489e+05 1.035345e+06 1.167075e+06
2.004245e+06 2.004245e+06 2.004245e+06 2.004244e+06 2.004240e+06 2.004132e+06 2.003790e+06 2.002381e+06 2.001285e+06 1.999923e+06 1.996441e+06 1.992070e+06 1.986961e+06 1.981255e+06 1.975075e+06 1.968522e+06 1.961681e+06 1.925095e+06 1.887144e+06 1.849282e+06 1.811032e+06 1.768772e+06 1.716335e+06 1.566322e+06 1.385315e+06 1.229124e+06 1.113471e+06 1.029459e+06 9.667981e+05 7.790403e+05 8.814141e+05 1.040018e+06 1.171658e+06
1.923880e+06 1.923880e+06 1.923880e+06 1.923881e+06 1.923881e+06 1.923880e+06 1.923869e+06 1.923799e+06 1.923735e+06 1.923648e+06 1.923392e+06 1.922990e+06 1.922391e+06 1.921537e+06 1.920377e+06 1.918872e+06 1.916997e+06 1.901973e+06 1.878697e+06 1.848802e+06 1.812418e+06 1.767243e+06 1.709062e+06 1.546458e+06 1.358057e+06 1.199883e+06 1.084778e+06 1.002080e+06 9.409147e+05 7.723320e+05 8.839679e+05 1.044963e+06 1.176395e+06
1.838909e+06 1.838909e+06 1.838909e+06 1.838909e+06 1.838908e+06 1.838896e+06 1.838859e+06 1.838727e+06 1.838645e+06 1.838554e+06 1.838350e+06 1.838110e+06 1.837824e+06 1.837479e+06 1.837055e+06 1.836533e+06 1.835890e+06 1.830108e+06 1.818529e+06 1.799565e+06 1.771303e+06 1.730716e+06 1.674043e+06 1.509794e+06 1.320168e+06 1.163683e+06 1.051808e+06 9.724716e+05 9.142857e+05 7.660706e+05 8.869417e+05 1.050186e+06 1.181287e+06
1.761102e+06 1.761102e+06 1.761102e+06 1.761102e+06 1.761102e+06 1.761103e+06 1.761103e+06 1.761078e+06 1.761046e+06 1.760999e+06 1.760860e+06 1.760660e+06 1.760397e+06 1.760071e+06 1.759679e+06 1.759218e+06 1.758683e+06 1.754617e+06 1.747143e+06 1.734006e+06 1.711882e+06 1.676493e+06 1.623500e+06 1.462906e+06 1.275639e+06 1.122780e+06 1.015539e+06 9.408520e+05 8.867693e+05 7.604114e+05 8.903667e+05 1.055691e+06 1.186331e+06
1.687306e+06 1.687306e+06 1.687306e+06 1.687306e+06 1.687306e+06 1.687307e+06 1.687310e+06 1.687311e+06 1.687304e+06 1.687287e+06 1.687218e+06 1.687090e+06 1.686895e+06 1.686627e+06 1.686285e+06 1.685868e+06 1.685375e+06 1.681725e+06 1.675575e+06 1.665047e+06 1.646530e+06 1.615070e+06 1.565715e+06 1.410694e+06 1.227729e+06 1.079467e+06 9.773966e+05 9.079300e+05 8.586082e+05 7.555235e+05 8.942744e+05 1.061483e+06 1.191526e+06
1.617065e+06 1.617065e+06 1.617065e+06 1.617065e+06 1.617064e+06 1.617058e+06 1.617036e+06 1.616946e+06 1.616877e+06 1.616794e+06 1.616584e+06 1.616320e+06 1.616006e+06 1.615640e+06 1.615223e+06 1.614752e+06 1.614226e+06 1.610677e+06 1.605164e+06 1.596052e+06 1.579808e+06 1.551260e+06 1.505103e+06 1.356265e+06 1.178734e+06 1.035622e+06 9.388248e+05 8.746527e+05 8.303152e+05 7.515916e+05 8.986966e+05 1.067568e+06 1.196870e+06
1.545857e+06 1.545857e+06 1.545857e+06 1.545857e+06 1.545857e+06 1.545853e+06 1.545841e+06 1.545788e+06 1.545746e+06 1.545694e+06 1.545554e+06 1.545366e+06 1.545127e+06 1.544835e+06 1.544490e+06 1.544091e+06 1.543637e+06 1.540522e+06 1.535712e+06 1.527767e+06 1.513303e+06 1.487158e+06 1.443893e+06 1.301497e+06 1.130167e+06 9.926096e+05 9.010427e+05 8.419801e+05 8.025362e+05 7.488242e+05 9.036653e+05 1.073947e+06 1.202359e+06
1.475801e+06 1.475801e+06 1.475801e+06 1.475801e+06 1.475801e+06 1.475797e+06 1.475786e+06 1.475739e+06 1.475703e+06 1.475658e+06 1.475540e+06 1.475384e+06 1.475190e+06 1.474956e+06 1.474681e+06 1.474363e+06 1.474002e+06 1.471505e+06 1.467554e+06 1.460780e+06 1.447933e+06 1.423950e+06 1.383396e+06 1.247593e+06 1.083028e+06 9.513659e+05 8.649695e+05 8.107424e+05 7.759247e+05 7.474879e+05 9.092132e+05 1.080623e+06 1.207989e+06
1.408092e+06 1.408092e+06 1.408092e+06 1.408092e+06 1.408092e+06 1.408090e+06 1.408082e+06 1.408048e+06 1.408022e+06 1.407989e+06 1.407904e+06 1.407790e+06 1.407646e+06 1.407471e+06 1.407263e+06 1.407022e+06 1.406746e+06 1.404807e+06 1.401652e+06 1.395959e+06 1.384576e+06 1.362565e+06 1.324569e+06 1.195398e+06 1.037993e+06 9.125086e+05 8.312449e+05 7.815823e+05 7.510560e+05 7.476797e+05 9.153736e+05 1.087599e+06 1.213757e+06
1.343961e+06 1.343961e+06 1.343961e+06 1.343961e+06 1.343961e+06 1.343959e+06 1.343953e+06 1.343925e+06 1.343903e+06 1.343876e+06 1.343803e+06 1.343708e+06 1.343589e+06 1.343447e+06 1.343280e+06 1.343088e+06 1.342871e+06 1.341365e+06 1.338875e+06 1.334110e+06 1.324011e+06 1.303770e+06 1.268158e+06 1.145537e+06 9.955316e+05 8.764356e+05 8.002851e+05 7.549553e+05 7.283863e+05 7.493125e+05 9.221812e+05 1.094876e+06 1.219659e+06
1.283506e+06 1.283506e+06 1.283506e+06 1.283506e+06 1.283506e+06 1.283505e+06 1.283503e+06 1.283490e+06 1.283479e+06 1.283466e+06 1.283428e+06 1.283375e+06 1.283305e+06 1.283217e+06 1.283109e+06 1.282981e+06 1.282831e+06 1.281734e+06 1.279803e+06 1.275811e+06 1.266805e+06 1.248130e+06 1.214714e+06 1.098467e+06 9.559655e+05 8.433942e+05 7.723423e+05 7.311581e+05 7.082468e+05 7.523408e+05 9.296722e+05 1.102454e+06 1.225689e+06
1.227833e+06 1.227833e+06 1.227833e+06 1.227833e+06 1.227833e+06 1.227832e+06 1.227827e+06 1.227807e+06 1.227792e+06 1.227774e+06 1.227728e+06 1.227668e+06 1.227595e+06 1.227509e+06 1.227410e+06 1.227298e+06 1.227171e+06 1.226297e+06 1.224768e+06 1.221390e+06 1.213301e+06 1.196003e+06 1.164600e+06 1.054504e+06 9.195094e+05 8.135285e+05 7.475542e+05 7.103656e+05 6.908571e+05 7.567309e+05 9.378859e+05 1.110334e+06 1.231842e+06
1.175982e+06 1.175982e+06 1.175982e+06 1.175981e+06 1.175981e+06 1.175981e+06 1.175980e+06 1.175974e+06 1.175968e+06 1.175961e+06 1.175942e+06 1.175914e+06 1.175876e+06 1.175827e+06 1.175767e+06 1.175695e+06 1.175611e+06 1.174989e+06 1.173813e+06 1.170952e+06 1.163651e+06 1.147575e+06 1.118028e+06 1.013846e+06 8.862947e+05 7.869121e+05 7.259813e+05 6.926645e+05 6.763470e+05 7.624538e+05 9.468661e+05 1.118517e+06 1.238114e+06
1.128555e+06 1.128555e+06 1.128555e+06 1.128555e+06 1.128555e+06 1.128555e+06 1.128553e+06 1.128543e+06 1.128536e+06 1.128527e+06 1.128505e+06 1.128476e+06 1.128441e+06 1.128401e+06 1.128354e+06 1.128300e+06 1.128239e+06 1.127802e+06 1.126922e+06 1.124505e+06 1.117892e+06 1.102920e+06 1.075097e+06 9.766069e+05 8.563918e+05 7.635707e+05 7.076338e+05 6.780815e+05 6.647787e+05 7.694834e+05 9.566659e+05 1.127003e+06 1.244497e+06
1.085025e+06 1.085025e+06 1.085025e+06 1.085025e+06 1.085025e+06 1.085026e+06 1.085026e+06 1.085029e+06 1.085030e+06 1.085030e+06 1.085030e+06 1.085025e+06 1.085017e+06 1.085002e+06 1.084983e+06 1.084957e+06 1.084925e+06 1.084663e+06 1.084040e+06 1.082008e+06 1.076009e+06 1.062045e+06 1.035840e+06 9.428360e+05 8.298275e+05 7.434976e+05 6.924897e+05 6.666038e+05 6.561662e+05 7.777959e+05 9.673632e+05 1.135794e+06 1.250986e+06
1.045687e+06 1.045687e+06 1.045687e+06 1.045687e+06 1.045687e+06 1.045687e+06 1.045686e+06 1.045683e+06 1.045680e+06 1.045677e+06 1.045668e+06 1.045657e+06 1.045646e+06 1.045633e+06 1.045620e+06 1.045606e+06 1.045590e+06 1.045474e+06 1.045083e+06 1.043396e+06 1.037953e+06 1.024923e+06 1.000246e+06 9.125446e+05 8.065991e+05 7.266656e+05 6.805079e+05 6.581931e+05 6.504901e+05 7.873694e+05 9.790049e+05 1.144889e+06 1.257575e+06
1.009919e+06 1.009919e+06 1.009919e+06 1.009919e+06 1.009919e+06 1.009920e+06 1.009924e+06 1.009939e+06 1.009949e+06 1.009960e+06 1.009985e+06 1.010012e+06 1.010039e+06 1.010064e+06 1.010088e+06 1.010109e+06 1.010128e+06 1.010177e+06 1.009987e+06 1.008602e+06 1.003663e+06 9.915066e+05 9.682867e+05 8.857201e+05 7.866857e+05 7.130351e+05 6.716354e+05 6.527958e+05 6.477084e+05 7.981831e+05 9.915100e+05 1.154292e+06 1.264259e+06
9.786360e+05 9.786360e+05 9.786360e+05 9.786360e+05 9.786360e+05 9.786360e+05 9.786358e+05 9.786348e+05 9.786337e+05 9.786323e+05 9.786285e+05 9.786240e+05 9.786198e+05 9.786172e+05 9.786169e+05 9.786194e+05 9.786252e+05 9.786937e+05 9.786465e+05 9.775331e+05 9.730679e+05 9.617436e+05 9.399238e+05 8.623398e+05 7.700570e+05 7.025598e+05 6.658131e+05 6.503488e+05 6.477642e+05 8.102162e+05 1.004813e+06 1.164004e+06 1.271030e+06
9.500456e+05 9.500456e+05 9.500456e+05 9.500457e+05 9.500457e+05 9.500472e+05 9.500519e+05 9.500700e+05 9.500829e+05 9.500979e+05 9.501330e+05 9.501737e+05 9.502186e+05 9.502669e+05 9.503179e+05 9.503714e+05 9.504270e+05 9.507292e+05 9.509187e+05 9.501083e+05 9.461157e+05 9.355981e+05 9.151310e+05 8.423809e+05 7.566791e+05 6.951899e+05 6.629783e+05 6.507828e+05 6.505903e+05 8.234471e+05 1.018853e+06 1.174033e+06 1.277883e+06
9.258211e+05 9.258211e+05 9.258211e+05 9.258211e+05 9.258212e+05 9.258220e+05 9.258247e+05 9.258349e+05 9.258424e+05 9.258515e+05 9.258743e+05 9.259033e+05 9.259389e+05 9.259809e+05 9.260295e+05 9.260846e+05 9.261460e+05 9.265359e+05 9.268985e+05 9.263603e+05 9.228146e+05 9.130687e+05 8.939019e+05 8.258257e+05 7.465174e+05 6.908736e+05 6.630656e+05 6.540244e+05 6.561115e+05 8.378515e+05 1.033571e+06 1.184385e+06 1.284814e+06
9.051863e+05 9.051863e+05 9.051863e+05 9.051863e+05 9.051864e+05 9.051870e+05 9.051890e+05 9.051979e+05 9.052052e+05 9.052146e+05 9.052398e+05 9.052738e+05 9.053164e+05 9.053676e+05 9.054272e+05 9.054951e+05 9.055712e+05 9.060641e+05 9.065903e+05 9.063058e+05 9.031804e+05 8.941661e+05 8.762400e+05 8.126596e+05 7.395370e+05 6.895574e+05 6.660067e+05 6.599956e+05 6.642463e+05 8.534018e+05 1.048907e+06 1.195073e+06 1.291815e+06
8.881014e+05 8.881014e+05 8.881014e+05 8.881014e+05 8.881015e+05 8.881030e+05 8.881075e+05 8.881252e+05 8.881383e+05 8.881541e+05 8.881938e+05 8.882443e+05 8.883052e+05 8.883763e+05 8.884573e+05 8.885482e+05 8.886487e+05 8.892846e+05 8.899915e+05 8.899566e+05 8.872287e+05 8.789029e+05 8.621514e+05 8.028688e+05 7.357016e+05 6.911850e+05 6.717299e+05 6.686142e+05 6.749074e+05 8.700657e+05 1.064801e+06 1.206125e+06 1.298884e+06
8.749248e+05 8.749248e+05 8.749248e+05 8.749248e+05 8.749249e+05 8.749269e+05 8.749331e+05 8.749564e+05 8.749730e+05 8.749927e+05 8.750415e+05 8.751023e+05 8.751748e+05 8.752587e+05 8.753537e+05 8.754597e+05 8.755765e+05 8.763147e+05 8.771673e+05 8.773494e+05 8.749808e+05 8.672908e+05 8.516392e+05 7.964367e+05 7.349714e+05 6.956958e+05 6.801586e+05 6.797928e+05 6.880013e+05 8.878057e+05 1.081191e+06 1.217569e+06 1.306016e+06
8.657588e+05 8.657588e+05 8.657588e+05 8.657588e+05 8.657588e+05 8.657601e+05 8.657639e+05 8.657796e+05 8.657916e+05 8.658066e+05 8.658460e+05 8.658981e+05 8.659634e+05 8.660422e+05 8.661347e+05 8.662407e+05 8.663604e+05 8.671507e+05 8.681143e+05 8.684820e+05 8.664347e+05 8.593267e+05 8.446967e+05 7.933415e+05 7.373016e+05 7.030234e+05 6.912104e+05 6.934380e+05 7.034282e+05 9.065782e+05 1.098015e+06 1.229349e+06 1.313208e+06
8.599899e+05 8.599899e+05 8.599899e+05 8.599899e+05 8.599900e+05 8.599923e+05 8.599995e+05 8.600277e+05 8.600484e+05 8.600732e+05 8.601345e+05 8.602104e+05 8.603000e+05 8.604029e+05 8.605187e+05 8.606473e+05 8.607887e+05 8.616843e+05 8.627718e+05 8.633178e+05 8.615672e+05 8.549934e+05 8.413080e+05 7.935550e+05 7.426412e+05 7.130947e+05 7.047958e+05 7.094498e+05 7.210822e+05 9.263332e+05 1.115210e+06 1.241407e+06 1.320457e+06
8.582636e+05 8.582636e+05 8.582636e+05 8.582636e+05 8.582636e+05 8.582652e+05 8.582700e+05 8.582890e+05 8.583034e+05 8.583211e+05 8.583673e+05 8.584283e+05 8.585051e+05 8.585980e+05 8.587073e+05 8.588332e+05 8.589755e+05 8.599228e+05 8.611205e+05 8.618355e+05 8.603594e+05 8.542736e+05 8.414541e+05 7.970435e+05 7.509314e+05 7.258282e+05 7.208179e+05 7.277213e+05 7.408506e+05 9.470146e+05 1.132717e+06 1.253695e+06 1.327765e+06
8.598140e+05 8.598141e+05 8.598141e+05 8.598141e+05 8.598142e+05 8.598168e+05 8.598250e+05 8.598574e+05 8.598814e+05 8.599103e+05 8.599822e+05 8.600717e+05 8.601779e+05 8.603001e+05 8.604379e+05 8.605911e+05 8.607595e+05 8.618275e+05 8.631522e+05 8.640299e+05 8.628024e+05 8.571529e+05 8.451134e+05 8.037648e+05 7.621039e+05 7.411336e+05 7.391714e+05 7.481384e+05 7.626145e+05 9.685598e+05 1.150474e+06 1.266164e+06 1.335131e+06
8.655460e+05 8.655460e+05 8.655460e+05 8.655461e+05 8.655461e+05 8.655479e+05 8.655535e+05 8.655760e+05 8.655930e+05 8.656140e+05 8.656686e+05 8.657405e+05 8.658305e+05 8.659391e+05 8.660667e+05 8.662133e+05 8.663790e+05 8.674815e+05 8.688957e+05 8.699058e+05 8.688857e+05 8.636086e+05 8.522526e+05 8.136626e+05 7.760777e+05 7.589100e+05 7.597427e+05 7.705797e+05 7.862485e+05 9.909005e+05 1.168423e+06 1.278769e+06 1.342562e+06
8.745487e+05 8.745487e+05 8.745487e+05 8.745487e+05 8.745488e+05 8.745518e+05 8.745611e+05 8.745979e+05 8.746249e+05 8.746572e+05 8.747375e+05 8.748377e+05 8.749571e+05 8.750952e+05 8.752513e+05 8.754252e+05 8.756165e+05 8.768247e+05 8.783253e+05 8.794329e+05 8.785668e+05 8.735877e+05 8.628102e+05 8.266590e+05 7.927563e+05 7.790453e+05 7.824095e+05 7.949172e+05 8.116214e+05 1.013963e+06 1.186506e+06 1.291464e+06 1.350069e+06
8.878070e+05 8.878070e+05 8.878070e+05 8.878070e+05 8.878071e+05 8.878090e+05 8.878148e+05 8.878393e+05 8.878584e+05 8.878823e+05 8.879446e+05 8.880263e+05 8.881274e+05 8.882478e+05 8.883876e+05 8.885466e+05 8.887245e+05 8.898895e+05 8.913821e+05 8.925184e+05 8.917430e+05 8.869863e+05 8.766832e+05 8.426494e+05 8.120265e+05 8.014163e+05 8.070413e+05 8.210160e+05 8.385962e+05 1.037667e+06 1.204668e+06 1.304206e+06 1.357673e+06
9.042914e+05 9.042914e+05 9.042914e+05 9.042914e+05 9.042915e+05 9.042938e+05 9.043008e+05 9.043281e+05 9.043484e+05 9.043731e+05 9.044358e+05 9.045161e+05 9.046142e+05 9.047301e+05 9.048642e+05 9.050167e+05 9.051879e+05 9.063225e+05 9.078028e+05 9.089522e+05 9.082366e+05 9.036476e+05 8.937290e+05 8.615045e+05 8.337589e+05 8.258889e+05 8.334999e+05 8.487352e+05 8.670313e+05 1.061931e+06 1.222854e+06 1.316951e+06 1.365350e+06
9.236065e+05 9.236065e+05 9.236065e+05 9.236065e+05 9.236066e+05 9.236091e+05 9.236169e+05 9.236477e+05 9.236707e+05 9.236988e+05 9.237700e+05 9.238612e+05 9.239722e+05 9.241025e+05 9.242521e+05 9.244205e+05 9.246074e+05 9.258111e+05 9.273381e+05 9.285231e+05 9.278601e+05 9.234000e+05 9.137874e+05 8.830783e+05 8.578118e+05 8.523204e+05 8.616402e+05 8.779287e+05 8.967801e+05 1.086667e+06 1.241014e+06 1.329655e+06 1.373057e+06
9.461903e+05 9.461903e+05 9.461903e+05 9.461903e+05 9.461904e+05 9.461928e+05 9.462005e+05 9.462308e+05 9.462535e+05 9.462812e+05 9.463512e+05 9.464407e+05 9.465495e+05 9.466775e+05 9.468247e+05 9.469908e+05 9.471758e+05 9.483756e+05 9.499058e+05 9.510988e+05 9.504594e+05 9.460820e+05 9.366964e+05 9.072149e+05 8.840341e+05 8.805606e+05 8.913116e+05 9.084454e+05 9.276925e+05 1.111784e+06 1.259097e+06 1.342276e+06 1.380761e+06
9.717312e+05 9.717312e+05 9.717312e+05 9.717313e+05 9.717313e+05 9.717336e+05 9.717408e+05 9.717693e+05 9.717906e+05 9.718165e+05 9.718825e+05 9.719672e+05 9.720706e+05 9.721927e+05 9.723334e+05 9.724929e+05 9.726711e+05 9.738377e+05 9.753414e+05 9.765148e+05 9.758678e+05 9.715257e+05 9.622889e+05 9.337527e+05 9.122687e+05 9.104537e+05 9.223588e+05 9.401305e+05 9.596147e+05 1.137191e+06 1.277055e+06 1.354774e+06 1.388435e+06
9.998360e+05 9.998360e+05 9.998360e+05 9.998361e+05 9.998361e+05 9.998384e+05 9.998455e+05 9.998736e+05 9.998947e+05 9.999204e+05 9.999856e+05 1.000069e+06 1.000172e+06 1.000293e+06 1.000432e+06 1.000590e+06 1.000767e+06 1.001927e+06 1.003418e+06 1.004571e+06 1.003899e+06 9.995525e+05 9.903914e+05 9.625256e+05 9.423541e+05 9.418400e+05 9.546223e+05 9.728258e+05 9.923905e+05 1.162794e+06 1.294844e+06 1.367109e+06 1.396049e+06
1.030326e+06 1.030326e+06 1.030326e+06 1.030326e+06 1.030326e+06 1.030328e+06 1.030336e+06 1.030367e+06 1.030389e+06 1.030417e+06 1.030487e+06 1.030576e+06 1.030685e+06 1.030812e+06 1.030958e+06 1.031123e+06 1.031306e+06 1.032481e+06 1.033966e+06 1.035092e+06 1.034376e+06 1.029986e+06 1.020830e+06 9.933661e+05 9.741266e+05 9.745567e+05 9.879401e+05 1.006370e+06 1.025862e+06 1.188496e+06 1.312418e+06 1.379245e+06 1.403578e+06
1.063368e+06 1.063368e+06 1.063368e+06 1.063368e+06 1.063368e+06 1.063370e+06 1.063378e+06 1.063408e+06 1.063430e+06 1.063456e+06 1.063523e+06 1.063607e+06 1.063709e+06 1.063828e+06 1.063965e+06 1.064120e+06 1.064292e+06 1.065411e+06 1.066839e+06 1.067907e+06 1.067120e+06 1.062649e+06 1.053431e+06 1.026107e+06 1.007421e+06 1.008438e+06 1.022147e+06 1.040602e+06 1.059868e+06 1.214205e+06 1.329736e+06 1.391146e+06 1.410995e+06
1.098534e+06 1.098534e+06 1.098534e+06 1.098534e+06 1.098534e+06 1.098536e+06 1.098542e+06 1.098566e+06 1.098583e+06 1.098605e+06 1.098660e+06 1.098731e+06 1.098819e+06 1.098924e+06 1.099047e+06 1.099187e+06 1.099345e+06 1.100403e+06 1.101784e+06 1.102802e+06 1.101942e+06 1.097365e+06 1.088025e+06 1.060584e+06 1.042072e+06 1.043318e+06 1.057078e+06 1.075356e+06 1.094251e+06 1.239824e+06 1.346757e+06 1.402778e+06 1.418278e+06
1.135141e+06 1.135141e+06 1.135141e+06 1.135141e+06 1.135142e+06 1.135144e+06 1.135151e+06 1.135180e+06 1.135202e+06 1.135228e+06 1.135295e+06 1.135380e+06 1.135483e+06 1.135604e+06 1.135743e+06 1.135899e+06 1.136072e+06 1.137191e+06 1.138601e+06 1.139609e+06 1.138685e+06 1.133978e+06 1.124455e+06 1.096634e+06 1.077911e+06 1.079027e+06 1.092563e+06 1.110468e+06 1.128849e+06 1.265261e+06 1.363444e+06 1.414111e+06 1.425401e+06
1.173806e+06 1.173806e+06 1.173806e+06 1.173806e+06 1.173806e+06 1.173809e+06 1.173816e+06 1.173845e+06 1.173866e+06 1.173892e+06 1.173959e+06 1.174045e+06 1.174149e+06 1.174272e+06 1.174414e+06 1.174573e+06 1.174750e+06 1.175886e+06 1.177294e+06 1.178262e+06 1.177240e+06 1.172356e+06 1.162572e+06 1.134092e+06 1.114768e+06 1.115393e+06 1.128434e+06 1.145773e+06 1.163504e+06 1.290425e+06 1.379759e+06 1.425115e+06 1.432343e+06
1.214532e+06 1.214532e+06 1.214532e+06 1.214532e+06 1.214532e+06 1.214535e+06 1.214542e+06 1.214571e+06 1.214592e+06 1.214617e+06 1.214682e+06 1.214764e+06 1.214862e+06 1.214977e+06 1.215108e+06 1.215256e+06 1.215420e+06 1.216476e+06 1.217791e+06 1.218646e+06 1.217464e+06 1.212339e+06 1.202209e+06 1.172783e+06 1.152469e+06 1.152243e+06 1.164522e+06 1.181108e+06 1.198058e+06 1.315228e+06 1.395668e+06 1.435764e+06 1.439082e+06
1.256928e+06 1.256928e+06 1.256928e+06 1.256928e+06 1.256928e+06 1.256930e+06 1.256935e+06 1.256957e+06 1.256973e+06 1.256993e+06 1.257043e+06 1.257108e+06 1.257188e+06 1.257282e+06 1.257392e+06 1.257517e+06 1.257658e+06 1.258591e+06 1.259780e+06 1.260494e+06 1.259122e+06 1.253710e+06 1.243162e+06 1.212522e+06 1.190831e+06 1.189401e+06 1.200658e+06 1.216313e+06 1.232360e+06 1.339584e+06 1.411138e+06 1.446035e+06 1.445598e+06
1.300136e+06 1.300136e+06 1.300136e+06 1.300136e+06 1.300136e+06 1.300137e+06 1.300143e+06 1.300165e+06 1.300182e+06 1.300202e+06 1.300254e+06 1.300320e+06 1.300400e+06 1.300494e+06 1.300603e+06 1.300726e+06 1.300863e+06 1.301761e+06 1.302885e+06 1.303497e+06 1.301949e+06 1.296239e+06 1.285219e+06 1.253113e+06 1.229671e+06 1.226692e+06 1.236675e+06 1.251228e+06 1.266259e+06 1.363413e+06 1.426137e+06 1.455904e+06 1.451872e+06
1.344184e+06 1.344184e+06 1.344184e+06 1.344184e+06 1.344184e+06 1.344186e+06 1.344191e+06 1.344214e+06 1.344230e+06 1.344251e+06 1.344302e+06 1.344368e+06 1.344448e+06 1.344543e+06 1.344653e+06 1.344776e+06 1.344914e+06 1.345809e+06 1.346910e+06 1.347453e+06 1.345747e+06 1.339727e+06 1.328186e+06 1.294367e+06 1.268804e+06 1.263941e+06 1.272410e+06 1.285701e+06 1.299613e+06 1.386637e+06 1.440637e+06 1.465354e+06 1.457886e+06
1.389096e+06 1.389096e+06 1.389096e+06 1.389096e+06 1.389096e+06 1.389097e+06 1.389103e+06 1.389125e+06 1.389142e+06 1.389162e+06 1.389213e+06 1.389279e+06 1.389359e+06 1.389454e+06 1.389563e+06 1.389686e+06 1.389823e+06 1.390713e+06 1.391790e+06 1.392262e+06 1.390384e+06 1.384019e+06 1.371889e+06 1.336094e+06 1.308046e+06 1.300976e+06 1.307702e+06 1.319585e+06 1.332284e+06 1.409186e+06 1.454611e+06 1.474367e+06 1.463623e+06
1.434861e+06 1.434861e+06 1.434861e+06 1.434861e+06 1.434861e+06 1.434862e+06 1.434868e+06 1.434890e+06 1.434907e+06 1.434927e+06 1.434978e+06 1.435043e+06 1.435123e+06 1.435217e+06 1.435325e+06 1.435446e+06 1.435582e+06 1.436448e+06 1.437469e+06 1.437828e+06 1.435728e+06 1.428955e+06 1.416149e+06 1.378099e+06 1.347210e+06 1.337627e+06 1.342399e+06 1.352740e+06 1.364145e+06 1.430992e+06 1.468034e+06 1.482929e+06 1.469069e+06
1.481459e+06 1.481459e+06 1.481459e+06 1.481459e+06 1.481459e+06 1.481461e+06 1.481466e+06 1.481488e+06 1.481504e+06 1.481524e+06 1.481574e+06 1.481636e+06 1.481712e+06 1.481799e+06 1.481898e+06 1.482009e+06 1.482132e+06 1.482907e+06 1.483797e+06 1.483969e+06 1.481577e+06 1.474319e+06 1.460743e+06 1.420170e+06 1.386108e+06 1.373727e+06 1.376354e+06 1.385033e+06 1.395074e+06 1.451995e+06 1.480883e+06 1.491027e+06 1.474209e+06
1.528637e+06 1.528637e+06 1.528637e+06 1.528637e+06 1.528637e+06 1.528638e+06 1.528641e+06 1.528656e+06 1.528666e+06 1.528679e+06 1.528711e+06 1.528754e+06 1.528806e+06 1.528868e+06 1.528941e+06 1.529023e+06 1.529116e+06 1.529726e+06 1.530420e+06 1.530350e+06 1.527613e+06 1.519815e+06 1.505396e+06 1.462074e+06 1.424544e+06 1.409116e+06 1.409427e+06 1.416344e+06 1.424964e+06 1.472139e+06 1.493137e+06 1.498651e+06 1.479032e+06
1.575439e+06 1.575439e+06 1.575439e+06 1.575439e+06 1.575439e+06 1.575440e+06 1.575444e+06 1.575457e+06 1.575466e+06 1.575477e+06 1.575506e+06 1.575542e+06 1.575586e+06 1.575637e+06 1.575695e+06 1.575762e+06 1.575836e+06 1.576317e+06 1.576836e+06 1.576533e+06 1.573451e+06 1.565099e+06 1.549802e+06 1.503568e+06 1.462330e+06 1.443640e+06 1.441491e+06 1.446559e+06 1.453714e+06 1.491376e+06 1.504778e+06 1.505793e+06 1.483527e+06
1.621511e+06 1.621511e+06 1.621511e+06 1.621511e+06 1.621511e+06 1.621511e+06 1.621514e+06 1.621523e+06 1.621531e+06 1.621539e+06 1.621561e+06 1.621590e+06 1.621624e+06 1.621665e+06 1.621712e+06 1.621765e+06 1.621825e+06 1.622216e+06 1.622609e+06 1.622120e+06 1.618729e+06 1.609845e+06 1.593667e+06 1.544421e+06 1.499286e+06 1.477157e+06 1.472428e+06 1.475579e+06 1.481236e+06 1.509663e+06 1.515790e+06 1.512447e+06 1.487685e+06
1.666513e+06 1.666513e+06 1.666513e+06 1.666513e+06 1.666513e+06 1.666514e+06 1.666516e+06 1.666525e+06 1.666531e+06 1.666539e+06 1.666560e+06 1.666586e+06 1.666618e+06 1.666656e+06 1.666700e+06 1.666749e+06 1.666803e+06 1.667153e+06 1.667469e+06 1.666841e+06 1.663185e+06 1.653799e+06 1.636752e+06 1.584430e+06 1.535250e+06 1.509539e+06 1.502135e+06 1.503317e+06 1.507455e+06 1.526963e+06 1.526159e+06 1.518607e+06 1.491497e+06
1.710447e+06 1.710447e+06 1.710447e+06 1.710447e+06 1.710447e+06 1.710448e+06 1.710450e+06 1.710459e+06 1.710465e+06 1.710473e+06 1.710493e+06 1.710518e+06 1.710548e+06 1.710584e+06 1.710624e+06 1.710670e+06 1.710720e+06 1.711036e+06 1.711292e+06 1.710548e+06 1.706652e+06 1.696785e+06 1.678876e+06 1.623428e+06 1.570084e+06 1.540676e+06 1.530521e+06 1.529698e+06 1.532306e+06 1.543246e+06 1.535874e+06 1.524273e+06 1.494958e+06
1.753317e+06 1.753317e+06 1.753317e+06 1.753317e+06 1.753317e+06 1.753317e+06 1.753319e+06 1.753326e+06 1.753331e+06 1.753337e+06 1.753353e+06 1.753373e+06 1.753398e+06 1.753427e+06 1.753461e+06 1.753499e+06 1.753541e+06 1.753813e+06 1.754006e+06 1.753150e+06 1.749021e+06 1.738678e+06 1.719905e+06 1.661279e+06 1.603671e+06 1.570474e+06 1.557513e+06 1.554660e+06 1.555738e+06 1.558489e+06 1.544926e+06 1.529441e+06 1.498063e+06
1.794970e+06 1.794970e+06 1.794970e+06 1.794970e+06 1.794970e+06 1.794971e+06 1.794972e+06 1.794979e+06 1.794984e+06 1.794990e+06 1.795005e+06 1.795023e+06 1.795046e+06 1.795072e+06 1.795102e+06 1.795136e+06 1.795174e+06 1.795406e+06 1.795536e+06 1.794566e+06 1.790201e+06 1.779378e+06 1.759730e+06 1.697869e+06 1.635913e+06 1.598856e+06 1.583048e+06 1.578154e+06 1.577708e+06 1.572673e+06 1.553308e+06 1.534114e+06 1.500807e+06
1.835392e+06 1.835392e+06 1.835392e+06 1.835392e+06 1.835392e+06 1.835392e+06 1.835393e+06 1.835399e+06 1.835403e+06 1.835407e+06 1.835419e+06 1.835435e+06 1.835453e+06 1.835475e+06 1.835500e+06 1.835528e+06 1.835559e+06 1.835747e+06 1.835806e+06 1.834713e+06 1.830102e+06 1.818788e+06 1.798249e+06 1.733101e+06 1.666725e+06 1.625755e+06 1.607078e+06 1.600142e+06 1.598189e+06 1.585787e+06 1.561016e+06 1.538292e+06 1.503190e+06
1.874502e+06 1.874502e+06 1.874502e+06 1.874502e+06 1.874502e+06 1.874502e+06 1.874504e+06 1.874509e+06 1.874512e+06 1.874516e+06 1.874526e+06 1.874538e+06 1.874551e+06 1.874567e+06 1.874584e+06 1.874603e+06 1.874624e+06 1.874746e+06 1.874715e+06 1.873484e+06 1.868618e+06 1.856803e+06 1.835360e+06 1.766883e+06 1.696037e+06 1.651121e+06 1.629566e+06 1.620599e+06 1.617160e+06 1.597825e+06 1.568049e+06 1.541979e+06 1.505210e+06
1.912148e+06 1.912148e+06 1.912148e+06 1.912148e+06 1.912148e+06 1.912148e+06 1.912148e+06 1.912149e+06 1.912150e+06 1.912151e+06 1.912153e+06 1.912156e+06 1.912160e+06 1.912165e+06 1.912170e+06 1.912176e+06 1.912184e+06 1.912233e+06 1.912113e+06 1.910749e+06 1.905630e+06 1.893312e+06 1.870960e+06 1.799129e+06 1.723785e+06 1.674912e+06 1.650486e+06 1.639507e+06 1.634612e+06 1.608785e+06 1.574405e+06 1.545180e+06 1.506867e+06
1.947983e+06 1.947983e+06 1.947983e+06 1.947983e+06 1.947983e+06 1.947983e+06 1.947984e+06 1.947985e+06 1.947985e+06 1.947986e+06 1.947989e+06 1.947992e+06 1.947995e+06 1.947999e+06 1.948003e+06 1.948008e+06 1.948013e+06 1.948037e+06 1.947864e+06 1.946389e+06 1.941028e+06 1.928214e+06 1.904951e+06 1.829759e+06 1.749915e+06 1.697095e+06 1.669820e+06 1.656860e+06 1.650544e+06 1.618672e+06 1.580088e+06 1.547899e+06 1.508162e+06
1.982113e+06 1.982113e+06 1.982113e+06 1.982113e+06 1.982113e+06 1.982113e+06 1.982113e+06 1.982114e+06 1.982115e+06 1.982116e+06 1.982119e+06 1.982123e+06 1.982127e+06 1.982131e+06 1.982135e+06 1.982140e+06 1.982144e+06 1.982150e+06 1.981926e+06 1.980339e+06 1.974733e+06 1.961417e+06 1.937244e+06 1.858700e+06 1.774381e+06 1.717648e+06 1.687561e+06 1.672661e+06 1.664965e+06 1.627496e+06 1.585102e+06 1.550144e+06 1.509099e+06
2.014667e+06 2.014667e+06 2.014667e+06 2.014667e+06 2.014667e+06 2.014667e+06 2.014668e+06 2.014668e+06 2.014668e+06 2.014668e+06 2.014668e+06 2.014666e+06 2.014664e+06 2.014660e+06 2.014656e+06 2.014650e+06 2.014643e+06 2.014580e+06 2.014262e+06 2.012530e+06 2.006658e+06 1.992831e+06 1.967747e+06 1.885883e+06 1.797144e+06 1.736556e+06 1.703712e+06 1.686919e+06 1.677890e+06 1.635271e+06 1.589453e+06 1.551921e+06 1.509680e+06
2.045430e+06 2.045430e+06 2.045430e+06 2.045430e+06 2.045430e+06 2.045430e+06 2.045429e+06 2.045426e+06 2.045423e+06 2.045420e+06 2.045412e+06 2.045402e+06 2.045389e+06 2.045373e+06 2.045356e+06 2.045336e+06 2.045314e+06 2.045157e+06 2.044718e+06 2.042820e+06 2.036671e+06 2.022334e+06 1.996356e+06 1.911240e+06 1.818173e+06 1.753813e+06 1.718280e+06 1.699653e+06 1.689342e+06 1.642013e+06 1.593151e+06 1.553240e+06 1.509910e+06
2.074036e+06 2.074036e+06 2.074036e+06 2.074036e+06 2.074036e+06 2.074036e+06 2.074035e+06 2.074031e+06 2.074028e+06 2.074024e+06 2.074013e+06 2.073998e+06 2.073979e+06 2.073956e+06 2.073928e+06 2.073897e+06 2.073862e+06 2.073619e+06 2.073067e+06 2.071017e+06 2.064613e+06 2.049799e+06 2.022968e+06 1.934715e+06 1.837448e+06 1.769424e+06 1.731283e+06 1.710887e+06 1.699350e+06 1.647745e+06 1.596204e+06 1.554109e+06 1.509795e+06
2.100305e+06 2.100305e+06 2.100305e+06 2.100305e+06 2.100305e+06 2.100304e+06 2.100302e+06 2.100294e+06 2.100288e+06 2.100280e+06 2.100261e+06 2.100237e+06 2.100207e+06 2.100172e+06 2.100132e+06 2.100088e+06 2.100039e+06 2.099729e+06 2.099110e+06 2.096963e+06 2.090361e+06 2.075130e+06 2.047511e+06 1.956273e+06 1.854961e+06 1.783400e+06 1.742747e+06 1.720655e+06 1.707951e+06 1.652492e+06 1.598625e+06 1.554539e+06 1.509340e+06
2.123865e+06 2.123865e+06 2.123865e+06 2.123865e+06 2.123865e+06 2.123864e+06 2.123862e+06 2.123854e+06 2.123848e+06 2.123841e+06 2.123824e+06 2.123803e+06 2.123778e+06 2.123749e+06 2.123717e+06 2.123681e+06 2.123641e+06 2.123378e+06 2.122791e+06 2.120628e+06 2.113896e+06 2.098309e+06 2.069970e+06 1.975907e+06 1.870722e+06 1.795767e+06 1.752705e+06 1.728994e+06 1.715184e+06 1.656282e+06 1.600428e+06 1.554539e+06 1.508552e+06
2.145118e+06 2.145118e+06 2.145118e+06 2.145118e+06 2.145118e+06 2.145118e+06 2.145117e+06 2.145115e+06 2.145114e+06 2.145112e+06 2.145107e+06 2.145100e+06 2.145091e+06 2.145080e+06 2.145065e+06 2.145048e+06 2.145027e+06 2.144851e+06 2.144321e+06 2.142159e+06 2.135315e+06 2.119400e+06 2.090385e+06 1.993637e+06 1.884756e+06 1.806556e+06 1.761197e+06 1.735949e+06 1.721096e+06 1.659146e+06 1.601626e+06 1.554121e+06 1.507438e+06
2.164876e+06 2.164876e+06 2.164876e+06 2.164876e+06 2.164876e+06 2.164876e+06 2.164876e+06 2.164873e+06 2.164872e+06 2.164870e+06 2.164863e+06 2.164854e+06 2.164842e+06 2.164827e+06 2.164807e+06 2.164783e+06 2.164756e+06 2.164539e+06 2.163962e+06 2.161729e+06 2.154733e+06 2.138481e+06 2.108808e+06 2.009499e+06 1.897097e+06 1.815809e+06 1.768269e+06 1.741568e+06 1.725738e+06 1.661116e+06 1.602237e+06 1.553297e+06 1.506006e+06
2.183023e+06 2.183023e+06 2.183023e+06 2.183023e+06 2.183023e+06 2.183022e+06 2.183020e+06 2.183010e+06 2.183003e+06 2.182994e+06 2.182971e+06 2.182942e+06 2.182908e+06 2.182868e+06 2.182823e+06 2.182773e+06 2.182719e+06 2.182371e+06 2.181679e+06 2.179331e+06 2.172162e+06 2.155573e+06 2.125269e+06 2.023526e+06 1.907786e+06 1.823573e+06 1.773973e+06 1.745905e+06 1.729163e+06 1.662228e+06 1.602276e+06 1.552077e+06 1.504264e+06
2.198681e+06 2.198681e+06 2.198681e+06 2.198681e+06 2.198681e+06 2.198680e+06 2.198678e+06 2.198668e+06 2.198660e+06 2.198651e+06 2.198628e+06 2.198598e+06 2.198562e+06 2.198520e+06 2.198472e+06 2.198419e+06 2.198361e+06 2.197988e+06 2.197262e+06 2.194857e+06 2.187557e+06 2.170670e+06 2.139783e+06 2.035757e+06 1.916870e+06 1.829902e+06 1.778363e+06 1.749016e+06 1.731427e+06 1.662517e+06 1.601762e+06 1.550475e+06 1.502222e+06
2.211873e+06 2.211873e+06 2.211873e+06 2.211873e+06 2.211873e+06 2.211873e+06 2.211871e+06 2.211867e+06 2.211863e+06 2.211859e+06 2.211847e+06 2.211831e+06 2.211811e+06 2.211785e+06 2.211755e+06 2.211720e+06 2.211679e+06 2.211389e+06 2.210720e+06 2.208324e+06 2.200943e+06 2.183805e+06 2.152388e+06 2.046236e+06 1.924403e+06 1.834851e+06 1.781500e+06 1.750962e+06 1.732590e+06 1.662021e+06 1.600715e+06 1.548504e+06 1.499888e+06
2.223368e+06 2.223368e+06 2.223368e+06 2.223368e+06 2.223368e+06 2.223368e+06 2.223366e+06 2.223362e+06 2.223358e+06 2.223354e+06 2.223343e+06 2.223328e+06 2.223310e+06 2.223289e+06 2.223263e+06 2.223233e+06 2.223199e+06 2.222942e+06 2.222297e+06 2.219895e+06 2.212433e+06 2.195059e+06 2.163150e+06 2.055020e+06 1.930442e+06 1.838483e+06 1.783445e+06 1.751804e+06 1.732711e+06 1.660779e+06 1.599153e+06 1.546175e+06 1.497271e+06
2.233409e+06 2.233409e+06 2.233409e+06 2.233409e+06 2.233409e+06 2.233408e+06 2.233406e+06 2.233399e+06 2.233393e+06 2.233387e+06 2.233370e+06 2.233348e+06 2.233321e+06 2.233290e+06 2.233253e+06 2.233212e+06 2.233165e+06 2.232849e+06 2.232150e+06 2.229689e+06 2.222117e+06 2.204507e+06 2.172134e+06 2.062171e+06 1.935050e+06 1.840861e+06 1.784263e+06 1.751605e+06 1.731852e+06 1.658829e+06 1.597097e+06 1.543502e+06 1.494382e+06
2.241654e+06 2.241654e+06 2.241654e+06 2.241654e+06 2.241654e+06 2.241654e+06 2.241651e+06 2.241642e+06 2.241635e+06 2.241627e+06 2.241605e+06 2.241577e+06 2.241543e+06 2.241503e+06 2.241457e+06 2.241405e+06 2.241348e+06 2.240971e+06 2.240214e+06 2.237689e+06 2.230011e+06 2.212183e+06 2.179386e+06 2.067747e+06 1.938292e+06 1.842051e+06 1.784018e+06 1.750427e+06 1.730075e+06 1.656211e+06 1.594567e+06 1.540499e+06 1.491230e+06
2.247831e+06 2.247831e+06 2.247831e+06 2.247831e+06 2.247831e+06 2.247830e+06 2.247827e+06 2.247818e+06 2.247811e+06 2.247803e+06 2.247781e+06 2.247754e+06 2.247721e+06 2.247683e+06 2.247639e+06 2.247589e+06 2.247533e+06 2.247164e+06 2.246407e+06 2.243864e+06 2.236120e+06 2.218116e+06 2.184952e+06 2.071810e+06 1.940235e+06 1.842121e+06 1.782776e+06 1.748336e+06 1.727441e+06 1.652964e+06 1.591585e+06 1.537177e+06 1.487824e+06
