9.513690e+08 9.508592e+08 9.503118e+08 9.313428e+08 9.204487e+08 8.660043e+08 8.372376e+08 8.108868e+08 8.057711e+08 8.042386e+08 8.087835e+08 8.198805e+08 8.348219e+08 8.520607e+08 8.706849e+08 8.901231e+08 9.099952e+08 1.008890e+09 1.099706e+09 1.180534e+09 1.252713e+09 1.318093e+09 1.378320e+09 1.488196e+09 1.589156e+09 1.684379e+09 1.774681e+09 1.859468e+09 1.937492e+09 2.217088e+09 1.941540e+09 1.597538e+09 1.310896e+09
8.256621e+08 8.256640e+08 8.256693e+08 8.257718e+08 8.258626e+08 8.195259e+08 8.138624e+08 7.982986e+08 7.975768e+08 7.989049e+08 8.069382e+08 8.201013e+08 8.364027e+08 8.545846e+08 8.738794e+08 8.937980e+08 9.140128e+08 1.013493e+09 1.104120e+09 1.184572e+09 1.256368e+09 1.321413e+09 1.381363e+09 1.490841e+09 1.591556e+09 1.686626e+09 1.776824e+09 1.861526e+09 1.939466e+09 2.217732e+09 1.941238e+09 1.596944e+09 1.310283e+09
7.956545e+08 7.956550e+08 7.956567e+08 7.956962e+08 7.957821e+08 7.940528e+08 7.918227e+08 7.927173e+08 7.897360e+08 7.919489e+08 8.042398e+08 8.202560e+08 8.383241e+08 8.576404e+08 8.776850e+08 8.981052e+08 9.186532e+08 1.018553e+09 1.108846e+09 1.188827e+09 1.260180e+09 1.324852e+09 1.384500e+09 1.493553e+09 1.594008e+09 1.688915e+09 1.779002e+09 1.863616e+09 1.941469e+09 2.218377e+09 1.940932e+09 1.596347e+09 1.309667e+09
7.839461e+08 7.839464e+08 7.839472e+08 7.839704e+08 7.840303e+08 7.844480e+08 7.816222e+08 7.909352e+08 7.947521e+08 7.963999e+08 8.043979e+08 8.211596e+08 8.407929e+08 8.612772e+08 8.821062e+08 9.030358e+08 9.239037e+08 1.024059e+09 1.113875e+09 1.193293e+09 1.264146e+09 1.328407e+09 1.387729e+09 1.496328e+09 1.596509e+09 1.691247e+09 1.781218e+09 1.865737e+09 1.943499e+09 2.219024e+09 1.940621e+09 1.595747e+09 1.309049e+09
7.824435e+08 7.824437e+08 7.824442e+08 7.824597e+08 7.825019e+08 7.831620e+08 7.827365e+08 7.867680e+08 7.952350e+08 8.028795e+08 8.139154e+08 8.269171e+08 8.450813e+08 8.659291e+08 8.872884e+08 9.086274e+08 9.297603e+08 1.029986e+09 1.119191e+09 1.197959e+09 1.268258e+09 1.332073e+09 1.391047e+09 1.499167e+09 1.599060e+09 1.693619e+09 1.783469e+09 1.867890e+09 1.945556e+09 2.219672e+09 1.940305e+09 1.595142e+09 1.308429e+09
7.867412e+08 7.867413e+08 7.867417e+08 7.867547e+08 7.867916e+08 7.875731e+08 7.885305e+08 7.906105e+08 7.972559e+08 8.067664e+08 8.247181e+08 8.391659e+08 8.546108e+08 8.730106e+08 8.938001e+08 9.151137e+08 9.363107e+08 1.036307e+09 1.124775e+09 1.202815e+09 1.272508e+09 1.335846e+09 1.394450e+09 1.502066e+09 1.601659e+09 1.696033e+09 1.785756e+09 1.870074e+09 1.947641e+09 2.220320e+09 1.939986e+09 1.594534e+09 1.307806e+09
7.963864e+08 7.963865e+08 7.963868e+08 7.963975e+08 7.964283e+08 7.971716e+08 7.985863e+08 8.009962e+08 8.052705e+08 8.131832e+08 8.338516e+08 8.524057e+08 8.684549e+08 8.849007e+08 9.030799e+08 9.231169e+08 9.438449e+08 1.043004e+09 1.130605e+09 1.207845e+09 1.276888e+09 1.339720e+09 1.397935e+09 1.505025e+09 1.604306e+09 1.698487e+09 1.788078e+09 1.872290e+09 1.949754e+09 2.220970e+09 1.939661e+09 1.593922e+09 1.307180e+09
8.100641e+08 8.100642e+08 8.100645e+08 8.100733e+08 8.100991e+08 8.107602e+08 8.121633e+08 8.150868e+08 8.181053e+08 8.239880e+08 8.432181e+08 8.645725e+08 8.830595e+08 8.996393e+08 9.162902e+08 9.339914e+08 9.529993e+08 1.050081e+09 1.136660e+09 1.213033e+09 1.281387e+09 1.343688e+09 1.401496e+09 1.508041e+09 1.607000e+09 1.700982e+09 1.790436e+09 1.874537e+09 1.951894e+09 2.221620e+09 1.939332e+09 1.593306e+09 1.306552e+09
8.259359e+08 8.259360e+08 8.259362e+08 8.259436e+08 8.259654e+08 8.265132e+08 8.277766e+08 8.310999e+08 8.337353e+08 8.382863e+08 8.546019e+08 8.762186e+08 8.969233e+08 9.149399e+08 9.314494e+08 9.478611e+08 9.649177e+08 1.057586e+09 1.142925e+09 1.218366e+09 1.285995e+09 1.347742e+09 1.405130e+09 1.511112e+09 1.609739e+09 1.703516e+09 1.792829e+09 1.876815e+09 1.954062e+09 2.222271e+09 1.938999e+09 1.592686e+09 1.305921e+09
8.427654e+08 8.427654e+08 8.427656e+08 8.427719e+08 8.427903e+08 8.432881e+08 8.445344e+08 8.481858e+08 8.508373e+08 8.547471e+08 8.683717e+08 8.884790e+08 9.100532e+08 9.296732e+08 9.470008e+08 9.631102e+08 9.790382e+08 1.065630e+09 1.149392e+09 1.223828e+09 1.290701e+09 1.351876e+09 1.408831e+09 1.514235e+09 1.612522e+09 1.706088e+09 1.795256e+09 1.879124e+09 1.956257e+09 2.222923e+09 1.938660e+09 1.592063e+09 1.305287e+09
8.607626e+08 8.607627e+08 8.607628e+08 8.607683e+08 8.607844e+08 8.612284e+08 8.623515e+08 8.659772e+08 8.687056e+08 8.723718e+08 8.840662e+08 9.019905e+08 9.230657e+08 9.436331e+08 9.620713e+08 9.786103e+08 9.941475e+08 1.074414e+09 1.156073e+09 1.229409e+09 1.295496e+09 1.356081e+09 1.412594e+09 1.517408e+09 1.615349e+09 1.708699e+09 1.797718e+09 1.881464e+09 1.958478e+09 2.223575e+09 1.938317e+09 1.591436e+09 1.304652e+09
1.020511e+09 1.020511e+09 1.020511e+09 1.020513e+09 1.020516e+09 1.020613e+09 1.020875e+09 1.022872e+09 1.025696e+09 1.029946e+09 1.041460e+09 1.054568e+09 1.067680e+09 1.080712e+09 1.094138e+09 1.108270e+09 1.123039e+09 1.193369e+09 1.246591e+09 1.295781e+09 1.348060e+09 1.401168e+09 1.452736e+09 1.551343e+09 1.645676e+09 1.736739e+09 1.824117e+09 1.906477e+09 1.982137e+09 2.230101e+09 1.934617e+09 1.584947e+09 1.298150e+09
1.095532e+09 1.095532e+09 1.095532e+09 1.095533e+09 1.095534e+09 1.095566e+09 1.095656e+09 1.097788e+09 1.101643e+09 1.107769e+09 1.125000e+09 1.144972e+09 1.164397e+09 1.181865e+09 1.197158e+09 1.210633e+09 1.222851e+09 1.279558e+09 1.334873e+09 1.380876e+09 1.420153e+09 1.458794e+09 1.499719e+09 1.588731e+09 1.679084e+09 1.767796e+09 1.853419e+09 1.934195e+09 2.008235e+09 2.236548e+09 1.930390e+09 1.578055e+09 1.291387e+09
1.122798e+09 1.122798e+09 1.122798e+09 1.122799e+09 1.122799e+09 1.122814e+09 1.122866e+09 1.125497e+09 1.130508e+09 1.138545e+09 1.161304e+09 1.187823e+09 1.213755e+09 1.237188e+09 1.257663e+09 1.275357e+09 1.290677e+09 1.347112e+09 1.395637e+09 1.443986e+09 1.487591e+09 1.525791e+09 1.561485e+09 1.635066e+09 1.716681e+09 1.801919e+09 1.885413e+09 1.964358e+09 2.036520e+09 2.242778e+09 1.925588e+09 1.570747e+09 1.284359e+09
1.130933e+09 1.130933e+09 1.130933e+09 1.130934e+09 1.130934e+09 1.130946e+09 1.130993e+09 1.134173e+09 1.140281e+09 1.150081e+09 1.177810e+09 1.210101e+09 1.241695e+09 1.270313e+09 1.295421e+09 1.317225e+09 1.336164e+09 1.402651e+09 1.449139e+09 1.493923e+09 1.539187e+09 1.582019e+09 1.621077e+09 1.692522e+09 1.764584e+09 1.841429e+09 1.920864e+09 1.997146e+09 2.066930e+09 2.248639e+09 1.920160e+09 1.563007e+09 1.277063e+09
1.134759e+09 1.134759e+09 1.134759e+09 1.134759e+09 1.134759e+09 1.134768e+09 1.134811e+09 1.138496e+09 1.145602e+09 1.156988e+09 1.189115e+09 1.226430e+09 1.262894e+09 1.295927e+09 1.324950e+09 1.350226e+09 1.372264e+09 1.449983e+09 1.500218e+09 1.542979e+09 1.586055e+09 1.629871e+09 1.672440e+09 1.749902e+09 1.820759e+09 1.891121e+09 1.962598e+09 2.033661e+09 2.099871e+09 2.253964e+09 1.914054e+09 1.554823e+09 1.269495e+09
1.137928e+09 1.137928e+09 1.137928e+09 1.137928e+09 1.137928e+09 1.137935e+09 1.137973e+09 1.142149e+09 1.150223e+09 1.163131e+09 1.199433e+09 1.241453e+09 1.282433e+09 1.319525e+09 1.352123e+09 1.380541e+09 1.405364e+09 1.493543e+09 1.549785e+09 1.593746e+09 1.635025e+09 1.677227e+09 1.720225e+09 1.803124e+09 1.877884e+09 1.946900e+09 2.013101e+09 2.076747e+09 2.136566e+09 2.258588e+09 1.907221e+09 1.546181e+09 1.261653e+09
1.140483e+09 1.140483e+09 1.140483e+09 1.140483e+09 1.140484e+09 1.140488e+09 1.140524e+09 1.145211e+09 1.154280e+09 1.168746e+09 1.209281e+09 1.256031e+09 1.301518e+09 1.342642e+09 1.378770e+09 1.410271e+09 1.437806e+09 1.535983e+09 1.598719e+09 1.645915e+09 1.687236e+09 1.727808e+09 1.769423e+09 1.853749e+09 1.932890e+09 2.003900e+09 2.068081e+09 2.126641e+09 2.179447e+09 2.262351e+09 1.899611e+09 1.537072e+09 1.253537e+09
1.141486e+09 1.141486e+09 1.141486e+09 1.141486e+09 1.141486e+09 1.141489e+09 1.141521e+09 1.146748e+09 1.156870e+09 1.172982e+09 1.217968e+09 1.269668e+09 1.319856e+09 1.365172e+09 1.404958e+09 1.439644e+09 1.469967e+09 1.578212e+09 1.647521e+09 1.698911e+09 1.741871e+09 1.781929e+09 1.822031e+09 1.904713e+09 1.985941e+09 2.059670e+09 2.124064e+09 2.179677e+09 2.227145e+09 2.265109e+09 1.891181e+09 1.527485e+09 1.245144e+09
1.139751e+09 1.139751e+09 1.139751e+09 1.139751e+09 1.139751e+09 1.139752e+09 1.139782e+09 1.145594e+09 1.156845e+09 1.174715e+09 1.224449e+09 1.281416e+09 1.336598e+09 1.386361e+09 1.430025e+09 1.468084e+09 1.501352e+09 1.620125e+09 1.696171e+09 1.752219e+09 1.797877e+09 1.838648e+09 1.877962e+09 1.957899e+09 2.038549e+09 2.113730e+09 2.178997e+09 2.233172e+09 2.276746e+09 2.266751e+09 1.881888e+09 1.517413e+09 1.236475e+09
1.134374e+09 1.134374e+09 1.134374e+09 1.134374e+09 1.134374e+09 1.134374e+09 1.134405e+09 1.140850e+09 1.153310e+09 1.173060e+09 1.227858e+09 1.290440e+09 1.350944e+09 1.405448e+09 1.453246e+09 1.494900e+09 1.531309e+09 1.661269e+09 1.744370e+09 1.805392e+09 1.854409e+09 1.896875e+09 1.936330e+09 2.013834e+09 2.092083e+09 2.166691e+09 2.232094e+09 2.285347e+09 2.326071e+09 2.267206e+09 1.871701e+09 1.506850e+09 1.227532e+09
1.125121e+09 1.125121e+09 1.125121e+09 1.125121e+09 1.125121e+09 1.125120e+09 1.125152e+09 1.132268e+09 1.146008e+09 1.167745e+09 1.227898e+09 1.296416e+09 1.362549e+09 1.422068e+09 1.474244e+09 1.519706e+09 1.559444e+09 1.701267e+09 1.791817e+09 1.858099e+09 1.910905e+09 1.955756e+09 1.996167e+09 2.072191e+09 2.147201e+09 2.219354e+09 2.283389e+09 2.335267e+09 2.373543e+09 2.266454e+09 1.860591e+09 1.495794e+09 1.218314e+09
1.112352e+09 1.112352e+09 1.112352e+09 1.112352e+09 1.112352e+09 1.112351e+09 1.112385e+09 1.120205e+09 1.135279e+09 1.159089e+09 1.224823e+09 1.299526e+09 1.371525e+09 1.436276e+09 1.493022e+09 1.542465e+09 1.585688e+09 1.739972e+09 1.838364e+09 1.910177e+09 1.967054e+09 2.014727e+09 2.056686e+09 2.132260e+09 2.203887e+09 2.272210e+09 2.333201e+09 2.382607e+09 2.418177e+09 2.264548e+09 1.848542e+09 1.484242e+09 1.208826e+09
1.096526e+09 1.096526e+09 1.096526e+09 1.096526e+09 1.096526e+09 1.096525e+09 1.096562e+09 1.105113e+09 1.121568e+09 1.147520e+09 1.219021e+09 1.300115e+09 1.378180e+09 1.448344e+09 1.509822e+09 1.563394e+09 1.610235e+09 1.777501e+09 1.884081e+09 1.961634e+09 2.022736e+09 2.073446e+09 2.117295e+09 2.193224e+09 2.261650e+09 2.325283e+09 2.381749e+09 2.427325e+09 2.459442e+09 2.261636e+09 1.835548e+09 1.472197e+09 1.199070e+09
1.078371e+09 1.078371e+09 1.078371e+09 1.078371e+09 1.078371e+09 1.078370e+09 1.078412e+09 1.087714e+09 1.105588e+09 1.133739e+09 1.211160e+09 1.298819e+09 1.383114e+09 1.458842e+09 1.525189e+09 1.583009e+09 1.633575e+09 1.814213e+09 1.929183e+09 2.012547e+09 2.077875e+09 2.131644e+09 2.177494e+09 2.254238e+09 2.319711e+09 2.378172e+09 2.428968e+09 2.469397e+09 2.497070e+09 2.258078e+09 1.821612e+09 1.459665e+09 1.189051e+09
1.058737e+09 1.058737e+09 1.058737e+09 1.058737e+09 1.058737e+09 1.058736e+09 1.058782e+09 1.068851e+09 1.088172e+09 1.118568e+09 1.202032e+09 1.296389e+09 1.387044e+09 1.468448e+09 1.539760e+09 1.601908e+09 1.656264e+09 1.850417e+09 1.973747e+09 2.062811e+09 2.132226e+09 2.188929e+09 2.236724e+09 2.314420e+09 2.377113e+09 2.430151e+09 2.474475e+09 2.508654e+09 2.530876e+09 2.253751e+09 1.806754e+09 1.446653e+09 1.178774e+09
1.038222e+09 1.038222e+09 1.038222e+09 1.038222e+09 1.038221e+09 1.038221e+09 1.038271e+09 1.049118e+09 1.069910e+09 1.102585e+09 1.192174e+09 1.293305e+09 1.390366e+09 1.477466e+09 1.553735e+09 1.620186e+09 1.678294e+09 1.885718e+09 2.017202e+09 2.111809e+09 2.185158e+09 2.244642e+09 2.294253e+09 2.372818e+09 2.432782e+09 2.480268e+09 2.517611e+09 2.544726e+09 2.560632e+09 2.248010e+09 1.791004e+09 1.433172e+09 1.168247e+09
1.015467e+09 1.015467e+09 1.015467e+09 1.015467e+09 1.015467e+09 1.015459e+09 1.015493e+09 1.027057e+09 1.049288e+09 1.084209e+09 1.179828e+09 1.287606e+09 1.390947e+09 1.483638e+09 1.564791e+09 1.635503e+09 1.697347e+09 1.918185e+09 2.058056e+09 2.158357e+09 2.235673e+09 2.297871e+09 2.349180e+09 2.428404e+09 2.485573e+09 2.527432e+09 2.557518e+09 2.577053e+09 2.586015e+09 2.240386e+09 1.774408e+09 1.419237e+09 1.157477e+09
9.815012e+08 9.815012e+08 9.815012e+08 9.815011e+08 9.815009e+08 9.814935e+08 9.815319e+08 9.939668e+08 1.017830e+09 1.055263e+09 1.157578e+09 1.272705e+09 1.382986e+09 1.481860e+09 1.568427e+09 1.643871e+09 1.709874e+09 1.945686e+09 2.094841e+09 2.201298e+09 2.282754e+09 2.347651e+09 2.400534e+09 2.480105e+09 2.534299e+09 2.570474e+09 2.593210e+09 2.604933e+09 2.606598e+09 2.230502e+09 1.757029e+09 1.404868e+09 1.146472e+09
9.378599e+08 9.378599e+08 9.378599e+08 9.378599e+08 9.378597e+08 9.378558e+08 9.379091e+08 9.513049e+08 9.769304e+08 1.017072e+09 1.126606e+09 1.249671e+09 1.367452e+09 1.473011e+09 1.565427e+09 1.645979e+09 1.716464e+09 1.968315e+09 2.127268e+09 2.240077e+09 2.325666e+09 2.393126e+09 2.447370e+09 2.526828e+09 2.577769e+09 2.608212e+09 2.623655e+09 2.627587e+09 2.621884e+09 2.218068e+09 1.738945e+09 1.390084e+09 1.135243e+09
8.911000e+08 8.911000e+08 8.911000e+08 8.911000e+08 8.910999e+08 8.910982e+08 8.911628e+08 9.055060e+08 9.328842e+08 9.757255e+08 1.092471e+09 1.223469e+09 1.348742e+09 1.460966e+09 1.559196e+09 1.644811e+09 1.719723e+09 1.987271e+09 2.155650e+09 2.274449e+09 2.363821e+09 2.433492e+09 2.488750e+09 2.567476e+09 2.614807e+09 2.639490e+09 2.647833e+09 2.644223e+09 2.631346e+09 2.202875e+09 1.720260e+09 1.374913e+09 1.123799e+09
8.452207e+08 8.452207e+08 8.452207e+08 8.452207e+08 8.452207e+08 8.452194e+08 8.452901e+08 8.605158e+08 8.895477e+08 9.349420e+08 1.058513e+09 1.197021e+09 1.329374e+09 1.447882e+09 1.551578e+09 1.641934e+09 1.720976e+09 2.002998e+09 2.179872e+09 2.303930e+09 2.396486e+09 2.467858e+09 2.523676e+09 2.600941e+09 2.644280e+09 2.663225e+09 2.664794e+09 2.654098e+09 2.634487e+09 2.184799e+09 1.701128e+09 1.359381e+09 1.112155e+09
8.017585e+08 8.017585e+08 8.017585e+08 8.017585e+08 8.017585e+08 8.017578e+08 8.018343e+08 8.178646e+08 8.484038e+08 8.961242e+08 1.025911e+09 1.171245e+09 1.310021e+09 1.434213e+09 1.542838e+09 1.637454e+09 1.720193e+09 2.015014e+09 2.199219e+09 2.327665e+09 2.422718e+09 2.495215e+09 2.551093e+09 2.626132e+09 2.665130e+09 2.678448e+09 2.673713e+09 2.656574e+09 2.630880e+09 2.163802e+09 1.681645e+09 1.343522e+09 1.100321e+09
7.612131e+08 7.612131e+08 7.612131e+08 7.612131e+08 7.612130e+08 7.612125e+08 7.612930e+08 7.780245e+08 8.098814e+08 8.596359e+08 9.948524e+08 1.146140e+09 1.290503e+09 1.419626e+09 1.532512e+09 1.630800e+09 1.716715e+09 2.022419e+09 2.212716e+09 2.344662e+09 2.441506e+09 2.514524e+09 2.569943e+09 2.642011e+09 2.676412e+09 2.684352e+09 2.673935e+09 2.651168e+09 2.620222e+09 2.139923e+09 1.661699e+09 1.327370e+09 1.088312e+09
7.236123e+08 7.236123e+08 7.236123e+08 7.236123e+08 7.236123e+08 7.236120e+08 7.236959e+08 7.410149e+08 7.739746e+08 8.254291e+08 9.651757e+08 1.121416e+09 1.270413e+09 1.403612e+09 1.520011e+09 1.621316e+09 1.709831e+09 2.024374e+09 2.219503e+09 2.354041e+09 2.451929e+09 2.524821e+09 2.579238e+09 2.647648e+09 2.677351e+09 2.680334e+09 2.665023e+09 2.637589e+09 2.602365e+09 2.113273e+09 1.641225e+09 1.310964e+09 1.076144e+09
6.888374e+08 6.888374e+08 6.888374e+08 6.888374e+08 6.888374e+08 6.888372e+08 6.889237e+08 7.067077e+08 7.405392e+08 7.933363e+08 9.366500e+08 1.096776e+09 1.249394e+09 1.385768e+09 1.504894e+09 1.608534e+09 1.699057e+09 2.020363e+09 2.219027e+09 2.355148e+09 2.453203e+09 2.525229e+09 2.578076e+09 2.642257e+09 2.667385e+09 2.666047e+09 2.646792e+09 2.615775e+09 2.577343e+09 2.084020e+09 1.620185e+09 1.294346e+09 1.063831e+09
6.567060e+08 6.567060e+08 6.567060e+08 6.567060e+08 6.567060e+08 6.567058e+08 6.567941e+08 6.749207e+08 7.093937e+08 7.631760e+08 9.090963e+08 1.072044e+09 1.227279e+09 1.365936e+09 1.487013e+09 1.592317e+09 1.684265e+09 2.010249e+09 2.210974e+09 2.347405e+09 2.444548e+09 2.514884e+09 2.565617e+09 2.625255e+09 2.646238e+09 2.641448e+09 2.619344e+09 2.585909e+09 2.545389e+09 2.052382e+09 1.598563e+09 1.277563e+09 1.051391e+09
6.269829e+08 6.269829e+08 6.269829e+08 6.269829e+08 6.269829e+08 6.269827e+08 6.270722e+08 6.454254e+08 6.803213e+08 7.347498e+08 8.823652e+08 1.047129e+09 1.204030e+09 1.344127e+09 1.466423e+09 1.572752e+09 1.665558e+09 1.993957e+09 2.194824e+09 2.329936e+09 2.424955e+09 2.492843e+09 2.541107e+09 2.596349e+09 2.613993e+09 2.606849e+09 2.583092e+09 2.548428e+09 2.506932e+09 2.018612e+09 1.576356e+09 1.260666e+09 1.038840e+09
5.994143e+08 5.994143e+08 5.994143e+08 5.994143e+08 5.994143e+08 5.994141e+08 5.995044e+08 6.179799e+08 6.531010e+08 7.078691e+08 8.563550e+08 1.022018e+09 1.179707e+09 1.320436e+09 1.443207e+09 1.549863e+09 1.642861e+09 1.970599e+09 2.169093e+09 2.301173e+09 2.393128e+09 2.458219e+09 2.504071e+09 2.555716e+09 2.571196e+09 2.562949e+09 2.538760e+09 2.504016e+09 2.462589e+09 1.982983e+09 1.553575e+09 1.243718e+09 1.026197e+09
5.738018e+08 5.738018e+08 5.738018e+08 5.738018e+08 5.738018e+08 5.738017e+08 5.738923e+08 5.923960e+08 6.275600e+08 6.823762e+08 8.308917e+08 9.964090e+08 1.153750e+09 1.293955e+09 1.416060e+09 1.521944e+09 1.614095e+09 1.937129e+09 2.131077e+09 2.259271e+09 2.348089e+09 2.410742e+09 2.454766e+09 2.504209e+09 2.518919e+09 2.510840e+09 2.487363e+09 2.453569e+09 2.413133e+09 1.945783e+09 1.530243e+09 1.226787e+09 1.013481e+09
5.499867e+08 5.499867e+08 5.499867e+08 5.499867e+08 5.499867e+08 5.499866e+08 5.500762e+08 5.683621e+08 6.031056e+08 6.572526e+08 8.038738e+08 9.671273e+08 1.122140e+09 1.260097e+09 1.380090e+09 1.484012e+09 1.574347e+09 1.890181e+09 2.079216e+09 2.204008e+09 2.290489e+09 2.351590e+09 2.394659e+09 2.443486e+09 2.458755e+09 2.451958e+09 2.430147e+09 2.398144e+09 2.359449e+09 1.907301e+09 1.506393e+09 1.209848e+09 1.000711e+09
5.278261e+08 5.278261e+08 5.278261e+08 5.278261e+08 5.278261e+08 5.278260e+08 5.279132e+08 5.457221e+08 5.795577e+08 6.322857e+08 7.750397e+08 9.339450e+08 1.084789e+09 1.219005e+09 1.335727e+09 1.436810e+09 1.524679e+09 1.832060e+09 2.016398e+09 2.138447e+09 2.223355e+09 2.283655e+09 2.326467e+09 2.375880e+09 2.392678e+09 2.387959e+09 2.368494e+09 2.338887e+09 2.302484e+09 1.867820e+09 1.482070e+09 1.192885e+09 9.879068e+08
5.071592e+08 5.071592e+08 5.071592e+08 5.071592e+08 5.071592e+08 5.071591e+08 5.072435e+08 5.244703e+08 5.571995e+08 6.082015e+08 7.462743e+08 8.999565e+08 1.045835e+09 1.175634e+09 1.288523e+09 1.386303e+09 1.471323e+09 1.769108e+09 1.948329e+09 2.067569e+09 2.151020e+09 2.210722e+09 2.253516e+09 2.304010e+09 2.322796e+09 2.320562e+09 2.303815e+09 2.276957e+09 2.243191e+09 1.827612e+09 1.457323e+09 1.175890e+09 9.750898e+08
4.878173e+08 4.878173e+08 4.878173e+08 4.878173e+08 4.878173e+08 4.878172e+08 4.878986e+08 5.045249e+08 5.361126e+08 5.853349e+08 7.185849e+08 8.668929e+08 1.007666e+09 1.132924e+09 1.241870e+09 1.336243e+09 1.418313e+09 1.706006e+09 1.879628e+09 1.995656e+09 2.077344e+09 2.136237e+09 2.178875e+09 2.230323e+09 2.251081e+09 2.251379e+09 2.237436e+09 2.213450e+09 2.182476e+09 1.786934e+09 1.432212e+09 1.158863e+09 9.622817e+08
4.696602e+08 4.696602e+08 4.696602e+08 4.696602e+08 4.696602e+08 4.696602e+08 4.697388e+08 4.857775e+08 5.162483e+08 5.637296e+08 6.922635e+08 8.353190e+08 9.711055e+08 1.091927e+09 1.197017e+09 1.288055e+09 1.367232e+09 1.644908e+09 1.812760e+09 1.925278e+09 2.004870e+09 2.062630e+09 2.104823e+09 2.156765e+09 2.179177e+09 2.181790e+09 2.170518e+09 2.149340e+09 2.121152e+09 1.746020e+09 1.406799e+09 1.141805e+09 9.495060e+08
4.526013e+08 4.526013e+08 4.526013e+08 4.526013e+08 4.526013e+08 4.526013e+08 4.526771e+08 4.681522e+08 4.975518e+08 5.433633e+08 6.673746e+08 8.053939e+08 9.363987e+08 1.052966e+09 1.154357e+09 1.242194e+09 1.318591e+09 1.586583e+09 1.748737e+09 1.857646e+09 1.934940e+09 1.991313e+09 2.032787e+09 2.084695e+09 2.108311e+09 2.112882e+09 2.104008e+09 2.085445e+09 2.059922e+09 1.705083e+09 1.381152e+09 1.124724e+09 9.367895e+08
4.365647e+08 4.365647e+08 4.365647e+08 4.365647e+08 4.365647e+08 4.365647e+08 4.366379e+08 4.515757e+08 4.799542e+08 5.241743e+08 6.438759e+08 7.770969e+08 9.035469e+08 1.016062e+09 1.113930e+09 1.198717e+09 1.272464e+09 1.531207e+09 1.687861e+09 1.793205e+09 1.868131e+09 1.922969e+09 1.963528e+09 2.014949e+09 2.039317e+09 2.045442e+09 2.038629e+09 2.022413e+09 1.999356e+09 1.664314e+09 1.355338e+09 1.107626e+09 9.241654e+08
4.214764e+08 4.214764e+08 4.214764e+08 4.214764e+08 4.214764e+08 4.214763e+08 4.215470e+08 4.359740e+08 4.633820e+08 5.060895e+08 6.216957e+08 7.503580e+08 8.724812e+08 9.811473e+08 1.075670e+09 1.157561e+09 1.228791e+09 1.478742e+09 1.630139e+09 1.732029e+09 1.804602e+09 1.857843e+09 1.897371e+09 1.947970e+09 1.972700e+09 1.979996e+09 1.974895e+09 1.960731e+09 1.939900e+09 1.623880e+09 1.329428e+09 1.090521e+09 9.116320e+08
4.072491e+08 4.072491e+08 4.072491e+08 4.072491e+08 4.072491e+08 4.072491e+08 4.073174e+08 4.212601e+08 4.477478e+08 4.890212e+08 6.007444e+08 7.250844e+08 8.431052e+08 9.481222e+08 1.039472e+09 1.118617e+09 1.187460e+09 1.429067e+09 1.575457e+09 1.674032e+09 1.744307e+09 1.795944e+09 1.834381e+09 1.883935e+09 1.908724e+09 1.916859e+09 1.913147e+09 1.900741e+09 1.881885e+09 1.583923e+09 1.303490e+09 1.073421e+09 8.991786e+08
3.937902e+08 3.937902e+08 3.937902e+08 3.937902e+08 3.937902e+08 3.937902e+08 3.938562e+08 4.073400e+08 4.329560e+08 4.728708e+08 5.809156e+08 7.011611e+08 8.152957e+08 9.168557e+08 1.005200e+09 1.081742e+09 1.148324e+09 1.382017e+09 1.523645e+09 1.619045e+09 1.687098e+09 1.737155e+09 1.774484e+09 1.822858e+09 1.847483e+09 1.856189e+09 1.853585e+09 1.842664e+09 1.825540e+09 1.544567e+09 1.277591e+09 1.056337e+09 8.868011e+08
3.810247e+08 3.810247e+08 3.810247e+08 3.810247e+08 3.810247e+08 3.810247e+08 3.810886e+08 3.941378e+08 4.189280e+08 4.575557e+08 5.621156e+08 6.784820e+08 7.889350e+08 8.872198e+08 9.727163e+08 1.046792e+09 1.111231e+09 1.337411e+09 1.474504e+09 1.566870e+09 1.632784e+09 1.681303e+09 1.717533e+09 1.764660e+09 1.788967e+09 1.798035e+09 1.796304e+09 1.786631e+09 1.771012e+09 1.505911e+09 1.251794e+09 1.039283e+09 8.744981e+08
3.689103e+08 3.689103e+08 3.689103e+08 3.689103e+08 3.689103e+08 3.689102e+08 3.689722e+08 3.816093e+08 4.056164e+08 4.430236e+08 5.442785e+08 6.569654e+08 7.639251e+08 8.591011e+08 9.418934e+08 1.013627e+09 1.076027e+09 1.295059e+09 1.427829e+09 1.517296e+09 1.581161e+09 1.628197e+09 1.663352e+09 1.709212e+09 1.733102e+09 1.742376e+09 1.741328e+09 1.732699e+09 1.718384e+09 1.468038e+09 1.226159e+09 1.022274e+09 8.622695e+08
3.574056e+08 3.574056e+08 3.574056e+08 3.574056e+08 3.574056e+08 3.574056e+08 3.574656e+08 3.697106e+08 3.929724e+08 4.292180e+08 5.273274e+08 6.365123e+08 7.401467e+08 8.323633e+08 9.125808e+08 9.820832e+08 1.042543e+09 1.254767e+09 1.383419e+09 1.470124e+09 1.532033e+09 1.577648e+09 1.611766e+09 1.656366e+09 1.679778e+09 1.689145e+09 1.688630e+09 1.680875e+09 1.667688e+09 1.431013e+09 1.200742e+09 1.005325e+09 8.501162e+08
3.464743e+08 3.464743e+08 3.464743e+08 3.464743e+08 3.464743e+08 3.464742e+08 3.465324e+08 3.584030e+08 3.809534e+08 4.160904e+08 5.111981e+08 6.170410e+08 7.175027e+08 8.068957e+08 8.846572e+08 9.520320e+08 1.010641e+09 1.216377e+09 1.341109e+09 1.425184e+09 1.485229e+09 1.529486e+09 1.562606e+09 1.605973e+09 1.628872e+09 1.638251e+09 1.638151e+09 1.631130e+09 1.618921e+09 1.394885e+09 1.175594e+09 9.884509e+08 8.380399e+08
3.360766e+08 3.360766e+08 3.360766e+08 3.360766e+08 3.360766e+08 3.360765e+08 3.361330e+08 3.476461e+08 3.695173e+08 4.035958e+08 4.958377e+08 5.984907e+08 6.959244e+08 7.826232e+08 8.580414e+08 9.233864e+08 9.802307e+08 1.179779e+09 1.300773e+09 1.382340e+09 1.440604e+09 1.483560e+09 1.515721e+09 1.557887e+09 1.580256e+09 1.589588e+09 1.589813e+09 1.583412e+09 1.572054e+09 1.359689e+09 1.150760e+09 9.716684e+08 8.260426e+08
3.261693e+08 3.261693e+08 3.261693e+08 3.261693e+08 3.261693e+08 3.261693e+08 3.262240e+08 3.373961e+08 3.586195e+08 3.916884e+08 4.811971e+08 5.808077e+08 6.753533e+08 7.594823e+08 8.326652e+08 8.960740e+08 9.512343e+08 1.144878e+09 1.262300e+09 1.341468e+09 1.398027e+09 1.439735e+09 1.470973e+09 1.511971e+09 1.533804e+09 1.543047e+09 1.543528e+09 1.537654e+09 1.527041e+09 1.325451e+09 1.126281e+09 9.549931e+08 8.141268e+08
3.167060e+08 3.167060e+08 3.167060e+08 3.167060e+08 3.167060e+08 3.167059e+08 3.167591e+08 3.276060e+08 3.482116e+08 3.803176e+08 4.672193e+08 5.639281e+08 6.557191e+08 7.373968e+08 8.084477e+08 8.700094e+08 9.235633e+08 1.111571e+09 1.225579e+09 1.302449e+09 1.357372e+09 1.397880e+09 1.428228e+09 1.468095e+09 1.489393e+09 1.498520e+09 1.499201e+09 1.493781e+09 1.483823e+09 1.292183e+09 1.102193e+09 9.384409e+08 8.022953e+08
3.076599e+08 3.076599e+08 3.076599e+08 3.076599e+08 3.076599e+08 3.076598e+08 3.077115e+08 3.182480e+08 3.382638e+08 3.694509e+08 4.538645e+08 5.478036e+08 6.369651e+08 7.163029e+08 7.853181e+08 8.451158e+08 8.971351e+08 1.079754e+09 1.190495e+09 1.265162e+09 1.318515e+09 1.357871e+09 1.387364e+09 1.426137e+09 1.446908e+09 1.455899e+09 1.456740e+09 1.451713e+09 1.442335e+09 1.259893e+09 1.078525e+09 9.220273e+08 7.905512e+08
2.990080e+08 2.990080e+08 2.990080e+08 2.990080e+08 2.990080e+08 2.990080e+08 2.990582e+08 3.092982e+08 3.287505e+08 3.590593e+08 4.410949e+08 5.323866e+08 6.190345e+08 6.961348e+08 7.632030e+08 8.213132e+08 8.718641e+08 1.049325e+09 1.156934e+09 1.229492e+09 1.281340e+09 1.319592e+09 1.348264e+09 1.385984e+09 1.406238e+09 1.415083e+09 1.416052e+09 1.411369e+09 1.402508e+09 1.228577e+09 1.055304e+09 9.057674e+08 7.788977e+08
2.907317e+08 2.907317e+08 2.907317e+08 2.907317e+08 2.907317e+08 2.907317e+08 2.907806e+08 3.007363e+08 3.196487e+08 3.491159e+08 4.288731e+08 5.176280e+08 6.018673e+08 6.768235e+08 7.420260e+08 7.985192e+08 8.476632e+08 1.020182e+09 1.124794e+09 1.195333e+09 1.245742e+09 1.282937e+09 1.310824e+09 1.347532e+09 1.367284e+09 1.375975e+09 1.377048e+09 1.372669e+09 1.364274e+09 1.198228e+09 1.032550e+09 8.896758e+08 7.673384e+08
2.828118e+08 2.828118e+08 2.828118e+08 2.828118e+08 2.828118e+08 2.828118e+08 2.828593e+08 2.925423e+08 3.109364e+08 3.395961e+08 4.171668e+08 5.034877e+08 5.854161e+08 6.583156e+08 7.217286e+08 7.766712e+08 8.244661e+08 9.922497e+08 1.093993e+09 1.162600e+09 1.211633e+09 1.247816e+09 1.274949e+09 1.310685e+09 1.329951e+09 1.338486e+09 1.339644e+09 1.335537e+09 1.327562e+09 1.168835e+09 1.010280e+09 8.737661e+08 7.558769e+08
2.752293e+08 2.752293e+08 2.752293e+08 2.752293e+08 2.752293e+08 2.752293e+08 2.752756e+08 2.846968e+08 3.025934e+08 3.304780e+08 4.059503e+08 4.899358e+08 5.696472e+08 6.405738e+08 7.022707e+08 7.557264e+08 8.022280e+08 9.654730e+08 1.064467e+09 1.131223e+09 1.178935e+09 1.214147e+09 1.240557e+09 1.275359e+09 1.294154e+09 1.302531e+09 1.303759e+09 1.299896e+09 1.292305e+09 1.140380e+09 9.885062e+08 8.580513e+08 7.445169e+08
2.679680e+08 2.679680e+08 2.679680e+08 2.679680e+08 2.679680e+08 2.679680e+08 2.680130e+08 2.771831e+08 2.946029e+08 3.217442e+08 3.952047e+08 4.769508e+08 5.545365e+08 6.235714e+08 6.836225e+08 7.356523e+08 7.809133e+08 9.398035e+08 1.036157e+09 1.101135e+09 1.147578e+09 1.181857e+09 1.207571e+09 1.241473e+09 1.259813e+09 1.268033e+09 1.269319e+09 1.265678e+09 1.258437e+09 1.112845e+09 9.672384e+08 8.425433e+08 7.332622e+08
2.610030e+08 2.610030e+08 2.610030e+08 2.610030e+08 2.610030e+08 2.610030e+08 2.610468e+08 2.699762e+08 2.869387e+08 3.133674e+08 3.848988e+08 4.644977e+08 5.400450e+08 6.072658e+08 6.657386e+08 7.164007e+08 7.604718e+08 9.151832e+08 1.009002e+09 1.072269e+09 1.117491e+09 1.150873e+09 1.175918e+09 1.208953e+09 1.226852e+09 1.234917e+09 1.236252e+09 1.232813e+09 1.225895e+09 1.086208e+09 9.464822e+08 8.272533e+08 7.221166e+08
2.543135e+08 2.543135e+08 2.543135e+08 2.543135e+08 2.543135e+08 2.543135e+08 2.543562e+08 2.630547e+08 2.795784e+08 3.053235e+08 3.750039e+08 4.525426e+08 5.261340e+08 5.916141e+08 6.485723e+08 6.979218e+08 7.408508e+08 8.915504e+08 9.829334e+08 1.044558e+09 1.088607e+09 1.121125e+09 1.145526e+09 1.177728e+09 1.195203e+09 1.203116e+09 1.204492e+09 1.201238e+09 1.194618e+09 1.060445e+09 9.262404e+08 8.121912e+08 7.110839e+08
2.478837e+08 2.478837e+08 2.478837e+08 2.478837e+08 2.478837e+08 2.478837e+08 2.479253e+08 2.564020e+08 2.725043e+08 2.975928e+08 3.654958e+08 4.410559e+08 5.127688e+08 5.765770e+08 6.320805e+08 6.801692e+08 7.220011e+08 8.688463e+08 9.578895e+08 1.017936e+09 1.060858e+09 1.092548e+09 1.116332e+09 1.147734e+09 1.164801e+09 1.172565e+09 1.173975e+09 1.170892e+09 1.164548e+09 1.035532e+09 9.065135e+08 7.973658e+08 7.001678e+08
2.417013e+08 2.417013e+08 2.417013e+08 2.417013e+08 2.417013e+08 2.417013e+08 2.417419e+08 2.500054e+08 2.657026e+08 2.901598e+08 3.563538e+08 4.300117e+08 4.999186e+08 5.621193e+08 6.162242e+08 6.631007e+08 7.038779e+08 8.470183e+08 9.338137e+08 9.923449e+08 1.034187e+09 1.065082e+09 1.088274e+09 1.118910e+09 1.135585e+09 1.143204e+09 1.144643e+09 1.141718e+09 1.135631e+09 1.011444e+09 8.872995e+08 7.827849e+08 6.893722e+08
2.357570e+08 2.357570e+08 2.357570e+08 2.357570e+08 2.357570e+08 2.357570e+08 2.357965e+08 2.438548e+08 2.591621e+08 2.830117e+08 3.475609e+08 4.193879e+08 4.875570e+08 5.482110e+08 6.009702e+08 6.466808e+08 6.864435e+08 8.260222e+08 9.106587e+08 9.677362e+08 1.008542e+09 1.038676e+09 1.061301e+09 1.091202e+09 1.107499e+09 1.114977e+09 1.116440e+09 1.113661e+09 1.107813e+09 9.881539e+08 8.685947e+08 7.684553e+08 6.787007e+08
2.300430e+08 2.300430e+08 2.300430e+08 2.300430e+08 2.300430e+08 2.300430e+08 2.300816e+08 2.379423e+08 2.528742e+08 2.761390e+08 3.391049e+08 4.091700e+08 4.756664e+08 5.348320e+08 5.862964e+08 6.308849e+08 6.696716e+08 8.058249e+08 8.883867e+08 9.440683e+08 9.838800e+08 1.013283e+09 1.035364e+09 1.064559e+09 1.080492e+09 1.087832e+09 1.089315e+09 1.086670e+09 1.081046e+09 9.656363e+08 8.503934e+08 7.543826e+08 6.681566e+08
2.245493e+08 2.245493e+08 2.245493e+08 2.245493e+08 2.245493e+08 2.245493e+08 2.245870e+08 2.322576e+08 2.468282e+08 2.695300e+08 3.309722e+08 3.993416e+08 4.642286e+08 5.219622e+08 5.721809e+08 6.156903e+08 6.535383e+08 7.863978e+08 8.669651e+08 9.213047e+08 9.601605e+08 9.888615e+08 1.010419e+09 1.038934e+09 1.054515e+09 1.061719e+09 1.063216e+09 1.060697e+09 1.055280e+09 9.438647e+08 8.326888e+08 7.405714e+08 6.577433e+08
2.192684e+08 2.192684e+08 2.192684e+08 2.192684e+08 2.192684e+08 2.192684e+08 2.193051e+08 2.267928e+08 2.410159e+08 2.631762e+08 3.231527e+08 3.898909e+08 4.532297e+08 5.095857e+08 5.586062e+08 6.010774e+08 6.380224e+08 7.677134e+08 8.463618e+08 8.994101e+08 9.373454e+08 9.653698e+08 9.864222e+08 1.014281e+09 1.029521e+09 1.036590e+09 1.038098e+09 1.035693e+09 1.030471e+09 9.228131e+08 8.154727e+08 7.270254e+08 6.474640e+08
2.141890e+08 2.141890e+08 2.141890e+08 2.141890e+08 2.141890e+08 2.141890e+08 2.142249e+08 2.215365e+08 2.354253e+08 2.570646e+08 3.156311e+08 3.808002e+08 4.426497e+08 4.976807e+08 5.455486e+08 5.870213e+08 6.230978e+08 7.497407e+08 8.265424e+08 8.783471e+08 9.153956e+08 9.427674e+08 9.633325e+08 9.905562e+08 1.005464e+09 1.012401e+09 1.013915e+09 1.011616e+09 1.006575e+09 9.024559e+08 7.987361e+08 7.137471e+08 6.373216e+08
2.093005e+08 2.093005e+08 2.093005e+08 2.093005e+08 2.093005e+08 2.093005e+08 2.093356e+08 2.164779e+08 2.300450e+08 2.511831e+08 3.083929e+08 3.720524e+08 4.324691e+08 4.862251e+08 5.329841e+08 5.734960e+08 6.087367e+08 7.324464e+08 8.074703e+08 8.580772e+08 8.942706e+08 9.210127e+08 9.411072e+08 9.677163e+08 9.823017e+08 9.891070e+08 9.906222e+08 9.884215e+08 9.835504e+08 8.827677e+08 7.824688e+08 7.007384e+08 6.273189e+08
2.045931e+08 2.045931e+08 2.045931e+08 2.045931e+08 2.045931e+08 2.045931e+08 2.046274e+08 2.116067e+08 2.248642e+08 2.455198e+08 3.014238e+08 3.636301e+08 4.226676e+08 4.751964e+08 5.208879e+08 5.604749e+08 5.949111e+08 7.157968e+08 7.891084e+08 8.385609e+08 8.739298e+08 9.000644e+08 9.197043e+08 9.457188e+08 9.599906e+08 9.666664e+08 9.681798e+08 9.660694e+08 9.613574e+08 8.637240e+08 7.666605e+08 6.880001e+08 6.174583e+08
2.000583e+08 2.000583e+08 2.000583e+08 2.000583e+08 2.000583e+08 2.000583e+08 2.000918e+08 2.069141e+08 2.198734e+08 2.400644e+08 2.947107e+08 3.555173e+08 4.132264e+08 4.645732e+08 5.092364e+08 5.479326e+08 5.815938e+08 6.997585e+08 7.714199e+08 8.197596e+08 8.543335e+08 8.798820e+08 8.990832e+08 9.245230e+08 9.384903e+08 9.450388e+08 9.465475e+08 9.445207e+08 9.399580e+08 8.453004e+08 7.513001e+08 6.755324e+08 6.077421e+08
1.956874e+08 1.956874e+08 1.956874e+08 1.956874e+08 1.956874e+08 1.956874e+08 1.957201e+08 2.023911e+08 2.150629e+08 2.348061e+08 2.882401e+08 3.476977e+08 4.041264e+08 4.543338e+08 4.980059e+08 5.358433e+08 5.687574e+08 6.842991e+08 7.543696e+08 8.016364e+08 8.354438e+08 8.604270e+08 8.792050e+08 9.040899e+08 9.177621e+08 9.241859e+08 9.256876e+08 9.237383e+08 9.193160e+08 8.274737e+08 7.363761e+08 6.633345e+08 5.981723e+08
1.914724e+08 1.914724e+08 1.914724e+08 1.914724e+08 1.914724e+08 1.914724e+08 1.915045e+08 1.980295e+08 2.104240e+08 2.297351e+08 2.819997e+08 3.401559e+08 3.953494e+08 4.444577e+08 4.871737e+08 5.241827e+08 5.563762e+08 6.693880e+08 7.379243e+08 7.841568e+08 8.172252e+08 8.416636e+08 8.600335e+08 8.843828e+08 8.977695e+08 9.040713e+08 9.055640e+08 9.036869e+08 8.993968e+08 8.102211e+08 7.218770e+08 6.514054e+08 5.887506e+08
1.874064e+08 1.874064e+08 1.874064e+08 1.874064e+08 1.874064e+08 1.874064e+08 1.874378e+08 1.938219e+08 2.059488e+08 2.248428e+08 2.759787e+08 3.328789e+08 3.868802e+08 4.349277e+08 4.767210e+08 5.129305e+08 5.444285e+08 6.549989e+08 7.220551e+08 7.672899e+08 7.996457e+08 8.235586e+08 8.415349e+08 8.653673e+08 8.784778e+08 8.846606e+08 8.861428e+08 8.843330e+08 8.801677e+08 7.935205e+08 7.077909e+08 6.397431e+08 5.794784e+08
1.834833e+08 1.834833e+08 1.834833e+08 1.834833e+08 1.834833e+08 1.834833e+08 1.835140e+08 1.897621e+08 2.016305e+08 2.201219e+08 2.701678e+08 3.258551e+08 3.787052e+08 4.257285e+08 4.666307e+08 5.020683e+08 5.328948e+08 6.411083e+08 7.067358e+08 7.510078e+08 7.826759e+08 8.060817e+08 8.236782e+08 8.470114e+08 8.598544e+08 8.659212e+08 8.673917e+08 8.656448e+08 8.615974e+08 7.773507e+08 6.941060e+08 6.283451e+08 5.703569e+08
1.796961e+08 1.796961e+08 1.796961e+08 1.796961e+08 1.796961e+08 1.796961e+08 1.797262e+08 1.858428e+08 1.974616e+08 2.155639e+08 2.645571e+08 3.190728e+08 3.708111e+08 4.168451e+08 4.568869e+08 4.915789e+08 5.217569e+08 6.276944e+08 6.919423e+08 7.352846e+08 7.662887e+08 7.892048e+08 8.064343e+08 8.292849e+08 8.418689e+08 8.478224e+08 8.492800e+08 8.475920e+08 8.436564e+08 7.616911e+08 6.808104e+08 6.172086e+08 5.613871e+08
1.760382e+08 1.760382e+08 1.760382e+08 1.760382e+08 1.760382e+08 1.760382e+08 1.760677e+08 1.820574e+08 1.934350e+08 2.111616e+08 2.591377e+08 3.125218e+08 3.631860e+08 4.082643e+08 4.474748e+08 4.814467e+08 5.109982e+08 6.147368e+08 6.776519e+08 7.200958e+08 7.504582e+08 7.729009e+08 7.897757e+08 8.121593e+08 8.244921e+08 8.303351e+08 8.317790e+08 8.301462e+08 8.263166e+08 7.465220e+08 6.678924e+08 6.063303e+08 5.525696e+08
1.725035e+08 1.725035e+08 1.725035e+08 1.725035e+08 1.725035e+08 1.725035e+08 1.725323e+08 1.783993e+08 1.895438e+08 2.069074e+08 2.539007e+08 3.061912e+08 3.558175e+08 3.999723e+08 4.383796e+08 4.716555e+08 5.006016e+08 6.022154e+08 6.638424e+08 7.054179e+08 7.351596e+08 7.571445e+08 7.736759e+08 7.956074e+08 8.076965e+08 8.134317e+08 8.148610e+08 8.132802e+08 8.095512e+08 7.318244e+08 6.553403e+08 5.957064e+08 5.439048e+08
1.690861e+08 1.690861e+08 1.690861e+08 1.690861e+08 1.690861e+08 1.690861e+08 1.691144e+08 1.748628e+08 1.857820e+08 2.027945e+08 2.488379e+08 3.000712e+08 3.486941e+08 3.919563e+08 4.295870e+08 4.621902e+08 4.905511e+08 5.901106e+08 6.504920e+08 6.912275e+08 7.203690e+08 7.419107e+08 7.581097e+08 7.796033e+08 7.914559e+08 7.970859e+08 7.985001e+08 7.969683e+08 7.933351e+08 7.175799e+08 6.431427e+08 5.853330e+08 5.353928e+08
1.657806e+08 1.657806e+08 1.657806e+08 1.657806e+08 1.657806e+08 1.657806e+08 1.658082e+08 1.714420e+08 1.821433e+08 1.988163e+08 2.439409e+08 2.941518e+08 3.418044e+08 3.842032e+08 4.210830e+08 4.530354e+08 4.808304e+08 5.784030e+08 6.375795e+08 6.775023e+08 7.060628e+08 7.271757e+08 7.430529e+08 7.641222e+08 7.757455e+08 7.812730e+08 7.826716e+08 7.811860e+08 7.776441e+08 7.037710e+08 6.312881e+08 5.752058e+08 5.270335e+08
1.625812e+08 1.625812e+08 1.625812e+08 1.625812e+08 1.625812e+08 1.625812e+08 1.626084e+08 1.681311e+08 1.786217e+08 1.949662e+08 2.392018e+08 2.884235e+08 3.351373e+08 3.767007e+08 4.128538e+08 4.441767e+08 4.714239e+08 5.670740e+08 6.250844e+08 6.642207e+08 6.922189e+08 7.129166e+08 7.284823e+08 7.491408e+08 7.605417e+08 7.659694e+08 7.673522e+08 7.659103e+08 7.624555e+08 6.903808e+08 6.197656e+08 5.653202e+08 5.188265e+08
1.594833e+08 1.594833e+08 1.594833e+08 1.594833e+08 1.594833e+08 1.594833e+08 1.595099e+08 1.649252e+08 1.752117e+08 1.912383e+08 2.346133e+08 2.828774e+08 3.286823e+08 3.694370e+08 4.048867e+08 4.356001e+08 4.623172e+08 5.561059e+08 6.129874e+08 6.513624e+08 6.788162e+08 6.991120e+08 7.143762e+08 7.346368e+08 7.458222e+08 7.511529e+08 7.525197e+08 7.511193e+08 7.477478e+08 6.773931e+08 6.085642e+08 5.556715e+08 5.107714e+08
1.564827e+08 1.564827e+08 1.564827e+08 1.564827e+08 1.564827e+08 1.564827e+08 1.565088e+08 1.618201e+08 1.719089e+08 1.876276e+08 2.301690e+08 2.775056e+08 3.224302e+08 3.624016e+08 3.971699e+08 4.272929e+08 4.534965e+08 5.454824e+08 6.012706e+08 6.389083e+08 6.658351e+08 6.857418e+08 7.007141e+08 7.205895e+08 7.315660e+08 7.368024e+08 7.381532e+08 7.367923e+08 7.335005e+08 6.647926e+08 5.976736e+08 5.462550e+08 5.028672e+08
1.535754e+08 1.535754e+08 1.535754e+08 1.535754e+08 1.535754e+08 1.535754e+08 1.536010e+08 1.588114e+08 1.687087e+08 1.841289e+08 2.258626e+08 2.723003e+08 3.163718e+08 3.555842e+08 3.896923e+08 4.192433e+08 4.449493e+08 5.351885e+08 5.899177e+08 6.268412e+08 6.532575e+08 6.727875e+08 6.874770e+08 7.069794e+08 7.177535e+08 7.228982e+08 7.242330e+08 7.229096e+08 7.196942e+08 6.525643e+08 5.870833e+08 5.370655e+08 4.951132e+08
1.507574e+08 1.507574e+08 1.507574e+08 1.507574e+08 1.507574e+08 1.507574e+08 1.507825e+08 1.558952e+08 1.656068e+08 1.807377e+08 2.216885e+08 2.672549e+08 3.104996e+08 3.489762e+08 3.824443e+08 4.114409e+08 4.366646e+08 5.252108e+08 5.789135e+08 6.151450e+08 6.410667e+08 6.602316e+08 6.746472e+08 6.937881e+08 7.043659e+08 7.094215e+08 7.107404e+08 7.094527e+08 7.063106e+08 6.406939e+08 5.767834e+08 5.280980e+08 4.875080e+08
1.480252e+08 1.480252e+08 1.480252e+08 1.480252e+08 1.480252e+08 1.480252e+08 1.480498e+08 1.530677e+08 1.625993e+08 1.774497e+08 2.176413e+08 2.623630e+08 3.048059e+08 3.425692e+08 3.754168e+08 4.038758e+08 4.286319e+08 5.155367e+08 5.682443e+08 6.038049e+08 6.292471e+08 6.480581e+08 6.622082e+08 6.809985e+08 6.913858e+08 6.963547e+08 6.976576e+08 6.964040e+08 6.933321e+08 6.291681e+08 5.667641e+08 5.193474e+08 4.800504e+08
