1.996903e+06 9.999096e+05 7.752246e+05 4.787188e+05 3.968488e+05 2.528696e+05 2.091206e+05 1.717308e+05 1.612275e+05 1.533075e+05 1.421365e+05 1.346700e+05 1.293886e+05 1.255033e+05 1.225311e+05 1.201252e+05 1.180002e+05 1.038652e+05 7.797968e+04 5.353751e+04 3.835914e+04 3.016856e+04 2.595210e+04 2.318837e+04 2.374393e+04 2.577270e+04 2.872907e+04 3.253255e+04 3.729220e+04 1.655194e+05 4.042559e+05 6.347116e+05 8.051930e+05
1.951857e+05 1.951858e+05 1.951857e+05 1.951685e+05 1.950627e+05 1.898447e+05 1.797280e+05 1.593390e+05 1.523280e+05 1.465687e+05 1.378509e+05 1.316968e+05 1.272118e+05 1.238517e+05 1.212464e+05 1.191071e+05 1.171810e+05 1.035178e+05 7.776337e+04 5.338795e+04 3.826280e+04 3.011390e+04 2.592894e+04 2.320696e+04 2.378745e+04 2.583264e+04 2.880178e+04 3.261746e+04 3.739069e+04 1.658907e+05 4.048626e+05 6.353444e+05 8.057324e+05
1.586950e+05 1.586951e+05 1.586952e+05 1.586951e+05 1.586874e+05 1.575483e+05 1.546899e+05 1.471525e+05 1.423340e+05 1.385202e+05 1.326903e+05 1.281829e+05 1.246899e+05 1.219717e+05 1.198059e+05 1.179799e+05 1.162833e+05 1.031446e+05 7.753016e+04 5.322773e+04 3.816077e+04 3.005672e+04 2.590512e+04 2.322659e+04 2.383256e+04 2.589433e+04 2.887629e+04 3.270421e+04 3.749110e+04 1.662660e+05 4.054733e+05 6.359801e+05 8.062734e+05
1.410495e+05 1.410495e+05 1.410496e+05 1.410504e+05 1.410508e+05 1.407997e+05 1.392971e+05 1.370837e+05 1.350959e+05 1.324722e+05 1.277347e+05 1.244831e+05 1.219735e+05 1.199388e+05 1.182520e+05 1.167694e+05 1.153237e+05 1.027474e+05 7.727950e+04 5.305645e+04 3.805290e+04 2.999699e+04 2.588068e+04 2.324732e+04 2.387931e+04 2.595781e+04 2.895262e+04 3.279281e+04 3.759346e+04 1.666453e+05 4.060882e+05 6.366187e+05 8.068162e+05
1.308004e+05 1.308005e+05 1.308005e+05 1.308013e+05 1.308029e+05 1.307416e+05 1.301209e+05 1.284811e+05 1.281002e+05 1.272511e+05 1.242995e+05 1.214124e+05 1.193716e+05 1.178924e+05 1.166558e+05 1.155151e+05 1.143255e+05 1.023277e+05 7.701077e+04 5.287369e+04 3.793906e+04 2.993472e+04 2.585565e+04 2.326920e+04 2.392774e+04 2.602311e+04 2.903080e+04 3.288330e+04 3.769778e+04 1.670286e+05 4.067073e+05 6.372602e+05 8.073607e+05
1.241927e+05 1.241927e+05 1.241927e+05 1.241935e+05 1.241952e+05 1.241886e+05 1.239379e+05 1.226212e+05 1.223643e+05 1.222530e+05 1.212349e+05 1.192981e+05 1.174512e+05 1.160941e+05 1.151432e+05 1.142837e+05 1.133263e+05 1.018880e+05 7.672328e+04 5.267900e+04 3.781911e+04 2.986989e+04 2.583009e+04 2.329228e+04 2.397790e+04 2.609025e+04 2.911085e+04 3.297570e+04 3.780409e+04 1.674160e+05 4.073305e+05 6.379046e+05 8.079069e+05
1.196403e+05 1.196403e+05 1.196403e+05 1.196410e+05 1.196425e+05 1.196547e+05 1.195596e+05 1.186653e+05 1.182994e+05 1.182216e+05 1.181856e+05 1.173974e+05 1.161191e+05 1.149011e+05 1.139396e+05 1.131867e+05 1.123874e+05 1.014319e+05 7.641642e+04 5.247195e+04 3.769292e+04 2.980251e+04 2.580403e+04 2.331663e+04 2.402982e+04 2.615928e+04 2.919280e+04 3.307002e+04 3.791241e+04 1.678075e+05 4.079578e+05 6.385519e+05 8.084547e+05
1.163869e+05 1.163869e+05 1.163869e+05 1.163874e+05 1.163887e+05 1.164081e+05 1.163833e+05 1.158437e+05 1.154748e+05 1.152959e+05 1.154632e+05 1.154842e+05 1.149309e+05 1.140776e+05 1.132139e+05 1.124141e+05 1.116066e+05 1.009656e+05 7.608978e+04 5.225217e+04 3.756039e+04 2.973261e+04 2.577753e+04 2.334229e+04 2.408355e+04 2.623021e+04 2.927667e+04 3.316629e+04 3.802276e+04 1.682030e+05 4.085894e+05 6.392021e+05 8.090043e+05
1.140143e+05 1.140143e+05 1.140144e+05 1.140148e+05 1.140160e+05 1.140376e+05 1.140473e+05 1.137542e+05 1.134600e+05 1.132359e+05 1.133038e+05 1.136791e+05 1.137353e+05 1.133602e+05 1.127352e+05 1.119936e+05 1.111320e+05 1.004990e+05 7.574340e+04 5.201934e+04 3.742144e+04 2.966020e+04 2.575066e+04 2.336933e+04 2.413912e+04 2.630307e+04 2.936248e+04 3.326453e+04 3.813516e+04 1.686028e+05 4.092252e+05 6.398553e+05 8.095556e+05
1.122739e+05 1.122739e+05 1.122739e+05 1.122743e+05 1.122753e+05 1.122975e+05 1.123250e+05 1.121915e+05 1.119905e+05 1.117849e+05 1.117258e+05 1.121516e+05 1.125729e+05 1.126422e+05 1.123363e+05 1.117455e+05 1.109060e+05 1.000472e+05 7.537795e+04 5.177332e+04 3.727606e+04 2.958534e+04 2.572347e+04 2.339779e+04 2.419657e+04 2.637791e+04 2.945025e+04 3.336476e+04 3.824963e+04 1.690067e+05 4.098652e+05 6.405113e+05 8.101086e+05
1.110080e+05 1.110081e+05 1.110081e+05 1.110084e+05 1.110094e+05 1.110311e+05 1.110680e+05 1.110373e+05 1.109201e+05 1.107657e+05 1.106407e+05 1.109855e+05 1.115469e+05 1.119296e+05 1.119379e+05 1.115540e+05 1.107991e+05 9.963180e+04 7.499503e+04 5.151413e+04 3.712427e+04 2.950810e+04 2.569605e+04 2.342774e+04 2.425595e+04 2.645473e+04 2.954001e+04 3.346700e+04 3.836619e+04 1.694148e+05 4.105094e+05 6.411703e+05 8.106632e+05
1.120301e+05 1.120301e+05 1.120301e+05 1.120303e+05 1.120309e+05 1.120485e+05 1.120941e+05 1.121976e+05 1.122239e+05 1.122172e+05 1.120750e+05 1.117447e+05 1.112602e+05 1.106874e+05 1.100634e+05 1.093552e+05 1.084593e+05 9.633205e+04 7.097771e+04 4.846899e+04 3.534014e+04 2.864951e+04 2.543776e+04 2.382356e+04 2.496403e+04 2.733811e+04 3.055114e+04 3.460379e+04 3.965094e+04 1.737353e+05 4.171888e+05 6.479226e+05 8.163034e+05
1.034520e+05 1.034520e+05 1.034520e+05 1.034520e+05 1.034520e+05 1.034489e+05 1.034306e+05 1.033144e+05 1.032125e+05 1.030804e+05 1.027217e+05 1.022340e+05 1.016150e+05 1.008600e+05 9.995722e+04 9.888214e+04 9.759197e+04 8.560938e+04 6.416138e+04 4.499753e+04 3.370381e+04 2.801538e+04 2.540858e+04 2.446177e+04 2.590937e+04 2.844675e+04 3.178001e+04 3.595936e+04 4.116435e+04 1.785134e+05 4.243114e+05 6.549729e+05 8.221126e+05
8.240020e+04 8.240020e+04 8.240020e+04 8.240018e+04 8.240014e+04 8.239876e+04 8.239397e+04 8.237068e+04 8.235040e+04 8.232326e+04 8.224547e+04 8.213122e+04 8.197176e+04 8.175034e+04 8.143711e+04 8.098692e+04 8.034070e+04 7.200636e+04 5.557364e+04 4.086909e+04 3.221994e+04 2.788962e+04 2.596258e+04 2.552378e+04 2.715544e+04 2.980761e+04 3.324244e+04 3.754790e+04 4.292284e+04 1.837825e+05 4.318934e+05 6.623248e+05 8.280895e+05
6.737130e+04 6.737130e+04 6.737130e+04 6.737130e+04 6.737132e+04 6.737163e+04 6.737220e+04 6.737216e+04 6.737097e+04 6.736874e+04 6.736048e+04 6.734560e+04 6.731962e+04 6.727090e+04 6.717604e+04 6.699740e+04 6.668371e+04 6.111494e+04 4.879679e+04 3.764084e+04 3.123151e+04 2.818724e+04 2.697678e+04 2.710923e+04 2.882759e+04 3.147358e+04 3.496447e+04 3.938871e+04 4.494617e+04 1.895768e+05 4.399504e+05 6.699811e+05 8.342321e+05
5.829945e+04 5.829945e+04 5.829945e+04 5.829946e+04 5.829949e+04 5.830041e+04 5.830311e+04 5.831321e+04 5.832031e+04 5.832857e+04 5.834801e+04 5.837025e+04 5.839200e+04 5.840431e+04 5.838880e+04 5.831550e+04 5.814310e+04 5.415947e+04 4.470572e+04 3.606432e+04 3.121060e+04 2.907298e+04 2.840815e+04 2.905797e+04 3.090325e+04 3.353370e+04 3.700660e+04 4.151855e+04 4.726556e+04 1.959316e+05 4.484968e+05 6.779434e+05 8.405378e+05
5.356906e+04 5.356906e+04 5.356906e+04 5.356907e+04 5.356911e+04 5.357030e+04 5.357392e+04 5.358792e+04 5.359809e+04 5.361020e+04 5.363974e+04 5.367541e+04 5.371456e+04 5.374982e+04 5.376587e+04 5.373761e+04 5.363052e+04 5.055013e+04 4.297436e+04 3.604377e+04 3.221478e+04 3.063088e+04 3.028242e+04 3.126268e+04 3.324217e+04 3.591759e+04 3.942795e+04 4.401557e+04 4.993624e+04 2.028835e+05 4.575459e+05 6.862123e+05 8.470034e+05
5.189253e+04 5.189254e+04 5.189254e+04 5.189255e+04 5.189259e+04 5.189398e+04 5.189824e+04 5.191470e+04 5.192654e+04 5.194057e+04 5.197465e+04 5.201585e+04 5.206165e+04 5.210535e+04 5.213323e+04 5.212315e+04 5.204492e+04 4.946226e+04 4.305873e+04 3.724076e+04 3.406041e+04 3.278384e+04 3.257238e+04 3.367219e+04 3.574808e+04 3.852640e+04 4.216084e+04 4.691596e+04 5.305455e+04 2.104714e+05 4.671100e+05 6.947873e+05 8.536249e+05
5.244614e+04 5.244614e+04 5.244614e+04 5.244614e+04 5.244615e+04 5.244660e+04 5.244817e+04 5.245483e+04 5.246019e+04 5.246710e+04 5.248591e+04 5.251140e+04 5.254187e+04 5.257140e+04 5.258747e+04 5.256980e+04 5.249090e+04 5.013615e+04 4.442442e+04 3.929150e+04 3.649639e+04 3.536865e+04 3.518383e+04 3.625353e+04 3.837489e+04 4.129932e+04 4.515084e+04 5.017913e+04 5.664229e+04 2.187376e+05 4.772001e+05 7.036668e+05 8.603979e+05
5.407453e+04 5.407453e+04 5.407453e+04 5.407454e+04 5.407457e+04 5.407548e+04 5.407830e+04 5.408910e+04 5.409687e+04 5.410611e+04 5.412878e+04 5.415646e+04 5.418719e+04 5.421522e+04 5.422874e+04 5.420879e+04 5.412989e+04 5.190091e+04 4.659627e+04 4.186378e+04 3.927707e+04 3.820422e+04 3.799365e+04 3.897162e+04 4.111593e+04 4.422237e+04 4.837806e+04 5.379039e+04 6.069108e+04 2.277285e+05 4.878259e+05 7.128480e+05 8.673169e+05
5.646462e+04 5.646462e+04 5.646462e+04 5.646463e+04 5.646465e+04 5.646530e+04 5.646728e+04 5.647498e+04 5.648059e+04 5.648733e+04 5.650401e+04 5.652458e+04 5.654725e+04 5.656661e+04 5.657133e+04 5.654328e+04 5.645816e+04 5.428161e+04 4.920209e+04 4.468360e+04 4.219526e+04 4.113328e+04 4.088976e+04 4.179667e+04 4.399170e+04 4.732631e+04 5.186509e+04 5.776613e+04 6.521791e+04 2.374961e+05 4.989961e+05 7.223268e+05 8.743762e+05
5.916558e+04 5.916558e+04 5.916558e+04 5.916559e+04 5.916561e+04 5.916618e+04 5.916791e+04 5.917425e+04 5.917854e+04 5.918345e+04 5.919505e+04 5.920888e+04 5.922353e+04 5.923391e+04 5.922919e+04 5.919189e+04 5.909861e+04 5.693231e+04 5.196273e+04 4.754622e+04 4.510315e+04 4.405001e+04 4.380173e+04 4.472342e+04 4.704772e+04 5.067878e+04 5.567665e+04 6.215902e+04 7.026598e+04 2.481003e+05 5.107186e+05 7.320982e+05 8.815692e+05
6.184911e+04 6.184911e+04 6.184911e+04 6.184911e+04 6.184913e+04 6.184948e+04 6.185061e+04 6.185530e+04 6.185882e+04 6.186306e+04 6.187340e+04 6.188562e+04 6.189787e+04 6.190494e+04 6.189612e+04 6.185435e+04 6.175684e+04 5.959578e+04 5.468465e+04 5.032791e+04 4.792981e+04 4.691963e+04 4.672158e+04 4.778873e+04 5.035954e+04 5.437843e+04 5.991348e+04 6.705743e+04 7.590769e+04 2.596112e+05 5.230002e+05 7.421558e+05 8.888887e+05
6.442745e+04 6.442745e+04 6.442745e+04 6.442746e+04 6.442746e+04 6.442774e+04 6.442856e+04 6.443145e+04 6.443336e+04 6.443554e+04 6.444064e+04 6.444662e+04 6.445208e+04 6.445218e+04 6.443658e+04 6.438859e+04 6.428586e+04 6.212822e+04 5.727571e+04 5.300002e+04 5.069259e+04 4.978801e+04 4.971334e+04 5.108168e+04 5.403814e+04 5.855195e+04 6.470508e+04 7.258006e+04 8.224337e+04 2.721145e+05 5.358474e+05 7.524923e+05 8.963269e+05
6.672396e+04 6.672396e+04 6.672396e+04 6.672396e+04 6.672397e+04 6.672426e+04 6.672505e+04 6.672804e+04 6.673017e+04 6.673267e+04 6.673861e+04 6.674536e+04 6.675133e+04 6.675174e+04 6.673648e+04 6.668931e+04 6.658839e+04 6.447504e+04 5.974405e+04 5.562906e+04 5.349529e+04 5.277942e+04 5.291162e+04 5.474520e+04 5.823178e+04 6.335218e+04 7.020326e+04 7.886860e+04 8.939663e+04 2.857287e+05 5.492663e+05 7.630993e+05 9.038753e+05
6.879916e+04 6.879916e+04 6.879916e+04 6.879917e+04 6.879919e+04 6.879978e+04 6.880143e+04 6.880703e+04 6.881083e+04 6.881523e+04 6.882568e+04 6.883790e+04 6.885020e+04 6.885774e+04 6.885047e+04 6.881241e+04 6.872224e+04 6.671368e+04 6.220605e+04 5.837054e+04 5.651864e+04 5.608707e+04 5.651358e+04 5.897129e+04 6.312342e+04 6.895484e+04 7.657653e+04 8.608033e+04 9.750766e+04 3.005201e+05 5.632631e+05 7.739676e+05 9.115252e+05
7.100758e+04 7.100758e+04 7.100758e+04 7.100759e+04 7.100759e+04 7.100778e+04 7.100836e+04 7.101085e+04 7.101278e+04 7.101519e+04 7.102157e+04 7.103008e+04 7.103963e+04 7.104594e+04 7.103959e+04 7.100532e+04 7.092270e+04 6.904750e+04 6.487446e+04 6.145798e+04 6.000980e+04 5.996263e+04 6.076829e+04 6.399188e+04 6.892384e+04 7.555311e+04 8.400424e+04 9.438123e+04 1.067263e+05 3.164813e+05 5.778446e+05 7.850871e+05 9.192671e+05
7.327039e+04 7.327039e+04 7.327039e+04 7.327040e+04 7.327044e+04 7.327142e+04 7.327413e+04 7.328382e+04 7.329077e+04 7.329909e+04 7.331984e+04 7.334573e+04 7.337521e+04 7.340365e+04 7.342157e+04 7.341404e+04 7.336142e+04 7.173498e+04 6.804261e+04 6.519544e+04 6.427343e+04 6.470512e+04 6.596432e+04 7.006617e+04 7.586130e+04 8.334977e+04 9.267011e+04 1.039396e+05 1.172053e+05 3.336124e+05 5.930185e+05 7.964471e+05 9.270912e+05
7.644962e+04 7.644962e+04 7.644962e+04 7.644963e+04 7.644966e+04 7.645073e+04 7.645388e+04 7.646512e+04 7.647303e+04 7.648243e+04 7.650592e+04 7.653596e+04 7.657186e+04 7.660978e+04 7.664096e+04 7.665122e+04 7.662190e+04 7.524906e+04 7.211586e+04 6.995255e+04 6.965788e+04 7.064431e+04 7.241210e+04 7.746388e+04 8.416804e+04 9.254743e+04 1.027552e+05 1.149203e+05 1.290951e+05 3.519103e+05 6.087950e+05 8.080362e+05 9.349872e+05
8.073300e+04 8.073300e+04 8.073300e+04 8.073302e+04 8.073308e+04 8.073495e+04 8.074077e+04 8.076382e+04 8.078074e+04 8.080093e+04 8.085017e+04 8.090982e+04 8.097748e+04 8.104815e+04 8.111251e+04 8.115649e+04 8.116228e+04 8.006106e+04 7.752057e+04 7.611733e+04 7.652219e+04 7.811281e+04 8.041857e+04 8.644479e+04 9.406519e+04 1.033382e+05 1.144308e+05 1.274794e+05 1.425389e+05 3.713667e+05 6.251876e+05 8.198429e+05 9.429448e+05
8.723205e+04 8.723205e+04 8.723205e+04 8.723206e+04 8.723208e+04 8.723282e+04 8.723516e+04 8.724540e+04 8.725372e+04 8.726432e+04 8.729270e+04 8.733095e+04 8.737832e+04 8.743107e+04 8.748085e+04 8.751457e+04 8.751569e+04 8.655989e+04 8.461629e+04 8.403790e+04 8.519260e+04 8.740981e+04 9.025642e+04 9.723710e+04 1.057484e+05 1.158944e+05 1.278528e+05 1.417605e+05 1.576696e+05 3.919672e+05 6.422168e+05 8.318554e+05 9.509533e+05
9.496247e+04 9.496247e+04 9.496248e+04 9.496249e+04 9.496252e+04 9.496368e+04 9.496734e+04 9.498380e+04 9.499758e+04 9.501540e+04 9.506342e+04 9.512750e+04 9.520555e+04 9.529239e+04 9.537858e+04 9.545059e+04 9.549242e+04 9.486576e+04 9.365875e+04 9.399157e+04 9.592728e+04 9.876817e+04 1.021364e+05 1.100204e+05 1.193778e+05 1.303632e+05 1.431583e+05 1.578921e+05 1.746075e+05 4.136918e+05 6.599213e+05 8.440620e+05 9.590017e+05
1.052155e+05 1.052155e+05 1.052155e+05 1.052156e+05 1.052156e+05 1.052168e+05 1.052206e+05 1.052371e+05 1.052507e+05 1.052684e+05 1.053162e+05 1.053811e+05 1.054616e+05 1.055530e+05 1.056462e+05 1.057286e+05 1.057855e+05 1.054098e+05 1.049376e+05 1.061916e+05 1.088969e+05 1.123350e+05 1.161928e+05 1.249193e+05 1.350758e+05 1.468654e+05 1.604653e+05 1.759876e+05 1.934598e+05 4.365149e+05 6.783206e+05 8.564513e+05 9.670794e+05
1.178851e+05 1.178851e+05 1.178851e+05 1.178851e+05 1.178851e+05 1.178868e+05 1.178921e+05 1.179136e+05 1.179301e+05 1.179508e+05 1.180048e+05 1.180759e+05 1.181625e+05 1.182603e+05 1.183608e+05 1.184521e+05 1.185214e+05 1.183721e+05 1.186004e+05 1.207359e+05 1.241719e+05 1.281720e+05 1.324893e+05 1.420116e+05 1.529343e+05 1.655007e+05 1.798756e+05 1.961467e+05 2.143206e+05 4.604053e+05 6.973455e+05 8.690127e+05 9.751754e+05
1.329170e+05 1.329170e+05 1.329170e+05 1.329170e+05 1.329170e+05 1.329192e+05 1.329262e+05 1.329555e+05 1.329777e+05 1.330049e+05 1.330742e+05 1.331627e+05 1.332686e+05 1.333867e+05 1.335083e+05 1.336215e+05 1.337144e+05 1.338051e+05 1.346783e+05 1.376283e+05 1.417495e+05 1.462850e+05 1.510465e+05 1.613492e+05 1.730278e+05 1.863561e+05 2.014798e+05 2.184574e+05 2.372721e+05 4.853263e+05 7.169327e+05 8.817366e+05 9.832792e+05
1.509099e+05 1.509099e+05 1.509099e+05 1.509099e+05 1.509100e+05 1.509120e+05 1.509183e+05 1.509434e+05 1.509622e+05 1.509852e+05 1.510439e+05 1.511197e+05 1.512114e+05 1.513148e+05 1.514220e+05 1.515219e+05 1.516039e+05 1.517722e+05 1.531511e+05 1.568318e+05 1.616044e+05 1.666692e+05 1.718808e+05 1.829844e+05 1.954307e+05 2.095155e+05 2.253622e+05 2.429985e+05 2.623842e+05 5.112353e+05 7.370202e+05 8.946151e+05 9.913805e+05
1.709833e+05 1.709833e+05 1.709833e+05 1.709833e+05 1.709834e+05 1.709858e+05 1.709935e+05 1.710241e+05 1.710468e+05 1.710743e+05 1.711432e+05 1.712295e+05 1.713312e+05 1.714434e+05 1.715579e+05 1.716639e+05 1.717519e+05 1.720377e+05 1.739080e+05 1.783044e+05 1.837360e+05 1.893524e+05 1.950413e+05 2.069930e+05 2.202304e+05 2.350668e+05 2.516037e+05 2.698401e+05 2.897142e+05 5.380833e+05 7.575434e+05 9.076428e+05 9.994691e+05
1.933276e+05 1.933276e+05 1.933276e+05 1.933276e+05 1.933277e+05 1.933294e+05 1.933349e+05 1.933582e+05 1.933765e+05 1.933995e+05 1.934601e+05 1.935402e+05 1.936386e+05 1.937506e+05 1.938679e+05 1.939798e+05 1.940768e+05 1.945257e+05 1.969356e+05 2.020883e+05 2.082209e+05 2.144308e+05 2.206349e+05 2.334877e+05 2.475334e+05 2.631036e+05 2.802815e+05 2.990416e+05 3.193045e+05 5.658137e+05 7.784347e+05 9.208189e+05 1.007536e+06
2.178220e+05 2.178220e+05 2.178220e+05 2.178221e+05 2.178222e+05 2.178249e+05 2.178333e+05 2.178663e+05 2.178910e+05 2.179211e+05 2.179975e+05 2.180952e+05 2.182127e+05 2.183453e+05 2.184845e+05 2.186197e+05 2.187422e+05 2.194197e+05 2.224144e+05 2.283656e+05 2.352418e+05 2.420833e+05 2.488320e+05 2.626158e+05 2.774607e+05 2.937201e+05 3.114640e+05 3.306474e+05 3.511784e+05 5.943622e+05 7.996235e+05 9.341526e+05 1.015572e+06
2.450739e+05 2.450740e+05 2.450740e+05 2.450740e+05 2.450741e+05 2.450781e+05 2.450902e+05 2.451362e+05 2.451693e+05 2.452089e+05 2.453077e+05 2.454316e+05 2.455785e+05 2.457428e+05 2.459152e+05 2.460843e+05 2.462414e+05 2.471567e+05 2.507076e+05 2.574455e+05 2.650706e+05 2.725504e+05 2.798456e+05 2.945413e+05 3.101340e+05 3.270004e+05 3.452023e+05 3.646801e+05 3.853345e+05 6.236557e+05 8.210368e+05 9.476578e+05 1.023569e+06
2.761822e+05 2.761822e+05 2.761822e+05 2.761822e+05 2.761823e+05 2.761850e+05 2.761934e+05 2.762278e+05 2.762542e+05 2.762871e+05 2.763729e+05 2.764859e+05 2.766249e+05 2.767849e+05 2.769562e+05 2.771270e+05 2.772877e+05 2.782893e+05 2.822544e+05 2.896859e+05 2.980049e+05 3.060832e+05 3.138882e+05 3.294151e+05 3.456543e+05 3.630035e+05 3.815189e+05 4.011319e+05 4.217407e+05 6.536117e+05 8.425997e+05 9.612807e+05 1.031520e+06
3.106686e+05 3.106686e+05 3.106686e+05 3.106686e+05 3.106687e+05 3.106731e+05 3.106869e+05 3.107413e+05 3.107816e+05 3.108300e+05 3.109508e+05 3.111017e+05 3.112796e+05 3.114775e+05 3.116841e+05 3.118859e+05 3.120724e+05 3.131597e+05 3.174060e+05 3.253858e+05 3.342884e+05 3.428807e+05 3.511234e+05 3.673440e+05 3.840811e+05 4.017470e+05 4.203957e+05 4.399555e+05 4.603269e+05 6.841381e+05 8.642363e+05 9.749667e+05 1.039419e+06
3.498406e+05 3.498406e+05 3.498406e+05 3.498406e+05 3.498407e+05 3.498442e+05 3.498549e+05 3.498977e+05 3.499300e+05 3.499698e+05 3.500724e+05 3.502062e+05 3.503697e+05 3.505563e+05 3.507536e+05 3.509464e+05 3.511221e+05 3.521166e+05 3.564148e+05 3.647276e+05 3.740575e+05 3.830487e+05 3.916331e+05 4.083682e+05 4.254141e+05 4.431936e+05 4.617637e+05 4.810561e+05 5.009798e+05 7.151333e+05 8.858704e+05 9.886675e+05 1.047263e+06
3.929758e+05 3.929758e+05 3.929758e+05 3.929758e+05 3.929760e+05 3.929804e+05 3.929943e+05 3.930494e+05 3.930905e+05 3.931404e+05 3.932658e+05 3.934244e+05 3.936125e+05 3.938218e+05 3.940378e+05 3.942424e+05 3.944207e+05 3.952584e+05 3.993601e+05 4.077526e+05 4.173314e+05 4.265926e+05 4.354100e+05 4.524496e+05 4.695816e+05 4.872399e+05 5.054933e+05 5.242852e+05 5.435378e+05 7.464864e+05 9.074263e+05 1.002337e+06 1.055048e+06
4.407883e+05 4.407883e+05 4.407883e+05 4.407883e+05 4.407885e+05 4.407924e+05 4.408045e+05 4.408533e+05 4.408899e+05 4.409349e+05 4.410500e+05 4.411983e+05 4.413769e+05 4.415766e+05 4.417807e+05 4.419679e+05 4.421191e+05 4.425958e+05 4.461901e+05 4.543923e+05 4.640374e+05 4.734329e+05 4.823627e+05 4.994666e+05 5.164309e+05 5.337080e+05 5.513884e+05 5.694352e+05 5.877888e+05 7.780780e+05 9.288298e+05 1.015929e+06 1.062777e+06
4.927114e+05 4.927114e+05 4.927114e+05 4.927114e+05 4.927115e+05 4.927154e+05 4.927276e+05 4.927760e+05 4.928124e+05 4.928567e+05 4.929695e+05 4.931138e+05 4.932857e+05 4.934748e+05 4.936617e+05 4.938212e+05 4.939301e+05 4.938803e+05 4.967028e+05 5.044827e+05 5.140210e+05 5.234060e+05 5.323116e+05 5.492043e+05 5.657206e+05 5.823395e+05 5.991827e+05 6.162387e+05 6.334691e+05 8.097814e+05 9.500083e+05 1.029400e+06 1.070454e+06
5.482129e+05 5.482129e+05 5.482129e+05 5.482129e+05 5.482130e+05 5.482165e+05 5.482274e+05 5.482713e+05 5.483045e+05 5.483453e+05 5.484494e+05 5.485830e+05 5.487421e+05 5.489146e+05 5.490783e+05 5.492039e+05 5.492631e+05 5.486205e+05 5.505444e+05 5.577471e+05 5.670216e+05 5.762403e+05 5.849666e+05 6.013411e+05 6.171122e+05 6.327924e+05 6.485390e+05 6.643691e+05 6.802670e+05 8.414640e+05 9.708922e+05 1.042707e+06 1.078096e+06
6.065865e+05 6.065865e+05 6.065865e+05 6.065866e+05 6.065867e+05 6.065900e+05 6.066004e+05 6.066419e+05 6.066731e+05 6.067112e+05 6.068080e+05 6.069317e+05 6.070778e+05 6.072329e+05 6.073725e+05 6.074634e+05 6.074731e+05 6.062513e+05 6.072613e+05 6.137866e+05 6.226432e+05 6.315258e+05 6.399028e+05 6.554371e+05 6.701688e+05 6.846434e+05 6.990540e+05 7.134467e+05 7.278274e+05 8.729891e+05 9.914148e+05 1.055807e+06 1.085680e+06
6.671343e+05 6.671343e+05 6.671343e+05 6.671344e+05 6.671345e+05 6.671377e+05 6.671477e+05 6.671879e+05 6.672180e+05 6.672548e+05 6.673484e+05 6.674680e+05 6.676087e+05 6.677561e+05 6.678829e+05 6.679528e+05 6.679285e+05 6.662270e+05 6.663524e+05 6.720856e+05 6.803428e+05 6.887013e+05 6.965533e+05 7.109369e+05 7.243621e+05 7.373978e+05 7.502687e+05 7.630478e+05 7.757612e+05 9.042181e+05 1.011513e+06 1.068660e+06 1.093172e+06
7.295880e+05 7.295880e+05 7.295880e+05 7.295881e+05 7.295882e+05 7.295915e+05 7.296017e+05 7.296425e+05 7.296732e+05 7.297106e+05 7.298062e+05 7.299286e+05 7.300725e+05 7.302221e+05 7.303477e+05 7.304088e+05 7.303637e+05 7.282185e+05 7.273367e+05 7.320296e+05 7.394412e+05 7.470707e+05 7.542288e+05 7.671924e+05 7.790944e+05 7.905082e+05 8.016837e+05 8.127182e+05 8.236565e+05 9.350125e+05 1.031128e+06 1.081227e+06 1.100545e+06
7.941078e+05 7.941078e+05 7.941078e+05 7.941078e+05 7.941079e+05 7.941115e+05 7.941225e+05 7.941664e+05 7.941992e+05 7.942392e+05 7.943399e+05 7.944659e+05 7.946101e+05 7.947539e+05 7.948646e+05 7.948976e+05 7.948060e+05 7.919751e+05 7.896564e+05 7.928854e+05 7.991499e+05 8.058473e+05 8.121660e+05 8.235030e+05 8.337293e+05 8.433988e+05 8.527791e+05 8.619897e+05 8.710919e+05 9.652363e+05 1.050206e+06 1.093470e+06 1.107774e+06
8.605625e+05 8.605625e+05 8.605625e+05 8.605625e+05 8.605626e+05 8.605639e+05 8.605680e+05 8.605843e+05 8.605966e+05 8.606119e+05 8.606524e+05 8.607069e+05 8.607712e+05 8.608287e+05 8.608459e+05 8.607753e+05 8.605647e+05 8.566753e+05 8.524482e+05 8.537905e+05 8.586297e+05 8.642231e+05 8.695908e+05 8.791630e+05 8.876270e+05 8.954919e+05 9.030359e+05 9.103968e+05 9.176507e+05 9.947584e+05 1.068695e+06 1.105356e+06 1.114837e+06
9.255613e+05 9.255613e+05 9.255613e+05 9.255614e+05 9.255615e+05 9.255641e+05 9.255724e+05 9.256042e+05 9.256270e+05 9.256542e+05 9.257212e+05 9.258034e+05 9.258942e+05 9.259733e+05 9.260026e+05 9.259281e+05 9.256899e+05 9.209921e+05 9.147139e+05 9.138867e+05 9.170841e+05 9.214390e+05 9.257743e+05 9.335010e+05 9.401747e+05 9.462333e+05 9.519557e+05 9.574935e+05 9.629348e+05 1.023455e+06 1.086551e+06 1.116851e+06 1.121713e+06
9.903626e+05 9.903626e+05 9.903626e+05 9.903626e+05 9.903627e+05 9.903653e+05 9.903734e+05 9.904027e+05 9.904229e+05 9.904464e+05 9.905032e+05 9.905714e+05 9.906437e+05 9.906983e+05 9.906935e+05 9.905694e+05 9.902574e+05 9.844793e+05 9.757813e+05 9.724608e+05 9.738122e+05 9.768144e+05 9.800571e+05 9.859035e+05 9.908090e+05 9.951122e+05 9.990793e+05 1.002869e+06 1.006578e+06 1.051210e+06 1.103734e+06 1.127927e+06 1.128382e+06
1.054246e+06 1.054246e+06 1.054246e+06 1.054246e+06 1.054246e+06 1.054246e+06 1.054247e+06 1.054252e+06 1.054256e+06 1.054261e+06 1.054272e+06 1.054284e+06 1.054292e+06 1.054270e+06 1.054177e+06 1.053946e+06 1.053501e+06 1.046325e+06 1.034879e+06 1.028812e+06 1.028166e+06 1.029736e+06 1.031851e+06 1.035827e+06 1.039032e+06 1.041677e+06 1.044000e+06 1.046160e+06 1.048255e+06 1.077920e+06 1.120208e+06 1.138556e+06 1.134826e+06
1.114429e+06 1.114429e+06 1.114429e+06 1.114429e+06 1.114429e+06 1.114429e+06 1.114428e+06 1.114426e+06 1.114425e+06 1.114423e+06 1.114418e+06 1.114412e+06 1.114396e+06 1.114347e+06 1.114217e+06 1.113934e+06 1.113414e+06 1.105118e+06 1.091064e+06 1.082245e+06 1.079556e+06 1.079664e+06 1.080649e+06 1.082808e+06 1.084422e+06 1.085546e+06 1.086377e+06 1.087061e+06 1.087692e+06 1.103492e+06 1.135943e+06 1.148715e+06 1.141027e+06
1.170322e+06 1.170322e+06 1.170322e+06 1.170322e+06 1.170322e+06 1.170323e+06 1.170325e+06 1.170333e+06 1.170338e+06 1.170343e+06 1.170356e+06 1.170369e+06 1.170375e+06 1.170346e+06 1.170231e+06 1.169952e+06 1.169415e+06 1.160305e+06 1.143834e+06 1.132289e+06 1.127536e+06 1.126173e+06 1.126042e+06 1.126477e+06 1.126645e+06 1.126422e+06 1.125943e+06 1.125331e+06 1.124675e+06 1.127849e+06 1.150912e+06 1.158384e+06 1.146968e+06
1.223203e+06 1.223203e+06 1.223203e+06 1.223203e+06 1.223203e+06 1.223203e+06 1.223205e+06 1.223213e+06 1.223219e+06 1.223226e+06 1.223242e+06 1.223260e+06 1.223271e+06 1.223247e+06 1.223132e+06 1.222842e+06 1.222273e+06 1.212245e+06 1.193175e+06 1.178734e+06 1.171820e+06 1.168959e+06 1.167731e+06 1.166564e+06 1.165464e+06 1.164094e+06 1.162507e+06 1.160800e+06 1.159048e+06 1.150924e+06 1.165097e+06 1.167545e+06 1.152635e+06
1.273620e+06 1.273620e+06 1.273620e+06 1.273620e+06 1.273620e+06 1.273620e+06 1.273621e+06 1.273622e+06 1.273623e+06 1.273625e+06 1.273628e+06 1.273631e+06 1.273622e+06 1.273573e+06 1.273424e+06 1.273084e+06 1.272439e+06 1.261174e+06 1.239079e+06 1.221428e+06 1.212211e+06 1.207820e+06 1.205528e+06 1.202912e+06 1.200746e+06 1.198443e+06 1.195965e+06 1.193370e+06 1.190718e+06 1.172667e+06 1.178480e+06 1.176183e+06 1.158014e+06
1.320970e+06 1.320970e+06 1.320970e+06 1.320970e+06 1.320970e+06 1.320969e+06 1.320966e+06 1.320953e+06 1.320944e+06 1.320933e+06 1.320908e+06 1.320875e+06 1.320827e+06 1.320730e+06 1.320523e+06 1.320107e+06 1.319358e+06 1.306652e+06 1.281232e+06 1.260149e+06 1.248550e+06 1.242645e+06 1.239353e+06 1.235478e+06 1.232463e+06 1.229447e+06 1.226291e+06 1.223011e+06 1.219652e+06 1.193043e+06 1.191050e+06 1.184288e+06 1.163093e+06
1.363760e+06 1.363760e+06 1.363760e+06 1.363760e+06 1.363760e+06 1.363759e+06 1.363755e+06 1.363742e+06 1.363732e+06 1.363720e+06 1.363690e+06 1.363650e+06 1.363590e+06 1.363477e+06 1.363243e+06 1.362782e+06 1.361960e+06 1.347923e+06 1.319199e+06 1.294701e+06 1.280780e+06 1.273450e+06 1.269260e+06 1.264340e+06 1.260690e+06 1.257167e+06 1.253532e+06 1.249758e+06 1.245873e+06 1.212027e+06 1.202800e+06 1.191850e+06 1.167861e+06
1.401768e+06 1.401768e+06 1.401768e+06 1.401768e+06 1.401767e+06 1.401767e+06 1.401764e+06 1.401755e+06 1.401748e+06 1.401739e+06 1.401716e+06 1.401685e+06 1.401633e+06 1.401526e+06 1.401289e+06 1.400810e+06 1.399940e+06 1.384709e+06 1.352844e+06 1.325111e+06 1.309029e+06 1.300412e+06 1.295443e+06 1.289688e+06 1.285591e+06 1.281743e+06 1.277802e+06 1.273700e+06 1.269448e+06 1.229610e+06 1.213727e+06 1.198864e+06 1.172308e+06
1.435714e+06 1.435714e+06 1.435714e+06 1.435714e+06 1.435714e+06 1.435713e+06 1.435708e+06 1.435691e+06 1.435679e+06 1.435664e+06 1.435627e+06 1.435578e+06 1.435506e+06 1.435374e+06 1.435105e+06 1.434578e+06 1.433634e+06 1.417167e+06 1.382341e+06 1.351634e+06 1.333599e+06 1.323842e+06 1.318208e+06 1.311792e+06 1.307399e+06 1.303368e+06 1.299260e+06 1.294968e+06 1.290486e+06 1.245794e+06 1.223832e+06 1.205328e+06 1.176428e+06
1.465003e+06 1.465003e+06 1.465003e+06 1.465003e+06 1.465003e+06 1.465002e+06 1.464997e+06 1.464980e+06 1.464966e+06 1.464950e+06 1.464910e+06 1.464857e+06 1.464781e+06 1.464642e+06 1.464360e+06 1.463807e+06 1.462815e+06 1.445332e+06 1.407936e+06 1.374620e+06 1.354869e+06 1.344118e+06 1.337913e+06 1.330967e+06 1.326383e+06 1.322270e+06 1.318099e+06 1.313724e+06 1.309119e+06 1.260591e+06 1.233120e+06 1.211241e+06 1.180212e+06
1.489771e+06 1.489771e+06 1.489771e+06 1.489771e+06 1.489771e+06 1.489770e+06 1.489768e+06 1.489760e+06 1.489754e+06 1.489747e+06 1.489727e+06 1.489700e+06 1.489650e+06 1.489539e+06 1.489280e+06 1.488740e+06 1.487743e+06 1.469551e+06 1.430032e+06 1.394480e+06 1.373237e+06 1.361618e+06 1.354917e+06 1.347531e+06 1.342821e+06 1.338691e+06 1.334528e+06 1.330145e+06 1.325499e+06 1.274022e+06 1.241598e+06 1.216605e+06 1.183656e+06
1.511467e+06 1.511467e+06 1.511467e+06 1.511467e+06 1.511467e+06 1.511467e+06 1.511465e+06 1.511457e+06 1.511452e+06 1.511445e+06 1.511428e+06 1.511404e+06 1.511361e+06 1.511256e+06 1.511001e+06 1.510459e+06 1.509443e+06 1.490593e+06 1.449193e+06 1.411659e+06 1.389090e+06 1.376697e+06 1.369556e+06 1.361785e+06 1.356984e+06 1.352871e+06 1.348756e+06 1.344415e+06 1.339785e+06 1.286116e+06 1.249278e+06 1.221425e+06 1.186757e+06
1.530605e+06 1.530605e+06 1.530605e+06 1.530605e+06 1.530605e+06 1.530604e+06 1.530603e+06 1.530598e+06 1.530594e+06 1.530589e+06 1.530577e+06 1.530559e+06 1.530521e+06 1.530420e+06 1.530166e+06 1.529616e+06 1.528577e+06 1.509073e+06 1.465910e+06 1.426549e+06 1.402766e+06 1.389667e+06 1.382123e+06 1.374001e+06 1.369120e+06 1.365033e+06 1.360984e+06 1.356711e+06 1.352133e+06 1.296910e+06 1.256172e+06 1.225707e+06 1.189513e+06
1.547614e+06 1.547614e+06 1.547614e+06 1.547614e+06 1.547614e+06 1.547613e+06 1.547612e+06 1.547605e+06 1.547600e+06 1.547594e+06 1.547579e+06 1.547557e+06 1.547515e+06 1.547408e+06 1.547143e+06 1.546574e+06 1.545502e+06 1.525333e+06 1.480503e+06 1.439446e+06 1.414543e+06 1.400792e+06 1.392873e+06 1.384413e+06 1.379446e+06 1.375381e+06 1.371397e+06 1.367203e+06 1.362697e+06 1.306445e+06 1.262297e+06 1.229459e+06 1.191922e+06
1.562439e+06 1.562439e+06 1.562439e+06 1.562439e+06 1.562439e+06 1.562439e+06 1.562437e+06 1.562430e+06 1.562425e+06 1.562419e+06 1.562402e+06 1.562379e+06 1.562335e+06 1.562225e+06 1.561954e+06 1.561370e+06 1.560270e+06 1.539507e+06 1.493168e+06 1.450572e+06 1.424645e+06 1.410290e+06 1.402016e+06 1.393219e+06 1.388151e+06 1.384091e+06 1.380163e+06 1.376045e+06 1.371618e+06 1.314765e+06 1.267670e+06 1.232691e+06 1.193985e+06
1.575154e+06 1.575154e+06 1.575154e+06 1.575154e+06 1.575154e+06 1.575154e+06 1.575152e+06 1.575148e+06 1.575144e+06 1.575139e+06 1.575128e+06 1.575110e+06 1.575071e+06 1.574966e+06 1.574696e+06 1.574107e+06 1.572990e+06 1.551737e+06 1.504082e+06 1.460113e+06 1.433254e+06 1.418334e+06 1.409717e+06 1.400578e+06 1.395389e+06 1.391313e+06 1.387424e+06 1.383374e+06 1.379025e+06 1.321917e+06 1.272312e+06 1.235414e+06 1.195704e+06
1.586126e+06 1.586126e+06 1.586126e+06 1.586126e+06 1.586126e+06 1.586126e+06 1.586124e+06 1.586119e+06 1.586115e+06 1.586111e+06 1.586099e+06 1.586081e+06 1.586043e+06 1.585938e+06 1.585666e+06 1.585070e+06 1.583936e+06 1.562254e+06 1.513434e+06 1.468223e+06 1.440501e+06 1.425046e+06 1.416097e+06 1.406610e+06 1.401283e+06 1.397171e+06 1.393305e+06 1.389310e+06 1.385034e+06 1.327952e+06 1.276244e+06 1.237640e+06 1.197081e+06
1.595505e+06 1.595505e+06 1.595505e+06 1.595505e+06 1.595505e+06 1.595505e+06 1.595504e+06 1.595500e+06 1.595496e+06 1.595492e+06 1.595482e+06 1.595466e+06 1.595430e+06 1.595326e+06 1.595053e+06 1.594450e+06 1.593302e+06 1.571239e+06 1.521359e+06 1.474998e+06 1.446467e+06 1.430504e+06 1.421237e+06 1.411407e+06 1.405932e+06 1.401770e+06 1.397910e+06 1.393959e+06 1.389748e+06 1.332921e+06 1.279487e+06 1.239384e+06 1.198121e+06
1.603464e+06 1.603464e+06 1.603464e+06 1.603464e+06 1.603464e+06 1.603464e+06 1.603463e+06 1.603459e+06 1.603455e+06 1.603451e+06 1.603441e+06 1.603426e+06 1.603390e+06 1.603286e+06 1.603012e+06 1.602404e+06 1.601242e+06 1.578822e+06 1.527939e+06 1.480493e+06 1.451201e+06 1.434764e+06 1.425197e+06 1.415040e+06 1.409415e+06 1.405194e+06 1.401330e+06 1.397411e+06 1.393259e+06 1.336873e+06 1.282068e+06 1.240660e+06 1.198829e+06
1.610127e+06 1.610127e+06 1.610127e+06 1.610127e+06 1.610127e+06 1.610127e+06 1.610126e+06 1.610123e+06 1.610120e+06 1.610117e+06 1.610109e+06 1.610095e+06 1.610062e+06 1.609959e+06 1.609684e+06 1.609070e+06 1.607896e+06 1.585114e+06 1.533250e+06 1.484765e+06 1.454758e+06 1.437880e+06 1.428035e+06 1.417573e+06 1.411802e+06 1.407517e+06 1.403641e+06 1.399747e+06 1.395646e+06 1.339860e+06 1.284008e+06 1.241483e+06 1.199211e+06
1.615667e+06 1.615667e+06 1.615667e+06 1.615667e+06 1.615667e+06 1.615667e+06 1.615666e+06 1.615662e+06 1.615658e+06 1.615654e+06 1.615642e+06 1.615624e+06 1.615584e+06 1.615473e+06 1.615187e+06 1.614556e+06 1.613356e+06 1.590166e+06 1.537336e+06 1.487867e+06 1.457195e+06 1.439909e+06 1.429809e+06 1.419062e+06 1.413151e+06 1.408801e+06 1.404909e+06 1.401035e+06 1.396983e+06 1.341933e+06 1.285335e+06 1.241869e+06 1.199274e+06
1.619846e+06 1.619846e+06 1.619846e+06 1.619846e+06 1.619846e+06 1.619845e+06 1.619843e+06 1.619835e+06 1.619829e+06 1.619822e+06 1.619803e+06 1.619776e+06 1.619726e+06 1.619603e+06 1.619301e+06 1.618652e+06 1.617424e+06 1.593858e+06 1.540166e+06 1.489824e+06 1.458557e+06 1.440903e+06 1.430569e+06 1.419559e+06 1.413516e+06 1.409103e+06 1.405194e+06 1.401339e+06 1.397333e+06 1.343142e+06 1.286073e+06 1.241835e+06 1.199025e+06
1.622278e+06 1.622278e+06 1.622278e+06 1.622278e+06 1.622278e+06 1.622277e+06 1.622275e+06 1.622267e+06 1.622262e+06 1.622255e+06 1.622237e+06 1.622213e+06 1.622166e+06 1.622045e+06 1.621745e+06 1.621094e+06 1.619860e+06 1.596063e+06 1.541712e+06 1.490653e+06 1.458880e+06 1.440902e+06 1.430359e+06 1.419107e+06 1.412943e+06 1.408472e+06 1.404549e+06 1.400714e+06 1.396757e+06 1.343535e+06 1.286249e+06 1.241396e+06 1.198472e+06
1.623201e+06 1.623201e+06 1.623201e+06 1.623201e+06 1.623201e+06 1.623200e+06 1.623199e+06 1.623193e+06 1.623189e+06 1.623184e+06 1.623171e+06 1.623152e+06 1.623110e+06 1.622996e+06 1.622702e+06 1.622055e+06 1.620823e+06 1.596890e+06 1.542046e+06 1.490408e+06 1.458205e+06 1.439944e+06 1.429214e+06 1.417745e+06 1.411472e+06 1.406954e+06 1.403024e+06 1.399214e+06 1.395309e+06 1.343160e+06 1.285889e+06 1.240571e+06 1.197625e+06
1.622949e+06 1.622949e+06 1.622949e+06 1.622949e+06 1.622949e+06 1.622949e+06 1.622947e+06 1.622942e+06 1.622938e+06 1.622933e+06 1.622921e+06 1.622904e+06 1.622865e+06 1.622754e+06 1.622464e+06 1.621821e+06 1.620590e+06 1.596555e+06 1.541303e+06 1.489163e+06 1.456578e+06 1.438065e+06 1.427168e+06 1.415508e+06 1.409146e+06 1.404593e+06 1.400667e+06 1.396890e+06 1.393043e+06 1.342065e+06 1.285019e+06 1.239377e+06 1.196494e+06
1.621713e+06 1.621713e+06 1.621713e+06 1.621713e+06 1.621713e+06 1.621712e+06 1.621712e+06 1.621708e+06 1.621706e+06 1.621703e+06 1.621695e+06 1.621683e+06 1.621649e+06 1.621544e+06 1.621260e+06 1.620621e+06 1.619392e+06 1.595254e+06 1.539604e+06 1.486986e+06 1.454046e+06 1.435303e+06 1.424258e+06 1.412438e+06 1.406007e+06 1.401435e+06 1.397524e+06 1.393790e+06 1.390010e+06 1.340295e+06 1.283665e+06 1.237830e+06 1.195087e+06
1.619786e+06 1.619786e+06 1.619786e+06 1.619786e+06 1.619786e+06 1.619786e+06 1.619785e+06 1.619782e+06 1.619779e+06 1.619776e+06 1.619766e+06 1.619751e+06 1.619714e+06 1.619605e+06 1.619314e+06 1.618667e+06 1.617426e+06 1.593112e+06 1.537020e+06 1.483927e+06 1.450653e+06 1.431703e+06 1.420530e+06 1.408579e+06 1.402101e+06 1.397527e+06 1.393645e+06 1.389965e+06 1.386260e+06 1.337895e+06 1.281853e+06 1.235948e+06 1.193415e+06
1.617014e+06 1.617014e+06 1.617014e+06 1.617014e+06 1.617014e+06 1.617013e+06 1.617011e+06 1.617004e+06 1.616999e+06 1.616992e+06 1.616976e+06 1.616952e+06 1.616905e+06 1.616784e+06 1.616481e+06 1.615820e+06 1.614562e+06 1.590059e+06 1.533549e+06 1.480023e+06 1.446452e+06 1.427321e+06 1.416040e+06 1.403986e+06 1.397480e+06 1.392920e+06 1.389080e+06 1.385464e+06 1.381844e+06 1.334909e+06 1.279610e+06 1.233748e+06 1.191489e+06
1.612999e+06 1.612999e+06 1.612999e+06 1.612999e+06 1.612999e+06 1.612998e+06 1.612997e+06 1.612989e+06 1.612984e+06 1.612977e+06 1.612961e+06 1.612938e+06 1.612892e+06 1.612772e+06 1.612470e+06 1.611810e+06 1.610552e+06 1.585971e+06 1.529179e+06 1.475319e+06 1.441506e+06 1.422225e+06 1.410854e+06 1.398718e+06 1.392201e+06 1.387667e+06 1.383880e+06 1.380339e+06 1.376813e+06 1.331378e+06 1.276959e+06 1.231246e+06 1.189319e+06
1.607863e+06 1.607863e+06 1.607863e+06 1.607863e+06 1.607863e+06 1.607863e+06 1.607862e+06 1.607858e+06 1.607856e+06 1.607853e+06 1.607844e+06 1.607831e+06 1.607796e+06 1.607688e+06 1.607399e+06 1.606751e+06 1.605505e+06 1.580936e+06 1.523986e+06 1.469888e+06 1.435886e+06 1.416482e+06 1.405036e+06 1.392835e+06 1.386318e+06 1.381821e+06 1.378097e+06 1.374641e+06 1.371217e+06 1.327344e+06 1.273927e+06 1.228461e+06 1.186916e+06
1.602119e+06 1.602119e+06 1.602119e+06 1.602119e+06 1.602119e+06 1.602119e+06 1.602118e+06 1.602115e+06 1.602112e+06 1.602109e+06 1.602101e+06 1.602087e+06 1.602053e+06 1.601947e+06 1.601659e+06 1.601015e+06 1.599771e+06 1.575189e+06 1.518109e+06 1.463820e+06 1.429663e+06 1.410155e+06 1.398646e+06 1.386394e+06 1.379885e+06 1.375435e+06 1.371784e+06 1.368420e+06 1.365106e+06 1.322847e+06 1.270538e+06 1.225407e+06 1.184292e+06
1.595839e+06 1.595839e+06 1.595839e+06 1.595839e+06 1.595839e+06 1.595839e+06 1.595838e+06 1.595834e+06 1.595831e+06 1.595827e+06 1.595818e+06 1.595803e+06 1.595767e+06 1.595659e+06 1.595370e+06 1.594724e+06 1.593478e+06 1.568860e+06 1.511652e+06 1.457192e+06 1.422898e+06 1.403300e+06 1.391736e+06 1.379446e+06 1.372957e+06 1.368562e+06 1.364991e+06 1.361728e+06 1.358530e+06 1.317925e+06 1.266816e+06 1.222102e+06 1.181457e+06
1.588977e+06 1.588977e+06 1.588977e+06 1.588977e+06 1.588977e+06 1.588976e+06 1.588975e+06 1.588971e+06 1.588968e+06 1.588965e+06 1.588955e+06 1.588940e+06 1.588904e+06 1.588795e+06 1.588506e+06 1.587859e+06 1.586614e+06 1.561976e+06 1.504663e+06 1.450055e+06 1.415640e+06 1.395964e+06 1.384355e+06 1.372042e+06 1.365584e+06 1.361254e+06 1.357772e+06 1.354615e+06 1.351538e+06 1.312617e+06 1.262784e+06 1.218561e+06 1.178421e+06
1.581530e+06 1.581530e+06 1.581530e+06 1.581530e+06 1.581530e+06 1.581530e+06 1.581529e+06 1.581525e+06 1.581522e+06 1.581519e+06 1.581510e+06 1.581497e+06 1.581462e+06 1.581355e+06 1.581068e+06 1.580424e+06 1.579182e+06 1.554554e+06 1.497177e+06 1.442449e+06 1.407933e+06 1.388193e+06 1.376552e+06 1.364234e+06 1.357820e+06 1.353563e+06 1.350176e+06 1.347130e+06 1.344179e+06 1.306959e+06 1.258466e+06 1.214799e+06 1.175197e+06
1.573588e+06 1.573588e+06 1.573588e+06 1.573588e+06 1.573588e+06 1.573588e+06 1.573587e+06 1.573584e+06 1.573582e+06 1.573578e+06 1.573570e+06 1.573558e+06 1.573524e+06 1.573419e+06 1.573134e+06 1.572493e+06 1.571255e+06 1.546644e+06 1.489228e+06 1.434414e+06 1.399824e+06 1.380041e+06 1.368381e+06 1.356077e+06 1.349717e+06 1.345542e+06 1.342254e+06 1.339323e+06 1.336500e+06 1.300984e+06 1.253882e+06 1.210831e+06 1.171794e+06
1.565228e+06 1.565228e+06 1.565228e+06 1.565228e+06 1.565228e+06 1.565228e+06 1.565227e+06 1.565224e+06 1.565221e+06 1.565218e+06 1.565210e+06 1.565197e+06 1.565164e+06 1.565060e+06 1.564775e+06 1.564135e+06 1.562898e+06 1.538298e+06 1.480863e+06 1.425999e+06 1.391368e+06 1.371563e+06 1.359900e+06 1.347627e+06 1.341331e+06 1.337241e+06 1.334056e+06 1.331242e+06 1.328548e+06 1.294728e+06 1.249055e+06 1.206672e+06 1.168224e+06
