2.285995e+06 1.157289e+06 9.116988e+05 6.256482e+05 5.498046e+05 3.873066e+05 3.346156e+05 2.904035e+05 2.786800e+05 2.704765e+05 2.607137e+05 2.563949e+05 2.553686e+05 2.565167e+05 2.591949e+05 2.629657e+05 2.674415e+05 2.830078e+05 2.541953e+05 2.078333e+05 1.760008e+05 1.588677e+05 1.507098e+05 1.472750e+05 1.504896e+05 1.553621e+05 1.602662e+05 1.648381e+05 1.692210e+05 2.637456e+05 4.673082e+05 6.766776e+05 8.361949e+05
3.175866e+05 3.175872e+05 3.175885e+05 3.175963e+05 3.175120e+05 3.110775e+05 2.992834e+05 2.753935e+05 2.682260e+05 2.629128e+05 2.565232e+05 2.540551e+05 2.541653e+05 2.560634e+05 2.592563e+05 2.633811e+05 2.680891e+05 2.835978e+05 2.540438e+05 2.074266e+05 1.756670e+05 1.586722e+05 1.506357e+05 1.473556e+05 1.506391e+05 1.555329e+05 1.604346e+05 1.649946e+05 1.693643e+05 2.640160e+05 4.678168e+05 6.772409e+05 8.366898e+05
2.737602e+05 2.737603e+05 2.737606e+05 2.737655e+05 2.737675e+05 2.723023e+05 2.689941e+05 2.618568e+05 2.570525e+05 2.541615e+05 2.516881e+05 2.514833e+05 2.529470e+05 2.557067e+05 2.594697e+05 2.639715e+05 2.689144e+05 2.842523e+05 2.538656e+05 2.069861e+05 1.753137e+05 1.584689e+05 1.505607e+05 1.474406e+05 1.507936e+05 1.557078e+05 1.606063e+05 1.651535e+05 1.695093e+05 2.642891e+05 4.683288e+05 6.778068e+05 8.371862e+05
2.530727e+05 2.530728e+05 2.530730e+05 2.530784e+05 2.530915e+05 2.530275e+05 2.515004e+05 2.519246e+05 2.512800e+05 2.497302e+05 2.479625e+05 2.492167e+05 2.519294e+05 2.555514e+05 2.598936e+05 2.647724e+05 2.699396e+05 2.849682e+05 2.536560e+05 2.065100e+05 1.749407e+05 1.582580e+05 1.504850e+05 1.475302e+05 1.509532e+05 1.558871e+05 1.607811e+05 1.653148e+05 1.696561e+05 2.645650e+05 4.688444e+05 6.783753e+05 8.376843e+05
2.438971e+05 2.438972e+05 2.438974e+05 2.439021e+05 2.439149e+05 2.441132e+05 2.439030e+05 2.443415e+05 2.460567e+05 2.472070e+05 2.476936e+05 2.487150e+05 2.516264e+05 2.558107e+05 2.606269e+05 2.658334e+05 2.711900e+05 2.857393e+05 2.534096e+05 2.059965e+05 1.745478e+05 1.580397e+05 1.504090e+05 1.476246e+05 1.511180e+05 1.560707e+05 1.609592e+05 1.654784e+05 1.698045e+05 2.648438e+05 4.693635e+05 6.789465e+05 8.381840e+05
2.409345e+05 2.409346e+05 2.409347e+05 2.409385e+05 2.409493e+05 2.411729e+05 2.414157e+05 2.416285e+05 2.430961e+05 2.451757e+05 2.484869e+05 2.505537e+05 2.531352e+05 2.569657e+05 2.618842e+05 2.672574e+05 2.727156e+05 2.865580e+05 2.531203e+05 2.054438e+05 1.741347e+05 1.578143e+05 1.503330e+05 1.477240e+05 1.512880e+05 1.562585e+05 1.611405e+05 1.656443e+05 1.699547e+05 2.651253e+05 4.698862e+05 6.795204e+05 8.386853e+05
2.413019e+05 2.413019e+05 2.413020e+05 2.413051e+05 2.413138e+05 2.415210e+05 2.418962e+05 2.423006e+05 2.431621e+05 2.449090e+05 2.494128e+05 2.530990e+05 2.562111e+05 2.597543e+05 2.641216e+05 2.692537e+05 2.746210e+05 2.874181e+05 2.527820e+05 2.048501e+05 1.737013e+05 1.575820e+05 1.502572e+05 1.478285e+05 1.514634e+05 1.564507e+05 1.613250e+05 1.658124e+05 1.701065e+05 2.654097e+05 4.704125e+05 6.800969e+05 8.391882e+05
2.435933e+05 2.435933e+05 2.435934e+05 2.435959e+05 2.436033e+05 2.437904e+05 2.441970e+05 2.448797e+05 2.454381e+05 2.466620e+05 2.509528e+05 2.557302e+05 2.598196e+05 2.636226e+05 2.677026e+05 2.722377e+05 2.771062e+05 2.883189e+05 2.523891e+05 2.042141e+05 1.732477e+05 1.573431e+05 1.501820e+05 1.479384e+05 1.516442e+05 1.566472e+05 1.615126e+05 1.659828e+05 1.702600e+05 2.656970e+05 4.709424e+05 6.806761e+05 8.396927e+05
2.471067e+05 2.471067e+05 2.471068e+05 2.471090e+05 2.471155e+05 2.472866e+05 2.476954e+05 2.485986e+05 2.490977e+05 2.499844e+05 2.535563e+05 2.585960e+05 2.635311e+05 2.679199e+05 2.720667e+05 2.762600e+05 2.805131e+05 2.892696e+05 2.519376e+05 2.035346e+05 1.727741e+05 1.570983e+05 1.501078e+05 1.480537e+05 1.518305e+05 1.568480e+05 1.617033e+05 1.661554e+05 1.704150e+05 2.659872e+05 4.714759e+05 6.812580e+05 8.401988e+05
2.514964e+05 2.514965e+05 2.514965e+05 2.514985e+05 2.515043e+05 2.516624e+05 2.520620e+05 2.531039e+05 2.536493e+05 2.543938e+05 2.572848e+05 2.620218e+05 2.673586e+05 2.723324e+05 2.767744e+05 2.808600e+05 2.846829e+05 2.902941e+05 2.514257e+05 2.028115e+05 1.722810e+05 1.568478e+05 1.500349e+05 1.481748e+05 1.520223e+05 1.570531e+05 1.618971e+05 1.663301e+05 1.705716e+05 2.662802e+05 4.720130e+05 6.818425e+05 8.407066e+05
2.565704e+05 2.565704e+05 2.565704e+05 2.565722e+05 2.565774e+05 2.567221e+05 2.571033e+05 2.582242e+05 2.588436e+05 2.595667e+05 2.619915e+05 2.661988e+05 2.714948e+05 2.768127e+05 2.815808e+05 2.857135e+05 2.892616e+05 2.914375e+05 2.508549e+05 2.020452e+05 1.717690e+05 1.565923e+05 1.499638e+05 1.483017e+05 1.522196e+05 1.572625e+05 1.620940e+05 1.665069e+05 1.707297e+05 2.665762e+05 4.725538e+05 6.824298e+05 8.412160e+05
3.325810e+05 3.325810e+05 3.325811e+05 3.325819e+05 3.325845e+05 3.326644e+05 3.328988e+05 3.336970e+05 3.341299e+05 3.344814e+05 3.347422e+05 3.343106e+05 3.333158e+05 3.320267e+05 3.306518e+05 3.292125e+05 3.275238e+05 3.026436e+05 2.440662e+05 1.932559e+05 1.661377e+05 1.540285e+05 1.494931e+05 1.499321e+05 1.545015e+05 1.595819e+05 1.642162e+05 1.683779e+05 1.723821e+05 2.697029e+05 4.781661e+05 6.884515e+05 8.463982e+05
3.281240e+05 3.281240e+05 3.281240e+05 3.281239e+05 3.281236e+05 3.281138e+05 3.280861e+05 3.279482e+05 3.278093e+05 3.276011e+05 3.269096e+05 3.257701e+05 3.241291e+05 3.219666e+05 3.192805e+05 3.160652e+05 3.122796e+05 2.801969e+05 2.270627e+05 1.846167e+05 1.627163e+05 1.533831e+05 1.504187e+05 1.524264e+05 1.573550e+05 1.622656e+05 1.665608e+05 1.703831e+05 1.741228e+05 2.731495e+05 4.841619e+05 6.947478e+05 8.517416e+05
2.727566e+05 2.727566e+05 2.727566e+05 2.727565e+05 2.727563e+05 2.727476e+05 2.727178e+05 2.725901e+05 2.724902e+05 2.723641e+05 2.720276e+05 2.715665e+05 2.709539e+05 2.701387e+05 2.690421e+05 2.675591e+05 2.655604e+05 2.431491e+05 2.040452e+05 1.747482e+05 1.608665e+05 1.555426e+05 1.542452e+05 1.565149e+05 1.608936e+05 1.652611e+05 1.690385e+05 1.724380e+05 1.758841e+05 2.769417e+05 4.905577e+05 7.013234e+05 8.572452e+05
2.277884e+05 2.277884e+05 2.277884e+05 2.277884e+05 2.277884e+05 2.277868e+05 2.277829e+05 2.277735e+05 2.277682e+05 2.277620e+05 2.277444e+05 2.277113e+05 2.276406e+05 2.274909e+05 2.271982e+05 2.266754e+05 2.258125e+05 2.124209e+05 1.866370e+05 1.681094e+05 1.606364e+05 1.588978e+05 1.594242e+05 1.623197e+05 1.655496e+05 1.686446e+05 1.716070e+05 1.744780e+05 1.776090e+05 2.811075e+05 4.973696e+05 7.081817e+05 8.629079e+05
2.013588e+05 2.013588e+05 2.013588e+05 2.013588e+05 2.013590e+05 2.013633e+05 2.013763e+05 2.014250e+05 2.014597e+05 2.015006e+05 2.015984e+05 2.017095e+05 2.018161e+05 2.018860e+05 2.018717e+05 2.017098e+05 2.013217e+05 1.932671e+05 1.772286e+05 1.664212e+05 1.630027e+05 1.633206e+05 1.649508e+05 1.684137e+05 1.708564e+05 1.726506e+05 1.743775e+05 1.765095e+05 1.792824e+05 2.856779e+05 5.046130e+05 7.153257e+05 8.687277e+05
1.893252e+05 1.893252e+05 1.893252e+05 1.893252e+05 1.893253e+05 1.893272e+05 1.893327e+05 1.893517e+05 1.893651e+05 1.893816e+05 1.894253e+05 1.894824e+05 1.895431e+05 1.895849e+05 1.895725e+05 1.894596e+05 1.891907e+05 1.838327e+05 1.741265e+05 1.685237e+05 1.675178e+05 1.686603e+05 1.705044e+05 1.738735e+05 1.757677e+05 1.766629e+05 1.774167e+05 1.786916e+05 1.809689e+05 2.906881e+05 5.123031e+05 7.227572e+05 8.747023e+05
1.841644e+05 1.841644e+05 1.841644e+05 1.841645e+05 1.841646e+05 1.841673e+05 1.841757e+05 1.842080e+05 1.842315e+05 1.842596e+05 1.843279e+05 1.844074e+05 1.844857e+05 1.845412e+05 1.845447e+05 1.844606e+05 1.842500e+05 1.804317e+05 1.747613e+05 1.725456e+05 1.729326e+05 1.742219e+05 1.757189e+05 1.782862e+05 1.796346e+05 1.800114e+05 1.802077e+05 1.809743e+05 1.828541e+05 2.961783e+05 5.204539e+05 7.304774e+05 8.808287e+05
1.836571e+05 1.836571e+05 1.836571e+05 1.836571e+05 1.836570e+05 1.836546e+05 1.836486e+05 1.836283e+05 1.836155e+05 1.836022e+05 1.835761e+05 1.835514e+05 1.835219e+05 1.834728e+05 1.833822e+05 1.832237e+05 1.829703e+05 1.799399e+05 1.768796e+05 1.768190e+05 1.779670e+05 1.791063e+05 1.800546e+05 1.814709e+05 1.821930e+05 1.823159e+05 1.823651e+05 1.830149e+05 1.848324e+05 3.021954e+05 5.290793e+05 7.384861e+05 8.871030e+05
1.825142e+05 1.825142e+05 1.825142e+05 1.825142e+05 1.825143e+05 1.825153e+05 1.825183e+05 1.825297e+05 1.825378e+05 1.825475e+05 1.825702e+05 1.825942e+05 1.826104e+05 1.826032e+05 1.825532e+05 1.824396e+05 1.822439e+05 1.800777e+05 1.788661e+05 1.801331e+05 1.816476e+05 1.825567e+05 1.829956e+05 1.833212e+05 1.834409e+05 1.834819e+05 1.837126e+05 1.846210e+05 1.867168e+05 3.087940e+05 5.381924e+05 7.467823e+05 8.935212e+05
1.823912e+05 1.823912e+05 1.823912e+05 1.823912e+05 1.823912e+05 1.823907e+05 1.823890e+05 1.823796e+05 1.823712e+05 1.823606e+05 1.823329e+05 1.822966e+05 1.822474e+05 1.821752e+05 1.820670e+05 1.819093e+05 1.816912e+05 1.799625e+05 1.798506e+05 1.817971e+05 1.834266e+05 1.841422e+05 1.842382e+05 1.838149e+05 1.835198e+05 1.836317e+05 1.842778e+05 1.857494e+05 1.884377e+05 3.160378e+05 5.478056e+05 7.553640e+05 9.000783e+05
1.804121e+05 1.804121e+05 1.804121e+05 1.804121e+05 1.804121e+05 1.804122e+05 1.804126e+05 1.804135e+05 1.804137e+05 1.804136e+05 1.804115e+05 1.804040e+05 1.803846e+05 1.803434e+05 1.802694e+05 1.801527e+05 1.799873e+05 1.788001e+05 1.793667e+05 1.815696e+05 1.831901e+05 1.838129e+05 1.837783e+05 1.830659e+05 1.826592e+05 1.830172e+05 1.842455e+05 1.864968e+05 1.900289e+05 3.240015e+05 5.579312e+05 7.642282e+05 9.067687e+05
1.779394e+05 1.779394e+05 1.779394e+05 1.779394e+05 1.779394e+05 1.779394e+05 1.779392e+05 1.779386e+05 1.779379e+05 1.779369e+05 1.779331e+05 1.779250e+05 1.779070e+05 1.778707e+05 1.778073e+05 1.777095e+05 1.775737e+05 1.766966e+05 1.774831e+05 1.796422e+05 1.812154e+05 1.818654e+05 1.818986e+05 1.813394e+05 1.811554e+05 1.819535e+05 1.838941e+05 1.870660e+05 1.916177e+05 3.327732e+05 5.685809e+05 7.733707e+05 9.135864e+05
1.752065e+05 1.752065e+05 1.752065e+05 1.752065e+05 1.752065e+05 1.752054e+05 1.752019e+05 1.751886e+05 1.751791e+05 1.751678e+05 1.751403e+05 1.751055e+05 1.750596e+05 1.749963e+05 1.749092e+05 1.747935e+05 1.746470e+05 1.737911e+05 1.744760e+05 1.764719e+05 1.780349e+05 1.788232e+05 1.790756e+05 1.790162e+05 1.793525e+05 1.807801e+05 1.835421e+05 1.877228e+05 1.934010e+05 3.424601e+05 5.797665e+05 7.827867e+05 9.205247e+05
1.711433e+05 1.711433e+05 1.711433e+05 1.711433e+05 1.711433e+05 1.711429e+05 1.711416e+05 1.711365e+05 1.711325e+05 1.711276e+05 1.711143e+05 1.710953e+05 1.710663e+05 1.710209e+05 1.709529e+05 1.708577e+05 1.707334e+05 1.699819e+05 1.706422e+05 1.725918e+05 1.742513e+05 1.752758e+05 1.758511e+05 1.765291e+05 1.776157e+05 1.798373e+05 1.835133e+05 1.887574e+05 1.956169e+05 3.532070e+05 5.914999e+05 7.924701e+05 9.275763e+05
1.666104e+05 1.666104e+05 1.666104e+05 1.666104e+05 1.666104e+05 1.666101e+05 1.666090e+05 1.666043e+05 1.666005e+05 1.665957e+05 1.665827e+05 1.665636e+05 1.665345e+05 1.664896e+05 1.664234e+05 1.663323e+05 1.662152e+05 1.655675e+05 1.663874e+05 1.685047e+05 1.704042e+05 1.717593e+05 1.727341e+05 1.743069e+05 1.763068e+05 1.794517e+05 1.841172e+05 1.904584e+05 1.985186e+05 3.650910e+05 6.037933e+05 8.024143e+05 9.347336e+05
1.616156e+05 1.616156e+05 1.616156e+05 1.616156e+05 1.616156e+05 1.616147e+05 1.616119e+05 1.616007e+05 1.615924e+05 1.615823e+05 1.615572e+05 1.615255e+05 1.614849e+05 1.614313e+05 1.613609e+05 1.612717e+05 1.611651e+05 1.607500e+05 1.620376e+05 1.646115e+05 1.669325e+05 1.687245e+05 1.701685e+05 1.727457e+05 1.757675e+05 1.799289e+05 1.856406e+05 1.930979e+05 2.023556e+05 3.781009e+05 6.166599e+05 8.126119e+05 9.419882e+05
1.558073e+05 1.558073e+05 1.558073e+05 1.558073e+05 1.558073e+05 1.558074e+05 1.558076e+05 1.558082e+05 1.558085e+05 1.558088e+05 1.558089e+05 1.558068e+05 1.557992e+05 1.557821e+05 1.557525e+05 1.557106e+05 1.556600e+05 1.557553e+05 1.579029e+05 1.612717e+05 1.642193e+05 1.665625e+05 1.685415e+05 1.722015e+05 1.763115e+05 1.815493e+05 1.883447e+05 1.969250e+05 2.073625e+05 3.922393e+05 6.301141e+05 8.230547e+05 9.493316e+05
1.505442e+05 1.505442e+05 1.505442e+05 1.505442e+05 1.505442e+05 1.505442e+05 1.505441e+05 1.505446e+05 1.505452e+05 1.505460e+05 1.505481e+05 1.505502e+05 1.505501e+05 1.505448e+05 1.505335e+05 1.505186e+05 1.505073e+05 1.511326e+05 1.544009e+05 1.588603e+05 1.626250e+05 1.656245e+05 1.681949e+05 1.729898e+05 1.782213e+05 1.845667e+05 1.924647e+05 2.021643e+05 2.137542e+05 4.075096e+05 6.441726e+05 8.337343e+05 9.567547e+05
1.460722e+05 1.460722e+05 1.460722e+05 1.460722e+05 1.460722e+05 1.460724e+05 1.460729e+05 1.460750e+05 1.460766e+05 1.460785e+05 1.460833e+05 1.460889e+05 1.460933e+05 1.460949e+05 1.460949e+05 1.460988e+05 1.461184e+05 1.472945e+05 1.519076e+05 1.577181e+05 1.624691e+05 1.662170e+05 1.694251e+05 1.753853e+05 1.817467e+05 1.892079e+05 1.982113e+05 2.090165e+05 2.217233e+05 4.239120e+05 6.588557e+05 8.446418e+05 9.642483e+05
1.424349e+05 1.424349e+05 1.424349e+05 1.424349e+05 1.424349e+05 1.424352e+05 1.424359e+05 1.424388e+05 1.424408e+05 1.424433e+05 1.424495e+05 1.424571e+05 1.424649e+05 1.424729e+05 1.424847e+05 1.425099e+05 1.425658e+05 1.444136e+05 1.506698e+05 1.581118e+05 1.640161e+05 1.685975e+05 1.724820e+05 1.796221e+05 1.871042e+05 1.956730e+05 2.057713e+05 2.176597e+05 2.314416e+05 4.414427e+05 6.741907e+05 8.557682e+05 9.718029e+05
1.396168e+05 1.396168e+05 1.396168e+05 1.396169e+05 1.396169e+05 1.396174e+05 1.396191e+05 1.396260e+05 1.396313e+05 1.396377e+05 1.396539e+05 1.396742e+05 1.396976e+05 1.397252e+05 1.397634e+05 1.398265e+05 1.399381e+05 1.426441e+05 1.508918e+05 1.602642e+05 1.674872e+05 1.729796e+05 1.775713e+05 1.858945e+05 1.944786e+05 2.041365e+05 2.153102e+05 2.282516e+05 2.430605e+05 4.600933e+05 6.902239e+05 8.671046e+05 9.794087e+05
1.381223e+05 1.381223e+05 1.381223e+05 1.381223e+05 1.381223e+05 1.381230e+05 1.381251e+05 1.381334e+05 1.381396e+05 1.381473e+05 1.381669e+05 1.381923e+05 1.382237e+05 1.382644e+05 1.383241e+05 1.384224e+05 1.385905e+05 1.422645e+05 1.528081e+05 1.643815e+05 1.730673e+05 1.795338e+05 1.848554e+05 1.943592e+05 2.040252e+05 2.147503e+05 2.269741e+05 2.409320e+05 2.567130e+05 4.798508e+05 7.069806e+05 8.786424e+05 9.870562e+05
1.381331e+05 1.381331e+05 1.381331e+05 1.381331e+05 1.381331e+05 1.381343e+05 1.381379e+05 1.381521e+05 1.381626e+05 1.381752e+05 1.382066e+05 1.382456e+05 1.382927e+05 1.383527e+05 1.384394e+05 1.385783e+05 1.388096e+05 1.435573e+05 1.566476e+05 1.706350e+05 1.808937e+05 1.883825e+05 1.944529e+05 2.051407e+05 2.158758e+05 2.276483e+05 2.408934e+05 2.558245e+05 2.725152e+05 5.006971e+05 7.243935e+05 8.903735e+05 9.947356e+05
1.400277e+05 1.400277e+05 1.400277e+05 1.400277e+05 1.400277e+05 1.400289e+05 1.400325e+05 1.400463e+05 1.400565e+05 1.400689e+05 1.401004e+05 1.401410e+05 1.401927e+05 1.402630e+05 1.403698e+05 1.405455e+05 1.408397e+05 1.467384e+05 1.625682e+05 1.791312e+05 1.910507e+05 1.996070e+05 2.064511e+05 2.183444e+05 2.301487e+05 2.429522e+05 2.571858e+05 2.730387e+05 2.905668e+05 5.226080e+05 7.424025e+05 9.022911e+05 1.002437e+06
1.438044e+05 1.438044e+05 1.438044e+05 1.438044e+05 1.438045e+05 1.438062e+05 1.438115e+05 1.438327e+05 1.438484e+05 1.438673e+05 1.439139e+05 1.439713e+05 1.440411e+05 1.441322e+05 1.442671e+05 1.444854e+05 1.448476e+05 1.519573e+05 1.706705e+05 1.899380e+05 2.035995e+05 2.132759e+05 2.209305e+05 2.340732e+05 2.469585e+05 2.607772e+05 2.759591e+05 2.926709e+05 3.109512e+05 5.455534e+05 7.609491e+05 9.143897e+05 1.010152e+06
1.498975e+05 1.498975e+05 1.498975e+05 1.498975e+05 1.498975e+05 1.498977e+05 1.498985e+05 1.499017e+05 1.499046e+05 1.499090e+05 1.499238e+05 1.499498e+05 1.499925e+05 1.500657e+05 1.501979e+05 1.504372e+05 1.508549e+05 1.592418e+05 1.810086e+05 2.031185e+05 2.186149e+05 2.294783e+05 2.379935e+05 2.524455e+05 2.664257e+05 2.812358e+05 2.973116e+05 3.148027e+05 3.337340e+05 5.694956e+05 7.799727e+05 9.266665e+05 1.017871e+06
1.572072e+05 1.572072e+05 1.572072e+05 1.572073e+05 1.572074e+05 1.572099e+05 1.572180e+05 1.572493e+05 1.572723e+05 1.572999e+05 1.573686e+05 1.574550e+05 1.575624e+05 1.577047e+05 1.579144e+05 1.582470e+05 1.587851e+05 1.686855e+05 1.936802e+05 2.187777e+05 2.362197e+05 2.483508e+05 2.577834e+05 2.736026e+05 2.886778e+05 3.044357e+05 3.213292e+05 3.394982e+05 3.589595e+05 5.943886e+05 7.994097e+05 9.391232e+05 1.025585e+06
1.681024e+05 1.681024e+05 1.681024e+05 1.681024e+05 1.681025e+05 1.681042e+05 1.681094e+05 1.681301e+05 1.681456e+05 1.681644e+05 1.682124e+05 1.682753e+05 1.683593e+05 1.684830e+05 1.686851e+05 1.690301e+05 1.696123e+05 1.807434e+05 2.089190e+05 2.371101e+05 2.566095e+05 2.700873e+05 2.804858e+05 2.977029e+05 3.138417e+05 3.304727e+05 3.480784e+05 3.667984e+05 3.866467e+05 6.201778e+05 8.191939e+05 9.517712e+05 1.033287e+06
1.811741e+05 1.811741e+05 1.811741e+05 1.811742e+05 1.811742e+05 1.811767e+05 1.811843e+05 1.812132e+05 1.812341e+05 1.812590e+05 1.813211e+05 1.814004e+05 1.815031e+05 1.816494e+05 1.818822e+05 1.822737e+05 1.829292e+05 1.953909e+05 2.268921e+05 2.583483e+05 2.800235e+05 2.949116e+05 3.063021e+05 3.249003e+05 3.420275e+05 3.594182e+05 3.775975e+05 3.967133e+05 4.167833e+05 6.467986e+05 8.392565e+05 9.646269e+05 1.040969e+06
1.970333e+05 1.970333e+05 1.970333e+05 1.970333e+05 1.970333e+05 1.970347e+05 1.970391e+05 1.970571e+05 1.970712e+05 1.970889e+05 1.971358e+05 1.972002e+05 1.972905e+05 1.974306e+05 1.976692e+05 1.980875e+05 1.988034e+05 2.126661e+05 2.477589e+05 2.827135e+05 3.066826e+05 3.230229e+05 3.354044e+05 3.553133e+05 3.733066e+05 3.913038e+05 4.098847e+05 4.292145e+05 4.493205e+05 6.741767e+05 8.595268e+05 9.776372e+05 1.048625e+06
2.149421e+05 2.149421e+05 2.149421e+05 2.149421e+05 2.149422e+05 2.149450e+05 2.149536e+05 2.149877e+05 2.150127e+05 2.150428e+05 2.151174e+05 2.152117e+05 2.153337e+05 2.155095e+05 2.157934e+05 2.162760e+05 2.170892e+05 2.326009e+05 2.716512e+05 3.103639e+05 3.367348e+05 3.545475e+05 3.678952e+05 3.889977e+05 4.076926e+05 4.261071e+05 4.448885e+05 4.642279e+05 4.841674e+05 7.022273e+05 8.799332e+05 9.907484e+05 1.056250e+06
2.359200e+05 2.359200e+05 2.359200e+05 2.359200e+05 2.359201e+05 2.359219e+05 2.359275e+05 2.359503e+05 2.359676e+05 2.359890e+05 2.360452e+05 2.361220e+05 2.362309e+05 2.364026e+05 2.366991e+05 2.372218e+05 2.381178e+05 2.553800e+05 2.986909e+05 3.413836e+05 3.702372e+05 3.895203e+05 4.037887e+05 4.259288e+05 4.451265e+05 4.637405e+05 4.824990e+05 5.016274e+05 5.211874e+05 7.308557e+05 9.004035e+05 1.003913e+06 1.063840e+06
2.592774e+05 2.592774e+05 2.592774e+05 2.592774e+05 2.592775e+05 2.592810e+05 2.592920e+05 2.593355e+05 2.593677e+05 2.594066e+05 2.595031e+05 2.596254e+05 2.597834e+05 2.600094e+05 2.603713e+05 2.609813e+05 2.620024e+05 2.812104e+05 3.289988e+05 3.758045e+05 4.071684e+05 4.278868e+05 4.430063e+05 4.659927e+05 4.854682e+05 5.040447e+05 5.225437e+05 5.412323e+05 5.601965e+05 7.599581e+05 9.208659e+05 1.017086e+06 1.071394e+06
2.867662e+05 2.867662e+05 2.867662e+05 2.867662e+05 2.867663e+05 2.867684e+05 2.867752e+05 2.868023e+05 2.868231e+05 2.868489e+05 2.869167e+05 2.870096e+05 2.871413e+05 2.873497e+05 2.877108e+05 2.883490e+05 2.894439e+05 3.104530e+05 3.626983e+05 4.136017e+05 4.474246e+05 4.694992e+05 4.853731e+05 5.089820e+05 5.284927e+05 5.467857e+05 5.647854e+05 5.828071e+05 6.009641e+05 7.894217e+05 9.412496e+05 1.030223e+06 1.078913e+06
3.170598e+05 3.170598e+05 3.170598e+05 3.170598e+05 3.170599e+05 3.170637e+05 3.170754e+05 3.171217e+05 3.171556e+05 3.171964e+05 3.172976e+05 3.174269e+05 3.175973e+05 3.178490e+05 3.182643e+05 3.189787e+05 3.201881e+05 3.430890e+05 3.997349e+05 4.546253e+05 4.907899e+05 5.141021e+05 5.306097e+05 5.545940e+05 5.738910e+05 5.916571e+05 6.089257e+05 6.260643e+05 6.432158e+05 8.191270e+05 9.614857e+05 1.043279e+06 1.086404e+06
3.514808e+05 3.514808e+05 3.514808e+05 3.514808e+05 3.514809e+05 3.514828e+05 3.514890e+05 3.515155e+05 3.515368e+05 3.515637e+05 3.516349e+05 3.517324e+05 3.518719e+05 3.520985e+05 3.525023e+05 3.532312e+05 3.544971e+05 3.790531e+05 4.398922e+05 4.985795e+05 5.369221e+05 5.613260e+05 5.783313e+05 6.024346e+05 6.212759e+05 6.382866e+05 6.546108e+05 6.706704e+05 6.866391e+05 8.489483e+05 9.815072e+05 1.056213e+06 1.093883e+06
3.884168e+05 3.884168e+05 3.884168e+05 3.884168e+05 3.884169e+05 3.884197e+05 3.884279e+05 3.884599e+05 3.884837e+05 3.885127e+05 3.885866e+05 3.886849e+05 3.888247e+05 3.890551e+05 3.894744e+05 3.902421e+05 3.915868e+05 4.178430e+05 4.827559e+05 5.450377e+05 5.853678e+05 6.106993e+05 6.280582e+05 6.520296e+05 6.701937e+05 6.862468e+05 7.014416e+05 7.162546e+05 7.308910e+05 8.787561e+05 1.001250e+06 1.068982e+06 1.101326e+06
4.275820e+05 4.275820e+05 4.275820e+05 4.275820e+05 4.275821e+05 4.275852e+05 4.275949e+05 4.276332e+05 4.276617e+05 4.276966e+05 4.277850e+05 4.279019e+05 4.280651e+05 4.283263e+05 4.287898e+05 4.296251e+05 4.310750e+05 4.590759e+05 5.278942e+05 5.935073e+05 6.355935e+05 6.616704e+05 6.792364e+05 7.028445e+05 7.201419e+05 7.350709e+05 7.489868e+05 7.624202e+05 7.756074e+05 9.084191e+05 1.020653e+06 1.081546e+06 1.108700e+06
4.698876e+05 4.698876e+05 4.698876e+05 4.698876e+05 4.698877e+05 4.698906e+05 4.698997e+05 4.699359e+05 4.699623e+05 4.699939e+05 4.700712e+05 4.701691e+05 4.703062e+05 4.705379e+05 4.709762e+05 4.718031e+05 4.732783e+05 5.026118e+05 5.748997e+05 6.434482e+05 6.870055e+05 7.136322e+05 7.312645e+05 7.543098e+05 7.705911e+05 7.842701e+05 7.967975e+05 8.087561e+05 8.204132e+05 9.378056e+05 1.039659e+06 1.093866e+06 1.115977e+06
5.136737e+05 5.136737e+05 5.136737e+05 5.136737e+05 5.136737e+05 5.136740e+05 5.136748e+05 5.136779e+05 5.136803e+05 5.136836e+05 5.136946e+05 5.137195e+05 5.137841e+05 5.139526e+05 5.143476e+05 5.151643e+05 5.166780e+05 5.474846e+05 6.230947e+05 6.942264e+05 7.389697e+05 7.659577e+05 7.835296e+05 8.058505e+05 8.210072e+05 8.333518e+05 8.444218e+05 8.548498e+05 8.649329e+05 9.667863e+05 1.058214e+06 1.105905e+06 1.123133e+06
5.560032e+05 5.560032e+05 5.560032e+05 5.560033e+05 5.560034e+05 5.560087e+05 5.560252e+05 5.560909e+05 5.561398e+05 5.561989e+05 5.563455e+05 5.565301e+05 5.567703e+05 5.571258e+05 5.577204e+05 5.587549e+05 5.605150e+05 5.933729e+05 6.720529e+05 7.452928e+05 7.908965e+05 8.180538e+05 8.354483e+05 8.569130e+05 8.708723e+05 8.818362e+05 8.914190e+05 9.002988e+05 9.088007e+05 9.952358e+05 1.076269e+06 1.117627e+06 1.130143e+06
6.043789e+05 6.043789e+05 6.043789e+05 6.043789e+05 6.043790e+05 6.043800e+05 6.043833e+05 6.044000e+05 6.044154e+05 6.044364e+05 6.044964e+05 6.045855e+05 6.047274e+05 6.049878e+05 6.054970e+05 6.064639e+05 6.081836e+05 6.415660e+05 7.218319e+05 7.962635e+05 8.422831e+05 8.693898e+05 8.864871e+05 9.069807e+05 9.196978e+05 9.292686e+05 9.373706e+05 9.447214e+05 9.516700e+05 1.023035e+06 1.093778e+06 1.129000e+06 1.136988e+06
6.544436e+05 6.544436e+05 6.544436e+05 6.544436e+05 6.544437e+05 6.544447e+05 6.544477e+05 6.544590e+05 6.544669e+05 6.544762e+05 6.544991e+05 6.545325e+05 6.546008e+05 6.547725e+05 6.551829e+05 6.560476e+05 6.576696e+05 6.909183e+05 7.717387e+05 8.465970e+05 8.926241e+05 9.194687e+05 9.361539e+05 9.555770e+05 9.670323e+05 9.752287e+05 9.818904e+05 9.877652e+05 9.932213e+05 1.050072e+06 1.110699e+06 1.139993e+06 1.143646e+06
7.025015e+05 7.025015e+05 7.025015e+05 7.025015e+05 7.025015e+05 7.025018e+05 7.025027e+05 7.025062e+05 7.025089e+05 7.025125e+05 7.025232e+05 7.025450e+05 7.026041e+05 7.027712e+05 7.031836e+05 7.040599e+05 7.057064e+05 7.393370e+05 8.206775e+05 8.956294e+05 9.413923e+05 9.678081e+05 9.839858e+05 1.002265e+06 1.012466e+06 1.019338e+06 1.024632e+06 1.029116e+06 1.033169e+06 1.076244e+06 1.126996e+06 1.150579e+06 1.150098e+06
7.485028e+05 7.485028e+05 7.485028e+05 7.485028e+05 7.485029e+05 7.485055e+05 7.485135e+05 7.485456e+05 7.485696e+05 7.485986e+05 7.486716e+05 7.487672e+05 7.489079e+05 7.491618e+05 7.496656e+05 7.506383e+05 7.523873e+05 7.865945e+05 8.682056e+05 9.428761e+05 9.881195e+05 1.013962e+06 1.029556e+06 1.046651e+06 1.055637e+06 1.061266e+06 1.065296e+06 1.068502e+06 1.071270e+06 1.101459e+06 1.142637e+06 1.160732e+06 1.156326e+06
7.961010e+05 7.961010e+05 7.961010e+05 7.961010e+05 7.961010e+05 7.961014e+05 7.961024e+05 7.961083e+05 7.961143e+05 7.961227e+05 7.961477e+05 7.961888e+05 7.962711e+05 7.964650e+05 7.969090e+05 7.978234e+05 7.995156e+05 8.333783e+05 9.142647e+05 9.880075e+05 1.032417e+06 1.057541e+06 1.072489e+06 1.088393e+06 1.096239e+06 1.100738e+06 1.103636e+06 1.105703e+06 1.107323e+06 1.125637e+06 1.157592e+06 1.170431e+06 1.162313e+06
8.427915e+05 8.427915e+05 8.427915e+05 8.427915e+05 8.427916e+05 8.427918e+05 8.427927e+05 8.427961e+05 8.427985e+05 8.428012e+05 8.428077e+05 8.428201e+05 8.428633e+05 8.430078e+05 8.433918e+05 8.442349e+05 8.458426e+05 8.789411e+05 9.583674e+05 1.030631e+06 1.073926e+06 1.098207e+06 1.112466e+06 1.127213e+06 1.134031e+06 1.137546e+06 1.139469e+06 1.140555e+06 1.141180e+06 1.148709e+06 1.171838e+06 1.179657e+06 1.168043e+06
8.867586e+05 8.867586e+05 8.867586e+05 8.867586e+05 8.867586e+05 8.867584e+05 8.867578e+05 8.867551e+05 8.867531e+05 8.867505e+05 8.867445e+05 8.867417e+05 8.867670e+05 8.868901e+05 8.872473e+05 8.880555e+05 8.896156e+05 9.220353e+05 9.997918e+05 1.070294e+06 1.112300e+06 1.135666e+06 1.149228e+06 1.162908e+06 1.168849e+06 1.171552e+06 1.172675e+06 1.172949e+06 1.172742e+06 1.170617e+06 1.185355e+06 1.188393e+06 1.173501e+06
9.274897e+05 9.274897e+05 9.274897e+05 9.274897e+05 9.274897e+05 9.274895e+05 9.274889e+05 9.274864e+05 9.274845e+05 9.274821e+05 9.274762e+05 9.274733e+05 9.274974e+05 9.276170e+05 9.279667e+05 9.287599e+05 9.302928e+05 9.620931e+05 1.038057e+06 1.106622e+06 1.147252e+06 1.169696e+06 1.182604e+06 1.195369e+06 1.200618e+06 1.202698e+06 1.203204e+06 1.202840e+06 1.201961e+06 1.191318e+06 1.198128e+06 1.196626e+06 1.178675e+06
9.651908e+05 9.651908e+05 9.651908e+05 9.651908e+05 9.651908e+05 9.651906e+05 9.651899e+05 9.651873e+05 9.651855e+05 9.651835e+05 9.651794e+05 9.651799e+05 9.652086e+05 9.653328e+05 9.656843e+05 9.664722e+05 9.679859e+05 9.991029e+05 1.073007e+06 1.139440e+06 1.178653e+06 1.200221e+06 1.212556e+06 1.224606e+06 1.229364e+06 1.231010e+06 1.231075e+06 1.230236e+06 1.228837e+06 1.210779e+06 1.210143e+06 1.204346e+06 1.183552e+06
1.000364e+06 1.000364e+06 1.000364e+06 1.000364e+06 1.000364e+06 1.000365e+06 1.000365e+06 1.000369e+06 1.000371e+06 1.000374e+06 1.000382e+06 1.000396e+06 1.000437e+06 1.000572e+06 1.000927e+06 1.001705e+06 1.003186e+06 1.033365e+06 1.104773e+06 1.168842e+06 1.206614e+06 1.227369e+06 1.239226e+06 1.250755e+06 1.255207e+06 1.256589e+06 1.256369e+06 1.255199e+06 1.253415e+06 1.228976e+06 1.221394e+06 1.211544e+06 1.188123e+06
1.033815e+06 1.033815e+06 1.033815e+06 1.033815e+06 1.033815e+06 1.033814e+06 1.033811e+06 1.033798e+06 1.033789e+06 1.033779e+06 1.033756e+06 1.033733e+06 1.033732e+06 1.033817e+06 1.034112e+06 1.034812e+06 1.036190e+06 1.065000e+06 1.133531e+06 1.195099e+06 1.231442e+06 1.251447e+06 1.262901e+06 1.274064e+06 1.278350e+06 1.279597e+06 1.279213e+06 1.277828e+06 1.275770e+06 1.245899e+06 1.231875e+06 1.218216e+06 1.192377e+06
1.063855e+06 1.063855e+06 1.063855e+06 1.063855e+06 1.063855e+06 1.063854e+06 1.063851e+06 1.063837e+06 1.063827e+06 1.063814e+06 1.063783e+06 1.063747e+06 1.063727e+06 1.063786e+06 1.064041e+06 1.064684e+06 1.065974e+06 1.093492e+06 1.159279e+06 1.218490e+06 1.253509e+06 1.272840e+06 1.283948e+06 1.294837e+06 1.299041e+06 1.300235e+06 1.299768e+06 1.298251e+06 1.296004e+06 1.261544e+06 1.241585e+06 1.224359e+06 1.196309e+06
1.089836e+06 1.089836e+06 1.089836e+06 1.089836e+06 1.089836e+06 1.089835e+06 1.089832e+06 1.089820e+06 1.089810e+06 1.089799e+06 1.089770e+06 1.089737e+06 1.089720e+06 1.089778e+06 1.090026e+06 1.090648e+06 1.091896e+06 1.118496e+06 1.182069e+06 1.239300e+06 1.273183e+06 1.291925e+06 1.302730e+06 1.313388e+06 1.317539e+06 1.318714e+06 1.318208e+06 1.316608e+06 1.314230e+06 1.275918e+06 1.250526e+06 1.229973e+06 1.199910e+06
1.112145e+06 1.112145e+06 1.112145e+06 1.112145e+06 1.112145e+06 1.112144e+06 1.112141e+06 1.112130e+06 1.112123e+06 1.112114e+06 1.112092e+06 1.112069e+06 1.112064e+06 1.112135e+06 1.112394e+06 1.113020e+06 1.114258e+06 1.140276e+06 1.202190e+06 1.257852e+06 1.290797e+06 1.309033e+06 1.319565e+06 1.329996e+06 1.334085e+06 1.335237e+06 1.334701e+06 1.333041e+06 1.330566e+06 1.289032e+06 1.258702e+06 1.235060e+06 1.203178e+06
1.131619e+06 1.131619e+06 1.131619e+06 1.131619e+06 1.131619e+06 1.131618e+06 1.131617e+06 1.131614e+06 1.131611e+06 1.131607e+06 1.131598e+06 1.131591e+06 1.131603e+06 1.131692e+06 1.131968e+06 1.132604e+06 1.133843e+06 1.159449e+06 1.220074e+06 1.274472e+06 1.306633e+06 1.324426e+06 1.334703e+06 1.344887e+06 1.348877e+06 1.349979e+06 1.349398e+06 1.347680e+06 1.345122e+06 1.300906e+06 1.266121e+06 1.239623e+06 1.206108e+06
1.149242e+06 1.149242e+06 1.149242e+06 1.149242e+06 1.149242e+06 1.149242e+06 1.149240e+06 1.149235e+06 1.149231e+06 1.149226e+06 1.149214e+06 1.149203e+06 1.149211e+06 1.149294e+06 1.149562e+06 1.150186e+06 1.151404e+06 1.176588e+06 1.236110e+06 1.289433e+06 1.320911e+06 1.338300e+06 1.348325e+06 1.358228e+06 1.362070e+06 1.363078e+06 1.362425e+06 1.360638e+06 1.358002e+06 1.311564e+06 1.272793e+06 1.243669e+06 1.208699e+06
1.164944e+06 1.164944e+06 1.164944e+06 1.164944e+06 1.164944e+06 1.164943e+06 1.164942e+06 1.164936e+06 1.164932e+06 1.164927e+06 1.164915e+06 1.164903e+06 1.164912e+06 1.164996e+06 1.165263e+06 1.165884e+06 1.167091e+06 1.191961e+06 1.250556e+06 1.302934e+06 1.333788e+06 1.350786e+06 1.360552e+06 1.370127e+06 1.373768e+06 1.374639e+06 1.373884e+06 1.372011e+06 1.369292e+06 1.321032e+06 1.278729e+06 1.247204e+06 1.210951e+06
1.178905e+06 1.178905e+06 1.178905e+06 1.178905e+06 1.178905e+06 1.178905e+06 1.178906e+06 1.178909e+06 1.178911e+06 1.178913e+06 1.178919e+06 1.178929e+06 1.178962e+06 1.179071e+06 1.179362e+06 1.180004e+06 1.181227e+06 1.205899e+06 1.263659e+06 1.315135e+06 1.345369e+06 1.361963e+06 1.371446e+06 1.380642e+06 1.384034e+06 1.384730e+06 1.383846e+06 1.381873e+06 1.379070e+06 1.329344e+06 1.283944e+06 1.250238e+06 1.212863e+06
1.192261e+06 1.192261e+06 1.192261e+06 1.192261e+06 1.192261e+06 1.192262e+06 1.192262e+06 1.192265e+06 1.192267e+06 1.192269e+06 1.192274e+06 1.192284e+06 1.192316e+06 1.192423e+06 1.192711e+06 1.193345e+06 1.194553e+06 1.218871e+06 1.275659e+06 1.326145e+06 1.355702e+06 1.371849e+06 1.381018e+06 1.389787e+06 1.392896e+06 1.393394e+06 1.392365e+06 1.390285e+06 1.387399e+06 1.336532e+06 1.288454e+06 1.252782e+06 1.214438e+06
1.205040e+06 1.205040e+06 1.205040e+06 1.205040e+06 1.205040e+06 1.205040e+06 1.205039e+06 1.205036e+06 1.205034e+06 1.205031e+06 1.205025e+06 1.205020e+06 1.205036e+06 1.205124e+06 1.205390e+06 1.205995e+06 1.207165e+06 1.230974e+06 1.286600e+06 1.335954e+06 1.364752e+06 1.380405e+06 1.389231e+06 1.397546e+06 1.400362e+06 1.400655e+06 1.399483e+06 1.397298e+06 1.394335e+06 1.342634e+06 1.292275e+06 1.254847e+06 1.215679e+06
1.216603e+06 1.216603e+06 1.216603e+06 1.216603e+06 1.216603e+06 1.216603e+06 1.216602e+06 1.216599e+06 1.216597e+06 1.216594e+06 1.216589e+06 1.216586e+06 1.216602e+06 1.216691e+06 1.216952e+06 1.217547e+06 1.218695e+06 1.242014e+06 1.296372e+06 1.344470e+06 1.372433e+06 1.387559e+06 1.396028e+06 1.403893e+06 1.406431e+06 1.406537e+06 1.405233e+06 1.402958e+06 1.399931e+06 1.347688e+06 1.295429e+06 1.256444e+06 1.216591e+06
1.227101e+06 1.227101e+06 1.227101e+06 1.227101e+06 1.227101e+06 1.227101e+06 1.227101e+06 1.227100e+06 1.227100e+06 1.227100e+06 1.227100e+06 1.227103e+06 1.227126e+06 1.227219e+06 1.227482e+06 1.228072e+06 1.229202e+06 1.251990e+06 1.304918e+06 1.351614e+06 1.378675e+06 1.393253e+06 1.401372e+06 1.408818e+06 1.411115e+06 1.411064e+06 1.409655e+06 1.407309e+06 1.404238e+06 1.351735e+06 1.297933e+06 1.257589e+06 1.217178e+06
1.236901e+06 1.236901e+06 1.236901e+06 1.236901e+06 1.236901e+06 1.236901e+06 1.236901e+06 1.236900e+06 1.236899e+06 1.236898e+06 1.236895e+06 1.236894e+06 1.236911e+06 1.236996e+06 1.237246e+06 1.237812e+06 1.238904e+06 1.260989e+06 1.312231e+06 1.357359e+06 1.383457e+06 1.397481e+06 1.405265e+06 1.412344e+06 1.414446e+06 1.414277e+06 1.412793e+06 1.410402e+06 1.407308e+06 1.354814e+06 1.299811e+06 1.258295e+06 1.217446e+06
1.245795e+06 1.245795e+06 1.245795e+06 1.245795e+06 1.245795e+06 1.245795e+06 1.245794e+06 1.245790e+06 1.245787e+06 1.245783e+06 1.245774e+06 1.245765e+06 1.245772e+06 1.245845e+06 1.246075e+06 1.246611e+06 1.247654e+06 1.268911e+06 1.318264e+06 1.361704e+06 1.386812e+06 1.400295e+06 1.407768e+06 1.414530e+06 1.416482e+06 1.416232e+06 1.414703e+06 1.412293e+06 1.409199e+06 1.356970e+06 1.301084e+06 1.258578e+06 1.217403e+06
1.253441e+06 1.253441e+06 1.253441e+06 1.253441e+06 1.253441e+06 1.253441e+06 1.253440e+06 1.253435e+06 1.253431e+06 1.253426e+06 1.253412e+06 1.253397e+06 1.253397e+06 1.253456e+06 1.253666e+06 1.254170e+06 1.255160e+06 1.275535e+06 1.322935e+06 1.364682e+06 1.388823e+06 1.401790e+06 1.408977e+06 1.415463e+06 1.417299e+06 1.416996e+06 1.415449e+06 1.413042e+06 1.409969e+06 1.358245e+06 1.301776e+06 1.258452e+06 1.217056e+06
1.259539e+06 1.259539e+06 1.259539e+06 1.259539e+06 1.259539e+06 1.259538e+06 1.259536e+06 1.259527e+06 1.259519e+06 1.259511e+06 1.259488e+06 1.259463e+06 1.259449e+06 1.259492e+06 1.259679e+06 1.260147e+06 1.261084e+06 1.280615e+06 1.326186e+06 1.366359e+06 1.389600e+06 1.402088e+06 1.409007e+06 1.415241e+06 1.416980e+06 1.416645e+06 1.415098e+06 1.412714e+06 1.409682e+06 1.358683e+06 1.301909e+06 1.257933e+06 1.216413e+06
1.263620e+06 1.263620e+06 1.263620e+06 1.263620e+06 1.263620e+06 1.263619e+06 1.263616e+06 1.263607e+06 1.263600e+06 1.263592e+06 1.263571e+06 1.263547e+06 1.263536e+06 1.263579e+06 1.263761e+06 1.264214e+06 1.265119e+06 1.283991e+06 1.328020e+06 1.366818e+06 1.389252e+06 1.401297e+06 1.407965e+06 1.413959e+06 1.415611e+06 1.415254e+06 1.413722e+06 1.411376e+06 1.408400e+06 1.358328e+06 1.301510e+06 1.257038e+06 1.215483e+06
1.265930e+06 1.265930e+06 1.265930e+06 1.265930e+06 1.265930e+06 1.265929e+06 1.265928e+06 1.265921e+06 1.265916e+06 1.265910e+06 1.265894e+06 1.265877e+06 1.265871e+06 1.265919e+06 1.266103e+06 1.266549e+06 1.267435e+06 1.285793e+06 1.328538e+06 1.366148e+06 1.387863e+06 1.399502e+06 1.405934e+06 1.411699e+06 1.413268e+06 1.412898e+06 1.411389e+06 1.409094e+06 1.406188e+06 1.357226e+06 1.300603e+06 1.255783e+06 1.214276e+06
1.266857e+06 1.266857e+06 1.266857e+06 1.266857e+06 1.266857e+06 1.266856e+06 1.266854e+06 1.266848e+06 1.266843e+06 1.266837e+06 1.266823e+06 1.266808e+06 1.266806e+06 1.266858e+06 1.267043e+06 1.267487e+06 1.268360e+06 1.286299e+06 1.327912e+06 1.364451e+06 1.385507e+06 1.396770e+06 1.402982e+06 1.408528e+06 1.410021e+06 1.409643e+06 1.408167e+06 1.405932e+06 1.403109e+06 1.355422e+06 1.299212e+06 1.254184e+06 1.212801e+06
1.266672e+06 1.266672e+06 1.266672e+06 1.266672e+06 1.266672e+06 1.266672e+06 1.266671e+06 1.266669e+06 1.266667e+06 1.266665e+06 1.266659e+06 1.266654e+06 1.266664e+06 1.266727e+06 1.266921e+06 1.267369e+06 1.268237e+06 1.285806e+06 1.326342e+06 1.361848e+06 1.382268e+06 1.393170e+06 1.399169e+06 1.404509e+06 1.405934e+06 1.405555e+06 1.404120e+06 1.401956e+06 1.399225e+06 1.352960e+06 1.297364e+06 1.252259e+06 1.211069e+06
1.265925e+06 1.265925e+06 1.265925e+06 1.265925e+06 1.265925e+06 1.265925e+06 1.265924e+06 1.265922e+06 1.265920e+06 1.265918e+06 1.265912e+06 1.265905e+06 1.265912e+06 1.265970e+06 1.266156e+06 1.266590e+06 1.267434e+06 1.284549e+06 1.323973e+06 1.358436e+06 1.378219e+06 1.388764e+06 1.394558e+06 1.399703e+06 1.401067e+06 1.400695e+06 1.399311e+06 1.397226e+06 1.394598e+06 1.349885e+06 1.295082e+06 1.250023e+06 1.209089e+06
1.264509e+06 1.264509e+06 1.264509e+06 1.264509e+06 1.264509e+06 1.264508e+06 1.264506e+06 1.264498e+06 1.264492e+06 1.264485e+06 1.264467e+06 1.264446e+06 1.264436e+06 1.264475e+06 1.264638e+06 1.265042e+06 1.265847e+06 1.282459e+06 1.320779e+06 1.354228e+06 1.373398e+06 1.383602e+06 1.389201e+06 1.394166e+06 1.395481e+06 1.395125e+06 1.393799e+06 1.391803e+06 1.389288e+06 1.346243e+06 1.292394e+06 1.247494e+06 1.206874e+06
1.261761e+06 1.261761e+06 1.261761e+06 1.261761e+06 1.261760e+06 1.261760e+06 1.261758e+06 1.261750e+06 1.261744e+06 1.261736e+06 1.261718e+06 1.261697e+06 1.261686e+06 1.261723e+06 1.261881e+06 1.262276e+06 1.263064e+06 1.279297e+06 1.316660e+06 1.349209e+06 1.367832e+06 1.377728e+06 1.383152e+06 1.387956e+06 1.389233e+06 1.388904e+06 1.387646e+06 1.385748e+06 1.383355e+06 1.342076e+06 1.289324e+06 1.244687e+06 1.204432e+06
1.257712e+06 1.257712e+06 1.257712e+06 1.257712e+06 1.257712e+06 1.257711e+06 1.257711e+06 1.257710e+06 1.257709e+06 1.257708e+06 1.257705e+06 1.257702e+06 1.257711e+06 1.257768e+06 1.257946e+06 1.258357e+06 1.259153e+06 1.275146e+06 1.311694e+06 1.343450e+06 1.361583e+06 1.371204e+06 1.376470e+06 1.381133e+06 1.382384e+06 1.382091e+06 1.380910e+06 1.379120e+06 1.376858e+06 1.337430e+06 1.285896e+06 1.241619e+06 1.201775e+06
1.253280e+06 1.253280e+06 1.253280e+06 1.253280e+06 1.253280e+06 1.253280e+06 1.253280e+06 1.253279e+06 1.253278e+06 1.253277e+06 1.253275e+06 1.253274e+06 1.253287e+06 1.253349e+06 1.253530e+06 1.253941e+06 1.254731e+06 1.270428e+06 1.306138e+06 1.337100e+06 1.354754e+06 1.364108e+06 1.369223e+06 1.373756e+06 1.374992e+06 1.374745e+06 1.373651e+06 1.371978e+06 1.369857e+06 1.332346e+06 1.282136e+06 1.238305e+06 1.198914e+06
1.248719e+06 1.248719e+06 1.248719e+06 1.248719e+06 1.248719e+06 1.248719e+06 1.248718e+06 1.248714e+06 1.248712e+06 1.248709e+06 1.248702e+06 1.248696e+06 1.248701e+06 1.248754e+06 1.248924e+06 1.249318e+06 1.250082e+06 1.265375e+06 1.300157e+06 1.330277e+06 1.347429e+06 1.356509e+06 1.361474e+06 1.365884e+06 1.367114e+06 1.366925e+06 1.365929e+06 1.364383e+06 1.362410e+06 1.326865e+06 1.278068e+06 1.234761e+06 1.195860e+06
1.243717e+06 1.243717e+06 1.243717e+06 1.243717e+06 1.243717e+06 1.243716e+06 1.243715e+06 1.243711e+06 1.243707e+06 1.243703e+06 1.243693e+06 1.243681e+06 1.243681e+06 1.243726e+06 1.243884e+06 1.244261e+06 1.244999e+06 1.259881e+06 1.293730e+06 1.323003e+06 1.339652e+06 1.348459e+06 1.353275e+06 1.357573e+06 1.358811e+06 1.358691e+06 1.357803e+06 1.356393e+06 1.354575e+06 1.321030e+06 1.273715e+06 1.231003e+06 1.192622e+06
1.238020e+06 1.238020e+06 1.238020e+06 1.238020e+06 1.238020e+06 1.238020e+06 1.238019e+06 1.238014e+06 1.238011e+06 1.238007e+06 1.237997e+06 1.237986e+06 1.237987e+06 1.238032e+06 1.238189e+06 1.238559e+06 1.239283e+06 1.253818e+06 1.286801e+06 1.315275e+06 1.331446e+06 1.339995e+06 1.344674e+06 1.348879e+06 1.350140e+06 1.350104e+06 1.349335e+06 1.348068e+06 1.346411e+06 1.314878e+06 1.269100e+06 1.227045e+06 1.189213e+06
