1.072643e+02 2.767958e+01 1.796513e+01 1.105308e+01 1.255863e+01 1.160473e+01 1.355684e+01 1.656603e+01 1.795638e+01 1.956482e+01 2.366176e+01 2.902483e+01 3.568450e+01 4.363924e+01 5.281462e+01 6.300573e+01 7.383168e+01 1.162201e+02 1.205348e+02 1.196747e+02 1.284412e+02 1.472401e+02 1.752245e+02 2.566687e+02 3.693762e+02 5.101818e+02 6.768260e+02 8.689582e+02 1.088310e+03 5.362049e+03 1.239553e+04 1.897962e+04 2.376423e+04
1.461965e+01 1.463104e+01 1.463117e+01 1.463398e+01 1.463869e+01 1.478906e+01 1.560356e+01 1.749069e+01 1.885835e+01 2.053782e+01 2.487008e+01 3.049047e+01 3.739291e+01 4.556046e+01 5.490513e+01 6.520892e+01 7.608060e+01 1.178026e+02 1.213614e+02 1.203422e+02 1.292181e+02 1.482273e+02 1.764697e+02 2.584985e+02 3.718184e+02 5.132216e+02 6.804341e+02 8.731126e+02 1.093008e+03 5.374130e+03 1.241350e+04 1.899783e+04 2.377950e+04
1.697932e+01 1.698532e+01 1.698539e+01 1.698711e+01 1.699169e+01 1.704392e+01 1.730020e+01 1.898324e+01 2.028797e+01 2.203554e+01 2.663757e+01 3.252135e+01 3.965599e+01 4.801558e+01 5.750013e+01 6.787922e+01 7.875231e+01 1.195639e+02 1.222535e+02 1.210561e+02 1.300446e+02 1.492712e+02 1.777788e+02 2.604045e+02 3.743453e+02 5.163510e+02 6.841344e+02 8.773605e+02 1.097800e+03 5.386334e+03 1.243160e+04 1.901612e+04 2.379481e+04
1.835123e+01 1.835309e+01 1.835314e+01 1.835451e+01 1.835850e+01 1.845750e+01 1.883271e+01 2.112713e+01 2.273545e+01 2.456569e+01 2.918438e+01 3.522649e+01 4.254836e+01 5.106186e+01 6.064458e+01 7.105136e+01 8.187275e+01 1.215060e+02 1.232112e+02 1.218174e+02 1.309224e+02 1.503737e+02 1.791540e+02 2.623888e+02 3.769588e+02 5.195718e+02 6.879285e+02 8.817033e+02 1.102687e+03 5.398664e+03 1.244981e+04 1.903449e+04 2.381017e+04
2.082958e+01 2.082961e+01 2.082967e+01 2.083149e+01 2.083730e+01 2.112612e+01 2.183075e+01 2.417960e+01 2.597001e+01 2.803048e+01 3.285289e+01 3.884572e+01 4.618003e+01 5.476247e+01 6.437906e+01 7.475229e+01 8.545934e+01 1.236272e+02 1.242332e+02 1.226269e+02 1.318530e+02 1.515368e+02 1.805974e+02 2.644537e+02 3.796610e+02 5.228858e+02 6.918179e+02 8.861422e+02 1.107672e+03 5.411118e+03 1.246815e+04 1.905295e+04 2.382558e+04
2.584310e+01 2.584312e+01 2.584317e+01 2.584480e+01 2.584979e+01 2.599763e+01 2.644107e+01 2.842152e+01 3.013006e+01 3.226733e+01 3.741253e+01 4.353855e+01 5.078811e+01 5.923572e+01 6.876386e+01 7.901408e+01 8.952830e+01 1.259227e+02 1.253177e+02 1.234852e+02 1.328383e+02 1.527628e+02 1.821113e+02 2.666013e+02 3.824538e+02 5.262947e+02 6.958041e+02 8.906787e+02 1.112754e+03 5.423699e+03 1.248660e+04 1.907149e+04 2.384104e+04
3.078362e+01 3.078363e+01 3.078368e+01 3.078525e+01 3.079007e+01 3.095256e+01 3.151427e+01 3.364935e+01 3.530145e+01 3.740446e+01 4.272116e+01 4.908730e+01 5.638794e+01 6.468468e+01 7.392777e+01 8.389639e+01 9.410737e+01 1.283856e+02 1.264619e+02 1.243927e+02 1.338797e+02 1.540534e+02 1.836978e+02 2.688338e+02 3.853392e+02 5.298003e+02 6.998886e+02 8.953140e+02 1.117936e+03 5.436407e+03 1.250517e+04 1.909011e+04 2.385654e+04
3.689740e+01 3.689741e+01 3.689747e+01 3.689928e+01 3.690483e+01 3.709362e+01 3.771845e+01 3.994478e+01 4.154750e+01 4.356327e+01 4.883288e+01 5.536413e+01 6.278945e+01 7.101838e+01 7.999647e+01 8.953104e+01 9.925621e+01 1.310094e+02 1.276631e+02 1.253498e+02 1.349787e+02 1.554109e+02 1.853591e+02 2.711534e+02 3.883193e+02 5.334043e+02 7.040729e+02 9.000495e+02 1.123218e+03 5.449242e+03 1.252387e+04 1.910881e+04 2.387209e+04
4.442098e+01 4.442100e+01 4.442106e+01 4.442306e+01 4.442957e+01 4.462807e+01 4.519016e+01 4.728810e+01 4.882130e+01 5.073695e+01 5.582716e+01 6.235936e+01 6.986900e+01 7.807068e+01 8.682530e+01 9.594647e+01 1.050937e+02 1.337902e+02 1.289187e+02 1.263568e+02 1.361369e+02 1.568370e+02 1.870974e+02 2.735623e+02 3.913959e+02 5.371084e+02 7.083585e+02 9.048863e+02 1.128601e+03 5.462207e+03 1.254269e+04 1.912759e+04 2.388769e+04
5.273369e+01 5.273371e+01 5.273376e+01 5.273557e+01 5.274115e+01 5.291409e+01 5.343981e+01 5.548077e+01 5.698334e+01 5.883777e+01 6.373054e+01 7.011527e+01 7.757951e+01 8.571572e+01 9.425989e+01 1.029832e+02 1.115610e+02 1.367302e+02 1.302267e+02 1.274143e+02 1.373560e+02 1.583340e+02 1.889148e+02 2.760625e+02 3.945710e+02 5.409143e+02 7.127469e+02 9.098259e+02 1.134087e+03 5.475301e+03 1.256162e+04 1.914646e+04 2.390334e+04
6.162970e+01 6.162972e+01 6.162977e+01 6.163161e+01 6.163730e+01 6.181571e+01 6.235731e+01 6.444477e+01 6.596799e+01 6.781026e+01 7.253590e+01 7.866524e+01 8.591908e+01 9.387559e+01 1.021689e+02 1.104925e+02 1.185043e+02 1.398417e+02 1.315868e+02 1.285233e+02 1.386378e+02 1.599038e+02 1.908136e+02 2.786564e+02 3.978466e+02 5.448237e+02 7.172396e+02 9.148695e+02 1.139677e+03 5.488526e+03 1.258068e+04 1.916541e+04 2.391903e+04
1.796446e+02 1.796446e+02 1.796446e+02 1.796460e+02 1.796501e+02 1.797656e+02 1.800736e+02 1.811177e+02 1.817806e+02 1.824836e+02 1.838871e+02 1.851767e+02 1.863582e+02 1.875161e+02 1.886701e+02 1.896719e+02 1.901962e+02 1.751288e+02 1.491465e+02 1.434328e+02 1.555692e+02 1.801923e+02 2.148199e+02 3.102273e+02 4.365529e+02 5.899732e+02 7.682059e+02 9.712875e+02 1.201512e+03 5.628143e+03 1.277813e+04 1.935946e+04 2.407852e+04
2.318347e+02 2.318347e+02 2.318348e+02 2.318349e+02 2.318352e+02 2.318430e+02 2.318478e+02 2.317843e+02 2.316873e+02 2.315292e+02 2.310090e+02 2.302206e+02 2.291770e+02 2.278663e+02 2.262256e+02 2.241215e+02 2.213549e+02 1.942519e+02 1.691129e+02 1.679066e+02 1.840647e+02 2.123141e+02 2.506126e+02 3.538415e+02 4.874699e+02 6.472481e+02 8.310713e+02 1.039361e+03 1.274829e+03 5.781762e+03 1.298831e+04 1.956189e+04 2.424268e+04
2.216913e+02 2.216913e+02 2.216914e+02 2.216918e+02 2.216930e+02 2.217253e+02 2.218045e+02 2.220349e+02 2.221760e+02 2.223346e+02 2.227072e+02 2.231483e+02 2.236268e+02 2.240738e+02 2.243670e+02 2.243218e+02 2.237068e+02 2.084643e+02 1.945281e+02 2.022431e+02 2.258503e+02 2.602366e+02 3.034340e+02 4.136129e+02 5.530742e+02 7.183509e+02 9.071077e+02 1.120110e+03 1.360509e+03 5.950234e+03 1.321165e+04 1.977277e+04 2.441144e+04
2.355258e+02 2.355258e+02 2.355258e+02 2.355259e+02 2.355262e+02 2.355371e+02 2.355797e+02 2.358282e+02 2.360442e+02 2.363179e+02 2.370253e+02 2.379274e+02 2.389990e+02 2.401944e+02 2.414263e+02 2.425517e+02 2.433788e+02 2.391567e+02 2.363730e+02 2.523411e+02 2.833301e+02 3.247242e+02 3.741403e+02 4.933262e+02 6.375304e+02 8.057038e+02 9.978240e+02 1.214601e+03 1.459398e+03 6.134407e+03 1.344855e+04 1.999216e+04 2.458475e+04
2.809952e+02 2.809952e+02 2.809952e+02 2.809957e+02 2.809972e+02 2.810456e+02 2.811841e+02 2.816438e+02 2.819564e+02 2.823248e+02 2.832268e+02 2.843392e+02 2.856444e+02 2.871097e+02 2.886691e+02 2.902109e+02 2.915854e+02 2.933292e+02 2.998199e+02 3.237064e+02 3.611960e+02 4.085672e+02 4.636841e+02 5.924091e+02 7.423854e+02 9.129560e+02 1.105721e+03 1.324307e+03 1.572533e+03 6.335135e+03 1.369938e+04 2.022009e+04 2.476252e+04
3.555084e+02 3.555084e+02 3.555084e+02 3.555086e+02 3.555091e+02 3.555240e+02 3.555721e+02 3.557889e+02 3.559598e+02 3.561696e+02 3.566944e+02 3.573483e+02 3.581265e+02 3.590217e+02 3.600058e+02 3.610236e+02 3.620076e+02 3.673485e+02 3.854870e+02 4.190874e+02 4.628310e+02 5.147038e+02 5.738067e+02 7.101573e+02 8.659995e+02 1.039634e+03 1.233349e+03 1.451912e+03 1.701542e+03 6.553296e+03 1.396447e+04 2.045655e+04 2.494464e+04
4.303770e+02 4.303770e+02 4.303770e+02 4.303771e+02 4.303775e+02 4.303887e+02 4.304237e+02 4.305569e+02 4.306473e+02 4.307481e+02 4.309738e+02 4.312399e+02 4.315799e+02 4.320419e+02 4.326805e+02 4.335644e+02 4.347993e+02 4.523449e+02 4.916974e+02 5.385004e+02 5.887020e+02 6.439405e+02 7.053563e+02 8.462580e+02 1.006755e+03 1.183688e+03 1.379085e+03 1.598585e+03 1.849241e+03 6.789823e+03 1.424412e+04 2.070149e+04 2.513100e+04
4.908605e+02 4.908605e+02 4.908605e+02 4.908609e+02 4.908619e+02 4.908891e+02 4.909585e+02 4.911933e+02 4.913434e+02 4.915069e+02 4.918685e+02 4.923059e+02 4.929051e+02 4.938059e+02 4.952078e+02 4.973876e+02 5.007082e+02 5.448316e+02 6.158825e+02 6.789578e+02 7.361919e+02 7.945626e+02 8.575278e+02 1.000495e+03 1.163543e+03 1.343173e+03 1.540812e+03 1.762365e+03 2.015559e+03 7.045737e+03 1.453858e+04 2.095486e+04 2.532145e+04
5.515755e+02 5.515756e+02 5.515756e+02 5.515757e+02 5.515762e+02 5.515913e+02 5.516403e+02 5.518922e+02 5.521210e+02 5.524237e+02 5.532483e+02 5.543881e+02 5.559573e+02 5.581855e+02 5.614216e+02 5.661435e+02 5.729396e+02 6.502243e+02 7.555425e+02 8.360661e+02 9.014871e+02 9.638797e+02 1.028705e+03 1.172493e+03 1.335762e+03 1.516614e+03 1.716535e+03 1.941293e+03 2.198743e+03 7.322195e+03 1.484808e+04 2.121654e+04 2.551583e+04
6.463493e+02 6.463493e+02 6.463493e+02 6.463496e+02 6.463507e+02 6.463828e+02 6.464858e+02 6.469518e+02 6.473332e+02 6.478163e+02 6.490892e+02 6.508187e+02 6.531744e+02 6.564628e+02 6.611253e+02 6.677497e+02 6.770504e+02 7.776937e+02 9.101339e+02 1.007484e+03 1.082484e+03 1.150268e+03 1.217698e+03 1.361684e+03 1.522910e+03 1.702992e+03 1.904665e+03 2.133604e+03 2.397242e+03 7.620546e+03 1.517282e+04 2.148639e+04 2.571396e+04
7.978627e+02 7.978627e+02 7.978627e+02 7.978633e+02 7.978650e+02 7.979200e+02 7.980898e+02 7.987004e+02 7.990981e+02 7.995422e+02 8.005760e+02 8.018937e+02 8.037188e+02 8.063991e+02 8.104127e+02 8.164020e+02 8.251802e+02 9.305027e+02 1.080459e+03 1.193844e+03 1.279541e+03 1.353599e+03 1.423912e+03 1.567059e+03 1.724059e+03 1.901391e+03 2.104077e+03 2.338004e+03 2.609839e+03 7.942392e+03 1.551298e+04 2.176425e+04 2.591565e+04
9.763862e+02 9.763862e+02 9.763862e+02 9.763860e+02 9.763855e+02 9.763687e+02 9.763304e+02 9.762999e+02 9.763399e+02 9.764309e+02 9.767926e+02 9.774545e+02 9.785671e+02 9.803990e+02 9.833689e+02 9.881094e+02 9.955055e+02 1.099666e+03 1.265850e+03 1.396607e+03 1.493654e+03 1.573743e+03 1.646201e+03 1.786560e+03 1.937435e+03 2.110651e+03 2.313993e+03 2.553832e+03 2.835927e+03 8.289689e+03 1.586869e+04 2.204990e+04 2.612069e+04
1.152080e+03 1.152080e+03 1.152080e+03 1.152080e+03 1.152080e+03 1.152066e+03 1.152026e+03 1.151994e+03 1.152066e+03 1.152224e+03 1.152832e+03 1.153853e+03 1.155354e+03 1.157494e+03 1.160583e+03 1.165196e+03 1.172260e+03 1.280193e+03 1.467063e+03 1.616448e+03 1.723873e+03 1.808291e+03 1.881227e+03 2.016497e+03 2.160265e+03 2.329272e+03 2.533921e+03 2.781123e+03 3.075720e+03 8.664921e+03 1.624010e+04 2.234312e+04 2.632884e+04
1.348699e+03 1.348699e+03 1.348699e+03 1.348699e+03 1.348699e+03 1.348732e+03 1.348870e+03 1.349473e+03 1.349941e+03 1.350524e+03 1.352039e+03 1.354018e+03 1.356441e+03 1.359313e+03 1.362778e+03 1.367301e+03 1.373835e+03 1.482107e+03 1.685494e+03 1.849819e+03 1.964488e+03 2.050803e+03 2.122569e+03 2.251615e+03 2.389126e+03 2.555707e+03 2.763791e+03 3.020690e+03 3.330373e+03 9.071625e+03 1.662734e+04 2.264364e+04 2.653986e+04
1.613736e+03 1.613736e+03 1.613736e+03 1.613736e+03 1.613737e+03 1.613770e+03 1.613874e+03 1.614304e+03 1.614626e+03 1.615015e+03 1.615972e+03 1.617110e+03 1.618307e+03 1.619421e+03 1.620446e+03 1.621754e+03 1.624319e+03 1.712184e+03 1.915678e+03 2.087021e+03 2.205233e+03 2.291748e+03 2.361878e+03 2.486209e+03 2.620852e+03 2.788979e+03 3.004297e+03 3.274269e+03 3.602057e+03 9.511705e+03 1.703054e+04 2.295118e+04 2.675347e+04
1.890269e+03 1.890269e+03 1.890269e+03 1.890270e+03 1.890274e+03 1.890372e+03 1.890651e+03 1.891528e+03 1.892082e+03 1.892707e+03 1.894153e+03 1.895777e+03 1.897309e+03 1.898349e+03 1.898577e+03 1.898066e+03 1.897590e+03 1.958255e+03 2.146752e+03 2.316820e+03 2.435639e+03 2.522083e+03 2.591737e+03 2.715985e+03 2.853767e+03 3.029488e+03 3.257353e+03 3.544714e+03 3.894012e+03 9.984776e+03 1.744988e+04 2.326543e+04 2.696942e+04
2.209446e+03 2.209446e+03 2.209446e+03 2.209447e+03 2.209448e+03 2.209493e+03 2.209657e+03 2.210377e+03 2.210932e+03 2.211611e+03 2.213280e+03 2.215131e+03 2.216620e+03 2.216979e+03 2.215476e+03 2.211774e+03 2.206318e+03 2.219865e+03 2.372292e+03 2.531918e+03 2.649225e+03 2.736658e+03 2.808434e+03 2.939861e+03 3.088857e+03 3.279741e+03 3.526512e+03 3.836174e+03 4.210554e+03 1.049074e+04 1.788553e+04 2.358607e+04 2.718742e+04
2.577002e+03 2.577002e+03 2.577002e+03 2.577001e+03 2.576999e+03 2.576948e+03 2.576817e+03 2.576495e+03 2.576337e+03 2.576190e+03 2.575931e+03 2.575521e+03 2.574321e+03 2.571300e+03 2.565331e+03 2.555613e+03 2.542152e+03 2.488562e+03 2.587332e+03 2.729820e+03 2.845159e+03 2.935945e+03 3.013549e+03 3.161129e+03 3.330532e+03 3.544821e+03 3.817204e+03 4.154160e+03 4.557022e+03 1.102945e+04 1.833775e+04 2.391275e+04 2.740717e+04
2.900761e+03 2.900761e+03 2.900761e+03 2.900761e+03 2.900762e+03 2.900799e+03 2.900913e+03 2.901361e+03 2.901689e+03 2.902082e+03 2.903006e+03 2.903770e+03 2.903439e+03 2.900560e+03 2.893487e+03 2.880849e+03 2.862109e+03 2.746810e+03 2.788923e+03 2.913363e+03 3.028732e+03 3.126518e+03 3.214408e+03 3.387794e+03 3.586830e+03 3.832469e+03 4.136731e+03 4.505463e+03 4.939631e+03 1.160062e+04 1.880692e+04 2.424513e+04 2.762836e+04
3.240560e+03 3.240560e+03 3.240560e+03 3.240560e+03 3.240560e+03 3.240551e+03 3.240522e+03 3.240428e+03 3.240371e+03 3.240310e+03 3.240137e+03 3.239519e+03 3.237378e+03 3.231980e+03 3.221276e+03 3.203410e+03 3.177362e+03 2.995224e+03 2.981753e+03 3.091500e+03 3.211180e+03 3.320682e+03 3.423702e+03 3.632207e+03 3.869063e+03 4.152762e+03 4.493971e+03 4.897885e+03 5.365214e+03 1.220383e+04 1.929361e+04 2.458287e+04 2.785070e+04
3.534183e+03 3.534183e+03 3.534183e+03 3.534183e+03 3.534183e+03 3.534199e+03 3.534248e+03 3.534437e+03 3.534573e+03 3.534732e+03 3.535044e+03 3.534870e+03 3.532911e+03 3.527103e+03 3.514984e+03 3.494227e+03 3.463365e+03 3.229306e+03 3.173931e+03 3.278156e+03 3.408873e+03 3.535628e+03 3.658567e+03 3.910127e+03 4.190981e+03 4.517419e+03 4.898836e+03 5.339809e+03 5.840874e+03 1.283845e+04 1.979893e+04 2.492562e+04 2.807387e+04
3.808429e+03 3.808429e+03 3.808429e+03 3.808429e+03 3.808430e+03 3.808460e+03 3.808550e+03 3.808897e+03 3.809145e+03 3.809439e+03 3.810097e+03 3.810344e+03 3.808739e+03 3.802944e+03 3.790110e+03 3.767475e+03 3.733176e+03 3.461064e+03 3.381861e+03 3.493085e+03 3.642856e+03 3.792376e+03 3.939261e+03 4.239310e+03 4.567551e+03 4.938841e+03 5.361544e+03 5.839653e+03 6.373558e+03 1.350369e+04 2.032343e+04 2.527305e+04 2.829756e+04
4.100252e+03 4.100252e+03 4.100252e+03 4.100253e+03 4.100255e+03 4.100323e+03 4.100534e+03 4.101342e+03 4.101897e+03 4.102522e+03 4.103831e+03 4.104577e+03 4.103111e+03 4.096827e+03 4.082579e+03 4.057321e+03 4.018996e+03 3.715081e+03 3.629647e+03 3.760944e+03 3.937322e+03 4.113904e+03 4.287166e+03 4.637674e+03 5.013486e+03 5.429009e+03 5.891807e+03 6.405278e+03 6.969625e+03 1.419855e+04 2.086497e+04 2.562486e+04 2.852148e+04
4.414219e+03 4.414219e+03 4.414219e+03 4.414221e+03 4.414225e+03 4.414349e+03 4.414637e+03 4.415558e+03 4.416187e+03 4.416925e+03 4.418638e+03 4.420024e+03 4.419281e+03 4.413518e+03 4.399242e+03 4.373104e+03 4.332892e+03 4.015197e+03 3.944369e+03 4.107947e+03 4.316518e+03 4.522212e+03 4.722078e+03 5.121191e+03 5.541729e+03 5.998408e+03 6.498073e+03 7.043436e+03 7.634428e+03 1.492181e+04 2.142164e+04 2.598078e+04 2.874531e+04
4.808405e+03 4.808405e+03 4.808405e+03 4.808406e+03 4.808408e+03 4.808470e+03 4.808664e+03 4.809456e+03 4.810079e+03 4.810875e+03 4.812940e+03 4.814994e+03 4.815073e+03 4.809980e+03 4.795866e+03 4.769086e+03 4.727308e+03 4.401705e+03 4.356607e+03 4.558789e+03 4.800988e+03 5.034768e+03 5.259183e+03 5.701950e+03 6.162220e+03 6.655203e+03 7.186934e+03 7.759334e+03 8.371986e+03 1.567204e+04 2.199154e+04 2.634058e+04 2.896878e+04
5.344268e+03 5.344268e+03 5.344268e+03 5.344269e+03 5.344274e+03 5.344414e+03 5.344851e+03 5.346604e+03 5.347932e+03 5.349567e+03 5.353655e+03 5.358009e+03 5.360313e+03 5.356874e+03 5.343314e+03 5.315554e+03 5.271086e+03 4.924491e+03 4.895143e+03 5.130824e+03 5.402707e+03 5.661016e+03 5.906701e+03 6.387096e+03 6.881328e+03 7.404835e+03 7.962794e+03 8.556344e+03 9.184741e+03 1.644753e+04 2.257273e+04 2.670413e+04 2.919160e+04
6.120753e+03 6.120753e+03 6.120753e+03 6.120755e+03 6.120762e+03 6.120984e+03 6.121670e+03 6.124155e+03 6.125816e+03 6.127698e+03 6.131915e+03 6.135745e+03 6.136588e+03 6.130361e+03 6.112244e+03 6.077768e+03 6.024239e+03 5.617393e+03 5.572829e+03 5.827704e+03 6.122745e+03 6.401926e+03 6.666219e+03 7.179364e+03 7.702119e+03 8.250066e+03 8.827786e+03 9.435881e+03 1.007343e+04 1.724632e+04 2.316319e+04 2.707142e+04 2.941351e+04
7.051432e+03 7.051432e+03 7.051432e+03 7.051432e+03 7.051432e+03 7.051564e+03 7.052129e+03 7.054610e+03 7.056530e+03 7.058902e+03 7.064848e+03 7.071300e+03 7.075185e+03 7.071603e+03 7.054695e+03 7.018915e+03 6.960654e+03 6.484005e+03 6.390059e+03 6.645979e+03 6.957496e+03 7.255007e+03 7.536435e+03 8.078946e+03 8.625191e+03 9.191293e+03 9.781855e+03 1.039737e+04 1.103700e+04 1.806617e+04 2.376083e+04 2.744275e+04 2.963428e+04
8.326010e+03 8.326010e+03 8.326010e+03 8.326011e+03 8.326014e+03 8.326125e+03 8.326508e+03 8.328586e+03 8.330437e+03 8.332863e+03 8.339279e+03 8.346451e+03 8.350632e+03 8.345822e+03 8.324750e+03 8.280320e+03 8.207513e+03 7.576097e+03 7.358929e+03 7.587588e+03 7.906894e+03 8.219873e+03 8.516896e+03 9.085110e+03 9.649338e+03 1.022680e+04 1.082283e+04 1.143828e+04 1.207266e+04 1.890455e+04 2.436349e+04 2.781854e+04 2.985367e+04
9.994500e+03 9.994500e+03 9.994500e+03 9.994502e+03 9.994505e+03 9.994627e+03 9.995007e+03 9.996518e+03 9.997643e+03 9.999005e+03 1.000221e+04 1.000448e+04 1.000141e+04 9.985899e+03 9.949176e+03 9.882439e+03 9.779108e+03 8.889763e+03 8.477736e+03 8.654226e+03 8.973263e+03 9.298094e+03 9.608018e+03 1.019617e+04 1.077151e+04 1.135276e+04 1.194642e+04 1.255410e+04 1.317581e+04 1.975865e+04 2.496900e+04 2.819725e+04 3.007151e+04
1.174296e+04 1.174296e+04 1.174296e+04 1.174296e+04 1.174297e+04 1.174309e+04 1.174348e+04 1.174505e+04 1.174622e+04 1.174764e+04 1.175098e+04 1.175311e+04 1.174871e+04 1.172920e+04 1.168384e+04 1.160164e+04 1.147400e+04 1.033947e+04 9.725721e+03 9.843532e+03 1.015746e+04 1.048981e+04 1.080840e+04 1.140810e+04 1.198617e+04 1.256292e+04 1.314618e+04 1.373839e+04 1.434021e+04 2.062541e+04 2.557516e+04 2.857730e+04 3.028765e+04
1.359351e+04 1.359351e+04 1.359351e+04 1.359351e+04 1.359352e+04 1.359377e+04 1.359455e+04 1.359764e+04 1.359993e+04 1.360267e+04 1.360914e+04 1.361458e+04 1.361262e+04 1.359298e+04 1.354284e+04 1.344887e+04 1.330030e+04 1.192822e+04 1.110614e+04 1.115638e+04 1.145748e+04 1.179066e+04 1.211201e+04 1.271292e+04 1.328465e+04 1.384851e+04 1.441350e+04 1.498289e+04 1.555802e+04 2.150155e+04 2.617980e+04 2.895730e+04 3.050198e+04
1.571913e+04 1.571913e+04 1.571913e+04 1.571913e+04 1.571914e+04 1.571934e+04 1.571996e+04 1.572245e+04 1.572434e+04 1.572664e+04 1.573219e+04 1.573647e+04 1.573225e+04 1.570766e+04 1.564771e+04 1.553656e+04 1.536101e+04 1.370693e+04 1.263229e+04 1.259005e+04 1.286435e+04 1.318925e+04 1.350655e+04 1.409826e+04 1.465505e+04 1.519826e+04 1.573778e+04 1.627770e+04 1.682002e+04 2.238359e+04 2.678077e+04 2.933596e+04 3.071445e+04
1.810475e+04 1.810475e+04 1.810475e+04 1.810476e+04 1.810477e+04 1.810516e+04 1.810639e+04 1.811125e+04 1.811483e+04 1.811913e+04 1.812932e+04 1.813843e+04 1.813777e+04 1.811324e+04 1.804701e+04 1.791996e+04 1.771571e+04 1.571804e+04 1.430963e+04 1.413291e+04 1.436123e+04 1.466773e+04 1.497458e+04 1.554827e+04 1.608299e+04 1.659899e+04 1.710686e+04 1.761159e+04 1.811591e+04 2.326791e+04 2.737599e+04 2.971198e+04 3.092512e+04
2.097777e+04 2.097777e+04 2.097777e+04 2.097777e+04 2.097778e+04 2.097798e+04 2.097859e+04 2.098110e+04 2.098307e+04 2.098556e+04 2.099164e+04 2.099573e+04 2.098792e+04 2.095183e+04 2.086645e+04 2.070883e+04 2.045866e+04 1.798790e+04 1.612951e+04 1.576620e+04 1.592747e+04 1.620590e+04 1.649686e+04 1.704567e+04 1.755277e+04 1.803627e+04 1.850749e+04 1.897241e+04 1.943457e+04 2.415078e+04 2.796349e+04 3.008413e+04 3.113418e+04
2.413302e+04 2.413302e+04 2.413302e+04 2.413302e+04 2.413303e+04 2.413333e+04 2.413426e+04 2.413785e+04 2.414046e+04 2.414359e+04 2.415074e+04 2.415492e+04 2.414440e+04 2.409992e+04 2.399655e+04 2.380670e+04 2.350532e+04 2.047431e+04 1.806591e+04 1.746864e+04 1.754356e+04 1.778512e+04 1.805540e+04 1.857348e+04 1.904839e+04 1.949517e+04 1.992584e+04 2.034746e+04 2.076442e+04 2.502848e+04 2.854135e+04 3.045119e+04 3.134210e+04
2.756657e+04 2.756657e+04 2.756657e+04 2.756657e+04 2.756657e+04 2.756657e+04 2.756674e+04 2.756765e+04 2.756839e+04 2.756929e+04 2.757091e+04 2.756758e+04 2.754602e+04 2.748424e+04 2.735347e+04 2.712137e+04 2.675788e+04 2.309652e+04 2.007745e+04 1.921650e+04 1.919138e+04 1.938887e+04 1.963398e+04 2.011553e+04 2.055403e+04 2.096063e+04 2.134789e+04 2.172387e+04 2.209378e+04 2.589728e+04 2.910780e+04 3.081198e+04 3.154824e+04
3.090319e+04 3.090319e+04 3.090319e+04 3.090319e+04 3.090319e+04 3.090307e+04 3.090273e+04 3.090193e+04 3.090171e+04 3.090169e+04 3.090159e+04 3.089622e+04 3.087074e+04 3.080034e+04 3.065222e+04 3.038905e+04 2.997543e+04 2.573524e+04 2.211631e+04 2.098559e+04 2.085356e+04 2.100149e+04 2.121713e+04 2.165596e+04 2.205398e+04 2.241768e+04 2.275971e+04 2.308891e+04 2.341109e+04 2.675356e+04 2.966117e+04 3.116538e+04 3.175162e+04
3.414158e+04 3.414158e+04 3.414158e+04 3.414158e+04 3.414159e+04 3.414199e+04 3.414325e+04 3.414822e+04 3.415188e+04 3.415623e+04 3.416597e+04 3.417090e+04 3.415408e+04 3.408741e+04 3.393377e+04 3.365054e+04 3.319669e+04 2.840292e+04 2.417657e+04 2.276404e+04 2.251596e+04 2.260763e+04 2.278882e+04 2.317843e+04 2.353247e+04 2.385156e+04 2.414778e+04 2.443029e+04 2.470530e+04 2.759384e+04 3.019994e+04 3.151031e+04 3.195148e+04
3.779455e+04 3.779455e+04 3.779455e+04 3.779455e+04 3.779455e+04 3.779464e+04 3.779491e+04 3.779598e+04 3.779679e+04 3.779776e+04 3.779931e+04 3.779402e+04 3.776368e+04 3.767756e+04 3.749448e+04 3.716663e+04 3.664740e+04 3.117600e+04 2.626703e+04 2.454123e+04 2.416231e+04 2.418938e+04 2.433093e+04 2.466577e+04 2.497373e+04 2.524801e+04 2.549926e+04 2.573654e+04 2.596615e+04 2.841485e+04 3.072270e+04 3.184576e+04 3.214713e+04
4.140727e+04 4.140727e+04 4.140727e+04 4.140727e+04 4.140727e+04 4.140746e+04 4.140806e+04 4.141044e+04 4.141221e+04 4.141433e+04 4.141854e+04 4.141541e+04 4.138449e+04 4.129148e+04 4.109045e+04 4.072781e+04 4.015079e+04 3.399554e+04 2.836041e+04 2.629342e+04 2.576994e+04 2.572544e+04 2.582359e+04 2.610075e+04 2.636274e+04 2.659380e+04 2.680249e+04 2.699733e+04 2.718445e+04 2.921355e+04 3.122822e+04 3.217076e+04 3.233794e+04
4.511448e+04 4.511448e+04 4.511448e+04 4.511448e+04 4.511448e+04 4.511460e+04 4.511499e+04 4.511657e+04 4.511780e+04 4.511931e+04 4.512203e+04 4.511649e+04 4.508042e+04 4.497623e+04 4.475329e+04 4.435208e+04 4.371332e+04 3.683946e+04 3.043208e+04 2.799728e+04 2.731721e+04 2.719587e+04 2.724851e+04 2.746788e+04 2.768624e+04 2.787752e+04 2.804752e+04 2.820389e+04 2.835242e+04 2.998719e+04 3.171538e+04 3.248444e+04 3.252332e+04
4.885718e+04 4.885718e+04 4.885718e+04 4.885718e+04 4.885719e+04 4.885731e+04 4.885768e+04 4.885906e+04 4.886003e+04 4.886115e+04 4.886257e+04 4.885439e+04 4.881245e+04 4.869588e+04 4.844929e+04 4.800702e+04 4.730301e+04 3.967385e+04 3.245460e+04 2.963184e+04 2.878653e+04 2.858496e+04 2.859130e+04 2.875493e+04 2.893380e+04 2.909016e+04 2.922650e+04 2.934931e+04 2.946388e+04 3.073332e+04 3.218319e+04 3.278600e+04 3.270271e+04
5.252557e+04 5.252557e+04 5.252557e+04 5.252557e+04 5.252557e+04 5.252561e+04 5.252575e+04 5.252629e+04 5.252668e+04 5.252713e+04 5.252686e+04 5.251589e+04 5.246819e+04 5.233958e+04 5.206988e+04 5.158722e+04 5.081864e+04 4.243295e+04 3.439358e+04 3.117687e+04 3.016352e+04 2.988108e+04 2.984185e+04 2.995359e+04 3.009835e+04 3.022561e+04 3.033404e+04 3.042874e+04 3.051442e+04 3.144980e+04 3.263083e+04 3.307472e+04 3.287558e+04
5.603193e+04 5.603193e+04 5.603193e+04 5.603193e+04 5.603194e+04 5.603198e+04 5.603211e+04 5.603262e+04 5.603299e+04 5.603341e+04 5.603295e+04 5.602093e+04 5.596935e+04 5.583071e+04 5.554010e+04 5.501964e+04 5.418968e+04 4.507129e+04 3.622678e+04 3.261974e+04 3.143954e+04 3.107759e+04 3.099470e+04 3.105969e+04 3.117639e+04 3.128080e+04 3.136733e+04 3.143949e+04 3.150138e+04 3.213485e+04 3.305758e+04 3.334996e+04 3.304145e+04
5.938306e+04 5.938306e+04 5.938306e+04 5.938306e+04 5.938305e+04 5.938300e+04 5.938284e+04 5.938226e+04 5.938189e+04 5.938143e+04 5.937879e+04 5.936344e+04 5.930566e+04 5.915490e+04 5.884185e+04 5.828296e+04 5.739224e+04 4.756483e+04 3.794149e+04 3.395445e+04 3.261152e+04 3.217280e+04 3.204893e+04 3.207303e+04 3.216791e+04 3.225560e+04 3.232599e+04 3.238091e+04 3.242385e+04 3.278698e+04 3.346286e+04 3.361116e+04 3.319986e+04
6.246690e+04 6.246690e+04 6.246690e+04 6.246690e+04 6.246690e+04 6.246685e+04 6.246667e+04 6.246598e+04 6.246546e+04 6.246479e+04 6.246142e+04 6.244439e+04 6.238241e+04 6.222215e+04 6.189017e+04 6.129754e+04 6.035221e+04 4.986885e+04 3.951724e+04 3.517352e+04 3.367788e+04 3.316789e+04 3.300700e+04 3.299686e+04 3.307595e+04 3.315250e+04 3.321182e+04 3.325413e+04 3.328235e+04 3.340502e+04 3.384622e+04 3.385787e+04 3.335040e+04
6.524488e+04 6.524488e+04 6.524488e+04 6.524488e+04 6.524488e+04 6.524485e+04 6.524474e+04 6.524430e+04 6.524397e+04 6.524352e+04 6.524057e+04 6.522342e+04 6.515929e+04 6.499221e+04 6.464492e+04 6.402346e+04 6.303013e+04 5.195320e+04 4.093886e+04 3.627211e+04 3.463956e+04 3.406684e+04 3.387443e+04 3.383744e+04 3.390622e+04 3.397615e+04 3.402841e+04 3.406174e+04 3.407864e+04 3.398810e+04 3.420729e+04 3.408971e+04 3.349268e+04
6.776203e+04 6.776203e+04 6.776203e+04 6.776203e+04 6.776202e+04 6.776190e+04 6.776150e+04 6.775992e+04 6.775876e+04 6.775735e+04 6.775203e+04 6.773152e+04 6.766181e+04 6.748473e+04 6.711979e+04 6.646882e+04 6.542928e+04 5.381474e+04 4.220979e+04 3.725734e+04 3.550541e+04 3.487933e+04 3.466112e+04 3.460399e+04 3.466647e+04 3.473279e+04 3.478053e+04 3.480729e+04 3.481524e+04 3.453561e+04 3.454585e+04 3.430636e+04 3.362636e+04
6.990362e+04 6.990362e+04 6.990362e+04 6.990362e+04 6.990362e+04 6.990348e+04 6.990308e+04 6.990152e+04 6.990045e+04 6.989922e+04 6.989458e+04 6.987483e+04 6.980486e+04 6.962452e+04 6.925042e+04 6.858064e+04 6.750832e+04 5.546102e+04 4.335319e+04 3.815150e+04 3.629469e+04 3.562204e+04 3.538173e+04 3.530803e+04 3.536575e+04 3.542937e+04 3.547350e+04 3.549476e+04 3.549512e+04 3.504716e+04 3.486175e+04 3.450762e+04 3.375115e+04
7.179559e+04 7.179559e+04 7.179559e+04 7.179559e+04 7.179559e+04 7.179573e+04 7.179614e+04 7.179780e+04 7.179904e+04 7.180050e+04 7.180221e+04 7.178951e+04 7.172601e+04 7.154952e+04 7.117387e+04 7.049358e+04 6.939775e+04 5.697973e+04 4.441893e+04 3.898762e+04 3.703229e+04 3.631498e+04 3.605284e+04 3.596150e+04 3.601293e+04 3.607260e+04 3.611240e+04 3.612804e+04 3.612120e+04 3.552261e+04 3.515493e+04 3.469334e+04 3.386678e+04
7.382003e+04 7.382003e+04 7.382003e+04 7.382003e+04 7.382003e+04 7.382004e+04 7.382004e+04 7.382014e+04 7.382027e+04 7.382045e+04 7.381909e+04 7.380243e+04 7.373323e+04 7.354768e+04 7.315713e+04 7.245280e+04 7.132006e+04 5.848026e+04 4.545389e+04 3.979256e+04 3.773793e+04 3.697409e+04 3.668777e+04 3.657399e+04 3.661511e+04 3.666786e+04 3.670139e+04 3.671037e+04 3.669605e+04 3.596198e+04 3.542545e+04 3.486346e+04 3.397303e+04
7.580651e+04 7.580651e+04 7.580651e+04 7.580651e+04 7.580651e+04 7.580652e+04 7.580652e+04 7.580653e+04 7.580653e+04 7.580648e+04 7.580429e+04 7.578595e+04 7.571319e+04 7.552042e+04 7.511639e+04 7.438892e+04 7.321958e+04 5.995426e+04 4.646233e+04 4.057270e+04 3.841835e+04 3.760592e+04 3.729257e+04 3.715043e+04 3.717626e+04 3.721841e+04 3.724320e+04 3.724409e+04 3.722168e+04 3.636546e+04 3.567342e+04 3.501798e+04 3.406972e+04
7.767584e+04 7.767584e+04 7.767584e+04 7.767584e+04 7.767584e+04 7.767585e+04 7.767589e+04 7.767604e+04 7.767614e+04 7.767621e+04 7.767427e+04 7.765584e+04 7.758171e+04 7.738459e+04 7.697066e+04 7.622441e+04 7.502356e+04 6.136439e+04 4.742992e+04 4.132122e+04 3.906959e+04 3.820800e+04 3.786579e+04 3.769058e+04 3.769683e+04 3.772516e+04 3.773902e+04 3.773049e+04 3.769942e+04 3.673338e+04 3.589903e+04 3.515696e+04 3.415673e+04
7.945262e+04 7.945262e+04 7.945262e+04 7.945262e+04 7.945262e+04 7.945263e+04 7.945266e+04 7.945280e+04 7.945290e+04 7.945296e+04 7.945096e+04 7.943211e+04 7.935638e+04 7.915489e+04 7.873149e+04 7.796748e+04 7.673698e+04 6.270506e+04 4.834819e+04 4.202889e+04 3.968270e+04 3.877235e+04 3.840065e+04 3.819009e+04 3.817443e+04 3.818704e+04 3.818867e+04 3.817001e+04 3.813004e+04 3.706620e+04 3.610255e+04 3.528053e+04 3.423394e+04
8.114432e+04 8.114432e+04 8.114432e+04 8.114432e+04 8.114432e+04 8.114433e+04 8.114437e+04 8.114450e+04 8.114459e+04 8.114465e+04 8.114259e+04 8.112333e+04 8.104598e+04 8.084014e+04 8.040744e+04 7.962617e+04 7.836700e+04 6.397609e+04 4.921027e+04 4.268562e+04 4.024682e+04 3.928866e+04 3.888804e+04 3.864264e+04 3.860510e+04 3.860190e+04 3.859124e+04 3.856252e+04 3.851394e+04 3.736450e+04 3.628428e+04 3.538887e+04 3.430131e+04
8.275623e+04 8.275623e+04 8.275623e+04 8.275623e+04 8.275623e+04 8.275624e+04 8.275627e+04 8.275638e+04 8.275646e+04 8.275650e+04 8.275435e+04 8.273461e+04 8.265551e+04 8.244513e+04 8.200287e+04 8.120417e+04 7.991638e+04 6.517273e+04 5.000593e+04 4.327978e+04 4.075075e+04 3.974686e+04 3.931922e+04 3.904214e+04 3.898498e+04 3.896750e+04 3.894567e+04 3.890782e+04 3.885146e+04 3.762897e+04 3.644462e+04 3.548220e+04 3.435882e+04
8.429128e+04 8.429128e+04 8.429128e+04 8.429128e+04 8.429128e+04 8.429129e+04 8.429132e+04 8.429142e+04 8.429148e+04 8.429147e+04 8.428899e+04 8.426809e+04 8.418593e+04 8.396898e+04 8.351448e+04 8.269518e+04 8.137548e+04 6.627259e+04 5.071567e+04 4.379778e+04 4.118473e+04 4.013947e+04 3.968823e+04 3.938464e+04 3.931155e+04 3.928248e+04 3.925145e+04 3.920599e+04 3.914313e+04 3.786038e+04 3.658400e+04 3.556081e+04 3.440648e+04
8.567349e+04 8.567349e+04 8.567349e+04 8.567349e+04 8.567348e+04 8.567316e+04 8.567217e+04 8.566820e+04 8.566523e+04 8.566157e+04 8.565011e+04 8.561817e+04 8.552263e+04 8.528916e+04 8.481364e+04 8.396698e+04 8.261147e+04 6.718428e+04 5.130135e+04 4.422523e+04 4.154295e+04 4.046382e+04 3.999360e+04 3.966947e+04 3.958453e+04 3.954687e+04 3.950895e+04 3.945769e+04 3.938983e+04 3.805961e+04 3.670288e+04 3.562499e+04 3.444436e+04
8.640123e+04 8.640123e+04 8.640123e+04 8.640123e+04 8.640122e+04 8.640090e+04 8.639990e+04 8.639591e+04 8.639299e+04 8.638949e+04 8.637876e+04 8.634818e+04 8.625436e+04 8.602237e+04 8.554718e+04 8.469848e+04 8.333703e+04 6.778906e+04 5.173398e+04 4.455883e+04 4.182820e+04 4.072382e+04 4.023905e+04 3.989934e+04 3.980586e+04 3.976224e+04 3.971956e+04 3.966429e+04 3.959294e+04 3.822759e+04 3.680180e+04 3.567511e+04 3.447254e+04
8.663727e+04 8.663727e+04 8.663727e+04 8.663727e+04 8.663728e+04 8.663748e+04 8.663811e+04 8.664063e+04 8.664251e+04 8.664473e+04 8.664789e+04 8.663379e+04 8.655832e+04 8.634583e+04 8.589051e+04 8.506110e+04 8.371720e+04 6.818913e+04 5.205986e+04 4.482171e+04 4.205475e+04 4.092965e+04 4.043243e+04 4.007947e+04 3.997926e+04 3.993140e+04 3.988558e+04 3.982777e+04 3.975427e+04 3.836537e+04 3.688130e+04 3.571154e+04 3.449113e+04
8.719888e+04 8.719888e+04 8.719888e+04 8.719888e+04 8.719889e+04 8.719909e+04 8.719973e+04 8.720213e+04 8.720381e+04 8.720569e+04 8.720773e+04 8.719202e+04 8.711446e+04 8.689925e+04 8.644026e+04 8.560558e+04 8.425392e+04 6.862797e+04 5.236703e+04 4.504959e+04 4.224146e+04 4.109369e+04 4.058304e+04 4.021605e+04 4.010930e+04 4.005789e+04 4.000988e+04 3.995057e+04 3.987598e+04 3.847403e+04 3.694198e+04 3.573467e+04 3.450030e+04
8.799241e+04 8.799241e+04 8.799241e+04 8.799241e+04 8.799241e+04 8.799239e+04 8.799233e+04 8.799207e+04 8.799187e+04 8.799156e+04 8.798841e+04 8.796638e+04 8.788114e+04 8.765640e+04 8.718524e+04 8.633474e+04 8.496238e+04 6.914634e+04 5.268381e+04 4.525989e+04 4.240035e+04 4.122522e+04 4.069852e+04 4.031483e+04 4.020050e+04 4.014541e+04 4.009558e+04 4.003539e+04 3.996046e+04 3.855472e+04 3.698446e+04 3.574495e+04 3.450022e+04
8.870220e+04 8.870220e+04 8.870220e+04 8.870220e+04 8.870220e+04 8.870218e+04 8.870211e+04 8.870186e+04 8.870168e+04 8.870139e+04 8.869826e+04 8.867606e+04 8.858999e+04 8.836301e+04 8.788717e+04 8.702822e+04 8.564212e+04 6.965527e+04 5.298711e+04 4.544973e+04 4.253397e+04 4.132825e+04 4.078323e+04 4.038003e+04 4.025672e+04 4.019740e+04 4.014572e+04 4.008496e+04 4.001017e+04 3.860864e+04 3.700938e+04 3.574281e+04 3.449108e+04
8.933073e+04 8.933073e+04 8.933073e+04 8.933073e+04 8.933073e+04 8.933072e+04 8.933068e+04 8.933054e+04 8.933042e+04 8.933022e+04 8.932726e+04 8.930514e+04 8.921872e+04 8.899038e+04 8.851130e+04 8.764604e+04 8.624913e+04 7.011482e+04 5.325781e+04 4.561166e+04 4.264004e+04 4.140294e+04 4.083864e+04 4.041425e+04 4.028091e+04 4.021681e+04 4.016313e+04 4.010191e+04 4.002755e+04 3.863702e+04 3.701741e+04 3.572872e+04 3.447312e+04
8.989413e+04 8.989413e+04 8.989413e+04 8.989413e+04 8.989413e+04 8.989412e+04 8.989408e+04 8.989393e+04 8.989380e+04 8.989359e+04 8.989059e+04 8.986830e+04 8.978131e+04 8.955149e+04 8.906925e+04 8.819809e+04 8.679126e+04 7.052184e+04 5.348944e+04 4.574073e+04 4.271559e+04 4.144801e+04 4.086467e+04 4.041897e+04 4.027525e+04 4.020613e+04 4.015034e+04 4.008869e+04 4.001494e+04 3.864111e+04 3.700923e+04 3.570314e+04 3.444657e+04
9.039383e+04 9.039383e+04 9.039383e+04 9.039383e+04 9.039383e+04 9.039381e+04 9.039377e+04 9.039360e+04 9.039346e+04 9.039323e+04 9.039017e+04 9.036771e+04 9.028018e+04 9.004899e+04 8.956385e+04 8.868728e+04 8.727131e+04 7.087638e+04 5.367961e+04 4.583431e+04 4.275874e+04 4.146242e+04 4.086114e+04 4.039524e+04 4.024154e+04 4.016750e+04 4.010961e+04 4.004758e+04 3.997452e+04 3.862219e+04 3.698555e+04 3.566656e+04 3.441170e+04
9.083043e+04 9.083043e+04 9.083043e+04 9.083043e+04 9.083043e+04 9.083042e+04 9.083037e+04 9.083017e+04 9.083001e+04 9.082974e+04 9.082655e+04 9.080380e+04 9.071559e+04 9.048293e+04 8.999487e+04 8.911306e+04 8.768840e+04 7.117616e+04 5.382624e+04 4.589108e+04 4.276882e+04 4.144612e+04 4.082851e+04 4.034431e+04 4.018152e+04 4.010290e+04 4.004303e+04 3.998066e+04 3.990837e+04 3.858152e+04 3.694707e+04 3.561947e+04 3.436879e+04
9.119514e+04 9.119514e+04 9.119514e+04 9.119514e+04 9.119514e+04 9.119511e+04 9.119501e+04 9.119464e+04 9.119436e+04 9.119394e+04 9.119041e+04 9.116716e+04 9.107810e+04 9.084387e+04 9.035294e+04 8.946615e+04 8.803342e+04 7.141435e+04 5.392595e+04 4.590993e+04 4.274598e+04 4.139996e+04 4.076801e+04 4.026782e+04 4.009700e+04 4.001424e+04 3.995254e+04 3.988987e+04 3.981838e+04 3.852039e+04 3.689452e+04 3.556235e+04 3.431812e+04
9.147096e+04 9.147096e+04 9.147096e+04 9.147096e+04 9.147096e+04 9.147093e+04 9.147084e+04 9.147042e+04 9.147006e+04 9.146949e+04 9.146539e+04 9.144110e+04 9.135036e+04 9.111352e+04 9.061868e+04 8.972611e+04 8.828502e+04 7.157269e+04 5.397037e+04 4.588847e+04 4.269049e+04 4.132528e+04 4.068144e+04 4.016770e+04 3.998983e+04 3.990331e+04 3.983990e+04 3.977697e+04 3.970631e+04 3.844005e+04 3.682862e+04 3.549571e+04 3.426000e+04
9.158921e+04 9.158921e+04 9.158921e+04 9.158921e+04 9.158920e+04 9.158906e+04 9.158859e+04 9.158674e+04 9.158535e+04 9.158358e+04 9.157660e+04 9.154890e+04 9.145425e+04 9.121306e+04 9.071340e+04 8.981545e+04 8.836820e+04 7.160637e+04 5.394403e+04 4.582329e+04 4.260292e+04 4.122393e+04 4.057092e+04 4.004595e+04 3.986180e+04 3.977177e+04 3.970673e+04 3.964355e+04 3.957374e+04 3.834176e+04 3.675010e+04 3.542003e+04 3.419473e+04
9.138868e+04 9.138868e+04 9.138868e+04 9.138867e+04 9.138867e+04 9.138852e+04 9.138805e+04 9.138619e+04 9.138481e+04 9.138309e+04 9.137643e+04 9.134954e+04 9.125650e+04 9.101796e+04 9.052232e+04 8.963005e+04 8.819030e+04 7.148051e+04 5.384136e+04 4.571612e+04 4.248620e+04 4.109870e+04 4.043888e+04 3.990438e+04 3.971440e+04 3.962101e+04 3.955440e+04 3.949104e+04 3.942214e+04 3.822674e+04 3.665967e+04 3.533581e+04 3.412263e+04
9.096336e+04 9.096336e+04 9.096336e+04 9.096336e+04 9.096336e+04 9.096348e+04 9.096387e+04 9.096539e+04 9.096653e+04 9.096784e+04 9.096860e+04 9.095069e+04 9.086805e+04 9.064146e+04 9.015962e+04 8.928336e+04 8.786216e+04 7.126681e+04 5.369369e+04 4.558055e+04 4.234702e+04 4.095329e+04 4.028763e+04 3.974426e+04 3.954871e+04 3.945213e+04 3.938409e+04 3.932068e+04 3.925283e+04 3.809622e+04 3.655808e+04 3.524353e+04 3.404401e+04
9.074620e+04 9.074620e+04 9.074620e+04 9.074621e+04 9.074621e+04 9.074633e+04 9.074672e+04 9.074825e+04 9.074940e+04 9.075073e+04 9.075162e+04 9.073407e+04 9.065223e+04 9.042715e+04 8.994780e+04 8.907534e+04 8.765942e+04 7.110446e+04 5.355099e+04 4.543426e+04 4.219223e+04 4.079061e+04 4.011855e+04 3.956625e+04 3.936543e+04 3.926600e+04 3.919684e+04 3.913363e+04 3.906705e+04 3.795137e+04 3.644603e+04 3.514368e+04 3.395920e+04
9.076364e+04 9.076364e+04 9.076364e+04 9.076364e+04 9.076364e+04 9.076361e+04 9.076352e+04 9.076316e+04 9.076290e+04 9.076256e+04 9.075940e+04 9.073700e+04 9.064968e+04 9.041859e+04 8.993278e+04 8.905342e+04 8.763010e+04 7.102835e+04 5.342818e+04 4.528233e+04 4.202322e+04 4.061085e+04 3.993157e+04 3.937053e+04 3.916511e+04 3.906344e+04 3.899364e+04 3.893101e+04 3.886600e+04 3.779336e+04 3.632423e+04 3.503673e+04 3.386853e+04
9.077346e+04 9.077346e+04 9.077346e+04 9.077346e+04 9.077346e+04 9.077343e+04 9.077334e+04 9.077296e+04 9.077268e+04 9.077226e+04 9.076875e+04 9.074561e+04 9.065702e+04 9.042401e+04 8.993548e+04 8.905236e+04 8.762391e+04 7.096848e+04 5.330167e+04 4.511616e+04 4.183634e+04 4.041241e+04 3.972611e+04 3.915746e+04 3.894848e+04 3.884537e+04 3.877554e+04 3.871396e+04 3.865089e+04 3.762333e+04 3.619339e+04 3.492315e+04 3.377232e+04
9.071070e+04 9.071070e+04 9.071070e+04 9.071070e+04 9.071070e+04 9.071067e+04 9.071059e+04 9.071024e+04 9.070997e+04 9.070958e+04 9.070610e+04 9.068301e+04 9.059445e+04 9.036139e+04 8.987263e+04 8.898886e+04 8.755896e+04 7.087086e+04 5.314879e+04 4.492758e+04 4.162911e+04 4.019507e+04 3.950287e+04 3.892818e+04 3.871673e+04 3.861299e+04 3.854375e+04 3.848372e+04 3.842298e+04 3.744239e+04 3.605420e+04 3.480339e+04 3.367088e+04
9.058148e+04 9.058148e+04 9.058148e+04 9.058148e+04 9.058148e+04 9.058145e+04 9.058137e+04 9.058103e+04 9.058077e+04 9.058039e+04 9.057695e+04 9.055391e+04 9.046544e+04 9.023252e+04 8.974394e+04 8.886023e+04 8.743004e+04 7.072355e+04 5.296372e+04 4.471629e+04 4.140340e+04 3.996123e+04 3.926417e+04 3.868459e+04 3.847145e+04 3.836772e+04 3.829964e+04 3.824161e+04 3.818358e+04 3.725163e+04 3.590732e+04 3.467791e+04 3.356454e+04
9.039106e+04 9.039106e+04 9.039106e+04 9.039106e+04 9.039106e+04 9.039103e+04 9.039095e+04 9.039060e+04 9.039035e+04 9.038998e+04 9.038660e+04 9.036370e+04 9.027550e+04 9.004303e+04 8.955506e+04 8.867206e+04 8.724250e+04 7.052976e+04 5.274975e+04 4.448581e+04 4.116247e+04 3.971373e+04 3.901248e+04 3.842866e+04 3.821435e+04 3.811115e+04 3.804468e+04 3.798905e+04 3.793406e+04 3.705210e+04 3.575343e+04 3.454713e+04 3.345361e+04
