0.000000e+00 0.000000e+00 0.000000e+00 0.000000e+00 1.720594e-232 2.195247e-50 1.536004e-26 4.603061e-14 1.872020e-11 1.131890e-09 2.308997e-07 6.763486e-06 7.334487e-05 4.410156e-04 1.808305e-03 5.698445e-03 1.486282e-02 3.506997e-01 1.738258e+00 3.637910e+00 5.154551e+00 6.233166e+00 7.019473e+00 8.090764e+00 8.814639e+00 9.404887e+00 9.994201e+00 1.067335e+01 1.150502e+01 3.260483e+01 7.303614e+01 1.178471e+02 1.564631e+02
0.000000e+00 0.000000e+00 0.000000e+00 0.000000e+00 4.535343e-222 5.081817e-49 4.960197e-26 7.130401e-14 2.571596e-11 1.440481e-09 2.692532e-07 7.547907e-06 7.986582e-05 4.728249e-04 1.917687e-03 5.993493e-03 1.553069e-02 3.595307e-01 1.766862e+00 3.681133e+00 5.201502e+00 6.278325e+00 7.060923e+00 8.124155e+00 8.841567e+00 9.427565e+00 1.001473e+01 1.069355e+01 1.152640e+01 3.267288e+01 7.314938e+01 1.179786e+02 1.565909e+02
0.000000e+00 0.000000e+00 0.000000e+00 0.000000e+00 6.540338e-210 6.153052e-47 3.555667e-25 1.469939e-13 4.248399e-11 2.079182e-09 3.356015e-07 8.762945e-06 8.923549e-05 5.161351e-04 2.060739e-03 6.367469e-03 1.635625e-02 3.696460e-01 1.798390e+00 3.727704e+00 5.251341e+00 6.325761e+00 7.104124e+00 8.158583e+00 8.869149e+00 9.450701e+00 1.003564e+01 1.071411e+01 1.154815e+01 3.274169e+01 7.326342e+01 1.181109e+02 1.567191e+02
0.000000e+00 0.000000e+00 0.000000e+00 0.000000e+00 1.451072e-197 1.121879e-44 3.598560e-24 3.702834e-13 8.285313e-11 3.415478e-09 4.493563e-07 1.061525e-05 1.024945e-04 5.743282e-04 2.245729e-03 6.836964e-03 1.736834e-02 3.811785e-01 1.833033e+00 3.777768e+00 5.304152e+00 6.375516e+00 7.149095e+00 8.194052e+00 8.897380e+00 9.474295e+00 1.005692e+01 1.073503e+01 1.157027e+01 3.281126e+01 7.337828e+01 1.182438e+02 1.568479e+02
0.000000e+00 0.000000e+00 0.000000e+00 0.000000e+00 3.841243e-185 2.428920e-42 4.305191e-23 1.049410e-12 1.783745e-10 6.150325e-09 6.472334e-07 1.346946e-05 1.212250e-04 6.520787e-04 2.483352e-03 7.422415e-03 1.860118e-02 3.942693e-01 1.870979e+00 3.831458e+00 5.360009e+00 6.427627e+00 7.195851e+00 8.230558e+00 8.926258e+00 9.498344e+00 1.007858e+01 1.075631e+01 1.159278e+01 3.288160e+01 7.349395e+01 1.183774e+02 1.569771e+02
0.000000e+00 0.000000e+00 0.000000e+00 0.000000e+00 1.120184e-172 5.786488e-40 5.644552e-22 3.241147e-12 4.129238e-10 1.178457e-08 9.833471e-07 1.788139e-05 1.481154e-04 7.565635e-04 2.788671e-03 8.150869e-03 2.009793e-02 4.090727e-01 1.912418e+00 3.888904e+00 5.418978e+00 6.482123e+00 7.244404e+00 8.268101e+00 8.955777e+00 9.522845e+00 1.010062e+01 1.077795e+01 1.161567e+01 3.295272e+01 7.361044e+01 1.185117e+02 1.571069e+02
0.000000e+00 0.000000e+00 0.000000e+00 1.066618e-310 3.472938e-160 1.465004e-37 7.849606e-21 1.061333e-11 1.011108e-09 2.375013e-08 1.555483e-06 2.457506e-05 1.864623e-04 8.989991e-04 3.184841e-03 9.060549e-03 2.191628e-02 4.257635e-01 1.957547e+00 3.950229e+00 5.481118e+00 6.539028e+00 7.294759e+00 8.306673e+00 8.985933e+00 9.547794e+00 1.012302e+01 1.079995e+01 1.163894e+01 3.302463e+01 7.372775e+01 1.186466e+02 1.572371e+02
0.000000e+00 0.000000e+00 0.000000e+00 1.405859e-285 1.123195e-147 3.868495e-35 1.137556e-19 3.617689e-11 2.579346e-09 4.983634e-08 2.546818e-06 3.474248e-05 2.404494e-04 1.090800e-03 3.702906e-03 1.020951e-02 2.413746e-02 4.445478e-01 2.006573e+00 4.015551e+00 5.546482e+00 6.598358e+00 7.346917e+00 8.346266e+00 9.016718e+00 9.573189e+00 1.014581e+01 1.082232e+01 1.166261e+01 3.309732e+01 7.384588e+01 1.187822e+02 1.573677e+02
0.000000e+00 0.000000e+00 0.000000e+00 1.911205e-260 3.746664e-135 1.053519e-32 1.699476e-18 1.269630e-10 6.779060e-09 1.078466e-07 4.296545e-06 5.036700e-05 3.165192e-04 1.346923e-03 4.371659e-03 1.166105e-02 2.687992e-02 4.656777e-01 2.059727e+00 4.084992e+00 5.615116e+00 6.660127e+00 7.400874e+00 8.386871e+00 9.048124e+00 9.599023e+00 1.016896e+01 1.084506e+01 1.168667e+01 3.317081e+01 7.396485e+01 1.189185e+02 1.574989e+02
0.000000e+00 0.000000e+00 0.000000e+00 2.660308e-235 1.279656e-122 2.937535e-30 2.598977e-17 4.556500e-10 1.822172e-08 2.389010e-07 7.431514e-06 7.470802e-05 4.245584e-04 1.689081e-03 5.229910e-03 1.347462e-02 3.024653e-02 4.894686e-01 2.117270e+00 4.158676e+00 5.687064e+00 6.724340e+00 7.456624e+00 8.428475e+00 9.080141e+00 9.625293e+00 1.019249e+01 1.086817e+01 1.171113e+01 3.324511e+01 7.408465e+01 1.190554e+02 1.576306e+02
0.000000e+00 0.000000e+00 0.000000e+00 3.772671e-210 4.452808e-110 8.344593e-28 4.048712e-16 1.664601e-09 4.985001e-08 5.388754e-07 1.311568e-05 1.130829e-04 5.795582e-04 2.148643e-03 6.331326e-03 1.573031e-02 3.434337e-02 5.163256e-01 2.179509e+00 4.236742e+00 5.762367e+00 6.791001e+00 7.514156e+00 8.471063e+00 9.112759e+00 9.651993e+00 1.021639e+01 1.089164e+01 1.173599e+01 3.332021e+01 7.420530e+01 1.191930e+02 1.577627e+02
1.031670e-04 1.020760e-04 1.004961e-04 9.911392e-05 9.977960e-05 1.274822e-04 2.385226e-04 9.352252e-04 1.634512e-03 2.630846e-03 5.855228e-03 1.181182e-02 2.249224e-02 4.050364e-02 6.908865e-02 1.123737e-01 1.756940e-01 1.058684e+00 3.171077e+00 5.314680e+00 6.715873e+00 7.593658e+00 8.184181e+00 8.946899e+00 9.469210e+00 9.941191e+00 1.047532e+01 1.114707e+01 1.200748e+01 3.411748e+01 7.545882e+01 1.206072e+02 1.591109e+02
2.308632e-01 2.310021e-01 2.310101e-01 2.310098e-01 2.310096e-01 2.319309e-01 2.375364e-01 2.658137e-01 2.883300e-01 3.154035e-01 3.809272e-01 4.602994e-01 5.537798e-01 6.626104e-01 7.889246e-01 9.360909e-01 1.108979e+00 2.588657e+00 5.068444e+00 7.081285e+00 8.139851e+00 8.692112e+00 9.035034e+00 9.502257e+00 9.871714e+00 1.026610e+01 1.076938e+01 1.144148e+01 1.232372e+01 3.500384e+01 7.680092e+01 1.220915e+02 1.605083e+02
3.054405e+00 3.054413e+00 3.054417e+00 3.054519e+00 3.054837e+00 3.062478e+00 3.080029e+00 3.127815e+00 3.156047e+00 3.187997e+00 3.266394e+00 3.367831e+00 3.494657e+00 3.648043e+00 3.829065e+00 4.039366e+00 4.281387e+00 6.040731e+00 8.208569e+00 9.488515e+00 9.940472e+00 1.006716e+01 1.009926e+01 1.015402e+01 1.031840e+01 1.062512e+01 1.109993e+01 1.177892e+01 1.269074e+01 3.598685e+01 7.823577e+01 1.236479e+02 1.619558e+02
8.835025e+00 8.835026e+00 8.835027e+00 8.835058e+00 8.835155e+00 8.838164e+00 8.847045e+00 8.888240e+00 8.922631e+00 8.965813e+00 9.076265e+00 9.216452e+00 9.385140e+00 9.582040e+00 9.807153e+00 1.006028e+01 1.034043e+01 1.196325e+01 1.288513e+01 1.258623e+01 1.200746e+01 1.155829e+01 1.124709e+01 1.090395e+01 1.084193e+01 1.103388e+01 1.147762e+01 1.216926e+01 1.311857e+01 3.707444e+01 7.976754e+01 1.252782e+02 1.634539e+02
1.777921e+01 1.777921e+01 1.777921e+01 1.777928e+01 1.777947e+01 1.778578e+01 1.780410e+01 1.786617e+01 1.790888e+01 1.795961e+01 1.808523e+01 1.824241e+01 1.843018e+01 1.864744e+01 1.889208e+01 1.915998e+01 1.944366e+01 2.050657e+01 1.920814e+01 1.644979e+01 1.437367e+01 1.314159e+01 1.241315e+01 1.167877e+01 1.143623e+01 1.153100e+01 1.193132e+01 1.263250e+01 1.362379e+01 3.827492e+01 8.140034e+01 1.269843e+02 1.650031e+02
2.999798e+01 2.999798e+01 2.999799e+01 2.999801e+01 2.999808e+01 3.000038e+01 3.000830e+01 3.004903e+01 3.008331e+01 3.012654e+01 3.023844e+01 3.038298e+01 3.055944e+01 3.076646e+01 3.099992e+01 3.125076e+01 3.150273e+01 3.162992e+01 2.720947e+01 2.114358e+01 1.711556e+01 1.488443e+01 1.363657e+01 1.246483e+01 1.207407e+01 1.211184e+01 1.249628e+01 1.320575e+01 1.423302e+01 3.959711e+01 8.313824e+01 1.287678e+02 1.666039e+02
4.450843e+01 4.450843e+01 4.450843e+01 4.450847e+01 4.450861e+01 4.451278e+01 4.452581e+01 4.457908e+01 4.462049e+01 4.467217e+01 4.480595e+01 4.497857e+01 4.518780e+01 4.542998e+01 4.569696e+01 4.597235e+01 4.622806e+01 4.533588e+01 3.702433e+01 2.680274e+01 2.034746e+01 1.688980e+01 1.500778e+01 1.330943e+01 1.276822e+01 1.277663e+01 1.317488e+01 1.391755e+01 1.498717e+01 4.105048e+01 8.498526e+01 1.306302e+02 1.682566e+02
6.236301e+01 6.236302e+01 6.236302e+01 6.236307e+01 6.236322e+01 6.236889e+01 6.238838e+01 6.246810e+01 6.252608e+01 6.259453e+01 6.276050e+01 6.296483e+01 6.320860e+01 6.348986e+01 6.379801e+01 6.410840e+01 6.437771e+01 6.227634e+01 4.911654e+01 3.370651e+01 2.424720e+01 1.929035e+01 1.663882e+01 1.429482e+01 1.356705e+01 1.355024e+01 1.398162e+01 1.477802e+01 1.590833e+01 4.264527e+01 8.694538e+01 1.325729e+02 1.699615e+02
8.445652e+01 8.445652e+01 8.445653e+01 8.445660e+01 8.445682e+01 8.446404e+01 8.448672e+01 8.458666e+01 8.466881e+01 8.477249e+01 8.503643e+01 8.536106e+01 8.573243e+01 8.613784e+01 8.655717e+01 8.695325e+01 8.726408e+01 8.358090e+01 6.419602e+01 4.224592e+01 2.905013e+01 2.225004e+01 1.865932e+01 1.551905e+01 1.454284e+01 1.448001e+01 1.494691e+01 1.580872e+01 1.701254e+01 4.439272e+01 8.902253e+01 1.345974e+02 1.717188e+02
1.140380e+02 1.140380e+02 1.140380e+02 1.140380e+02 1.140382e+02 1.140424e+02 1.140567e+02 1.141327e+02 1.141970e+02 1.142772e+02 1.144793e+02 1.147319e+02 1.150334e+02 1.153776e+02 1.157420e+02 1.160766e+02 1.162953e+02 1.101983e+02 8.292193e+01 5.284256e+01 3.503426e+01 2.596758e+01 2.122310e+01 1.709269e+01 1.578250e+01 1.563092e+01 1.611654e+01 1.704222e+01 1.832451e+01 4.630537e+01 9.122068e+01 1.367047e+02 1.735283e+02
1.477378e+02 1.477378e+02 1.477379e+02 1.477381e+02 1.477391e+02 1.477683e+02 1.478586e+02 1.481639e+02 1.483419e+02 1.485226e+02 1.488863e+02 1.492666e+02 1.496825e+02 1.501371e+02 1.506040e+02 1.510171e+02 1.512606e+02 1.426939e+02 1.059846e+02 6.601548e+01 4.255873e+01 3.070065e+01 2.452534e+01 1.914598e+01 1.738556e+01 1.708109e+01 1.754967e+01 1.852207e+01 1.987676e+01 4.839736e+01 9.354380e+01 1.388959e+02 1.753902e+02
1.918664e+02 1.918664e+02 1.918664e+02 1.918663e+02 1.918659e+02 1.918527e+02 1.918213e+02 1.917813e+02 1.917938e+02 1.918364e+02 1.920209e+02 1.923344e+02 1.927605e+02 1.932699e+02 1.938080e+02 1.942769e+02 1.945199e+02 1.828761e+02 1.346661e+02 8.258650e+01 5.215615e+01 3.681462e+01 2.883133e+01 2.184061e+01 1.946727e+01 1.891999e+01 1.931643e+01 2.030192e+01 2.170974e+01 5.068502e+01 9.599596e+01 1.411720e+02 1.773043e+02
2.455132e+02 2.455132e+02 2.455132e+02 2.455130e+02 2.455126e+02 2.454977e+02 2.454539e+02 2.453506e+02 2.453307e+02 2.453490e+02 2.455169e+02 2.458556e+02 2.463398e+02 2.469288e+02 2.475514e+02 2.480826e+02 2.483223e+02 2.330410e+02 1.709097e+02 1.038666e+02 6.465627e+01 4.485046e+01 3.451261e+01 2.538136e+01 2.216262e+01 2.124836e+01 2.149603e+01 2.244395e+01 2.387127e+01 5.318793e+01 9.858137e+01 1.435339e+02 1.792702e+02
3.100747e+02 3.100747e+02 3.100747e+02 3.100745e+02 3.100742e+02 3.100810e+02 3.101221e+02 3.103164e+02 3.104706e+02 3.106626e+02 3.111559e+02 3.117851e+02 3.125384e+02 3.133912e+02 3.142779e+02 3.150588e+02 3.154921e+02 2.970037e+02 2.182514e+02 1.321424e+02 8.138887e+01 5.560400e+01 4.207717e+01 3.002050e+01 2.562756e+01 2.417826e+01 2.417560e+01 2.501732e+01 2.641556e+01 5.593225e+01 1.013044e+02 1.459823e+02 1.812876e+02
3.930200e+02 3.930200e+02 3.930200e+02 3.930205e+02 3.930220e+02 3.930689e+02 3.931946e+02 3.935800e+02 3.938333e+02 3.941355e+02 3.949281e+02 3.960279e+02 3.974603e+02 3.991891e+02 4.010989e+02 4.029697e+02 4.044495e+02 3.847879e+02 2.840934e+02 1.713463e+02 1.043256e+02 7.013536e+01 5.215354e+01 3.604699e+01 3.003555e+01 2.783223e+01 2.744946e+01 2.809691e+01 2.940186e+01 5.893424e+01 1.041699e+02 1.485179e+02 1.833560e+02
5.337395e+02 5.337395e+02 5.337395e+02 5.337392e+02 5.337383e+02 5.337078e+02 5.336398e+02 5.336075e+02 5.336912e+02 5.338579e+02 5.344767e+02 5.355193e+02 5.370074e+02 5.389055e+02 5.410791e+02 5.432461e+02 5.449357e+02 5.171933e+02 3.797507e+02 2.264800e+02 1.356990e+02 8.956620e+01 6.538714e+01 4.376006e+01 3.557143e+01 3.234219e+01 3.141859e+01 3.176237e+01 3.289320e+01 6.219598e+01 1.071829e+02 1.511413e+02 1.854749e+02
7.220069e+02 7.220069e+02 7.220070e+02 7.220082e+02 7.220121e+02 7.221319e+02 7.224753e+02 7.237583e+02 7.246899e+02 7.258037e+02 7.285170e+02 7.317628e+02 7.354093e+02 7.393077e+02 7.432230e+02 7.467512e+02 7.492493e+02 7.074426e+02 5.130184e+02 3.009583e+02 1.770505e+02 1.147199e+02 8.229842e+01 5.344675e+01 4.242889e+01 3.784977e+01 3.619068e+01 3.609741e+01 3.695519e+01 6.572120e+01 1.103491e+02 1.538532e+02 1.876437e+02
1.026184e+03 1.026184e+03 1.026184e+03 1.026184e+03 1.026184e+03 1.026196e+03 1.026238e+03 1.026445e+03 1.026619e+03 1.026848e+03 1.027496e+03 1.028437e+03 1.029681e+03 1.031152e+03 1.032605e+03 1.033528e+03 1.033069e+03 9.581791e+02 6.835199e+02 3.947119e+02 2.286633e+02 1.459792e+02 1.032615e+02 6.539545e+01 5.081844e+01 4.450920e+01 4.188055e+01 4.118899e+01 4.165451e+01 6.951328e+01 1.136749e+02 1.566541e+02 1.898615e+02
1.345114e+03 1.345114e+03 1.345114e+03 1.345113e+03 1.345112e+03 1.345080e+03 1.344978e+03 1.344617e+03 1.344421e+03 1.344263e+03 1.344170e+03 1.344481e+03 1.345224e+03 1.346284e+03 1.347312e+03 1.347614e+03 1.346059e+03 1.242959e+03 8.814497e+02 5.053803e+02 2.903789e+02 1.837127e+02 1.287223e+02 7.995640e+01 6.098449e+01 5.249127e+01 4.860985e+01 4.712577e+01 4.705720e+01 7.357485e+01 1.171679e+02 1.595446e+02 1.921276e+02
1.670012e+03 1.670012e+03 1.670012e+03 1.670013e+03 1.670014e+03 1.670059e+03 1.670203e+03 1.670868e+03 1.671424e+03 1.672136e+03 1.674010e+03 1.676416e+03 1.679246e+03 1.682290e+03 1.685103e+03 1.686832e+03 1.686081e+03 1.560926e+03 1.108127e+03 6.348747e+02 3.637796e+02 2.290888e+02 1.595349e+02 9.761074e+01 7.321931e+01 6.198380e+01 5.650451e+01 5.399522e+01 5.322598e+01 7.790776e+01 1.208373e+02 1.625252e+02 1.944412e+02
2.072887e+03 2.072887e+03 2.072887e+03 2.072886e+03 2.072886e+03 2.072872e+03 2.072835e+03 2.072902e+03 2.073121e+03 2.073511e+03 2.074876e+03 2.077079e+03 2.080097e+03 2.083726e+03 2.087408e+03 2.090051e+03 2.089867e+03 1.939827e+03 1.380387e+03 7.915575e+02 4.530498e+02 2.844089e+02 1.970912e+02 1.189845e+02 8.785731e+01 7.318399e+01 6.568838e+01 6.187892e+01 6.021693e+01 8.251321e+01 1.246964e+02 1.655969e+02 1.968012e+02
2.572417e+03 2.572417e+03 2.572417e+03 2.572418e+03 2.572421e+03 2.572512e+03 2.572796e+03 2.574023e+03 2.575019e+03 2.576290e+03 2.579650e+03 2.584031e+03 2.589283e+03 2.595081e+03 2.600718e+03 2.604854e+03 2.605301e+03 2.420312e+03 1.723049e+03 9.874955e+02 5.639893e+02 3.527007e+02 2.431230e+02 1.447805e+02 1.052434e+02 8.628112e+01 7.627294e+01 7.084613e+01 6.807533e+01 8.739195e+01 1.287553e+02 1.687602e+02 1.992067e+02
3.244771e+03 3.244771e+03 3.244771e+03 3.244771e+03 3.244771e+03 3.244771e+03 3.244770e+03 3.244868e+03 3.245088e+03 3.245505e+03 3.247120e+03 3.249974e+03 3.254136e+03 3.259358e+03 3.264820e+03 3.268836e+03 3.268609e+03 3.035511e+03 2.159393e+03 1.234740e+03 7.024534e+02 4.369862e+02 2.993257e+02 1.756560e+02 1.256834e+02 1.014329e+02 8.834455e+01 8.094650e+01 7.683140e+01 9.254448e+01 1.330078e+02 1.720164e+02 2.016567e+02
4.051291e+03 4.051291e+03 4.051291e+03 4.051293e+03 4.051299e+03 4.051504e+03 4.052215e+03 4.055220e+03 4.057516e+03 4.060334e+03 4.067480e+03 4.076464e+03 4.086940e+03 4.098266e+03 4.109185e+03 4.117449e+03 4.119489e+03 3.825608e+03 2.712695e+03 1.543558e+03 8.730115e+02 5.395419e+02 3.669652e+02 2.120976e+02 1.493944e+02 1.187415e+02 1.019519e+02 9.220314e+01 8.649640e+01 9.797127e+01 1.374493e+02 1.753665e+02 2.041502e+02
5.232415e+03 5.232415e+03 5.232415e+03 5.232414e+03 5.232413e+03 5.232369e+03 5.232232e+03 5.231727e+03 5.231437e+03 5.231195e+03 5.231097e+03 5.231866e+03 5.233730e+03 5.236413e+03 5.238704e+03 5.237989e+03 5.229879e+03 4.814657e+03 3.390042e+03 1.916616e+03 1.077092e+03 6.612546e+02 4.466139e+02 2.543451e+02 1.764697e+02 1.382352e+02 1.170958e+02 1.046072e+02 9.705999e+01 1.036730e+02 1.420755e+02 1.788123e+02 2.066861e+02
6.404400e+03 6.404400e+03 6.404400e+03 6.404403e+03 6.404413e+03 6.404739e+03 6.405757e+03 6.409788e+03 6.412716e+03 6.416154e+03 6.424219e+03 6.433390e+03 6.443150e+03 6.452706e+03 6.460373e+03 6.462910e+03 6.454993e+03 5.938681e+03 4.169958e+03 2.348444e+03 1.313508e+03 8.019350e+02 5.382793e+02 3.023919e+02 2.068631e+02 1.598568e+02 1.337231e+02 1.181150e+02 1.084893e+02 1.096506e+02 1.468819e+02 1.823560e+02 2.092635e+02
7.832343e+03 7.832343e+03 7.832343e+03 7.832343e+03 7.832341e+03 7.832293e+03 7.832152e+03 7.831961e+03 7.832110e+03 7.832505e+03 7.834184e+03 7.837242e+03 7.841708e+03 7.846970e+03 7.851090e+03 7.850083e+03 7.837344e+03 7.203217e+03 5.052433e+03 2.839053e+03 1.582229e+03 9.614376e+02 6.417465e+02 3.560032e+02 2.403789e+02 1.834564e+02 1.517238e+02 1.326485e+02 1.207302e+02 1.159055e+02 1.518637e+02 1.860005e+02 2.118813e+02
9.344761e+03 9.344761e+03 9.344761e+03 9.344764e+03 9.344775e+03 9.345071e+03 9.345952e+03 9.349409e+03 9.351982e+03 9.355115e+03 9.363035e+03 9.373051e+03 9.384799e+03 9.397200e+03 9.407676e+03 9.411280e+03 9.399991e+03 8.646189e+03 6.057490e+03 3.394584e+03 1.884391e+03 1.139491e+03 7.564264e+02 4.146527e+02 2.766522e+02 2.087895e+02 1.709348e+02 1.480993e+02 1.337117e+02 1.224397e+02 1.570156e+02 1.897512e+02 2.145385e+02
1.124385e+04 1.124385e+04 1.124385e+04 1.124385e+04 1.124386e+04 1.124402e+04 1.124451e+04 1.124656e+04 1.124812e+04 1.125004e+04 1.125497e+04 1.126131e+04 1.126882e+04 1.127642e+04 1.128121e+04 1.127742e+04 1.125560e+04 1.031343e+04 7.196049e+03 4.014560e+03 2.217616e+03 1.333943e+03 8.806543e+02 4.773996e+02 3.151341e+02 2.355236e+02 1.911498e+02 1.643377e+02 1.473525e+02 1.292558e+02 1.623318e+02 1.936141e+02 2.172344e+02
1.330249e+04 1.330249e+04 1.330249e+04 1.330249e+04 1.330250e+04 1.330259e+04 1.330287e+04 1.330404e+04 1.330496e+04 1.330610e+04 1.330911e+04 1.331306e+04 1.331766e+04 1.332161e+04 1.332151e+04 1.331058e+04 1.327768e+04 1.212563e+04 8.425706e+03 4.679071e+03 2.572161e+03 1.539494e+03 1.011259e+03 5.428597e+02 3.551177e+02 2.632655e+02 2.121398e+02 1.812276e+02 1.615711e+02 1.363571e+02 1.678063e+02 1.975816e+02 2.199682e+02
1.538874e+04 1.538874e+04 1.538874e+04 1.538874e+04 1.538874e+04 1.538881e+04 1.538901e+04 1.538981e+04 1.539042e+04 1.539117e+04 1.539310e+04 1.539556e+04 1.539820e+04 1.539952e+04 1.539556e+04 1.537850e+04 1.533549e+04 1.397429e+04 9.681272e+03 5.357239e+03 2.933531e+03 1.748711e+03 1.144051e+03 6.093856e+02 3.958281e+02 2.916129e+02 2.336840e+02 1.986448e+02 1.762979e+02 1.437475e+02 1.734325e+02 2.016455e+02 2.227394e+02
1.741870e+04 1.741870e+04 1.741870e+04 1.741870e+04 1.741871e+04 1.741872e+04 1.741876e+04 1.741891e+04 1.741904e+04 1.741921e+04 1.741970e+04 1.742035e+04 1.742078e+04 1.741929e+04 1.741144e+04 1.738836e+04 1.733555e+04 1.577246e+04 1.090463e+04 6.019496e+03 3.287334e+03 1.954137e+03 1.274855e+03 6.753994e+02 4.365627e+02 3.202222e+02 2.556065e+02 2.164981e+02 1.914869e+02 1.514311e+02 1.792036e+02 2.057988e+02 2.255475e+02
1.930840e+04 1.930840e+04 1.930840e+04 1.930840e+04 1.930840e+04 1.930837e+04 1.930828e+04 1.930793e+04 1.930767e+04 1.930737e+04 1.930663e+04 1.930571e+04 1.930418e+04 1.930021e+04 1.928888e+04 1.926041e+04 1.919876e+04 1.745049e+04 1.205031e+04 6.642864e+03 3.622409e+03 2.150015e+03 1.400477e+03 7.397410e+02 4.768375e+02 3.488783e+02 2.778115e+02 2.347483e+02 2.071266e+02 1.594126e+02 1.851124e+02 2.100342e+02 2.283926e+02
2.098876e+04 2.098876e+04 2.098876e+04 2.098876e+04 2.098876e+04 2.098873e+04 2.098863e+04 2.098821e+04 2.098789e+04 2.098751e+04 2.098653e+04 2.098524e+04 2.098319e+04 2.097841e+04 2.096555e+04 2.093401e+04 2.086638e+04 1.896282e+04 1.309159e+04 7.214794e+03 3.932963e+03 2.333484e+03 1.519405e+03 8.019339e+02 5.165015e+02 3.775475e+02 3.003095e+02 2.534212e+02 2.232462e+02 1.676964e+02 1.911517e+02 2.143446e+02 2.312752e+02
2.245672e+04 2.245672e+04 2.245672e+04 2.245672e+04 2.245672e+04 2.245674e+04 2.245679e+04 2.245698e+04 2.245710e+04 2.245721e+04 2.245743e+04 2.245754e+04 2.245703e+04 2.245375e+04 2.244196e+04 2.241028e+04 2.234003e+04 2.031256e+04 1.403115e+04 7.736954e+03 4.220030e+03 2.505249e+03 1.632167e+03 8.623162e+02 5.557911e+02 4.064010e+02 3.232265e+02 2.726111e+02 2.399172e+02 1.762865e+02 1.973136e+02 2.187225e+02 2.341970e+02
2.380045e+04 2.380045e+04 2.380045e+04 2.380045e+04 2.380046e+04 2.380049e+04 2.380058e+04 2.380093e+04 2.380118e+04 2.380148e+04 2.380222e+04 2.380309e+04 2.380357e+04 2.380142e+04 2.379055e+04 2.375891e+04 2.368668e+04 2.155106e+04 1.489973e+04 8.224449e+03 4.491118e+03 2.669433e+03 1.741258e+03 9.220195e+02 5.953170e+02 4.358039e+02 3.467960e+02 2.924743e+02 2.572478e+02 1.851863e+02 2.035901e+02 2.231602e+02 2.371617e+02
2.507963e+04 2.507963e+04 2.507963e+04 2.507963e+04 2.507963e+04 2.507973e+04 2.508001e+04 2.508108e+04 2.508186e+04 2.508280e+04 2.508519e+04 2.508817e+04 2.509115e+04 2.509170e+04 2.508336e+04 2.505333e+04 2.498069e+04 2.274666e+04 1.574241e+04 8.700766e+03 4.758316e+03 2.832763e+03 1.850740e+03 9.828178e+02 6.359873e+02 4.662712e+02 3.713318e+02 3.132123e+02 2.753724e+02 1.943976e+02 2.099731e+02 2.276496e+02 2.401643e+02
2.641976e+04 2.641976e+04 2.641976e+04 2.641976e+04 2.641977e+04 2.641990e+04 2.642031e+04 2.642179e+04 2.642280e+04 2.642398e+04 2.642677e+04 2.643007e+04 2.643328e+04 2.643390e+04 2.642523e+04 2.639392e+04 2.631805e+04 2.397495e+04 1.660986e+04 9.194007e+03 5.036724e+03 3.003774e+03 1.965752e+03 1.046891e+03 6.788804e+02 4.983970e+02 3.971876e+02 3.350478e+02 2.944370e+02 2.039203e+02 2.164538e+02 2.321827e+02 2.431972e+02
2.782298e+04 2.782298e+04 2.782298e+04 2.782298e+04 2.782298e+04 2.782299e+04 2.782300e+04 2.782311e+04 2.782329e+04 2.782365e+04 2.782520e+04 2.782812e+04 2.783210e+04 2.783464e+04 2.782874e+04 2.780032e+04 2.772617e+04 2.529645e+04 1.755921e+04 9.738335e+03 5.344421e+03 3.192293e+03 2.091972e+03 1.116503e+03 7.250779e+02 5.327667e+02 4.247087e+02 3.581972e+02 3.145826e+02 2.137522e+02 2.230233e+02 2.367510e+02 2.462540e+02
2.936397e+04 2.936397e+04 2.936397e+04 2.936398e+04 2.936399e+04 2.936449e+04 2.936604e+04 2.937222e+04 2.937686e+04 2.938250e+04 2.939667e+04 2.941433e+04 2.943439e+04 2.945366e+04 2.946423e+04 2.945083e+04 2.938857e+04 2.687854e+04 1.869092e+04 1.037927e+04 5.701504e+03 3.408008e+03 2.234584e+03 1.193569e+03 7.754777e+02 5.698687e+02 4.541872e+02 3.828454e+02 3.359304e+02 2.238881e+02 2.296720e+02 2.413460e+02 2.493288e+02
3.171316e+04 3.171316e+04 3.171316e+04 3.171317e+04 3.171318e+04 3.171347e+04 3.171437e+04 3.171800e+04 3.172073e+04 3.172409e+04 3.173277e+04 3.174405e+04 3.175721e+04 3.176911e+04 3.177149e+04 3.174802e+04 3.167200e+04 2.892914e+04 2.009502e+04 1.114938e+04 6.120432e+03 3.656489e+03 2.396491e+03 1.279198e+03 8.306372e+02 6.100285e+02 4.858286e+02 4.091276e+02 3.585706e+02 2.343196e+02 2.363901e+02 2.459591e+02 2.524158e+02
3.454426e+04 3.454426e+04 3.454426e+04 3.454426e+04 3.454426e+04 3.454422e+04 3.454412e+04 3.454397e+04 3.454408e+04 3.454438e+04 3.454562e+04 3.454774e+04 3.455006e+04 3.454939e+04 3.453704e+04 3.449563e+04 3.439651e+04 3.134151e+04 2.172456e+04 1.203280e+04 6.596183e+03 3.936162e+03 2.577266e+03 1.373506e+03 8.907229e+02 6.533871e+02 5.197402e+02 4.371213e+02 3.825569e+02 2.450349e+02 2.431673e+02 2.505815e+02 2.555092e+02
3.733186e+04 3.733186e+04 3.733186e+04 3.733186e+04 3.733186e+04 3.733182e+04 3.733173e+04 3.733185e+04 3.733225e+04 3.733291e+04 3.733511e+04 3.733845e+04 3.734214e+04 3.734268e+04 3.733057e+04 3.728693e+04 3.718067e+04 3.387646e+04 2.347163e+04 1.299082e+04 7.114780e+03 4.241428e+03 2.774422e+03 1.475902e+03 9.555940e+02 6.999304e+02 5.559413e+02 4.668494e+02 4.079063e+02 2.560183e+02 2.499926e+02 2.552046e+02 2.586032e+02
4.014973e+04 4.014973e+04 4.014973e+04 4.014973e+04 4.014974e+04 4.015008e+04 4.015114e+04 4.015537e+04 4.015853e+04 4.016237e+04 4.017203e+04 4.018401e+04 4.019719e+04 4.020743e+04 4.020420e+04 4.016685e+04 4.006161e+04 3.653282e+04 2.531848e+04 1.400929e+04 7.668057e+03 4.567820e+03 2.985484e+03 1.585565e+03 1.024958e+03 7.495490e+02 5.943877e+02 4.982899e+02 4.346028e+02 2.672503e+02 2.568548e+02 2.598198e+02 2.616921e+02
4.341882e+04 4.341882e+04 4.341882e+04 4.341882e+04 4.341883e+04 4.341900e+04 4.341952e+04 4.342161e+04 4.342318e+04 4.342510e+04 4.343007e+04 4.343644e+04 4.344326e+04 4.344631e+04 4.343439e+04 4.338533e+04 4.326283e+04 3.941206e+04 2.728861e+04 1.508711e+04 8.251996e+03 4.912340e+03 3.208551e+03 1.701771e+03 1.098514e+03 8.020997e+02 6.349986e+02 5.313876e+02 4.626023e+02 2.787076e+02 2.637419e+02 2.644183e+02 2.647702e+02
4.684759e+04 4.684759e+04 4.684759e+04 4.684759e+04 4.684758e+04 4.684749e+04 4.684719e+04 4.684624e+04 4.684570e+04 4.684517e+04 4.684421e+04 4.684333e+04 4.684157e+04 4.683455e+04 4.681043e+04 4.674563e+04 4.660135e+04 4.239937e+04 2.932856e+04 1.620451e+04 8.859260e+03 5.271943e+03 3.442185e+03 1.824057e+03 1.176045e+03 8.574481e+02 6.776754e+02 5.660627e+02 4.918366e+02 2.903630e+02 2.706416e+02 2.689918e+02 2.678318e+02
5.004067e+04 5.004067e+04 5.004067e+04 5.004067e+04 5.004066e+04 5.004057e+04 5.004026e+04 5.003911e+04 5.003842e+04 5.003777e+04 5.003690e+04 5.003683e+04 5.003670e+04 5.003189e+04 5.000975e+04 4.994496e+04 4.979593e+04 4.533436e+04 3.137844e+04 1.734579e+04 9.486368e+03 5.645989e+03 3.686325e+03 1.952395e+03 1.257456e+03 9.154795e+02 7.223056e+02 6.022126e+02 5.222144e+02 3.021861e+02 2.775412e+02 2.735318e+02 2.708713e+02
5.312382e+04 5.312382e+04 5.312382e+04 5.312383e+04 5.312384e+04 5.312430e+04 5.312572e+04 5.313141e+04 5.313566e+04 5.314086e+04 5.315396e+04 5.317031e+04 5.318830e+04 5.320243e+04 5.319869e+04 5.314973e+04 5.301088e+04 4.834309e+04 3.350451e+04 1.853783e+04 1.014395e+04 6.038956e+03 3.942959e+03 2.087155e+03 1.342724e+03 9.760716e+02 7.687507e+02 6.397071e+02 5.536199e+02 3.141432e+02 2.844276e+02 2.780303e+02 2.738832e+02
5.689468e+04 5.689468e+04 5.689468e+04 5.689468e+04 5.689469e+04 5.689491e+04 5.689560e+04 5.689842e+04 5.690063e+04 5.690343e+04 5.691090e+04 5.692084e+04 5.693205e+04 5.693906e+04 5.692732e+04 5.686781e+04 5.671296e+04 5.170266e+04 3.583120e+04 1.982548e+04 1.084796e+04 6.456905e+03 4.214510e+03 2.228650e+03 1.431742e+03 1.039036e+03 8.168230e+02 6.783795e+02 5.859099e+02 3.261979e+02 2.912872e+02 2.824793e+02 2.768621e+02
6.102741e+04 6.102741e+04 6.102741e+04 6.102741e+04 6.102742e+04 6.102764e+04 6.102833e+04 6.103110e+04 6.103321e+04 6.103583e+04 6.104260e+04 6.105133e+04 6.106070e+04 6.106486e+04 6.104822e+04 6.097976e+04 6.080853e+04 5.540726e+04 3.837476e+04 2.121885e+04 1.160248e+04 6.901174e+03 4.501213e+03 2.376546e+03 1.524141e+03 1.104056e+03 8.662639e+02 7.180192e+02 6.189120e+02 3.383116e+02 2.981065e+02 2.868712e+02 2.798028e+02
6.541582e+04 6.541582e+04 6.541582e+04 6.541582e+04 6.541583e+04 6.541614e+04 6.541708e+04 6.542086e+04 6.542369e+04 6.542714e+04 6.543588e+04 6.544675e+04 6.545806e+04 6.546325e+04 6.544534e+04 6.537083e+04 6.518498e+04 5.936774e+04 4.108425e+04 2.269497e+04 1.239720e+04 7.366602e+03 4.800154e+03 2.529586e+03 1.619212e+03 1.170664e+03 9.167369e+02 7.583711e+02 6.524264e+02 3.504444e+02 3.048716e+02 2.911986e+02 2.827000e+02
7.014766e+04 7.014766e+04 7.014766e+04 7.014766e+04 7.014765e+04 7.014752e+04 7.014711e+04 7.014568e+04 7.014485e+04 7.014403e+04 7.014263e+04 7.014150e+04 7.013918e+04 7.012902e+04 7.009317e+04 6.999611e+04 6.977955e+04 6.347316e+04 4.387525e+04 2.421151e+04 1.321264e+04 7.843674e+03 5.106211e+03 2.685819e+03 1.715971e+03 1.238266e+03 9.678397e+02 7.991435e+02 6.862312e+02 3.625549e+02 3.115687e+02 2.954543e+02 2.855489e+02
7.461235e+04 7.461235e+04 7.461235e+04 7.461234e+04 7.461234e+04 7.461220e+04 7.461178e+04 7.461009e+04 7.460886e+04 7.460743e+04 7.460417e+04 7.460052e+04 7.459514e+04 7.458111e+04 7.453960e+04 7.443292e+04 7.419915e+04 6.747685e+04 4.662861e+04 2.572021e+04 1.402840e+04 8.322561e+03 5.414006e+03 2.843099e+03 1.813315e+03 1.306199e+03 1.019133e+03 8.400237e+02 7.200927e+02 3.746018e+02 3.181839e+02 2.996316e+02 2.883448e+02
7.869838e+04 7.869838e+04 7.869838e+04 7.869838e+04 7.869839e+04 7.869867e+04 7.869957e+04 7.870315e+04 7.870583e+04 7.870909e+04 7.871724e+04 7.872713e+04 7.873668e+04 7.873799e+04 7.871061e+04 7.861426e+04 7.838313e+04 7.133967e+04 4.931805e+04 2.720489e+04 1.483477e+04 8.797217e+03 5.719586e+03 2.999501e+03 1.910168e+03 1.373798e+03 1.070172e+03 8.806962e+02 7.537761e+02 3.865439e+02 3.247036e+02 3.037241e+02 2.910831e+02
8.307864e+04 8.307864e+04 8.307864e+04 8.307865e+04 8.307865e+04 8.307894e+04 8.307976e+04 8.308241e+04 8.308414e+04 8.308612e+04 8.309078e+04 8.309617e+04 8.310039e+04 8.309543e+04 8.305998e+04 8.295173e+04 8.270140e+04 7.524342e+04 5.200022e+04 2.867458e+04 1.562989e+04 9.264395e+03 6.020150e+03 3.153376e+03 2.005551e+03 1.440442e+03 1.120535e+03 9.208608e+02 7.870578e+02 3.983408e+02 3.311144e+02 3.077256e+02 2.937597e+02
8.750428e+04 8.750428e+04 8.750428e+04 8.750428e+04 8.750428e+04 8.750422e+04 8.750404e+04 8.750329e+04 8.750273e+04 8.750204e+04 8.750029e+04 8.749788e+04 8.749298e+04 8.747730e+04 8.742862e+04 8.730266e+04 8.702673e+04 7.912046e+04 5.464261e+04 3.011382e+04 1.640564e+04 9.719301e+03 6.312612e+03 3.303202e+03 2.098592e+03 1.505579e+03 1.169850e+03 9.602481e+02 8.197349e+02 4.099538e+02 3.374033e+02 3.116305e+02 2.963704e+02
9.156590e+04 9.156590e+04 9.156590e+04 9.156590e+04 9.156590e+04 9.156586e+04 9.156574e+04 9.156526e+04 9.156489e+04 9.156442e+04 9.156318e+04 9.156130e+04 9.155672e+04 9.154065e+04 9.148968e+04 9.135737e+04 9.106758e+04 8.278147e+04 5.715515e+04 3.148795e+04 1.714819e+04 1.015558e+04 6.593575e+03 3.447620e+03 2.188568e+03 1.568758e+03 1.217805e+03 9.986313e+02 8.516332e+02 4.213457e+02 3.435576e+02 3.154335e+02 2.989116e+02
9.531300e+04 9.531300e+04 9.531300e+04 9.531300e+04 9.531300e+04 9.531296e+04 9.531284e+04 9.531234e+04 9.531197e+04 9.531151e+04 9.531035e+04 9.530865e+04 9.530430e+04 9.528815e+04 9.523584e+04 9.509897e+04 9.479827e+04 8.617671e+04 5.949953e+04 3.277767e+04 1.784863e+04 1.056883e+04 6.860641e+03 3.585671e+03 2.274967e+03 1.629652e+03 1.264168e+03 1.035833e+03 8.826123e+02 4.324818e+02 3.495652e+02 3.191295e+02 3.013798e+02
9.878330e+04 9.878330e+04 9.878330e+04 9.878330e+04 9.878330e+04 9.878330e+04 9.878328e+04 9.878320e+04 9.878314e+04 9.878306e+04 9.878283e+04 9.878222e+04 9.877901e+04 9.876369e+04 9.871098e+04 9.857072e+04 9.826071e+04 8.933273e+04 6.168450e+04 3.398391e+04 1.850623e+04 1.095823e+04 7.113156e+03 3.716969e+03 2.357532e+03 1.688071e+03 1.308788e+03 1.071730e+03 9.125666e+02 4.433299e+02 3.554148e+02 3.227141e+02 3.037719e+02
1.020452e+05 1.020452e+05 1.020452e+05 1.020452e+05 1.020452e+05 1.020452e+05 1.020452e+05 1.020451e+05 1.020450e+05 1.020449e+05 1.020447e+05 1.020443e+05 1.020413e+05 1.020260e+05 1.019723e+05 1.018283e+05 1.015092e+05 9.229316e+04 6.373518e+04 3.511743e+04 1.912528e+04 1.132559e+04 7.351905e+03 3.841651e+03 2.436243e+03 1.743950e+03 1.351590e+03 1.106244e+03 9.414234e+02 4.538602e+02 3.610957e+02 3.261832e+02 3.060850e+02
1.051310e+05 1.051310e+05 1.051310e+05 1.051310e+05 1.051310e+05 1.051311e+05 1.051311e+05 1.051314e+05 1.051316e+05 1.051318e+05 1.051324e+05 1.051328e+05 1.051308e+05 1.051161e+05 1.050619e+05 1.049148e+05 1.045873e+05 9.509838e+04 6.567782e+04 3.619107e+04 1.971174e+04 1.167379e+04 7.578384e+03 3.960178e+03 2.511247e+03 1.797321e+03 1.392557e+03 1.139340e+03 9.691374e+02 4.640459e+02 3.665977e+02 3.295329e+02 3.083165e+02
1.080943e+05 1.080943e+05 1.080943e+05 1.080943e+05 1.080943e+05 1.080943e+05 1.080944e+05 1.080946e+05 1.080948e+05 1.080951e+05 1.080956e+05 1.080961e+05 1.080941e+05 1.080792e+05 1.080236e+05 1.078727e+05 1.075362e+05 9.778246e+04 6.753433e+04 3.721597e+04 2.027108e+04 1.200567e+04 7.794178e+03 4.073122e+03 2.582773e+03 1.848272e+03 1.431711e+03 1.171008e+03 9.956837e+02 4.738630e+02 3.719118e+02 3.327601e+02 3.104642e+02
1.109483e+05 1.109483e+05 1.109483e+05 1.109483e+05 1.109483e+05 1.109484e+05 1.109484e+05 1.109487e+05 1.109490e+05 1.109492e+05 1.109499e+05 1.109505e+05 1.109485e+05 1.109333e+05 1.108764e+05 1.107215e+05 1.103763e+05 1.003654e+05 6.931870e+04 3.819971e+04 2.080722e+04 1.232340e+04 8.000565e+03 4.180997e+03 2.651047e+03 1.896904e+03 1.469093e+03 1.201254e+03 1.021050e+03 4.832900e+02 3.770296e+02 3.358618e+02 3.125262e+02
1.137056e+05 1.137056e+05 1.137056e+05 1.137056e+05 1.137056e+05 1.137057e+05 1.137057e+05 1.137060e+05 1.137062e+05 1.137064e+05 1.137070e+05 1.137074e+05 1.137052e+05 1.136893e+05 1.136307e+05 1.134716e+05 1.131175e+05 1.028561e+05 7.103753e+04 3.914616e+04 2.132237e+04 1.262830e+04 8.198375e+03 4.284177e+03 2.716255e+03 1.943307e+03 1.504740e+03 1.230087e+03 1.045229e+03 4.923082e+02 3.819438e+02 3.388355e+02 3.145007e+02
1.163631e+05 1.163631e+05 1.163631e+05 1.163631e+05 1.163631e+05 1.163631e+05 1.163631e+05 1.163633e+05 1.163634e+05 1.163635e+05 1.163639e+05 1.163641e+05 1.163614e+05 1.163448e+05 1.162844e+05 1.161211e+05 1.157582e+05 1.052545e+05 7.269167e+04 4.005625e+04 2.181727e+04 1.292091e+04 8.388002e+03 4.382876e+03 2.778511e+03 1.987538e+03 1.538678e+03 1.257514e+03 1.068214e+03 5.009014e+02 3.866479e+02 3.416793e+02 3.163865e+02
1.189130e+05 1.189130e+05 1.189130e+05 1.189130e+05 1.189130e+05 1.189130e+05 1.189131e+05 1.189132e+05 1.189133e+05 1.189134e+05 1.189137e+05 1.189136e+05 1.189107e+05 1.188934e+05 1.188314e+05 1.186642e+05 1.182929e+05 1.075565e+05 7.427902e+04 4.092928e+04 2.229174e+04 1.320123e+04 8.569513e+03 4.477162e+03 2.837859e+03 2.029621e+03 1.570912e+03 1.283528e+03 1.089994e+03 5.090559e+02 3.911363e+02 3.443914e+02 3.181823e+02
1.213524e+05 1.213524e+05 1.213524e+05 1.213524e+05 1.213524e+05 1.213524e+05 1.213524e+05 1.213524e+05 1.213524e+05 1.213524e+05 1.213525e+05 1.213522e+05 1.213489e+05 1.213309e+05 1.212672e+05 1.210962e+05 1.207168e+05 1.097578e+05 7.579674e+04 4.176387e+04 2.274517e+04 1.346900e+04 8.742771e+03 4.566996e+03 2.894280e+03 2.069540e+03 1.601427e+03 1.308112e+03 1.110549e+03 5.167605e+02 3.954045e+02 3.469706e+02 3.198875e+02
1.236739e+05 1.236739e+05 1.236739e+05 1.236739e+05 1.236739e+05 1.236739e+05 1.236739e+05 1.236739e+05 1.236739e+05 1.236739e+05 1.236739e+05 1.236735e+05 1.236699e+05 1.236514e+05 1.235862e+05 1.234116e+05 1.230246e+05 1.118539e+05 7.724203e+04 4.255855e+04 2.317682e+04 1.372377e+04 8.907511e+03 4.652251e+03 2.947701e+03 2.107245e+03 1.630185e+03 1.331237e+03 1.129854e+03 5.240060e+02 3.994490e+02 3.494162e+02 3.215015e+02
1.258767e+05 1.258767e+05 1.258767e+05 1.258767e+05 1.258767e+05 1.258767e+05 1.258767e+05 1.258766e+05 1.258765e+05 1.258764e+05 1.258762e+05 1.258755e+05 1.258717e+05 1.258525e+05 1.257859e+05 1.256078e+05 1.252135e+05 1.138418e+05 7.861250e+04 4.331189e+04 2.358582e+04 1.396502e+04 9.063374e+03 4.732734e+03 2.998001e+03 2.142653e+03 1.657126e+03 1.352858e+03 1.147876e+03 5.307861e+02 4.032672e+02 3.517276e+02 3.230240e+02
1.279555e+05 1.279555e+05 1.279555e+05 1.279555e+05 1.279555e+05 1.279555e+05 1.279555e+05 1.279554e+05 1.279553e+05 1.279552e+05 1.279549e+05 1.279541e+05 1.279500e+05 1.279304e+05 1.278624e+05 1.276810e+05 1.272799e+05 1.157181e+05 7.990554e+04 4.402222e+04 2.397114e+04 1.419206e+04 9.209876e+03 4.808173e+03 3.045012e+03 2.175654e+03 1.682176e+03 1.372921e+03 1.164577e+03 5.370964e+02 4.068575e+02 3.539048e+02 3.244551e+02
1.299089e+05 1.299089e+05 1.299089e+05 1.299089e+05 1.299089e+05 1.299089e+05 1.299088e+05 1.299086e+05 1.299084e+05 1.299082e+05 1.299076e+05 1.299065e+05 1.299020e+05 1.298817e+05 1.298122e+05 1.296276e+05 1.292198e+05 1.174784e+05 8.111745e+04 4.468713e+04 2.433128e+04 1.440393e+04 9.346354e+03 4.878215e+03 3.088519e+03 2.206112e+03 1.705243e+03 1.391367e+03 1.179914e+03 5.429352e+02 4.102192e+02 3.559482e+02 3.257948e+02
1.317274e+05 1.317274e+05 1.317274e+05 1.317274e+05 1.317274e+05 1.317274e+05 1.317273e+05 1.317271e+05 1.317269e+05 1.317267e+05 1.317260e+05 1.317247e+05 1.317199e+05 1.316989e+05 1.316278e+05 1.314400e+05 1.310257e+05 1.191145e+05 8.224152e+04 4.530254e+04 2.466392e+04 1.459921e+04 9.471906e+03 4.942410e+03 3.128270e+03 2.233871e+03 1.726230e+03 1.408132e+03 1.193847e+03 5.483030e+02 4.133527e+02 3.578583e+02 3.270437e+02
1.334018e+05 1.334018e+05 1.334018e+05 1.334018e+05 1.334018e+05 1.334017e+05 1.334015e+05 1.334008e+05 1.334002e+05 1.333995e+05 1.333977e+05 1.333951e+05 1.333887e+05 1.333657e+05 1.332920e+05 1.331000e+05 1.326785e+05 1.206079e+05 8.326535e+04 4.586199e+04 2.496573e+04 1.477606e+04 9.585386e+03 5.000234e+03 3.163982e+03 2.258768e+03 1.745038e+03 1.423155e+03 1.206339e+03 5.532031e+02 4.162591e+02 3.596363e+02 3.282024e+02
1.348733e+05 1.348733e+05 1.348733e+05 1.348733e+05 1.348733e+05 1.348732e+05 1.348730e+05 1.348722e+05 1.348716e+05 1.348709e+05 1.348690e+05 1.348663e+05 1.348596e+05 1.348361e+05 1.347612e+05 1.345664e+05 1.341396e+05 1.219306e+05 8.417276e+04 4.635762e+04 2.523282e+04 1.493233e+04 9.685515e+03 5.051127e+03 3.195371e+03 2.280648e+03 1.761580e+03 1.436387e+03 1.217364e+03 5.576412e+02 4.189406e+02 3.612834e+02 3.292718e+02
1.361385e+05 1.361385e+05 1.361385e+05 1.361385e+05 1.361385e+05 1.361384e+05 1.361382e+05 1.361372e+05 1.361365e+05 1.361356e+05 1.361333e+05 1.361301e+05 1.361228e+05 1.360985e+05 1.360223e+05 1.358250e+05 1.353935e+05 1.230658e+05 8.495137e+04 4.678251e+04 2.546148e+04 1.506594e+04 9.771027e+03 5.094557e+03 3.222186e+03 2.299385e+03 1.775793e+03 1.447800e+03 1.226911e+03 5.616255e+02 4.214000e+02 3.628013e+02 3.302528e+02
1.371828e+05 1.371828e+05 1.371828e+05 1.371828e+05 1.371828e+05 1.371827e+05 1.371824e+05 1.371815e+05 1.371807e+05 1.371798e+05 1.371775e+05 1.371741e+05 1.371667e+05 1.371419e+05 1.370646e+05 1.368653e+05 1.364297e+05 1.240020e+05 8.559120e+04 4.713045e+04 2.564825e+04 1.517494e+04 9.840786e+03 5.130091e+03 3.244249e+03 2.314908e+03 1.787653e+03 1.457391e+03 1.234989e+03 5.651666e+02 4.236412e+02 3.641919e+02 3.311467e+02
1.380071e+05 1.380071e+05 1.380071e+05 1.380071e+05 1.380071e+05 1.380069e+05 1.380065e+05 1.380049e+05 1.380038e+05 1.380024e+05 1.379989e+05 1.379940e+05 1.379848e+05 1.379579e+05 1.378780e+05 1.376751e+05 1.372345e+05 1.247207e+05 8.607819e+04 4.739406e+04 2.578964e+04 1.525761e+04 9.893923e+03 5.157492e+03 3.261506e+03 2.327223e+03 1.797188e+03 1.465194e+03 1.241632e+03 5.682777e+02 4.256686e+02 3.654575e+02 3.319549e+02
1.385394e+05 1.385394e+05 1.385394e+05 1.385394e+05 1.385394e+05 1.385393e+05 1.385388e+05 1.385369e+05 1.385355e+05 1.385338e+05 1.385294e+05 1.385233e+05 1.385126e+05 1.384840e+05 1.384020e+05 1.381964e+05 1.377520e+05 1.251823e+05 8.639236e+04 4.756583e+04 2.588303e+04 1.531311e+04 9.930206e+03 5.176850e+03 3.274081e+03 2.336440e+03 1.804486e+03 1.471282e+03 1.246899e+03 5.709739e+02 4.274874e+02 3.666004e+02 3.326787e+02
1.387221e+05 1.387221e+05 1.387221e+05 1.387221e+05 1.387221e+05 1.387219e+05 1.387215e+05 1.387196e+05 1.387182e+05 1.387165e+05 1.387124e+05 1.387069e+05 1.386971e+05 1.386697e+05 1.385891e+05 1.383851e+05 1.379422e+05 1.253664e+05 8.652852e+04 4.764615e+04 2.592981e+04 1.534265e+04 9.950579e+03 5.188710e+03 3.282307e+03 2.342775e+03 1.809699e+03 1.475766e+03 1.250876e+03 5.732725e+02 4.291032e+02 3.676235e+02 3.333199e+02
