1.261695e+05 1.457403e+05 1.577658e+05 1.807854e+05 1.925645e+05 2.526143e+05 3.184232e+05 4.310182e+05 4.806137e+05 5.275082e+05 6.160483e+05 6.986652e+05 7.744697e+05 8.425089e+05 9.025441e+05 9.549174e+05 1.000277e+06 1.147473e+06 1.212989e+06 1.237274e+06 1.239616e+06 1.229898e+06 1.213710e+06 1.174356e+06 1.136597e+06 1.106611e+06 1.086855e+06 1.078172e+06 1.080613e+06 1.521395e+06 2.014819e+06 2.210129e+06 2.213594e+06
3.238584e+05 3.238611e+05 3.238692e+05 3.241018e+05 3.247375e+05 3.401375e+05 3.808834e+05 4.701338e+05 5.148257e+05 5.580187e+05 6.412175e+05 7.200385e+05 7.928924e+05 8.585092e+05 9.164962e+05 9.671106e+05 1.010948e+06 1.152980e+06 1.215777e+06 1.238581e+06 1.240102e+06 1.229930e+06 1.213500e+06 1.173988e+06 1.136266e+06 1.106389e+06 1.086770e+06 1.078236e+06 1.080827e+06 1.522559e+06 2.015770e+06 2.210594e+06 2.213703e+06
4.455579e+05 4.455589e+05 4.455620e+05 4.456554e+05 4.459266e+05 4.519713e+05 4.709278e+05 5.323497e+05 5.636204e+05 5.984253e+05 6.724831e+05 7.456076e+05 8.143154e+05 8.766983e+05 9.320641e+05 9.805051e+05 1.022514e+06 1.158673e+06 1.218561e+06 1.239832e+06 1.240525e+06 1.229905e+06 1.213243e+06 1.173590e+06 1.135916e+06 1.106157e+06 1.086682e+06 1.078300e+06 1.081045e+06 1.523734e+06 2.016725e+06 2.211060e+06 2.213811e+06
5.470712e+05 5.470717e+05 5.470734e+05 5.471235e+05 5.472709e+05 5.509149e+05 5.590528e+05 6.013615e+05 6.267870e+05 6.522841e+05 7.095470e+05 7.741368e+05 8.377038e+05 8.963018e+05 9.486743e+05 9.946705e+05 1.034647e+06 1.164444e+06 1.221293e+06 1.241006e+06 1.240873e+06 1.229816e+06 1.212933e+06 1.173159e+06 1.135546e+06 1.105915e+06 1.086590e+06 1.078365e+06 1.081267e+06 1.524919e+06 2.017685e+06 2.211527e+06 2.213919e+06
6.313470e+05 6.313473e+05 6.313483e+05 6.313787e+05 6.314685e+05 6.337714e+05 6.387661e+05 6.620665e+05 6.834517e+05 7.067297e+05 7.548740e+05 8.073044e+05 8.628661e+05 9.167928e+05 9.658079e+05 1.009168e+06 1.046993e+06 1.170174e+06 1.223926e+06 1.242078e+06 1.241134e+06 1.229656e+06 1.212567e+06 1.172693e+06 1.135157e+06 1.105662e+06 1.086494e+06 1.078431e+06 1.081493e+06 1.526114e+06 2.018650e+06 2.211994e+06 2.214026e+06
7.012454e+05 7.012456e+05 7.012463e+05 7.012661e+05 7.013247e+05 7.028500e+05 7.062701e+05 7.187099e+05 7.333996e+05 7.533028e+05 7.986542e+05 8.450730e+05 8.920497e+05 9.387489e+05 9.834227e+05 1.023782e+06 1.059302e+06 1.175741e+06 1.226408e+06 1.243026e+06 1.241296e+06 1.229420e+06 1.212142e+06 1.172193e+06 1.134748e+06 1.105399e+06 1.086394e+06 1.078497e+06 1.081723e+06 1.527320e+06 2.019618e+06 2.212462e+06 2.214132e+06
7.592136e+05 7.592137e+05 7.592142e+05 7.592275e+05 7.592670e+05 7.603004e+05 7.626963e+05 7.701400e+05 7.794014e+05 7.945060e+05 8.360226e+05 8.807288e+05 9.234482e+05 9.640439e+05 1.002560e+06 1.038796e+06 1.071595e+06 1.181042e+06 1.228691e+06 1.243826e+06 1.241347e+06 1.229099e+06 1.211654e+06 1.171656e+06 1.134319e+06 1.105125e+06 1.086291e+06 1.078565e+06 1.081957e+06 1.528536e+06 2.020591e+06 2.212931e+06 2.214238e+06
8.072846e+05 8.072847e+05 8.072850e+05 8.072945e+05 8.073228e+05 8.080753e+05 8.098269e+05 8.149967e+05 8.210994e+05 8.321266e+05 8.678873e+05 9.112226e+05 9.526694e+05 9.901011e+05 1.024140e+06 1.055428e+06 1.084352e+06 1.186020e+06 1.230731e+06 1.244456e+06 1.241276e+06 1.228689e+06 1.211098e+06 1.171082e+06 1.133868e+06 1.104841e+06 1.086183e+06 1.078633e+06 1.082196e+06 1.529763e+06 2.021569e+06 2.213400e+06 2.214343e+06
8.474956e+05 8.474957e+05 8.474959e+05 8.475028e+05 8.475232e+05 8.480516e+05 8.492870e+05 8.532206e+05 8.577644e+05 8.661369e+05 8.960860e+05 9.367424e+05 9.776965e+05 1.014100e+06 1.045718e+06 1.073624e+06 1.098709e+06 1.190678e+06 1.232499e+06 1.244897e+06 1.241071e+06 1.228183e+06 1.210472e+06 1.170468e+06 1.133395e+06 1.104546e+06 1.086071e+06 1.078702e+06 1.082438e+06 1.531001e+06 2.022550e+06 2.213870e+06 2.214447e+06
8.808366e+05 8.808367e+05 8.808368e+05 8.808422e+05 8.808580e+05 8.812587e+05 8.821766e+05 8.853999e+05 8.892581e+05 8.961744e+05 9.215265e+05 9.585956e+05 9.984395e+05 1.034651e+06 1.065419e+06 1.091444e+06 1.113929e+06 1.195112e+06 1.233981e+06 1.245134e+06 1.240725e+06 1.227576e+06 1.209773e+06 1.169814e+06 1.132901e+06 1.104239e+06 1.085956e+06 1.078772e+06 1.082686e+06 1.532249e+06 2.023536e+06 2.214341e+06 2.214551e+06
9.086037e+05 9.086037e+05 9.086038e+05 9.086078e+05 9.086193e+05 9.089130e+05 9.095854e+05 9.123426e+05 9.159346e+05 9.221680e+05 9.444188e+05 9.778600e+05 1.015739e+06 1.051573e+06 1.082255e+06 1.107581e+06 1.128595e+06 1.199531e+06 1.235187e+06 1.245159e+06 1.240230e+06 1.226863e+06 1.208997e+06 1.169119e+06 1.132384e+06 1.103922e+06 1.085836e+06 1.078842e+06 1.082937e+06 1.533508e+06 2.024527e+06 2.214812e+06 2.214654e+06
1.024904e+06 1.024904e+06 1.024904e+06 1.024904e+06 1.024907e+06 1.024958e+06 1.025061e+06 1.026649e+06 1.029905e+06 1.035646e+06 1.053853e+06 1.077128e+06 1.101197e+06 1.124008e+06 1.145090e+06 1.164474e+06 1.182130e+06 1.238266e+06 1.247786e+06 1.239892e+06 1.228345e+06 1.214072e+06 1.196950e+06 1.159800e+06 1.125940e+06 1.100119e+06 1.084427e+06 1.079620e+06 1.085722e+06 1.546690e+06 2.034665e+06 2.219556e+06 2.215642e+06
1.026608e+06 1.026608e+06 1.026608e+06 1.026608e+06 1.026609e+06 1.026625e+06 1.026664e+06 1.028055e+06 1.031057e+06 1.036401e+06 1.053575e+06 1.075920e+06 1.099182e+06 1.120735e+06 1.139518e+06 1.155437e+06 1.168866e+06 1.213813e+06 1.235360e+06 1.234925e+06 1.220674e+06 1.201522e+06 1.182032e+06 1.147246e+06 1.117487e+06 1.095307e+06 1.082717e+06 1.080597e+06 1.089066e+06 1.560969e+06 2.045220e+06 2.224347e+06 2.216551e+06
1.013969e+06 1.013969e+06 1.013969e+06 1.013969e+06 1.013970e+06 1.013987e+06 1.014036e+06 1.015339e+06 1.018052e+06 1.022854e+06 1.038294e+06 1.058512e+06 1.079819e+06 1.099893e+06 1.117687e+06 1.132917e+06 1.145685e+06 1.183610e+06 1.201660e+06 1.209463e+06 1.205820e+06 1.192748e+06 1.174778e+06 1.137739e+06 1.109091e+06 1.090315e+06 1.081110e+06 1.082013e+06 1.093135e+06 1.576364e+06 2.056174e+06 2.229168e+06 2.217371e+06
1.007714e+06 1.007714e+06 1.007714e+06 1.007715e+06 1.007715e+06 1.007729e+06 1.007770e+06 1.008919e+06 1.011302e+06 1.015520e+06 1.029105e+06 1.046954e+06 1.065859e+06 1.083807e+06 1.099892e+06 1.113851e+06 1.125732e+06 1.161101e+06 1.174761e+06 1.180959e+06 1.181967e+06 1.176607e+06 1.165359e+06 1.134420e+06 1.105834e+06 1.087366e+06 1.080635e+06 1.084413e+06 1.098256e+06 1.592884e+06 2.067504e+06 2.234002e+06 2.218090e+06
1.010963e+06 1.010963e+06 1.010963e+06 1.010963e+06 1.010964e+06 1.010976e+06 1.011014e+06 1.012004e+06 1.014046e+06 1.017664e+06 1.029331e+06 1.044692e+06 1.061006e+06 1.076550e+06 1.090551e+06 1.102788e+06 1.113301e+06 1.145510e+06 1.157099e+06 1.160362e+06 1.160464e+06 1.157848e+06 1.151796e+06 1.130863e+06 1.107117e+06 1.089893e+06 1.083422e+06 1.088857e+06 1.105032e+06 1.610532e+06 2.079184e+06 2.238828e+06 2.218697e+06
1.020361e+06 1.020361e+06 1.020361e+06 1.020361e+06 1.020362e+06 1.020373e+06 1.020409e+06 1.021263e+06 1.023000e+06 1.026069e+06 1.035968e+06 1.049007e+06 1.062867e+06 1.076090e+06 1.088023e+06 1.098482e+06 1.107505e+06 1.135681e+06 1.145934e+06 1.147512e+06 1.145730e+06 1.142683e+06 1.138481e+06 1.125511e+06 1.109096e+06 1.095953e+06 1.091266e+06 1.097288e+06 1.114499e+06 1.629307e+06 2.091182e+06 2.243628e+06 2.219183e+06
1.035673e+06 1.035673e+06 1.035673e+06 1.035673e+06 1.035673e+06 1.035681e+06 1.035707e+06 1.036381e+06 1.037778e+06 1.040264e+06 1.048322e+06 1.058977e+06 1.070328e+06 1.081177e+06 1.090986e+06 1.099600e+06 1.107050e+06 1.130593e+06 1.139400e+06 1.140210e+06 1.137255e+06 1.133133e+06 1.128897e+06 1.120137e+06 1.110672e+06 1.103313e+06 1.102226e+06 1.110212e+06 1.128306e+06 1.649211e+06 2.103463e+06 2.248378e+06 2.219536e+06
1.053142e+06 1.053142e+06 1.053142e+06 1.053142e+06 1.053142e+06 1.053151e+06 1.053179e+06 1.053729e+06 1.054843e+06 1.056824e+06 1.063257e+06 1.071782e+06 1.080876e+06 1.089579e+06 1.097453e+06 1.104375e+06 1.110366e+06 1.129382e+06 1.136601e+06 1.137011e+06 1.133652e+06 1.128868e+06 1.124164e+06 1.117001e+06 1.112610e+06 1.111215e+06 1.114935e+06 1.126121e+06 1.146125e+06 1.670252e+06 2.115992e+06 2.253057e+06 2.219743e+06
1.074518e+06 1.074518e+06 1.074518e+06 1.074518e+06 1.074519e+06 1.074526e+06 1.074550e+06 1.074963e+06 1.075787e+06 1.077256e+06 1.082054e+06 1.088440e+06 1.095272e+06 1.101822e+06 1.107758e+06 1.112982e+06 1.117508e+06 1.131890e+06 1.137315e+06 1.137342e+06 1.134007e+06 1.129112e+06 1.124177e+06 1.117529e+06 1.116327e+06 1.120008e+06 1.128854e+06 1.144101e+06 1.166876e+06 1.692457e+06 2.128730e+06 2.257642e+06 2.219794e+06
1.098520e+06 1.098520e+06 1.098520e+06 1.098520e+06 1.098520e+06 1.098528e+06 1.098552e+06 1.098853e+06 1.099416e+06 1.100417e+06 1.103701e+06 1.108093e+06 1.112807e+06 1.117334e+06 1.121440e+06 1.125054e+06 1.128182e+06 1.138048e+06 1.141569e+06 1.141120e+06 1.137963e+06 1.133344e+06 1.128558e+06 1.122320e+06 1.123060e+06 1.130583e+06 1.144134e+06 1.163742e+06 1.189892e+06 1.715873e+06 2.141639e+06 2.262108e+06 2.219677e+06
1.126639e+06 1.126639e+06 1.126639e+06 1.126639e+06 1.126639e+06 1.126646e+06 1.126667e+06 1.126836e+06 1.127123e+06 1.127638e+06 1.129368e+06 1.131729e+06 1.134291e+06 1.136768e+06 1.139023e+06 1.141010e+06 1.142728e+06 1.148024e+06 1.149546e+06 1.148505e+06 1.145532e+06 1.141387e+06 1.137058e+06 1.131537e+06 1.133613e+06 1.143890e+06 1.161330e+06 1.185076e+06 1.214829e+06 1.740584e+06 2.154680e+06 2.266433e+06 2.219379e+06
1.158017e+06 1.158017e+06 1.158017e+06 1.158017e+06 1.158017e+06 1.158024e+06 1.158045e+06 1.158097e+06 1.158124e+06 1.158177e+06 1.158425e+06 1.158844e+06 1.159349e+06 1.159868e+06 1.160353e+06 1.160784e+06 1.161150e+06 1.162027e+06 1.161532e+06 1.159802e+06 1.156941e+06 1.153322e+06 1.149629e+06 1.145197e+06 1.148425e+06 1.160680e+06 1.181120e+06 1.208427e+06 1.241632e+06 1.766717e+06 2.167819e+06 2.270593e+06 2.218890e+06
1.194543e+06 1.194543e+06 1.194543e+06 1.194543e+06 1.194544e+06 1.194551e+06 1.194572e+06 1.194506e+06 1.194266e+06 1.193846e+06 1.192571e+06 1.190992e+06 1.189379e+06 1.187876e+06 1.186534e+06 1.185355e+06 1.184323e+06 1.180608e+06 1.177963e+06 1.175401e+06 1.172525e+06 1.169381e+06 1.166381e+06 1.163309e+06 1.167708e+06 1.181455e+06 1.204106e+06 1.234244e+06 1.270455e+06 1.794477e+06 2.181027e+06 2.274566e+06 2.218199e+06
1.236220e+06 1.236220e+06 1.236220e+06 1.236220e+06 1.236220e+06 1.236229e+06 1.236256e+06 1.236092e+06 1.235597e+06 1.234713e+06 1.231924e+06 1.228343e+06 1.224599e+06 1.221056e+06 1.217865e+06 1.215054e+06 1.212597e+06 1.204153e+06 1.199211e+06 1.195659e+06 1.192616e+06 1.189837e+06 1.187496e+06 1.185910e+06 1.191548e+06 1.206498e+06 1.230728e+06 1.262953e+06 1.301559e+06 1.824235e+06 2.194276e+06 2.278330e+06 2.217294e+06
1.284220e+06 1.284220e+06 1.284220e+06 1.284220e+06 1.284220e+06 1.284228e+06 1.284251e+06 1.283946e+06 1.283158e+06 1.281760e+06 1.277337e+06 1.271625e+06 1.265626e+06 1.259935e+06 1.254801e+06 1.250279e+06 1.246332e+06 1.232936e+06 1.225540e+06 1.220848e+06 1.217482e+06 1.214931e+06 1.213160e+06 1.213047e+06 1.219958e+06 1.235927e+06 1.261250e+06 1.294886e+06 1.335212e+06 1.855979e+06 2.207551e+06 2.281866e+06 2.216166e+06
1.337617e+06 1.337617e+06 1.337617e+06 1.337617e+06 1.337618e+06 1.337628e+06 1.337657e+06 1.337244e+06 1.336181e+06 1.334288e+06 1.328259e+06 1.320434e+06 1.312189e+06 1.304349e+06 1.297266e+06 1.291019e+06 1.285566e+06 1.267102e+06 1.257120e+06 1.251146e+06 1.247308e+06 1.244838e+06 1.243514e+06 1.244749e+06 1.252897e+06 1.269739e+06 1.295777e+06 1.330241e+06 1.371625e+06 1.889246e+06 2.220842e+06 2.285155e+06 2.214804e+06
1.397731e+06 1.397731e+06 1.397731e+06 1.397732e+06 1.397732e+06 1.397740e+06 1.397762e+06 1.397192e+06 1.395816e+06 1.393376e+06 1.385615e+06 1.375534e+06 1.364901e+06 1.354787e+06 1.345645e+06 1.337581e+06 1.330543e+06 1.306757e+06 1.294030e+06 1.286634e+06 1.282180e+06 1.279644e+06 1.278625e+06 1.281001e+06 1.290269e+06 1.307834e+06 1.334278e+06 1.369080e+06 1.410917e+06 1.923664e+06 2.234153e+06 2.288183e+06 2.213202e+06
1.463001e+06 1.463001e+06 1.463001e+06 1.463001e+06 1.463001e+06 1.463010e+06 1.463036e+06 1.462343e+06 1.460674e+06 1.457710e+06 1.448263e+06 1.435968e+06 1.422985e+06 1.410622e+06 1.399438e+06 1.389566e+06 1.380944e+06 1.351780e+06 1.336206e+06 1.327272e+06 1.322071e+06 1.319323e+06 1.318461e+06 1.321716e+06 1.331918e+06 1.350032e+06 1.376617e+06 1.411346e+06 1.453103e+06 1.958890e+06 2.247501e+06 2.290935e+06 2.211349e+06
1.534464e+06 1.534464e+06 1.534464e+06 1.534464e+06 1.534464e+06 1.534471e+06 1.534487e+06 1.533619e+06 1.531615e+06 1.528075e+06 1.516818e+06 1.502179e+06 1.486722e+06 1.472004e+06 1.458690e+06 1.446938e+06 1.436674e+06 1.401964e+06 1.383451e+06 1.372887e+06 1.366830e+06 1.363740e+06 1.362885e+06 1.366722e+06 1.377621e+06 1.396083e+06 1.422567e+06 1.456879e+06 1.498100e+06 1.994604e+06 2.260920e+06 2.293403e+06 2.209241e+06
1.609113e+06 1.609113e+06 1.609113e+06 1.609113e+06 1.609113e+06 1.609122e+06 1.609146e+06 1.608171e+06 1.605889e+06 1.601843e+06 1.588948e+06 1.572151e+06 1.554401e+06 1.537486e+06 1.522175e+06 1.508652e+06 1.496834e+06 1.456811e+06 1.435412e+06 1.423189e+06 1.416195e+06 1.412643e+06 1.411653e+06 1.415760e+06 1.427084e+06 1.445672e+06 1.471829e+06 1.505432e+06 1.545735e+06 2.030508e+06 2.274477e+06 2.295581e+06 2.206871e+06
1.688295e+06 1.688295e+06 1.688295e+06 1.688295e+06 1.688295e+06 1.688302e+06 1.688317e+06 1.687177e+06 1.684579e+06 1.679990e+06 1.665389e+06 1.646386e+06 1.626310e+06 1.607183e+06 1.589871e+06 1.574583e+06 1.561223e+06 1.515963e+06 1.491715e+06 1.477809e+06 1.469806e+06 1.465682e+06 1.464417e+06 1.468484e+06 1.479947e+06 1.498429e+06 1.524047e+06 1.556697e+06 1.595766e+06 2.066328e+06 2.288300e+06 2.297466e+06 2.204236e+06
1.769690e+06 1.769690e+06 1.769690e+06 1.769690e+06 1.769691e+06 1.769699e+06 1.769718e+06 1.768470e+06 1.765604e+06 1.760538e+06 1.744403e+06 1.723392e+06 1.701186e+06 1.680022e+06 1.660859e+06 1.643929e+06 1.629128e+06 1.578903e+06 1.551879e+06 1.536280e+06 1.527203e+06 1.522405e+06 1.520737e+06 1.524468e+06 1.535789e+06 1.553938e+06 1.578823e+06 1.610315e+06 1.647896e+06 2.101825e+06 2.302452e+06 2.299061e+06 2.201332e+06
1.854107e+06 1.854107e+06 1.854107e+06 1.854107e+06 1.854107e+06 1.854112e+06 1.854121e+06 1.852710e+06 1.849548e+06 1.843978e+06 1.826276e+06 1.803250e+06 1.778927e+06 1.755751e+06 1.734770e+06 1.716235e+06 1.700031e+06 1.645008e+06 1.615296e+06 1.598016e+06 1.587823e+06 1.582268e+06 1.580087e+06 1.583220e+06 1.594144e+06 1.611750e+06 1.635731e+06 1.665897e+06 1.701788e+06 2.136789e+06 2.316699e+06 2.300374e+06 2.198159e+06
1.938469e+06 1.938469e+06 1.938469e+06 1.938469e+06 1.938469e+06 1.938475e+06 1.938488e+06 1.936984e+06 1.933592e+06 1.927612e+06 1.908593e+06 1.883843e+06 1.857692e+06 1.832768e+06 1.810197e+06 1.790250e+06 1.772804e+06 1.713459e+06 1.681249e+06 1.662349e+06 1.651030e+06 1.644663e+06 1.641884e+06 1.644209e+06 1.654519e+06 1.671398e+06 1.694330e+06 1.723034e+06 1.757082e+06 2.171044e+06 2.330857e+06 2.301417e+06 2.194716e+06
2.023862e+06 2.023862e+06 2.023862e+06 2.023862e+06 2.023862e+06 2.023866e+06 2.023874e+06 2.022245e+06 2.018611e+06 2.012215e+06 1.991896e+06 1.965473e+06 1.937563e+06 1.910966e+06 1.886884e+06 1.865601e+06 1.846985e+06 1.783605e+06 1.749054e+06 1.728602e+06 1.716164e+06 1.708956e+06 1.705523e+06 1.706882e+06 1.716408e+06 1.732412e+06 1.754177e+06 1.781317e+06 1.813407e+06 2.204442e+06 2.344769e+06 2.302210e+06 2.191007e+06
2.108358e+06 2.108358e+06 2.108358e+06 2.108358e+06 2.108358e+06 2.108366e+06 2.108381e+06 2.106692e+06 2.102876e+06 2.096146e+06 2.074744e+06 2.046894e+06 2.017465e+06 1.989412e+06 1.964001e+06 1.941534e+06 1.921873e+06 1.854809e+06 1.818058e+06 1.796115e+06 1.782579e+06 1.774519e+06 1.770404e+06 1.770699e+06 1.779318e+06 1.794335e+06 1.814841e+06 1.840341e+06 1.870391e+06 2.236862e+06 2.358290e+06 2.302781e+06 2.187035e+06
2.193729e+06 2.193729e+06 2.193729e+06 2.193729e+06 2.193729e+06 2.193731e+06 2.193730e+06 2.191888e+06 2.187830e+06 2.180705e+06 2.158103e+06 2.128736e+06 2.097726e+06 2.068177e+06 2.041419e+06 2.017765e+06 1.997066e+06 1.926425e+06 1.887588e+06 1.864233e+06 1.849646e+06 1.840757e+06 1.835959e+06 1.835146e+06 1.842784e+06 1.856733e+06 1.875911e+06 1.899717e+06 1.927673e+06 2.268206e+06 2.371289e+06 2.303171e+06 2.182805e+06
2.275677e+06 2.275677e+06 2.275677e+06 2.275677e+06 2.275677e+06 2.275682e+06 2.275688e+06 2.273793e+06 2.269582e+06 2.262179e+06 2.238684e+06 2.208152e+06 2.175911e+06 2.145187e+06 2.117360e+06 2.092756e+06 2.071219e+06 1.997616e+06 1.956974e+06 1.932358e+06 1.916806e+06 1.907138e+06 1.901683e+06 1.899762e+06 1.906378e+06 1.919204e+06 1.937006e+06 1.959078e+06 1.984905e+06 2.298392e+06 2.383646e+06 2.303444e+06 2.178327e+06
2.356685e+06 2.356685e+06 2.356685e+06 2.356685e+06 2.356686e+06 2.356689e+06 2.356691e+06 2.354709e+06 2.350328e+06 2.342635e+06 2.318237e+06 2.286548e+06 2.253094e+06 2.221220e+06 2.192354e+06 2.166832e+06 2.144491e+06 2.068105e+06 2.025813e+06 2.000052e+06 1.983620e+06 1.973229e+06 1.967152e+06 1.964149e+06 1.969724e+06 1.981387e+06 1.997774e+06 2.018082e+06 2.041760e+06 2.327352e+06 2.395252e+06 2.303676e+06 2.173610e+06
2.435464e+06 2.435464e+06 2.435464e+06 2.435464e+06 2.435464e+06 2.435468e+06 2.435472e+06 2.433427e+06 2.428901e+06 2.420955e+06 2.395763e+06 2.363054e+06 2.328531e+06 2.295643e+06 2.265860e+06 2.239527e+06 2.216475e+06 2.137598e+06 2.093807e+06 2.066997e+06 2.049753e+06 2.038690e+06 2.032027e+06 2.027970e+06 2.032490e+06 2.042958e+06 2.057893e+06 2.076414e+06 2.097930e+06 2.355030e+06 2.406011e+06 2.303776e+06 2.168667e+06
2.512844e+06 2.512844e+06 2.512844e+06 2.512844e+06 2.512844e+06 2.512847e+06 2.512846e+06 2.510718e+06 2.506039e+06 2.497835e+06 2.471853e+06 2.438141e+06 2.402572e+06 2.368696e+06 2.338024e+06 2.310907e+06 2.287168e+06 2.205922e+06 2.160730e+06 2.132947e+06 2.114948e+06 2.103255e+06 2.096033e+06 2.090940e+06 2.094390e+06 2.103625e+06 2.117074e+06 2.133782e+06 2.153130e+06 2.381376e+06 2.415840e+06 2.303662e+06 2.163513e+06
2.587637e+06 2.587637e+06 2.587637e+06 2.587637e+06 2.587637e+06 2.587641e+06 2.587642e+06 2.585465e+06 2.580665e+06 2.572245e+06 2.545587e+06 2.511005e+06 2.474526e+06 2.439788e+06 2.408336e+06 2.380531e+06 2.356189e+06 2.272840e+06 2.226383e+06 2.197707e+06 2.179004e+06 2.166711e+06 2.158946e+06 2.152820e+06 2.155169e+06 2.163128e+06 2.175048e+06 2.189921e+06 2.207094e+06 2.406345e+06 2.424667e+06 2.303267e+06 2.158166e+06
2.660766e+06 2.660766e+06 2.660766e+06 2.660766e+06 2.660766e+06 2.660768e+06 2.660766e+06 2.658515e+06 2.653580e+06 2.644937e+06 2.617598e+06 2.582157e+06 2.544787e+06 2.509209e+06 2.477004e+06 2.448537e+06 2.423619e+06 2.338281e+06 2.290642e+06 2.261128e+06 2.241755e+06 2.228879e+06 2.220575e+06 2.213392e+06 2.214595e+06 2.221225e+06 2.231571e+06 2.244580e+06 2.259575e+06 2.429896e+06 2.432435e+06 2.302538e+06 2.152648e+06
2.731180e+06 2.731180e+06 2.731180e+06 2.731180e+06 2.731180e+06 2.731183e+06 2.731182e+06 2.728887e+06 2.723848e+06 2.715020e+06 2.687107e+06 2.650933e+06 2.612800e+06 2.576502e+06 2.543647e+06 2.514607e+06 2.489187e+06 2.402093e+06 2.353375e+06 2.323071e+06 2.303046e+06 2.289589e+06 2.280736e+06 2.272453e+06 2.272449e+06 2.277689e+06 2.286411e+06 2.297529e+06 2.310346e+06 2.451992e+06 2.439101e+06 2.301427e+06 2.146987e+06
2.799579e+06 2.799579e+06 2.799579e+06 2.799579e+06 2.799579e+06 2.799580e+06 2.799576e+06 2.797220e+06 2.792068e+06 2.783054e+06 2.754577e+06 2.717697e+06 2.678835e+06 2.641851e+06 2.608382e+06 2.578801e+06 2.552908e+06 2.464168e+06 2.414432e+06 2.383370e+06 2.362704e+06 2.348660e+06 2.339239e+06 2.329796e+06 2.328515e+06 2.332299e+06 2.339349e+06 2.348550e+06 2.359193e+06 2.472597e+06 2.444634e+06 2.299891e+06 2.141222e+06
2.865154e+06 2.865154e+06 2.865154e+06 2.865154e+06 2.865154e+06 2.865155e+06 2.865150e+06 2.862743e+06 2.857494e+06 2.848318e+06 2.819348e+06 2.781852e+06 2.742354e+06 2.704774e+06 2.670769e+06 2.640718e+06 2.614413e+06 2.524229e+06 2.473582e+06 2.441813e+06 2.420523e+06 2.405885e+06 2.395875e+06 2.385207e+06 2.382577e+06 2.384843e+06 2.390174e+06 2.397441e+06 2.405920e+06 2.491679e+06 2.449013e+06 2.297893e+06 2.135405e+06
2.927058e+06 2.927058e+06 2.927058e+06 2.927058e+06 2.927058e+06 2.927060e+06 2.927056e+06 2.924617e+06 2.919295e+06 2.909993e+06 2.880644e+06 2.842677e+06 2.802697e+06 2.764669e+06 2.730265e+06 2.699863e+06 2.673252e+06 2.581973e+06 2.530575e+06 2.498167e+06 2.476273e+06 2.461036e+06 2.450416e+06 2.438462e+06 2.434418e+06 2.435109e+06 2.438688e+06 2.444011e+06 2.450345e+06 2.509208e+06 2.452229e+06 2.295400e+06 2.129514e+06
2.986205e+06 2.986205e+06 2.986205e+06 2.986205e+06 2.986206e+06 2.986207e+06 2.986203e+06 2.983734e+06 2.978344e+06 2.968930e+06 2.939240e+06 2.900853e+06 2.860442e+06 2.822010e+06 2.787245e+06 2.756524e+06 2.729633e+06 2.637335e+06 2.585225e+06 2.552201e+06 2.529710e+06 2.513868e+06 2.502621e+06 2.489330e+06 2.483820e+06 2.482896e+06 2.484702e+06 2.488083e+06 2.492302e+06 2.525159e+06 2.454285e+06 2.292384e+06 2.123506e+06
3.042173e+06 3.042173e+06 3.042173e+06 3.042173e+06 3.042173e+06 3.042173e+06 3.042163e+06 3.039643e+06 3.034180e+06 3.024653e+06 2.994646e+06 2.955879e+06 2.915087e+06 2.876302e+06 2.841224e+06 2.810229e+06 2.783097e+06 2.689931e+06 2.637200e+06 2.603613e+06 2.580553e+06 2.564113e+06 2.552235e+06 2.537579e+06 2.530569e+06 2.528010e+06 2.528038e+06 2.529497e+06 2.531645e+06 2.539509e+06 2.455189e+06 2.288823e+06 2.117350e+06
3.093107e+06 3.093107e+06 3.093107e+06 3.093107e+06 3.093107e+06 3.093107e+06 3.093099e+06 3.090567e+06 3.085072e+06 3.075490e+06 3.045324e+06 3.006372e+06 2.965398e+06 2.926451e+06 2.891230e+06 2.860111e+06 2.832871e+06 2.739273e+06 2.686137e+06 2.652095e+06 2.628519e+06 2.611506e+06 2.599006e+06 2.582983e+06 2.574466e+06 2.570272e+06 2.568538e+06 2.568110e+06 2.568245e+06 2.552241e+06 2.454960e+06 2.284698e+06 2.111024e+06
3.140377e+06 3.140377e+06 3.140377e+06 3.140377e+06 3.140377e+06 3.140378e+06 3.140369e+06 3.137819e+06 3.132291e+06 3.122659e+06 3.092360e+06 3.053261e+06 3.012151e+06 2.973085e+06 2.937763e+06 2.906558e+06 2.879243e+06 2.785333e+06 2.731865e+06 2.697419e+06 2.673364e+06 2.655805e+06 2.642701e+06 2.625333e+06 2.615329e+06 2.609524e+06 2.606064e+06 2.603800e+06 2.601993e+06 2.563343e+06 2.453620e+06 2.279994e+06 2.104509e+06
3.184066e+06 3.184066e+06 3.184066e+06 3.184066e+06 3.184066e+06 3.184064e+06 3.184049e+06 3.181464e+06 3.175898e+06 3.166215e+06 3.135791e+06 3.096563e+06 3.055335e+06 3.016167e+06 2.980757e+06 2.949476e+06 2.922093e+06 2.827897e+06 2.774134e+06 2.739332e+06 2.714847e+06 2.696784e+06 2.683110e+06 2.664450e+06 2.653000e+06 2.645630e+06 2.640500e+06 2.636469e+06 2.632803e+06 2.572807e+06 2.451199e+06 2.274705e+06 2.097788e+06
3.221848e+06 3.221848e+06 3.221848e+06 3.221848e+06 3.221848e+06 3.221846e+06 3.221831e+06 3.219243e+06 3.213675e+06 3.203993e+06 3.173597e+06 3.134430e+06 3.093284e+06 3.054204e+06 3.018879e+06 2.987676e+06 2.960361e+06 2.866352e+06 2.812558e+06 2.777559e+06 2.752745e+06 2.734249e+06 2.720059e+06 2.700184e+06 2.687355e+06 2.678485e+06 2.671757e+06 2.666041e+06 2.660612e+06 2.580633e+06 2.447731e+06 2.268824e+06 2.090848e+06
3.253961e+06 3.253961e+06 3.253961e+06 3.253961e+06 3.253961e+06 3.253961e+06 3.253950e+06 3.251383e+06 3.245841e+06 3.236203e+06 3.205958e+06 3.167007e+06 3.126105e+06 3.087269e+06 3.052173e+06 3.021178e+06 2.994047e+06 2.900639e+06 2.847049e+06 2.811996e+06 2.786949e+06 2.768087e+06 2.753435e+06 2.732434e+06 2.718303e+06 2.708014e+06 2.699773e+06 2.692467e+06 2.685380e+06 2.586827e+06 2.443252e+06 2.262351e+06 2.083677e+06
3.282621e+06 3.282621e+06 3.282621e+06 3.282621e+06 3.282621e+06 3.282621e+06 3.282610e+06 3.280046e+06 3.274518e+06 3.264913e+06 3.234795e+06 3.196035e+06 3.155351e+06 3.116734e+06 3.081844e+06 3.051035e+06 3.024068e+06 2.931194e+06 2.877789e+06 2.842694e+06 2.817443e+06 2.798254e+06 2.783180e+06 2.761138e+06 2.745793e+06 2.734173e+06 2.724516e+06 2.715722e+06 2.707089e+06 2.591400e+06 2.437802e+06 2.255292e+06 2.076264e+06
3.307764e+06 3.307764e+06 3.307764e+06 3.307764e+06 3.307764e+06 3.307762e+06 3.307747e+06 3.305174e+06 3.299654e+06 3.290075e+06 3.260072e+06 3.221489e+06 3.181009e+06 3.142596e+06 3.107895e+06 3.077254e+06 3.050434e+06 2.958024e+06 2.904772e+06 2.869636e+06 2.844202e+06 2.824720e+06 2.809264e+06 2.786270e+06 2.769803e+06 2.756951e+06 2.745980e+06 2.735807e+06 2.725745e+06 2.594371e+06 2.431422e+06 2.247653e+06 2.068602e+06
3.327852e+06 3.327852e+06 3.327852e+06 3.327852e+06 3.327852e+06 3.327850e+06 3.327835e+06 3.325273e+06 3.319781e+06 3.310257e+06 3.280452e+06 3.242149e+06 3.201980e+06 3.163871e+06 3.129451e+06 3.099061e+06 3.072461e+06 2.980766e+06 2.927812e+06 2.892728e+06 2.867183e+06 2.847466e+06 2.831682e+06 2.807836e+06 2.790347e+06 2.776365e+06 2.764185e+06 2.752748e+06 2.741376e+06 2.595766e+06 2.424155e+06 2.239446e+06 2.060684e+06
3.342697e+06 3.342697e+06 3.342697e+06 3.342697e+06 3.342697e+06 3.342696e+06 3.342683e+06 3.340150e+06 3.334707e+06 3.325272e+06 3.295758e+06 3.257850e+06 3.218110e+06 3.180420e+06 3.146385e+06 3.116339e+06 3.090042e+06 2.999367e+06 2.946894e+06 2.911983e+06 2.886411e+06 2.866528e+06 2.850474e+06 2.825878e+06 2.807467e+06 2.792457e+06 2.779178e+06 2.766589e+06 2.754030e+06 2.595614e+06 2.416044e+06 2.230685e+06 2.052505e+06
3.353840e+06 3.353840e+06 3.353840e+06 3.353840e+06 3.353840e+06 3.353839e+06 3.353827e+06 3.351313e+06 3.345916e+06 3.336564e+06 3.307330e+06 3.269806e+06 3.230487e+06 3.193209e+06 3.159555e+06 3.129850e+06 3.103857e+06 3.014220e+06 2.962263e+06 2.927567e+06 2.902012e+06 2.882006e+06 2.865726e+06 2.840473e+06 2.821234e+06 2.805298e+06 2.791026e+06 2.777399e+06 2.763771e+06 2.593955e+06 2.407133e+06 2.221388e+06 2.044064e+06
3.361807e+06 3.361807e+06 3.361807e+06 3.361807e+06 3.361807e+06 3.361806e+06 3.361794e+06 3.359298e+06 3.353944e+06 3.344672e+06 3.315708e+06 3.278553e+06 3.239635e+06 3.202747e+06 3.169451e+06 3.140065e+06 3.114351e+06 3.025654e+06 2.974158e+06 2.939660e+06 2.914132e+06 2.894027e+06 2.877554e+06 2.851720e+06 2.831742e+06 2.814974e+06 2.799814e+06 2.785260e+06 2.770682e+06 2.590829e+06 2.397467e+06 2.211574e+06 2.035358e+06
3.366388e+06 3.366388e+06 3.366388e+06 3.366388e+06 3.366388e+06 3.366387e+06 3.366372e+06 3.363886e+06 3.358571e+06 3.349375e+06 3.320677e+06 3.283888e+06 3.245370e+06 3.208871e+06 3.175931e+06 3.146862e+06 3.121427e+06 3.033674e+06 2.982653e+06 2.948373e+06 2.922894e+06 2.902716e+06 2.886080e+06 2.859736e+06 2.839100e+06 2.821593e+06 2.805645e+06 2.790273e+06 2.774858e+06 2.586287e+06 2.387088e+06 2.201266e+06 2.026389e+06
3.366684e+06 3.366684e+06 3.366684e+06 3.366684e+06 3.366684e+06 3.366683e+06 3.366671e+06 3.364220e+06 3.358966e+06 3.349876e+06 3.321519e+06 3.285186e+06 3.247158e+06 3.211133e+06 3.178628e+06 3.149948e+06 3.124854e+06 3.038257e+06 2.987822e+06 2.953819e+06 2.928427e+06 2.908208e+06 2.891439e+06 2.864650e+06 2.843433e+06 2.825275e+06 2.808634e+06 2.792548e+06 2.776408e+06 2.580379e+06 2.376041e+06 2.190486e+06 2.017157e+06
3.364167e+06 3.364167e+06 3.364167e+06 3.364166e+06 3.364166e+06 3.364166e+06 3.364154e+06 3.361725e+06 3.356524e+06 3.347531e+06 3.319494e+06 3.283591e+06 3.246028e+06 3.210454e+06 3.178361e+06 3.150049e+06 3.125278e+06 3.039784e+06 2.989915e+06 2.956190e+06 2.930897e+06 2.910654e+06 2.893775e+06 2.866600e+06 2.844875e+06 2.826148e+06 2.808909e+06 2.792208e+06 2.775449e+06 2.573165e+06 2.364367e+06 2.179260e+06 2.007667e+06
3.359303e+06 3.359303e+06 3.359303e+06 3.359303e+06 3.359303e+06 3.359301e+06 3.359287e+06 3.356871e+06 3.351713e+06 3.342802e+06 3.315046e+06 3.279526e+06 3.242379e+06 3.207205e+06 3.175480e+06 3.147494e+06 3.123010e+06 3.038488e+06 2.989122e+06 2.955651e+06 2.930456e+06 2.910202e+06 2.893233e+06 2.865729e+06 2.843566e+06 2.824352e+06 2.806603e+06 2.789385e+06 2.772108e+06 2.564703e+06 2.352108e+06 2.167614e+06 1.997924e+06
3.351048e+06 3.351048e+06 3.351048e+06 3.351048e+06 3.351048e+06 3.351047e+06 3.351033e+06 3.348642e+06 3.343539e+06 3.334729e+06 3.307303e+06 3.272221e+06 3.235546e+06 3.200827e+06 3.169515e+06 3.141897e+06 3.117735e+06 3.034296e+06 2.985486e+06 2.952299e+06 2.927227e+06 2.906986e+06 2.889955e+06 2.862183e+06 2.839653e+06 2.820031e+06 2.801859e+06 2.784215e+06 2.766517e+06 2.555058e+06 2.339305e+06 2.155574e+06 1.987932e+06
3.339875e+06 3.339875e+06 3.339875e+06 3.339875e+06 3.339874e+06 3.339873e+06 3.339861e+06 3.337500e+06 3.332457e+06 3.323753e+06 3.296667e+06 3.262038e+06 3.225846e+06 3.191593e+06 3.160708e+06 3.133468e+06 3.109638e+06 3.027334e+06 2.979124e+06 2.946260e+06 2.921344e+06 2.901149e+06 2.884088e+06 2.856115e+06 2.833290e+06 2.813338e+06 2.794826e+06 2.776843e+06 2.758815e+06 2.544297e+06 2.325999e+06 2.143169e+06 1.977701e+06
3.326502e+06 3.326502e+06 3.326502e+06 3.326502e+06 3.326502e+06 3.326501e+06 3.326488e+06 3.324149e+06 3.319160e+06 3.310551e+06 3.283778e+06 3.249565e+06 3.213820e+06 3.179999e+06 3.149508e+06 3.122620e+06 3.099102e+06 3.017871e+06 2.970249e+06 2.937719e+06 2.912979e+06 2.892857e+06 2.875794e+06 2.847685e+06 2.824635e+06 2.804427e+06 2.785654e+06 2.767417e+06 2.749145e+06 2.532486e+06 2.312228e+06 2.130424e+06 1.967237e+06
3.310899e+06 3.310899e+06 3.310899e+06 3.310899e+06 3.310899e+06 3.310898e+06 3.310885e+06 3.308571e+06 3.303635e+06 3.295122e+06 3.268661e+06 3.234861e+06 3.199559e+06 3.166163e+06 3.136061e+06 3.109518e+06 3.086302e+06 3.006114e+06 2.959065e+06 2.926867e+06 2.902316e+06 2.882285e+06 2.865246e+06 2.837061e+06 2.813852e+06 2.793460e+06 2.774501e+06 2.756086e+06 2.737649e+06 2.519695e+06 2.298030e+06 2.117368e+06 1.956551e+06
3.293099e+06 3.293099e+06 3.293099e+06 3.293099e+06 3.293099e+06 3.293097e+06 3.293085e+06 3.290795e+06 3.285914e+06 3.277500e+06 3.251358e+06 3.217981e+06 3.183129e+06 3.150165e+06 3.120455e+06 3.094261e+06 3.071351e+06 2.992211e+06 2.945738e+06 2.913881e+06 2.889533e+06 2.869612e+06 2.852620e+06 2.824414e+06 2.801110e+06 2.780599e+06 2.761523e+06 2.743002e+06 2.724475e+06 2.505994e+06 2.283441e+06 2.104027e+06 1.945652e+06
3.273203e+06 3.273203e+06 3.273203e+06 3.273203e+06 3.273203e+06 3.273202e+06 3.273189e+06 3.270925e+06 3.266101e+06 3.257788e+06 3.231972e+06 3.199024e+06 3.164630e+06 3.132106e+06 3.102798e+06 3.076959e+06 3.054363e+06 2.976302e+06 2.930430e+06 2.898933e+06 2.874806e+06 2.855017e+06 2.838095e+06 2.809918e+06 2.786576e+06 2.766009e+06 2.746881e+06 2.728319e+06 2.709768e+06 2.491453e+06 2.268498e+06 2.090429e+06 1.934552e+06
3.251426e+06 3.251426e+06 3.251426e+06 3.251426e+06 3.251426e+06 3.251425e+06 3.251414e+06 3.249179e+06 3.244416e+06 3.236208e+06 3.210729e+06 3.178221e+06 3.144294e+06 3.112218e+06 3.083317e+06 3.057841e+06 3.035562e+06 2.958597e+06 2.913336e+06 2.882211e+06 2.858320e+06 2.838679e+06 2.821846e+06 2.793748e+06 2.770421e+06 2.749854e+06 2.730730e+06 2.712188e+06 2.693672e+06 2.476142e+06 2.253234e+06 2.076600e+06 1.923262e+06
3.228333e+06 3.228333e+06 3.228333e+06 3.228333e+06 3.228333e+06 3.228332e+06 3.228321e+06 3.226112e+06 3.221404e+06 3.213295e+06 3.188133e+06 3.156041e+06 3.122557e+06 3.090905e+06 3.062388e+06 3.037254e+06 3.015275e+06 2.939343e+06 2.894665e+06 2.863905e+06 2.840255e+06 2.820775e+06 2.804051e+06 2.776074e+06 2.752811e+06 2.732295e+06 2.713228e+06 2.694757e+06 2.676329e+06 2.460129e+06 2.237682e+06 2.062564e+06 1.911795e+06
3.203940e+06 3.203940e+06 3.203940e+06 3.203940e+06 3.203940e+06 3.203939e+06 3.203927e+06 3.201742e+06 3.197089e+06 3.189077e+06 3.164224e+06 3.132538e+06 3.099485e+06 3.068244e+06 3.040101e+06 3.015298e+06 2.993609e+06 2.918679e+06 2.874573e+06 2.844180e+06 2.820781e+06 2.801477e+06 2.784879e+06 2.757065e+06 2.733910e+06 2.713490e+06 2.694526e+06 2.676171e+06 2.657877e+06 2.443483e+06 2.221875e+06 2.048347e+06 1.900163e+06
3.178158e+06 3.178158e+06 3.178158e+06 3.178158e+06 3.178158e+06 3.178157e+06 3.178145e+06 3.175986e+06 3.171390e+06 3.163478e+06 3.138942e+06 3.107670e+06 3.075055e+06 3.044234e+06 3.016473e+06 2.992007e+06 2.970616e+06 2.896719e+06 2.853210e+06 2.823202e+06 2.800068e+06 2.780957e+06 2.764502e+06 2.736887e+06 2.713879e+06 2.693593e+06 2.674770e+06 2.656571e+06 2.638450e+06 2.426268e+06 2.205842e+06 2.033972e+06 1.888379e+06
3.151353e+06 3.151353e+06 3.151353e+06 3.151353e+06 3.151353e+06 3.151352e+06 3.151342e+06 3.149213e+06 3.144675e+06 3.136864e+06 3.112647e+06 3.081787e+06 3.049607e+06 3.019201e+06 2.991817e+06 2.967686e+06 2.946589e+06 2.873711e+06 2.830790e+06 2.801166e+06 2.778303e+06 2.759391e+06 2.743089e+06 2.715701e+06 2.692870e+06 2.672751e+06 2.654102e+06 2.636092e+06 2.618176e+06 2.408548e+06 2.189614e+06 2.019462e+06 1.876455e+06
3.124066e+06 3.124066e+06 3.124066e+06 3.124066e+06 3.124066e+06 3.124065e+06 3.124055e+06 3.121950e+06 3.117465e+06 3.109748e+06 3.085826e+06 3.055349e+06 3.023573e+06 2.993551e+06 2.966514e+06 2.942691e+06 2.921863e+06 2.849914e+06 2.807531e+06 2.778263e+06 2.755659e+06 2.736945e+06 2.720802e+06 2.693660e+06 2.671031e+06 2.651105e+06 2.632657e+06 2.614861e+06 2.597177e+06 2.390386e+06 2.173217e+06 2.004838e+06 1.864406e+06
3.096197e+06 3.096197e+06 3.096197e+06 3.096197e+06 3.096197e+06 3.096197e+06 3.096186e+06 3.094104e+06 3.089671e+06 3.082044e+06 3.058409e+06 3.028303e+06 2.996918e+06 2.967268e+06 2.940567e+06 2.917040e+06 2.896472e+06 2.825415e+06 2.783549e+06 2.754627e+06 2.732277e+06 2.713764e+06 2.697784e+06 2.670904e+06 2.648497e+06 2.628786e+06 2.610559e+06 2.592998e+06 2.575565e+06 2.371840e+06 2.156680e+06 1.990122e+06 1.852244e+06
3.067593e+06 3.067593e+06 3.067593e+06 3.067593e+06 3.067593e+06 3.067592e+06 3.067581e+06 3.065524e+06 3.061144e+06 3.053610e+06 3.030268e+06 3.000541e+06 2.969554e+06 2.940283e+06 2.913925e+06 2.890701e+06 2.870399e+06 2.800262e+06 2.758931e+06 2.730368e+06 2.708282e+06 2.689976e+06 2.674167e+06 2.647565e+06 2.625397e+06 2.605916e+06 2.587926e+06 2.570615e+06 2.553450e+06 2.352966e+06 2.140026e+06 1.975333e+06 1.839982e+06
3.038508e+06 3.038508e+06 3.038508e+06 3.038508e+06 3.038508e+06 3.038508e+06 3.038499e+06 3.036469e+06 3.032145e+06 3.024705e+06 3.001657e+06 2.972307e+06 2.941716e+06 2.912821e+06 2.886804e+06 2.863882e+06 2.843843e+06 2.774622e+06 2.733826e+06 2.705622e+06 2.683804e+06 2.665709e+06 2.650076e+06 2.623764e+06 2.601847e+06 2.582607e+06 2.564865e+06 2.547817e+06 2.530928e+06 2.333818e+06 2.123280e+06 1.960489e+06 1.827633e+06
3.009392e+06 3.009392e+06 3.009392e+06 3.009392e+06 3.009392e+06 3.009391e+06 3.009382e+06 3.007376e+06 3.003102e+06 2.995750e+06 2.972975e+06 2.943977e+06 2.913755e+06 2.885210e+06 2.859508e+06 2.836865e+06 2.817070e+06 2.748693e+06 2.708395e+06 2.680532e+06 2.658971e+06 2.641085e+06 2.625628e+06 2.599612e+06 2.577954e+06 2.558964e+06 2.541477e+06 2.524697e+06 2.508093e+06 2.314446e+06 2.106465e+06 1.945607e+06 1.815211e+06
2.980204e+06 2.980204e+06 2.980204e+06 2.980204e+06 2.980204e+06 2.980203e+06 2.980194e+06 2.978210e+06 2.973984e+06 2.966716e+06 2.944204e+06 2.915544e+06 2.885676e+06 2.857466e+06 2.832068e+06 2.809691e+06 2.790129e+06 2.722559e+06 2.682735e+06 2.655199e+06 2.633889e+06 2.616208e+06 2.600927e+06 2.575209e+06 2.553814e+06 2.535079e+06 2.517851e+06 2.501342e+06 2.485025e+06 2.294896e+06 2.089602e+06 1.930705e+06 1.802727e+06
2.950858e+06 2.950858e+06 2.950858e+06 2.950858e+06 2.950858e+06 2.950858e+06 2.950848e+06 2.948886e+06 2.944709e+06 2.937525e+06 2.915275e+06 2.886950e+06 2.857434e+06 2.829557e+06 2.804458e+06 2.782347e+06 2.763018e+06 2.696254e+06 2.656908e+06 2.629701e+06 2.608643e+06 2.591168e+06 2.576062e+06 2.550644e+06 2.529515e+06 2.511036e+06 2.494069e+06 2.477831e+06 2.461801e+06 2.275212e+06 2.072711e+06 1.915798e+06 1.790193e+06
2.921406e+06 2.921406e+06 2.921406e+06 2.921406e+06 2.921406e+06 2.921406e+06 2.921397e+06 2.919460e+06 2.915333e+06 2.908234e+06 2.886248e+06 2.858259e+06 2.829095e+06 2.801552e+06 2.776755e+06 2.754911e+06 2.735816e+06 2.669864e+06 2.630998e+06 2.604121e+06 2.583315e+06 2.566045e+06 2.551115e+06 2.525997e+06 2.505133e+06 2.486909e+06 2.470201e+06 2.454234e+06 2.438489e+06 2.255436e+06 2.055811e+06 1.900899e+06 1.777622e+06
2.892148e+06 2.892148e+06 2.892148e+06 2.892148e+06 2.892148e+06 2.892148e+06 2.892139e+06 2.890224e+06 2.886143e+06 2.879125e+06 2.857391e+06 2.829725e+06 2.800897e+06 2.773672e+06 2.749163e+06 2.727572e+06 2.708699e+06 2.643518e+06 2.605109e+06 2.578548e+06 2.557985e+06 2.540915e+06 2.526158e+06 2.501337e+06 2.480736e+06 2.462765e+06 2.446313e+06 2.430613e+06 2.415148e+06 2.235605e+06 2.038921e+06 1.886023e+06 1.765025e+06
2.863107e+06 2.863107e+06 2.863107e+06 2.863107e+06 2.863107e+06 2.863107e+06 2.863099e+06 2.861205e+06 2.857171e+06 2.850231e+06 2.828742e+06 2.801389e+06 2.772888e+06 2.745972e+06 2.721740e+06 2.700393e+06 2.681734e+06 2.617287e+06 2.579310e+06 2.553048e+06 2.532717e+06 2.515841e+06 2.501253e+06 2.476724e+06 2.456384e+06 2.438662e+06 2.422462e+06 2.407022e+06 2.391832e+06 2.215754e+06 2.022056e+06 1.871181e+06 1.752412e+06
2.834327e+06 2.834327e+06 2.834327e+06 2.834327e+06 2.834327e+06 2.834327e+06 2.834318e+06 2.832445e+06 2.828455e+06 2.821591e+06 2.800337e+06 2.773282e+06 2.745093e+06 2.718471e+06 2.694505e+06 2.673392e+06 2.654937e+06 2.591194e+06 2.553634e+06 2.527662e+06 2.507559e+06 2.490873e+06 2.476452e+06 2.452211e+06 2.432127e+06 2.414650e+06 2.398696e+06 2.383511e+06 2.368589e+06 2.195913e+06 2.005232e+06 1.856385e+06 1.739794e+06
2.805801e+06 2.805801e+06 2.805801e+06 2.805801e+06 2.805801e+06 2.805801e+06 2.805793e+06 2.803940e+06 2.799991e+06 2.793200e+06 2.772171e+06 2.745403e+06 2.717513e+06 2.691174e+06 2.667462e+06 2.646574e+06 2.628316e+06 2.565259e+06 2.528110e+06 2.502428e+06 2.482550e+06 2.466054e+06 2.451798e+06 2.427842e+06 2.408010e+06 2.390772e+06 2.375058e+06 2.360120e+06 2.345458e+06 2.176113e+06 1.988462e+06 1.841645e+06 1.727182e+06
2.777529e+06 2.777529e+06 2.777529e+06 2.777529e+06 2.777529e+06 2.777529e+06 2.777521e+06 2.775687e+06 2.771780e+06 2.765061e+06 2.744253e+06 2.717766e+06 2.690169e+06 2.664107e+06 2.640645e+06 2.619977e+06 2.601911e+06 2.539528e+06 2.502784e+06 2.477388e+06 2.457734e+06 2.441425e+06 2.427332e+06 2.403657e+06 2.384071e+06 2.367067e+06 2.351585e+06 2.336887e+06 2.322477e+06 2.156377e+06 1.971761e+06 1.826972e+06 1.714583e+06
2.749507e+06 2.749507e+06 2.749507e+06 2.749507e+06 2.749507e+06 2.749507e+06 2.749499e+06 2.747685e+06 2.743820e+06 2.737172e+06 2.716586e+06 2.690382e+06 2.663079e+06 2.637295e+06 2.614084e+06 2.593636e+06 2.575764e+06 2.514050e+06 2.477706e+06 2.452589e+06 2.433155e+06 2.417028e+06 2.403093e+06 2.379690e+06 2.360344e+06 2.343565e+06 2.328308e+06 2.313842e+06 2.299674e+06 2.136731e+06 1.955139e+06 1.812374e+06 1.702008e+06
