2.029941e+08 1.823235e+08 1.713093e+08 1.421561e+08 1.330794e+08 1.281855e+08 1.311598e+08 1.315679e+08 1.307602e+08 1.297898e+08 1.278558e+08 1.262279e+08 1.249952e+08 1.241470e+08 1.236461e+08 1.234512e+08 1.235245e+08 1.268661e+08 1.331671e+08 1.403749e+08 1.470110e+08 1.522397e+08 1.558984e+08 1.600562e+08 1.632969e+08 1.677111e+08 1.734086e+08 1.797539e+08 1.860771e+08 2.053143e+08 1.770796e+08 1.451350e+08 1.189972e+08
1.325597e+08 1.325601e+08 1.325612e+08 1.325835e+08 1.326168e+08 1.321999e+08 1.325090e+08 1.305492e+08 1.297343e+08 1.288067e+08 1.270085e+08 1.255289e+08 1.244346e+08 1.237092e+08 1.233155e+08 1.232141e+08 1.233688e+08 1.269934e+08 1.334482e+08 1.407299e+08 1.473840e+08 1.525944e+08 1.562161e+08 1.602926e+08 1.634770e+08 1.678612e+08 1.735429e+08 1.798778e+08 1.861909e+08 2.052839e+08 1.769877e+08 1.450415e+08 1.189175e+08
1.324922e+08 1.324923e+08 1.324925e+08 1.324972e+08 1.325056e+08 1.320358e+08 1.311802e+08 1.297104e+08 1.280333e+08 1.269654e+08 1.255897e+08 1.244824e+08 1.236586e+08 1.231360e+08 1.229004e+08 1.229261e+08 1.231855e+08 1.271395e+08 1.337566e+08 1.411108e+08 1.477785e+08 1.529656e+08 1.565458e+08 1.605352e+08 1.636608e+08 1.680137e+08 1.736792e+08 1.800032e+08 1.863059e+08 2.052527e+08 1.768951e+08 1.449476e+08 1.188375e+08
1.294542e+08 1.294543e+08 1.294544e+08 1.294564e+08 1.294607e+08 1.293528e+08 1.283715e+08 1.280639e+08 1.273996e+08 1.261860e+08 1.241221e+08 1.231924e+08 1.226914e+08 1.224340e+08 1.224035e+08 1.225894e+08 1.229764e+08 1.273065e+08 1.340939e+08 1.415185e+08 1.481948e+08 1.533533e+08 1.568875e+08 1.607839e+08 1.638481e+08 1.681687e+08 1.738175e+08 1.801303e+08 1.864222e+08 2.052208e+08 1.768017e+08 1.448532e+08 1.187573e+08
1.264115e+08 1.264116e+08 1.264116e+08 1.264129e+08 1.264159e+08 1.264026e+08 1.259493e+08 1.250437e+08 1.252263e+08 1.250564e+08 1.236375e+08 1.223013e+08 1.217422e+08 1.216834e+08 1.218597e+08 1.222209e+08 1.227511e+08 1.274966e+08 1.344610e+08 1.419536e+08 1.486331e+08 1.537577e+08 1.572412e+08 1.610388e+08 1.640388e+08 1.683261e+08 1.739576e+08 1.802589e+08 1.865397e+08 2.051882e+08 1.767077e+08 1.447584e+08 1.186767e+08
1.239086e+08 1.239086e+08 1.239086e+08 1.239096e+08 1.239122e+08 1.239303e+08 1.237588e+08 1.227910e+08 1.228246e+08 1.230831e+08 1.229851e+08 1.220940e+08 1.213400e+08 1.211138e+08 1.213715e+08 1.218715e+08 1.225366e+08 1.277128e+08 1.348591e+08 1.424164e+08 1.490937e+08 1.541785e+08 1.576066e+08 1.612995e+08 1.642329e+08 1.684859e+08 1.740997e+08 1.803891e+08 1.866585e+08 2.051548e+08 1.766129e+08 1.446632e+08 1.185960e+08
1.219973e+08 1.219974e+08 1.219974e+08 1.219982e+08 1.220003e+08 1.220303e+08 1.219882e+08 1.213046e+08 1.211156e+08 1.212738e+08 1.218626e+08 1.218311e+08 1.213887e+08 1.210862e+08 1.211621e+08 1.216474e+08 1.223899e+08 1.279603e+08 1.352894e+08 1.429074e+08 1.495763e+08 1.546156e+08 1.579837e+08 1.615660e+08 1.644303e+08 1.686479e+08 1.742436e+08 1.805208e+08 1.867785e+08 2.051206e+08 1.765174e+08 1.445675e+08 1.185149e+08
1.206242e+08 1.206242e+08 1.206243e+08 1.206249e+08 1.206268e+08 1.206611e+08 1.206805e+08 1.203022e+08 1.200593e+08 1.200496e+08 1.206882e+08 1.213096e+08 1.214401e+08 1.213608e+08 1.214118e+08 1.217498e+08 1.224137e+08 1.282484e+08 1.357533e+08 1.434267e+08 1.500810e+08 1.550689e+08 1.583721e+08 1.618380e+08 1.646308e+08 1.688122e+08 1.743893e+08 1.806540e+08 1.868997e+08 2.050855e+08 1.764211e+08 1.444713e+08 1.184337e+08
1.197152e+08 1.197152e+08 1.197152e+08 1.197158e+08 1.197175e+08 1.197528e+08 1.198025e+08 1.196519e+08 1.194605e+08 1.193697e+08 1.198156e+08 1.206977e+08 1.213514e+08 1.216680e+08 1.218819e+08 1.222141e+08 1.227730e+08 1.285920e+08 1.362533e+08 1.439747e+08 1.506077e+08 1.555380e+08 1.587715e+08 1.621154e+08 1.648343e+08 1.689786e+08 1.745367e+08 1.807887e+08 1.870220e+08 2.050497e+08 1.763242e+08 1.443747e+08 1.183521e+08
1.191993e+08 1.191993e+08 1.191994e+08 1.191999e+08 1.192014e+08 1.192364e+08 1.193016e+08 1.193017e+08 1.191926e+08 1.190998e+08 1.193553e+08 1.202206e+08 1.211855e+08 1.219034e+08 1.223997e+08 1.228526e+08 1.234121e+08 1.290136e+08 1.367931e+08 1.445521e+08 1.511560e+08 1.560225e+08 1.591816e+08 1.623978e+08 1.650406e+08 1.691471e+08 1.746859e+08 1.809247e+08 1.871455e+08 2.050131e+08 1.762265e+08 1.442777e+08 1.182703e+08
1.190184e+08 1.190184e+08 1.190184e+08 1.190188e+08 1.190202e+08 1.190542e+08 1.191272e+08 1.192231e+08 1.191906e+08 1.191361e+08 1.192797e+08 1.200097e+08 1.210744e+08 1.220843e+08 1.228865e+08 1.235462e+08 1.241959e+08 1.295467e+08 1.373782e+08 1.451596e+08 1.517260e+08 1.565222e+08 1.596020e+08 1.626850e+08 1.652497e+08 1.693176e+08 1.748367e+08 1.810622e+08 1.872701e+08 2.049756e+08 1.761280e+08 1.441802e+08 1.181882e+08
1.283522e+08 1.283522e+08 1.283522e+08 1.283525e+08 1.283533e+08 1.283756e+08 1.284397e+08 1.286645e+08 1.288142e+08 1.289814e+08 1.293472e+08 1.297398e+08 1.301956e+08 1.307991e+08 1.316255e+08 1.326986e+08 1.339880e+08 1.414521e+08 1.479806e+08 1.537772e+08 1.587744e+08 1.623194e+08 1.642975e+08 1.657604e+08 1.674530e+08 1.711095e+08 1.764219e+08 1.825036e+08 1.885691e+08 2.045516e+08 1.751022e+08 1.431809e+08 1.173532e+08
1.475401e+08 1.475401e+08 1.475401e+08 1.475402e+08 1.475408e+08 1.475573e+08 1.476063e+08 1.477898e+08 1.479202e+08 1.480739e+08 1.484434e+08 1.488821e+08 1.493728e+08 1.499034e+08 1.504751e+08 1.511038e+08 1.518131e+08 1.569306e+08 1.630558e+08 1.674888e+08 1.697356e+08 1.703714e+08 1.700768e+08 1.690883e+08 1.697604e+08 1.729932e+08 1.781015e+08 1.840318e+08 1.899363e+08 2.040285e+08 1.739989e+08 1.421364e+08 1.164921e+08
1.716309e+08 1.716309e+08 1.716309e+08 1.716310e+08 1.716315e+08 1.716438e+08 1.716802e+08 1.718040e+08 1.718829e+08 1.719702e+08 1.721652e+08 1.723824e+08 1.726163e+08 1.728610e+08 1.731108e+08 1.733625e+08 1.736170e+08 1.752291e+08 1.778075e+08 1.801911e+08 1.808919e+08 1.797139e+08 1.774255e+08 1.730708e+08 1.722069e+08 1.749360e+08 1.798315e+08 1.856028e+08 1.913300e+08 2.033916e+08 1.728151e+08 1.410465e+08 1.156052e+08
1.906617e+08 1.906617e+08 1.906617e+08 1.906618e+08 1.906619e+08 1.906670e+08 1.906816e+08 1.907338e+08 1.907688e+08 1.908081e+08 1.908944e+08 1.909838e+08 1.910693e+08 1.911448e+08 1.912053e+08 1.912465e+08 1.912647e+08 1.910247e+08 1.906393e+08 1.902490e+08 1.891730e+08 1.869163e+08 1.837491e+08 1.776619e+08 1.752901e+08 1.771098e+08 1.816533e+08 1.872100e+08 1.927243e+08 2.026259e+08 1.715480e+08 1.399108e+08 1.146927e+08
2.032604e+08 2.032604e+08 2.032604e+08 2.032603e+08 2.032602e+08 2.032570e+08 2.032464e+08 2.032062e+08 2.031788e+08 2.031479e+08 2.030771e+08 2.029959e+08 2.029045e+08 2.028021e+08 2.026870e+08 2.025567e+08 2.024084e+08 2.012997e+08 1.995392e+08 1.973079e+08 1.946169e+08 1.913847e+08 1.877903e+08 1.814217e+08 1.786735e+08 1.799048e+08 1.837926e+08 1.889275e+08 1.941334e+08 2.017167e+08 1.701951e+08 1.387294e+08 1.137547e+08
2.073014e+08 2.073014e+08 2.073014e+08 2.073014e+08 2.073014e+08 2.073008e+08 2.072988e+08 2.072900e+08 2.072830e+08 2.072740e+08 2.072491e+08 2.072140e+08 2.071678e+08 2.071098e+08 2.070388e+08 2.069532e+08 2.068506e+08 2.059600e+08 2.041438e+08 2.013146e+08 1.977288e+08 1.937629e+08 1.898437e+08 1.837768e+08 1.815282e+08 1.828510e+08 1.864275e+08 1.909812e+08 1.956424e+08 2.006508e+08 1.687546e+08 1.375023e+08 1.127918e+08
2.075548e+08 2.075548e+08 2.075548e+08 2.075548e+08 2.075549e+08 2.075569e+08 2.075628e+08 2.075847e+08 2.075997e+08 2.076166e+08 2.076545e+08 2.076947e+08 2.077339e+08 2.077686e+08 2.077952e+08 2.078095e+08 2.078072e+08 2.073744e+08 2.058325e+08 2.029422e+08 1.989967e+08 1.946228e+08 1.904949e+08 1.848441e+08 1.834967e+08 1.854281e+08 1.891015e+08 1.933461e+08 1.974395e+08 1.994171e+08 1.672251e+08 1.362299e+08 1.118043e+08
2.085401e+08 2.085401e+08 2.085401e+08 2.085401e+08 2.085401e+08 2.085406e+08 2.085415e+08 2.085429e+08 2.085428e+08 2.085417e+08 2.085355e+08 2.085223e+08 2.085008e+08 2.084697e+08 2.084272e+08 2.083709e+08 2.082979e+08 2.075487e+08 2.057948e+08 2.027563e+08 1.986600e+08 1.941619e+08 1.900288e+08 1.849167e+08 1.845686e+08 1.873689e+08 1.914510e+08 1.956425e+08 1.993608e+08 1.980081e+08 1.656060e+08 1.349128e+08 1.107927e+08
2.077536e+08 2.077536e+08 2.077536e+08 2.077536e+08 2.077535e+08 2.077517e+08 2.077458e+08 2.077215e+08 2.077030e+08 2.076802e+08 2.076217e+08 2.075465e+08 2.074547e+08 2.073469e+08 2.072226e+08 2.070811e+08 2.069207e+08 2.057502e+08 2.037080e+08 2.005850e+08 1.965747e+08 1.922776e+08 1.884390e+08 1.841782e+08 1.848785e+08 1.886109e+08 1.932615e+08 1.975958e+08 2.011119e+08 1.964205e+08 1.638974e+08 1.335517e+08 1.097576e+08
2.029890e+08 2.029890e+08 2.029890e+08 2.029890e+08 2.029889e+08 2.029874e+08 2.029824e+08 2.029619e+08 2.029463e+08 2.029269e+08 2.028764e+08 2.028099e+08 2.027269e+08 2.026267e+08 2.025086e+08 2.023715e+08 2.022136e+08 2.010447e+08 1.990672e+08 1.961779e+08 1.925906e+08 1.888547e+08 1.856513e+08 1.826952e+08 1.845616e+08 1.892075e+08 1.944507e+08 1.990288e+08 2.024784e+08 1.946566e+08 1.621003e+08 1.321475e+08 1.086997e+08
1.955049e+08 1.955049e+08 1.955049e+08 1.955049e+08 1.955049e+08 1.955035e+08 1.954991e+08 1.954812e+08 1.954676e+08 1.954508e+08 1.954077e+08 1.953516e+08 1.952825e+08 1.952000e+08 1.951033e+08 1.949910e+08 1.948616e+08 1.938854e+08 1.922126e+08 1.898008e+08 1.868896e+08 1.839903e+08 1.817054e+08 1.805058e+08 1.837119e+08 1.892451e+08 1.950243e+08 1.998554e+08 2.033152e+08 1.927246e+08 1.602166e+08 1.307017e+08 1.076198e+08
1.864587e+08 1.864587e+08 1.864587e+08 1.864587e+08 1.864586e+08 1.864578e+08 1.864553e+08 1.864443e+08 1.864358e+08 1.864251e+08 1.863974e+08 1.863608e+08 1.863150e+08 1.862592e+08 1.861925e+08 1.861136e+08 1.860207e+08 1.852799e+08 1.839620e+08 1.820852e+08 1.799319e+08 1.779955e+08 1.767951e+08 1.776840e+08 1.823946e+08 1.887976e+08 1.950258e+08 2.000566e+08 2.035438e+08 1.906400e+08 1.582494e+08 1.292156e+08 1.065186e+08
1.770411e+08 1.770411e+08 1.770411e+08 1.770411e+08 1.770411e+08 1.770405e+08 1.770385e+08 1.770303e+08 1.770240e+08 1.770162e+08 1.769959e+08 1.769691e+08 1.769356e+08 1.768947e+08 1.768457e+08 1.767872e+08 1.767177e+08 1.761435e+08 1.751057e+08 1.736914e+08 1.722491e+08 1.712759e+08 1.712096e+08 1.743490e+08 1.806623e+08 1.879135e+08 1.945009e+08 1.996503e+08 2.031392e+08 1.884279e+08 1.562028e+08 1.276910e+08 1.053972e+08
1.677520e+08 1.677520e+08 1.677520e+08 1.677520e+08 1.677519e+08 1.677515e+08 1.677499e+08 1.677435e+08 1.677385e+08 1.677324e+08 1.677162e+08 1.676948e+08 1.676677e+08 1.676346e+08 1.675948e+08 1.675470e+08 1.674900e+08 1.670135e+08 1.661665e+08 1.651139e+08 1.642900e+08 1.642145e+08 1.652495e+08 1.706384e+08 1.785583e+08 1.866152e+08 1.934805e+08 1.986665e+08 2.021109e+08 1.861308e+08 1.540818e+08 1.261300e+08 1.042565e+08
1.587521e+08 1.587521e+08 1.587521e+08 1.587521e+08 1.587521e+08 1.587517e+08 1.587503e+08 1.587443e+08 1.587396e+08 1.587337e+08 1.587186e+08 1.586989e+08 1.586745e+08 1.586453e+08 1.586106e+08 1.585694e+08 1.585205e+08 1.581131e+08 1.574086e+08 1.566489e+08 1.563620e+08 1.571005e+08 1.591585e+08 1.666707e+08 1.761106e+08 1.849042e+08 1.919777e+08 1.971332e+08 2.004870e+08 1.837516e+08 1.518928e+08 1.245348e+08 1.030976e+08
1.500550e+08 1.500550e+08 1.500550e+08 1.500550e+08 1.500550e+08 1.500547e+08 1.500538e+08 1.500498e+08 1.500467e+08 1.500428e+08 1.500326e+08 1.500191e+08 1.500019e+08 1.499809e+08 1.499552e+08 1.499238e+08 1.498856e+08 1.495471e+08 1.489643e+08 1.484564e+08 1.486445e+08 1.501133e+08 1.530937e+08 1.625217e+08 1.733276e+08 1.827677e+08 1.899928e+08 1.950734e+08 1.983031e+08 1.812522e+08 1.496431e+08 1.229080e+08 1.019216e+08
1.418540e+08 1.418540e+08 1.418540e+08 1.418540e+08 1.418540e+08 1.418537e+08 1.418528e+08 1.418489e+08 1.418459e+08 1.418422e+08 1.418327e+08 1.418201e+08 1.418044e+08 1.417852e+08 1.417620e+08 1.417338e+08 1.416995e+08 1.413977e+08 1.409058e+08 1.406141e+08 1.412232e+08 1.433387e+08 1.471293e+08 1.582210e+08 1.702010e+08 1.801873e+08 1.875216e+08 1.925065e+08 1.955977e+08 1.786112e+08 1.473410e+08 1.212523e+08 1.007299e+08
1.340804e+08 1.340804e+08 1.340804e+08 1.340804e+08 1.340804e+08 1.340801e+08 1.340791e+08 1.340750e+08 1.340718e+08 1.340680e+08 1.340582e+08 1.340455e+08 1.340297e+08 1.340107e+08 1.339880e+08 1.339609e+08 1.339283e+08 1.336502e+08 1.332348e+08 1.331363e+08 1.341192e+08 1.367980e+08 1.412814e+08 1.537671e+08 1.667164e+08 1.771495e+08 1.845650e+08 1.894543e+08 1.924117e+08 1.758161e+08 1.449962e+08 1.195706e+08 9.952358e+07
1.266282e+08 1.266282e+08 1.266282e+08 1.266282e+08 1.266282e+08 1.266280e+08 1.266271e+08 1.266238e+08 1.266212e+08 1.266181e+08 1.266100e+08 1.265995e+08 1.265865e+08 1.265708e+08 1.265519e+08 1.265291e+08 1.265014e+08 1.262618e+08 1.259301e+08 1.260144e+08 1.273280e+08 1.304854e+08 1.355416e+08 1.491504e+08 1.628681e+08 1.736558e+08 1.811361e+08 1.859458e+08 1.887895e+08 1.728621e+08 1.426191e+08 1.178663e+08 9.830415e+07
1.195322e+08 1.195322e+08 1.195322e+08 1.195322e+08 1.195322e+08 1.195321e+08 1.195316e+08 1.195296e+08 1.195280e+08 1.195260e+08 1.195207e+08 1.195136e+08 1.195047e+08 1.194938e+08 1.194803e+08 1.194637e+08 1.194429e+08 1.192513e+08 1.190073e+08 1.192591e+08 1.208532e+08 1.243990e+08 1.299058e+08 1.443737e+08 1.586701e+08 1.697289e+08 1.772656e+08 1.820206e+08 1.847809e+08 1.697513e+08 1.402221e+08 1.161427e+08 9.707301e+07
1.128903e+08 1.128903e+08 1.128903e+08 1.128903e+08 1.128903e+08 1.128902e+08 1.128898e+08 1.128884e+08 1.128873e+08 1.128859e+08 1.128824e+08 1.128778e+08 1.128720e+08 1.128647e+08 1.128556e+08 1.128439e+08 1.128288e+08 1.126782e+08 1.125102e+08 1.129001e+08 1.147140e+08 1.185515e+08 1.243867e+08 1.394616e+08 1.541609e+08 1.654148e+08 1.730020e+08 1.777299e+08 1.804410e+08 1.664915e+08 1.378209e+08 1.144034e+08 9.583162e+07
1.067502e+08 1.067502e+08 1.067502e+08 1.067502e+08 1.067502e+08 1.067502e+08 1.067499e+08 1.067491e+08 1.067483e+08 1.067474e+08 1.067450e+08 1.067418e+08 1.067377e+08 1.067325e+08 1.067258e+08 1.067170e+08 1.067053e+08 1.065823e+08 1.064704e+08 1.069619e+08 1.089303e+08 1.129639e+08 1.190108e+08 1.344597e+08 1.494016e+08 1.607793e+08 1.684096e+08 1.731350e+08 1.758299e+08 1.630963e+08 1.354261e+08 1.126522e+08 9.458154e+07
1.011014e+08 1.011014e+08 1.011014e+08 1.011014e+08 1.011014e+08 1.011013e+08 1.011011e+08 1.011004e+08 1.010998e+08 1.010991e+08 1.010972e+08 1.010947e+08 1.010915e+08 1.010875e+08 1.010822e+08 1.010752e+08 1.010655e+08 1.009608e+08 1.008879e+08 1.014471e+08 1.035107e+08 1.076541e+08 1.138090e+08 1.294261e+08 1.444672e+08 1.559014e+08 1.635631e+08 1.683041e+08 1.710105e+08 1.595832e+08 1.330312e+08 1.108930e+08 9.332434e+07
9.590704e+07 9.590704e+07 9.590704e+07 9.590704e+07 9.590704e+07 9.590700e+07 9.590686e+07 9.590628e+07 9.590583e+07 9.590525e+07 9.590374e+07 9.590170e+07 9.589909e+07 9.589575e+07 9.589134e+07 9.588530e+07 9.587691e+07 9.578463e+07 9.573873e+07 9.633954e+07 9.845001e+07 1.026325e+08 1.088096e+08 1.244223e+08 1.394383e+08 1.508656e+08 1.585415e+08 1.633077e+08 1.660462e+08 1.559729e+08 1.306331e+08 1.091297e+08 9.206163e+07
9.112340e+07 9.112340e+07 9.112340e+07 9.112340e+07 9.112340e+07 9.112337e+07 9.112324e+07 9.112272e+07 9.112231e+07 9.112180e+07 9.112044e+07 9.111864e+07 9.111636e+07 9.111345e+07 9.110961e+07 9.110433e+07 9.109691e+07 9.101451e+07 9.098850e+07 9.161251e+07 9.373411e+07 9.790183e+07 1.040345e+08 1.195053e+08 1.343923e+08 1.457542e+08 1.534224e+08 1.582154e+08 1.609981e+08 1.522879e+08 1.282309e+08 1.073666e+08 9.079508e+07
8.670580e+07 8.670580e+07 8.670580e+07 8.670580e+07 8.670580e+07 8.670577e+07 8.670570e+07 8.670537e+07 8.670511e+07 8.670478e+07 8.670389e+07 8.670267e+07 8.670107e+07 8.669895e+07 8.669601e+07 8.669175e+07 8.668554e+07 8.661299e+07 8.660291e+07 8.723765e+07 8.934505e+07 9.345904e+07 9.949840e+07 1.147233e+08 1.293975e+08 1.406417e+08 1.482774e+08 1.530911e+08 1.559227e+08 1.485517e+08 1.258249e+08 1.056081e+08 8.952634e+07
8.263227e+07 8.263227e+07 8.263227e+07 8.263227e+07 8.263227e+07 8.263225e+07 8.263218e+07 8.263190e+07 8.263168e+07 8.263140e+07 8.263066e+07 8.262966e+07 8.262836e+07 8.262664e+07 8.262421e+07 8.262061e+07 8.261522e+07 8.255050e+07 8.255242e+07 8.318865e+07 8.526416e+07 8.929754e+07 9.520953e+07 1.101135e+08 1.245101e+08 1.355916e+08 1.431686e+08 1.479917e+08 1.508701e+08 1.447873e+08 1.234162e+08 1.038589e+08 8.825713e+07
7.887107e+07 7.887107e+07 7.887107e+07 7.887107e+07 7.887107e+07 7.887106e+07 7.887101e+07 7.887083e+07 7.887067e+07 7.887048e+07 7.886996e+07 7.886924e+07 7.886828e+07 7.886697e+07 7.886503e+07 7.886202e+07 7.885736e+07 7.879915e+07 7.880981e+07 7.944071e+07 8.147236e+07 8.540745e+07 9.116968e+07 1.057016e+08 1.197729e+08 1.306541e+08 1.381469e+08 1.429646e+08 1.458830e+08 1.410168e+08 1.210066e+08 1.021245e+08 8.698915e+07
7.539764e+07 7.539764e+07 7.539764e+07 7.539764e+07 7.539764e+07 7.539763e+07 7.539759e+07 7.539744e+07 7.539731e+07 7.539714e+07 7.539670e+07 7.539610e+07 7.539530e+07 7.539419e+07 7.539253e+07 7.538987e+07 7.538569e+07 7.533233e+07 7.534886e+07 7.596956e+07 7.794970e+07 8.177582e+07 8.737487e+07 1.015029e+08 1.152157e+08 1.258670e+08 1.332522e+08 1.380481e+08 1.409961e+08 1.372606e+08 1.185985e+08 1.004104e+08 8.572413e+07
7.218367e+07 7.218367e+07 7.218367e+07 7.218367e+07 7.218366e+07 7.218366e+07 7.218364e+07 7.218354e+07 7.218346e+07 7.218334e+07 7.218302e+07 7.218255e+07 7.218191e+07 7.218097e+07 7.217951e+07 7.217711e+07 7.217326e+07 7.212351e+07 7.214375e+07 7.275106e+07 7.467540e+07 7.838711e+07 8.381632e+07 9.752342e+07 1.108569e+08 1.212561e+08 1.285132e+08 1.332708e+08 1.362364e+08 1.335370e+08 1.161947e+08 9.871482e+07 8.446379e+07
6.920477e+07 6.920477e+07 6.920477e+07 6.920477e+07 6.920476e+07 6.920475e+07 6.920471e+07 6.920453e+07 6.920438e+07 6.920421e+07 6.920374e+07 6.920314e+07 6.920236e+07 6.920133e+07 6.919981e+07 6.919743e+07 6.919369e+07 6.914654e+07 6.916925e+07 6.976163e+07 7.162857e+07 7.522430e+07 8.048193e+07 9.376225e+07 1.067053e+08 1.168371e+08 1.239494e+08 1.286533e+08 1.316238e+08 1.298620e+08 1.137983e+08 9.703623e+07 8.320990e+07
6.642927e+07 6.642927e+07 6.642927e+07 6.642927e+07 6.642927e+07 6.642927e+07 6.642926e+07 6.642920e+07 6.642915e+07 6.642908e+07 6.642886e+07 6.642852e+07 6.642804e+07 6.642732e+07 6.642613e+07 6.642412e+07 6.642080e+07 6.637721e+07 6.640253e+07 6.697980e+07 6.878955e+07 7.227032e+07 7.735798e+07 9.021366e+07 1.027630e+08 1.126179e+08 1.195723e+08 1.242087e+08 1.271719e+08 1.262493e+08 1.114129e+08 9.537396e+07 8.196420e+07
6.384610e+07 6.384610e+07 6.384610e+07 6.384610e+07 6.384610e+07 6.384609e+07 6.384607e+07 6.384598e+07 6.384590e+07 6.384581e+07 6.384555e+07 6.384520e+07 6.384474e+07 6.384407e+07 6.384300e+07 6.384117e+07 6.383813e+07 6.379764e+07 6.382521e+07 6.438733e+07 6.614087e+07 6.950911e+07 7.443043e+07 8.686886e+07 9.902672e+07 1.086000e+08 1.153868e+08 1.199442e+08 1.228887e+08 1.227101e+08 1.090421e+08 9.372776e+07 8.072851e+07
6.143638e+07 6.143638e+07 6.143638e+07 6.143638e+07 6.143638e+07 6.143638e+07 6.143638e+07 6.143636e+07 6.143634e+07 6.143631e+07 6.143620e+07 6.143602e+07 6.143575e+07 6.143529e+07 6.143445e+07 6.143288e+07 6.143016e+07 6.139256e+07 6.142181e+07 6.196862e+07 6.366712e+07 6.692589e+07 7.168561e+07 8.371734e+07 9.548976e+07 1.047804e+08 1.113933e+08 1.158624e+08 1.187782e+08 1.192536e+08 1.066897e+08 9.209761e+07 7.950474e+07
5.918976e+07 5.918976e+07 5.918976e+07 5.918976e+07 5.918976e+07 5.918976e+07 5.918975e+07 5.918969e+07 5.918964e+07 5.918958e+07 5.918942e+07 5.918919e+07 5.918889e+07 5.918842e+07 5.918760e+07 5.918611e+07 5.918354e+07 5.914800e+07 5.917819e+07 5.970949e+07 6.135427e+07 6.450701e+07 6.911038e+07 8.074776e+07 9.214329e+07 1.011532e+08 1.075883e+08 1.119620e+08 1.148406e+08 1.158869e+08 1.043595e+08 9.048365e+07 7.829502e+07
5.708893e+07 5.708893e+07 5.708893e+07 5.708893e+07 5.708893e+07 5.708893e+07 5.708893e+07 5.708892e+07 5.708890e+07 5.708887e+07 5.708878e+07 5.708864e+07 5.708843e+07 5.708806e+07 5.708736e+07 5.708602e+07 5.708364e+07 5.705013e+07 5.708087e+07 5.759672e+07 5.918931e+07 6.223961e+07 6.669218e+07 7.794839e+07 8.897713e+07 9.771029e+07 1.039661e+08 1.082392e+08 1.110738e+08 1.126150e+08 1.020551e+08 8.888611e+07 7.710199e+07
5.512331e+07 5.512331e+07 5.512331e+07 5.512331e+07 5.512331e+07 5.512331e+07 5.512331e+07 5.512329e+07 5.512328e+07 5.512326e+07 5.512319e+07 5.512308e+07 5.512291e+07 5.512261e+07 5.512199e+07 5.512076e+07 5.511853e+07 5.508670e+07 5.511751e+07 5.561800e+07 5.716000e+07 6.011159e+07 6.441893e+07 7.530746e+07 8.598047e+07 9.444246e+07 1.005194e+08 1.046886e+08 1.074738e+08 1.094417e+08 9.978019e+07 8.730533e+07 7.592535e+07
5.328229e+07 5.328229e+07 5.328229e+07 5.328229e+07 5.328229e+07 5.328229e+07 5.328228e+07 5.328226e+07 5.328223e+07 5.328219e+07 5.328208e+07 5.328192e+07 5.328169e+07 5.328131e+07 5.328062e+07 5.327934e+07 5.327710e+07 5.324611e+07 5.327636e+07 5.376163e+07 5.525479e+07 5.811140e+07 6.227908e+07 7.281344e+07 8.314233e+07 9.133993e+07 9.723989e+07 1.013034e+08 1.040352e+08 1.063690e+08 9.753804e+07 8.574173e+07 7.476400e+07
5.155102e+07 5.155102e+07 5.155102e+07 5.155102e+07 5.155102e+07 5.155102e+07 5.155100e+07 5.155094e+07 5.155089e+07 5.155083e+07 5.155067e+07 5.155046e+07 5.155019e+07 5.154978e+07 5.154908e+07 5.154781e+07 5.154564e+07 5.151580e+07 5.154574e+07 5.201652e+07 5.346285e+07 5.622827e+07 6.026174e+07 7.045526e+07 8.045198e+07 8.839285e+07 9.411896e+07 9.807646e+07 1.007521e+08 1.033981e+08 9.533180e+07 8.419576e+07 7.361742e+07
4.991812e+07 4.991812e+07 4.991812e+07 4.991812e+07 4.991812e+07 4.991812e+07 4.991812e+07 4.991811e+07 4.991811e+07 4.991810e+07 4.991806e+07 4.991799e+07 4.991788e+07 4.991764e+07 4.991712e+07 4.991605e+07 4.991409e+07 4.988603e+07 4.991606e+07 5.037316e+07 5.177461e+07 5.445245e+07 5.835692e+07 6.822259e+07 7.789927e+07 8.559172e+07 9.114808e+07 9.500017e+07 9.761781e+07 1.005289e+08 9.316429e+07 8.266795e+07 7.248528e+07
4.838142e+07 4.838142e+07 4.838142e+07 4.838142e+07 4.838142e+07 4.838141e+07 4.838141e+07 4.838137e+07 4.838134e+07 4.838130e+07 4.838120e+07 4.838107e+07 4.838088e+07 4.838057e+07 4.838001e+07 4.837893e+07 4.837701e+07 4.835003e+07 4.837989e+07 4.882370e+07 5.018187e+07 5.277537e+07 5.655569e+07 6.610607e+07 7.547484e+07 8.292759e+07 8.831899e+07 9.206713e+07 9.462589e+07 9.776060e+07 9.103798e+07 8.115884e+07 7.136735e+07
4.692966e+07 4.692966e+07 4.692966e+07 4.692966e+07 4.692966e+07 4.692966e+07 4.692966e+07 4.692966e+07 4.692966e+07 4.692965e+07 4.692962e+07 4.692957e+07 4.692947e+07 4.692927e+07 4.692882e+07 4.692787e+07 4.692611e+07 4.690058e+07 4.693035e+07 4.736119e+07 4.867743e+07 5.118948e+07 5.485020e+07 6.409739e+07 7.317027e+07 8.039226e+07 8.562392e+07 8.927016e+07 9.176976e+07 9.509188e+07 8.895505e+07 7.966900e+07 7.026348e+07
4.555948e+07 4.555948e+07 4.555948e+07 4.555948e+07 4.555948e+07 4.555948e+07 4.555949e+07 4.555949e+07 4.555949e+07 4.555949e+07 4.555948e+07 4.555946e+07 4.555941e+07 4.555927e+07 4.555889e+07 4.555805e+07 4.555642e+07 4.553217e+07 4.556160e+07 4.597955e+07 4.725492e+07 4.968816e+07 5.323357e+07 6.218929e+07 7.097807e+07 7.797822e+07 8.305559e+07 8.660238e+07 8.904300e+07 9.252077e+07 8.691729e+07 7.819904e+07 6.917353e+07
4.426644e+07 4.426644e+07 4.426644e+07 4.426644e+07 4.426644e+07 4.426644e+07 4.426644e+07 4.426644e+07 4.426644e+07 4.426643e+07 4.426642e+07 4.426638e+07 4.426631e+07 4.426614e+07 4.426575e+07 4.426489e+07 4.426328e+07 4.423963e+07 4.426808e+07 4.467299e+07 4.590845e+07 4.826545e+07 5.169975e+07 6.037540e+07 6.889160e+07 7.567868e+07 8.060725e+07 8.405725e+07 8.643942e+07 9.004492e+07 8.492619e+07 7.674954e+07 6.809744e+07
4.304328e+07 4.304328e+07 4.304328e+07 4.304328e+07 4.304328e+07 4.304328e+07 4.304327e+07 4.304324e+07 4.304322e+07 4.304319e+07 4.304310e+07 4.304299e+07 4.304283e+07 4.304258e+07 4.304211e+07 4.304118e+07 4.303953e+07 4.301620e+07 4.304345e+07 4.343549e+07 4.463228e+07 4.691577e+07 5.024321e+07 5.865005e+07 6.690484e+07 7.348739e+07 7.827258e+07 8.162855e+07 8.395304e+07 8.766170e+07 8.298288e+07 7.532110e+07 6.703514e+07
4.188097e+07 4.188097e+07 4.188097e+07 4.188097e+07 4.188097e+07 4.188097e+07 4.188097e+07 4.188096e+07 4.188095e+07 4.188093e+07 4.188089e+07 4.188082e+07 4.188071e+07 4.188050e+07 4.188008e+07 4.187922e+07 4.187765e+07 4.185512e+07 4.188149e+07 4.226128e+07 4.342095e+07 4.563389e+07 4.885883e+07 5.700801e+07 6.501224e+07 7.139851e+07 7.604563e+07 7.931038e+07 8.157810e+07 8.536826e+07 8.108817e+07 7.391429e+07 6.598660e+07
4.077664e+07 4.077664e+07 4.077664e+07 4.077664e+07 4.077664e+07 4.077664e+07 4.077664e+07 4.077664e+07 4.077663e+07 4.077661e+07 4.077658e+07 4.077652e+07 4.077643e+07 4.077626e+07 4.077587e+07 4.077506e+07 4.077356e+07 4.075183e+07 4.077740e+07 4.114550e+07 4.226966e+07 4.441507e+07 4.754189e+07 5.544438e+07 6.320859e+07 6.940653e+07 7.392071e+07 7.709705e+07 7.930904e+07 8.316160e+07 7.924259e+07 7.252966e+07 6.495179e+07
3.972685e+07 3.972685e+07 3.972685e+07 3.972685e+07 3.972685e+07 3.972685e+07 3.972684e+07 3.972683e+07 3.972681e+07 3.972679e+07 3.972673e+07 3.972665e+07 3.972654e+07 3.972634e+07 3.972593e+07 3.972511e+07 3.972363e+07 3.970241e+07 3.972707e+07 4.008393e+07 4.117412e+07 4.325496e+07 4.628797e+07 5.395447e+07 6.148885e+07 6.750615e+07 7.189241e+07 7.498312e+07 7.714051e+07 8.103862e+07 7.744639e+07 7.116774e+07 6.393071e+07
3.872644e+07 3.872644e+07 3.872644e+07 3.872644e+07 3.872644e+07 3.872644e+07 3.872644e+07 3.872642e+07 3.872640e+07 3.872638e+07 3.872633e+07 3.872625e+07 3.872613e+07 3.872593e+07 3.872553e+07 3.872474e+07 3.872329e+07 3.870264e+07 3.872645e+07 3.907259e+07 4.013036e+07 4.214956e+07 4.509294e+07 5.253383e+07 5.984823e+07 6.569231e+07 6.995548e+07 7.296332e+07 7.506731e+07 7.899617e+07 7.569957e+07 6.982900e+07 6.292337e+07
3.777184e+07 3.777184e+07 3.777184e+07 3.777184e+07 3.777184e+07 3.777184e+07 3.777183e+07 3.777181e+07 3.777180e+07 3.777178e+07 3.777173e+07 3.777165e+07 3.777154e+07 3.777136e+07 3.777098e+07 3.777021e+07 3.776882e+07 3.774881e+07 3.777193e+07 3.810793e+07 3.913481e+07 4.109518e+07 4.395297e+07 5.117821e+07 5.828209e+07 6.396010e+07 6.810490e+07 7.103262e+07 7.308447e+07 7.703111e+07 7.400190e+07 6.851387e+07 6.192979e+07
3.686014e+07 3.686014e+07 3.686014e+07 3.686014e+07 3.686014e+07 3.686014e+07 3.686014e+07 3.686012e+07 3.686011e+07 3.686010e+07 3.686006e+07 3.686000e+07 3.685991e+07 3.685974e+07 3.685939e+07 3.685867e+07 3.685734e+07 3.683799e+07 3.686050e+07 3.718687e+07 3.818430e+07 4.008851e+07 4.286454e+07 4.988362e+07 5.678604e+07 6.230485e+07 6.633585e+07 6.918615e+07 7.118719e+07 7.514029e+07 7.235295e+07 6.722274e+07 6.094998e+07
3.598913e+07 3.598913e+07 3.598913e+07 3.598913e+07 3.598913e+07 3.598913e+07 3.598913e+07 3.598912e+07 3.598910e+07 3.598909e+07 3.598905e+07 3.598900e+07 3.598891e+07 3.598876e+07 3.598842e+07 3.598773e+07 3.598644e+07 3.596769e+07 3.598960e+07 3.630676e+07 3.727604e+07 3.912656e+07 4.182440e+07 4.864632e+07 5.535590e+07 6.072210e+07 6.464373e+07 6.741928e+07 6.937087e+07 7.332063e+07 7.075214e+07 6.595594e+07 5.998399e+07
3.515625e+07 3.515625e+07 3.515625e+07 3.515625e+07 3.515625e+07 3.515625e+07 3.515624e+07 3.515623e+07 3.515622e+07 3.515621e+07 3.515617e+07 3.515612e+07 3.515605e+07 3.515590e+07 3.515559e+07 3.515492e+07 3.515368e+07 3.513554e+07 3.515687e+07 3.546519e+07 3.640748e+07 3.820657e+07 4.082958e+07 4.746279e+07 5.398772e+07 5.920762e+07 6.302415e+07 6.572757e+07 6.763111e+07 7.156908e+07 6.919872e+07 6.471373e+07 5.903185e+07
3.435931e+07 3.435931e+07 3.435931e+07 3.435931e+07 3.435931e+07 3.435931e+07 3.435931e+07 3.435931e+07 3.435931e+07 3.435930e+07 3.435928e+07 3.435925e+07 3.435920e+07 3.435909e+07 3.435881e+07 3.435819e+07 3.435701e+07 3.433944e+07 3.436016e+07 3.465989e+07 3.557622e+07 3.732598e+07 3.987728e+07 4.632974e+07 5.267779e+07 5.775741e+07 6.147296e+07 6.410683e+07 6.596373e+07 6.988269e+07 6.769182e+07 6.349632e+07 5.809360e+07
3.359707e+07 3.359707e+07 3.359707e+07 3.359707e+07 3.359707e+07 3.359707e+07 3.359707e+07 3.359706e+07 3.359706e+07 3.359705e+07 3.359702e+07 3.359698e+07 3.359691e+07 3.359678e+07 3.359648e+07 3.359585e+07 3.359468e+07 3.357742e+07 3.359731e+07 3.388861e+07 3.477989e+07 3.648227e+07 3.896479e+07 4.524405e+07 5.142262e+07 5.636770e+07 5.998624e+07 6.255307e+07 6.436476e+07 6.825859e+07 6.623047e+07 6.230385e+07 5.716928e+07
3.286650e+07 3.286650e+07 3.286650e+07 3.286650e+07 3.286650e+07 3.286650e+07 3.286650e+07 3.286648e+07 3.286646e+07 3.286645e+07 3.286640e+07 3.286633e+07 3.286624e+07 3.286608e+07 3.286575e+07 3.286510e+07 3.286391e+07 3.284682e+07 3.286579e+07 3.314888e+07 3.401605e+07 3.567294e+07 3.808951e+07 4.420278e+07 5.021890e+07 5.503495e+07 5.856029e+07 6.106252e+07 6.283043e+07 6.669399e+07 6.481362e+07 6.113642e+07 5.625894e+07
3.216433e+07 3.216433e+07 3.216433e+07 3.216433e+07 3.216433e+07 3.216433e+07 3.216432e+07 3.216430e+07 3.216428e+07 3.216426e+07 3.216420e+07 3.216413e+07 3.216402e+07 3.216384e+07 3.216350e+07 3.216284e+07 3.216166e+07 3.214481e+07 3.216294e+07 3.243818e+07 3.328226e+07 3.489557e+07 3.724894e+07 4.320316e+07 4.906358e+07 5.375584e+07 5.719165e+07 5.963166e+07 6.135720e+07 6.518622e+07 6.344014e+07 5.999405e+07 5.536262e+07
3.148819e+07 3.148819e+07 3.148819e+07 3.148819e+07 3.148819e+07 3.148819e+07 3.148818e+07 3.148816e+07 3.148814e+07 3.148812e+07 3.148806e+07 3.148798e+07 3.148787e+07 3.148769e+07 3.148735e+07 3.148670e+07 3.148554e+07 3.146902e+07 3.148646e+07 3.175429e+07 3.257632e+07 3.414793e+07 3.644080e+07 4.224263e+07 4.795376e+07 5.252726e+07 5.587705e+07 5.825714e+07 5.994171e+07 6.373270e+07 6.210887e+07 5.887670e+07 5.448036e+07
3.083629e+07 3.083629e+07 3.083629e+07 3.083629e+07 3.083629e+07 3.083629e+07 3.083628e+07 3.083626e+07 3.083625e+07 3.083623e+07 3.083618e+07 3.083611e+07 3.083601e+07 3.083584e+07 3.083552e+07 3.083490e+07 3.083377e+07 3.081767e+07 3.083455e+07 3.109538e+07 3.189637e+07 3.342811e+07 3.566304e+07 4.131882e+07 4.688681e+07 5.134633e+07 5.461345e+07 5.693584e+07 5.858083e+07 6.233097e+07 6.081859e+07 5.778429e+07 5.361218e+07
3.020762e+07 3.020762e+07 3.020762e+07 3.020762e+07 3.020762e+07 3.020761e+07 3.020761e+07 3.020759e+07 3.020757e+07 3.020756e+07 3.020750e+07 3.020743e+07 3.020734e+07 3.020718e+07 3.020687e+07 3.020626e+07 3.020516e+07 3.018945e+07 3.020582e+07 3.045998e+07 3.124087e+07 3.273442e+07 3.491383e+07 4.042959e+07 4.586024e+07 5.021033e+07 5.339802e+07 5.566485e+07 5.727160e+07 6.097866e+07 5.956809e+07 5.671669e+07 5.275811e+07
2.960091e+07 2.960091e+07 2.960091e+07 2.960091e+07 2.960091e+07 2.960090e+07 2.960090e+07 2.960088e+07 2.960087e+07 2.960085e+07 2.960080e+07 2.960073e+07 2.960064e+07 2.960049e+07 2.960019e+07 2.959959e+07 2.959852e+07 2.958318e+07 2.959904e+07 2.984682e+07 3.060845e+07 3.206538e+07 3.419155e+07 3.957298e+07 4.487180e+07 4.911679e+07 5.222810e+07 5.444143e+07 5.601125e+07 5.967352e+07 5.835611e+07 5.567369e+07 5.191816e+07
2.901502e+07 2.901502e+07 2.901502e+07 2.901502e+07 2.901502e+07 2.901502e+07 2.901501e+07 2.901499e+07 2.901498e+07 2.901496e+07 2.901491e+07 2.901485e+07 2.901475e+07 2.901460e+07 2.901431e+07 2.901373e+07 2.901269e+07 2.899768e+07 2.901306e+07 2.925472e+07 2.999786e+07 3.141967e+07 3.349474e+07 3.874718e+07 4.391937e+07 4.806336e+07 5.110121e+07 5.326302e+07 5.479719e+07 5.841339e+07 5.718142e+07 5.465507e+07 5.109235e+07
2.844879e+07 2.844879e+07 2.844879e+07 2.844879e+07 2.844879e+07 2.844879e+07 2.844879e+07 2.844877e+07 2.844875e+07 2.844873e+07 2.844869e+07 2.844862e+07 2.844853e+07 2.844839e+07 2.844810e+07 2.844753e+07 2.844651e+07 2.843184e+07 2.844679e+07 2.868258e+07 2.940799e+07 3.079606e+07 3.282203e+07 3.795053e+07 4.300101e+07 4.704788e+07 5.001506e+07 5.212724e+07 5.362700e+07 5.719623e+07 5.604278e+07 5.366055e+07 5.028067e+07
2.790117e+07 2.790117e+07 2.790117e+07 2.790117e+07 2.790117e+07 2.790117e+07 2.790116e+07 2.790115e+07 2.790113e+07 2.790111e+07 2.790107e+07 2.790101e+07 2.790093e+07 2.790079e+07 2.790052e+07 2.789997e+07 2.789898e+07 2.788468e+07 2.789923e+07 2.812941e+07 2.883778e+07 3.019342e+07 3.217219e+07 3.718149e+07 4.211492e+07 4.606836e+07 4.896751e+07 5.103187e+07 5.249841e+07 5.602010e+07 5.493895e+07 5.268982e+07 4.948310e+07
2.737141e+07 2.737141e+07 2.737141e+07 2.737141e+07 2.737141e+07 2.737140e+07 2.737140e+07 2.737139e+07 2.737138e+07 2.737136e+07 2.737133e+07 2.737128e+07 2.737120e+07 2.737108e+07 2.737082e+07 2.737030e+07 2.736934e+07 2.735539e+07 2.736957e+07 2.759435e+07 2.828632e+07 2.961074e+07 3.154407e+07 3.643865e+07 4.125941e+07 4.512291e+07 4.795656e+07 4.997482e+07 5.140929e+07 5.488313e+07 5.386873e+07 5.174254e+07 4.869961e+07
2.685898e+07 2.685898e+07 2.685898e+07 2.685898e+07 2.685898e+07 2.685898e+07 2.685897e+07 2.685896e+07 2.685895e+07 2.685894e+07 2.685890e+07 2.685885e+07 2.685877e+07 2.685865e+07 2.685839e+07 2.685788e+07 2.685694e+07 2.684327e+07 2.685703e+07 2.707656e+07 2.775270e+07 2.904703e+07 3.093659e+07 3.572067e+07 4.043292e+07 4.420981e+07 4.698034e+07 4.895417e+07 5.035768e+07 5.378358e+07 5.283094e+07 5.081831e+07 4.793017e+07
2.636285e+07 2.636285e+07 2.636285e+07 2.636285e+07 2.636285e+07 2.636285e+07 2.636284e+07 2.636283e+07 2.636281e+07 2.636280e+07 2.636276e+07 2.636270e+07 2.636263e+07 2.636250e+07 2.636224e+07 2.636174e+07 2.636081e+07 2.634739e+07 2.636073e+07 2.657519e+07 2.723604e+07 2.850134e+07 3.034870e+07 3.502629e+07 3.963400e+07 4.332742e+07 4.603712e+07 4.796810e+07 4.934171e+07 5.271979e+07 5.182442e+07 4.991676e+07 4.717473e+07
2.588197e+07 2.588197e+07 2.588197e+07 2.588197e+07 2.588197e+07 2.588197e+07 2.588197e+07 2.588195e+07 2.588194e+07 2.588192e+07 2.588189e+07 2.588183e+07 2.588176e+07 2.588164e+07 2.588139e+07 2.588090e+07 2.587999e+07 2.586686e+07 2.587980e+07 2.608936e+07 2.673546e+07 2.797277e+07 2.977942e+07 3.435434e+07 3.886127e+07 4.247424e+07 4.512529e+07 4.701493e+07 4.835967e+07 5.169016e+07 5.084803e+07 4.903744e+07 4.643321e+07
2.541571e+07 2.541571e+07 2.541571e+07 2.541571e+07 2.541571e+07 2.541571e+07 2.541571e+07 2.541570e+07 2.541569e+07 2.541567e+07 2.541564e+07 2.541559e+07 2.541553e+07 2.541542e+07 2.541518e+07 2.541470e+07 2.541382e+07 2.540095e+07 2.541351e+07 2.561831e+07 2.625015e+07 2.746043e+07 2.922782e+07 3.370371e+07 3.811346e+07 4.164884e+07 4.424333e+07 4.609307e+07 4.740991e+07 5.069322e+07 4.990068e+07 4.817991e+07 4.570555e+07
2.496362e+07 2.496362e+07 2.496362e+07 2.496362e+07 2.496362e+07 2.496362e+07 2.496362e+07 2.496360e+07 2.496359e+07 2.496358e+07 2.496354e+07 2.496349e+07 2.496342e+07 2.496330e+07 2.496306e+07 2.496257e+07 2.496170e+07 2.494899e+07 2.496108e+07 2.516123e+07 2.577929e+07 2.696348e+07 2.869299e+07 3.307337e+07 3.738938e+07 4.084992e+07 4.338983e+07 4.520105e+07 4.649095e+07 4.972753e+07 4.898130e+07 4.734373e+07 4.499164e+07
2.452461e+07 2.452461e+07 2.452461e+07 2.452461e+07 2.452461e+07 2.452461e+07 2.452460e+07 2.452458e+07 2.452456e+07 2.452454e+07 2.452449e+07 2.452443e+07 2.452434e+07 2.452419e+07 2.452393e+07 2.452344e+07 2.452255e+07 2.450996e+07 2.452159e+07 2.471727e+07 2.532205e+07 2.648110e+07 2.817408e+07 3.246234e+07 3.668792e+07 4.007624e+07 4.256347e+07 4.433749e+07 4.560134e+07 4.879177e+07 4.808885e+07 4.652842e+07 4.429139e+07
2.409715e+07 2.409715e+07 2.409715e+07 2.409715e+07 2.409715e+07 2.409715e+07 2.409715e+07 2.409713e+07 2.409711e+07 2.409709e+07 2.409704e+07 2.409698e+07 2.409689e+07 2.409675e+07 2.409650e+07 2.409602e+07 2.409515e+07 2.408282e+07 2.409414e+07 2.428563e+07 2.487769e+07 2.601254e+07 2.767032e+07 3.186973e+07 3.600804e+07 3.932666e+07 4.176301e+07 4.350110e+07 4.473976e+07 4.788465e+07 4.722235e+07 4.573350e+07 4.360468e+07
2.368086e+07 2.368086e+07 2.368086e+07 2.368086e+07 2.368086e+07 2.368086e+07 2.368085e+07 2.368084e+07 2.368083e+07 2.368082e+07 2.368079e+07 2.368075e+07 2.368068e+07 2.368058e+07 2.368036e+07 2.367991e+07 2.367909e+07 2.366713e+07 2.367827e+07 2.386580e+07 2.444566e+07 2.555722e+07 2.718106e+07 3.129473e+07 3.534879e+07 3.860009e+07 4.098729e+07 4.269066e+07 4.390495e+07 4.700498e+07 4.638082e+07 4.495849e+07 4.293137e+07
2.327624e+07 2.327624e+07 2.327624e+07 2.327624e+07 2.327624e+07 2.327624e+07 2.327624e+07 2.327623e+07 2.327622e+07 2.327621e+07 2.327618e+07 2.327614e+07 2.327608e+07 2.327597e+07 2.327576e+07 2.327533e+07 2.327454e+07 2.326285e+07 2.327378e+07 2.345748e+07 2.402557e+07 2.511465e+07 2.670573e+07 3.073661e+07 3.470928e+07 3.789553e+07 4.023524e+07 4.190504e+07 4.309575e+07 4.615162e+07 4.556336e+07 4.420289e+07 4.227134e+07
2.288289e+07 2.288289e+07 2.288289e+07 2.288289e+07 2.288289e+07 2.288289e+07 2.288288e+07 2.288287e+07 2.288286e+07 2.288285e+07 2.288282e+07 2.288278e+07 2.288272e+07 2.288262e+07 2.288241e+07 2.288199e+07 2.288121e+07 2.286975e+07 2.288041e+07 2.306038e+07 2.361707e+07 2.468441e+07 2.624382e+07 3.019467e+07 3.408869e+07 3.721206e+07 3.950584e+07 4.114315e+07 4.231105e+07 4.532347e+07 4.476905e+07 4.346623e+07 4.162443e+07
2.250027e+07 2.250027e+07 2.250027e+07 2.250027e+07 2.250027e+07 2.250027e+07 2.250027e+07 2.250026e+07 2.250025e+07 2.250024e+07 2.250021e+07 2.250016e+07 2.250011e+07 2.250001e+07 2.249980e+07 2.249939e+07 2.249862e+07 2.248737e+07 2.249777e+07 2.267410e+07 2.321975e+07 2.426606e+07 2.579484e+07 2.966829e+07 3.348623e+07 3.654877e+07 3.879813e+07 4.040401e+07 4.154981e+07 4.451953e+07 4.399705e+07 4.274801e+07 4.099048e+07
2.212790e+07 2.212790e+07 2.212790e+07 2.212790e+07 2.212790e+07 2.212790e+07 2.212789e+07 2.212788e+07 2.212787e+07 2.212786e+07 2.212784e+07 2.212780e+07 2.212774e+07 2.212765e+07 2.212745e+07 2.212705e+07 2.212630e+07 2.211527e+07 2.212542e+07 2.229824e+07 2.283321e+07 2.385916e+07 2.535829e+07 2.915685e+07 3.290116e+07 3.590485e+07 3.811120e+07 3.968665e+07 4.081105e+07 4.373882e+07 4.324654e+07 4.204774e+07 4.036933e+07
2.176544e+07 2.176544e+07 2.176544e+07 2.176544e+07 2.176544e+07 2.176543e+07 2.176543e+07 2.176542e+07 2.176541e+07 2.176540e+07 2.176538e+07 2.176534e+07 2.176529e+07 2.176520e+07 2.176501e+07 2.176462e+07 2.176389e+07 2.175306e+07 2.176298e+07 2.193240e+07 2.245703e+07 2.346328e+07 2.493372e+07 2.865976e+07 3.233280e+07 3.527950e+07 3.744421e+07 3.899018e+07 4.009384e+07 4.298041e+07 4.251672e+07 4.136494e+07 3.976079e+07
2.141256e+07 2.141256e+07 2.141256e+07 2.141256e+07 2.141256e+07 2.141256e+07 2.141255e+07 2.141254e+07 2.141253e+07 2.141252e+07 2.141250e+07 2.141246e+07 2.141241e+07 2.141232e+07 2.141214e+07 2.141175e+07 2.141104e+07 2.140041e+07 2.141009e+07 2.157623e+07 2.209084e+07 2.307801e+07 2.452066e+07 2.817647e+07 3.178048e+07 3.467198e+07 3.679636e+07 3.831377e+07 3.939731e+07 4.224344e+07 4.180685e+07 4.069912e+07 3.916469e+07
