2.860291e+02 9.237227e+01 6.543945e+01 6.562154e+01 6.456668e+01 4.120514e+01 3.326680e+01 3.443969e+01 3.855063e+01 4.357910e+01 5.442287e+01 6.419583e+01 7.141732e+01 7.587885e+01 7.818039e+01 7.909357e+01 7.924057e+01 7.853887e+01 8.181675e+01 8.884766e+01 9.939071e+01 1.147497e+02 1.368794e+02 2.082454e+02 3.220881e+02 4.809412e+02 6.856397e+02 9.379755e+02 1.241124e+03 7.463381e+03 1.719209e+04 2.616713e+04 3.277936e+04
2.936773e+01 2.938206e+01 2.938214e+01 2.938201e+01 2.937335e+01 2.887903e+01 2.945469e+01 3.603285e+01 4.112478e+01 4.658749e+01 5.738434e+01 6.651973e+01 7.299085e+01 7.683949e+01 7.872871e+01 7.939851e+01 7.941775e+01 7.869178e+01 8.208773e+01 8.921071e+01 9.985033e+01 1.153454e+02 1.376713e+02 2.096209e+02 3.242424e+02 4.839800e+02 6.896111e+02 9.429081e+02 1.247050e+03 7.481037e+03 1.721713e+04 2.619203e+04 3.280030e+04
2.934350e+01 2.934345e+01 2.934356e+01 2.934680e+01 2.935598e+01 2.986635e+01 3.253661e+01 4.166165e+01 4.657862e+01 5.171308e+01 6.155550e+01 6.947423e+01 7.484247e+01 7.789306e+01 7.928773e+01 7.968537e+01 7.957219e+01 7.885240e+01 8.237909e+01 8.959776e+01 1.003369e+02 1.159731e+02 1.385025e+02 2.110548e+02 3.264748e+02 4.871133e+02 6.936898e+02 9.479580e+02 1.253101e+03 7.498876e+03 1.724233e+04 2.621704e+04 3.282130e+04
4.061342e+01 4.061347e+01 4.061366e+01 4.061937e+01 4.063654e+01 4.136672e+01 4.352477e+01 5.116233e+01 5.546111e+01 5.952309e+01 6.690433e+01 7.287596e+01 7.681321e+01 7.892911e+01 7.978727e+01 7.991122e+01 7.967792e+01 7.901843e+01 8.269080e+01 9.000921e+01 1.008511e+02 1.166336e+02 1.393743e+02 2.125490e+02 3.287873e+02 4.903433e+02 6.978780e+02 9.531273e+02 1.259280e+03 7.516898e+03 1.726770e+04 2.624216e+04 3.284236e+04
5.564520e+01 5.564526e+01 5.564546e+01 5.565157e+01 5.566999e+01 5.611555e+01 5.721819e+01 6.187901e+01 6.523103e+01 6.842313e+01 7.337415e+01 7.666672e+01 7.875319e+01 7.983332e+01 8.015481e+01 8.003259e+01 7.970915e+01 7.918735e+01 8.302263e+01 9.044533e+01 1.013934e+02 1.173279e+02 1.402880e+02 2.141053e+02 3.311822e+02 4.936724e+02 7.021780e+02 9.584181e+02 1.265588e+03 7.535105e+03 1.729323e+04 2.626739e+04 3.286349e+04
6.843438e+01 6.843441e+01 6.843453e+01 6.843815e+01 6.844896e+01 6.876101e+01 6.966329e+01 7.272700e+01 7.477636e+01 7.677848e+01 7.949663e+01 8.050261e+01 8.067764e+01 8.056858e+01 8.035446e+01 8.002565e+01 7.965101e+01 7.935725e+01 8.337423e+01 9.090624e+01 1.019644e+02 1.180569e+02 1.412447e+02 2.157257e+02 3.336617e+02 4.971027e+02 7.065917e+02 9.638323e+02 1.272027e+03 7.553498e+03 1.731893e+04 2.629273e+04 3.288468e+04
8.029319e+01 8.029323e+01 8.029333e+01 8.029643e+01 8.030594e+01 8.060966e+01 8.145148e+01 8.304770e+01 8.351931e+01 8.388790e+01 8.406832e+01 8.332854e+01 8.221053e+01 8.120441e+01 8.044235e+01 7.991052e+01 7.951271e+01 7.952786e+01 8.374527e+01 9.139199e+01 1.025645e+02 1.188214e+02 1.422458e+02 2.174120e+02 3.362280e+02 5.006366e+02 7.111216e+02 9.693721e+02 1.278600e+03 7.572079e+03 1.734479e+04 2.631818e+04 3.290594e+04
9.226644e+01 9.226647e+01 9.226657e+01 9.226951e+01 9.227855e+01 9.254181e+01 9.285793e+01 9.138641e+01 9.002379e+01 8.868291e+01 8.641594e+01 8.448434e+01 8.279645e+01 8.145724e+01 8.047502e+01 7.978553e+01 7.934177e+01 7.970191e+01 8.413577e+01 9.190262e+01 1.031941e+02 1.196222e+02 1.432926e+02 2.191661e+02 3.388834e+02 5.042764e+02 7.157697e+02 9.750394e+02 1.285308e+03 7.590849e+03 1.737082e+04 2.634374e+04 3.292726e+04
1.043370e+02 1.043365e+02 1.043351e+02 1.042946e+02 1.041928e+02 1.024702e+02 9.986136e+01 9.462770e+01 9.211218e+01 8.982146e+01 8.622993e+01 8.383786e+01 8.222939e+01 8.109696e+01 8.026934e+01 7.965991e+01 7.923667e+01 7.988645e+01 8.454633e+01 9.243822e+01 1.038536e+02 1.204602e+02 1.443863e+02 2.209902e+02 3.416301e+02 5.080244e+02 7.205382e+02 9.808363e+02 1.292153e+03 7.609809e+03 1.739702e+04 2.636941e+04 3.294864e+04
9.499564e+01 9.499563e+01 9.499563e+01 9.499557e+01 9.499506e+01 9.493896e+01 9.431585e+01 9.111533e+01 8.909961e+01 8.709544e+01 8.375564e+01 8.169148e+01 8.063969e+01 8.009867e+01 7.973145e+01 7.941851e+01 7.916343e+01 8.009421e+01 8.497848e+01 9.299908e+01 1.045434e+02 1.213363e+02 1.455282e+02 2.228862e+02 3.444707e+02 5.118829e+02 7.254295e+02 9.867649e+02 1.299137e+03 7.628960e+03 1.742338e+04 2.639520e+04 3.297009e+04
8.540147e+01 8.540147e+01 8.540146e+01 8.540137e+01 8.540101e+01 8.538335e+01 8.528522e+01 8.424045e+01 8.322217e+01 8.202844e+01 7.982125e+01 7.859606e+01 7.836004e+01 7.859777e+01 7.887024e+01 7.901228e+01 7.904751e+01 8.034529e+01 8.543504e+01 9.358576e+01 1.052640e+02 1.222513e+02 1.467198e+02 2.248560e+02 3.474072e+02 5.158544e+02 7.304456e+02 9.928272e+02 1.306262e+03 7.648304e+03 1.744991e+04 2.642109e+04 3.299160e+04
5.209042e+01 5.209042e+01 5.209044e+01 5.209104e+01 5.209290e+01 5.212934e+01 5.217752e+01 5.223663e+01 5.228643e+01 5.245494e+01 5.368593e+01 5.661830e+01 6.087520e+01 6.550415e+01 6.977516e+01 7.340319e+01 7.639286e+01 8.578393e+01 9.275311e+01 1.015110e+02 1.144645e+02 1.338346e+02 1.617249e+02 2.491182e+02 3.826051e+02 5.623148e+02 7.879721e+02 1.061254e+03 1.385673e+03 7.852626e+03 1.772459e+04 2.668618e+04 3.321026e+04
4.676067e+01 4.676067e+01 4.676067e+01 4.676059e+01 4.676034e+01 4.675351e+01 4.674010e+01 4.675133e+01 4.682429e+01 4.706322e+01 4.869689e+01 5.252968e+01 5.813563e+01 6.432220e+01 7.011815e+01 7.510246e+01 7.924899e+01 9.281794e+01 1.030956e+02 1.142644e+02 1.294958e+02 1.520437e+02 1.843925e+02 2.837116e+02 4.303953e+02 6.228587e+02 8.605003e+02 1.145298e+03 1.481210e+03 8.077628e+03 1.801668e+04 2.696252e+04 3.343528e+04
4.767912e+01 4.767912e+01 4.767912e+01 4.767905e+01 4.767884e+01 4.767853e+01 4.768966e+01 4.773712e+01 4.781729e+01 4.808051e+01 4.993523e+01 5.435831e+01 6.091118e+01 6.825084e+01 7.524844e+01 8.137638e+01 8.654992e+01 1.032424e+02 1.154444e+02 1.300536e+02 1.505910e+02 1.797351e+02 2.193711e+02 3.334709e+02 4.945491e+02 7.005049e+02 9.504859e+02 1.247020e+03 1.594682e+03 8.324568e+03 1.832671e+04 2.725021e+04 3.366661e+04
5.171968e+01 5.171968e+01 5.171968e+01 5.171961e+01 5.171941e+01 5.171379e+01 5.170873e+01 5.175374e+01 5.185798e+01 5.217519e+01 5.431873e+01 5.937929e+01 6.687973e+01 7.531655e+01 8.341427e+01 9.056593e+01 9.666061e+01 1.167266e+02 1.319986e+02 1.516892e+02 1.801205e+02 2.192545e+02 2.697277e+02 4.041944e+02 5.811118e+02 7.993860e+02 1.060851e+03 1.368659e+03 1.727947e+03 8.594680e+03 1.865516e+04 2.754929e+04 3.390416e+04
5.827955e+01 5.827955e+01 5.827955e+01 5.827967e+01 5.828004e+01 5.829148e+01 5.832008e+01 5.838875e+01 5.849103e+01 5.882447e+01 6.116906e+01 6.677394e+01 7.512664e+01 8.456728e+01 9.368244e+01 1.018017e+02 1.088105e+02 1.336764e+02 1.559322e+02 1.851947e+02 2.252559e+02 2.772836e+02 3.409817e+02 4.995191e+02 6.945416e+02 9.252342e+02 1.195733e+03 1.512987e+03 1.883140e+03 8.889183e+03 1.900245e+04 2.785978e+04 3.414781e+04
6.713423e+01 6.713423e+01 6.713423e+01 6.713414e+01 6.713386e+01 6.712485e+01 6.710237e+01 6.709066e+01 6.718394e+01 6.754038e+01 7.009760e+01 7.621996e+01 8.536841e+01 9.577808e+01 1.059623e+02 1.152434e+02 1.235425e+02 1.579955e+02 1.947015e+02 2.403178e+02 2.965530e+02 3.637612e+02 4.414119e+02 6.237603e+02 8.365973e+02 1.079784e+03 1.359415e+03 1.684212e+03 2.063143e+03 9.209301e+03 1.936894e+04 2.818165e+04 3.439743e+04
7.675267e+01 7.675267e+01 7.675267e+01 7.675277e+01 7.675307e+01 7.676273e+01 7.679322e+01 7.691847e+01 7.707933e+01 7.751464e+01 8.036559e+01 8.712428e+01 9.733618e+01 1.092316e+02 1.213223e+02 1.329637e+02 1.441178e+02 1.995882e+02 2.618484e+02 3.308292e+02 4.064615e+02 4.893140e+02 5.796068e+02 7.812240e+02 1.008381e+03 1.262655e+03 1.551464e+03 1.884825e+03 2.272357e+03 9.556293e+03 1.975493e+04 2.851483e+04 3.465286e+04
8.929314e+01 8.929314e+01 8.929315e+01 8.929354e+01 8.929476e+01 8.932709e+01 8.941000e+01 8.969785e+01 8.996879e+01 9.056783e+01 9.415146e+01 1.025553e+02 1.154994e+02 1.311596e+02 1.479597e+02 1.651935e+02 1.827481e+02 2.768431e+02 3.750940e+02 4.710362e+02 5.658014e+02 6.619579e+02 7.614386e+02 9.745466e+02 1.210022e+03 1.472599e+03 1.770375e+03 2.113532e+03 2.511754e+03 9.931498e+03 2.016067e+04 2.885919e+04 3.491391e+04
1.155253e+02 1.155253e+02 1.155253e+02 1.155252e+02 1.155250e+02 1.155192e+02 1.155064e+02 1.156172e+02 1.159375e+02 1.168188e+02 1.223011e+02 1.351865e+02 1.552808e+02 1.801009e+02 2.073031e+02 2.356124e+02 2.645334e+02 4.118741e+02 5.486863e+02 6.693577e+02 7.792328e+02 8.839719e+02 9.877415e+02 1.203231e+03 1.440293e+03 1.707808e+03 2.014250e+03 2.368826e+03 2.780225e+03 1.033639e+04 2.058635e+04 2.921457e+04 3.518039e+04
1.917711e+02 1.917710e+02 1.917710e+02 1.917704e+02 1.917683e+02 1.917027e+02 1.915148e+02 1.911543e+02 1.913441e+02 1.924262e+02 2.006002e+02 2.206621e+02 2.520287e+02 2.903619e+02 3.316094e+02 3.735431e+02 4.153007e+02 6.142789e+02 7.843837e+02 9.240608e+02 1.043084e+03 1.150666e+03 1.253558e+03 1.463223e+03 1.696458e+03 1.966292e+03 2.281426e+03 2.649392e+03 3.076932e+03 1.077265e+04 2.103212e+04 2.958076e+04 3.545205e+04
3.218244e+02 3.218244e+02 3.218245e+02 3.218256e+02 3.218292e+02 3.219451e+02 3.223033e+02 3.235879e+02 3.246810e+02 3.268565e+02 3.389973e+02 3.668916e+02 4.097201e+02 4.614280e+02 5.163755e+02 5.714947e+02 6.256443e+02 8.741802e+02 1.073092e+03 1.224994e+03 1.346337e+03 1.451113e+03 1.548900e+03 1.747662e+03 1.974754e+03 2.246306e+03 2.571066e+03 2.954729e+03 3.401600e+03 1.124223e+04 2.149806e+04 2.995753e+04 3.572865e+04
5.212817e+02 5.212817e+02 5.212817e+02 5.212816e+02 5.212813e+02 5.212714e+02 5.212589e+02 5.214057e+02 5.219583e+02 5.238705e+02 5.374524e+02 5.707199e+02 6.227547e+02 6.861451e+02 7.538416e+02 8.218179e+02 8.883587e+02 1.183207e+03 1.400658e+03 1.554812e+03 1.671655e+03 1.769773e+03 1.860748e+03 2.048734e+03 2.271556e+03 2.546951e+03 2.883596e+03 3.285627e+03 3.754972e+03 1.174753e+04 2.198424e+04 3.034457e+04 3.600991e+04
7.370785e+02 7.370785e+02 7.370785e+02 7.370787e+02 7.370794e+02 7.371005e+02 7.371704e+02 7.376067e+02 7.384818e+02 7.411266e+02 7.589403e+02 8.018055e+02 8.682237e+02 9.483079e+02 1.032590e+03 1.115535e+03 1.194755e+03 1.520872e+03 1.740340e+03 1.888489e+03 1.998359e+03 2.090498e+03 2.176944e+03 2.360392e+03 2.584939e+03 2.868902e+03 3.221009e+03 3.644394e+03 4.139092e+03 1.229159e+04 2.249072e+04 3.074158e+04 3.629552e+04
1.001247e+03 1.001247e+03 1.001247e+03 1.001247e+03 1.001246e+03 1.001243e+03 1.001256e+03 1.001408e+03 1.002118e+03 1.004878e+03 1.025397e+03 1.075917e+03 1.153864e+03 1.246302e+03 1.341267e+03 1.432179e+03 1.516673e+03 1.846385e+03 2.059984e+03 2.203754e+03 2.311552e+03 2.403538e+03 2.491350e+03 2.681056e+03 2.916047e+03 3.214998e+03 3.587010e+03 4.034854e+03 4.557340e+03 1.287886e+04 2.301752e+04 3.114818e+04 3.658519e+04
1.263140e+03 1.263140e+03 1.263140e+03 1.263140e+03 1.263141e+03 1.263171e+03 1.263261e+03 1.263661e+03 1.264541e+03 1.267519e+03 1.288680e+03 1.339997e+03 1.418648e+03 1.511688e+03 1.607347e+03 1.699208e+03 1.784936e+03 2.122744e+03 2.344174e+03 2.495349e+03 2.610746e+03 2.710764e+03 2.807064e+03 3.014935e+03 3.269654e+03 3.590415e+03 3.986942e+03 4.462147e+03 5.014259e+03 1.351137e+04 2.356470e+04 3.156400e+04 3.687856e+04
1.498007e+03 1.498007e+03 1.498007e+03 1.498007e+03 1.498009e+03 1.498074e+03 1.498251e+03 1.498783e+03 1.499622e+03 1.502350e+03 1.521813e+03 1.569733e+03 1.644519e+03 1.734730e+03 1.829345e+03 1.921964e+03 2.009922e+03 2.368333e+03 2.610457e+03 2.779081e+03 2.910081e+03 3.024799e+03 3.135366e+03 3.371238e+03 3.653686e+03 4.002339e+03 4.427480e+03 4.932404e+03 5.515243e+03 1.418782e+04 2.413235e+04 3.198863e+04 3.717529e+04
1.709991e+03 1.709991e+03 1.709991e+03 1.709991e+03 1.709990e+03 1.709965e+03 1.709904e+03 1.709776e+03 1.710247e+03 1.712621e+03 1.731632e+03 1.779799e+03 1.855806e+03 1.948273e+03 2.046081e+03 2.142645e+03 2.235094e+03 2.619262e+03 2.886889e+03 3.078277e+03 3.229562e+03 3.362994e+03 3.491438e+03 3.761946e+03 4.078035e+03 4.459287e+03 4.916172e+03 5.452354e+03 6.066170e+03 1.490719e+04 2.472061e+04 3.242165e+04 3.747503e+04
1.853455e+03 1.853455e+03 1.853455e+03 1.853454e+03 1.853450e+03 1.853344e+03 1.853092e+03 1.852704e+03 1.853314e+03 1.856382e+03 1.880285e+03 1.939539e+03 2.031120e+03 2.140085e+03 2.252799e+03 2.361928e+03 2.464930e+03 2.889858e+03 3.192016e+03 3.411831e+03 3.586883e+03 3.741550e+03 3.890085e+03 4.199529e+03 4.553300e+03 4.970360e+03 5.460922e+03 6.028904e+03 6.673025e+03 1.566835e+04 2.532973e+04 3.286262e+04 3.777739e+04
2.016673e+03 2.016673e+03 2.016673e+03 2.016673e+03 2.016674e+03 2.016695e+03 2.016761e+03 2.017098e+03 2.018067e+03 2.021580e+03 2.047194e+03 2.110119e+03 2.207853e+03 2.325469e+03 2.449047e+03 2.570787e+03 2.687581e+03 3.182133e+03 3.536327e+03 3.792136e+03 3.994736e+03 4.173155e+03 4.343844e+03 4.695739e+03 5.089963e+03 5.544639e+03 6.069531e+03 6.668758e+03 7.341549e+03 1.646993e+04 2.596014e+04 3.331111e+04 3.808201e+04
2.223976e+03 2.223976e+03 2.223976e+03 2.223978e+03 2.223983e+03 2.224154e+03 2.224677e+03 2.226610e+03 2.228654e+03 2.233506e+03 2.263237e+03 2.333145e+03 2.440865e+03 2.570575e+03 2.707291e+03 2.842522e+03 2.972839e+03 3.531230e+03 3.936116e+03 4.230001e+03 4.463229e+03 4.668411e+03 4.863818e+03 5.261684e+03 5.698092e+03 6.190786e+03 6.749300e+03 7.378062e+03 8.076926e+03 1.731032e+04 2.661255e+04 3.376670e+04 3.838849e+04
2.552510e+03 2.552510e+03 2.552510e+03 2.552510e+03 2.552512e+03 2.552559e+03 2.552704e+03 2.553266e+03 2.554414e+03 2.558370e+03 2.587043e+03 2.657899e+03 2.769028e+03 2.904408e+03 3.048637e+03 3.192772e+03 3.332962e+03 3.945047e+03 4.399106e+03 4.734379e+03 5.002722e+03 5.238611e+03 5.461639e+03 5.908380e+03 6.387217e+03 6.916685e+03 7.506663e+03 8.162080e+03 8.883497e+03 1.818772e+04 2.728848e+04 3.422897e+04 3.869645e+04
2.882063e+03 2.882063e+03 2.882063e+03 2.882064e+03 2.882068e+03 2.882196e+03 2.882592e+03 2.884134e+03 2.886039e+03 2.891103e+03 2.924036e+03 3.003010e+03 3.125686e+03 3.274285e+03 3.431866e+03 3.588846e+03 3.741413e+03 4.415639e+03 4.930445e+03 5.316990e+03 5.627105e+03 5.897721e+03 6.150484e+03 6.646677e+03 7.165893e+03 7.728980e+03 8.346783e+03 9.024881e+03 9.764527e+03 1.910011e+04 2.798865e+04 3.469754e+04 3.900552e+04
3.276152e+03 3.276152e+03 3.276152e+03 3.276152e+03 3.276154e+03 3.276196e+03 3.276326e+03 3.276901e+03 3.278180e+03 3.282630e+03 3.314932e+03 3.394908e+03 3.520922e+03 3.675742e+03 3.842765e+03 4.012357e+03 4.180276e+03 4.949147e+03 5.548668e+03 5.997808e+03 6.354469e+03 6.661358e+03 6.943620e+03 7.485996e+03 8.040784e+03 8.632436e+03 9.273142e+03 9.969074e+03 1.072201e+04 2.004533e+04 2.871014e+04 3.517206e+04 3.931532e+04
3.633967e+03 3.633967e+03 3.633967e+03 3.633970e+03 3.633979e+03 3.634228e+03 3.634790e+03 3.636642e+03 3.638884e+03 3.644767e+03 3.682774e+03 3.774413e+03 3.918736e+03 4.097050e+03 4.290680e+03 4.488393e+03 4.684930e+03 5.586007e+03 6.281813e+03 6.796719e+03 7.200058e+03 7.541622e+03 7.850660e+03 8.432244e+03 9.015490e+03 9.629312e+03 1.028721e+04 1.099562e+04 1.175658e+04 2.102107e+04 2.945036e+04 3.565226e+04 3.962548e+04
4.151536e+03 4.151536e+03 4.151536e+03 4.151536e+03 4.151535e+03 4.151534e+03 4.151528e+03 4.151686e+03 4.152998e+03 4.158259e+03 4.197683e+03 4.296257e+03 4.453196e+03 4.648656e+03 4.862801e+03 5.083505e+03 5.304759e+03 6.333488e+03 7.132122e+03 7.717966e+03 8.168784e+03 8.542592e+03 8.874346e+03 9.486022e+03 1.008968e+04 1.071902e+04 1.138833e+04 1.210385e+04 1.286749e+04 2.202489e+04 3.020684e+04 3.613792e+04 3.993565e+04
4.671527e+03 4.671527e+03 4.671527e+03 4.671523e+03 4.671512e+03 4.671133e+03 4.669948e+03 4.665430e+03 4.663399e+03 4.664968e+03 4.698058e+03 4.796194e+03 4.962602e+03 5.177939e+03 5.420364e+03 5.675156e+03 5.934043e+03 7.153522e+03 8.090373e+03 8.759054e+03 9.257778e+03 9.659880e+03 1.000930e+04 1.064192e+04 1.125907e+04 1.189834e+04 1.257399e+04 1.329159e+04 1.405276e+04 2.305421e+04 3.097703e+04 3.662896e+04 4.024551e+04
4.924608e+03 4.924608e+03 4.924608e+03 4.924614e+03 4.924632e+03 4.925223e+03 4.927047e+03 4.933787e+03 4.939781e+03 4.951568e+03 5.015447e+03 5.160897e+03 5.386925e+03 5.666911e+03 5.974098e+03 6.291691e+03 6.610717e+03 8.078605e+03 9.166352e+03 9.914843e+03 1.045479e+04 1.087908e+04 1.124159e+04 1.188958e+04 1.251665e+04 1.316238e+04 1.384042e+04 1.455562e+04 1.530939e+04 2.410631e+04 3.175838e+04 3.712549e+04 4.055474e+04
5.674443e+03 5.674443e+03 5.674443e+03 5.674441e+03 5.674437e+03 5.674470e+03 5.674741e+03 5.676264e+03 5.679119e+03 5.687985e+03 5.749596e+03 5.902253e+03 6.147307e+03 6.456344e+03 6.799106e+03 7.155674e+03 7.514850e+03 9.161072e+03 1.035828e+04 1.116413e+04 1.173485e+04 1.217755e+04 1.255261e+04 1.321758e+04 1.385525e+04 1.450602e+04 1.518334e+04 1.589194e+04 1.663351e+04 2.517833e+04 3.254823e+04 3.762801e+04 4.086306e+04
6.614915e+03 6.614915e+03 6.614915e+03 6.614914e+03 6.614911e+03 6.614824e+03 6.614606e+03 6.614690e+03 6.616974e+03 6.625908e+03 6.692262e+03 6.858843e+03 7.126520e+03 7.463527e+03 7.836314e+03 8.222805e+03 8.610589e+03 1.036734e+04 1.162843e+04 1.247387e+04 1.307272e+04 1.353721e+04 1.392967e+04 1.461926e+04 1.527035e+04 1.592519e+04 1.659854e+04 1.729612e+04 1.802051e+04 2.626725e+04 3.334394e+04 3.813726e+04 4.117023e+04
7.705002e+03 7.705002e+03 7.705002e+03 7.705004e+03 7.705011e+03 7.705230e+03 7.705913e+03 7.708724e+03 7.712724e+03 7.724132e+03 7.800608e+03 7.986232e+03 8.278680e+03 8.640756e+03 9.035515e+03 9.440066e+03 9.842566e+03 1.164967e+04 1.295145e+04 1.383485e+04 1.446763e+04 1.496080e+04 1.537633e+04 1.609650e+04 1.676124e+04 1.741710e+04 1.808183e+04 1.876312e+04 1.946497e+04 2.736991e+04 3.414283e+04 3.865123e+04 4.147605e+04
8.919341e+03 8.919341e+03 8.919340e+03 8.919340e+03 8.919338e+03 8.919275e+03 8.919078e+03 8.918586e+03 8.920421e+03 8.929611e+03 9.003026e+03 9.190352e+03 9.491338e+03 9.868059e+03 1.028102e+04 1.070466e+04 1.112535e+04 1.299929e+04 1.435029e+04 1.527817e+04 1.594898e+04 1.647241e+04 1.691062e+04 1.765706e+04 1.832904e+04 1.897895e+04 1.962828e+04 2.028696e+04 2.096047e+04 2.848299e+04 3.494225e+04 3.916790e+04 4.178034e+04
1.007416e+04 1.007416e+04 1.007416e+04 1.007416e+04 1.007417e+04 1.007443e+04 1.007526e+04 1.007878e+04 1.008383e+04 1.009794e+04 1.019071e+04 1.041248e+04 1.075612e+04 1.117351e+04 1.161955e+04 1.206832e+04 1.250833e+04 1.445379e+04 1.586906e+04 1.684668e+04 1.755204e+04 1.809817e+04 1.855031e+04 1.930656e+04 1.997241e+04 2.060577e+04 2.123112e+04 2.186013e+04 2.249935e+04 2.960307e+04 3.573962e+04 3.968551e+04 4.208303e+04
1.146798e+04 1.146798e+04 1.146798e+04 1.146798e+04 1.146797e+04 1.146791e+04 1.146770e+04 1.146719e+04 1.146939e+04 1.148029e+04 1.156706e+04 1.178693e+04 1.213636e+04 1.256789e+04 1.303467e+04 1.350834e+04 1.397524e+04 1.604648e+04 1.754464e+04 1.856684e+04 1.929284e+04 1.984608e+04 2.029765e+04 2.104047e+04 2.168367e+04 2.228850e+04 2.288087e+04 2.347320e+04 2.407254e+04 3.072659e+04 3.653242e+04 4.020241e+04 4.238410e+04
1.280481e+04 1.280481e+04 1.280481e+04 1.280481e+04 1.280483e+04 1.280529e+04 1.280673e+04 1.281274e+04 1.282024e+04 1.283934e+04 1.295894e+04 1.323838e+04 1.366318e+04 1.416824e+04 1.469598e+04 1.521599e+04 1.571713e+04 1.787454e+04 1.940647e+04 2.043655e+04 2.115652e+04 2.169715e+04 2.213316e+04 2.284130e+04 2.344749e+04 2.401346e+04 2.456512e+04 2.511486e+04 2.566971e+04 3.184995e+04 3.731825e+04 4.071699e+04 4.268366e+04
1.466302e+04 1.466302e+04 1.466302e+04 1.466302e+04 1.466301e+04 1.466288e+04 1.466248e+04 1.466145e+04 1.466409e+04 1.467774e+04 1.478624e+04 1.505868e+04 1.548618e+04 1.600563e+04 1.655679e+04 1.710437e+04 1.763274e+04 1.986320e+04 2.139102e+04 2.239737e+04 2.309157e+04 2.360740e+04 2.401961e+04 2.468187e+04 2.524286e+04 2.576348e+04 2.626926e+04 2.677236e+04 2.727958e+04 3.296949e+04 3.809480e+04 4.122768e+04 4.298204e+04
1.646704e+04 1.646704e+04 1.646704e+04 1.646705e+04 1.646706e+04 1.646743e+04 1.646855e+04 1.647288e+04 1.647926e+04 1.649812e+04 1.662562e+04 1.693078e+04 1.739845e+04 1.795601e+04 1.853743e+04 1.910616e+04 1.964779e+04 2.188178e+04 2.338291e+04 2.436229e+04 2.503230e+04 2.552548e+04 2.591545e+04 2.653247e+04 2.704681e+04 2.751987e+04 2.797763e+04 2.843228e+04 2.889044e+04 3.408159e+04 3.885993e+04 4.173295e+04 4.327992e+04
1.850091e+04 1.850091e+04 1.850091e+04 1.850091e+04 1.850089e+04 1.850067e+04 1.850027e+04 1.849955e+04 1.850255e+04 1.851731e+04 1.863344e+04 1.892279e+04 1.937279e+04 1.991440e+04 2.048354e+04 2.104371e+04 2.157961e+04 2.380247e+04 2.529875e+04 2.627214e+04 2.693310e+04 2.741380e+04 2.778818e+04 2.836708e+04 2.883773e+04 2.926450e+04 2.967481e+04 3.008135e+04 3.049077e+04 3.518265e+04 3.961163e+04 4.223132e+04 4.357647e+04
2.024227e+04 2.024227e+04 2.024227e+04 2.024226e+04 2.024225e+04 2.024178e+04 2.024036e+04 2.023611e+04 2.023707e+04 2.024965e+04 2.036082e+04 2.064434e+04 2.108900e+04 2.162791e+04 2.219832e+04 2.276378e+04 2.330811e+04 2.558503e+04 2.711798e+04 2.810906e+04 2.877503e+04 2.925208e+04 2.961680e+04 3.016512e+04 3.059696e+04 3.098099e+04 3.134662e+04 3.170727e+04 3.206978e+04 3.626921e+04 4.034804e+04 4.272137e+04 4.387038e+04
2.164747e+04 2.164747e+04 2.164747e+04 2.164747e+04 2.164749e+04 2.164801e+04 2.164964e+04 2.165652e+04 2.166512e+04 2.168688e+04 2.182183e+04 2.213478e+04 2.260887e+04 2.317227e+04 2.376120e+04 2.434096e+04 2.489775e+04 2.724255e+04 2.883753e+04 2.986472e+04 3.054618e+04 3.102585e+04 3.138531e+04 3.190998e+04 3.230896e+04 3.265547e+04 3.298081e+04 3.329922e+04 3.361787e+04 3.733791e+04 4.106747e+04 4.320174e+04 4.416060e+04
2.375487e+04 2.375487e+04 2.375487e+04 2.375487e+04 2.375487e+04 2.375489e+04 2.375497e+04 2.375557e+04 2.375858e+04 2.377050e+04 2.386004e+04 2.408425e+04 2.444320e+04 2.489468e+04 2.539458e+04 2.591355e+04 2.643472e+04 2.879199e+04 3.045940e+04 3.153208e+04 3.223511e+04 3.272184e+04 3.307993e+04 3.358836e+04 3.396163e+04 3.427704e+04 3.456758e+04 3.484835e+04 3.512697e+04 3.838558e+04 4.176839e+04 4.367113e+04 4.444624e+04
2.576744e+04 2.576744e+04 2.576744e+04 2.576744e+04 2.576744e+04 2.576727e+04 2.576674e+04 2.576486e+04 2.576553e+04 2.577308e+04 2.584051e+04 2.601718e+04 2.630744e+04 2.668318e+04 2.711329e+04 2.757531e+04 2.805393e+04 3.034531e+04 3.203106e+04 3.312539e+04 3.384164e+04 3.433412e+04 3.469266e+04 3.519182e+04 3.554703e+04 3.583826e+04 3.609988e+04 3.634792e+04 3.659068e+04 3.940928e+04 4.244941e+04 4.412834e+04 4.472644e+04
2.735349e+04 2.735349e+04 2.735349e+04 2.735349e+04 2.735350e+04 2.735369e+04 2.735431e+04 2.735672e+04 2.736069e+04 2.737310e+04 2.745880e+04 2.766596e+04 2.798977e+04 2.839007e+04 2.882968e+04 2.928685e+04 2.975042e+04 3.193988e+04 3.357636e+04 3.465684e+04 3.537104e+04 3.586420e+04 3.622302e+04 3.671809e+04 3.706202e+04 3.733535e+04 3.757345e+04 3.779338e+04 3.800426e+04 4.040627e+04 4.310931e+04 4.457223e+04 4.500040e+04
2.896831e+04 2.896831e+04 2.896831e+04 2.896831e+04 2.896831e+04 2.896851e+04 2.896913e+04 2.897162e+04 2.897568e+04 2.898794e+04 2.907105e+04 2.927117e+04 2.958514e+04 2.997565e+04 3.040672e+04 3.085617e+04 3.131190e+04 3.345479e+04 3.505492e+04 3.611776e+04 3.682557e+04 3.731741e+04 3.767652e+04 3.817067e+04 3.850784e+04 3.876774e+04 3.898643e+04 3.918197e+04 3.936441e+04 4.137406e+04 4.374701e+04 4.500178e+04 4.526736e+04
3.075030e+04 3.075030e+04 3.075030e+04 3.075030e+04 3.075031e+04 3.075035e+04 3.075047e+04 3.075116e+04 3.075332e+04 3.076123e+04 3.081896e+04 3.096398e+04 3.120330e+04 3.151996e+04 3.189211e+04 3.230141e+04 3.273319e+04 3.485738e+04 3.645507e+04 3.751085e+04 3.821411e+04 3.870435e+04 3.906333e+04 3.955671e+04 3.988845e+04 4.013695e+04 4.033862e+04 4.051232e+04 4.066896e+04 4.231043e+04 4.436158e+04 4.541604e+04 4.552660e+04
3.244613e+04 3.244613e+04 3.244613e+04 3.244613e+04 3.244612e+04 3.244600e+04 3.244560e+04 3.244419e+04 3.244455e+04 3.244958e+04 3.249482e+04 3.261427e+04 3.281588e+04 3.308897e+04 3.341853e+04 3.379055e+04 3.419195e+04 3.624101e+04 3.781259e+04 3.885467e+04 3.955056e+04 4.003702e+04 4.039389e+04 4.088345e+04 4.120826e+04 4.144514e+04 4.163048e+04 4.178372e+04 4.191642e+04 4.321341e+04 4.495221e+04 4.581417e+04 4.577744e+04
3.381088e+04 3.381088e+04 3.381088e+04 3.381088e+04 3.381088e+04 3.381107e+04 3.381163e+04 3.381381e+04 3.381702e+04 3.382645e+04 3.388937e+04 3.403981e+04 3.427688e+04 3.457724e+04 3.491891e+04 3.528795e+04 3.567515e+04 3.761684e+04 3.913102e+04 4.015166e+04 4.083849e+04 4.131987e+04 4.167290e+04 4.215498e+04 4.247005e+04 4.269375e+04 4.286235e+04 4.299564e+04 4.310563e+04 4.408130e+04 4.551824e+04 4.619543e+04 4.601925e+04
3.523566e+04 3.523566e+04 3.523566e+04 3.523566e+04 3.523567e+04 3.523585e+04 3.523642e+04 3.523887e+04 3.524229e+04 3.525159e+04 3.531097e+04 3.545131e+04 3.567311e+04 3.595636e+04 3.628117e+04 3.663409e+04 3.700588e+04 3.888650e+04 4.037415e+04 4.138674e+04 4.207037e+04 4.254892e+04 4.289849e+04 4.337137e+04 4.367425e+04 4.388291e+04 4.403387e+04 4.414728e+04 4.423544e+04 4.491267e+04 4.605909e+04 4.655919e+04 4.625144e+04
3.686460e+04 3.686460e+04 3.686460e+04 3.686460e+04 3.686460e+04 3.686464e+04 3.686476e+04 3.686533e+04 3.686651e+04 3.687034e+04 3.689701e+04 3.696609e+04 3.709134e+04 3.727846e+04 3.752522e+04 3.782319e+04 3.816047e+04 4.001471e+04 4.152319e+04 4.254917e+04 4.323897e+04 4.371897e+04 4.406688e+04 4.453055e+04 4.481951e+04 4.501146e+04 4.514389e+04 4.523744e+04 4.530461e+04 4.570632e+04 4.657433e+04 4.690490e+04 4.647345e+04
3.845039e+04 3.845039e+04 3.845039e+04 3.845039e+04 3.845038e+04 3.844995e+04 3.844860e+04 3.844339e+04 3.843984e+04 3.843620e+04 3.843137e+04 3.843874e+04 3.847886e+04 3.857544e+04 3.874175e+04 3.897680e+04 3.926954e+04 4.107118e+04 4.260488e+04 4.365004e+04 4.434892e+04 4.483141e+04 4.517763e+04 4.563055e+04 4.590353e+04 4.607725e+04 4.619054e+04 4.626454e+04 4.631182e+04 4.646132e+04 4.706361e+04 4.723212e+04 4.668479e+04
3.931803e+04 3.931803e+04 3.931803e+04 3.931802e+04 3.931801e+04 3.931758e+04 3.931622e+04 3.931107e+04 3.930797e+04 3.930584e+04 3.931099e+04 3.934043e+04 3.941021e+04 3.953593e+04 3.972587e+04 3.997824e+04 4.028339e+04 4.211735e+04 4.366609e+04 4.471614e+04 4.541419e+04 4.589262e+04 4.623264e+04 4.666916e+04 4.692314e+04 4.707732e+04 4.717144e+04 4.722680e+04 4.725575e+04 4.717700e+04 4.752668e+04 4.754049e+04 4.688500e+04
3.969834e+04 3.969834e+04 3.969834e+04 3.969834e+04 3.969835e+04 3.969869e+04 3.969977e+04 3.970421e+04 3.970883e+04 3.971859e+04 3.977188e+04 3.989181e+04 4.008143e+04 4.032918e+04 4.062289e+04 4.095323e+04 4.131176e+04 4.320905e+04 4.473185e+04 4.575743e+04 4.643748e+04 4.690144e+04 4.722861e+04 4.764146e+04 4.787364e+04 4.800793e+04 4.808393e+04 4.812246e+04 4.813531e+04 4.785289e+04 4.796339e+04 4.782978e+04 4.707369e+04
4.070468e+04 4.070468e+04 4.070468e+04 4.070468e+04 4.070468e+04 4.070478e+04 4.070508e+04 4.070663e+04 4.070977e+04 4.071959e+04 4.078554e+04 4.094185e+04 4.118397e+04 4.148329e+04 4.181474e+04 4.216461e+04 4.252613e+04 4.433056e+04 4.576734e+04 4.674599e+04 4.739802e+04 4.784185e+04 4.815258e+04 4.853842e+04 4.874879e+04 4.886501e+04 4.892555e+04 4.895022e+04 4.894993e+04 4.848876e+04 4.837366e+04 4.809978e+04 4.725050e+04
4.200925e+04 4.200925e+04 4.200925e+04 4.200925e+04 4.200926e+04 4.200935e+04 4.200965e+04 4.201104e+04 4.201368e+04 4.202199e+04 4.207835e+04 4.221273e+04 4.242271e+04 4.268550e+04 4.298053e+04 4.329609e+04 4.362597e+04 4.531254e+04 4.668742e+04 4.763296e+04 4.826319e+04 4.868999e+04 4.898638e+04 4.934924e+04 4.954237e+04 4.964527e+04 4.969486e+04 4.970973e+04 4.969992e+04 4.908457e+04 4.875749e+04 4.835043e+04 4.741514e+04
4.338719e+04 4.338719e+04 4.338719e+04 4.338719e+04 4.338719e+04 4.338716e+04 4.338708e+04 4.338680e+04 4.338726e+04 4.338989e+04 4.341107e+04 4.346743e+04 4.356994e+04 4.372343e+04 4.392695e+04 4.417502e+04 4.445922e+04 4.608050e+04 4.745011e+04 4.838854e+04 4.900958e+04 4.942732e+04 4.971569e+04 5.006618e+04 5.025091e+04 5.034776e+04 5.039229e+04 5.040214e+04 5.038672e+04 4.964050e+04 4.911494e+04 4.858169e+04 4.756735e+04
4.464483e+04 4.464483e+04 4.464483e+04 4.464483e+04 4.464483e+04 4.464480e+04 4.464471e+04 4.464435e+04 4.464393e+04 4.464289e+04 4.463616e+04 4.462498e+04 4.462885e+04 4.467638e+04 4.478617e+04 4.496095e+04 4.519228e+04 4.672291e+04 4.808214e+04 4.901647e+04 4.963444e+04 5.005034e+04 5.033802e+04 5.068942e+04 5.087635e+04 5.097527e+04 5.102088e+04 5.103041e+04 5.101306e+04 5.015683e+04 4.944614e+04 4.879363e+04 4.770693e+04
4.577232e+04 4.577232e+04 4.577232e+04 4.577232e+04 4.577232e+04 4.577230e+04 4.577222e+04 4.577183e+04 4.577078e+04 4.576699e+04 4.573905e+04 4.567542e+04 4.560047e+04 4.556009e+04 4.558827e+04 4.569528e+04 4.587386e+04 4.728528e+04 4.861352e+04 4.953801e+04 5.015459e+04 5.057333e+04 5.086593e+04 5.122909e+04 5.142704e+04 5.153470e+04 5.158638e+04 5.159931e+04 5.158288e+04 5.063402e+04 4.975128e+04 4.898635e+04 4.783375e+04
4.678117e+04 4.678117e+04 4.678117e+04 4.678117e+04 4.678116e+04 4.678113e+04 4.678100e+04 4.678038e+04 4.677869e+04 4.677257e+04 4.672749e+04 4.662146e+04 4.648137e+04 4.636574e+04 4.632098e+04 4.636451e+04 4.649132e+04 4.777560e+04 4.906965e+04 4.998428e+04 5.060054e+04 5.102385e+04 5.132352e+04 5.170311e+04 5.191633e+04 5.203617e+04 5.209655e+04 5.211490e+04 5.210097e+04 5.107260e+04 5.003060e+04 4.916003e+04 4.794769e+04
4.765734e+04 4.765734e+04 4.765734e+04 4.765734e+04 4.765734e+04 4.765730e+04 4.765718e+04 4.765650e+04 4.765441e+04 4.764667e+04 4.758918e+04 4.745180e+04 4.726229e+04 4.708774e+04 4.698385e+04 4.697406e+04 4.705597e+04 4.822391e+04 4.948602e+04 5.039108e+04 5.100603e+04 5.143247e+04 5.173784e+04 5.213195e+04 5.235949e+04 5.249107e+04 5.255999e+04 5.258374e+04 5.257241e+04 5.147319e+04 5.028438e+04 4.931490e+04 4.804872e+04
4.834391e+04 4.834391e+04 4.834391e+04 4.834390e+04 4.834390e+04 4.834363e+04 4.834280e+04 4.833930e+04 4.833494e+04 4.832397e+04 4.825482e+04 4.809633e+04 4.787698e+04 4.766793e+04 4.752942e+04 4.748810e+04 4.754312e+04 4.864035e+04 4.988295e+04 5.078154e+04 5.139469e+04 5.182210e+04 5.213034e+04 5.253315e+04 5.277016e+04 5.290986e+04 5.298468e+04 5.301197e+04 5.300198e+04 5.183645e+04 5.051296e+04 4.945123e+04 4.813683e+04
4.849837e+04 4.849837e+04 4.849837e+04 4.849837e+04 4.849836e+04 4.849809e+04 4.849725e+04 4.849377e+04 4.848977e+04 4.848024e+04 4.842168e+04 4.828792e+04 4.810341e+04 4.793031e+04 4.782240e+04 4.780434e+04 4.787605e+04 4.900776e+04 5.026058e+04 5.116286e+04 5.177707e+04 5.220482e+04 5.251351e+04 5.291828e+04 5.315811e+04 5.330039e+04 5.337685e+04 5.340451e+04 5.339358e+04 5.216306e+04 5.071670e+04 4.956934e+04 4.821206e+04
4.823729e+04 4.823729e+04 4.823729e+04 4.823730e+04 4.823730e+04 4.823739e+04 4.823769e+04 4.823880e+04 4.823884e+04 4.823626e+04 4.820959e+04 4.814003e+04 4.804355e+04 4.796292e+04 4.793698e+04 4.798458e+04 4.810604e+04 4.934751e+04 5.062950e+04 5.154170e+04 5.215857e+04 5.258576e+04 5.289254e+04 5.329266e+04 5.352835e+04 5.366714e+04 5.374032e+04 5.376458e+04 5.374991e+04 5.245371e+04 5.089603e+04 4.966959e+04 4.827449e+04
4.813130e+04 4.813130e+04 4.813130e+04 4.813130e+04 4.813131e+04 4.813140e+04 4.813170e+04 4.813286e+04 4.813352e+04 4.813357e+04 4.812696e+04 4.810597e+04 4.808053e+04 4.807664e+04 4.811947e+04 4.822213e+04 4.838485e+04 4.971100e+04 5.101052e+04 5.192653e+04 5.254211e+04 5.296547e+04 5.326717e+04 5.365617e+04 5.388144e+04 5.401112e+04 5.407638e+04 5.409355e+04 5.407233e+04 5.270909e+04 5.105139e+04 4.975237e+04 4.832424e+04
4.820250e+04 4.820250e+04 4.820250e+04 4.820250e+04 4.820250e+04 4.820257e+04 4.820278e+04 4.820364e+04 4.820457e+04 4.820650e+04 4.821553e+04 4.823297e+04 4.826343e+04 4.831893e+04 4.841352e+04 4.855583e+04 4.874638e+04 5.011347e+04 5.140870e+04 5.231672e+04 5.292407e+04 5.333902e+04 5.363219e+04 5.400442e+04 5.421432e+04 5.433050e+04 5.438406e+04 5.439107e+04 5.436093e+04 5.292988e+04 5.118325e+04 4.981809e+04 4.836148e+04
4.840296e+04 4.840296e+04 4.840296e+04 4.840296e+04 4.840296e+04 4.840303e+04 4.840323e+04 4.840406e+04 4.840530e+04 4.840882e+04 4.843056e+04 4.847880e+04 4.855348e+04 4.865500e+04 4.878823e+04 4.895834e+04 4.916633e+04 5.053900e+04 5.181092e+04 5.270051e+04 5.329363e+04 5.369640e+04 5.397841e+04 5.433010e+04 5.452151e+04 5.462139e+04 5.466077e+04 5.465553e+04 5.461478e+04 5.311675e+04 5.129215e+04 4.986719e+04 4.838639e+04
4.868242e+04 4.868242e+04 4.868242e+04 4.868242e+04 4.868243e+04 4.868244e+04 4.868248e+04 4.868275e+04 4.868393e+04 4.868841e+04 4.871970e+04 4.879194e+04 4.890096e+04 4.903741e+04 4.919866e+04 4.938717e+04 4.960461e+04 5.095822e+04 5.219548e+04 5.306086e+04 5.363655e+04 5.402525e+04 5.429489e+04 5.462451e+04 5.479631e+04 5.487880e+04 5.490294e+04 5.488447e+04 5.483231e+04 5.327038e+04 5.137862e+04 4.990016e+04 4.839920e+04
4.896990e+04 4.896990e+04 4.896990e+04 4.896990e+04 4.896990e+04 4.896991e+04 4.896995e+04 4.897019e+04 4.897159e+04 4.897715e+04 4.901701e+04 4.910973e+04 4.924735e+04 4.941208e+04 4.959495e+04 4.979635e+04 5.001878e+04 5.134240e+04 5.254191e+04 5.338174e+04 5.393929e+04 5.431363e+04 5.457092e+04 5.487904e+04 5.503194e+04 5.509755e+04 5.510674e+04 5.507517e+04 5.501165e+04 5.339150e+04 5.144326e+04 4.991747e+04 4.840017e+04
4.923710e+04 4.923710e+04 4.923710e+04 4.923710e+04 4.923710e+04 4.923708e+04 4.923702e+04 4.923693e+04 4.923833e+04 4.924465e+04 4.929170e+04 4.940211e+04 4.956446e+04 4.975331e+04 4.995402e+04 5.016519e+04 5.039018e+04 5.167795e+04 5.283785e+04 5.365152e+04 5.419101e+04 5.455157e+04 5.479742e+04 5.508627e+04 5.522246e+04 5.527301e+04 5.526865e+04 5.522504e+04 5.515101e+04 5.348083e+04 5.148667e+04 4.991963e+04 4.838956e+04
4.944283e+04 4.944283e+04 4.944283e+04 4.944283e+04 4.944283e+04 4.944280e+04 4.944274e+04 4.944264e+04 4.944424e+04 4.945154e+04 4.950620e+04 4.963469e+04 4.982212e+04 5.003545e+04 5.025441e+04 5.047573e+04 5.070357e+04 5.195503e+04 5.307392e+04 5.386108e+04 5.438326e+04 5.473142e+04 5.496753e+04 5.524071e+04 5.536345e+04 5.540166e+04 5.538593e+04 5.533203e+04 5.524893e+04 5.353920e+04 5.150951e+04 4.990716e+04 4.836770e+04
4.956666e+04 4.956666e+04 4.956666e+04 4.956666e+04 4.956666e+04 4.956661e+04 4.956645e+04 4.956603e+04 4.956764e+04 4.957570e+04 4.963744e+04 4.978344e+04 4.999550e+04 5.023323e+04 5.047076e+04 5.070298e+04 5.093467e+04 5.215569e+04 5.323786e+04 5.400185e+04 5.450970e+04 5.484825e+04 5.507723e+04 5.533934e+04 5.545243e+04 5.548142e+04 5.545688e+04 5.539485e+04 5.530450e+04 5.356748e+04 5.151244e+04 4.988059e+04 4.833488e+04
4.957226e+04 4.957226e+04 4.957226e+04 4.957226e+04 4.957226e+04 4.957221e+04 4.957205e+04 4.957163e+04 4.957346e+04 4.958246e+04 4.965156e+04 4.981509e+04 5.005191e+04 5.031465e+04 5.057214e+04 5.081736e+04 5.105564e+04 5.226242e+04 5.332040e+04 5.406927e+04 5.456822e+04 5.490115e+04 5.512611e+04 5.538191e+04 5.548898e+04 5.551172e+04 5.548093e+04 5.541302e+04 5.531746e+04 5.356664e+04 5.149618e+04 4.984046e+04 4.829146e+04
4.944201e+04 4.944201e+04 4.944201e+04 4.944201e+04 4.944201e+04 4.944192e+04 4.944165e+04 4.944084e+04 4.944262e+04 4.945236e+04 4.952883e+04 4.971113e+04 4.997533e+04 5.026685e+04 5.054881e+04 5.081195e+04 5.106186e+04 5.227690e+04 5.332531e+04 5.406779e+04 5.456327e+04 5.489418e+04 5.511771e+04 5.537077e+04 5.547449e+04 5.549334e+04 5.545854e+04 5.538690e+04 5.528817e+04 5.353776e+04 5.146145e+04 4.978731e+04 4.823778e+04
4.913181e+04 4.913181e+04 4.913181e+04 4.913181e+04 4.913181e+04 4.913172e+04 4.913145e+04 4.913067e+04 4.913280e+04 4.914401e+04 4.923154e+04 4.944044e+04 4.974340e+04 5.007665e+04 5.039578e+04 5.068839e+04 5.095999e+04 5.221476e+04 5.326710e+04 5.400947e+04 5.450468e+04 5.483534e+04 5.505846e+04 5.531005e+04 5.541158e+04 5.542801e+04 5.539097e+04 5.531753e+04 5.521761e+04 5.348202e+04 5.140902e+04 4.972169e+04 4.817422e+04
4.872348e+04 4.872348e+04 4.872348e+04 4.872349e+04 4.872349e+04 4.872364e+04 4.872410e+04 4.872628e+04 4.873094e+04 4.874623e+04 4.885107e+04 4.909333e+04 4.944122e+04 4.982119e+04 5.018140e+04 5.050659e+04 5.080251e+04 5.210605e+04 5.316638e+04 5.390967e+04 5.440426e+04 5.473379e+04 5.495554e+04 5.520422e+04 5.530324e+04 5.531791e+04 5.527998e+04 5.520648e+04 5.510726e+04 5.340069e+04 5.133968e+04 4.964417e+04 4.810115e+04
4.858714e+04 4.858714e+04 4.858714e+04 4.858714e+04 4.858714e+04 4.858729e+04 4.858775e+04 4.858996e+04 4.859470e+04 4.861030e+04 4.871737e+04 4.896470e+04 4.931922e+04 4.970519e+04 5.006945e+04 5.039659e+04 5.069286e+04 5.199028e+04 5.304436e+04 5.378232e+04 5.427193e+04 5.459685e+04 5.481447e+04 5.505677e+04 5.515203e+04 5.516524e+04 5.512762e+04 5.505574e+04 5.495906e+04 5.329516e+04 5.125421e+04 4.955529e+04 4.801894e+04
4.873956e+04 4.873956e+04 4.873956e+04 4.873956e+04 4.873956e+04 4.873955e+04 4.873954e+04 4.873981e+04 4.874292e+04 4.875590e+04 4.885173e+04 4.907669e+04 4.939939e+04 4.974969e+04 5.007966e+04 5.037683e+04 5.064833e+04 5.188045e+04 5.291045e+04 5.363369e+04 5.411171e+04 5.442709e+04 5.463707e+04 5.486914e+04 5.495967e+04 5.497204e+04 5.493616e+04 5.486766e+04 5.477538e+04 5.316690e+04 5.115346e+04 4.945562e+04 4.792800e+04
4.893545e+04 4.893545e+04 4.893545e+04 4.893545e+04 4.893545e+04 4.893545e+04 4.893543e+04 4.893567e+04 4.893843e+04 4.894999e+04 4.903519e+04 4.923407e+04 4.951725e+04 4.982258e+04 5.010955e+04 5.036960e+04 5.061086e+04 5.176333e+04 5.275933e+04 5.345923e+04 5.391919e+04 5.422077e+04 5.442056e+04 5.464070e+04 5.472717e+04 5.474034e+04 5.470815e+04 5.464500e+04 5.455899e+04 5.301748e+04 5.103824e+04 4.934571e+04 4.782871e+04
4.910789e+04 4.910789e+04 4.910789e+04 4.910789e+04 4.910789e+04 4.910784e+04 4.910773e+04 4.910758e+04 4.910975e+04 4.911955e+04 4.919285e+04 4.936343e+04 4.960472e+04 4.986358e+04 5.010729e+04 5.033094e+04 5.054309e+04 5.161656e+04 5.257179e+04 5.324260e+04 5.368167e+04 5.396879e+04 5.415900e+04 5.437008e+04 5.445577e+04 5.447271e+04 5.444674e+04 5.439108e+04 5.431316e+04 5.284850e+04 5.090940e+04 4.922610e+04 4.772146e+04
4.921028e+04 4.921028e+04 4.921028e+04 4.921028e+04 4.921028e+04 4.921023e+04 4.921008e+04 4.920972e+04 4.921139e+04 4.921958e+04 4.928157e+04 4.942513e+04 4.962636e+04 4.984068e+04 5.004270e+04 5.023085e+04 5.041407e+04 5.140398e+04 5.231649e+04 5.296111e+04 5.338429e+04 5.366229e+04 5.384790e+04 5.405788e+04 5.414839e+04 5.417296e+04 5.415596e+04 5.410982e+04 5.404157e+04 5.266163e+04 5.076779e+04 4.909735e+04 4.760666e+04
4.920471e+04 4.920471e+04 4.920471e+04 4.920471e+04 4.920471e+04 4.920466e+04 4.920451e+04 4.920411e+04 4.920550e+04 4.921248e+04 4.926531e+04 4.938630e+04 4.955329e+04 4.972843e+04 4.989229e+04 5.004637e+04 5.020041e+04 5.110135e+04 5.197677e+04 5.260635e+04 5.302455e+04 5.330252e+04 5.349071e+04 5.370952e+04 5.381075e+04 5.384657e+04 5.384082e+04 5.380577e+04 5.374834e+04 5.245852e+04 5.061426e+04 4.895999e+04 4.748469e+04
