6.411331e+08 3.525046e+08 2.686119e+08 1.364197e+08 1.020687e+08 5.406631e+07 4.467276e+07 4.015196e+07 3.946032e+07 3.909325e+07 3.877927e+07 3.862988e+07 3.836128e+07 3.774679e+07 3.661878e+07 3.491360e+07 3.269343e+07 1.989367e+07 1.218837e+07 8.549318e+06 6.691794e+06 5.627977e+06 4.954001e+06 4.148605e+06 3.667764e+06 3.331035e+06 3.071502e+06 2.860070e+06 2.682350e+06 1.819832e+06 1.654963e+06 1.666430e+06 1.699667e+06
4.086293e+07 4.086303e+07 4.086330e+07 4.086850e+07 4.087336e+07 4.052448e+07 4.000675e+07 3.888589e+07 3.872771e+07 3.864183e+07 3.858451e+07 3.853356e+07 3.830129e+07 3.769200e+07 3.655235e+07 3.482801e+07 3.258794e+07 1.976080e+07 1.209363e+07 8.486606e+06 6.648928e+06 5.597199e+06 4.930819e+06 4.133752e+06 3.656989e+06 3.322527e+06 3.064406e+06 2.853946e+06 2.676954e+06 1.817915e+06 1.654371e+06 1.666330e+06 1.699711e+06
3.813077e+07 3.813081e+07 3.813090e+07 3.813342e+07 3.813948e+07 3.811581e+07 3.814958e+07 3.837654e+07 3.820364e+07 3.819878e+07 3.835044e+07 3.840529e+07 3.821464e+07 3.761160e+07 3.645935e+07 3.471472e+07 3.245445e+07 1.961026e+07 1.199078e+07 8.420012e+06 6.604004e+06 5.565213e+06 4.906863e+06 4.118507e+06 3.645971e+06 3.313848e+06 3.057182e+06 2.847723e+06 2.671480e+06 1.815988e+06 1.653779e+06 1.666229e+06 1.699756e+06
3.797476e+07 3.797477e+07 3.797481e+07 3.797599e+07 3.797907e+07 3.800508e+07 3.788781e+07 3.833605e+07 3.843431e+07 3.835631e+07 3.823270e+07 3.826825e+07 3.809911e+07 3.749822e+07 3.633204e+07 3.456690e+07 3.228739e+07 1.944085e+07 1.187966e+07 8.349547e+06 6.557046e+06 5.532037e+06 4.882145e+06 4.102873e+06 3.634711e+06 3.305001e+06 3.049832e+06 2.841401e+06 2.665926e+06 1.814049e+06 1.653186e+06 1.666130e+06 1.699801e+06
3.813989e+07 3.813990e+07 3.813992e+07 3.814058e+07 3.814234e+07 3.816570e+07 3.811388e+07 3.815237e+07 3.840749e+07 3.856234e+07 3.849902e+07 3.829294e+07 3.799950e+07 3.736130e+07 3.616895e+07 3.438010e+07 3.208211e+07 1.925154e+07 1.176018e+07 8.275244e+06 6.508088e+06 5.497695e+06 4.856678e+06 4.086857e+06 3.623212e+06 3.295986e+06 3.042355e+06 2.834980e+06 2.660293e+06 1.812100e+06 1.652593e+06 1.666032e+06 1.699847e+06
3.830869e+07 3.830870e+07 3.830872e+07 3.830916e+07 3.831036e+07 3.832953e+07 3.831919e+07 3.818828e+07 3.831694e+07 3.852680e+07 3.873154e+07 3.853399e+07 3.805614e+07 3.725250e+07 3.598622e+07 3.415792e+07 3.183787e+07 1.904165e+07 1.163236e+07 8.197172e+06 6.457179e+06 5.462214e+06 4.830481e+06 4.070465e+06 3.611477e+06 3.286803e+06 3.034752e+06 2.828460e+06 2.654581e+06 1.810140e+06 1.652000e+06 1.665935e+06 1.699894e+06
3.845275e+07 3.845275e+07 3.845277e+07 3.845308e+07 3.845396e+07 3.847033e+07 3.847893e+07 3.835288e+07 3.835862e+07 3.848037e+07 3.877986e+07 3.872415e+07 3.821344e+07 3.726224e+07 3.583412e+07 3.391846e+07 3.156125e+07 1.881104e+07 1.149631e+07 8.115430e+06 6.404376e+06 5.425630e+06 4.803572e+06 4.053703e+06 3.599507e+06 3.277454e+06 3.027023e+06 2.821842e+06 2.648791e+06 1.808169e+06 1.651406e+06 1.665839e+06 1.699941e+06
3.858850e+07 3.858851e+07 3.858851e+07 3.858876e+07 3.858946e+07 3.860399e+07 3.862141e+07 3.854684e+07 3.850123e+07 3.852813e+07 3.873929e+07 3.876607e+07 3.830386e+07 3.729494e+07 3.574870e+07 3.370523e+07 3.127017e+07 1.856044e+07 1.135231e+07 8.030154e+06 6.349752e+06 5.387981e+06 4.775973e+06 4.036578e+06 3.587306e+06 3.267940e+06 3.019169e+06 2.815126e+06 2.642922e+06 1.806188e+06 1.650813e+06 1.665743e+06 1.699989e+06
3.873343e+07 3.873343e+07 3.873344e+07 3.873365e+07 3.873424e+07 3.874744e+07 3.876921e+07 3.874189e+07 3.868761e+07 3.865253e+07 3.870040e+07 3.868416e+07 3.825534e+07 3.724522e+07 3.564156e+07 3.351460e+07 3.099779e+07 1.829165e+07 1.120078e+07 7.941526e+06 6.293394e+06 5.349311e+06 4.747709e+06 4.019099e+06 3.574877e+06 3.258262e+06 3.011190e+06 2.808311e+06 2.636974e+06 1.804197e+06 1.650218e+06 1.665649e+06 1.700037e+06
3.889987e+07 3.889987e+07 3.889988e+07 3.890006e+07 3.890058e+07 3.891290e+07 3.893700e+07 3.893804e+07 3.888279e+07 3.880538e+07 3.867692e+07 3.852188e+07 3.806108e+07 3.705957e+07 3.544547e+07 3.328225e+07 3.072083e+07 1.800780e+07 1.104236e+07 7.849772e+06 6.235401e+06 5.309671e+06 4.718806e+06 4.001275e+06 3.562222e+06 3.248422e+06 3.003088e+06 2.801400e+06 2.630949e+06 1.802195e+06 1.649624e+06 1.665556e+06 1.700087e+06
3.909684e+07 3.909684e+07 3.909684e+07 3.909700e+07 3.909747e+07 3.910909e+07 3.913396e+07 3.913002e+07 3.905427e+07 3.892972e+07 3.862633e+07 3.828900e+07 3.773665e+07 3.672429e+07 3.512412e+07 3.296610e+07 3.039834e+07 1.771363e+07 1.087792e+07 7.755170e+06 6.175891e+06 5.269116e+06 4.689293e+06 3.983115e+06 3.549346e+06 3.238420e+06 2.994862e+06 2.794391e+06 2.624845e+06 1.800183e+06 1.649030e+06 1.665464e+06 1.700137e+06
3.062891e+07 3.062891e+07 3.062891e+07 3.062889e+07 3.062882e+07 3.062639e+07 3.061706e+07 3.056208e+07 3.050949e+07 3.043718e+07 3.022042e+07 2.986462e+07 2.929477e+07 2.843207e+07 2.722368e+07 2.567036e+07 2.383791e+07 1.445772e+07 9.180463e+06 6.756707e+06 5.535957e+06 4.830411e+06 4.369169e+06 3.785658e+06 3.409370e+06 3.129970e+06 2.906035e+06 2.719084e+06 2.559617e+06 1.779532e+06 1.643088e+06 1.664599e+06 1.700676e+06
2.072991e+07 2.072991e+07 2.072991e+07 2.072991e+07 2.072989e+07 2.072917e+07 2.072654e+07 2.071383e+07 2.070266e+07 2.068738e+07 2.063681e+07 2.052835e+07 2.029818e+07 1.987108e+07 1.919178e+07 1.825190e+07 1.709771e+07 1.100806e+07 7.536804e+06 5.866269e+06 4.963640e+06 4.413431e+06 4.044760e+06 3.571351e+06 3.253434e+06 3.008133e+06 2.806274e+06 2.634896e+06 2.487174e+06 1.758004e+06 1.637180e+06 1.663851e+06 1.701287e+06
1.485558e+07 1.485558e+07 1.485558e+07 1.485557e+07 1.485557e+07 1.485530e+07 1.485436e+07 1.485001e+07 1.484640e+07 1.484151e+07 1.482351e+07 1.477441e+07 1.465168e+07 1.440336e+07 1.398842e+07 1.339561e+07 1.265075e+07 8.571335e+06 6.201757e+06 5.072923e+06 4.454879e+06 4.055883e+06 3.768040e+06 3.367401e+06 3.091543e+06 2.877377e+06 2.697911e+06 2.543219e+06 2.408445e+06 1.735752e+06 1.631353e+06 1.663233e+06 1.701973e+06
1.135134e+07 1.135134e+07 1.135134e+07 1.135134e+07 1.135133e+07 1.135125e+07 1.135093e+07 1.134938e+07 1.134805e+07 1.134618e+07 1.133773e+07 1.130885e+07 1.122942e+07 1.106247e+07 1.077850e+07 1.036874e+07 9.850402e+06 6.970804e+06 5.263538e+06 4.444506e+06 4.002857e+06 3.718774e+06 3.506385e+06 3.183903e+06 2.939503e+06 2.745193e+06 2.584812e+06 2.446326e+06 2.324903e+06 1.712949e+06 1.625655e+06 1.662756e+06 1.702737e+06
9.100508e+06 9.100508e+06 9.100508e+06 9.100508e+06 9.100507e+06 9.100470e+06 9.100329e+06 9.099658e+06 9.099083e+06 9.098225e+06 9.093413e+06 9.073979e+06 9.017548e+06 8.896610e+06 8.689134e+06 8.388410e+06 8.006962e+06 5.875652e+06 4.594504e+06 3.966743e+06 3.625549e+06 3.409698e+06 3.250629e+06 3.001151e+06 2.795267e+06 2.620826e+06 2.473057e+06 2.347590e+06 2.238681e+06 1.689798e+06 1.620136e+06 1.662435e+06 1.703580e+06
7.568924e+06 7.568924e+06 7.568924e+06 7.568924e+06 7.568924e+06 7.568909e+06 7.568848e+06 7.568531e+06 7.568244e+06 7.567781e+06 7.564598e+06 7.550299e+06 7.507582e+06 7.415172e+06 7.256010e+06 7.024835e+06 6.731207e+06 5.085324e+06 4.087504e+06 3.589127e+06 3.312134e+06 3.136314e+06 3.009481e+06 2.815156e+06 2.649131e+06 2.499538e+06 2.367136e+06 2.251917e+06 2.152680e+06 1.666523e+06 1.614846e+06 1.662281e+06 1.704504e+06
6.472488e+06 6.472488e+06 6.472488e+06 6.472488e+06 6.472487e+06 6.472473e+06 6.472421e+06 6.472166e+06 6.471946e+06 6.471593e+06 6.469114e+06 6.457770e+06 6.423692e+06 6.349838e+06 6.222551e+06 6.037607e+06 5.802619e+06 4.483353e+06 3.679714e+06 3.273676e+06 3.043463e+06 2.895028e+06 2.788520e+06 2.631420e+06 2.499917e+06 2.377023e+06 2.263118e+06 2.160687e+06 2.070628e+06 1.643369e+06 1.609837e+06 1.662304e+06 1.705510e+06
5.646154e+06 5.646154e+06 5.646154e+06 5.646154e+06 5.646153e+06 5.646140e+06 5.646092e+06 5.645871e+06 5.645684e+06 5.645390e+06 5.643343e+06 5.633982e+06 5.605849e+06 5.544882e+06 5.439811e+06 5.287149e+06 5.093159e+06 4.003009e+06 3.337392e+06 2.999641e+06 2.806078e+06 2.679401e+06 2.587925e+06 2.456299e+06 2.351330e+06 2.253240e+06 2.159145e+06 2.071403e+06 1.992228e+06 1.620607e+06 1.605162e+06 1.662517e+06 1.706598e+06
4.995260e+06 4.995260e+06 4.995260e+06 4.995260e+06 4.995260e+06 4.995250e+06 4.995216e+06 4.995054e+06 4.994915e+06 4.994689e+06 4.993011e+06 4.985154e+06 4.961422e+06 4.909920e+06 4.821131e+06 4.692110e+06 4.528146e+06 3.606286e+06 3.043025e+06 2.757291e+06 2.593185e+06 2.484914e+06 2.406056e+06 2.293579e+06 2.208107e+06 2.130686e+06 2.055532e+06 1.983259e+06 1.916093e+06 1.598526e+06 1.600872e+06 1.662928e+06 1.707769e+06
4.466677e+06 4.466677e+06 4.466677e+06 4.466677e+06 4.466677e+06 4.466667e+06 4.466634e+06 4.466488e+06 4.466369e+06 4.466179e+06 4.464758e+06 4.458035e+06 4.437663e+06 4.393411e+06 4.317094e+06 4.206176e+06 4.065200e+06 3.272169e+06 2.787491e+06 2.542220e+06 2.401870e+06 2.309230e+06 2.241420e+06 2.144732e+06 2.073819e+06 2.012580e+06 1.953963e+06 1.896629e+06 1.841881e+06 1.577436e+06 1.597021e+06 1.663546e+06 1.709022e+06
4.027479e+06 4.027479e+06 4.027479e+06 4.027479e+06 4.027479e+06 4.027475e+06 4.027459e+06 4.027385e+06 4.027320e+06 4.027202e+06 4.026084e+06 4.020376e+06 4.002797e+06 3.964422e+06 3.898106e+06 3.801622e+06 3.678908e+06 2.987772e+06 2.565135e+06 2.351907e+06 2.230706e+06 2.151150e+06 2.092959e+06 2.009939e+06 1.950436e+06 1.901611e+06 1.856575e+06 1.812650e+06 1.769922e+06 1.557666e+06 1.593659e+06 1.664379e+06 1.710356e+06
3.661108e+06 3.661108e+06 3.661108e+06 3.661108e+06 3.661108e+06 3.661104e+06 3.661091e+06 3.661025e+06 3.660967e+06 3.660862e+06 3.659878e+06 3.654851e+06 3.639362e+06 3.605542e+06 3.547091e+06 3.462043e+06 3.353866e+06 2.744412e+06 2.371720e+06 2.184257e+06 2.078528e+06 2.009785e+06 1.959824e+06 1.888790e+06 1.838700e+06 1.799515e+06 1.765273e+06 1.732745e+06 1.700988e+06 1.539565e+06 1.590840e+06 1.665435e+06 1.711769e+06
3.350568e+06 3.350568e+06 3.350568e+06 3.350568e+06 3.350568e+06 3.350566e+06 3.350557e+06 3.350520e+06 3.350487e+06 3.350417e+06 3.349604e+06 3.345212e+06 3.331524e+06 3.301535e+06 3.249632e+06 3.174055e+06 3.077877e+06 2.535492e+06 2.203628e+06 2.037151e+06 1.944013e+06 1.884176e+06 1.841174e+06 1.780631e+06 1.738616e+06 1.707147e+06 1.681420e+06 1.658242e+06 1.636033e+06 1.523522e+06 1.588616e+06 1.666719e+06 1.713259e+06
3.086723e+06 3.086723e+06 3.086723e+06 3.086723e+06 3.086723e+06 3.086723e+06 3.086721e+06 3.086711e+06 3.086698e+06 3.086656e+06 3.085976e+06 3.082095e+06 3.069881e+06 3.043041e+06 2.996531e+06 2.928763e+06 2.842483e+06 2.355522e+06 2.057502e+06 1.908428e+06 1.825703e+06 1.773259e+06 1.736128e+06 1.684737e+06 1.649811e+06 1.624747e+06 1.605804e+06 1.590161e+06 1.575979e+06 1.510027e+06 1.587038e+06 1.668237e+06 1.714824e+06
2.862006e+06 2.862006e+06 2.862006e+06 2.862006e+06 2.862006e+06 2.862006e+06 2.862003e+06 2.861988e+06 2.861971e+06 2.861926e+06 2.861294e+06 2.857763e+06 2.846687e+06 2.822373e+06 2.780255e+06 2.718897e+06 2.640789e+06 2.200040e+06 1.930518e+06 1.796140e+06 1.722184e+06 1.675957e+06 1.643808e+06 1.600390e+06 1.571759e+06 1.552182e+06 1.538759e+06 1.529161e+06 1.521571e+06 1.499215e+06 1.586158e+06 1.669994e+06 1.716462e+06
2.667746e+06 2.667746e+06 2.667746e+06 2.667746e+06 2.667746e+06 2.667746e+06 2.667748e+06 2.667749e+06 2.667746e+06 2.667720e+06 2.667182e+06 2.664012e+06 2.653979e+06 2.631897e+06 2.593605e+06 2.537795e+06 2.466728e+06 2.065594e+06 1.820446e+06 1.698647e+06 1.632190e+06 1.591271e+06 1.563386e+06 1.526922e+06 1.503906e+06 1.489131e+06 1.480302e+06 1.475579e+06 1.473326e+06 1.490847e+06 1.586030e+06 1.671993e+06 1.718168e+06
2.500057e+06 2.500057e+06 2.500057e+06 2.500057e+06 2.500057e+06 2.500059e+06 2.500063e+06 2.500077e+06 2.500083e+06 2.500071e+06 2.499609e+06 2.496748e+06 2.487615e+06 2.467459e+06 2.432471e+06 2.381446e+06 2.316451e+06 1.949474e+06 1.725413e+06 1.614553e+06 1.554626e+06 1.518313e+06 1.494123e+06 1.463735e+06 1.445718e+06 1.435190e+06 1.430259e+06 1.429502e+06 1.431536e+06 1.484769e+06 1.586708e+06 1.674238e+06 1.719939e+06
2.356042e+06 2.356042e+06 2.356042e+06 2.356042e+06 2.356042e+06 2.356044e+06 2.356048e+06 2.356062e+06 2.356069e+06 2.356059e+06 2.355638e+06 2.353010e+06 2.344606e+06 2.326055e+06 2.293848e+06 2.246881e+06 2.187061e+06 1.849544e+06 1.643947e+06 1.542754e+06 1.488600e+06 1.456334e+06 1.435369e+06 1.410292e+06 1.396701e+06 1.389934e+06 1.388346e+06 1.390842e+06 1.396301e+06 1.480853e+06 1.588249e+06 1.676732e+06 1.721771e+06
2.231772e+06 2.231772e+06 2.231772e+06 2.231772e+06 2.231772e+06 2.231773e+06 2.231776e+06 2.231785e+06 2.231791e+06 2.231782e+06 2.231395e+06 2.228971e+06 2.221210e+06 2.204068e+06 2.174308e+06 2.130913e+06 2.075654e+06 1.764186e+06 1.574998e+06 1.482413e+06 1.433387e+06 1.404693e+06 1.386552e+06 1.366102e+06 1.356395e+06 1.352936e+06 1.354222e+06 1.359395e+06 1.367574e+06 1.478982e+06 1.590718e+06 1.679480e+06 1.723660e+06
2.124412e+06 2.124412e+06 2.124412e+06 2.124412e+06 2.124412e+06 2.124415e+06 2.124424e+06 2.124457e+06 2.124480e+06 2.124493e+06 2.124185e+06 2.121997e+06 2.114867e+06 2.099048e+06 2.071537e+06 2.031396e+06 1.980268e+06 1.692209e+06 1.517686e+06 1.432785e+06 1.388326e+06 1.362794e+06 1.347131e+06 1.330698e+06 1.324361e+06 1.323775e+06 1.327514e+06 1.334880e+06 1.345195e+06 1.479048e+06 1.594190e+06 1.682483e+06 1.725603e+06
2.033834e+06 2.033834e+06 2.033834e+06 2.033834e+06 2.033834e+06 2.033836e+06 2.033843e+06 2.033868e+06 2.033886e+06 2.033895e+06 2.033604e+06 2.031568e+06 2.024940e+06 2.010235e+06 1.984665e+06 1.947362e+06 1.899860e+06 1.632536e+06 1.471125e+06 1.393135e+06 1.352782e+06 1.330068e+06 1.316582e+06 1.303621e+06 1.300166e+06 1.302031e+06 1.307829e+06 1.316968e+06 1.328928e+06 1.480947e+06 1.598781e+06 1.685748e+06 1.727595e+06
1.957665e+06 1.957665e+06 1.957665e+06 1.957666e+06 1.957666e+06 1.957668e+06 1.957676e+06 1.957708e+06 1.957731e+06 1.957745e+06 1.957488e+06 1.955603e+06 1.949429e+06 1.935717e+06 1.911868e+06 1.877083e+06 1.832801e+06 1.584034e+06 1.434497e+06 1.362797e+06 1.326164e+06 1.305968e+06 1.294394e+06 1.284403e+06 1.283368e+06 1.287275e+06 1.294760e+06 1.305293e+06 1.318475e+06 1.484582e+06 1.604549e+06 1.689277e+06 1.729633e+06
1.894210e+06 1.894210e+06 1.894210e+06 1.894210e+06 1.894210e+06 1.894212e+06 1.894218e+06 1.894240e+06 1.894256e+06 1.894264e+06 1.894012e+06 1.892236e+06 1.886452e+06 1.873622e+06 1.851326e+06 1.818826e+06 1.777482e+06 1.545732e+06 1.407112e+06 1.341173e+06 1.307907e+06 1.289951e+06 1.280042e+06 1.272561e+06 1.273512e+06 1.279066e+06 1.287883e+06 1.299464e+06 1.313501e+06 1.489860e+06 1.611343e+06 1.693077e+06 1.731712e+06
1.841313e+06 1.841313e+06 1.841313e+06 1.841313e+06 1.841313e+06 1.841316e+06 1.841326e+06 1.841365e+06 1.841392e+06 1.841415e+06 1.841214e+06 1.839592e+06 1.834225e+06 1.822274e+06 1.801481e+06 1.771165e+06 1.732605e+06 1.516805e+06 1.388301e+06 1.327637e+06 1.297412e+06 1.281441e+06 1.272972e+06 1.267580e+06 1.270114e+06 1.276945e+06 1.286757e+06 1.299070e+06 1.313634e+06 1.496690e+06 1.619042e+06 1.697156e+06 1.733830e+06
1.799110e+06 1.799110e+06 1.799110e+06 1.799110e+06 1.799110e+06 1.799114e+06 1.799123e+06 1.799162e+06 1.799189e+06 1.799211e+06 1.799026e+06 1.797513e+06 1.792498e+06 1.781329e+06 1.761901e+06 1.733585e+06 1.697586e+06 1.496506e+06 1.377324e+06 1.321497e+06 1.294027e+06 1.279820e+06 1.272594e+06 1.268917e+06 1.272669e+06 1.280433e+06 1.290928e+06 1.303682e+06 1.318485e+06 1.504982e+06 1.627535e+06 1.701524e+06 1.735983e+06
1.766349e+06 1.766349e+06 1.766349e+06 1.766349e+06 1.766349e+06 1.766354e+06 1.766367e+06 1.766419e+06 1.766456e+06 1.766490e+06 1.766347e+06 1.764960e+06 1.760290e+06 1.749855e+06 1.731689e+06 1.705213e+06 1.671565e+06 1.484003e+06 1.373418e+06 1.322051e+06 1.297094e+06 1.284460e+06 1.278304e+06 1.276009e+06 1.280649e+06 1.289033e+06 1.299924e+06 1.312857e+06 1.327645e+06 1.514643e+06 1.636720e+06 1.706197e+06 1.738168e+06
1.742664e+06 1.742664e+06 1.742664e+06 1.742664e+06 1.742664e+06 1.742665e+06 1.742671e+06 1.742693e+06 1.742711e+06 1.742724e+06 1.742547e+06 1.741202e+06 1.736779e+06 1.726953e+06 1.709893e+06 1.685066e+06 1.653553e+06 1.478463e+06 1.375878e+06 1.328645e+06 1.305982e+06 1.294740e+06 1.289492e+06 1.288275e+06 1.293510e+06 1.302234e+06 1.313266e+06 1.326144e+06 1.340696e+06 1.525580e+06 1.646493e+06 1.711196e+06 1.740386e+06
1.725358e+06 1.725358e+06 1.725358e+06 1.725358e+06 1.725358e+06 1.725362e+06 1.725372e+06 1.725412e+06 1.725440e+06 1.725466e+06 1.725331e+06 1.724104e+06 1.719993e+06 1.710823e+06 1.694884e+06 1.671688e+06 1.642255e+06 1.479109e+06 1.384063e+06 1.340656e+06 1.320062e+06 1.310033e+06 1.305538e+06 1.305121e+06 1.310694e+06 1.319518e+06 1.330467e+06 1.343087e+06 1.357213e+06 1.537692e+06 1.656755e+06 1.716560e+06 1.742634e+06
1.714942e+06 1.714942e+06 1.714942e+06 1.714942e+06 1.714942e+06 1.714945e+06 1.714956e+06 1.714995e+06 1.715023e+06 1.715049e+06 1.714925e+06 1.713777e+06 1.709929e+06 1.701349e+06 1.686445e+06 1.664771e+06 1.637290e+06 1.485372e+06 1.397343e+06 1.357428e+06 1.338672e+06 1.329683e+06 1.325798e+06 1.325944e+06 1.331642e+06 1.340363e+06 1.351043e+06 1.363234e+06 1.376773e+06 1.550873e+06 1.667409e+06 1.722335e+06 1.744913e+06
1.710473e+06 1.710473e+06 1.710473e+06 1.710473e+06 1.710473e+06 1.710476e+06 1.710485e+06 1.710523e+06 1.710550e+06 1.710575e+06 1.710465e+06 1.709399e+06 1.705808e+06 1.697796e+06 1.683878e+06 1.663646e+06 1.638006e+06 1.496573e+06 1.414994e+06 1.378234e+06 1.361106e+06 1.353008e+06 1.349620e+06 1.350144e+06 1.355799e+06 1.364256e+06 1.374514e+06 1.386136e+06 1.398960e+06 1.565016e+06 1.678360e+06 1.728442e+06 1.747224e+06
1.711639e+06 1.711639e+06 1.711639e+06 1.711639e+06 1.711639e+06 1.711641e+06 1.711649e+06 1.711681e+06 1.711704e+06 1.711725e+06 1.711615e+06 1.710607e+06 1.707235e+06 1.699725e+06 1.686694e+06 1.667769e+06 1.643806e+06 1.511943e+06 1.436238e+06 1.402335e+06 1.386666e+06 1.379350e+06 1.376377e+06 1.377145e+06 1.382634e+06 1.390703e+06 1.400419e+06 1.411360e+06 1.423366e+06 1.580003e+06 1.689519e+06 1.734803e+06 1.749572e+06
1.717171e+06 1.717171e+06 1.717171e+06 1.717171e+06 1.717171e+06 1.717173e+06 1.717181e+06 1.717213e+06 1.717236e+06 1.717257e+06 1.717157e+06 1.716214e+06 1.713054e+06 1.706018e+06 1.693815e+06 1.676102e+06 1.653690e+06 1.530643e+06 1.460345e+06 1.429072e+06 1.414738e+06 1.408124e+06 1.405505e+06 1.406417e+06 1.411647e+06 1.419234e+06 1.428317e+06 1.438490e+06 1.449598e+06 1.595716e+06 1.700800e+06 1.741356e+06 1.751960e+06
1.726462e+06 1.726462e+06 1.726462e+06 1.726462e+06 1.726462e+06 1.726464e+06 1.726470e+06 1.726494e+06 1.726512e+06 1.726527e+06 1.726421e+06 1.725523e+06 1.722544e+06 1.715930e+06 1.704479e+06 1.687878e+06 1.666893e+06 1.552022e+06 1.486758e+06 1.457926e+06 1.444818e+06 1.438832e+06 1.436511e+06 1.437480e+06 1.442376e+06 1.449410e+06 1.457788e+06 1.467130e+06 1.477283e+06 1.612032e+06 1.712122e+06 1.748040e+06 1.754397e+06
1.738387e+06 1.738387e+06 1.738387e+06 1.738387e+06 1.738387e+06 1.738389e+06 1.738396e+06 1.738423e+06 1.738442e+06 1.738460e+06 1.738368e+06 1.737533e+06 1.734747e+06 1.728556e+06 1.717839e+06 1.702309e+06 1.682694e+06 1.575598e+06 1.515064e+06 1.488489e+06 1.476484e+06 1.471041e+06 1.468956e+06 1.469896e+06 1.474395e+06 1.480820e+06 1.488443e+06 1.496906e+06 1.506063e+06 1.628827e+06 1.723411e+06 1.754800e+06 1.756895e+06
1.752825e+06 1.752825e+06 1.752825e+06 1.752825e+06 1.752825e+06 1.752828e+06 1.752834e+06 1.752861e+06 1.752880e+06 1.752897e+06 1.752815e+06 1.752037e+06 1.749432e+06 1.743644e+06 1.733626e+06 1.719119e+06 1.700807e+06 1.601056e+06 1.544912e+06 1.520375e+06 1.509335e+06 1.504342e+06 1.502428e+06 1.503261e+06 1.507312e+06 1.513087e+06 1.519917e+06 1.527470e+06 1.535607e+06 1.645975e+06 1.734598e+06 1.761585e+06 1.759475e+06
1.769680e+06 1.769680e+06 1.769680e+06 1.769680e+06 1.769680e+06 1.769682e+06 1.769687e+06 1.769711e+06 1.769728e+06 1.769744e+06 1.769664e+06 1.768932e+06 1.766491e+06 1.761071e+06 1.751700e+06 1.738142e+06 1.721040e+06 1.628069e+06 1.575906e+06 1.553173e+06 1.542958e+06 1.538331e+06 1.536535e+06 1.537196e+06 1.540763e+06 1.545859e+06 1.551872e+06 1.558496e+06 1.565600e+06 1.663353e+06 1.745620e+06 1.768342e+06 1.762172e+06
1.788449e+06 1.788449e+06 1.788449e+06 1.788449e+06 1.788449e+06 1.788451e+06 1.788457e+06 1.788483e+06 1.788502e+06 1.788520e+06 1.788453e+06 1.787777e+06 1.785499e+06 1.780435e+06 1.771675e+06 1.759001e+06 1.743019e+06 1.656220e+06 1.607609e+06 1.586457e+06 1.576954e+06 1.572630e+06 1.570914e+06 1.571363e+06 1.574418e+06 1.578816e+06 1.583997e+06 1.589683e+06 1.595753e+06 1.680837e+06 1.756420e+06 1.775025e+06 1.764956e+06
1.809309e+06 1.809309e+06 1.809309e+06 1.809309e+06 1.809309e+06 1.809312e+06 1.809319e+06 1.809345e+06 1.809363e+06 1.809380e+06 1.809314e+06 1.808672e+06 1.806520e+06 1.801745e+06 1.793497e+06 1.781576e+06 1.766554e+06 1.685113e+06 1.639615e+06 1.619859e+06 1.610983e+06 1.606917e+06 1.605255e+06 1.605458e+06 1.607980e+06 1.611663e+06 1.616004e+06 1.620751e+06 1.625796e+06 1.698310e+06 1.766946e+06 1.781587e+06 1.767779e+06
1.831459e+06 1.831459e+06 1.831459e+06 1.831459e+06 1.831459e+06 1.831460e+06 1.831463e+06 1.831472e+06 1.831479e+06 1.831484e+06 1.831396e+06 1.830760e+06 1.828698e+06 1.824162e+06 1.816355e+06 1.805093e+06 1.790920e+06 1.714279e+06 1.671595e+06 1.653104e+06 1.644788e+06 1.640941e+06 1.639303e+06 1.639216e+06 1.641178e+06 1.644132e+06 1.647628e+06 1.651443e+06 1.655480e+06 1.715655e+06 1.777153e+06 1.787986e+06 1.770607e+06
1.853411e+06 1.853411e+06 1.853411e+06 1.853411e+06 1.853411e+06 1.853413e+06 1.853418e+06 1.853439e+06 1.853454e+06 1.853468e+06 1.853409e+06 1.852836e+06 1.850920e+06 1.846670e+06 1.839338e+06 1.828750e+06 1.815423e+06 1.743393e+06 1.703348e+06 1.686012e+06 1.678182e+06 1.674495e+06 1.672835e+06 1.672395e+06 1.673759e+06 1.675970e+06 1.678623e+06 1.681521e+06 1.684576e+06 1.732765e+06 1.787001e+06 1.794182e+06 1.773409e+06
1.876315e+06 1.876315e+06 1.876315e+06 1.876315e+06 1.876315e+06 1.876316e+06 1.876318e+06 1.876327e+06 1.876333e+06 1.876337e+06 1.876257e+06 1.875688e+06 1.873846e+06 1.869800e+06 1.862847e+06 1.852831e+06 1.840244e+06 1.772391e+06 1.734748e+06 1.718424e+06 1.710976e+06 1.707368e+06 1.705625e+06 1.704749e+06 1.705480e+06 1.706939e+06 1.708761e+06 1.710767e+06 1.712877e+06 1.749538e+06 1.796454e+06 1.800139e+06 1.776155e+06
1.898787e+06 1.898787e+06 1.898787e+06 1.898787e+06 1.898787e+06 1.898788e+06 1.898791e+06 1.898803e+06 1.898811e+06 1.898817e+06 1.898747e+06 1.898215e+06 1.896481e+06 1.892668e+06 1.886119e+06 1.876687e+06 1.864840e+06 1.801027e+06 1.765587e+06 1.750109e+06 1.742918e+06 1.739299e+06 1.737407e+06 1.736025e+06 1.736100e+06 1.736815e+06 1.737832e+06 1.738983e+06 1.740194e+06 1.765877e+06 1.805482e+06 1.805824e+06 1.778821e+06
1.920930e+06 1.920930e+06 1.920930e+06 1.920930e+06 1.920930e+06 1.920931e+06 1.920934e+06 1.920946e+06 1.920955e+06 1.920963e+06 1.920904e+06 1.920412e+06 1.918791e+06 1.915218e+06 1.909072e+06 1.900218e+06 1.889093e+06 1.829077e+06 1.795564e+06 1.780739e+06 1.773680e+06 1.769973e+06 1.767886e+06 1.765963e+06 1.765390e+06 1.765392e+06 1.765647e+06 1.765995e+06 1.766364e+06 1.781698e+06 1.814059e+06 1.811206e+06 1.781381e+06
1.943296e+06 1.943296e+06 1.943296e+06 1.943296e+06 1.943296e+06 1.943297e+06 1.943301e+06 1.943318e+06 1.943330e+06 1.943341e+06 1.943292e+06 1.942835e+06 1.941309e+06 1.937936e+06 1.932129e+06 1.923759e+06 1.913236e+06 1.856332e+06 1.824310e+06 1.809925e+06 1.802898e+06 1.799060e+06 1.796767e+06 1.794323e+06 1.793148e+06 1.792492e+06 1.792045e+06 1.791653e+06 1.791246e+06 1.796921e+06 1.822162e+06 1.816260e+06 1.783812e+06
1.966015e+06 1.966015e+06 1.966015e+06 1.966015e+06 1.966015e+06 1.966016e+06 1.966016e+06 1.966016e+06 1.966016e+06 1.966012e+06 1.965932e+06 1.965455e+06 1.963952e+06 1.960683e+06 1.955091e+06 1.947051e+06 1.936955e+06 1.882328e+06 1.851378e+06 1.837282e+06 1.830248e+06 1.826284e+06 1.823810e+06 1.820915e+06 1.819214e+06 1.817974e+06 1.816896e+06 1.815834e+06 1.814724e+06 1.811476e+06 1.829774e+06 1.820962e+06 1.786093e+06
1.987086e+06 1.987086e+06 1.987086e+06 1.987086e+06 1.987086e+06 1.987086e+06 1.987086e+06 1.987084e+06 1.987082e+06 1.987077e+06 1.986994e+06 1.986528e+06 1.985076e+06 1.981926e+06 1.976542e+06 1.968806e+06 1.959091e+06 1.906425e+06 1.876389e+06 1.862552e+06 1.855533e+06 1.851484e+06 1.848875e+06 1.845623e+06 1.843480e+06 1.841736e+06 1.840103e+06 1.838448e+06 1.836709e+06 1.825304e+06 1.836880e+06 1.825292e+06 1.788204e+06
2.006072e+06 2.006072e+06 2.006072e+06 2.006072e+06 2.006072e+06 2.006071e+06 2.006071e+06 2.006068e+06 2.006066e+06 2.006060e+06 2.005981e+06 2.005533e+06 2.004139e+06 2.001114e+06 1.995943e+06 1.988509e+06 1.979168e+06 1.928389e+06 1.899243e+06 1.885688e+06 1.878721e+06 1.874630e+06 1.871930e+06 1.868402e+06 1.865895e+06 1.863719e+06 1.861605e+06 1.859428e+06 1.857135e+06 1.838354e+06 1.843468e+06 1.829236e+06 1.790126e+06
2.023148e+06 2.023148e+06 2.023148e+06 2.023148e+06 2.023148e+06 2.023148e+06 2.023148e+06 2.023150e+06 2.023151e+06 2.023149e+06 2.023080e+06 2.022659e+06 2.021330e+06 2.018434e+06 2.013474e+06 2.006332e+06 1.997349e+06 1.948364e+06 1.920069e+06 1.906797e+06 1.899899e+06 1.895788e+06 1.893018e+06 1.889262e+06 1.886444e+06 1.883896e+06 1.881364e+06 1.878734e+06 1.875960e+06 1.850581e+06 1.849530e+06 1.832779e+06 1.791843e+06
2.038916e+06 2.038916e+06 2.038916e+06 2.038916e+06 2.038916e+06 2.038916e+06 2.038916e+06 2.038915e+06 2.038915e+06 2.038911e+06 2.038841e+06 2.038431e+06 2.037144e+06 2.034345e+06 2.029552e+06 2.022654e+06 2.013976e+06 1.966567e+06 1.939044e+06 1.926030e+06 1.919190e+06 1.915051e+06 1.912210e+06 1.908237e+06 1.905137e+06 1.902262e+06 1.899367e+06 1.896348e+06 1.893159e+06 1.861954e+06 1.855060e+06 1.835913e+06 1.793339e+06
2.053280e+06 2.053280e+06 2.053280e+06 2.053280e+06 2.053280e+06 2.053280e+06 2.053279e+06 2.053279e+06 2.053278e+06 2.053274e+06 2.053204e+06 2.052803e+06 2.051552e+06 2.048836e+06 2.044191e+06 2.037507e+06 2.029099e+06 1.983114e+06 1.956292e+06 1.943496e+06 1.936682e+06 1.932492e+06 1.929562e+06 1.925359e+06 1.921991e+06 1.918823e+06 1.915615e+06 1.912264e+06 1.908728e+06 1.872448e+06 1.860056e+06 1.838630e+06 1.794600e+06
2.066096e+06 2.066096e+06 2.066096e+06 2.066096e+06 2.066095e+06 2.066095e+06 2.066094e+06 2.066091e+06 2.066087e+06 2.066081e+06 2.066007e+06 2.065612e+06 2.064393e+06 2.061757e+06 2.057255e+06 2.050780e+06 2.042635e+06 1.998035e+06 1.971863e+06 1.959235e+06 1.952407e+06 1.948133e+06 1.945093e+06 1.940644e+06 1.937020e+06 1.933593e+06 1.930120e+06 1.926495e+06 1.922673e+06 1.882045e+06 1.864515e+06 1.840927e+06 1.795614e+06
2.077142e+06 2.077142e+06 2.077142e+06 2.077142e+06 2.077142e+06 2.077142e+06 2.077142e+06 2.077142e+06 2.077141e+06 2.077137e+06 2.077072e+06 2.076697e+06 2.075529e+06 2.072993e+06 2.068655e+06 2.062409e+06 2.054546e+06 2.011329e+06 1.985738e+06 1.973218e+06 1.966334e+06 1.961952e+06 1.958788e+06 1.954093e+06 1.950239e+06 1.946594e+06 1.942906e+06 1.939063e+06 1.935016e+06 1.890736e+06 1.868440e+06 1.842800e+06 1.796371e+06
2.086894e+06 2.086894e+06 2.086894e+06 2.086894e+06 2.086894e+06 2.086894e+06 2.086894e+06 2.086894e+06 2.086893e+06 2.086889e+06 2.086827e+06 2.086467e+06 2.085339e+06 2.082889e+06 2.078694e+06 2.072651e+06 2.065035e+06 2.023001e+06 1.997854e+06 1.985373e+06 1.978403e+06 1.973903e+06 1.970621e+06 1.965709e+06 1.961669e+06 1.957856e+06 1.954007e+06 1.950004e+06 1.945791e+06 1.898520e+06 1.871833e+06 1.844253e+06 1.796861e+06
2.095534e+06 2.095534e+06 2.095534e+06 2.095534e+06 2.095534e+06 2.095534e+06 2.095533e+06 2.095530e+06 2.095528e+06 2.095522e+06 2.095457e+06 2.095100e+06 2.093997e+06 2.091607e+06 2.087517e+06 2.081624e+06 2.074192e+06 2.033008e+06 2.008131e+06 1.995630e+06 1.988566e+06 1.983963e+06 1.980586e+06 1.975516e+06 1.971349e+06 1.967426e+06 1.963475e+06 1.959368e+06 1.955046e+06 1.905401e+06 1.874701e+06 1.845286e+06 1.797078e+06
2.102837e+06 2.102837e+06 2.102837e+06 2.102837e+06 2.102837e+06 2.102837e+06 2.102836e+06 2.102832e+06 2.102829e+06 2.102823e+06 2.102756e+06 2.102404e+06 2.101321e+06 2.098977e+06 2.094966e+06 2.089183e+06 2.081882e+06 2.041261e+06 2.016520e+06 2.003975e+06 1.996835e+06 1.992162e+06 1.988727e+06 1.983572e+06 1.979345e+06 1.975372e+06 1.971373e+06 1.967217e+06 1.962837e+06 1.911390e+06 1.877050e+06 1.845905e+06 1.797015e+06
2.108654e+06 2.108654e+06 2.108654e+06 2.108654e+06 2.108654e+06 2.108654e+06 2.108653e+06 2.108647e+06 2.108642e+06 2.108634e+06 2.108564e+06 2.108214e+06 2.107145e+06 2.104835e+06 2.100881e+06 2.095177e+06 2.087970e+06 2.047731e+06 2.023067e+06 2.010488e+06 2.003304e+06 1.998600e+06 1.995145e+06 1.989976e+06 1.985750e+06 1.981781e+06 1.977784e+06 1.973624e+06 1.969234e+06 1.916501e+06 1.878888e+06 1.846115e+06 1.796669e+06
2.112825e+06 2.112825e+06 2.112825e+06 2.112825e+06 2.112825e+06 2.112824e+06 2.112823e+06 2.112819e+06 2.112816e+06 2.112809e+06 2.112744e+06 2.112401e+06 2.111351e+06 2.109075e+06 2.105174e+06 2.099538e+06 2.092411e+06 2.052499e+06 2.027915e+06 2.015331e+06 2.008138e+06 2.003435e+06 1.999991e+06 1.994860e+06 1.990680e+06 1.986756e+06 1.982799e+06 1.978673e+06 1.974310e+06 1.920756e+06 1.880226e+06 1.845925e+06 1.796035e+06
2.115628e+06 2.115628e+06 2.115628e+06 2.115628e+06 2.115628e+06 2.115627e+06 2.115626e+06 2.115622e+06 2.115618e+06 2.115612e+06 2.115547e+06 2.115208e+06 2.114169e+06 2.111916e+06 2.108052e+06 2.102469e+06 2.095403e+06 2.055762e+06 2.031273e+06 2.018713e+06 2.011536e+06 2.006854e+06 2.003437e+06 1.998372e+06 1.994262e+06 1.990408e+06 1.986518e+06 1.982454e+06 1.978147e+06 1.924178e+06 1.881073e+06 1.845343e+06 1.795113e+06
2.117145e+06 2.117145e+06 2.117145e+06 2.117145e+06 2.117145e+06 2.117144e+06 2.117143e+06 2.117135e+06 2.117129e+06 2.117120e+06 2.117049e+06 2.116705e+06 2.115667e+06 2.113426e+06 2.109591e+06 2.104051e+06 2.097042e+06 2.057698e+06 2.033349e+06 2.020843e+06 2.013696e+06 2.009041e+06 2.005654e+06 2.000656e+06 1.996623e+06 1.992848e+06 1.989039e+06 1.985056e+06 1.980827e+06 1.926795e+06 1.881442e+06 1.844380e+06 1.793903e+06
2.117051e+06 2.117051e+06 2.117051e+06 2.117051e+06 2.117051e+06 2.117051e+06 2.117049e+06 2.117041e+06 2.117035e+06 2.117026e+06 2.116956e+06 2.116618e+06 2.115596e+06 2.113391e+06 2.109614e+06 2.104158e+06 2.097251e+06 2.058420e+06 2.034314e+06 2.021894e+06 2.014783e+06 2.010151e+06 2.006787e+06 2.001843e+06 1.997878e+06 1.994182e+06 1.990460e+06 1.986567e+06 1.982432e+06 1.928636e+06 1.881346e+06 1.843045e+06 1.792406e+06
2.115508e+06 2.115508e+06 2.115508e+06 2.115508e+06 2.115508e+06 2.115508e+06 2.115508e+06 2.115505e+06 2.115502e+06 2.115497e+06 2.115438e+06 2.115119e+06 2.114131e+06 2.111984e+06 2.108296e+06 2.102960e+06 2.096198e+06 2.058078e+06 2.034297e+06 2.021985e+06 2.014910e+06 2.010296e+06 2.006944e+06 2.002037e+06 1.998127e+06 1.994504e+06 1.990868e+06 1.987073e+06 1.983041e+06 1.929735e+06 1.880799e+06 1.841350e+06 1.790623e+06
2.113170e+06 2.113170e+06 2.113170e+06 2.113170e+06 2.113170e+06 2.113170e+06 2.113169e+06 2.113166e+06 2.113164e+06 2.113159e+06 2.113100e+06 2.112788e+06 2.111820e+06 2.109718e+06 2.106109e+06 2.100884e+06 2.094259e+06 2.056841e+06 2.033395e+06 2.021195e+06 2.014155e+06 2.009551e+06 2.006206e+06 2.001319e+06 1.997453e+06 1.993897e+06 1.990347e+06 1.986651e+06 1.982728e+06 1.930123e+06 1.879814e+06 1.839307e+06 1.788558e+06
2.110100e+06 2.110100e+06 2.110100e+06 2.110100e+06 2.110100e+06 2.110100e+06 2.110099e+06 2.110095e+06 2.110093e+06 2.110087e+06 2.110029e+06 2.109722e+06 2.108772e+06 2.106712e+06 2.103173e+06 2.098050e+06 2.091554e+06 2.054797e+06 2.031671e+06 2.019578e+06 2.012570e+06 2.007973e+06 2.004629e+06 1.999755e+06 1.995925e+06 1.992433e+06 1.988968e+06 1.985374e+06 1.981567e+06 1.929837e+06 1.878406e+06 1.836928e+06 1.786215e+06
2.106292e+06 2.106292e+06 2.106292e+06 2.106292e+06 2.106292e+06 2.106291e+06 2.106291e+06 2.106287e+06 2.106285e+06 2.106280e+06 2.106224e+06 2.105924e+06 2.104994e+06 2.102974e+06 2.099504e+06 2.094479e+06 2.088105e+06 2.051988e+06 2.029173e+06 2.017180e+06 2.010197e+06 2.005604e+06 2.002259e+06 1.997396e+06 1.993605e+06 1.990177e+06 1.986799e+06 1.983311e+06 1.979623e+06 1.928910e+06 1.876592e+06 1.834226e+06 1.783600e+06
2.101911e+06 2.101911e+06 2.101911e+06 2.101911e+06 2.101911e+06 2.101911e+06 2.101911e+06 2.101910e+06 2.101908e+06 2.101905e+06 2.101853e+06 2.101562e+06 2.100651e+06 2.098670e+06 2.095263e+06 2.090327e+06 2.084063e+06 2.048508e+06 2.025953e+06 2.014037e+06 2.007073e+06 2.002481e+06 1.999138e+06 1.994294e+06 1.990547e+06 1.987190e+06 1.983905e+06 1.980527e+06 1.976962e+06 1.927378e+06 1.874384e+06 1.831213e+06 1.780717e+06
2.097200e+06 2.097200e+06 2.097200e+06 2.097200e+06 2.097200e+06 2.097200e+06 2.097199e+06 2.097198e+06 2.097196e+06 2.097192e+06 2.097140e+06 2.096850e+06 2.095951e+06 2.093996e+06 2.090636e+06 2.085767e+06 2.079588e+06 2.044440e+06 2.022056e+06 2.010186e+06 2.003232e+06 1.998645e+06 1.995310e+06 1.990499e+06 1.986811e+06 1.983534e+06 1.980348e+06 1.977084e+06 1.973645e+06 1.925276e+06 1.871801e+06 1.827902e+06 1.777574e+06
2.092035e+06 2.092035e+06 2.092035e+06 2.092035e+06 2.092035e+06 2.092035e+06 2.092034e+06 2.092030e+06 2.092028e+06 2.092022e+06 2.091967e+06 2.091677e+06 2.090785e+06 2.088850e+06 2.085527e+06 2.080713e+06 2.074599e+06 2.039764e+06 2.017503e+06 2.005665e+06 1.998723e+06 1.994149e+06 1.990831e+06 1.986072e+06 1.982457e+06 1.979270e+06 1.976189e+06 1.973043e+06 1.969732e+06 1.922639e+06 1.868856e+06 1.824306e+06 1.774176e+06
2.086228e+06 2.086228e+06 2.086228e+06 2.086228e+06 2.086228e+06 2.086227e+06 2.086226e+06 2.086223e+06 2.086220e+06 2.086215e+06 2.086161e+06 2.085874e+06 2.084993e+06 2.083079e+06 2.079791e+06 2.075027e+06 2.068975e+06 2.034445e+06 2.012319e+06 2.000528e+06 1.993611e+06 1.989060e+06 1.985770e+06 1.981080e+06 1.977550e+06 1.974462e+06 1.971490e+06 1.968464e+06 1.965281e+06 1.919498e+06 1.865565e+06 1.820437e+06 1.770533e+06
2.079860e+06 2.079860e+06 2.079860e+06 2.079860e+06 2.079860e+06 2.079860e+06 2.079859e+06 2.079857e+06 2.079854e+06 2.079850e+06 2.079798e+06 2.079516e+06 2.078645e+06 2.076751e+06 2.073497e+06 2.068779e+06 2.062784e+06 2.028551e+06 2.006577e+06 1.994851e+06 1.987973e+06 1.983457e+06 1.980203e+06 1.975595e+06 1.972158e+06 1.969173e+06 1.966312e+06 1.963403e+06 1.960346e+06 1.915888e+06 1.861944e+06 1.816307e+06 1.766651e+06
2.073069e+06 2.073069e+06 2.073069e+06 2.073069e+06 2.073069e+06 2.073068e+06 2.073068e+06 2.073065e+06 2.073063e+06 2.073058e+06 2.073007e+06 2.072727e+06 2.071864e+06 2.069989e+06 2.066765e+06 2.062091e+06 2.056150e+06 2.022198e+06 2.000376e+06 1.988725e+06 1.981897e+06 1.977424e+06 1.974212e+06 1.969692e+06 1.966350e+06 1.963465e+06 1.960711e+06 1.957915e+06 1.954979e+06 1.911839e+06 1.858008e+06 1.811928e+06 1.762538e+06
2.065859e+06 2.065859e+06 2.065859e+06 2.065859e+06 2.065859e+06 2.065859e+06 2.065858e+06 2.065855e+06 2.065853e+06 2.065848e+06 2.065796e+06 2.065520e+06 2.064666e+06 2.062810e+06 2.059620e+06 2.054994e+06 2.049112e+06 2.015465e+06 1.993810e+06 1.982244e+06 1.975471e+06 1.971044e+06 1.967875e+06 1.963440e+06 1.960187e+06 1.957396e+06 1.954741e+06 1.952051e+06 1.949226e+06 1.907382e+06 1.853772e+06 1.807314e+06 1.758204e+06
2.058228e+06 2.058228e+06 2.058228e+06 2.058228e+06 2.058228e+06 2.058227e+06 2.058227e+06 2.058224e+06 2.058221e+06 2.058217e+06 2.058166e+06 2.057893e+06 2.057050e+06 2.055218e+06 2.052068e+06 2.047499e+06 2.041688e+06 2.008412e+06 1.986959e+06 1.975488e+06 1.968773e+06 1.964390e+06 1.961261e+06 1.956903e+06 1.953727e+06 1.951018e+06 1.948450e+06 1.945854e+06 1.943132e+06 1.902544e+06 1.849249e+06 1.802474e+06 1.753657e+06
2.050216e+06 2.050216e+06 2.050216e+06 2.050216e+06 2.050216e+06 2.050216e+06 2.050215e+06 2.050214e+06 2.050212e+06 2.050209e+06 2.050161e+06 2.049895e+06 2.049067e+06 2.047265e+06 2.044163e+06 2.039661e+06 2.033933e+06 2.001091e+06 1.979877e+06 1.968516e+06 1.961861e+06 1.957520e+06 1.954425e+06 1.950129e+06 1.947015e+06 1.944372e+06 1.941878e+06 1.939364e+06 1.936732e+06 1.897352e+06 1.844455e+06 1.797420e+06 1.748905e+06
2.041994e+06 2.041994e+06 2.041994e+06 2.041994e+06 2.041994e+06 2.041994e+06 2.041993e+06 2.041991e+06 2.041990e+06 2.041986e+06 2.041939e+06 2.041677e+06 2.040862e+06 2.039087e+06 2.036032e+06 2.031596e+06 2.025951e+06 1.993561e+06 1.972605e+06 1.961364e+06 1.954773e+06 1.950471e+06 1.947405e+06 1.943155e+06 1.940086e+06 1.937493e+06 1.935058e+06 1.932612e+06 1.930059e+06 1.891833e+06 1.839403e+06 1.792164e+06 1.743956e+06
2.033598e+06 2.033598e+06 2.033598e+06 2.033598e+06 2.033598e+06 2.033598e+06 2.033598e+06 2.033598e+06 2.033597e+06 2.033595e+06 2.033552e+06 2.033297e+06 2.032499e+06 2.030754e+06 2.027748e+06 2.023381e+06 2.017822e+06 1.985886e+06 1.965188e+06 1.954067e+06 1.947536e+06 1.943269e+06 1.940225e+06 1.936004e+06 1.932963e+06 1.930405e+06 1.928014e+06 1.925624e+06 1.923138e+06 1.886009e+06 1.834106e+06 1.786715e+06 1.738821e+06
2.025215e+06 2.025215e+06 2.025215e+06 2.025215e+06 2.025215e+06 2.025215e+06 2.025215e+06 2.025215e+06 2.025214e+06 2.025212e+06 2.025169e+06 2.024919e+06 2.024132e+06 2.022413e+06 2.019451e+06 2.015146e+06 2.009663e+06 1.978140e+06 1.957673e+06 1.946654e+06 1.940171e+06 1.935927e+06 1.932896e+06 1.928688e+06 1.925660e+06 1.923122e+06 1.920764e+06 1.918419e+06 1.915990e+06 1.879903e+06 1.828578e+06 1.781085e+06 1.733507e+06
2.016888e+06 2.016888e+06 2.016888e+06 2.016888e+06 2.016888e+06 2.016888e+06 2.016888e+06 2.016886e+06 2.016885e+06 2.016882e+06 2.016837e+06 2.016588e+06 2.015808e+06 2.014108e+06 2.011181e+06 2.006928e+06 2.001512e+06 1.970345e+06 1.950070e+06 1.939129e+06 1.932678e+06 1.928445e+06 1.925417e+06 1.921207e+06 1.918180e+06 1.915654e+06 1.913319e+06 1.911012e+06 1.908634e+06 1.873535e+06 1.822830e+06 1.775281e+06 1.728024e+06
2.008459e+06 2.008459e+06 2.008459e+06 2.008459e+06 2.008459e+06 2.008459e+06 2.008458e+06 2.008456e+06 2.008455e+06 2.008451e+06 2.008405e+06 2.008156e+06 2.007384e+06 2.005704e+06 2.002811e+06 1.998609e+06 1.993257e+06 1.962433e+06 1.942337e+06 1.931464e+06 1.925034e+06 1.920806e+06 1.917775e+06 1.913555e+06 1.910524e+06 1.908005e+06 1.905690e+06 1.903415e+06 1.901082e+06 1.866925e+06 1.816875e+06 1.769315e+06 1.722379e+06
1.999797e+06 1.999797e+06 1.999797e+06 1.999797e+06 1.999797e+06 1.999797e+06 1.999797e+06 1.999795e+06 1.999793e+06 1.999789e+06 1.999745e+06 1.999500e+06 1.998740e+06 1.997085e+06 1.994233e+06 1.990088e+06 1.984807e+06 1.954344e+06 1.934431e+06 1.923623e+06 1.917213e+06 1.912988e+06 1.909952e+06 1.905723e+06 1.902688e+06 1.900177e+06 1.897881e+06 1.895637e+06 1.893347e+06 1.860091e+06 1.810723e+06 1.763194e+06 1.716580e+06
