2.570353e+07 1.537534e+07 1.302098e+07 1.101255e+07 1.060942e+07 8.186684e+06 6.844013e+06 5.745311e+06 5.498691e+06 5.346568e+06 5.191801e+06 5.117656e+06 5.060056e+06 5.001956e+06 4.944039e+06 4.890208e+06 4.842940e+06 4.700534e+06 4.634990e+06 4.581242e+06 4.526613e+06 4.484513e+06 4.478292e+06 4.665301e+06 5.226623e+06 6.218906e+06 7.618591e+06 9.338556e+06 1.125652e+07 2.359211e+07 2.138110e+07 1.706428e+07 1.367927e+07
6.365471e+06 6.365475e+06 6.365480e+06 6.365119e+06 6.362229e+06 6.202755e+06 5.907619e+06 5.398500e+06 5.274148e+06 5.195960e+06 5.117195e+06 5.072837e+06 5.025616e+06 4.970650e+06 4.913852e+06 4.860970e+06 4.814918e+06 4.679906e+06 4.619704e+06 4.569434e+06 4.517241e+06 4.477054e+06 4.472570e+06 4.663349e+06 5.229446e+06 6.227509e+06 7.633464e+06 9.359489e+06 1.128268e+07 2.361272e+07 2.138160e+07 1.705914e+07 1.367360e+07
5.259803e+06 5.259806e+06 5.259815e+06 5.260003e+06 5.260339e+06 5.241151e+06 5.199753e+06 5.123100e+06 5.065657e+06 5.043841e+06 5.039180e+06 5.023469e+06 4.985003e+06 4.932378e+06 4.876769e+06 4.825403e+06 4.781309e+06 4.656553e+06 4.602909e+06 4.556690e+06 4.507247e+06 4.469171e+06 4.466564e+06 4.661327e+06 5.232377e+06 6.236374e+06 7.648723e+06 9.380894e+06 1.130937e+07 2.363344e+07 2.138204e+07 1.705396e+07 1.366792e+07
4.909443e+06 4.909445e+06 4.909452e+06 4.909625e+06 4.910089e+06 4.915479e+06 4.905501e+06 4.979980e+06 5.003819e+06 5.003302e+06 4.990340e+06 4.975983e+06 4.938360e+06 4.885889e+06 4.831495e+06 4.782470e+06 4.741350e+06 4.630290e+06 4.584534e+06 4.542976e+06 4.496614e+06 4.460853e+06 4.460270e+06 4.659236e+06 5.235420e+06 6.245508e+06 7.664375e+06 9.402780e+06 1.133658e+07 2.365427e+07 2.138245e+07 1.704874e+07 1.366220e+07
4.840296e+06 4.840298e+06 4.840303e+06 4.840444e+06 4.840847e+06 4.849473e+06 4.859804e+06 4.919341e+06 4.978329e+06 5.015797e+06 5.008369e+06 4.951356e+06 4.889829e+06 4.831295e+06 4.777319e+06 4.731452e+06 4.694463e+06 4.600960e+06 4.564515e+06 4.528263e+06 4.485325e+06 4.452091e+06 4.453684e+06 4.657078e+06 5.238579e+06 6.254916e+06 7.680428e+06 9.425154e+06 1.136432e+07 2.367522e+07 2.138280e+07 1.704347e+07 1.365646e+07
4.905458e+06 4.905459e+06 4.905463e+06 4.905579e+06 4.905918e+06 4.914329e+06 4.931090e+06 4.966721e+06 5.000733e+06 5.032117e+06 5.028795e+06 4.949245e+06 4.853229e+06 4.773342e+06 4.715724e+06 4.672805e+06 4.640751e+06 4.568477e+06 4.542807e+06 4.512524e+06 4.473365e+06 4.442879e+06 4.446802e+06 4.654854e+06 5.241860e+06 6.264605e+06 7.696890e+06 9.448023e+06 1.139261e+07 2.369627e+07 2.138311e+07 1.703817e+07 1.365069e+07
5.043839e+06 5.043840e+06 5.043843e+06 5.043939e+06 5.044222e+06 5.051756e+06 5.068049e+06 5.069509e+06 5.058840e+06 5.049682e+06 5.011376e+06 4.923644e+06 4.815675e+06 4.721350e+06 4.652791e+06 4.609207e+06 4.581573e+06 4.532882e+06 4.519385e+06 4.495743e+06 4.460725e+06 4.433209e+06 4.439620e+06 4.652564e+06 5.245266e+06 6.274582e+06 7.713766e+06 9.471394e+06 1.142144e+07 2.371743e+07 2.138337e+07 1.703282e+07 1.364490e+07
5.224748e+06 5.224748e+06 5.224751e+06 5.224831e+06 5.225070e+06 5.230805e+06 5.228352e+06 5.149292e+06 5.090814e+06 5.036151e+06 4.944266e+06 4.851331e+06 4.751574e+06 4.661745e+06 4.593233e+06 4.547160e+06 4.520193e+06 4.494413e+06 4.494266e+06 4.477912e+06 4.447397e+06 4.423077e+06 4.432136e+06 4.650212e+06 5.248802e+06 6.284852e+06 7.731065e+06 9.495273e+06 1.145083e+07 2.373870e+07 2.138358e+07 1.702743e+07 1.363908e+07
5.358329e+06 5.358327e+06 5.358322e+06 5.358098e+06 5.356995e+06 5.322039e+06 5.257603e+06 5.106518e+06 5.024863e+06 4.947729e+06 4.823689e+06 4.731303e+06 4.651910e+06 4.582340e+06 4.526815e+06 4.487264e+06 4.462332e+06 4.453564e+06 4.467518e+06 4.459041e+06 4.433379e+06 4.412479e+06 4.424350e+06 4.647799e+06 5.252473e+06 6.295423e+06 7.748793e+06 9.519669e+06 1.148077e+07 2.376007e+07 2.138374e+07 1.702199e+07 1.363323e+07
5.023857e+06 5.023857e+06 5.023856e+06 5.023832e+06 5.023745e+06 5.020073e+06 5.001921e+06 4.908910e+06 4.843478e+06 4.774950e+06 4.655811e+06 4.575091e+06 4.521305e+06 4.480495e+06 4.447641e+06 4.422640e+06 4.405820e+06 4.411145e+06 4.439278e+06 4.439157e+06 4.418676e+06 4.401418e+06 4.416261e+06 4.645328e+06 5.256284e+06 6.306300e+06 7.766957e+06 9.544588e+06 1.151128e+07 2.378154e+07 2.138385e+07 1.701652e+07 1.362736e+07
4.693137e+06 4.693137e+06 4.693137e+06 4.693128e+06 4.693095e+06 4.691631e+06 4.685085e+06 4.640473e+06 4.599654e+06 4.551314e+06 4.458549e+06 4.398505e+06 4.371213e+06 4.360665e+06 4.354906e+06 4.349966e+06 4.346166e+06 4.368352e+06 4.409766e+06 4.418314e+06 4.403304e+06 4.389897e+06 4.407871e+06 4.642802e+06 5.260240e+06 6.317490e+06 7.785565e+06 9.570036e+06 1.154236e+07 2.380311e+07 2.138391e+07 1.701100e+07 1.362146e+07
2.962181e+06 2.962181e+06 2.962181e+06 2.962184e+06 2.962190e+06 2.962351e+06 2.962721e+06 2.963500e+06 2.964597e+06 2.968569e+06 2.996624e+06 3.061681e+06 3.158223e+06 3.271173e+06 3.387546e+06 3.499725e+06 3.603997e+06 3.973123e+06 4.132506e+06 4.194912e+06 4.225564e+06 4.254480e+06 4.309880e+06 4.615737e+06 5.309057e+06 6.448089e+06 7.997583e+06 9.855101e+06 1.188582e+07 2.402399e+07 2.138149e+07 1.695337e+07 1.356102e+07
2.512699e+06 2.512699e+06 2.512699e+06 2.512701e+06 2.512707e+06 2.512873e+06 2.513346e+06 2.515073e+06 2.517120e+06 2.522268e+06 2.552839e+06 2.620503e+06 2.720136e+06 2.836395e+06 2.955436e+06 3.069251e+06 3.174792e+06 3.591542e+06 3.866246e+06 4.013749e+06 4.081427e+06 4.131089e+06 4.211940e+06 4.594646e+06 5.380749e+06 6.618068e+06 8.261793e+06 1.020023e+07 1.229226e+07 2.425271e+07 2.137300e+07 1.689118e+07 1.349787e+07
2.367014e+06 2.367014e+06 2.367014e+06 2.367014e+06 2.367016e+06 2.367081e+06 2.367264e+06 2.367903e+06 2.369171e+06 2.373286e+06 2.400400e+06 2.462328e+06 2.554687e+06 2.663476e+06 2.775765e+06 2.883690e+06 2.983816e+06 3.370431e+06 3.635920e+06 3.821145e+06 3.943804e+06 4.040800e+06 4.159196e+06 4.611014e+06 5.491219e+06 6.838289e+06 8.586619e+06 1.061195e+07 1.276639e+07 2.448672e+07 2.135756e+07 1.682422e+07 1.343200e+07
2.293035e+06 2.293035e+06 2.293035e+06 2.293036e+06 2.293039e+06 2.293115e+06 2.293337e+06 2.294195e+06 2.295633e+06 2.299829e+06 2.326192e+06 2.385536e+06 2.473739e+06 2.577607e+06 2.684898e+06 2.788081e+06 2.883758e+06 3.246595e+06 3.483101e+06 3.658048e+06 3.803632e+06 3.946766e+06 4.119851e+06 4.683044e+06 5.671646e+06 7.128046e+06 8.984526e+06 1.109846e+07 1.331317e+07 2.472295e+07 2.133428e+07 1.675229e+07 1.336334e+07
2.303722e+06 2.303722e+06 2.303722e+06 2.303723e+06 2.303724e+06 2.303765e+06 2.303894e+06 2.304521e+06 2.305769e+06 2.309554e+06 2.333615e+06 2.387779e+06 2.468008e+06 2.562078e+06 2.658820e+06 2.751505e+06 2.837223e+06 3.162624e+06 3.376040e+06 3.537917e+06 3.689135e+06 3.862550e+06 4.087310e+06 4.788518e+06 5.925919e+06 7.516366e+06 9.477463e+06 1.167235e+07 1.393948e+07 2.495789e+07 2.130222e+07 1.667519e+07 1.329187e+07
2.316037e+06 2.316037e+06 2.316037e+06 2.316037e+06 2.316037e+06 2.316030e+06 2.316001e+06 2.315928e+06 2.316540e+06 2.319265e+06 2.338903e+06 2.384867e+06 2.454089e+06 2.536204e+06 2.621552e+06 2.704199e+06 2.781480e+06 3.084053e+06 3.290505e+06 3.450430e+06 3.608416e+06 3.805745e+06 4.075912e+06 4.922652e+06 6.239115e+06 7.997520e+06 1.008669e+07 1.235623e+07 1.465676e+07 2.518770e+07 2.126048e+07 1.659275e+07 1.321757e+07
2.278679e+06 2.278679e+06 2.278679e+06 2.278679e+06 2.278680e+06 2.278707e+06 2.278786e+06 2.279177e+06 2.280125e+06 2.283175e+06 2.303007e+06 2.348114e+06 2.415495e+06 2.495234e+06 2.578093e+06 2.658381e+06 2.733511e+06 3.027538e+06 3.228012e+06 3.387342e+06 3.555402e+06 3.779179e+06 4.095845e+06 5.093607e+06 6.607854e+06 8.560176e+06 1.079965e+07 1.315808e+07 1.548473e+07 2.540835e+07 2.120818e+07 1.650483e+07 1.314042e+07
2.286179e+06 2.286179e+06 2.286179e+06 2.286180e+06 2.286181e+06 2.286230e+06 2.286379e+06 2.287041e+06 2.288184e+06 2.291451e+06 2.311680e+06 2.356901e+06 2.423852e+06 2.502435e+06 2.583317e+06 2.660793e+06 2.732334e+06 3.001683e+06 3.180596e+06 3.334120e+06 3.516513e+06 3.775658e+06 4.148354e+06 5.312533e+06 7.038184e+06 9.199978e+06 1.160406e+07 1.406009e+07 1.641621e+07 2.561578e+07 2.114447e+07 1.641127e+07 1.306040e+07
2.355584e+06 2.355584e+06 2.355584e+06 2.355583e+06 2.355582e+06 2.355543e+06 2.355421e+06 2.355046e+06 2.355381e+06 2.357519e+06 2.373920e+06 2.412696e+06 2.470923e+06 2.539408e+06 2.609641e+06 2.676429e+06 2.737513e+06 2.961839e+06 3.114840e+06 3.267965e+06 3.476605e+06 3.786617e+06 4.231621e+06 5.589123e+06 7.541032e+06 9.918974e+06 1.249114e+07 1.504581e+07 1.742929e+07 2.580613e+07 2.106861e+07 1.631199e+07 1.297753e+07
2.347942e+06 2.347942e+06 2.347942e+06 2.347941e+06 2.347940e+06 2.347889e+06 2.347728e+06 2.347158e+06 2.347241e+06 2.348803e+06 2.362096e+06 2.394313e+06 2.443097e+06 2.500718e+06 2.559961e+06 2.616394e+06 2.668083e+06 2.860457e+06 3.005258e+06 3.175976e+06 3.429367e+06 3.809740e+06 4.346910e+06 5.932087e+06 8.128034e+06 1.072293e+07 1.345559e+07 1.609995e+07 1.850259e+07 2.597597e+07 2.097992e+07 1.620691e+07 1.289182e+07
2.238835e+06 2.238835e+06 2.238835e+06 2.238835e+06 2.238834e+06 2.238815e+06 2.238751e+06 2.238548e+06 2.238838e+06 2.240477e+06 2.252847e+06 2.282053e+06 2.325982e+06 2.377781e+06 2.431064e+06 2.481925e+06 2.528689e+06 2.708157e+06 2.861574e+06 3.066311e+06 3.381717e+06 3.851351e+06 4.500819e+06 6.350387e+06 8.809230e+06 1.161765e+07 1.449382e+07 1.720860e+07 1.961477e+07 2.612248e+07 2.087788e+07 1.609598e+07 1.280328e+07
2.102299e+06 2.102299e+06 2.102299e+06 2.102299e+06 2.102299e+06 2.102289e+06 2.102257e+06 2.102173e+06 2.102513e+06 2.104093e+06 2.115537e+06 2.142281e+06 2.182409e+06 2.229718e+06 2.278442e+06 2.325077e+06 2.368164e+06 2.540184e+06 2.708799e+06 2.957006e+06 3.347447e+06 3.922933e+06 4.703710e+06 6.853298e+06 9.591836e+06 1.260579e+07 1.560108e+07 1.835822e+07 2.074498e+07 2.624379e+07 2.076211e+07 1.597920e+07 1.271196e+07
1.966986e+06 1.966986e+06 1.966986e+06 1.966986e+06 1.966986e+06 1.966980e+06 1.966962e+06 1.966934e+06 1.967279e+06 1.968763e+06 1.979307e+06 2.003837e+06 2.040605e+06 2.083962e+06 2.128667e+06 2.171570e+06 2.211410e+06 2.377693e+06 2.564546e+06 2.862819e+06 3.339557e+06 4.036592e+06 4.967022e+06 7.449383e+06 1.047912e+07 1.368466e+07 1.676859e+07 1.953384e+07 2.187267e+07 2.633946e+07 2.063242e+07 1.585662e+07 1.261789e+07
1.839831e+06 1.839831e+06 1.839831e+06 1.839831e+06 1.839831e+06 1.839828e+06 1.839819e+06 1.839822e+06 1.840165e+06 1.841560e+06 1.851332e+06 1.873982e+06 1.907901e+06 1.947904e+06 1.989196e+06 2.028928e+06 2.066024e+06 2.228640e+06 2.437109e+06 2.792603e+06 3.367810e+06 4.202965e+06 5.301434e+06 8.144956e+06 1.146906e+07 1.484460e+07 1.798164e+07 2.071725e+07 2.297679e+07 2.641176e+07 2.048877e+07 1.572829e+07 1.252114e+07
1.724402e+06 1.724402e+06 1.724402e+06 1.724402e+06 1.724402e+06 1.724400e+06 1.724394e+06 1.724409e+06 1.724734e+06 1.726036e+06 1.735109e+06 1.756112e+06 1.787558e+06 1.824657e+06 1.862994e+06 1.899988e+06 1.934736e+06 2.095699e+06 2.329998e+06 2.751516e+06 3.439470e+06 4.430948e+06 5.715823e+06 8.942214e+06 1.255266e+07 1.606788e+07 1.921849e+07 2.188594e+07 2.403511e+07 2.645777e+07 2.033138e+07 1.559436e+07 1.242177e+07
1.621435e+06 1.621435e+06 1.621435e+06 1.621435e+06 1.621435e+06 1.621434e+06 1.621430e+06 1.621453e+06 1.621763e+06 1.622980e+06 1.631427e+06 1.650953e+06 1.680180e+06 1.714668e+06 1.750350e+06 1.784898e+06 1.817587e+06 1.978948e+06 2.244356e+06 2.742771e+06 3.560204e+06 4.727619e+06 6.216202e+06 9.837126e+06 1.371246e+07 1.732819e+07 2.045047e+07 2.301312e+07 2.502402e+07 2.646881e+07 2.016064e+07 1.545498e+07 1.231987e+07
1.529512e+06 1.529512e+06 1.529512e+06 1.529512e+06 1.529512e+06 1.529512e+06 1.529511e+06 1.529536e+06 1.529827e+06 1.530963e+06 1.538835e+06 1.557033e+06 1.584279e+06 1.616450e+06 1.649794e+06 1.682217e+06 1.713173e+06 1.877393e+06 2.180369e+06 2.768725e+06 3.734532e+06 5.097720e+06 6.804237e+06 1.081729e+07 1.492139e+07 1.859098e+07 2.164299e+07 2.406866e+07 2.591913e+07 2.643863e+07 1.997720e+07 1.531035e+07 1.221552e+07
1.447471e+06 1.447471e+06 1.447471e+06 1.447471e+06 1.447471e+06 1.447471e+06 1.447472e+06 1.447507e+06 1.447788e+06 1.448862e+06 1.456263e+06 1.473340e+06 1.498898e+06 1.529085e+06 1.560426e+06 1.591047e+06 1.620589e+06 1.790264e+06 2.138356e+06 2.831618e+06 3.965773e+06 5.542563e+06 7.475334e+06 1.186015e+07 1.614271e+07 1.981479e+07 2.275756e+07 2.502093e+07 2.669646e+07 2.636258e+07 1.978194e+07 1.516075e+07 1.210884e+07
1.375214e+06 1.375214e+06 1.375214e+06 1.375214e+06 1.375214e+06 1.375214e+06 1.375216e+06 1.375253e+06 1.375520e+06 1.376535e+06 1.383503e+06 1.399570e+06 1.423611e+06 1.452019e+06 1.481572e+06 1.510616e+06 1.538990e+06 1.716888e+06 2.118818e+06 2.933328e+06 4.255003e+06 6.058114e+06 8.216371e+06 1.293205e+07 1.733118e+07 2.095382e+07 2.375461e+07 2.583924e+07 2.733410e+07 2.623749e+07 1.957599e+07 1.500647e+07 1.199995e+07
1.311772e+06 1.311772e+06 1.311772e+06 1.311772e+06 1.311772e+06 1.311771e+06 1.311770e+06 1.311794e+06 1.312040e+06 1.312988e+06 1.319535e+06 1.334650e+06 1.357281e+06 1.384048e+06 1.411973e+06 1.439621e+06 1.467051e+06 1.656269e+06 2.121800e+06 3.074204e+06 4.599021e+06 6.632367e+06 9.003349e+06 1.398842e+07 1.843563e+07 2.196143e+07 2.459684e+07 2.649646e+07 2.781408e+07 2.606172e+07 1.936080e+07 1.484784e+07 1.188896e+07
1.255221e+06 1.255221e+06 1.255221e+06 1.255221e+06 1.255221e+06 1.255222e+06 1.255223e+06 1.255256e+06 1.255494e+06 1.256399e+06 1.262606e+06 1.276916e+06 1.298334e+06 1.323685e+06 1.350216e+06 1.376716e+06 1.403484e+06 1.607426e+06 2.146723e+06 3.251850e+06 4.987893e+06 7.242602e+06 9.799692e+06 1.497567e+07 1.940306e+07 2.279432e+07 2.525267e+07 2.697160e+07 2.812395e+07 2.583514e+07 1.913843e+07 1.468527e+07 1.177602e+07
1.205600e+06 1.205600e+06 1.205600e+06 1.205600e+06 1.205600e+06 1.205601e+06 1.205603e+06 1.205639e+06 1.205869e+06 1.206732e+06 1.212630e+06 1.226217e+06 1.246552e+06 1.270643e+06 1.295950e+06 1.321487e+06 1.347816e+06 1.569765e+06 2.192417e+06 3.459808e+06 5.402506e+06 7.853533e+06 1.055644e+07 1.583553e+07 2.018397e+07 2.341712e+07 2.569949e+07 2.725187e+07 2.825810e+07 2.555906e+07 1.891034e+07 1.451916e+07 1.166129e+07
1.162624e+06 1.162624e+06 1.162624e+06 1.162624e+06 1.162624e+06 1.162625e+06 1.162627e+06 1.162663e+06 1.162882e+06 1.163703e+06 1.169311e+06 1.182228e+06 1.201562e+06 1.224492e+06 1.248686e+06 1.273396e+06 1.299476e+06 1.542778e+06 2.256130e+06 3.684893e+06 5.812166e+06 8.417628e+06 1.121598e+07 1.651227e+07 2.073887e+07 2.380667e+07 2.592616e+07 2.733404e+07 2.821831e+07 2.523610e+07 1.867564e+07 1.434999e+07 1.154492e+07
1.125537e+06 1.125537e+06 1.125537e+06 1.125537e+06 1.125537e+06 1.125537e+06 1.125539e+06 1.125572e+06 1.125780e+06 1.126559e+06 1.131891e+06 1.144173e+06 1.162564e+06 1.184404e+06 1.207573e+06 1.231577e+06 1.257597e+06 1.525285e+06 2.330810e+06 3.904192e+06 6.175030e+06 8.880421e+06 1.172086e+07 1.696241e+07 2.104468e+07 2.395532e+07 2.593432e+07 2.722474e+07 2.801370e+07 2.486996e+07 1.843401e+07 1.417824e+07 1.142708e+07
1.093213e+06 1.093213e+06 1.093213e+06 1.093213e+06 1.093213e+06 1.093214e+06 1.093217e+06 1.093250e+06 1.093449e+06 1.094192e+06 1.099270e+06 1.110967e+06 1.128487e+06 1.149330e+06 1.171585e+06 1.195026e+06 1.221185e+06 1.514432e+06 2.402518e+06 4.085286e+06 6.444447e+06 9.191722e+06 1.202667e+07 1.716411e+07 2.109912e+07 2.387220e+07 2.573824e+07 2.693974e+07 2.765985e+07 2.446520e+07 1.818543e+07 1.400446e+07 1.130794e+07
1.064971e+06 1.064971e+06 1.064971e+06 1.064971e+06 1.064971e+06 1.064972e+06 1.064977e+06 1.065016e+06 1.065212e+06 1.065929e+06 1.070797e+06 1.081993e+06 1.098758e+06 1.118736e+06 1.140212e+06 1.163210e+06 1.189572e+06 1.503676e+06 2.447734e+06 4.189605e+06 6.579282e+06 9.318803e+06 1.211403e+07 1.712273e+07 2.092159e+07 2.358193e+07 2.536288e+07 2.650217e+07 2.717735e+07 2.402699e+07 1.793014e+07 1.382922e+07 1.118771e+07
1.041293e+06 1.041293e+06 1.041293e+06 1.041293e+06 1.041293e+06 1.041294e+06 1.041297e+06 1.041330e+06 1.041516e+06 1.042200e+06 1.046858e+06 1.057573e+06 1.073625e+06 1.092780e+06 1.113467e+06 1.135857e+06 1.161936e+06 1.482736e+06 2.442867e+06 4.191386e+06 6.563886e+06 9.261314e+06 1.199704e+07 1.687038e+07 2.054956e+07 2.312077e+07 2.484067e+07 2.593997e+07 2.658991e+07 2.356083e+07 1.766850e+07 1.365315e+07 1.106656e+07
1.021954e+06 1.021954e+06 1.021954e+06 1.021954e+06 1.021954e+06 1.021956e+06 1.021960e+06 1.021999e+06 1.022180e+06 1.022839e+06 1.027308e+06 1.037578e+06 1.052960e+06 1.071318e+06 1.091157e+06 1.112671e+06 1.137812e+06 1.450695e+06 2.392099e+06 4.105895e+06 6.426329e+06 9.058284e+06 1.172220e+07 1.645854e+07 2.003141e+07 2.253107e+07 2.420749e+07 2.528306e+07 2.592236e+07 2.307232e+07 1.740101e+07 1.347700e+07 1.094469e+07
1.006676e+06 1.006676e+06 1.006676e+06 1.006676e+06 1.006676e+06 1.006678e+06 1.006684e+06 1.006726e+06 1.006902e+06 1.007538e+06 1.011832e+06 1.021691e+06 1.036453e+06 1.054069e+06 1.073104e+06 1.093734e+06 1.117825e+06 1.417603e+06 2.323021e+06 3.977115e+06 6.221475e+06 8.770041e+06 1.135134e+07 1.594519e+07 1.941760e+07 2.185538e+07 2.349873e+07 2.456068e+07 2.519878e+07 2.256697e+07 1.712830e+07 1.330158e+07 1.082232e+07
9.952913e+05 9.952913e+05 9.952913e+05 9.952913e+05 9.952914e+05 9.952925e+05 9.952961e+05 9.953293e+05 9.954953e+05 9.961020e+05 1.000218e+06 1.009681e+06 1.023858e+06 1.040782e+06 1.059070e+06 1.078881e+06 1.101990e+06 1.388552e+06 2.254230e+06 3.839332e+06 5.995410e+06 8.449087e+06 1.093900e+07 1.538175e+07 1.875298e+07 2.113168e+07 2.274614e+07 2.379923e+07 2.444109e+07 2.205002e+07 1.685105e+07 1.312667e+07 1.069965e+07
9.872635e+05 9.872635e+05 9.872635e+05 9.872635e+05 9.872636e+05 9.872656e+05 9.872719e+05 9.873147e+05 9.874821e+05 9.880753e+05 9.920623e+05 1.001205e+06 1.014892e+06 1.031226e+06 1.048868e+06 1.067961e+06 1.090194e+06 1.364453e+06 2.191672e+06 3.707565e+06 5.772737e+06 8.127319e+06 1.052135e+07 1.480599e+07 1.807233e+07 2.039049e+07 2.197594e+07 2.302099e+07 2.366810e+07 2.152633e+07 1.657004e+07 1.295213e+07 1.057690e+07
9.829761e+05 9.829761e+05 9.829761e+05 9.829761e+05 9.829762e+05 9.829778e+05 9.829827e+05 9.830194e+05 9.831782e+05 9.837486e+05 9.875970e+05 9.964319e+05 1.009663e+06 1.025454e+06 1.042507e+06 1.060945e+06 1.082376e+06 1.345242e+06 2.136417e+06 3.586334e+06 5.563168e+06 7.819789e+06 1.011772e+07 1.424161e+07 1.739966e+07 1.965421e+07 2.120825e+07 2.224359e+07 2.289506e+07 2.100028e+07 1.628608e+07 1.277793e+07 1.045428e+07
9.819538e+05 9.819538e+05 9.819538e+05 9.819538e+05 9.819539e+05 9.819557e+05 9.819612e+05 9.819998e+05 9.821558e+05 9.827111e+05 9.864475e+05 9.950186e+05 1.007851e+06 1.023164e+06 1.039691e+06 1.057540e+06 1.078240e+06 1.330561e+06 2.088189e+06 3.476270e+06 5.369422e+06 7.532077e+06 9.736649e+06 1.370152e+07 1.674979e+07 1.893787e+07 2.045736e+07 2.148017e+07 2.213372e+07 2.047574e+07 1.600003e+07 1.260409e+07 1.033203e+07
9.839776e+05 9.839776e+05 9.839776e+05 9.839777e+05 9.839777e+05 9.839791e+05 9.839836e+05 9.840175e+05 9.841666e+05 9.847034e+05 9.883279e+05 9.966507e+05 1.009115e+06 1.023991e+06 1.040041e+06 1.057352e+06 1.077386e+06 1.319945e+06 2.046383e+06 3.376798e+06 5.191488e+06 7.265350e+06 9.380861e+06 1.319160e+07 1.613079e+07 1.825064e+07 1.973272e+07 2.073988e+07 2.139263e+07 1.995605e+07 1.571274e+07 1.243067e+07 1.021040e+07
9.884463e+05 9.884463e+05 9.884463e+05 9.884463e+05 9.884464e+05 9.884482e+05 9.884540e+05 9.884927e+05 9.886419e+05 9.891696e+05 9.927127e+05 1.000836e+06 1.012995e+06 1.027499e+06 1.043138e+06 1.059978e+06 1.079413e+06 1.312951e+06 2.010378e+06 3.287062e+06 5.028443e+06 7.018963e+06 9.050350e+06 1.271370e+07 1.554629e+07 1.759743e+07 1.903994e+07 2.002861e+07 2.067764e+07 1.944400e+07 1.542506e+07 1.225772e+07 1.008967e+07
9.955947e+05 9.955947e+05 9.955947e+05 9.955947e+05 9.955947e+05 9.955957e+05 9.955989e+05 9.956278e+05 9.957676e+05 9.962756e+05 9.997158e+05 1.007621e+06 1.019463e+06 1.033594e+06 1.048827e+06 1.065211e+06 1.084081e+06 1.309223e+06 1.979641e+06 3.206230e+06 4.879152e+06 6.791637e+06 8.743935e+06 1.226747e+07 1.499717e+07 1.698022e+07 1.838189e+07 1.934976e+07 1.999238e+07 1.894188e+07 1.513782e+07 1.208535e+07 9.970192e+06
1.004417e+06 1.004417e+06 1.004417e+06 1.004417e+06 1.004417e+06 1.004419e+06 1.004425e+06 1.004462e+06 1.004604e+06 1.005108e+06 1.008490e+06 1.016244e+06 1.027854e+06 1.041701e+06 1.056618e+06 1.072636e+06 1.091027e+06 1.308495e+06 1.953764e+06 3.133587e+06 4.742521e+06 6.581952e+06 8.460021e+06 1.185151e+07 1.448271e+07 1.639919e+07 1.775951e+07 1.870489e+07 1.933882e+07 1.845153e+07 1.485183e+07 1.191364e+07 9.851931e+06
1.015617e+06 1.015617e+06 1.015617e+06 1.015617e+06 1.015617e+06 1.015620e+06 1.015627e+06 1.015669e+06 1.015813e+06 1.016311e+06 1.019636e+06 1.027248e+06 1.038639e+06 1.052221e+06 1.066842e+06 1.082514e+06 1.100457e+06 1.310743e+06 1.932479e+06 3.068534e+06 4.617554e+06 6.388527e+06 8.196928e+06 1.146395e+07 1.400137e+07 1.585335e+07 1.717247e+07 1.809425e+07 1.871765e+07 1.797433e+07 1.456782e+07 1.174271e+07 9.734764e+06
1.029405e+06 1.029405e+06 1.029405e+06 1.029405e+06 1.029405e+06 1.029407e+06 1.029410e+06 1.029437e+06 1.029569e+06 1.030047e+06 1.033284e+06 1.040723e+06 1.051869e+06 1.065167e+06 1.079481e+06 1.094807e+06 1.112311e+06 1.315826e+06 1.915496e+06 3.010509e+06 4.503336e+06 6.210067e+06 7.953029e+06 1.110280e+07 1.355118e+07 1.534110e+07 1.661965e+07 1.751721e+07 1.812870e+07 1.751130e+07 1.428650e+07 1.157266e+07 9.618631e+06
1.044414e+06 1.044414e+06 1.044414e+06 1.044414e+06 1.044414e+06 1.044416e+06 1.044422e+06 1.044460e+06 1.044598e+06 1.045079e+06 1.048292e+06 1.055649e+06 1.066658e+06 1.079784e+06 1.093896e+06 1.108973e+06 1.126131e+06 1.323477e+06 1.902492e+06 2.958979e+06 4.399019e+06 6.045376e+06 7.726793e+06 1.076606e+07 1.313006e+07 1.486052e+07 1.609945e+07 1.697259e+07 1.757116e+07 1.706315e+07 1.400850e+07 1.140361e+07 9.503500e+06
1.061817e+06 1.061817e+06 1.061817e+06 1.061817e+06 1.061817e+06 1.061818e+06 1.061824e+06 1.061859e+06 1.061993e+06 1.062464e+06 1.065625e+06 1.072867e+06 1.083709e+06 1.096635e+06 1.110526e+06 1.125343e+06 1.142154e+06 1.333651e+06 1.893229e+06 2.913466e+06 4.303832e+06 5.893355e+06 7.516806e+06 1.045183e+07 1.273589e+07 1.440953e+07 1.561006e+07 1.645885e+07 1.704384e+07 1.663029e+07 1.373438e+07 1.123568e+07 9.389351e+06
1.081221e+06 1.081221e+06 1.081221e+06 1.081221e+06 1.081221e+06 1.081222e+06 1.081226e+06 1.081257e+06 1.081387e+06 1.081848e+06 1.084957e+06 1.092090e+06 1.102770e+06 1.115505e+06 1.129185e+06 1.143753e+06 1.160235e+06 1.346207e+06 1.887458e+06 2.873529e+06 4.217067e+06 5.752998e+06 7.321765e+06 1.015833e+07 1.236664e+07 1.398609e+07 1.514952e+07 1.597431e+07 1.654532e+07 1.621288e+07 1.346463e+07 1.106899e+07 9.276173e+06
1.101985e+06 1.101985e+06 1.101985e+06 1.101985e+06 1.101986e+06 1.101987e+06 1.101991e+06 1.102022e+06 1.102151e+06 1.102609e+06 1.105688e+06 1.112750e+06 1.123323e+06 1.135927e+06 1.149455e+06 1.163832e+06 1.180040e+06 1.360907e+06 1.884901e+06 2.838734e+06 4.138061e+06 5.623374e+06 7.140469e+06 9.883905e+06 1.202038e+07 1.358817e+07 1.471591e+07 1.551717e+07 1.607401e+07 1.581093e+07 1.319969e+07 1.090366e+07 9.163958e+06
1.124216e+06 1.124216e+06 1.124216e+06 1.124216e+06 1.124216e+06 1.124218e+06 1.124224e+06 1.124261e+06 1.124392e+06 1.124850e+06 1.127913e+06 1.134925e+06 1.145416e+06 1.157916e+06 1.171319e+06 1.185532e+06 1.201496e+06 1.377592e+06 1.885304e+06 2.808672e+06 4.066192e+06 5.503615e+06 6.971802e+06 9.627022e+06 1.169532e+07 1.321388e+07 1.430731e+07 1.508565e+07 1.562830e+07 1.542426e+07 1.293991e+07 1.073980e+07 9.052706e+06
1.148406e+06 1.148406e+06 1.148406e+06 1.148406e+06 1.148406e+06 1.148408e+06 1.148413e+06 1.148445e+06 1.148572e+06 1.149022e+06 1.152042e+06 1.158967e+06 1.169333e+06 1.181687e+06 1.194928e+06 1.208949e+06 1.224654e+06 1.396165e+06 1.888451e+06 2.782964e+06 4.000872e+06 5.392907e+06 6.814724e+06 9.386253e+06 1.138977e+07 1.286140e+07 1.392193e+07 1.467801e+07 1.520657e+07 1.505257e+07 1.268557e+07 1.057754e+07 8.942417e+06
1.173971e+06 1.173971e+06 1.173971e+06 1.173971e+06 1.173971e+06 1.173972e+06 1.173976e+06 1.174005e+06 1.174129e+06 1.174572e+06 1.177558e+06 1.184411e+06 1.194672e+06 1.206899e+06 1.219997e+06 1.233844e+06 1.249305e+06 1.416466e+06 1.894104e+06 2.761226e+06 3.941533e+06 5.290476e+06 6.668260e+06 9.160280e+06 1.110219e+07 1.252906e+07 1.355804e+07 1.429258e+07 1.480724e+07 1.469549e+07 1.243692e+07 1.041699e+07 8.833093e+06
1.200417e+06 1.200417e+06 1.200417e+06 1.200417e+06 1.200417e+06 1.200418e+06 1.200422e+06 1.200451e+06 1.200574e+06 1.201014e+06 1.203980e+06 1.210788e+06 1.220983e+06 1.233130e+06 1.246131e+06 1.259847e+06 1.275110e+06 1.438225e+06 1.901963e+06 2.743051e+06 3.887608e+06 5.195577e+06 6.531489e+06 8.947879e+06 1.083112e+07 1.221530e+07 1.321405e+07 1.392776e+07 1.442880e+07 1.435256e+07 1.219411e+07 1.025826e+07 8.724742e+06
1.227649e+06 1.227649e+06 1.227649e+06 1.227649e+06 1.227649e+06 1.227651e+06 1.227656e+06 1.227687e+06 1.227812e+06 1.228252e+06 1.231212e+06 1.237998e+06 1.248154e+06 1.260249e+06 1.273183e+06 1.286798e+06 1.301890e+06 1.461202e+06 1.911716e+06 2.728014e+06 3.838536e+06 5.107498e+06 6.403547e+06 8.747920e+06 1.057526e+07 1.191867e+07 1.288846e+07 1.358208e+07 1.406980e+07 1.402325e+07 1.195728e+07 1.010144e+07 8.617370e+06
1.255993e+06 1.255993e+06 1.255993e+06 1.255993e+06 1.255993e+06 1.255995e+06 1.255999e+06 1.256029e+06 1.256152e+06 1.256589e+06 1.259529e+06 1.266272e+06 1.276366e+06 1.288384e+06 1.301224e+06 1.314714e+06 1.329618e+06 1.485205e+06 1.923053e+06 2.715695e+06 3.793770e+06 5.025560e+06 6.283624e+06 8.559359e+06 1.033338e+07 1.163785e+07 1.257988e+07 1.325414e+07 1.372888e+07 1.370705e+07 1.172648e+07 9.946642e+06 8.510986e+06
1.285271e+06 1.285271e+06 1.285271e+06 1.285271e+06 1.285271e+06 1.285272e+06 1.285276e+06 1.285306e+06 1.285427e+06 1.285859e+06 1.288769e+06 1.295445e+06 1.305439e+06 1.317337e+06 1.330041e+06 1.343366e+06 1.358047e+06 1.509928e+06 1.935615e+06 2.705660e+06 3.752782e+06 4.949125e+06 6.170969e+06 8.381238e+06 1.010437e+07 1.137161e+07 1.228704e+07 1.294264e+07 1.340476e+07 1.340338e+07 1.150175e+07 9.793940e+06 8.405601e+06
1.314845e+06 1.314845e+06 1.314845e+06 1.314845e+06 1.314845e+06 1.314846e+06 1.314847e+06 1.314866e+06 1.314978e+06 1.315397e+06 1.318257e+06 1.324845e+06 1.334719e+06 1.346476e+06 1.359028e+06 1.372178e+06 1.386631e+06 1.534927e+06 1.948988e+06 2.697472e+06 3.715070e+06 4.877605e+06 6.064896e+06 8.212681e+06 9.887192e+06 1.111882e+07 1.200874e+07 1.264638e+07 1.309625e+07 1.311167e+07 1.128307e+07 9.643419e+06 8.301226e+06
1.343467e+06 1.343467e+06 1.343467e+06 1.343467e+06 1.343467e+06 1.343468e+06 1.343469e+06 1.343489e+06 1.343601e+06 1.344018e+06 1.346865e+06 1.353421e+06 1.363244e+06 1.374936e+06 1.387406e+06 1.400444e+06 1.414729e+06 1.559747e+06 1.962785e+06 2.690738e+06 3.680191e+06 4.810473e+06 5.964785e+06 8.052891e+06 9.680918e+06 1.087846e+07 1.174390e+07 1.236424e+07 1.280223e+07 1.283135e+07 1.107041e+07 9.495151e+06 8.197874e+06
1.371252e+06 1.371252e+06 1.371252e+06 1.371252e+06 1.371252e+06 1.371252e+06 1.371254e+06 1.371273e+06 1.371385e+06 1.371801e+06 1.374638e+06 1.381172e+06 1.390961e+06 1.402611e+06 1.415026e+06 1.427982e+06 1.442130e+06 1.584141e+06 1.976751e+06 2.685169e+06 3.647786e+06 4.747282e+06 5.870091e+06 7.901143e+06 9.484685e+06 1.064956e+07 1.149151e+07 1.209518e+07 1.252168e+07 1.256187e+07 1.086368e+07 9.349199e+06 8.095559e+06
1.398314e+06 1.398314e+06 1.398314e+06 1.398314e+06 1.398314e+06 1.398315e+06 1.398317e+06 1.398336e+06 1.398448e+06 1.398863e+06 1.401692e+06 1.408208e+06 1.417968e+06 1.429584e+06 1.441956e+06 1.454845e+06 1.468876e+06 1.608088e+06 1.990801e+06 2.680594e+06 3.617583e+06 4.687654e+06 5.780332e+06 7.756777e+06 9.297702e+06 1.043125e+07 1.125063e+07 1.183826e+07 1.225363e+07 1.230267e+07 1.066281e+07 9.205616e+06 7.994295e+06
1.424755e+06 1.424755e+06 1.424755e+06 1.424755e+06 1.424755e+06 1.424756e+06 1.424757e+06 1.424777e+06 1.424889e+06 1.425304e+06 1.428134e+06 1.434647e+06 1.444403e+06 1.456010e+06 1.468362e+06 1.481206e+06 1.495140e+06 1.631703e+06 2.004947e+06 2.676913e+06 3.589369e+06 4.631261e+06 5.695077e+06 7.619188e+06 9.119243e+06 1.022272e+07 1.102041e+07 1.159260e+07 1.199720e+07 1.205321e+07 1.046767e+07 9.064449e+06 7.894097e+06
1.450805e+06 1.450805e+06 1.450805e+06 1.450805e+06 1.450805e+06 1.450806e+06 1.450808e+06 1.450830e+06 1.450943e+06 1.451360e+06 1.454192e+06 1.460707e+06 1.470462e+06 1.482064e+06 1.494399e+06 1.507200e+06 1.521038e+06 1.655038e+06 2.019172e+06 2.674022e+06 3.562936e+06 4.577795e+06 5.613922e+06 7.487814e+06 8.948635e+06 1.002323e+07 1.080007e+07 1.135736e+07 1.175157e+07 1.181299e+07 1.027813e+07 8.925733e+06 7.794980e+06
1.476732e+06 1.476732e+06 1.476732e+06 1.476732e+06 1.476732e+06 1.476733e+06 1.476735e+06 1.476754e+06 1.476866e+06 1.477280e+06 1.480100e+06 1.486592e+06 1.496315e+06 1.507876e+06 1.520162e+06 1.532891e+06 1.546611e+06 1.678058e+06 2.033393e+06 2.671776e+06 3.538064e+06 4.526951e+06 5.536479e+06 7.362130e+06 8.785254e+06 9.832084e+06 1.058886e+07 1.113181e+07 1.151596e+07 1.158152e+07 1.009406e+07 8.789498e+06 7.696960e+06
1.502320e+06 1.502320e+06 1.502320e+06 1.502320e+06 1.502320e+06 1.502320e+06 1.502322e+06 1.502341e+06 1.502452e+06 1.502864e+06 1.505670e+06 1.512131e+06 1.521808e+06 1.533312e+06 1.545529e+06 1.558167e+06 1.571753e+06 1.700661e+06 2.047478e+06 2.669993e+06 3.514508e+06 4.478417e+06 5.462370e+06 7.241642e+06 8.628521e+06 9.648650e+06 1.038612e+07 1.091525e+07 1.128970e+07 1.135831e+07 9.915304e+06 8.655762e+06 7.600051e+06
1.527431e+06 1.527431e+06 1.527431e+06 1.527431e+06 1.527431e+06 1.527432e+06 1.527433e+06 1.527449e+06 1.527557e+06 1.527963e+06 1.530748e+06 1.537164e+06 1.546778e+06 1.558207e+06 1.570337e+06 1.582867e+06 1.596305e+06 1.722685e+06 2.061245e+06 2.668453e+06 3.492003e+06 4.431875e+06 5.391225e+06 7.125886e+06 8.477902e+06 9.472342e+06 1.019123e+07 1.070705e+07 1.107213e+07 1.114294e+07 9.741705e+06 8.524539e+06 7.504270e+06
1.551721e+06 1.551721e+06 1.551721e+06 1.551721e+06 1.551721e+06 1.551722e+06 1.551723e+06 1.551739e+06 1.551846e+06 1.552249e+06 1.555014e+06 1.561386e+06 1.570931e+06 1.582277e+06 1.594310e+06 1.606723e+06 1.620003e+06 1.743881e+06 2.074445e+06 2.666901e+06 3.470269e+06 4.387012e+06 5.322690e+06 7.014431e+06 8.332903e+06 9.302622e+06 1.000362e+07 1.050661e+07 1.086265e+07 1.093497e+07 9.573103e+06 8.395833e+06 7.409630e+06
1.574866e+06 1.574866e+06 1.574866e+06 1.574866e+06 1.574866e+06 1.574866e+06 1.574864e+06 1.574871e+06 1.574971e+06 1.575365e+06 1.578094e+06 1.584405e+06 1.593869e+06 1.605120e+06 1.617048e+06 1.629338e+06 1.642459e+06 1.763915e+06 2.086797e+06 2.665074e+06 3.449035e+06 4.343530e+06 5.256436e+06 6.906881e+06 8.193073e+06 9.138998e+06 9.822776e+06 1.031341e+07 1.066073e+07 1.073402e+07 9.409335e+06 8.269643e+06 7.316146e+06
1.595876e+06 1.595876e+06 1.595876e+06 1.595876e+06 1.595876e+06 1.595875e+06 1.595874e+06 1.595881e+06 1.595981e+06 1.596374e+06 1.599096e+06 1.605390e+06 1.614827e+06 1.626041e+06 1.637924e+06 1.650149e+06 1.663166e+06 1.782478e+06 2.098071e+06 2.662757e+06 3.428071e+06 4.301172e+06 5.192170e+06 6.802877e+06 8.058001e+06 8.981024e+06 9.648220e+06 1.012696e+07 1.046587e+07 1.053970e+07 9.250236e+06 8.145959e+06 7.223831e+06
1.615106e+06 1.615106e+06 1.615106e+06 1.615106e+06 1.615106e+06 1.615106e+06 1.615107e+06 1.615120e+06 1.615224e+06 1.615622e+06 1.618351e+06 1.624648e+06 1.634083e+06 1.645290e+06 1.657156e+06 1.669343e+06 1.682283e+06 1.799608e+06 2.108220e+06 2.659841e+06 3.407215e+06 4.259729e+06 5.129644e+06 6.702103e+06 7.927319e+06 8.828291e+06 9.479521e+06 9.946794e+06 1.027761e+07 1.035167e+07 9.095644e+06 8.024768e+06 7.132698e+06
1.633362e+06 1.633362e+06 1.633362e+06 1.633362e+06 1.633362e+06 1.633362e+06 1.633363e+06 1.633375e+06 1.633478e+06 1.633872e+06 1.636589e+06 1.642861e+06 1.652260e+06 1.663424e+06 1.675237e+06 1.687352e+06 1.700182e+06 1.815450e+06 2.117255e+06 2.656255e+06 3.386340e+06 4.219029e+06 5.068644e+06 6.604277e+06 7.800695e+06 8.680434e+06 9.316288e+06 9.772521e+06 1.009553e+07 1.016960e+07 8.945396e+06 7.906051e+06 7.042756e+06
1.650207e+06 1.650207e+06 1.650207e+06 1.650207e+06 1.650207e+06 1.650206e+06 1.650205e+06 1.650210e+06 1.650308e+06 1.650695e+06 1.653391e+06 1.659629e+06 1.668982e+06 1.680091e+06 1.691839e+06 1.703872e+06 1.716584e+06 1.829824e+06 2.125048e+06 2.651885e+06 3.365321e+06 4.178918e+06 5.008985e+06 6.509151e+06 7.677832e+06 8.537120e+06 9.158165e+06 9.603765e+06 9.919255e+06 9.993178e+06 8.799335e+06 7.789783e+06 6.954017e+06
1.664925e+06 1.664925e+06 1.664925e+06 1.664925e+06 1.664925e+06 1.664925e+06 1.664923e+06 1.664929e+06 1.665027e+06 1.665415e+06 1.668107e+06 1.674334e+06 1.683669e+06 1.694754e+06 1.706470e+06 1.718453e+06 1.731083e+06 1.842497e+06 2.131468e+06 2.646636e+06 3.344056e+06 4.139272e+06 4.950510e+06 6.416508e+06 7.558466e+06 8.398051e+06 9.004830e+06 9.440189e+06 9.748436e+06 9.822125e+06 8.657305e+06 7.675937e+06 6.866490e+06
1.677950e+06 1.677950e+06 1.677950e+06 1.677950e+06 1.677950e+06 1.677950e+06 1.677950e+06 1.677960e+06 1.678061e+06 1.678452e+06 1.681146e+06 1.687366e+06 1.696685e+06 1.707749e+06 1.719437e+06 1.731375e+06 1.743927e+06 1.853606e+06 2.136571e+06 2.640508e+06 3.322500e+06 4.100003e+06 4.893093e+06 6.326159e+06 7.442361e+06 8.262958e+06 8.855993e+06 9.281486e+06 9.582759e+06 9.656173e+06 8.519156e+06 7.564479e+06 6.780181e+06
1.689905e+06 1.689905e+06 1.689905e+06 1.689905e+06 1.689905e+06 1.689905e+06 1.689904e+06 1.689914e+06 1.690014e+06 1.690402e+06 1.693083e+06 1.699274e+06 1.708551e+06 1.719563e+06 1.731190e+06 1.743053e+06 1.755499e+06 1.863379e+06 2.140478e+06 2.633543e+06 3.300636e+06 4.061047e+06 4.836632e+06 6.237936e+06 7.329305e+06 8.131600e+06 8.711390e+06 9.127379e+06 9.421935e+06 9.495072e+06 8.384742e+06 7.455376e+06 6.695096e+06
1.700600e+06 1.700600e+06 1.700600e+06 1.700600e+06 1.700600e+06 1.700600e+06 1.700598e+06 1.700605e+06 1.700702e+06 1.701085e+06 1.703745e+06 1.709897e+06 1.719119e+06 1.730064e+06 1.741617e+06 1.753390e+06 1.765720e+06 1.871799e+06 2.143192e+06 2.625737e+06 3.278434e+06 4.022343e+06 4.781033e+06 6.151695e+06 7.219112e+06 8.003759e+06 8.570783e+06 8.977616e+06 9.265703e+06 9.338590e+06 8.253921e+06 7.348588e+06 6.611241e+06
1.709667e+06 1.709667e+06 1.709667e+06 1.709667e+06 1.709667e+06 1.709667e+06 1.709665e+06 1.709672e+06 1.709768e+06 1.710149e+06 1.712796e+06 1.718918e+06 1.728093e+06 1.738982e+06 1.750470e+06 1.762166e+06 1.774391e+06 1.878767e+06 2.144669e+06 2.617061e+06 3.255860e+06 3.983835e+06 4.726216e+06 6.067304e+06 7.111613e+06 7.879240e+06 8.433958e+06 8.831969e+06 9.113827e+06 9.186512e+06 8.126558e+06 7.244076e+06 6.528618e+06
1.717254e+06 1.717254e+06 1.717254e+06 1.717253e+06 1.717253e+06 1.717253e+06 1.717252e+06 1.717260e+06 1.717358e+06 1.717738e+06 1.720375e+06 1.726468e+06 1.735600e+06 1.746435e+06 1.757861e+06 1.769482e+06 1.781606e+06 1.884342e+06 2.144939e+06 2.607520e+06 3.232891e+06 3.945478e+06 4.672110e+06 5.984650e+06 7.006659e+06 7.757870e+06 8.300722e+06 8.690232e+06 8.966092e+06 9.038639e+06 8.002522e+06 7.141798e+06 6.447229e+06
1.723643e+06 1.723643e+06 1.723643e+06 1.723643e+06 1.723643e+06 1.723643e+06 1.723642e+06 1.723650e+06 1.723746e+06 1.724125e+06 1.726746e+06 1.732805e+06 1.741884e+06 1.752656e+06 1.764009e+06 1.775545e+06 1.787558e+06 1.888642e+06 2.144061e+06 2.597132e+06 3.209517e+06 3.907234e+06 4.618656e+06 5.903632e+06 6.904119e+06 7.639491e+06 8.170901e+06 8.552219e+06 8.822302e+06 8.894783e+06 7.881688e+06 7.041710e+06 6.367074e+06
1.728833e+06 1.728833e+06 1.728833e+06 1.728833e+06 1.728833e+06 1.728832e+06 1.728831e+06 1.728837e+06 1.728931e+06 1.729306e+06 1.731906e+06 1.737922e+06 1.746937e+06 1.757631e+06 1.768898e+06 1.780335e+06 1.792225e+06 1.891641e+06 2.142016e+06 2.585881e+06 3.185716e+06 3.869070e+06 4.565802e+06 5.824164e+06 6.803877e+06 7.523967e+06 8.044342e+06 8.417761e+06 8.682279e+06 8.754771e+06 7.763936e+06 6.943767e+06 6.288151e+06
1.732620e+06 1.732620e+06 1.732620e+06 1.732620e+06 1.732620e+06 1.732620e+06 1.732618e+06 1.732624e+06 1.732717e+06 1.733088e+06 1.735667e+06 1.741632e+06 1.750572e+06 1.761176e+06 1.772344e+06 1.783672e+06 1.795432e+06 1.893228e+06 2.138750e+06 2.573744e+06 3.161470e+06 3.830960e+06 4.513510e+06 5.746175e+06 6.705833e+06 7.411174e+06 7.920904e+06 8.286708e+06 8.545864e+06 8.618442e+06 7.649151e+06 6.847923e+06 6.210458e+06
1.735024e+06 1.735024e+06 1.735024e+06 1.735024e+06 1.735024e+06 1.735023e+06 1.735022e+06 1.735028e+06 1.735121e+06 1.735488e+06 1.738042e+06 1.743949e+06 1.752802e+06 1.763304e+06 1.774363e+06 1.785575e+06 1.797205e+06 1.893445e+06 2.134312e+06 2.560762e+06 3.136807e+06 3.792912e+06 4.461764e+06 5.669610e+06 6.609901e+06 7.301005e+06 7.800463e+06 8.158923e+06 8.412910e+06 8.485645e+06 7.537225e+06 6.754133e+06 6.133991e+06
1.736158e+06 1.736158e+06 1.736158e+06 1.736158e+06 1.736158e+06 1.736158e+06 1.736156e+06 1.736162e+06 1.736254e+06 1.736618e+06 1.739149e+06 1.745004e+06 1.753780e+06 1.764189e+06 1.775149e+06 1.786254e+06 1.797761e+06 1.892499e+06 2.128861e+06 2.547046e+06 3.111794e+06 3.754956e+06 4.410567e+06 5.594429e+06 6.516012e+06 7.193367e+06 7.682909e+06 8.034281e+06 8.283283e+06 8.356240e+06 7.428053e+06 6.662349e+06 6.058743e+06
1.736081e+06 1.736081e+06 1.736081e+06 1.736081e+06 1.736081e+06 1.736081e+06 1.736080e+06 1.736088e+06 1.736181e+06 1.736544e+06 1.739062e+06 1.744883e+06 1.753605e+06 1.763947e+06 1.774832e+06 1.785852e+06 1.797253e+06 1.890557e+06 2.122537e+06 2.532700e+06 3.086500e+06 3.717131e+06 4.359932e+06 5.520601e+06 6.424105e+06 7.088177e+06 7.568141e+06 7.912671e+06 8.156862e+06 8.230095e+06 7.321536e+06 6.572526e+06 5.984709e+06
1.735112e+06 1.735112e+06 1.735112e+06 1.735112e+06 1.735112e+06 1.735112e+06 1.735111e+06 1.735120e+06 1.735213e+06 1.735575e+06 1.738078e+06 1.743861e+06 1.752525e+06 1.762797e+06 1.773603e+06 1.784534e+06 1.795825e+06 1.887710e+06 2.115417e+06 2.517787e+06 3.060972e+06 3.679468e+06 4.309869e+06 5.448104e+06 6.334126e+06 6.985359e+06 7.456069e+06 7.793989e+06 8.033535e+06 8.107088e+06 7.217579e+06 6.484616e+06 5.911880e+06
1.733515e+06 1.733515e+06 1.733515e+06 1.733515e+06 1.733515e+06 1.733515e+06 1.733514e+06 1.733522e+06 1.733614e+06 1.733973e+06 1.736451e+06 1.742177e+06 1.750754e+06 1.760923e+06 1.771618e+06 1.782430e+06 1.793588e+06 1.884007e+06 2.107535e+06 2.502341e+06 3.035241e+06 3.641987e+06 4.260387e+06 5.376917e+06 6.246030e+06 6.884847e+06 7.346609e+06 7.678140e+06 7.913197e+06 7.987103e+06 7.116092e+06 6.398573e+06 5.840247e+06
