8.005944e+07 4.988493e+07 3.989021e+07 2.285951e+07 1.841907e+07 1.215086e+07 1.047540e+07 8.987128e+06 8.465290e+06 8.014765e+06 7.286657e+06 6.741658e+06 6.329967e+06 6.013303e+06 5.764279e+06 5.563523e+06 5.397209e+06 4.815965e+06 4.368169e+06 3.967053e+06 3.622288e+06 3.342137e+06 3.124547e+06 2.847376e+06 2.726134e+06 2.704916e+06 2.743053e+06 2.813485e+06 2.899277e+06 3.617863e+06 3.896447e+06 3.934636e+06 3.842672e+06
9.906974e+06 9.906987e+06 9.907017e+06 9.907174e+06 9.904920e+06 9.724362e+06 9.389463e+06 8.498317e+06 8.093853e+06 7.716085e+06 7.076058e+06 6.584097e+06 6.207926e+06 5.916399e+06 5.685833e+06 5.499007e+06 5.343436e+06 4.790612e+06 4.353439e+06 3.957294e+06 3.615498e+06 3.337467e+06 3.121533e+06 2.846796e+06 2.727181e+06 2.707025e+06 2.745818e+06 2.816616e+06 2.902574e+06 3.619890e+06 3.897392e+06 3.934979e+06 3.842647e+06
8.676798e+06 8.676802e+06 8.676812e+06 8.677012e+06 8.677225e+06 8.630530e+06 8.485571e+06 7.986899e+06 7.631691e+06 7.320220e+06 6.801421e+06 6.386718e+06 6.060228e+06 5.802261e+06 5.595376e+06 5.425854e+06 5.283276e+06 4.763272e+06 4.337743e+06 3.946951e+06 3.608337e+06 3.332568e+06 3.118386e+06 2.846197e+06 2.728261e+06 2.709188e+06 2.748643e+06 2.819807e+06 2.905926e+06 3.621929e+06 3.898340e+06 3.935321e+06 3.842620e+06
7.917554e+06 7.917554e+06 7.917552e+06 7.917449e+06 7.917007e+06 7.885109e+06 7.749386e+06 7.452873e+06 7.230799e+06 6.973558e+06 6.510112e+06 6.164915e+06 5.893592e+06 5.674401e+06 5.494972e+06 5.345371e+06 5.217604e+06 4.734096e+06 4.321098e+06 3.936017e+06 3.600798e+06 3.327436e+06 3.115106e+06 2.845577e+06 2.729373e+06 2.711406e+06 2.751528e+06 2.823056e+06 2.909331e+06 3.623979e+06 3.899289e+06 3.935663e+06 3.842591e+06
7.164281e+06 7.164281e+06 7.164281e+06 7.164268e+06 7.164172e+06 7.154889e+06 7.099836e+06 6.885962e+06 6.768749e+06 6.620441e+06 6.271788e+06 5.960830e+06 5.724196e+06 5.540270e+06 5.388512e+06 5.259787e+06 5.147784e+06 4.703271e+06 4.303528e+06 3.924487e+06 3.592876e+06 3.322066e+06 3.111689e+06 2.844938e+06 2.730518e+06 2.713678e+06 2.754475e+06 2.826364e+06 2.912791e+06 3.626040e+06 3.900240e+06 3.936004e+06 3.842561e+06
6.620029e+06 6.620029e+06 6.620030e+06 6.620037e+06 6.620028e+06 6.616359e+06 6.591358e+06 6.435394e+06 6.346837e+06 6.256951e+06 6.037834e+06 5.794677e+06 5.581573e+06 5.413632e+06 5.282769e+06 5.172785e+06 5.075959e+06 4.671039e+06 4.285059e+06 3.912357e+06 3.584562e+06 3.316454e+06 3.108134e+06 2.844280e+06 2.731698e+06 2.716005e+06 2.757482e+06 2.829732e+06 2.916305e+06 3.628112e+06 3.901194e+06 3.936344e+06 3.842529e+06
6.218888e+06 6.218888e+06 6.218889e+06 6.218900e+06 6.218917e+06 6.217536e+06 6.205174e+06 6.094174e+06 6.015810e+06 5.943552e+06 5.801454e+06 5.635048e+06 5.463621e+06 5.312612e+06 5.189110e+06 5.090131e+06 5.005397e+06 4.637730e+06 4.265728e+06 3.899622e+06 3.575851e+06 3.310597e+06 3.104439e+06 2.843602e+06 2.732912e+06 2.718389e+06 2.760551e+06 2.833160e+06 2.919874e+06 3.630196e+06 3.902148e+06 3.936683e+06 3.842496e+06
5.916048e+06 5.916048e+06 5.916049e+06 5.916061e+06 5.916086e+06 5.915719e+06 5.909281e+06 5.829922e+06 5.761984e+06 5.695965e+06 5.585315e+06 5.475494e+06 5.351634e+06 5.227467e+06 5.116026e+06 5.021005e+06 4.940958e+06 4.603804e+06 4.245589e+06 3.886282e+06 3.566739e+06 3.304491e+06 3.100603e+06 2.842907e+06 2.734162e+06 2.720830e+06 2.763683e+06 2.836648e+06 2.923497e+06 3.632290e+06 3.903105e+06 3.937022e+06 3.842461e+06
5.682562e+06 5.682562e+06 5.682563e+06 5.682575e+06 5.682605e+06 5.682709e+06 5.679285e+06 5.620749e+06 5.563681e+06 5.503402e+06 5.403734e+06 5.324618e+06 5.240505e+06 5.147219e+06 5.053674e+06 4.967078e+06 4.889585e+06 4.569905e+06 4.224726e+06 3.872344e+06 3.557221e+06 3.298135e+06 3.096626e+06 2.842192e+06 2.735448e+06 2.723328e+06 2.766877e+06 2.840196e+06 2.927175e+06 3.634395e+06 3.904064e+06 3.937360e+06 3.842425e+06
5.499332e+06 5.499332e+06 5.499333e+06 5.499345e+06 5.499375e+06 5.499720e+06 5.497968e+06 5.452993e+06 5.405498e+06 5.351802e+06 5.257675e+06 5.191516e+06 5.133381e+06 5.067963e+06 4.995154e+06 4.920721e+06 4.849011e+06 4.536904e+06 4.203261e+06 3.857824e+06 3.547299e+06 3.291527e+06 3.092506e+06 2.841460e+06 2.736770e+06 2.725884e+06 2.770134e+06 2.843805e+06 2.930907e+06 3.636511e+06 3.905024e+06 3.937697e+06 3.842387e+06
5.353736e+06 5.353736e+06 5.353736e+06 5.353747e+06 5.353775e+06 5.354251e+06 5.353496e+06 5.317495e+06 5.277626e+06 5.230516e+06 5.141883e+06 5.080020e+06 5.035499e+06 4.990605e+06 4.937456e+06 4.877221e+06 4.813824e+06 4.505976e+06 4.181371e+06 3.842753e+06 3.536979e+06 3.284668e+06 3.088244e+06 2.840711e+06 2.738130e+06 2.728498e+06 2.773454e+06 2.847474e+06 2.934694e+06 3.638637e+06 3.905985e+06 3.938034e+06 3.842348e+06
4.848856e+06 4.848856e+06 4.848856e+06 4.848862e+06 4.848879e+06 4.849164e+06 4.848925e+06 4.829967e+06 4.809329e+06 4.784834e+06 4.732238e+06 4.680150e+06 4.631082e+06 4.587016e+06 4.549090e+06 4.516673e+06 4.487516e+06 4.300935e+06 4.001038e+06 3.686990e+06 3.419422e+06 3.205106e+06 3.039076e+06 2.832677e+06 2.753970e+06 2.757944e+06 2.810174e+06 2.887501e+06 2.975558e+06 3.660457e+06 3.915681e+06 3.941348e+06 3.841861e+06
4.492489e+06 4.492489e+06 4.492489e+06 4.492488e+06 4.492485e+06 4.492368e+06 4.491466e+06 4.472933e+06 4.453743e+06 4.431293e+06 4.384364e+06 4.339904e+06 4.298801e+06 4.260086e+06 4.222791e+06 4.186408e+06 4.150793e+06 3.979276e+06 3.784397e+06 3.554170e+06 3.328273e+06 3.138463e+06 2.994133e+06 2.827820e+06 2.775247e+06 2.793855e+06 2.853382e+06 2.933516e+06 3.021701e+06 3.683183e+06 3.925486e+06 3.944556e+06 3.841200e+06
3.997863e+06 3.997863e+06 3.997863e+06 3.997864e+06 3.997864e+06 3.997874e+06 3.997535e+06 3.984824e+06 3.971284e+06 3.955548e+06 3.923453e+06 3.894509e+06 3.869360e+06 3.847061e+06 3.826382e+06 3.806217e+06 3.785733e+06 3.668574e+06 3.532851e+06 3.387010e+06 3.237631e+06 3.098806e+06 2.983756e+06 2.843056e+06 2.807272e+06 2.837961e+06 2.903493e+06 2.985405e+06 3.072797e+06 3.706648e+06 3.935348e+06 3.947634e+06 3.840351e+06
3.680949e+06 3.680949e+06 3.680949e+06 3.680950e+06 3.680952e+06 3.681003e+06 3.680843e+06 3.670162e+06 3.658630e+06 3.645298e+06 3.618582e+06 3.595382e+06 3.576321e+06 3.560607e+06 3.547176e+06 3.535005e+06 3.523208e+06 3.451812e+06 3.354012e+06 3.249394e+06 3.150571e+06 3.061476e+06 2.985612e+06 2.887124e+06 2.862598e+06 2.895080e+06 2.962096e+06 3.043490e+06 3.128646e+06 3.730659e+06 3.945210e+06 3.950555e+06 3.839299e+06
3.524518e+06 3.524518e+06 3.524518e+06 3.524519e+06 3.524522e+06 3.524596e+06 3.524537e+06 3.514933e+06 3.504428e+06 3.492282e+06 3.468044e+06 3.447229e+06 3.430442e+06 3.416987e+06 3.405926e+06 3.396365e+06 3.387526e+06 3.336463e+06 3.260784e+06 3.175906e+06 3.100335e+06 3.040282e+06 2.995094e+06 2.943603e+06 2.939131e+06 2.973194e+06 3.033545e+06 3.109232e+06 3.189580e+06 3.755010e+06 3.955010e+06 3.953293e+06 3.838030e+06
3.480683e+06 3.480683e+06 3.480683e+06 3.480683e+06 3.480684e+06 3.480702e+06 3.480479e+06 3.470547e+06 3.459942e+06 3.447700e+06 3.423184e+06 3.401932e+06 3.384590e+06 3.370542e+06 3.358944e+06 3.348995e+06 3.340009e+06 3.293642e+06 3.229896e+06 3.157628e+06 3.094291e+06 3.048765e+06 3.021300e+06 3.006385e+06 3.025099e+06 3.065597e+06 3.121274e+06 3.186523e+06 3.257040e+06 3.779500e+06 3.964686e+06 3.955820e+06 3.836530e+06
3.454999e+06 3.454999e+06 3.454999e+06 3.454999e+06 3.455000e+06 3.455026e+06 3.454847e+06 3.445679e+06 3.435851e+06 3.424507e+06 3.401828e+06 3.382238e+06 3.366329e+06 3.353521e+06 3.343036e+06 3.334148e+06 3.326240e+06 3.287443e+06 3.235864e+06 3.176567e+06 3.123961e+06 3.087630e+06 3.069710e+06 3.076813e+06 3.114576e+06 3.163740e+06 3.217881e+06 3.275115e+06 3.334234e+06 3.803946e+06 3.974177e+06 3.958109e+06 3.834784e+06
3.452021e+06 3.452021e+06 3.452021e+06 3.452021e+06 3.452022e+06 3.452047e+06 3.451889e+06 3.443543e+06 3.434589e+06 3.424259e+06 3.403646e+06 3.385915e+06 3.371616e+06 3.360228e+06 3.351047e+06 3.343424e+06 3.336809e+06 3.306389e+06 3.267130e+06 3.221277e+06 3.179837e+06 3.151487e+06 3.139459e+06 3.157287e+06 3.206060e+06 3.262377e+06 3.316921e+06 3.368615e+06 3.418550e+06 3.828209e+06 3.983423e+06 3.960131e+06 3.832776e+06
3.475264e+06 3.475264e+06 3.475264e+06 3.475264e+06 3.475265e+06 3.475296e+06 3.475179e+06 3.467719e+06 3.459676e+06 3.450393e+06 3.431869e+06 3.415954e+06 3.403151e+06 3.393001e+06 3.384891e+06 3.378255e+06 3.372620e+06 3.348698e+06 3.319718e+06 3.285866e+06 3.255018e+06 3.234113e+06 3.226442e+06 3.248087e+06 3.299885e+06 3.359154e+06 3.414019e+06 3.462069e+06 3.505003e+06 3.852212e+06 3.992367e+06 3.961859e+06 3.830492e+06
3.524932e+06 3.524932e+06 3.524932e+06 3.524932e+06 3.524933e+06 3.524957e+06 3.524835e+06 3.517850e+06 3.510345e+06 3.501689e+06 3.484438e+06 3.469642e+06 3.457766e+06 3.448389e+06 3.440953e+06 3.434949e+06 3.429959e+06 3.410764e+06 3.389890e+06 3.365936e+06 3.344242e+06 3.329926e+06 3.325722e+06 3.347374e+06 3.396190e+06 3.453490e+06 3.506839e+06 3.551983e+06 3.589792e+06 3.875964e+06 4.000960e+06 3.963265e+06 3.827916e+06
3.594424e+06 3.594424e+06 3.594424e+06 3.594425e+06 3.594425e+06 3.594444e+06 3.594314e+06 3.587638e+06 3.580484e+06 3.572235e+06 3.555781e+06 3.541649e+06 3.530290e+06 3.521321e+06 3.514233e+06 3.508566e+06 3.503946e+06 3.488098e+06 3.473546e+06 3.457450e+06 3.443152e+06 3.434221e+06 3.432648e+06 3.452197e+06 3.494240e+06 3.545366e+06 3.594550e+06 3.636358e+06 3.670202e+06 3.899580e+06 4.009163e+06 3.964323e+06 3.825035e+06
3.674928e+06 3.674928e+06 3.674928e+06 3.674929e+06 3.674929e+06 3.674952e+06 3.674845e+06 3.668526e+06 3.661733e+06 3.653897e+06 3.638274e+06 3.624871e+06 3.614116e+06 3.605648e+06 3.598987e+06 3.593716e+06 3.589495e+06 3.576550e+06 3.566969e+06 3.556879e+06 3.548142e+06 3.543168e+06 3.543276e+06 3.559381e+06 3.592590e+06 3.634632e+06 3.677101e+06 3.714417e+06 3.744644e+06 3.923311e+06 4.016949e+06 3.965010e+06 3.821833e+06
3.765728e+06 3.765728e+06 3.765728e+06 3.765728e+06 3.765729e+06 3.765746e+06 3.765629e+06 3.759609e+06 3.753156e+06 3.745711e+06 3.730853e+06 3.718075e+06 3.707793e+06 3.699678e+06 3.693294e+06 3.688262e+06 3.684279e+06 3.673255e+06 3.667192e+06 3.661296e+06 3.656278e+06 3.653720e+06 3.654434e+06 3.666024e+06 3.689479e+06 3.720821e+06 3.754664e+06 3.786146e+06 3.812493e+06 3.947599e+06 4.024303e+06 3.965302e+06 3.818298e+06
3.861790e+06 3.861790e+06 3.861790e+06 3.861790e+06 3.861790e+06 3.861807e+06 3.861698e+06 3.855967e+06 3.849821e+06 3.842732e+06 3.828594e+06 3.816451e+06 3.806697e+06 3.799015e+06 3.792994e+06 3.788279e+06 3.784591e+06 3.775239e+06 3.771552e+06 3.768189e+06 3.765120e+06 3.763425e+06 3.763613e+06 3.769699e+06 3.783161e+06 3.803231e+06 3.827352e+06 3.851888e+06 3.873795e+06 3.973274e+06 4.031229e+06 3.965182e+06 3.814416e+06
3.963685e+06 3.963685e+06 3.963685e+06 3.963685e+06 3.963686e+06 3.963703e+06 3.963603e+06 3.958143e+06 3.952277e+06 3.945508e+06 3.931989e+06 3.920350e+06 3.910970e+06 3.903555e+06 3.897723e+06 3.893144e+06 3.889563e+06 3.880769e+06 3.877964e+06 3.875405e+06 3.872568e+06 3.870246e+06 3.868804e+06 3.868471e+06 3.872101e+06 3.881077e+06 3.895154e+06 3.912074e+06 3.928976e+06 4.000344e+06 4.037750e+06 3.964632e+06 3.810176e+06
4.070022e+06 4.070022e+06 4.070022e+06 4.070022e+06 4.070022e+06 4.070037e+06 4.069930e+06 4.064516e+06 4.058715e+06 4.052019e+06 4.038635e+06 4.027092e+06 4.017767e+06 4.010373e+06 4.004536e+06 3.999935e+06 3.996319e+06 3.987264e+06 3.984068e+06 3.980774e+06 3.976646e+06 3.972391e+06 3.968352e+06 3.960851e+06 3.955069e+06 3.953635e+06 3.957973e+06 3.967100e+06 3.978614e+06 4.027877e+06 4.043908e+06 3.963642e+06 3.805567e+06
4.175045e+06 4.175045e+06 4.175045e+06 4.175045e+06 4.175046e+06 4.175064e+06 4.174967e+06 4.169656e+06 4.163952e+06 4.157367e+06 4.144205e+06 4.132848e+06 4.123658e+06 4.116347e+06 4.110540e+06 4.105920e+06 4.102239e+06 4.092298e+06 4.087532e+06 4.082159e+06 4.075486e+06 4.068261e+06 4.060887e+06 4.045748e+06 4.031174e+06 4.020339e+06 4.015696e+06 4.017297e+06 4.023309e+06 4.055216e+06 4.049770e+06 3.962203e+06 3.800578e+06
4.282594e+06 4.282594e+06 4.282594e+06 4.282594e+06 4.282594e+06 4.282595e+06 4.282448e+06 4.276862e+06 4.270930e+06 4.264083e+06 4.250365e+06 4.238460e+06 4.228754e+06 4.220958e+06 4.214694e+06 4.209636e+06 4.205526e+06 4.193362e+06 4.185947e+06 4.177482e+06 4.167382e+06 4.156501e+06 4.145340e+06 4.122451e+06 4.099878e+06 4.080839e+06 4.068273e+06 4.062957e+06 4.063625e+06 4.081823e+06 4.055431e+06 3.960313e+06 3.795202e+06
4.379704e+06 4.379704e+06 4.379704e+06 4.379704e+06 4.379705e+06 4.379714e+06 4.379585e+06 4.373898e+06 4.367826e+06 4.360816e+06 4.346777e+06 4.334610e+06 4.324698e+06 4.316734e+06 4.310317e+06 4.305100e+06 4.300812e+06 4.287105e+06 4.276957e+06 4.264984e+06 4.251013e+06 4.236145e+06 4.221034e+06 4.190632e+06 4.160991e+06 4.135035e+06 4.115758e+06 4.104364e+06 4.100076e+06 4.107261e+06 4.061021e+06 3.957974e+06 3.789432e+06
4.473700e+06 4.473700e+06 4.473700e+06 4.473700e+06 4.473700e+06 4.473706e+06 4.473559e+06 4.467550e+06 4.461148e+06 4.453755e+06 4.438934e+06 4.426053e+06 4.415519e+06 4.407008e+06 4.400097e+06 4.394415e+06 4.389669e+06 4.373361e+06 4.359784e+06 4.343842e+06 4.325729e+06 4.306770e+06 4.287756e+06 4.250357e+06 4.214657e+06 4.183078e+06 4.158348e+06 4.141833e+06 4.133132e+06 4.131184e+06 4.066718e+06 3.955196e+06 3.783264e+06
4.561848e+06 4.561848e+06 4.561848e+06 4.561849e+06 4.561849e+06 4.561852e+06 4.561685e+06 4.555187e+06 4.548277e+06 4.540295e+06 4.524276e+06 4.510324e+06 4.498877e+06 4.489585e+06 4.481990e+06 4.475688e+06 4.470358e+06 4.451037e+06 4.433781e+06 4.413719e+06 4.391432e+06 4.368474e+06 4.345760e+06 4.302061e+06 4.261327e+06 4.225349e+06 4.196377e+06 4.175724e+06 4.163240e+06 4.153340e+06 4.072816e+06 3.951992e+06 3.776694e+06
4.640579e+06 4.640579e+06 4.640579e+06 4.640579e+06 4.640579e+06 4.640584e+06 4.640408e+06 4.633349e+06 4.625836e+06 4.617159e+06 4.599754e+06 4.584612e+06 4.572207e+06 4.562151e+06 4.553934e+06 4.547104e+06 4.541299e+06 4.519519e+06 4.498909e+06 4.474899e+06 4.448597e+06 4.421858e+06 4.395736e+06 4.346506e+06 4.301705e+06 4.262428e+06 4.230308e+06 4.206446e+06 4.190825e+06 4.173566e+06 4.079483e+06 3.948384e+06 3.769722e+06
4.714193e+06 4.714193e+06 4.714193e+06 4.714193e+06 4.714193e+06 4.714201e+06 4.714015e+06 4.706338e+06 4.698156e+06 4.688705e+06 4.669744e+06 4.653247e+06 4.639724e+06 4.628749e+06 4.619758e+06 4.612251e+06 4.605826e+06 4.580965e+06 4.556638e+06 4.528563e+06 4.498312e+06 4.467987e+06 4.438740e+06 4.384704e+06 4.336686e+06 4.295035e+06 4.260699e+06 4.234449e+06 4.216302e+06 4.191782e+06 4.086362e+06 3.944403e+06 3.762349e+06
4.785588e+06 4.785588e+06 4.785588e+06 4.785588e+06 4.785588e+06 4.785592e+06 4.785371e+06 4.776860e+06 4.767813e+06 4.757364e+06 4.736388e+06 4.718110e+06 4.703096e+06 4.690881e+06 4.680841e+06 4.672422e+06 4.665175e+06 4.636583e+06 4.608254e+06 4.576037e+06 4.541904e+06 4.508164e+06 4.476040e+06 4.417817e+06 4.367269e+06 4.323975e+06 4.288162e+06 4.260204e+06 4.240063e+06 4.207977e+06 4.093188e+06 3.940084e+06 3.754579e+06
4.850623e+06 4.850623e+06 4.850623e+06 4.850623e+06 4.850623e+06 4.850630e+06 4.850394e+06 4.841041e+06 4.831087e+06 4.819592e+06 4.796530e+06 4.776461e+06 4.760004e+06 4.746637e+06 4.735664e+06 4.726463e+06 4.718530e+06 4.686809e+06 4.654819e+06 4.618629e+06 4.580746e+06 4.543759e+06 4.508967e+06 4.447045e+06 4.394483e+06 4.350073e+06 4.313326e+06 4.284178e+06 4.262476e+06 4.222195e+06 4.099741e+06 3.935476e+06 3.746419e+06
4.915576e+06 4.915576e+06 4.915576e+06 4.915577e+06 4.915577e+06 4.915583e+06 4.915322e+06 4.904985e+06 4.893987e+06 4.881286e+06 4.855810e+06 4.833644e+06 4.815472e+06 4.800714e+06 4.788595e+06 4.778425e+06 4.769640e+06 4.734178e+06 4.698188e+06 4.657883e+06 4.616254e+06 4.576116e+06 4.538808e+06 4.473545e+06 4.419309e+06 4.374116e+06 4.336787e+06 4.306809e+06 4.283865e+06 4.234521e+06 4.105832e+06 3.930640e+06 3.737877e+06
4.981361e+06 4.981361e+06 4.981361e+06 4.981361e+06 4.981361e+06 4.981365e+06 4.981066e+06 4.969659e+06 4.957539e+06 4.943542e+06 4.915454e+06 4.890992e+06 4.870909e+06 4.854568e+06 4.841116e+06 4.829792e+06 4.819976e+06 4.780017e+06 4.739577e+06 4.694985e+06 4.649611e+06 4.606411e+06 4.566711e+06 4.498348e+06 4.442627e+06 4.396812e+06 4.359079e+06 4.328480e+06 4.304504e+06 4.245065e+06 4.111288e+06 3.925655e+06 3.728966e+06
5.043453e+06 5.043453e+06 5.043453e+06 5.043453e+06 5.043453e+06 5.043456e+06 5.043131e+06 5.030713e+06 5.017519e+06 5.002283e+06 4.971705e+06 4.945072e+06 4.923203e+06 4.905400e+06 4.890733e+06 4.878370e+06 4.867633e+06 4.823664e+06 4.779157e+06 4.730574e+06 4.681677e+06 4.635587e+06 4.593624e+06 4.522323e+06 4.465171e+06 4.418745e+06 4.380642e+06 4.349501e+06 4.324603e+06 4.253949e+06 4.115955e+06 3.920641e+06 3.719701e+06
5.103540e+06 5.103540e+06 5.103540e+06 5.103540e+06 5.103540e+06 5.103545e+06 5.103194e+06 5.089733e+06 5.075429e+06 5.058912e+06 5.025771e+06 4.996919e+06 4.973244e+06 4.953986e+06 4.938133e+06 4.924777e+06 4.913182e+06 4.865651e+06 4.817570e+06 4.765383e+06 4.713234e+06 4.664429e+06 4.620313e+06 4.546143e+06 4.487504e+06 4.440364e+06 4.401808e+06 4.370100e+06 4.344305e+06 4.261294e+06 4.119698e+06 3.915733e+06 3.710099e+06
5.164145e+06 5.164145e+06 5.164145e+06 5.164146e+06 5.164146e+06 5.164150e+06 5.163770e+06 5.149251e+06 5.133826e+06 5.116014e+06 5.080277e+06 5.049166e+06 5.023637e+06 5.002873e+06 4.985782e+06 4.971384e+06 4.958885e+06 4.907664e+06 4.856022e+06 4.800316e+06 4.745012e+06 4.693572e+06 4.647344e+06 4.570278e+06 4.510008e+06 4.461965e+06 4.422792e+06 4.390412e+06 4.363681e+06 4.267214e+06 4.122398e+06 3.910785e+06 3.700182e+06
5.224949e+06 5.224949e+06 5.224949e+06 5.224949e+06 5.224949e+06 5.224955e+06 5.224551e+06 5.209048e+06 5.192574e+06 5.173551e+06 5.135382e+06 5.102152e+06 5.074881e+06 5.052693e+06 5.034419e+06 5.019012e+06 5.005621e+06 4.950591e+06 4.895220e+06 4.835915e+06 4.777447e+06 4.723382e+06 4.675041e+06 4.594983e+06 4.532885e+06 4.483698e+06 4.443691e+06 4.410485e+06 4.382732e+06 4.271807e+06 4.123956e+06 3.905657e+06 3.689976e+06
5.287100e+06 5.287100e+06 5.287100e+06 5.287100e+06 5.287100e+06 5.287101e+06 5.286658e+06 5.270142e+06 5.252609e+06 5.232365e+06 5.191733e+06 5.156334e+06 5.127254e+06 5.103566e+06 5.084029e+06 5.067532e+06 5.053175e+06 4.994081e+06 4.934925e+06 4.872082e+06 4.810533e+06 4.753901e+06 4.703460e+06 4.620311e+06 4.556166e+06 4.505577e+06 4.464496e+06 4.430283e+06 4.401396e+06 4.275155e+06 4.124291e+06 3.900246e+06 3.679511e+06
5.345452e+06 5.345452e+06 5.345452e+06 5.345452e+06 5.345452e+06 5.345455e+06 5.344993e+06 5.327607e+06 5.309145e+06 5.287827e+06 5.245038e+06 5.207758e+06 5.177130e+06 5.152174e+06 5.131584e+06 5.114190e+06 5.099041e+06 5.036618e+06 4.974265e+06 4.908317e+06 4.843972e+06 4.784928e+06 4.732447e+06 4.646137e+06 4.579740e+06 4.527498e+06 4.485105e+06 4.449698e+06 4.419559e+06 4.277318e+06 4.123337e+06 3.894460e+06 3.668824e+06
5.400725e+06 5.400725e+06 5.400725e+06 5.400725e+06 5.400725e+06 5.400727e+06 5.400243e+06 5.382054e+06 5.362740e+06 5.340439e+06 5.295681e+06 5.256691e+06 5.224664e+06 5.198575e+06 5.177055e+06 5.158881e+06 5.143057e+06 5.077898e+06 5.012913e+06 4.944306e+06 4.877459e+06 4.816173e+06 4.761723e+06 4.672211e+06 4.603386e+06 4.549266e+06 4.505344e+06 4.468569e+06 4.437060e+06 4.278338e+06 4.121049e+06 3.888222e+06 3.657961e+06
5.453940e+06 5.453940e+06 5.453940e+06 5.453940e+06 5.453940e+06 5.453942e+06 5.453437e+06 5.434535e+06 5.414469e+06 5.391299e+06 5.344795e+06 5.304279e+06 5.270995e+06 5.243878e+06 5.221508e+06 5.202613e+06 5.186161e+06 5.118445e+06 5.051016e+06 4.979937e+06 4.910739e+06 4.847310e+06 4.790942e+06 4.698198e+06 4.626806e+06 4.570623e+06 4.524986e+06 4.486691e+06 4.453711e+06 4.278238e+06 4.117396e+06 3.881460e+06 3.646982e+06
5.504450e+06 5.504450e+06 5.504450e+06 5.504450e+06 5.504451e+06 5.504453e+06 5.503936e+06 5.484456e+06 5.463770e+06 5.439882e+06 5.391937e+06 5.350166e+06 5.315849e+06 5.287886e+06 5.264813e+06 5.245315e+06 5.228328e+06 5.158274e+06 5.088451e+06 5.014943e+06 4.943457e+06 4.877946e+06 4.819697e+06 4.723715e+06 4.649658e+06 4.591271e+06 4.543774e+06 4.503836e+06 4.469304e+06 4.277026e+06 4.112362e+06 3.874109e+06 3.635979e+06
5.553889e+06 5.553889e+06 5.553889e+06 5.553889e+06 5.553889e+06 5.553889e+06 5.553349e+06 5.533302e+06 5.512027e+06 5.487459e+06 5.438139e+06 5.395151e+06 5.359811e+06 5.330991e+06 5.307187e+06 5.287049e+06 5.269484e+06 5.196912e+06 5.124654e+06 5.048781e+06 4.975108e+06 4.907607e+06 4.847544e+06 4.748362e+06 4.671591e+06 4.610903e+06 4.561439e+06 4.519767e+06 4.483626e+06 4.274697e+06 4.105944e+06 3.866114e+06 3.624911e+06
5.598660e+06 5.598660e+06 5.598660e+06 5.598660e+06 5.598660e+06 5.598658e+06 5.598100e+06 5.577569e+06 5.555789e+06 5.530640e+06 5.480152e+06 5.436140e+06 5.399951e+06 5.370430e+06 5.346038e+06 5.325393e+06 5.307379e+06 5.232851e+06 5.158623e+06 5.080745e+06 5.005142e+06 4.935824e+06 4.874052e+06 4.771756e+06 4.692260e+06 4.629214e+06 4.577712e+06 4.534248e+06 4.496464e+06 4.271234e+06 4.098151e+06 3.857424e+06 3.613697e+06
5.637715e+06 5.637715e+06 5.637715e+06 5.637715e+06 5.637715e+06 5.637717e+06 5.637160e+06 5.616285e+06 5.594122e+06 5.568528e+06 5.517150e+06 5.472373e+06 5.435565e+06 5.405550e+06 5.380754e+06 5.359772e+06 5.341461e+06 5.265624e+06 5.189941e+06 5.110450e+06 5.033191e+06 4.962232e+06 4.898864e+06 4.793556e+06 4.711349e+06 4.645920e+06 4.592344e+06 4.547055e+06 4.507618e+06 4.266615e+06 4.089002e+06 3.847998e+06 3.602285e+06
5.675032e+06 5.675032e+06 5.675032e+06 5.675032e+06 5.675032e+06 5.675031e+06 5.674455e+06 5.653184e+06 5.630613e+06 5.604550e+06 5.552225e+06 5.506609e+06 5.469100e+06 5.438503e+06 5.413221e+06 5.391824e+06 5.373150e+06 5.295858e+06 5.218804e+06 5.137857e+06 5.059083e+06 4.986592e+06 4.921703e+06 4.813468e+06 4.728578e+06 4.660766e+06 4.605103e+06 4.557985e+06 4.516907e+06 4.260813e+06 4.078525e+06 3.837799e+06 3.590634e+06
5.706818e+06 5.706818e+06 5.706818e+06 5.706818e+06 5.706818e+06 5.706819e+06 5.706242e+06 5.684740e+06 5.661916e+06 5.635560e+06 5.582651e+06 5.536534e+06 5.498620e+06 5.467697e+06 5.442149e+06 5.420525e+06 5.401651e+06 5.323426e+06 5.245231e+06 5.162928e+06 5.082693e+06 5.008713e+06 4.942341e+06 4.831243e+06 4.743708e+06 4.673529e+06 4.615791e+06 4.566859e+06 4.524170e+06 4.253799e+06 4.066752e+06 3.826799e+06 3.578707e+06
5.736316e+06 5.736316e+06 5.736316e+06 5.736316e+06 5.736316e+06 5.736318e+06 5.735736e+06 5.714014e+06 5.690956e+06 5.664329e+06 5.610875e+06 5.564286e+06 5.525986e+06 5.494751e+06 5.468944e+06 5.447099e+06 5.428026e+06 5.348826e+06 5.269392e+06 5.185641e+06 5.103898e+06 5.028421e+06 4.960585e+06 4.846676e+06 4.756538e+06 4.684024e+06 4.624239e+06 4.573527e+06 4.529273e+06 4.245544e+06 4.053723e+06 3.814978e+06 3.566472e+06
5.764855e+06 5.764855e+06 5.764855e+06 5.764855e+06 5.764855e+06 5.764856e+06 5.764268e+06 5.742305e+06 5.718990e+06 5.692065e+06 5.638007e+06 5.590876e+06 5.552114e+06 5.520484e+06 5.494331e+06 5.472172e+06 5.452806e+06 5.372175e+06 5.291174e+06 5.205804e+06 5.122496e+06 5.045526e+06 4.976255e+06 4.859601e+06 4.766910e+06 4.692101e+06 4.630310e+06 4.577865e+06 4.532106e+06 4.236024e+06 4.039482e+06 3.802321e+06 3.553902e+06
5.790207e+06 5.790207e+06 5.790207e+06 5.790207e+06 5.790207e+06 5.790205e+06 5.789600e+06 5.767369e+06 5.743784e+06 5.716547e+06 5.661856e+06 5.614160e+06 5.574916e+06 5.542876e+06 5.516366e+06 5.493890e+06 5.474231e+06 5.392233e+06 5.309790e+06 5.222941e+06 5.138195e+06 5.059834e+06 4.989202e+06 4.869892e+06 4.774702e+06 4.697645e+06 4.633901e+06 4.579783e+06 4.532588e+06 4.225217e+06 4.024074e+06 3.788821e+06 3.540972e+06
5.809049e+06 5.809049e+06 5.809049e+06 5.809049e+06 5.809049e+06 5.809049e+06 5.808443e+06 5.786039e+06 5.762264e+06 5.734808e+06 5.679684e+06 5.631619e+06 5.592083e+06 5.559813e+06 5.533119e+06 5.510489e+06 5.490694e+06 5.408025e+06 5.324688e+06 5.236757e+06 5.150834e+06 5.071243e+06 4.999343e+06 4.877469e+06 4.779828e+06 4.700573e+06 4.634935e+06 4.579216e+06 4.530664e+06 4.213107e+06 4.007548e+06 3.774476e+06 3.527663e+06
5.824149e+06 5.824149e+06 5.824149e+06 5.824149e+06 5.824149e+06 5.824148e+06 5.823540e+06 5.800967e+06 5.777011e+06 5.749347e+06 5.693805e+06 5.645381e+06 5.605555e+06 5.573054e+06 5.546176e+06 5.523396e+06 5.503473e+06 5.420264e+06 5.336260e+06 5.247466e+06 5.160523e+06 5.079794e+06 5.006676e+06 4.882279e+06 4.782224e+06 4.700827e+06 4.633364e+06 4.576123e+06 4.526303e+06 4.199685e+06 3.989952e+06 3.759291e+06 3.513956e+06
5.836659e+06 5.836659e+06 5.836659e+06 5.836659e+06 5.836659e+06 5.836658e+06 5.836045e+06 5.813310e+06 5.789181e+06 5.761318e+06 5.705376e+06 5.656604e+06 5.616492e+06 5.583757e+06 5.556686e+06 5.533741e+06 5.513674e+06 5.429836e+06 5.345114e+06 5.255433e+06 5.167449e+06 5.085562e+06 5.011208e+06 4.884280e+06 4.781844e+06 4.698367e+06 4.629163e+06 4.570490e+06 4.519496e+06 4.184947e+06 3.971338e+06 3.743277e+06 3.499836e+06
5.846714e+06 5.846714e+06 5.846714e+06 5.846714e+06 5.846714e+06 5.846713e+06 5.846094e+06 5.823205e+06 5.798917e+06 5.770869e+06 5.714557e+06 5.665459e+06 5.625076e+06 5.592117e+06 5.564857e+06 5.541749e+06 5.521535e+06 5.437016e+06 5.351477e+06 5.260789e+06 5.171656e+06 5.088529e+06 5.012890e+06 4.883411e+06 4.778643e+06 4.693171e+06 4.622324e+06 4.562322e+06 4.510258e+06 4.168897e+06 3.951754e+06 3.726449e+06 3.485292e+06
5.853614e+06 5.853614e+06 5.853614e+06 5.853614e+06 5.853614e+06 5.853613e+06 5.852991e+06 5.829994e+06 5.805590e+06 5.777408e+06 5.720827e+06 5.671493e+06 5.630914e+06 5.597793e+06 5.570395e+06 5.547164e+06 5.526834e+06 5.441674e+06 5.355222e+06 5.263390e+06 5.172993e+06 5.088553e+06 5.011598e+06 4.879596e+06 4.772588e+06 4.685236e+06 4.612863e+06 4.551646e+06 4.498621e+06 4.151547e+06 3.931250e+06 3.708829e+06 3.470316e+06
5.857596e+06 5.857596e+06 5.857596e+06 5.857596e+06 5.857596e+06 5.857595e+06 5.856970e+06 5.833890e+06 5.809398e+06 5.781114e+06 5.724322e+06 5.674799e+06 5.634055e+06 5.600789e+06 5.573257e+06 5.549898e+06 5.529440e+06 5.443507e+06 5.355985e+06 5.262893e+06 5.171172e+06 5.085412e+06 5.007169e+06 4.872761e+06 4.763661e+06 4.674576e+06 4.600814e+06 4.538508e+06 4.484636e+06 4.132915e+06 3.909877e+06 3.690440e+06 3.454902e+06
5.857880e+06 5.857880e+06 5.857880e+06 5.857880e+06 5.857880e+06 5.857877e+06 5.857246e+06 5.834085e+06 5.809514e+06 5.781138e+06 5.724157e+06 5.674454e+06 5.633549e+06 5.600134e+06 5.572464e+06 5.548969e+06 5.528376e+06 5.441653e+06 5.353089e+06 5.258803e+06 5.165850e+06 5.078875e+06 4.999455e+06 4.862863e+06 4.751874e+06 4.661233e+06 4.586236e+06 4.522973e+06 4.468370e+06 4.113025e+06 3.887683e+06 3.671311e+06 3.439047e+06
5.852426e+06 5.852426e+06 5.852426e+06 5.852426e+06 5.852426e+06 5.852424e+06 5.851794e+06 5.828592e+06 5.803975e+06 5.775547e+06 5.718460e+06 5.668668e+06 5.627690e+06 5.594216e+06 5.566494e+06 5.542950e+06 5.522304e+06 5.435180e+06 5.345914e+06 5.250725e+06 5.156785e+06 5.068804e+06 4.988390e+06 4.849915e+06 4.737277e+06 4.645277e+06 4.569208e+06 4.505123e+06 4.449906e+06 4.091909e+06 3.864716e+06 3.651472e+06 3.422751e+06
5.842193e+06 5.842193e+06 5.842193e+06 5.842193e+06 5.842193e+06 5.842191e+06 5.841558e+06 5.818314e+06 5.793651e+06 5.765171e+06 5.707981e+06 5.658100e+06 5.617052e+06 5.583522e+06 5.555755e+06 5.532173e+06 5.511492e+06 5.424134e+06 5.334433e+06 5.238633e+06 5.143980e+06 5.055229e+06 4.974023e+06 4.833992e+06 4.719961e+06 4.626804e+06 4.549827e+06 4.485055e+06 4.429339e+06 4.069603e+06 3.841022e+06 3.630958e+06 3.406017e+06
5.827702e+06 5.827702e+06 5.827702e+06 5.827702e+06 5.827702e+06 5.827700e+06 5.827066e+06 5.803783e+06 5.779081e+06 5.750555e+06 5.693275e+06 5.643317e+06 5.602206e+06 5.568627e+06 5.540820e+06 5.517204e+06 5.496493e+06 5.408966e+06 5.318985e+06 5.222783e+06 5.127633e+06 5.038318e+06 4.956504e+06 4.815228e+06 4.700050e+06 4.605936e+06 4.528209e+06 4.462881e+06 4.406773e+06 4.046149e+06 3.816649e+06 3.609805e+06 3.388849e+06
5.808920e+06 5.808920e+06 5.808920e+06 5.808920e+06 5.808920e+06 5.808918e+06 5.808284e+06 5.784995e+06 5.760288e+06 5.731756e+06 5.674464e+06 5.624496e+06 5.583378e+06 5.549793e+06 5.521983e+06 5.498363e+06 5.477648e+06 5.390068e+06 5.299942e+06 5.203499e+06 5.108020e+06 5.018304e+06 4.936035e+06 4.793789e+06 4.677694e+06 4.582808e+06 4.504481e+06 4.438718e+06 4.382320e+06 4.021594e+06 3.791641e+06 3.588049e+06 3.371257e+06
5.786108e+06 5.786108e+06 5.786108e+06 5.786108e+06 5.786108e+06 5.786105e+06 5.785473e+06 5.762215e+06 5.737541e+06 5.709047e+06 5.651831e+06 5.601931e+06 5.560869e+06 5.527332e+06 5.499561e+06 5.475975e+06 5.455288e+06 5.367785e+06 5.277639e+06 5.181085e+06 5.085411e+06 4.995425e+06 4.912831e+06 4.769856e+06 4.653051e+06 4.557565e+06 4.478777e+06 4.412692e+06 4.356095e+06 3.995986e+06 3.766044e+06 3.565730e+06 3.353249e+06
5.759580e+06 5.759580e+06 5.759580e+06 5.759580e+06 5.759580e+06 5.759578e+06 5.758947e+06 5.735758e+06 5.711156e+06 5.682746e+06 5.625698e+06 5.575945e+06 5.535004e+06 5.501566e+06 5.473877e+06 5.450360e+06 5.429731e+06 5.342420e+06 5.252359e+06 5.155801e+06 5.060043e+06 4.969901e+06 4.887097e+06 4.743611e+06 4.626287e+06 4.530357e+06 4.451234e+06 4.384927e+06 4.328216e+06 3.969381e+06 3.739900e+06 3.542886e+06 3.334839e+06
5.729586e+06 5.729586e+06 5.729586e+06 5.729586e+06 5.729586e+06 5.729584e+06 5.728956e+06 5.705871e+06 5.681379e+06 5.653097e+06 5.596305e+06 5.546776e+06 5.506020e+06 5.472733e+06 5.445168e+06 5.421754e+06 5.401214e+06 5.314209e+06 5.224326e+06 5.127862e+06 5.032122e+06 4.941932e+06 4.859025e+06 4.715234e+06 4.597566e+06 4.501333e+06 4.421987e+06 4.355549e+06 4.298800e+06 3.941834e+06 3.713252e+06 3.519558e+06 3.316039e+06
5.696376e+06 5.696376e+06 5.696376e+06 5.696376e+06 5.696376e+06 5.696374e+06 5.695751e+06 5.672806e+06 5.648462e+06 5.620349e+06 5.563899e+06 5.514668e+06 5.474158e+06 5.441071e+06 5.413670e+06 5.390394e+06 5.369971e+06 5.283370e+06 5.193749e+06 5.097470e+06 5.001850e+06 4.911717e+06 4.828811e+06 4.684904e+06 4.567051e+06 4.470640e+06 4.391169e+06 4.324681e+06 4.267961e+06 3.913405e+06 3.686143e+06 3.495785e+06 3.296866e+06
5.660644e+06 5.660644e+06 5.660644e+06 5.660644e+06 5.660644e+06 5.660642e+06 5.660022e+06 5.637222e+06 5.613031e+06 5.585095e+06 5.529000e+06 5.480079e+06 5.439824e+06 5.406946e+06 5.379717e+06 5.356586e+06 5.336286e+06 5.250136e+06 5.160845e+06 5.064840e+06 4.969436e+06 4.879460e+06 4.796653e+06 4.652802e+06 4.534900e+06 4.438420e+06 4.358911e+06 4.292444e+06 4.235812e+06 3.884154e+06 3.658613e+06 3.471607e+06 3.277337e+06
5.622627e+06 5.622627e+06 5.622627e+06 5.622627e+06 5.622627e+06 5.622625e+06 5.622010e+06 5.599359e+06 5.575326e+06 5.547573e+06 5.491845e+06 5.443245e+06 5.403255e+06 5.370593e+06 5.343544e+06 5.320563e+06 5.300393e+06 5.214730e+06 5.125833e+06 5.030187e+06 4.935096e+06 4.845370e+06 4.762747e+06 4.619102e+06 4.501268e+06 4.404809e+06 4.325337e+06 4.258951e+06 4.202461e+06 3.854143e+06 3.630703e+06 3.447063e+06 3.257470e+06
5.582628e+06 5.582628e+06 5.582628e+06 5.582628e+06 5.582628e+06 5.582626e+06 5.582015e+06 5.559513e+06 5.535638e+06 5.508068e+06 5.452707e+06 5.404427e+06 5.364700e+06 5.332253e+06 5.305381e+06 5.282551e+06 5.262511e+06 5.177360e+06 5.088924e+06 4.993726e+06 4.899039e+06 4.809650e+06 4.727290e+06 4.583973e+06 4.466300e+06 4.369937e+06 4.290563e+06 4.224314e+06 4.168015e+06 3.823435e+06 3.602454e+06 3.422193e+06 3.237286e+06
5.540619e+06 5.540619e+06 5.540619e+06 5.540619e+06 5.540619e+06 5.540618e+06 5.540010e+06 5.517666e+06 5.493959e+06 5.466583e+06 5.411613e+06 5.363674e+06 5.324228e+06 5.292011e+06 5.265331e+06 5.242662e+06 5.222765e+06 5.138199e+06 5.050317e+06 4.955668e+06 4.861478e+06 4.772504e+06 4.690468e+06 4.547575e+06 4.430133e+06 4.333925e+06 4.254703e+06 4.188639e+06 4.132574e+06 3.792095e+06 3.573903e+06 3.397033e+06 3.216806e+06
5.496470e+06 5.496470e+06 5.496470e+06 5.496470e+06 5.496470e+06 5.496468e+06 5.495865e+06 5.473706e+06 5.450197e+06 5.423049e+06 5.368539e+06 5.321003e+06 5.281893e+06 5.249954e+06 5.223505e+06 5.201036e+06 5.181315e+06 5.097474e+06 5.010262e+06 4.916255e+06 4.822637e+06 4.734132e+06 4.652464e+06 4.510054e+06 4.392892e+06 4.296886e+06 4.217861e+06 4.152026e+06 4.096237e+06 3.760186e+06 3.545088e+06 3.371622e+06 3.196050e+06
5.450945e+06 5.450945e+06 5.450945e+06 5.450945e+06 5.450945e+06 5.450944e+06 5.450349e+06 5.428395e+06 5.405098e+06 5.378195e+06 5.324178e+06 5.277077e+06 5.238327e+06 5.206686e+06 5.180487e+06 5.158232e+06 5.138699e+06 5.055625e+06 4.969113e+06 4.875776e+06 4.782748e+06 4.694730e+06 4.613441e+06 4.471539e+06 4.354687e+06 4.258922e+06 4.180136e+06 4.114573e+06 4.059100e+06 3.727774e+06 3.516048e+06 3.345993e+06 3.175041e+06
5.405186e+06 5.405186e+06 5.405186e+06 5.405186e+06 5.405186e+06 5.405185e+06 5.404595e+06 5.382823e+06 5.359719e+06 5.333039e+06 5.279469e+06 5.232755e+06 5.194324e+06 5.162941e+06 5.136955e+06 5.114880e+06 5.095504e+06 5.013072e+06 4.927182e+06 4.834467e+06 4.742002e+06 4.654450e+06 4.573529e+06 4.432132e+06 4.315614e+06 4.220125e+06 4.141622e+06 4.076374e+06 4.021256e+06 3.694922e+06 3.486819e+06 3.320183e+06 3.153802e+06
5.358837e+06 5.358837e+06 5.358837e+06 5.358837e+06 5.358837e+06 5.358836e+06 5.358250e+06 5.336654e+06 5.313740e+06 5.287280e+06 5.234150e+06 5.187820e+06 5.149702e+06 5.118574e+06 5.092797e+06 5.070897e+06 5.051673e+06 4.969857e+06 4.884557e+06 4.792429e+06 4.700493e+06 4.613379e+06 4.532808e+06 4.391912e+06 4.275752e+06 4.180582e+06 4.102408e+06 4.037518e+06 3.982797e+06 3.661693e+06 3.457436e+06 3.294224e+06 3.132356e+06
5.311357e+06 5.311357e+06 5.311357e+06 5.311357e+06 5.311357e+06 5.311356e+06 5.310775e+06 5.289377e+06 5.266673e+06 5.240456e+06 5.187815e+06 5.141911e+06 5.104145e+06 5.073305e+06 5.047768e+06 5.026071e+06 5.007022e+06 4.925905e+06 4.841224e+06 4.749677e+06 4.658246e+06 4.571551e+06 4.491318e+06 4.350933e+06 4.235172e+06 4.140372e+06 4.062579e+06 3.998096e+06 3.943812e+06 3.628151e+06 3.427934e+06 3.268149e+06 3.110724e+06
5.263096e+06 5.263096e+06 5.263096e+06 5.263096e+06 5.263096e+06 5.263095e+06 5.262522e+06 5.241333e+06 5.218849e+06 5.192886e+06 5.140755e+06 5.095297e+06 5.057900e+06 5.027362e+06 5.002074e+06 4.980588e+06 4.961723e+06 4.881314e+06 4.797226e+06 4.706222e+06 4.615267e+06 4.528975e+06 4.449080e+06 4.309241e+06 4.193938e+06 4.099574e+06 4.022221e+06 3.958196e+06 3.904392e+06 3.594357e+06 3.398347e+06 3.241988e+06 3.088931e+06
5.214673e+06 5.214673e+06 5.214673e+06 5.214673e+06 5.214673e+06 5.214672e+06 5.214103e+06 5.193110e+06 5.170833e+06 5.145107e+06 5.093453e+06 5.048410e+06 5.011350e+06 4.981084e+06 4.956018e+06 4.934716e+06 4.916006e+06 4.836174e+06 4.752576e+06 4.662047e+06 4.571538e+06 4.485646e+06 4.406108e+06 4.266884e+06 4.152122e+06 4.058270e+06 3.981423e+06 3.917908e+06 3.864625e+06 3.560370e+06 3.368707e+06 3.215770e+06 3.066999e+06
5.165708e+06 5.165708e+06 5.165708e+06 5.165708e+06 5.165708e+06 5.165707e+06 5.165141e+06 5.144329e+06 5.122248e+06 5.096748e+06 5.045546e+06 5.000892e+06 4.964148e+06 4.934135e+06 4.909273e+06 4.888138e+06 4.869569e+06 4.790256e+06 4.707117e+06 4.617061e+06 4.527017e+06 4.441563e+06 4.362429e+06 4.223925e+06 4.109805e+06 4.016550e+06 3.940276e+06 3.877324e+06 3.824601e+06 3.526250e+06 3.339047e+06 3.189523e+06 3.044949e+06
5.115340e+06 5.115340e+06 5.115340e+06 5.115340e+06 5.115340e+06 5.115338e+06 5.114778e+06 5.094156e+06 5.072276e+06 5.047010e+06 4.996276e+06 4.952031e+06 4.915624e+06 4.885886e+06 4.861252e+06 4.840309e+06 4.821906e+06 4.743243e+06 4.660678e+06 4.571194e+06 4.481701e+06 4.396762e+06 4.318104e+06 4.180451e+06 4.067082e+06 3.974510e+06 3.898876e+06 3.836536e+06 3.784410e+06 3.492053e+06 3.309396e+06 3.163274e+06 3.022805e+06
5.063737e+06 5.063737e+06 5.063737e+06 5.063737e+06 5.063737e+06 5.063735e+06 5.063182e+06 5.042757e+06 5.021084e+06 4.996057e+06 4.945805e+06 4.901984e+06 4.865930e+06 4.836484e+06 4.812095e+06 4.791362e+06 4.773143e+06 4.695228e+06 4.613347e+06 4.524538e+06 4.435692e+06 4.351354e+06 4.273248e+06 4.136577e+06 4.024064e+06 3.932256e+06 3.857321e+06 3.795637e+06 3.744140e+06 3.457833e+06 3.279784e+06 3.137048e+06 3.000587e+06
5.011796e+06 5.011796e+06 5.011796e+06 5.011796e+06 5.011796e+06 5.011795e+06 5.011246e+06 4.991004e+06 4.969525e+06 4.944722e+06 4.894919e+06 4.851491e+06 4.815761e+06 4.786582e+06 4.762414e+06 4.741870e+06 4.723818e+06 4.646604e+06 4.565415e+06 4.477327e+06 4.389185e+06 4.305510e+06 4.228019e+06 4.092441e+06 3.980872e+06 3.889896e+06 3.815711e+06 3.754719e+06 3.703876e+06 3.423643e+06 3.250239e+06 3.110869e+06 2.978317e+06
4.959625e+06 4.959625e+06 4.959625e+06 4.959625e+06 4.959625e+06 4.959624e+06 4.959080e+06 4.939014e+06 4.917723e+06 4.893136e+06 4.843768e+06 4.800721e+06 4.765306e+06 4.736385e+06 4.712432e+06 4.692071e+06 4.674181e+06 4.597647e+06 4.517150e+06 4.429801e+06 4.342397e+06 4.259426e+06 4.182592e+06 4.048189e+06 3.937632e+06 3.847541e+06 3.774144e+06 3.713872e+06 3.663702e+06 3.389531e+06 3.220789e+06 3.084758e+06 2.956014e+06
4.907343e+06 4.907343e+06 4.907343e+06 4.907343e+06 4.907343e+06 4.907342e+06 4.906803e+06 4.886913e+06 4.865807e+06 4.841435e+06 4.792499e+06 4.749828e+06 4.714723e+06 4.686056e+06 4.662314e+06 4.642133e+06 4.624402e+06 4.548545e+06 4.468751e+06 4.382161e+06 4.295522e+06 4.213283e+06 4.137135e+06 4.003961e+06 3.894464e+06 3.805294e+06 3.732713e+06 3.673180e+06 3.623695e+06 3.355544e+06 3.191458e+06 3.058737e+06 2.933698e+06
4.854966e+06 4.854966e+06 4.854966e+06 4.854966e+06 4.854966e+06 4.854965e+06 4.854432e+06 4.834721e+06 4.813805e+06 4.789652e+06 4.741157e+06 4.698872e+06 4.664086e+06 4.635682e+06 4.612159e+06 4.592166e+06 4.574601e+06 4.499453e+06 4.420389e+06 4.334583e+06 4.248729e+06 4.167242e+06 4.091799e+06 3.959888e+06 3.851478e+06 3.763253e+06 3.691504e+06 3.632721e+06 3.583927e+06 3.321727e+06 3.162271e+06 3.032826e+06 2.911388e+06
4.802843e+06 4.802843e+06 4.802843e+06 4.802843e+06 4.802842e+06 4.802842e+06 4.802313e+06 4.782780e+06 4.762052e+06 4.738115e+06 4.690056e+06 4.648153e+06 4.613683e+06 4.585538e+06 4.562231e+06 4.542424e+06 4.525023e+06 4.450580e+06 4.372248e+06 4.287232e+06 4.202171e+06 4.121444e+06 4.046714e+06 3.916081e+06 3.808773e+06 3.721504e+06 3.650596e+06 3.592567e+06 3.544465e+06 3.288119e+06 3.133250e+06 3.007042e+06 2.889101e+06
4.751255e+06 4.751255e+06 4.751255e+06 4.751255e+06 4.751255e+06 4.751255e+06 4.750731e+06 4.731369e+06 4.710823e+06 4.687097e+06 4.639460e+06 4.597926e+06 4.563759e+06 4.535863e+06 4.512762e+06 4.493131e+06 4.475885e+06 4.402110e+06 4.324487e+06 4.240249e+06 4.155976e+06 4.076007e+06 4.001988e+06 3.872635e+06 3.766432e+06 3.680121e+06 3.610056e+06 3.552781e+06 3.505368e+06 3.254758e+06 3.104418e+06 2.981402e+06 2.866855e+06
