0.000000e+00 0.000000e+00 0.000000e+00 6.630799e-255 7.235601e-131 4.511905e-30 1.401770e-16 2.468836e-09 8.796272e-08 1.035101e-06 2.605698e-05 2.063619e-04 1.017482e-03 4.975071e-03 2.461195e-02 1.014122e-01 3.307778e-01 1.156022e+01 6.236105e+01 1.601005e+02 2.859837e+02 4.175863e+02 5.399405e+02 7.351435e+02 8.693029e+02 9.664595e+02 1.049776e+03 1.135821e+03 1.235447e+03 3.816004e+03 9.145112e+03 1.506077e+04 1.999630e+04
0.000000e+00 0.000000e+00 0.000000e+00 2.520505e-232 1.907244e-120 1.044469e-28 4.526770e-16 3.847674e-09 1.225991e-07 1.347692e-06 3.138208e-05 2.380818e-04 1.142504e-03 5.483961e-03 2.676894e-02 1.091858e-01 3.533032e-01 1.206426e+01 6.434502e+01 1.640407e+02 2.915757e+02 4.241528e+02 5.468058e+02 7.412997e+02 8.741512e+02 9.701514e+02 1.052689e+03 1.138327e+03 1.237846e+03 3.823482e+03 9.158416e+03 1.507625e+04 2.001085e+04
0.000000e+00 0.000000e+00 0.000000e+00 1.480332e-207 2.750403e-108 1.264641e-26 3.244981e-15 7.972670e-09 2.054396e-07 1.993273e-06 4.060530e-05 2.875247e-04 1.323984e-03 6.185769e-03 2.963112e-02 1.191935e-01 3.816024e-01 1.265198e+01 6.657091e+01 1.683549e+02 2.975933e+02 4.311256e+02 5.540188e+02 7.476654e+02 8.791091e+02 9.738988e+02 1.055633e+03 1.140858e+03 1.240272e+03 3.831040e+03 9.171810e+03 1.509180e+04 2.002544e+04
0.000000e+00 0.000000e+00 0.000000e+00 1.338395e-182 6.102179e-96 2.305805e-24 3.284128e-14 2.014033e-08 4.047645e-07 3.342520e-06 5.645185e-05 3.634927e-04 1.583890e-03 7.142710e-03 3.339394e-02 1.319793e-01 4.169302e-01 1.333522e+01 6.906362e+01 1.730723e+02 3.040611e+02 4.385217e+02 5.615890e+02 7.542411e+02 8.841743e+02 9.776993e+02 1.058608e+03 1.143413e+03 1.242725e+03 3.838678e+03 9.185297e+03 1.510743e+04 2.004008e+04
0.000000e+00 0.000000e+00 0.000000e+00 1.443883e-157 1.615355e-83 4.992173e-22 3.929016e-13 5.715113e-08 8.767254e-07 6.108730e-06 8.409797e-05 4.813012e-04 1.955239e-03 8.440452e-03 3.831180e-02 1.482240e-01 4.608114e-01 1.412726e+01 7.185014e+01 1.782234e+02 3.110045e+02 4.463578e+02 5.695255e+02 7.610266e+02 8.893442e+02 9.815506e+02 1.061611e+03 1.145991e+03 1.245203e+03 3.846396e+03 9.198875e+03 1.512314e+04 2.005478e+04
0.000000e+00 0.000000e+00 0.000000e+00 1.716016e-132 4.710700e-71 1.189300e-19 5.151348e-12 1.765991e-07 2.036010e-06 1.181617e-05 1.313309e-04 6.646939e-04 2.492704e-03 1.020680e-02 4.473559e-02 1.688176e-01 5.151623e-01 1.504322e+01 7.495979e+01 1.838404e+02 3.184492e+02 4.546505e+02 5.778365e+02 7.680212e+02 8.946157e+02 9.854498e+02 1.064641e+03 1.148591e+03 1.247706e+03 3.854196e+03 9.212546e+03 1.513892e+04 2.006952e+04
0.000000e+00 0.000000e+00 0.000000e+00 2.168220e-107 1.460472e-58 3.011031e-17 7.163728e-11 5.783393e-07 4.992206e-06 2.394008e-05 2.120257e-04 9.451436e-04 3.265896e-03 1.263762e-02 5.318556e-02 1.949819e-01 5.824860e-01 1.610053e+01 7.842463e+01 1.899572e+02 3.264215e+02 4.634157e+02 5.865295e+02 7.752234e+02 8.999854e+02 9.893941e+02 1.067696e+03 1.151213e+03 1.250235e+03 3.862077e+03 9.226310e+03 1.515477e+04 2.008432e+04
0.000000e+00 0.000000e+00 0.000000e+00 2.857831e-82 4.723361e-46 7.950940e-15 1.038152e-09 1.970690e-06 1.273374e-05 5.032911e-05 3.517536e-04 1.372526e-03 4.362540e-03 1.594652e-02 6.436816e-02 2.285052e-01 6.661943e-01 1.731962e+01 8.227997e+01 1.966095e+02 3.349480e+02 4.726689e+02 5.956110e+02 7.826307e+02 9.054492e+02 9.933803e+02 1.070774e+03 1.153855e+03 1.252788e+03 3.870042e+03 9.240167e+03 1.517070e+04 2.009916e+04
0.000000e+00 0.000000e+00 1.522452e-242 3.885099e-57 1.575581e-33 2.165302e-12 1.550765e-08 6.904650e-06 3.338597e-05 1.086965e-04 5.967241e-04 2.026404e-03 5.909855e-03 2.040580e-02 7.900719e-02 2.714799e-01 7.711233e-01 1.872487e+01 8.656504e+01 2.038354e+02 3.440557e+02 4.824250e+02 6.050866e+02 7.902400e+02 9.110029e+02 9.974051e+02 1.073873e+03 1.156517e+03 1.255365e+03 3.878089e+03 9.254118e+03 1.518670e+04 2.011406e+04
0.000000e+00 4.957200e-221 1.612801e-116 5.407874e-32 5.381326e-21 6.035948e-10 2.365923e-07 2.460717e-05 8.899040e-05 2.386978e-04 1.028504e-03 3.030316e-03 8.091206e-03 2.638967e-02 9.804415e-02 3.260848e-01 9.021619e-01 2.034585e+01 9.132380e+01 2.116752e+02 3.537720e+02 4.926980e+02 6.149605e+02 7.980471e+02 9.166414e+02 1.001465e+03 1.076990e+03 1.159196e+03 1.257967e+03 3.886220e+03 9.268163e+03 1.520278e+04 2.012901e+04
1.595287e-09 1.556594e-09 1.503702e-09 1.519142e-09 1.809180e-09 1.607341e-07 3.549967e-06 8.751321e-05 2.375174e-04 5.262945e-04 1.786264e-03 4.568851e-03 1.116441e-02 3.441238e-02 1.227345e-01 3.951477e-01 1.064724e+00 2.221917e+01 9.660601e+01 2.201721e+02 3.641247e+02 5.035012e+02 6.252360e+02 8.060471e+02 9.223595e+02 1.005556e+03 1.080124e+03 1.161893e+03 1.260592e+03 3.894436e+03 9.282303e+03 1.521894e+04 2.014401e+04
8.761467e-02 8.758711e-02 8.758805e-02 8.759326e-02 8.760922e-02 8.812295e-02 8.972619e-02 9.612517e-02 1.009192e-01 1.067732e-01 1.219527e-01 1.495972e-01 2.461791e-01 5.951640e-01 1.558908e+00 3.654303e+00 7.469623e+00 6.733865e+01 1.952622e+02 3.539994e+02 5.091225e+02 6.428028e+02 7.497344e+02 8.948724e+02 9.824290e+02 1.047241e+03 1.111854e+03 1.189551e+03 1.288069e+03 3.981383e+03 9.428996e+03 1.538471e+04 2.029678e+04
7.133077e-01 7.133545e-01 7.133553e-01 7.133613e-01 7.133799e-01 7.139759e-01 7.158307e-01 7.231837e-01 7.296214e-01 7.469658e-01 1.005835e+00 2.408871e+00 6.518574e+00 1.488123e+01 2.848534e+01 4.762651e+01 7.203656e+01 2.476912e+02 4.475165e+02 6.184872e+02 7.474726e+02 8.403856e+02 9.068014e+02 9.907609e+02 1.041740e+03 1.086930e+03 1.142566e+03 1.217735e+03 1.317600e+03 4.077498e+03 9.585607e+03 1.555824e+04 2.045465e+04
1.694176e+00 1.694123e+00 1.694124e+00 1.694128e+00 1.694141e+00 1.701349e+00 3.213779e+00 3.699827e+01 7.177026e+01 1.136918e+02 2.057050e+02 2.962562e+02 3.792484e+02 4.532631e+02 5.186067e+02 5.761376e+02 6.268301e+02 8.073810e+02 9.178058e+02 9.900881e+02 1.034365e+03 1.058232e+03 1.069608e+03 1.078552e+03 1.091517e+03 1.120226e+03 1.170321e+03 1.245824e+03 1.349258e+03 4.183444e+03 9.752541e+03 1.573971e+04 2.061764e+04
1.816746e+03 1.816746e+03 1.816746e+03 1.816743e+03 1.816734e+03 1.816400e+03 1.815066e+03 1.808451e+03 1.802755e+03 1.795121e+03 1.773571e+03 1.744483e+03 1.710259e+03 1.673533e+03 1.636382e+03 1.600176e+03 1.565704e+03 1.426145e+03 1.335038e+03 1.276931e+03 1.237160e+03 1.205969e+03 1.179431e+03 1.140754e+03 1.128021e+03 1.145823e+03 1.195009e+03 1.274315e+03 1.383813e+03 4.299891e+03 9.930194e+03 1.592924e+04 2.078577e+04
1.559237e+03 1.559237e+03 1.559237e+03 1.559237e+03 1.559237e+03 1.559215e+03 1.559144e+03 1.558835e+03 1.558590e+03 1.558271e+03 1.557351e+03 1.555892e+03 1.553622e+03 1.550231e+03 1.545455e+03 1.539141e+03 1.531250e+03 1.472520e+03 1.400110e+03 1.333744e+03 1.280234e+03 1.238501e+03 1.205781e+03 1.162130e+03 1.148309e+03 1.167236e+03 1.219687e+03 1.305412e+03 1.423030e+03 4.427522e+03 1.011895e+04 1.612699e+04 2.095903e+04
1.325976e+03 1.325976e+03 1.325976e+03 1.325976e+03 1.325976e+03 1.325972e+03 1.325957e+03 1.325880e+03 1.325813e+03 1.325726e+03 1.325482e+03 1.325135e+03 1.324666e+03 1.324047e+03 1.323232e+03 1.322161e+03 1.320761e+03 1.306764e+03 1.280327e+03 1.247472e+03 1.215820e+03 1.189561e+03 1.169774e+03 1.148921e+03 1.153355e+03 1.186001e+03 1.249109e+03 1.343548e+03 1.469897e+03 4.567039e+03 1.031916e+04 1.633304e+04 2.113740e+04
1.152622e+03 1.152622e+03 1.152622e+03 1.152622e+03 1.152623e+03 1.152629e+03 1.152648e+03 1.152712e+03 1.152749e+03 1.152786e+03 1.152845e+03 1.152877e+03 1.152872e+03 1.152823e+03 1.152725e+03 1.152567e+03 1.152340e+03 1.149590e+03 1.142926e+03 1.132889e+03 1.122481e+03 1.114797e+03 1.111656e+03 1.121077e+03 1.151921e+03 1.205781e+03 1.285202e+03 1.392325e+03 1.528780e+03 4.719177e+03 1.053120e+04 1.654750e+04 2.132084e+04
1.029337e+03 1.029337e+03 1.029337e+03 1.029337e+03 1.029337e+03 1.029344e+03 1.029368e+03 1.029456e+03 1.029514e+03 1.029576e+03 1.029704e+03 1.029834e+03 1.029968e+03 1.030114e+03 1.030279e+03 1.030473e+03 1.030705e+03 1.032611e+03 1.035585e+03 1.039147e+03 1.043817e+03 1.051016e+03 1.062123e+03 1.098835e+03 1.155634e+03 1.232545e+03 1.330937e+03 1.453156e+03 1.601726e+03 4.884719e+03 1.075540e+04 1.677044e+04 2.150932e+04
9.427531e+02 9.427531e+02 9.427531e+02 9.427533e+02 9.427539e+02 9.427741e+02 9.428354e+02 9.430488e+02 9.431861e+02 9.433390e+02 9.436948e+02 9.441366e+02 9.446952e+02 9.453976e+02 9.462624e+02 9.472994e+02 9.485114e+02 9.570045e+02 9.686361e+02 9.823071e+02 9.978540e+02 1.016063e+03 1.038035e+03 1.096266e+03 1.174754e+03 1.272649e+03 1.389827e+03 1.527907e+03 1.689604e+03 5.064526e+03 1.099209e+04 1.700190e+04 2.170277e+04
8.985470e+02 8.985471e+02 8.985471e+02 8.985480e+02 8.985508e+02 8.986399e+02 8.989125e+02 8.998822e+02 9.005211e+02 9.012398e+02 9.028826e+02 9.047661e+02 9.068628e+02 9.091504e+02 9.116090e+02 9.142213e+02 9.169718e+02 9.323982e+02 9.500454e+02 9.697589e+02 9.919407e+02 1.017381e+03 1.046977e+03 1.121152e+03 1.216384e+03 1.331456e+03 1.465260e+03 1.618462e+03 1.793400e+03 5.259568e+03 1.124161e+04 1.724192e+04 2.190110e+04
9.441433e+02 9.441433e+02 9.441433e+02 9.441434e+02 9.441437e+02 9.441538e+02 9.441854e+02 9.443445e+02 9.444956e+02 9.447034e+02 9.452927e+02 9.461055e+02 9.471301e+02 9.483588e+02 9.497859e+02 9.514064e+02 9.532153e+02 9.649285e+02 9.809090e+02 1.001250e+03 1.026185e+03 1.055973e+03 1.090889e+03 1.176920e+03 1.284635e+03 1.412766e+03 1.560025e+03 1.726505e+03 1.913986e+03 5.470965e+03 1.150426e+04 1.749051e+04 2.210424e+04
1.018905e+03 1.018905e+03 1.018905e+03 1.018906e+03 1.018906e+03 1.018929e+03 1.018992e+03 1.019197e+03 1.019328e+03 1.019473e+03 1.019808e+03 1.020215e+03 1.020711e+03 1.021319e+03 1.022058e+03 1.022944e+03 1.023997e+03 1.032294e+03 1.046679e+03 1.067794e+03 1.095523e+03 1.129424e+03 1.169080e+03 1.264732e+03 1.381529e+03 1.518842e+03 1.676076e+03 1.853368e+03 2.052080e+03 5.700057e+03 1.178039e+04 1.774764e+04 2.231206e+04
1.097020e+03 1.097020e+03 1.097020e+03 1.097021e+03 1.097022e+03 1.097057e+03 1.097165e+03 1.097552e+03 1.097805e+03 1.098086e+03 1.098723e+03 1.099471e+03 1.100353e+03 1.101399e+03 1.102632e+03 1.104073e+03 1.105741e+03 1.117944e+03 1.137327e+03 1.164056e+03 1.197542e+03 1.236942e+03 1.281551e+03 1.385097e+03 1.507792e+03 1.650643e+03 1.814448e+03 1.999910e+03 2.208220e+03 5.948531e+03 1.207033e+04 1.801331e+04 2.252444e+04
1.194225e+03 1.194225e+03 1.194225e+03 1.194226e+03 1.194228e+03 1.194277e+03 1.194425e+03 1.195010e+03 1.195445e+03 1.195972e+03 1.197299e+03 1.198978e+03 1.200999e+03 1.203354e+03 1.206036e+03 1.209040e+03 1.212363e+03 1.233644e+03 1.262201e+03 1.297079e+03 1.337234e+03 1.381789e+03 1.430192e+03 1.538209e+03 1.663080e+03 1.807973e+03 1.975282e+03 2.166475e+03 2.382744e+03 6.218784e+03 1.237445e+04 1.828746e+04 2.274125e+04
1.357477e+03 1.357477e+03 1.357478e+03 1.357478e+03 1.357479e+03 1.357503e+03 1.357598e+03 1.358072e+03 1.358466e+03 1.358972e+03 1.360341e+03 1.362208e+03 1.364588e+03 1.367477e+03 1.370860e+03 1.374712e+03 1.379005e+03 1.406030e+03 1.440061e+03 1.479032e+03 1.521747e+03 1.567540e+03 1.616175e+03 1.722851e+03 1.845683e+03 1.989508e+03 2.157901e+03 2.352936e+03 2.575823e+03 6.512102e+03 1.269313e+04 1.857003e+04 2.296233e+04
1.596499e+03 1.596499e+03 1.596499e+03 1.596500e+03 1.596502e+03 1.596576e+03 1.596810e+03 1.597771e+03 1.598497e+03 1.599380e+03 1.601569e+03 1.604245e+03 1.607323e+03 1.610743e+03 1.614463e+03 1.618454e+03 1.622702e+03 1.647478e+03 1.677599e+03 1.712166e+03 1.750334e+03 1.791609e+03 1.835913e+03 1.935000e+03 2.052231e+03 2.192917e+03 2.361020e+03 2.558840e+03 2.787535e+03 6.828229e+03 1.302682e+04 1.886093e+04 2.318752e+04
1.920476e+03 1.920476e+03 1.920476e+03 1.920476e+03 1.920475e+03 1.920467e+03 1.920452e+03 1.920423e+03 1.920411e+03 1.920406e+03 1.920437e+03 1.920579e+03 1.920896e+03 1.921447e+03 1.922275e+03 1.923410e+03 1.924868e+03 1.937002e+03 1.956159e+03 1.980724e+03 2.009683e+03 2.042667e+03 2.079747e+03 2.167760e+03 2.278049e+03 2.415297e+03 2.583109e+03 2.783663e+03 3.018009e+03 7.167164e+03 1.337599e+04 1.916010e+04 2.341663e+04
2.209073e+03 2.209073e+03 2.209073e+03 2.209074e+03 2.209074e+03 2.209093e+03 2.209163e+03 2.209530e+03 2.209837e+03 2.210225e+03 2.211226e+03 2.212478e+03 2.213924e+03 2.215518e+03 2.217225e+03 2.219025e+03 2.220905e+03 2.231438e+03 2.244259e+03 2.260229e+03 2.280213e+03 2.304945e+03 2.335019e+03 2.413161e+03 2.518324e+03 2.653955e+03 2.822912e+03 3.027126e+03 3.267600e+03 7.528953e+03 1.374123e+04 1.946742e+04 2.364948e+04
2.513550e+03 2.513550e+03 2.513550e+03 2.513550e+03 2.513549e+03 2.513543e+03 2.513521e+03 2.513439e+03 2.513389e+03 2.513345e+03 2.513310e+03 2.513379e+03 2.513567e+03 2.513865e+03 2.514255e+03 2.514719e+03 2.515240e+03 2.518535e+03 2.523583e+03 2.532013e+03 2.545379e+03 2.564782e+03 2.590913e+03 2.664925e+03 2.769696e+03 2.907321e+03 3.079977e+03 3.289497e+03 3.537038e+03 7.913653e+03 1.412322e+04 1.978280e+04 2.388587e+04
2.788474e+03 2.788474e+03 2.788474e+03 2.788473e+03 2.788472e+03 2.788438e+03 2.788331e+03 2.787935e+03 2.787661e+03 2.787342e+03 2.786588e+03 2.785706e+03 2.784725e+03 2.783675e+03 2.782585e+03 2.781488e+03 2.780415e+03 2.776407e+03 2.776548e+03 2.782424e+03 2.794975e+03 2.814816e+03 2.842309e+03 2.920907e+03 3.031616e+03 3.175669e+03 3.355027e+03 3.571782e+03 3.827520e+03 8.321336e+03 1.452284e+04 2.010614e+04 2.412558e+04
2.984354e+03 2.984354e+03 2.984354e+03 2.984354e+03 2.984354e+03 2.984353e+03 2.984350e+03 2.984337e+03 2.984326e+03 2.984310e+03 2.984260e+03 2.984191e+03 2.984125e+03 2.984099e+03 2.984147e+03 2.984299e+03 2.984578e+03 2.988311e+03 2.996649e+03 3.010499e+03 3.030719e+03 3.057942e+03 3.092532e+03 3.184368e+03 3.306880e+03 3.461321e+03 3.650028e+03 3.875726e+03 4.140683e+03 8.752108e+03 1.494141e+04 2.043732e+04 2.436840e+04
3.145723e+03 3.145723e+03 3.145723e+03 3.145724e+03 3.145727e+03 3.145837e+03 3.146179e+03 3.147463e+03 3.148351e+03 3.149373e+03 3.151751e+03 3.154476e+03 3.157452e+03 3.160610e+03 3.163900e+03 3.167293e+03 3.170771e+03 3.189452e+03 3.211259e+03 3.237695e+03 3.269809e+03 3.308199e+03 3.353165e+03 3.463306e+03 3.601063e+03 3.768228e+03 3.967889e+03 4.203621e+03 4.478479e+03 9.206116e+03 1.537985e+04 2.077626e+04 2.461411e+04
3.404286e+03 3.404286e+03 3.404286e+03 3.404286e+03 3.404286e+03 3.404286e+03 3.404285e+03 3.404281e+03 3.404281e+03 3.404292e+03 3.404386e+03 3.404657e+03 3.405200e+03 3.406094e+03 3.407396e+03 3.409140e+03 3.411345e+03 3.429120e+03 3.456756e+03 3.492448e+03 3.535108e+03 3.584177e+03 3.639384e+03 3.767858e+03 3.920968e+03 4.101032e+03 4.311908e+03 4.557965e+03 4.842964e+03 9.683559e+03 1.583712e+04 2.112287e+04 2.486248e+04
3.657261e+03 3.657261e+03 3.657261e+03 3.657263e+03 3.657267e+03 3.657393e+03 3.657711e+03 3.658805e+03 3.659576e+03 3.660497e+03 3.662768e+03 3.665568e+03 3.668831e+03 3.672493e+03 3.676511e+03 3.680858e+03 3.685521e+03 3.713602e+03 3.749773e+03 3.793626e+03 3.844413e+03 3.901491e+03 3.964429e+03 4.107142e+03 4.272771e+03 4.463972e+03 4.685114e+03 4.941084e+03 5.236085e+03 1.018469e+04 1.631232e+04 2.147710e+04 2.511328e+04
4.021889e+03 4.021889e+03 4.021889e+03 4.021888e+03 4.021888e+03 4.021887e+03 4.021881e+03 4.021886e+03 4.021940e+03 4.022067e+03 4.022641e+03 4.023771e+03 4.025545e+03 4.027996e+03 4.031113e+03 4.034867e+03 4.039215e+03 4.068437e+03 4.107551e+03 4.154705e+03 4.208964e+03 4.269686e+03 4.336409e+03 4.486932e+03 4.660557e+03 4.859998e+03 5.089757e+03 5.354838e+03 5.659512e+03 1.070979e+04 1.680458e+04 2.183892e+04 2.536630e+04
4.440581e+03 4.440581e+03 4.440581e+03 4.440582e+03 4.440585e+03 4.440684e+03 4.440992e+03 4.442215e+03 4.443113e+03 4.444181e+03 4.446749e+03 4.449785e+03 4.453191e+03 4.456908e+03 4.460908e+03 4.465184e+03 4.469741e+03 4.497166e+03 4.533137e+03 4.577751e+03 4.630380e+03 4.690276e+03 4.756835e+03 4.908694e+03 5.085674e+03 5.290363e+03 5.527064e+03 5.800483e+03 6.114570e+03 1.125918e+04 1.731300e+04 2.220836e+04 2.562129e+04
4.951426e+03 4.951426e+03 4.951426e+03 4.951427e+03 4.951428e+03 4.951456e+03 4.951543e+03 4.951862e+03 4.952078e+03 4.952326e+03 4.952924e+03 4.953686e+03 4.954672e+03 4.955946e+03 4.957570e+03 4.959591e+03 4.962045e+03 4.981245e+03 5.011634e+03 5.051892e+03 5.100798e+03 5.157483e+03 5.221403e+03 5.370050e+03 5.546960e+03 5.754750e+03 5.997319e+03 6.278743e+03 6.602294e+03 1.183318e+04 1.783660e+04 2.258557e+04 2.587804e+04
5.447694e+03 5.447694e+03 5.447694e+03 5.447694e+03 5.447694e+03 5.447733e+03 5.447891e+03 5.448572e+03 5.449096e+03 5.449743e+03 5.451402e+03 5.453535e+03 5.456114e+03 5.459101e+03 5.462463e+03 5.466167e+03 5.470191e+03 5.494645e+03 5.525981e+03 5.564305e+03 5.609826e+03 5.662677e+03 5.722949e+03 5.866289e+03 6.041629e+03 6.251815e+03 6.500223e+03 6.790042e+03 7.123589e+03 1.243207e+04 1.837433e+04 2.297090e+04 2.613636e+04
6.009678e+03 6.009678e+03 6.009678e+03 6.009678e+03 6.009678e+03 6.009674e+03 6.009676e+03 6.009861e+03 6.010097e+03 6.010442e+03 6.011468e+03 6.012946e+03 6.014865e+03 6.017198e+03 6.019914e+03 6.022980e+03 6.026364e+03 6.047357e+03 6.074521e+03 6.108183e+03 6.148974e+03 6.197388e+03 6.253803e+03 6.391997e+03 6.566401e+03 6.779967e+03 7.035412e+03 7.334848e+03 7.679448e+03 1.305609e+04 1.892504e+04 2.336485e+04 2.639602e+04
6.606378e+03 6.606378e+03 6.606378e+03 6.606378e+03 6.606379e+03 6.606407e+03 6.606492e+03 6.606815e+03 6.607038e+03 6.607296e+03 6.607896e+03 6.608597e+03 6.609396e+03 6.610305e+03 6.611350e+03 6.612561e+03 6.613973e+03 6.625016e+03 6.644092e+03 6.671756e+03 6.708008e+03 6.752906e+03 6.806688e+03 6.942440e+03 7.118629e+03 7.338174e+03 7.603009e+03 7.914046e+03 8.271197e+03 1.370534e+04 1.948751e+04 2.376621e+04 2.665687e+04
7.177001e+03 7.177001e+03 7.177001e+03 7.177001e+03 7.177001e+03 7.176998e+03 7.176987e+03 7.176951e+03 7.176934e+03 7.176925e+03 7.176961e+03 7.177118e+03 7.177456e+03 7.178028e+03 7.178871e+03 7.180011e+03 7.181463e+03 7.193558e+03 7.213685e+03 7.241770e+03 7.277985e+03 7.322772e+03 7.376747e+03 7.514945e+03 7.697283e+03 7.926665e+03 8.204117e+03 8.529253e+03 8.900685e+03 1.437981e+04 2.006046e+04 2.417374e+04 2.691873e+04
7.711208e+03 7.711208e+03 7.711208e+03 7.711209e+03 7.711212e+03 7.711307e+03 7.711603e+03 7.712775e+03 7.713628e+03 7.714638e+03 7.717060e+03 7.719925e+03 7.723135e+03 7.726617e+03 7.730320e+03 7.734208e+03 7.738262e+03 7.760840e+03 7.787748e+03 7.820167e+03 7.859441e+03 7.906906e+03 7.963798e+03 8.109905e+03 8.303628e+03 8.547428e+03 8.841157e+03 9.183039e+03 9.570411e+03 1.507931e+04 2.064255e+04 2.458631e+04 2.718150e+04
8.330993e+03 8.330993e+03 8.330993e+03 8.330993e+03 8.330993e+03 8.330990e+03 8.330982e+03 8.330961e+03 8.330967e+03 8.331005e+03 8.331234e+03 8.331744e+03 8.332602e+03 8.333850e+03 8.335508e+03 8.337578e+03 8.340051e+03 8.357895e+03 8.383662e+03 8.416970e+03 8.458579e+03 8.509678e+03 8.571460e+03 8.730808e+03 8.941462e+03 9.204432e+03 9.518013e+03 9.878990e+03 1.028352e+04 1.580341e+04 2.123237e+04 2.500283e+04 2.744507e+04
8.940970e+03 8.940970e+03 8.940970e+03 8.940971e+03 8.940973e+03 8.941031e+03 8.941212e+03 8.941926e+03 8.942442e+03 8.943050e+03 8.944507e+03 8.946233e+03 8.948184e+03 8.950332e+03 8.952662e+03 8.955177e+03 8.957888e+03 8.975034e+03 8.999886e+03 9.034182e+03 9.079187e+03 9.135941e+03 9.205286e+03 9.383932e+03 9.617132e+03 9.903635e+03 1.023998e+04 1.062161e+04 1.104371e+04 1.655142e+04 2.182846e+04 2.542218e+04 2.770946e+04
9.580472e+03 9.580472e+03 9.580472e+03 9.580472e+03 9.580472e+03 9.580471e+03 9.580467e+03 9.580473e+03 9.580505e+03 9.580569e+03 9.580826e+03 9.581297e+03 9.582026e+03 9.583058e+03 9.584427e+03 9.586163e+03 9.588284e+03 9.605108e+03 9.633029e+03 9.673031e+03 9.726066e+03 9.792852e+03 9.873810e+03 1.007866e+04 1.033949e+04 1.065277e+04 1.101350e+04 1.141605e+04 1.185491e+04 1.732235e+04 2.242932e+04 2.584324e+04 2.797478e+04
1.019950e+04 1.019950e+04 1.019950e+04 1.019950e+04 1.019950e+04 1.019960e+04 1.019991e+04 1.020100e+04 1.020175e+04 1.020261e+04 1.020467e+04 1.020714e+04 1.021002e+04 1.021329e+04 1.021694e+04 1.022097e+04 1.022539e+04 1.025351e+04 1.029297e+04 1.034557e+04 1.041251e+04 1.049431e+04 1.059101e+04 1.082794e+04 1.111962e+04 1.146087e+04 1.184563e+04 1.226762e+04 1.272098e+04 1.811487e+04 2.303341e+04 2.626488e+04 2.824139e+04
1.089254e+04 1.089254e+04 1.089254e+04 1.089254e+04 1.089254e+04 1.089260e+04 1.089281e+04 1.089367e+04 1.089432e+04 1.089511e+04 1.089715e+04 1.089976e+04 1.090296e+04 1.090673e+04 1.091108e+04 1.091600e+04 1.092150e+04 1.095785e+04 1.100982e+04 1.107799e+04 1.116221e+04 1.126195e+04 1.137655e+04 1.164762e+04 1.196990e+04 1.233730e+04 1.274326e+04 1.318121e+04 1.364515e+04 1.892727e+04 2.363916e+04 2.668597e+04 2.850866e+04
1.167290e+04 1.167290e+04 1.167290e+04 1.167290e+04 1.167291e+04 1.167295e+04 1.167309e+04 1.167374e+04 1.167428e+04 1.167499e+04 1.167691e+04 1.167952e+04 1.168285e+04 1.168693e+04 1.169179e+04 1.169747e+04 1.170399e+04 1.174966e+04 1.181640e+04 1.190195e+04 1.200413e+04 1.212141e+04 1.225270e+04 1.255407e+04 1.290212e+04 1.329044e+04 1.371215e+04 1.416051e+04 1.462954e+04 1.975749e+04 2.424499e+04 2.710535e+04 2.877561e+04
1.254313e+04 1.254313e+04 1.254313e+04 1.254313e+04 1.254313e+04 1.254326e+04 1.254365e+04 1.254521e+04 1.254639e+04 1.254786e+04 1.255168e+04 1.255669e+04 1.256291e+04 1.257030e+04 1.257883e+04 1.258843e+04 1.259906e+04 1.266555e+04 1.275071e+04 1.285174e+04 1.296733e+04 1.309669e+04 1.323914e+04 1.356051e+04 1.392521e+04 1.432614e+04 1.475586e+04 1.520736e+04 1.567461e+04 2.060305e+04 2.484927e+04 2.752190e+04 2.904147e+04
1.363317e+04 1.363317e+04 1.363317e+04 1.363317e+04 1.363317e+04 1.363337e+04 1.363397e+04 1.363638e+04 1.363818e+04 1.364037e+04 1.364585e+04 1.365266e+04 1.366064e+04 1.366963e+04 1.367952e+04 1.369023e+04 1.370170e+04 1.376943e+04 1.385366e+04 1.395409e+04 1.407022e+04 1.420121e+04 1.434610e+04 1.467331e+04 1.504306e+04 1.544644e+04 1.587496e+04 1.632112e+04 1.677884e+04 2.146111e+04 2.545040e+04 2.793449e+04 2.930550e+04
1.499229e+04 1.499229e+04 1.499229e+04 1.499229e+04 1.499229e+04 1.499230e+04 1.499230e+04 1.499231e+04 1.499233e+04 1.499238e+04 1.499266e+04 1.499333e+04 1.499457e+04 1.499652e+04 1.499931e+04 1.500301e+04 1.500769e+04 1.504661e+04 1.511086e+04 1.519790e+04 1.530493e+04 1.542955e+04 1.556978e+04 1.589019e+04 1.625362e+04 1.664897e+04 1.706658e+04 1.749845e+04 1.793844e+04 2.232844e+04 2.604673e+04 2.834203e+04 2.956700e+04
1.631870e+04 1.631870e+04 1.631870e+04 1.631870e+04 1.631871e+04 1.631885e+04 1.631927e+04 1.632086e+04 1.632196e+04 1.632323e+04 1.632625e+04 1.632989e+04 1.633414e+04 1.633897e+04 1.634442e+04 1.635048e+04 1.635719e+04 1.640122e+04 1.646402e+04 1.654595e+04 1.664620e+04 1.676349e+04 1.689629e+04 1.720182e+04 1.754954e+04 1.792722e+04 1.832451e+04 1.873324e+04 1.914736e+04 2.320150e+04 2.663667e+04 2.874343e+04 2.982532e+04
1.773598e+04 1.773598e+04 1.773598e+04 1.773598e+04 1.773598e+04 1.773612e+04 1.773655e+04 1.773819e+04 1.773938e+04 1.774080e+04 1.774435e+04 1.774882e+04 1.775419e+04 1.776042e+04 1.776745e+04 1.777524e+04 1.778373e+04 1.783541e+04 1.790108e+04 1.798100e+04 1.807587e+04 1.818570e+04 1.830974e+04 1.859511e+04 1.891967e+04 1.927122e+04 1.963955e+04 2.001682e+04 2.039741e+04 2.407649e+04 2.721860e+04 2.913768e+04 3.007979e+04
1.929683e+04 1.929683e+04 1.929683e+04 1.929683e+04 1.929684e+04 1.929692e+04 1.929719e+04 1.929826e+04 1.929906e+04 1.930003e+04 1.930246e+04 1.930552e+04 1.930917e+04 1.931342e+04 1.931825e+04 1.932368e+04 1.932971e+04 1.936907e+04 1.942405e+04 1.949467e+04 1.958056e+04 1.968090e+04 1.979448e+04 2.005528e+04 2.035041e+04 2.066841e+04 2.100002e+04 2.133835e+04 2.167853e+04 2.494936e+04 2.779096e+04 2.952378e+04 3.032980e+04
2.091226e+04 2.091226e+04 2.091226e+04 2.091226e+04 2.091226e+04 2.091229e+04 2.091237e+04 2.091270e+04 2.091295e+04 2.091326e+04 2.091408e+04 2.091521e+04 2.091673e+04 2.091869e+04 2.092117e+04 2.092420e+04 2.092783e+04 2.095593e+04 2.100140e+04 2.106361e+04 2.114098e+04 2.123170e+04 2.133397e+04 2.156647e+04 2.182645e+04 2.210418e+04 2.239222e+04 2.268512e+04 2.297905e+04 2.581596e+04 2.835223e+04 2.990079e+04 3.057472e+04
2.249033e+04 2.249033e+04 2.249033e+04 2.249033e+04 2.249033e+04 2.249043e+04 2.249075e+04 2.249194e+04 2.249278e+04 2.249377e+04 2.249617e+04 2.249912e+04 2.250261e+04 2.250663e+04 2.251118e+04 2.251626e+04 2.252186e+04 2.255779e+04 2.260677e+04 2.266803e+04 2.274031e+04 2.282221e+04 2.291232e+04 2.311212e+04 2.333098e+04 2.356221e+04 2.380078e+04 2.404297e+04 2.428610e+04 2.667204e+04 2.890091e+04 3.026783e+04 3.081399e+04
2.411977e+04 2.411977e+04 2.411977e+04 2.411977e+04 2.411977e+04 2.411987e+04 2.412019e+04 2.412145e+04 2.412238e+04 2.412350e+04 2.412631e+04 2.412984e+04 2.413406e+04 2.413895e+04 2.414447e+04 2.415059e+04 2.415727e+04 2.419786e+04 2.424810e+04 2.430598e+04 2.437025e+04 2.443999e+04 2.451437e+04 2.467430e+04 2.484548e+04 2.502455e+04 2.520895e+04 2.539663e+04 2.558596e+04 2.751341e+04 2.943561e+04 3.062408e+04 3.104704e+04
2.583430e+04 2.583430e+04 2.583430e+04 2.583430e+04 2.583430e+04 2.583437e+04 2.583458e+04 2.583540e+04 2.583602e+04 2.583677e+04 2.583868e+04 2.584112e+04 2.584407e+04 2.584751e+04 2.585142e+04 2.585578e+04 2.586056e+04 2.589018e+04 2.592752e+04 2.597055e+04 2.601776e+04 2.606807e+04 2.612081e+04 2.623188e+04 2.634910e+04 2.647166e+04 2.659895e+04 2.673019e+04 2.686452e+04 2.833598e+04 2.995498e+04 3.096878e+04 3.127335e+04
2.757564e+04 2.757564e+04 2.757564e+04 2.757564e+04 2.757564e+04 2.757564e+04 2.757563e+04 2.757560e+04 2.757560e+04 2.757564e+04 2.757583e+04 2.757622e+04 2.757682e+04 2.757763e+04 2.757868e+04 2.757995e+04 2.758146e+04 2.759248e+04 2.760885e+04 2.762933e+04 2.765261e+04 2.767769e+04 2.770397e+04 2.775935e+04 2.781869e+04 2.788288e+04 2.795253e+04 2.802767e+04 2.810785e+04 2.913588e+04 3.045777e+04 3.130126e+04 3.149242e+04
2.924158e+04 2.924158e+04 2.924158e+04 2.924158e+04 2.924158e+04 2.924157e+04 2.924156e+04 2.924150e+04 2.924145e+04 2.924138e+04 2.924121e+04 2.924098e+04 2.924069e+04 2.924035e+04 2.923997e+04 2.923957e+04 2.923916e+04 2.923714e+04 2.923548e+04 2.923406e+04 2.923269e+04 2.923126e+04 2.922987e+04 2.922816e+04 2.922994e+04 2.923741e+04 2.925190e+04 2.927379e+04 2.930279e+04 2.990951e+04 3.094283e+04 3.162089e+04 3.170379e+04
3.079269e+04 3.079269e+04 3.079269e+04 3.079269e+04 3.079269e+04 3.079268e+04 3.079265e+04 3.079252e+04 3.079242e+04 3.079230e+04 3.079199e+04 3.079156e+04 3.079100e+04 3.079028e+04 3.078937e+04 3.078826e+04 3.078692e+04 3.077669e+04 3.076084e+04 3.074046e+04 3.071682e+04 3.069107e+04 3.066417e+04 3.061006e+04 3.055956e+04 3.051591e+04 3.048083e+04 3.045484e+04 3.043766e+04 3.065361e+04 3.140911e+04 3.192713e+04 3.190703e+04
3.222657e+04 3.222657e+04 3.222657e+04 3.222657e+04 3.222657e+04 3.222650e+04 3.222629e+04 3.222549e+04 3.222492e+04 3.222425e+04 3.222262e+04 3.222063e+04 3.221829e+04 3.221560e+04 3.221257e+04 3.220920e+04 3.220548e+04 3.218192e+04 3.215066e+04 3.211298e+04 3.207051e+04 3.202480e+04 3.197723e+04 3.188081e+04 3.178783e+04 3.170220e+04 3.162589e+04 3.155952e+04 3.150283e+04 3.136535e+04 3.185569e+04 3.221951e+04 3.210176e+04
3.347278e+04 3.347278e+04 3.347278e+04 3.347277e+04 3.347277e+04 3.347271e+04 3.347249e+04 3.347165e+04 3.347101e+04 3.347023e+04 3.346826e+04 3.346572e+04 3.346264e+04 3.345901e+04 3.345486e+04 3.345020e+04 3.344506e+04 3.341273e+04 3.337098e+04 3.332184e+04 3.326715e+04 3.320860e+04 3.314764e+04 3.302313e+04 3.290075e+04 3.278478e+04 3.267746e+04 3.257964e+04 3.249123e+04 3.204231e+04 3.228175e+04 3.249764e+04 3.228762e+04
3.450559e+04 3.450559e+04 3.450559e+04 3.450559e+04 3.450559e+04 3.450553e+04 3.450533e+04 3.450452e+04 3.450391e+04 3.450317e+04 3.450127e+04 3.449883e+04 3.449584e+04 3.449231e+04 3.448825e+04 3.448366e+04 3.447856e+04 3.444589e+04 3.440280e+04 3.435138e+04 3.429358e+04 3.423109e+04 3.416538e+04 3.402893e+04 3.389151e+04 3.375778e+04 3.363037e+04 3.351055e+04 3.339865e+04 3.268256e+04 3.268659e+04 3.276119e+04 3.246431e+04
3.534157e+04 3.534157e+04 3.534157e+04 3.534157e+04 3.534156e+04 3.534150e+04 3.534130e+04 3.534055e+04 3.534000e+04 3.533934e+04 3.533770e+04 3.533560e+04 3.533306e+04 3.533007e+04 3.532664e+04 3.532277e+04 3.531847e+04 3.529060e+04 3.525302e+04 3.520711e+04 3.515431e+04 3.509601e+04 3.503346e+04 3.489991e+04 3.476080e+04 3.462107e+04 3.448391e+04 3.435115e+04 3.422367e+04 3.328462e+04 3.306966e+04 3.300991e+04 3.263156e+04
3.601341e+04 3.601341e+04 3.601341e+04 3.601341e+04 3.601341e+04 3.601337e+04 3.601324e+04 3.601274e+04 3.601235e+04 3.601189e+04 3.601069e+04 3.600917e+04 3.600731e+04 3.600512e+04 3.600261e+04 3.599978e+04 3.599662e+04 3.597605e+04 3.594760e+04 3.591165e+04 3.586887e+04 3.582006e+04 3.576612e+04 3.564631e+04 3.551581e+04 3.537963e+04 3.524139e+04 3.510351e+04 3.496747e+04 3.384750e+04 3.343052e+04 3.324360e+04 3.278914e+04
3.656104e+04 3.656104e+04 3.656104e+04 3.656104e+04 3.656104e+04 3.656102e+04 3.656099e+04 3.656082e+04 3.656069e+04 3.656051e+04 3.656001e+04 3.655931e+04 3.655839e+04 3.655725e+04 3.655588e+04 3.655430e+04 3.655248e+04 3.653989e+04 3.652122e+04 3.649623e+04 3.646490e+04 3.642751e+04 3.638450e+04 3.628399e+04 3.616835e+04 3.604217e+04 3.590918e+04 3.577222e+04 3.563330e+04 3.437060e+04 3.376885e+04 3.346216e+04 3.293688e+04
3.703165e+04 3.703165e+04 3.703165e+04 3.703165e+04 3.703165e+04 3.703163e+04 3.703159e+04 3.703143e+04 3.703131e+04 3.703117e+04 3.703079e+04 3.703032e+04 3.702975e+04 3.702909e+04 3.702832e+04 3.702744e+04 3.702644e+04 3.701943e+04 3.700830e+04 3.699228e+04 3.697089e+04 3.694392e+04 3.691143e+04 3.683092e+04 3.673239e+04 3.661945e+04 3.649554e+04 3.636356e+04 3.622588e+04 3.485375e+04 3.408445e+04 3.366553e+04 3.307462e+04
3.744819e+04 3.744819e+04 3.744819e+04 3.744819e+04 3.744819e+04 3.744818e+04 3.744817e+04 3.744813e+04 3.744809e+04 3.744804e+04 3.744792e+04 3.744774e+04 3.744750e+04 3.744720e+04 3.744683e+04 3.744639e+04 3.744587e+04 3.744191e+04 3.743519e+04 3.742494e+04 3.741050e+04 3.739138e+04 3.736732e+04 3.730415e+04 3.722190e+04 3.712276e+04 3.700945e+04 3.688465e+04 3.675080e+04 3.529711e+04 3.437725e+04 3.385370e+04 3.320226e+04
3.782765e+04 3.782765e+04 3.782765e+04 3.782765e+04 3.782765e+04 3.782765e+04 3.782764e+04 3.782759e+04 3.782755e+04 3.782750e+04 3.782737e+04 3.782720e+04 3.782699e+04 3.782673e+04 3.782643e+04 3.782608e+04 3.782567e+04 3.782273e+04 3.781788e+04 3.781057e+04 3.780017e+04 3.778610e+04 3.776791e+04 3.771796e+04 3.764930e+04 3.756262e+04 3.745966e+04 3.734265e+04 3.721388e+04 3.570115e+04 3.464727e+04 3.402675e+04 3.331974e+04
3.817391e+04 3.817391e+04 3.817391e+04 3.817391e+04 3.817391e+04 3.817390e+04 3.817389e+04 3.817382e+04 3.817378e+04 3.817372e+04 3.817356e+04 3.817337e+04 3.817312e+04 3.817283e+04 3.817249e+04 3.817210e+04 3.817166e+04 3.816872e+04 3.816435e+04 3.815822e+04 3.814982e+04 3.813862e+04 3.812408e+04 3.808317e+04 3.802469e+04 3.794805e+04 3.785403e+04 3.774425e+04 3.762075e+04 3.606657e+04 3.489465e+04 3.418477e+04 3.342703e+04
3.848736e+04 3.848736e+04 3.848736e+04 3.848736e+04 3.848736e+04 3.848736e+04 3.848734e+04 3.848727e+04 3.848722e+04 3.848716e+04 3.848701e+04 3.848681e+04 3.848657e+04 3.848628e+04 3.848594e+04 3.848556e+04 3.848513e+04 3.848225e+04 3.847810e+04 3.847248e+04 3.846506e+04 3.845536e+04 3.844285e+04 3.840743e+04 3.835573e+04 3.828629e+04 3.819912e+04 3.809530e+04 3.797651e+04 3.639431e+04 3.511962e+04 3.432795e+04 3.352416e+04
3.877007e+04 3.877007e+04 3.877007e+04 3.877006e+04 3.877006e+04 3.877006e+04 3.877005e+04 3.876999e+04 3.876995e+04 3.876990e+04 3.876977e+04 3.876960e+04 3.876938e+04 3.876912e+04 3.876882e+04 3.876847e+04 3.876808e+04 3.876542e+04 3.876155e+04 3.875630e+04 3.874935e+04 3.874030e+04 3.872869e+04 3.869591e+04 3.864788e+04 3.858277e+04 3.850014e+04 3.840062e+04 3.828553e+04 3.668542e+04 3.532248e+04 3.445647e+04 3.361115e+04
3.902494e+04 3.902494e+04 3.902494e+04 3.902494e+04 3.902494e+04 3.902494e+04 3.902492e+04 3.902487e+04 3.902483e+04 3.902478e+04 3.902466e+04 3.902450e+04 3.902431e+04 3.902408e+04 3.902382e+04 3.902351e+04 3.902317e+04 3.902080e+04 3.901720e+04 3.901210e+04 3.900518e+04 3.899608e+04 3.898442e+04 3.895185e+04 3.890474e+04 3.884132e+04 3.876095e+04 3.866397e+04 3.855140e+04 3.694112e+04 3.550363e+04 3.457060e+04 3.368809e+04
3.925470e+04 3.925470e+04 3.925470e+04 3.925470e+04 3.925470e+04 3.925470e+04 3.925469e+04 3.925465e+04 3.925463e+04 3.925459e+04 3.925450e+04 3.925439e+04 3.925424e+04 3.925406e+04 3.925384e+04 3.925358e+04 3.925327e+04 3.925102e+04 3.924730e+04 3.924179e+04 3.923420e+04 3.922420e+04 3.921152e+04 3.917693e+04 3.912835e+04 3.906431e+04 3.898420e+04 3.888816e+04 3.877696e+04 3.716267e+04 3.566354e+04 3.467061e+04 3.375510e+04
3.946276e+04 3.946276e+04 3.946276e+04 3.946276e+04 3.946276e+04 3.946276e+04 3.946275e+04 3.946271e+04 3.946267e+04 3.946262e+04 3.946249e+04 3.946231e+04 3.946208e+04 3.946181e+04 3.946148e+04 3.946110e+04 3.946067e+04 3.945761e+04 3.945281e+04 3.944591e+04 3.943663e+04 3.942475e+04 3.941005e+04 3.937146e+04 3.931946e+04 3.925299e+04 3.917153e+04 3.907514e+04 3.896437e+04 3.735142e+04 3.580273e+04 3.475684e+04 3.381230e+04
3.964649e+04 3.964649e+04 3.964649e+04 3.964649e+04 3.964649e+04 3.964649e+04 3.964646e+04 3.964637e+04 3.964630e+04 3.964621e+04 3.964599e+04 3.964570e+04 3.964534e+04 3.964492e+04 3.964442e+04 3.964385e+04 3.964320e+04 3.963872e+04 3.963194e+04 3.962267e+04 3.961076e+04 3.959610e+04 3.957857e+04 3.953452e+04 3.947777e+04 3.940766e+04 3.932381e+04 3.922621e+04 3.911524e+04 3.750874e+04 3.592180e+04 3.482962e+04 3.385987e+04
3.980144e+04 3.980144e+04 3.980144e+04 3.980144e+04 3.980144e+04 3.980144e+04 3.980141e+04 3.980131e+04 3.980122e+04 3.980110e+04 3.980080e+04 3.980038e+04 3.979984e+04 3.979920e+04 3.979843e+04 3.979755e+04 3.979656e+04 3.978986e+04 3.978034e+04 3.976805e+04 3.975299e+04 3.973513e+04 3.971442e+04 3.966431e+04 3.960230e+04 3.952807e+04 3.944138e+04 3.934222e+04 3.923081e+04 3.763605e+04 3.602137e+04 3.488934e+04 3.389799e+04
3.992047e+04 3.992047e+04 3.992047e+04 3.992047e+04 3.992047e+04 3.992045e+04 3.992039e+04 3.992016e+04 3.991998e+04 3.991976e+04 3.991921e+04 3.991850e+04 3.991764e+04 3.991663e+04 3.991547e+04 3.991418e+04 3.991275e+04 3.990370e+04 3.989165e+04 3.987669e+04 3.985883e+04 3.983807e+04 3.981445e+04 3.975871e+04 3.969178e+04 3.961369e+04 3.952437e+04 3.942381e+04 3.931212e+04 3.773478e+04 3.610211e+04 3.493639e+04 3.392687e+04
3.999046e+04 3.999046e+04 3.999046e+04 3.999046e+04 3.999046e+04 3.999044e+04 3.999038e+04 3.999014e+04 3.998997e+04 3.998975e+04 3.998921e+04 3.998851e+04 3.998767e+04 3.998668e+04 3.998554e+04 3.998425e+04 3.998282e+04 3.997347e+04 3.996058e+04 3.994425e+04 3.992462e+04 3.990182e+04 3.987602e+04 3.981593e+04 3.974516e+04 3.966412e+04 3.957294e+04 3.947160e+04 3.936017e+04 3.780637e+04 3.616473e+04 3.497119e+04 3.394674e+04
4.001508e+04 4.001508e+04 4.001508e+04 4.001508e+04 4.001508e+04 4.001507e+04 4.001502e+04 4.001483e+04 4.001468e+04 4.001450e+04 4.001404e+04 4.001345e+04 4.001272e+04 4.001185e+04 4.001084e+04 4.000967e+04 4.000836e+04 3.999942e+04 3.998644e+04 3.996950e+04 3.994887e+04 3.992484e+04 3.989769e+04 3.983493e+04 3.976194e+04 3.967938e+04 3.958753e+04 3.948643e+04 3.937607e+04 3.785228e+04 3.620998e+04 3.499418e+04 3.395785e+04
4.000127e+04 4.000127e+04 4.000127e+04 4.000127e+04 4.000127e+04 4.000125e+04 4.000120e+04 4.000100e+04 4.000086e+04 4.000067e+04 4.000020e+04 3.999958e+04 3.999880e+04 3.999787e+04 3.999677e+04 3.999551e+04 3.999408e+04 3.998443e+04 3.997063e+04 3.995290e+04 3.993155e+04 3.990689e+04 3.987922e+04 3.981572e+04 3.974242e+04 3.966008e+04 3.956905e+04 3.946941e+04 3.936117e+04 3.787398e+04 3.623861e+04 3.500581e+04 3.396045e+04
3.994800e+04 3.994800e+04 3.994800e+04 3.994800e+04 3.994800e+04 3.994798e+04 3.994791e+04 3.994762e+04 3.994740e+04 3.994713e+04 3.994645e+04 3.994559e+04 3.994454e+04 3.994330e+04 3.994190e+04 3.994031e+04 3.993856e+04 3.992742e+04 3.991258e+04 3.989435e+04 3.987295e+04 3.984858e+04 3.982142e+04 3.975935e+04 3.968783e+04 3.960758e+04 3.951896e+04 3.942211e+04 3.931708e+04 3.787294e+04 3.625140e+04 3.500653e+04 3.395483e+04
3.984513e+04 3.984513e+04 3.984513e+04 3.984513e+04 3.984513e+04 3.984511e+04 3.984504e+04 3.984474e+04 3.984452e+04 3.984425e+04 3.984357e+04 3.984270e+04 3.984164e+04 3.984042e+04 3.983904e+04 3.983750e+04 3.983581e+04 3.982522e+04 3.981135e+04 3.979440e+04 3.977453e+04 3.975184e+04 3.972646e+04 3.966813e+04 3.960041e+04 3.952399e+04 3.943928e+04 3.934649e+04 3.924572e+04 3.785061e+04 3.624913e+04 3.499681e+04 3.394126e+04
3.969471e+04 3.969471e+04 3.969471e+04 3.969471e+04 3.969471e+04 3.969470e+04 3.969467e+04 3.969456e+04 3.969447e+04 3.969436e+04 3.969406e+04 3.969364e+04 3.969310e+04 3.969244e+04 3.969164e+04 3.969070e+04 3.968963e+04 3.968223e+04 3.967150e+04 3.965760e+04 3.964068e+04 3.962089e+04 3.959837e+04 3.954560e+04 3.948329e+04 3.941212e+04 3.933256e+04 3.924491e+04 3.914931e+04 3.780848e+04 3.623260e+04 3.497711e+04 3.392004e+04
3.952062e+04 3.952062e+04 3.952062e+04 3.952062e+04 3.952062e+04 3.952061e+04 3.952058e+04 3.952047e+04 3.952038e+04 3.952027e+04 3.952000e+04 3.951965e+04 3.951921e+04 3.951870e+04 3.951810e+04 3.951741e+04 3.951663e+04 3.951127e+04 3.950320e+04 3.949227e+04 3.947848e+04 3.946189e+04 3.944259e+04 3.939627e+04 3.934028e+04 3.927528e+04 3.920174e+04 3.911999e+04 3.903026e+04 3.774800e+04 3.620262e+04 3.494792e+04 3.389146e+04
3.932971e+04 3.932971e+04 3.932971e+04 3.932971e+04 3.932971e+04 3.932970e+04 3.932968e+04 3.932959e+04 3.932951e+04 3.932942e+04 3.932919e+04 3.932888e+04 3.932850e+04 3.932806e+04 3.932754e+04 3.932694e+04 3.932627e+04 3.932178e+04 3.931520e+04 3.930631e+04 3.929498e+04 3.928117e+04 3.926487e+04 3.922491e+04 3.917548e+04 3.911702e+04 3.904993e+04 3.897454e+04 3.889112e+04 3.767061e+04 3.615998e+04 3.490971e+04 3.385583e+04
3.912521e+04 3.912521e+04 3.912521e+04 3.912521e+04 3.912521e+04 3.912520e+04 3.912518e+04 3.912510e+04 3.912503e+04 3.912495e+04 3.912474e+04 3.912447e+04 3.912414e+04 3.912375e+04 3.912329e+04 3.912277e+04 3.912218e+04 3.911825e+04 3.911258e+04 3.910505e+04 3.909555e+04 3.908397e+04 3.907021e+04 3.903603e+04 3.899287e+04 3.894088e+04 3.888029e+04 3.881140e+04 3.873444e+04 3.757773e+04 3.610547e+04 3.486294e+04 3.381345e+04
3.890980e+04 3.890980e+04 3.890980e+04 3.890980e+04 3.890980e+04 3.890980e+04 3.890978e+04 3.890969e+04 3.890962e+04 3.890954e+04 3.890934e+04 3.890908e+04 3.890876e+04 3.890840e+04 3.890797e+04 3.890749e+04 3.890696e+04 3.890345e+04 3.889851e+04 3.889207e+04 3.888403e+04 3.887428e+04 3.886269e+04 3.883356e+04 3.879611e+04 3.875018e+04 3.869584e+04 3.863329e+04 3.856274e+04 3.747075e+04 3.603988e+04 3.480808e+04 3.376463e+04
