3.641699e+08 3.419616e+08 3.287075e+08 2.839318e+08 2.629291e+08 2.179763e+08 2.097200e+08 2.101658e+08 2.115210e+08 2.122127e+08 2.106851e+08 2.064024e+08 2.012125e+08 1.960947e+08 1.913463e+08 1.869877e+08 1.829647e+08 1.662239e+08 1.531955e+08 1.427988e+08 1.343357e+08 1.272760e+08 1.212477e+08 1.113461e+08 1.033801e+08 9.669050e+07 9.089815e+07 8.577253e+07 8.116764e+07 5.138662e+07 3.669633e+07 2.841346e+07 2.317331e+07
2.046868e+08 2.046875e+08 2.046895e+08 2.047365e+08 2.048155e+08 2.039947e+08 2.051285e+08 2.083431e+08 2.103338e+08 2.111809e+08 2.094837e+08 2.050248e+08 1.998037e+08 1.947517e+08 1.901111e+08 1.858709e+08 1.819621e+08 1.656351e+08 1.528225e+08 1.425388e+08 1.341348e+08 1.271064e+08 1.210949e+08 1.112089e+08 1.032506e+08 9.656697e+07 9.078006e+07 8.565964e+07 8.105977e+07 5.131991e+07 3.665540e+07 2.838703e+07 2.315513e+07
2.012019e+08 2.012021e+08 2.012026e+08 2.012144e+08 2.012420e+08 2.010528e+08 2.025068e+08 2.085804e+08 2.090418e+08 2.092188e+08 2.072758e+08 2.028359e+08 1.977753e+08 1.929406e+08 1.885199e+08 1.844796e+08 1.807446e+08 1.649685e+08 1.524132e+08 1.422582e+08 1.339205e+08 1.269267e+08 1.209341e+08 1.110659e+08 1.031168e+08 9.643993e+07 9.065910e+07 8.554438e+07 8.094990e+07 5.125269e+07 3.661428e+07 2.836052e+07 2.313692e+07
2.006139e+08 2.006140e+08 2.006142e+08 2.006198e+08 2.006340e+08 2.007893e+08 2.017759e+08 2.086952e+08 2.099417e+08 2.090083e+08 2.046187e+08 1.998331e+08 1.950683e+08 1.906125e+08 1.865388e+08 1.827909e+08 1.792965e+08 1.642207e+08 1.519664e+08 1.419566e+08 1.336923e+08 1.267368e+08 1.207650e+08 1.109171e+08 1.029784e+08 9.630931e+07 9.053525e+07 8.542672e+07 8.083801e+07 5.118494e+07 3.657298e+07 2.833394e+07 2.311866e+07
2.004748e+08 2.004749e+08 2.004750e+08 2.004775e+08 2.004840e+08 2.006091e+08 2.019628e+08 2.060770e+08 2.076013e+08 2.074202e+08 2.028301e+08 1.968806e+08 1.919291e+08 1.878463e+08 1.841929e+08 1.808116e+08 1.776179e+08 1.633897e+08 1.514811e+08 1.416334e+08 1.334498e+08 1.265363e+08 1.205876e+08 1.107623e+08 1.028354e+08 9.617507e+07 9.040846e+07 8.530664e+07 8.072410e+07 5.111666e+07 3.653150e+07 2.830727e+07 2.310037e+07
1.996193e+08 1.996193e+08 1.996194e+08 1.996211e+08 1.996254e+08 1.997118e+08 2.009269e+08 2.028566e+08 2.031802e+08 2.029613e+08 1.997216e+08 1.943016e+08 1.891336e+08 1.849706e+08 1.816235e+08 1.786073e+08 1.757409e+08 1.624759e+08 1.509567e+08 1.412880e+08 1.331926e+08 1.263249e+08 1.204014e+08 1.106013e+08 1.026878e+08 9.603716e+07 9.027871e+07 8.518412e+07 8.060815e+07 5.104786e+07 3.648983e+07 2.828053e+07 2.308203e+07
1.970513e+08 1.970513e+08 1.970513e+08 1.970507e+08 1.970483e+08 1.969558e+08 1.976401e+08 1.984128e+08 1.978378e+08 1.971010e+08 1.947515e+08 1.908804e+08 1.865055e+08 1.825258e+08 1.791619e+08 1.763336e+08 1.737468e+08 1.614845e+08 1.503932e+08 1.409200e+08 1.329205e+08 1.261023e+08 1.202064e+08 1.104340e+08 1.025354e+08 9.589554e+07 9.014598e+07 8.505915e+07 8.049014e+07 5.097854e+07 3.644798e+07 2.825371e+07 2.306366e+07
1.914678e+08 1.914678e+08 1.914678e+08 1.914672e+08 1.914652e+08 1.914052e+08 1.919848e+08 1.926195e+08 1.918242e+08 1.908001e+08 1.887818e+08 1.863979e+08 1.833863e+08 1.801532e+08 1.770758e+08 1.742849e+08 1.717849e+08 1.604270e+08 1.497920e+08 1.405295e+08 1.326330e+08 1.258684e+08 1.200023e+08 1.102604e+08 1.023783e+08 9.575016e+07 9.001022e+07 8.493170e+07 8.037007e+07 5.090869e+07 3.640595e+07 2.822681e+07 2.304525e+07
1.848744e+08 1.848744e+08 1.848744e+08 1.848742e+08 1.848732e+08 1.848538e+08 1.854041e+08 1.861421e+08 1.854707e+08 1.844659e+08 1.826521e+08 1.812878e+08 1.796498e+08 1.774877e+08 1.750247e+08 1.725140e+08 1.700893e+08 1.593232e+08 1.491557e+08 1.401166e+08 1.323301e+08 1.256228e+08 1.197888e+08 1.100802e+08 1.022162e+08 9.560097e+07 8.987142e+07 8.480176e+07 8.024792e+07 5.083832e+07 3.636373e+07 2.819983e+07 2.302679e+07
1.784663e+08 1.784663e+08 1.784662e+08 1.784659e+08 1.784645e+08 1.784360e+08 1.788704e+08 1.795984e+08 1.791254e+08 1.783026e+08 1.767804e+08 1.760600e+08 1.754998e+08 1.744377e+08 1.727879e+08 1.707633e+08 1.685839e+08 1.582034e+08 1.484889e+08 1.396822e+08 1.320118e+08 1.253654e+08 1.195660e+08 1.098934e+08 1.020492e+08 9.544793e+07 8.972954e+07 8.466930e+07 8.012368e+07 5.076742e+07 3.632134e+07 2.817278e+07 2.300830e+07
1.722280e+08 1.722280e+08 1.722280e+08 1.722278e+08 1.722272e+08 1.722174e+08 1.725951e+08 1.733003e+08 1.730099e+08 1.724190e+08 1.712962e+08 1.710346e+08 1.712267e+08 1.710958e+08 1.702940e+08 1.688868e+08 1.670903e+08 1.571105e+08 1.477988e+08 1.392276e+08 1.316781e+08 1.250961e+08 1.193335e+08 1.096998e+08 1.018771e+08 9.529101e+07 8.958457e+07 8.453432e+07 7.999733e+07 5.069600e+07 3.627876e+07 2.814564e+07 2.298977e+07
1.280269e+08 1.280269e+08 1.280269e+08 1.280269e+08 1.280268e+08 1.280294e+08 1.281862e+08 1.287349e+08 1.291370e+08 1.298172e+08 1.322881e+08 1.357983e+08 1.394273e+08 1.426022e+08 1.451582e+08 1.471151e+08 1.485286e+08 1.488127e+08 1.422847e+08 1.346045e+08 1.277812e+08 1.218196e+08 1.164879e+08 1.073792e+08 9.986947e+07 9.350108e+07 8.796017e+07 8.304276e+07 7.861658e+07 4.995310e+07 3.584310e+07 2.787011e+07 2.280232e+07
1.042965e+08 1.042965e+08 1.042965e+08 1.042965e+08 1.042965e+08 1.043064e+08 1.045108e+08 1.053258e+08 1.060174e+08 1.071371e+08 1.109279e+08 1.161640e+08 1.216370e+08 1.265220e+08 1.305016e+08 1.335590e+08 1.358068e+08 1.394679e+08 1.368093e+08 1.311791e+08 1.246757e+08 1.185377e+08 1.131535e+08 1.044327e+08 9.734869e+07 9.130717e+07 8.601420e+07 8.129024e+07 7.702019e+07 4.915868e+07 3.538995e+07 2.758716e+07 2.261111e+07
9.238096e+07 9.238096e+07 9.238096e+07 9.238097e+07 9.238099e+07 9.238970e+07 9.256932e+07 9.336716e+07 9.413427e+07 9.539128e+07 9.960519e+07 1.054022e+08 1.115087e+08 1.170469e+08 1.216565e+08 1.252834e+08 1.280094e+08 1.325595e+08 1.302580e+08 1.259045e+08 1.207173e+08 1.153186e+08 1.101736e+08 1.013758e+08 9.447440e+07 8.876859e+07 8.377194e+07 7.928892e+07 7.521479e+07 4.831426e+07 3.492005e+07 2.729711e+07 2.241629e+07
8.550131e+07 8.550131e+07 8.550131e+07 8.550131e+07 8.550133e+07 8.551147e+07 8.572441e+07 8.666153e+07 8.751682e+07 8.885766e+07 9.315991e+07 9.892163e+07 1.049309e+08 1.103736e+08 1.149230e+08 1.185350e+08 1.212874e+08 1.261284e+08 1.238048e+08 1.196468e+08 1.152190e+08 1.107926e+08 1.064475e+08 9.842608e+07 9.166432e+07 8.606703e+07 8.131652e+07 7.708161e+07 7.322457e+07 4.742213e+07 3.443426e+07 2.700034e+07 2.221804e+07
8.092841e+07 8.092841e+07 8.092841e+07 8.092841e+07 8.092842e+07 8.094125e+07 8.121671e+07 8.235574e+07 8.327622e+07 8.463097e+07 8.875079e+07 9.408684e+07 9.957047e+07 1.045093e+08 1.086372e+08 1.119286e+08 1.144584e+08 1.191725e+08 1.171992e+08 1.132936e+08 1.092295e+08 1.054140e+08 1.018106e+08 9.501777e+07 8.885842e+07 8.347429e+07 7.881463e+07 7.475093e+07 7.109629e+07 4.648541e+07 3.393361e+07 2.669725e+07 2.201652e+07
7.747938e+07 7.747938e+07 7.747938e+07 7.747938e+07 7.747938e+07 7.749432e+07 7.781801e+07 7.909744e+07 8.003772e+07 8.135196e+07 8.517393e+07 8.998250e+07 9.485446e+07 9.921145e+07 1.028420e+08 1.057363e+08 1.079662e+08 1.122442e+08 1.106430e+08 1.071490e+08 1.034066e+08 9.994867e+07 9.681355e+07 9.110246e+07 8.577074e+07 8.083904e+07 7.639553e+07 7.243451e+07 6.890380e+07 4.550816e+07 3.341924e+07 2.638826e+07 2.181192e+07
7.455590e+07 7.455590e+07 7.455590e+07 7.455590e+07 7.455590e+07 7.457220e+07 7.492688e+07 7.628492e+07 7.721360e+07 7.845905e+07 8.195240e+07 8.624495e+07 9.054338e+07 9.436338e+07 9.753554e+07 1.000601e+08 1.020044e+08 1.057669e+08 1.044297e+08 1.013584e+08 9.795822e+07 9.477128e+07 9.191783e+07 8.693480e+07 8.237397e+07 7.801486e+07 7.392030e+07 7.016151e+07 6.675049e+07 4.449534e+07 3.289245e+07 2.607385e+07 2.160446e+07
7.192033e+07 7.192033e+07 7.192033e+07 7.192033e+07 7.192033e+07 7.193751e+07 7.231023e+07 7.370465e+07 7.460665e+07 7.577614e+07 7.895863e+07 8.279128e+07 8.659002e+07 8.994626e+07 9.272299e+07 9.492700e+07 9.662083e+07 9.988140e+07 9.870247e+07 9.598438e+07 9.291047e+07 8.996714e+07 8.731068e+07 8.277200e+07 7.878546e+07 7.498210e+07 7.130937e+07 6.783472e+07 6.461237e+07 4.345288e+07 3.235462e+07 2.575450e+07 2.139432e+07
6.957743e+07 6.957743e+07 6.957743e+07 6.957743e+07 6.957743e+07 6.959490e+07 6.997474e+07 7.137091e+07 7.223478e+07 7.332379e+07 7.621284e+07 7.963361e+07 8.299461e+07 8.594839e+07 8.838278e+07 9.030860e+07 9.178347e+07 9.457494e+07 9.347624e+07 9.102417e+07 8.822786e+07 8.550353e+07 8.300819e+07 7.875232e+07 7.514622e+07 7.179905e+07 6.855053e+07 6.540920e+07 6.242992e+07 4.238762e+07 3.180730e+07 2.543074e+07 2.118173e+07
6.738310e+07 6.738310e+07 6.738310e+07 6.738310e+07 6.738310e+07 6.740052e+07 6.777993e+07 6.915516e+07 6.997554e+07 7.098526e+07 7.360589e+07 7.666419e+07 7.964696e+07 8.225642e+07 8.439950e+07 8.608913e+07 8.737799e+07 8.975881e+07 8.869359e+07 8.642943e+07 8.384963e+07 8.131155e+07 7.895714e+07 7.491051e+07 7.155402e+07 6.854905e+07 6.567797e+07 6.287986e+07 6.017836e+07 4.130727e+07 3.125212e+07 2.510309e+07 2.096690e+07
6.525742e+07 6.525742e+07 6.525742e+07 6.525742e+07 6.525742e+07 6.527457e+07 6.564781e+07 6.698608e+07 6.776129e+07 6.869649e+07 7.107888e+07 7.382502e+07 7.648656e+07 7.880566e+07 8.070381e+07 8.219479e+07 8.332660e+07 8.534439e+07 8.427000e+07 8.212407e+07 7.970124e+07 7.731493e+07 7.508719e+07 7.122726e+07 6.805522e+07 6.530436e+07 6.274690e+07 6.027094e+07 5.785798e+07 4.022034e+07 3.069080e+07 2.477212e+07 2.075007e+07
6.322858e+07 6.322858e+07 6.322858e+07 6.322858e+07 6.322858e+07 6.324525e+07 6.360868e+07 6.490025e+07 6.563012e+07 6.649542e+07 6.866351e+07 7.113447e+07 7.351450e+07 7.557875e+07 7.726050e+07 7.857397e+07 7.956309e+07 8.122159e+07 8.009129e+07 7.800954e+07 7.570066e+07 7.344214e+07 7.133477e+07 6.766837e+07 6.466328e+07 6.211461e+07 5.981316e+07 5.762250e+07 5.548803e+07 3.913612e+07 3.012518e+07 2.443840e+07 2.053146e+07
6.119824e+07 6.119824e+07 6.119824e+07 6.119824e+07 6.119823e+07 6.121419e+07 6.156462e+07 6.280022e+07 6.348282e+07 6.427902e+07 6.624325e+07 6.845862e+07 7.058001e+07 7.241096e+07 7.389430e+07 7.504412e+07 7.590058e+07 7.721241e+07 7.601416e+07 7.398138e+07 7.177465e+07 6.963960e+07 6.765724e+07 6.420773e+07 6.137919e+07 5.901050e+07 5.692309e+07 5.497823e+07 5.309891e+07 3.806492e+07 2.955714e+07 2.410253e+07 2.031130e+07
5.894769e+07 5.894769e+07 5.894769e+07 5.894768e+07 5.894767e+07 5.896285e+07 5.929743e+07 6.046897e+07 6.110283e+07 6.183074e+07 6.360001e+07 6.557675e+07 6.746056e+07 6.907999e+07 7.038563e+07 7.139074e+07 7.213159e+07 7.315974e+07 7.193334e+07 6.997528e+07 6.788712e+07 6.588769e+07 6.404244e+07 6.083767e+07 5.820500e+07 5.601167e+07 5.411153e+07 5.237762e+07 5.072447e+07 3.701951e+07 2.898863e+07 2.376511e+07 2.008985e+07
5.637617e+07 5.637617e+07 5.637617e+07 5.637617e+07 5.637616e+07 5.639047e+07 5.670580e+07 5.780378e+07 5.838779e+07 5.904969e+07 6.063908e+07 6.240294e+07 6.407964e+07 6.551836e+07 6.667530e+07 6.756219e+07 6.821136e+07 6.904523e+07 6.784787e+07 6.600181e+07 6.405564e+07 6.220659e+07 6.050930e+07 5.756939e+07 5.514899e+07 5.313284e+07 5.140357e+07 4.985255e+07 4.839639e+07 3.600358e+07 2.842166e+07 2.342674e+07 1.986732e+07
5.355520e+07 5.355520e+07 5.355520e+07 5.355520e+07 5.355520e+07 5.356864e+07 5.386373e+07 5.488734e+07 5.542542e+07 5.602955e+07 5.746747e+07 5.905571e+07 6.056322e+07 6.185558e+07 6.289344e+07 6.368718e+07 6.426581e+07 6.497373e+07 6.384204e+07 6.212940e+07 6.033694e+07 5.864375e+07 5.709690e+07 5.442658e+07 5.222492e+07 5.038664e+07 4.881700e+07 4.742685e+07 4.614107e+07 3.501218e+07 2.785825e+07 2.308806e+07 1.964399e+07
5.066623e+07 5.066623e+07 5.066623e+07 5.066622e+07 5.066622e+07 5.067882e+07 5.095429e+07 5.190751e+07 5.240465e+07 5.295920e+07 5.427102e+07 5.571527e+07 5.708487e+07 5.825853e+07 5.920047e+07 5.992003e+07 6.044349e+07 6.106744e+07 6.001467e+07 5.843741e+07 5.679521e+07 5.525166e+07 5.384814e+07 5.143619e+07 4.944834e+07 4.778387e+07 4.636404e+07 4.511701e+07 4.397855e+07 3.404316e+07 2.730044e+07 2.274967e+07 1.942007e+07
4.784931e+07 4.784931e+07 4.784931e+07 4.784931e+07 4.784931e+07 4.786110e+07 4.811835e+07 4.900719e+07 4.946838e+07 4.998061e+07 5.118723e+07 5.251259e+07 5.376862e+07 5.484469e+07 5.570806e+07 5.636725e+07 5.684634e+07 5.741038e+07 5.643555e+07 5.498360e+07 5.347846e+07 5.207052e+07 5.079675e+07 4.862076e+07 4.683264e+07 4.533275e+07 4.405239e+07 4.293345e+07 4.192264e+07 3.309556e+07 2.675029e+07 2.241219e+07 1.919582e+07
4.520309e+07 4.520309e+07 4.520309e+07 4.520309e+07 4.520309e+07 4.521414e+07 4.545460e+07 4.628446e+07 4.671355e+07 4.718874e+07 4.830487e+07 4.952883e+07 5.068815e+07 5.168114e+07 5.247765e+07 5.308551e+07 5.352696e+07 5.404194e+07 5.313684e+07 5.179548e+07 5.041080e+07 4.912179e+07 4.796177e+07 4.599431e+07 4.438652e+07 4.303806e+07 4.188583e+07 4.088160e+07 3.998172e+07 3.216919e+07 2.620993e+07 2.207626e+07 1.897149e+07
4.276299e+07 4.276299e+07 4.276299e+07 4.276299e+07 4.276299e+07 4.277334e+07 4.299830e+07 4.377407e+07 4.417421e+07 4.461640e+07 4.565281e+07 4.678794e+07 4.786265e+07 4.878291e+07 4.952081e+07 5.008365e+07 5.049205e+07 5.096378e+07 5.011988e+07 4.887534e+07 4.759570e+07 4.640990e+07 4.534833e+07 4.356186e+07 4.211314e+07 4.090093e+07 3.986473e+07 3.896296e+07 3.815973e+07 3.126443e+07 2.568155e+07 2.174247e+07 1.874731e+07
4.052139e+07 4.052139e+07 4.052139e+07 4.052139e+07 4.052139e+07 4.053108e+07 4.074176e+07 4.146785e+07 4.184166e+07 4.225410e+07 4.321933e+07 4.427568e+07 4.527562e+07 4.613179e+07 4.681821e+07 4.734164e+07 4.772124e+07 4.815706e+07 4.736902e+07 4.621081e+07 4.502363e+07 4.392780e+07 4.295140e+07 4.132097e+07 4.001066e+07 3.891905e+07 3.798666e+07 3.717602e+07 3.645712e+07 3.038210e+07 2.516788e+07 2.141144e+07 1.852353e+07
3.845677e+07 3.845677e+07 3.845677e+07 3.845677e+07 3.845677e+07 3.846589e+07 3.866363e+07 3.934491e+07 3.969527e+07 4.008145e+07 4.098432e+07 4.197192e+07 4.290668e+07 4.370708e+07 4.434882e+07 4.483819e+07 4.519309e+07 4.560061e+07 4.486457e+07 4.378416e+07 4.267912e+07 4.166226e+07 4.075991e+07 3.926404e+07 3.807336e+07 3.708736e+07 3.624693e+07 3.551699e+07 3.487173e+07 2.952334e+07 2.467054e+07 2.108376e+07 1.830038e+07
3.657021e+07 3.657021e+07 3.657021e+07 3.657021e+07 3.657021e+07 3.657878e+07 3.676459e+07 3.740471e+07 3.773376e+07 3.809629e+07 3.894351e+07 3.987004e+07 4.074703e+07 4.149801e+07 4.210019e+07 4.255946e+07 4.289259e+07 4.327596e+07 4.258714e+07 4.157652e+07 4.054455e+07 3.959734e+07 3.875973e+07 3.738033e+07 3.629290e+07 3.539882e+07 3.463928e+07 3.398050e+07 3.339959e+07 2.868944e+07 2.418790e+07 2.076002e+07 1.807811e+07
3.485522e+07 3.485522e+07 3.485522e+07 3.485522e+07 3.485522e+07 3.486329e+07 3.503809e+07 3.564029e+07 3.594982e+07 3.629081e+07 3.708759e+07 3.795896e+07 3.878381e+07 3.949021e+07 4.005669e+07 4.048877e+07 4.080222e+07 4.116337e+07 4.051665e+07 3.956842e+07 3.860160e+07 3.771618e+07 3.693556e+07 3.565757e+07 3.465938e+07 3.384508e+07 3.315635e+07 3.256014e+07 3.203545e+07 2.788178e+07 2.371890e+07 2.044081e+07 1.785693e+07
3.329552e+07 3.329552e+07 3.329552e+07 3.329552e+07 3.329552e+07 3.330311e+07 3.346778e+07 3.403512e+07 3.432677e+07 3.464807e+07 3.539889e+07 3.622011e+07 3.699759e+07 3.766350e+07 3.819755e+07 3.860491e+07 3.890043e+07 3.924114e+07 3.863233e+07 3.774039e+07 3.683218e+07 3.600202e+07 3.527200e+07 3.408299e+07 3.316224e+07 3.241716e+07 3.179025e+07 3.124889e+07 3.077333e+07 2.710160e+07 2.326278e+07 2.012672e+07 1.763709e+07
3.187090e+07 3.187090e+07 3.187090e+07 3.187090e+07 3.187090e+07 3.187807e+07 3.203350e+07 3.256908e+07 3.284446e+07 3.314786e+07 3.385695e+07 3.463267e+07 3.536722e+07 3.599647e+07 3.650119e+07 3.688623e+07 3.716562e+07 3.748850e+07 3.691479e+07 3.607436e+07 3.521943e+07 3.443914e+07 3.375442e+07 3.264403e+07 3.179082e+07 3.110584e+07 3.053281e+07 3.003946e+07 2.960681e+07 2.635001e+07 2.281891e+07 1.981833e+07 1.741881e+07
3.056587e+07 3.056587e+07 3.056587e+07 3.056587e+07 3.056587e+07 3.057265e+07 3.071967e+07 3.122631e+07 3.148691e+07 3.177411e+07 3.244550e+07 3.318018e+07 3.387601e+07 3.447222e+07 3.495055e+07 3.531558e+07 3.558056e+07 3.588846e+07 3.534762e+07 3.455462e+07 3.374835e+07 3.301326e+07 3.236928e+07 3.132877e+07 3.053470e+07 2.990203e+07 2.937593e+07 2.892453e+07 2.852934e+07 2.562786e+07 2.238674e+07 1.951627e+07 1.720231e+07
2.937265e+07 2.937265e+07 2.937265e+07 2.937265e+07 2.937265e+07 2.937908e+07 2.951837e+07 2.999849e+07 3.024560e+07 3.051803e+07 3.115516e+07 3.185257e+07 3.251328e+07 3.307953e+07 3.353396e+07 3.388087e+07 3.413286e+07 3.442770e+07 3.391722e+07 3.316761e+07 3.240562e+07 3.171149e+07 3.110421e+07 3.012602e+07 2.938397e+07 2.879692e+07 2.831169e+07 2.789691e+07 2.753442e+07 2.493568e+07 2.196581e+07 1.922133e+07 1.698781e+07
2.828274e+07 2.828274e+07 2.828274e+07 2.828274e+07 2.828274e+07 2.828885e+07 2.842116e+07 2.887732e+07 2.911222e+07 2.937127e+07 2.997732e+07 3.064086e+07 3.126959e+07 3.180853e+07 3.224114e+07 3.257150e+07 3.281158e+07 3.309425e+07 3.261119e+07 3.190091e+07 3.117906e+07 3.052199e+07 2.994781e+07 2.902539e+07 2.832929e+07 2.778212e+07 2.733251e+07 2.694966e+07 2.661569e+07 2.427370e+07 2.155567e+07 1.893427e+07 1.677552e+07
2.728837e+07 2.728837e+07 2.728837e+07 2.728837e+07 2.728837e+07 2.729419e+07 2.742021e+07 2.785470e+07 2.807850e+07 2.832537e+07 2.890299e+07 2.953545e+07 3.013476e+07 3.064852e+07 3.106097e+07 3.137599e+07 3.160500e+07 3.187571e+07 3.141720e+07 3.074255e+07 3.005717e+07 2.943375e+07 2.888956e+07 2.801727e+07 2.736193e+07 2.684974e+07 2.643120e+07 2.607618e+07 2.576704e+07 2.364185e+07 2.115597e+07 1.865446e+07 1.656565e+07
2.637926e+07 2.637926e+07 2.637926e+07 2.637926e+07 2.637926e+07 2.638481e+07 2.650514e+07 2.692002e+07 2.713372e+07 2.736942e+07 2.792083e+07 2.852453e+07 2.909656e+07 2.958693e+07 2.998062e+07 3.028136e+07 3.050002e+07 3.075928e+07 3.032318e+07 2.968123e+07 2.902931e+07 2.843669e+07 2.791982e+07 2.709284e+07 2.647383e+07 2.599240e+07 2.560098e+07 2.527019e+07 2.498266e+07 2.303975e+07 2.076635e+07 1.838130e+07 1.635842e+07
2.554217e+07 2.554217e+07 2.554217e+07 2.554217e+07 2.554217e+07 2.554749e+07 2.566272e+07 2.605999e+07 2.626456e+07 2.649013e+07 2.701762e+07 2.759497e+07 2.814196e+07 2.861086e+07 2.898735e+07 2.927500e+07 2.948421e+07 2.973340e+07 2.931843e+07 2.870695e+07 2.808601e+07 2.752177e+07 2.702994e+07 2.624407e+07 2.565754e+07 2.520323e+07 2.483550e+07 2.452580e+07 2.425705e+07 2.246675e+07 2.038654e+07 1.811437e+07 1.615405e+07
2.476976e+07 2.476976e+07 2.476976e+07 2.476976e+07 2.476976e+07 2.477486e+07 2.488547e+07 2.526678e+07 2.546305e+07 2.567940e+07 2.618511e+07 2.673839e+07 2.726250e+07 2.771178e+07 2.807255e+07 2.834826e+07 2.854889e+07 2.878942e+07 2.839444e+07 2.781138e+07 2.721916e+07 2.668106e+07 2.621218e+07 2.546367e+07 2.490622e+07 2.447588e+07 2.412885e+07 2.383748e+07 2.358503e+07 2.192199e+07 2.001626e+07 1.785329e+07 1.595274e+07
2.405803e+07 2.405803e+07 2.405803e+07 2.405803e+07 2.405803e+07 2.406295e+07 2.416939e+07 2.453628e+07 2.472503e+07 2.493300e+07 2.541880e+07 2.595003e+07 2.645310e+07 2.688431e+07 2.723060e+07 2.749532e+07 2.768806e+07 2.792068e+07 2.754421e+07 2.698738e+07 2.642158e+07 2.590746e+07 2.545954e+07 2.474494e+07 2.421358e+07 2.380443e+07 2.347551e+07 2.320008e+07 2.296175e+07 2.140441e+07 1.965528e+07 1.759775e+07 1.575476e+07
2.340425e+07 2.340425e+07 2.340425e+07 2.340425e+07 2.340425e+07 2.340899e+07 2.351161e+07 2.386526e+07 2.404709e+07 2.424731e+07 2.471469e+07 2.522544e+07 2.570895e+07 2.612334e+07 2.645614e+07 2.671058e+07 2.689591e+07 2.712082e+07 2.676112e+07 2.622823e+07 2.568656e+07 2.519435e+07 2.476555e+07 2.408171e+07 2.357380e+07 2.318343e+07 2.287037e+07 2.260879e+07 2.238268e+07 2.091281e+07 1.930340e+07 1.734745e+07 1.556038e+07
2.280306e+07 2.280306e+07 2.280306e+07 2.280306e+07 2.280306e+07 2.280764e+07 2.290680e+07 2.324840e+07 2.342387e+07 2.361694e+07 2.406721e+07 2.455885e+07 2.502406e+07 2.542269e+07 2.574280e+07 2.598756e+07 2.616588e+07 2.638301e+07 2.603837e+07 2.552725e+07 2.500763e+07 2.453544e+07 2.412411e+07 2.346827e+07 2.298148e+07 2.260782e+07 2.230868e+07 2.205914e+07 2.184360e+07 2.044589e+07 1.896041e+07 1.710210e+07 1.537001e+07
2.224978e+07 2.224978e+07 2.224978e+07 2.224978e+07 2.224978e+07 2.225421e+07 2.235013e+07 2.268046e+07 2.284998e+07 2.303633e+07 2.347046e+07 2.394407e+07 2.439199e+07 2.477568e+07 2.508377e+07 2.531932e+07 2.549093e+07 2.570016e+07 2.536908e+07 2.487793e+07 2.437858e+07 2.392483e+07 2.352956e+07 2.289935e+07 2.243168e+07 2.207292e+07 2.178603e+07 2.154698e+07 2.134058e+07 2.000227e+07 1.862614e+07 1.686146e+07 1.518346e+07
2.173692e+07 2.173692e+07 2.173692e+07 2.173692e+07 2.173692e+07 2.174120e+07 2.183412e+07 2.215400e+07 2.231796e+07 2.249802e+07 2.291698e+07 2.337359e+07 2.380521e+07 2.417484e+07 2.447158e+07 2.469844e+07 2.486371e+07 2.506531e+07 2.474679e+07 2.427423e+07 2.379377e+07 2.335715e+07 2.297677e+07 2.237015e+07 2.191987e+07 2.157446e+07 2.129837e+07 2.106846e+07 2.086999e+07 1.958053e+07 1.830040e+07 1.662529e+07 1.500038e+07
2.125788e+07 2.125788e+07 2.125788e+07 2.125788e+07 2.125788e+07 2.126204e+07 2.135219e+07 2.166242e+07 2.182123e+07 2.199543e+07 2.240022e+07 2.284091e+07 2.325727e+07 2.361374e+07 2.389988e+07 2.411863e+07 2.427800e+07 2.447266e+07 2.416609e+07 2.371106e+07 2.324834e+07 2.282773e+07 2.246119e+07 2.187636e+07 2.144192e+07 2.110850e+07 2.084197e+07 2.062005e+07 2.042846e+07 1.917926e+07 1.798301e+07 1.639338e+07 1.482054e+07
2.080967e+07 2.080967e+07 2.080967e+07 2.080967e+07 2.080967e+07 2.081371e+07 2.090122e+07 2.120229e+07 2.135622e+07 2.152489e+07 2.191635e+07 2.234213e+07 2.274419e+07 2.308835e+07 2.336458e+07 2.357576e+07 2.372963e+07 2.391799e+07 2.362280e+07 2.318428e+07 2.273818e+07 2.233252e+07 2.197883e+07 2.141405e+07 2.099404e+07 2.067141e+07 2.041336e+07 2.019847e+07 2.001289e+07 1.879704e+07 1.767380e+07 1.616551e+07 1.464376e+07
2.038834e+07 2.038834e+07 2.038834e+07 2.038834e+07 2.038834e+07 2.039227e+07 2.047737e+07 2.077001e+07 2.091944e+07 2.108301e+07 2.146212e+07 2.187404e+07 2.226283e+07 2.259553e+07 2.286255e+07 2.306670e+07 2.321547e+07 2.339805e+07 2.311352e+07 2.269041e+07 2.225973e+07 2.186788e+07 2.152603e+07 2.097964e+07 2.057278e+07 2.025987e+07 2.000941e+07 1.980072e+07 1.962043e+07 1.843247e+07 1.737258e+07 1.594152e+07 1.446986e+07
1.999295e+07 1.999295e+07 1.999295e+07 1.999295e+07 1.999295e+07 1.999678e+07 2.007963e+07 2.036441e+07 2.050965e+07 2.066844e+07 2.103599e+07 2.143492e+07 2.181122e+07 2.213316e+07 2.239150e+07 2.258901e+07 2.273296e+07 2.290993e+07 2.263513e+07 2.222612e+07 2.180958e+07 2.143037e+07 2.109936e+07 2.056979e+07 2.017491e+07 1.987083e+07 1.962720e+07 1.942407e+07 1.924847e+07 1.808423e+07 1.707916e+07 1.572124e+07 1.429870e+07
1.962215e+07 1.962215e+07 1.962215e+07 1.962215e+07 1.962215e+07 1.962588e+07 1.970659e+07 1.998393e+07 2.012519e+07 2.027945e+07 2.063603e+07 2.102261e+07 2.138705e+07 2.169873e+07 2.194879e+07 2.213995e+07 2.227926e+07 2.245041e+07 2.218420e+07 2.178795e+07 2.138425e+07 2.101659e+07 2.069549e+07 2.018135e+07 1.979748e+07 1.950150e+07 1.926409e+07 1.906599e+07 1.889463e+07 1.775103e+07 1.679334e+07 1.550452e+07 1.413013e+07
1.927273e+07 1.927273e+07 1.927273e+07 1.927273e+07 1.927273e+07 1.927637e+07 1.935508e+07 1.962542e+07 1.976291e+07 1.991287e+07 2.025898e+07 2.063375e+07 2.098684e+07 2.128869e+07 2.153081e+07 2.171584e+07 2.185063e+07 2.201561e+07 2.175689e+07 2.137217e+07 2.098022e+07 2.062317e+07 2.031124e+07 1.981142e+07 1.943780e+07 1.914935e+07 1.891771e+07 1.872425e+07 1.855679e+07 1.743166e+07 1.651490e+07 1.529125e+07 1.396403e+07
1.894013e+07 1.894013e+07 1.894013e+07 1.894013e+07 1.894013e+07 1.894368e+07 1.902056e+07 1.928446e+07 1.941844e+07 1.956435e+07 1.990050e+07 2.026399e+07 2.060619e+07 2.089861e+07 2.113306e+07 2.131216e+07 2.144256e+07 2.160119e+07 2.134918e+07 2.097510e+07 2.059410e+07 2.024701e+07 1.994370e+07 1.945739e+07 1.909347e+07 1.881214e+07 1.858594e+07 1.839684e+07 1.823301e+07 1.712497e+07 1.624365e+07 1.508129e+07 1.380027e+07
1.861983e+07 1.861983e+07 1.861983e+07 1.861983e+07 1.861983e+07 1.862330e+07 1.869846e+07 1.895632e+07 1.908699e+07 1.922906e+07 1.955571e+07 1.990842e+07 2.024024e+07 2.052365e+07 2.075081e+07 2.092426e+07 2.105047e+07 2.120307e+07 2.095746e+07 2.059356e+07 2.022304e+07 1.988548e+07 1.959042e+07 1.911707e+07 1.876244e+07 1.848793e+07 1.826693e+07 1.808198e+07 1.792161e+07 1.682990e+07 1.597935e+07 1.487456e+07 1.363875e+07
1.830917e+07 1.830917e+07 1.830917e+07 1.830917e+07 1.830917e+07 1.831255e+07 1.838605e+07 1.863809e+07 1.876558e+07 1.890395e+07 1.922154e+07 1.956398e+07 1.988591e+07 2.016078e+07 2.038103e+07 2.054915e+07 2.067143e+07 2.081855e+07 2.057930e+07 2.022531e+07 1.986495e+07 1.953660e+07 1.924951e+07 1.878866e+07 1.844299e+07 1.817505e+07 1.795906e+07 1.777811e+07 1.762110e+07 1.654546e+07 1.572180e+07 1.467097e+07 1.347936e+07
1.800600e+07 1.800600e+07 1.800600e+07 1.800600e+07 1.800600e+07 1.800931e+07 1.808123e+07 1.832769e+07 1.845216e+07 1.858705e+07 1.889609e+07 1.922887e+07 1.954155e+07 1.980842e+07 2.002221e+07 2.018537e+07 2.030401e+07 2.044628e+07 2.021334e+07 1.986898e+07 1.951843e+07 1.919896e+07 1.891956e+07 1.847073e+07 1.813369e+07 1.787210e+07 1.766097e+07 1.748391e+07 1.733016e+07 1.627074e+07 1.547075e+07 1.447045e+07 1.332202e+07
1.770812e+07 1.770812e+07 1.770812e+07 1.770812e+07 1.770812e+07 1.771138e+07 1.778190e+07 1.802347e+07 1.814526e+07 1.827703e+07 1.857834e+07 1.890233e+07 1.920650e+07 1.946602e+07 1.967385e+07 1.983243e+07 1.994770e+07 2.008567e+07 1.985885e+07 1.952371e+07 1.918254e+07 1.887154e+07 1.859945e+07 1.816211e+07 1.783333e+07 1.757787e+07 1.737145e+07 1.719821e+07 1.704768e+07 1.600492e+07 1.522598e+07 1.427293e+07 1.316664e+07
1.741869e+07 1.741869e+07 1.741869e+07 1.741869e+07 1.741869e+07 1.742188e+07 1.749104e+07 1.772786e+07 1.784705e+07 1.797581e+07 1.826973e+07 1.858532e+07 1.888139e+07 1.913389e+07 1.933607e+07 1.949029e+07 1.960237e+07 1.973624e+07 1.951521e+07 1.918877e+07 1.885644e+07 1.855344e+07 1.828826e+07 1.786179e+07 1.754090e+07 1.729133e+07 1.708952e+07 1.692002e+07 1.677269e+07 1.574724e+07 1.498728e+07 1.407836e+07 1.301313e+07
1.713782e+07 1.713782e+07 1.713782e+07 1.713782e+07 1.713782e+07 1.714094e+07 1.720878e+07 1.744094e+07 1.755760e+07 1.768345e+07 1.797021e+07 1.827770e+07 1.856598e+07 1.881174e+07 1.900846e+07 1.915850e+07 1.926751e+07 1.939732e+07 1.918164e+07 1.886333e+07 1.853927e+07 1.824375e+07 1.798507e+07 1.756886e+07 1.725550e+07 1.701162e+07 1.681429e+07 1.664850e+07 1.650436e+07 1.549703e+07 1.475441e+07 1.388670e+07 1.286144e+07
1.686312e+07 1.686312e+07 1.686312e+07 1.686312e+07 1.686312e+07 1.686620e+07 1.693284e+07 1.716081e+07 1.727517e+07 1.739834e+07 1.767843e+07 1.797829e+07 1.825919e+07 1.849855e+07 1.869008e+07 1.883611e+07 1.894216e+07 1.906794e+07 1.885716e+07 1.854641e+07 1.823006e+07 1.794155e+07 1.768897e+07 1.728248e+07 1.697631e+07 1.673795e+07 1.654504e+07 1.638293e+07 1.624199e+07 1.525368e+07 1.452715e+07 1.369790e+07 1.271150e+07
1.659512e+07 1.659512e+07 1.659512e+07 1.659512e+07 1.659512e+07 1.659814e+07 1.666366e+07 1.688762e+07 1.699976e+07 1.712033e+07 1.739398e+07 1.768647e+07 1.796025e+07 1.819342e+07 1.837993e+07 1.852207e+07 1.862525e+07 1.874693e+07 1.854062e+07 1.823689e+07 1.792778e+07 1.764589e+07 1.739909e+07 1.700187e+07 1.670266e+07 1.646970e+07 1.628115e+07 1.612272e+07 1.598501e+07 1.501666e+07 1.430529e+07 1.351194e+07 1.256327e+07
1.633338e+07 1.633338e+07 1.633338e+07 1.633338e+07 1.633338e+07 1.633635e+07 1.640075e+07 1.662075e+07 1.673070e+07 1.684872e+07 1.711601e+07 1.740129e+07 1.766808e+07 1.789520e+07 1.807680e+07 1.821514e+07 1.831549e+07 1.843299e+07 1.823078e+07 1.793368e+07 1.763145e+07 1.735588e+07 1.711463e+07 1.672638e+07 1.643397e+07 1.620632e+07 1.602212e+07 1.586740e+07 1.573295e+07 1.478548e+07 1.408863e+07 1.332877e+07 1.241669e+07
1.607577e+07 1.607577e+07 1.607577e+07 1.607577e+07 1.607577e+07 1.607869e+07 1.614199e+07 1.635814e+07 1.646596e+07 1.658150e+07 1.684266e+07 1.712095e+07 1.738102e+07 1.760230e+07 1.777916e+07 1.791382e+07 1.801144e+07 1.812485e+07 1.792656e+07 1.763584e+07 1.734026e+07 1.707082e+07 1.683499e+07 1.645552e+07 1.616980e+07 1.594744e+07 1.576758e+07 1.561658e+07 1.548544e+07 1.455973e+07 1.387697e+07 1.314838e+07 1.227172e+07
1.582090e+07 1.582090e+07 1.582090e+07 1.582090e+07 1.582090e+07 1.582377e+07 1.588600e+07 1.609841e+07 1.620418e+07 1.631734e+07 1.657260e+07 1.684420e+07 1.709782e+07 1.731351e+07 1.748584e+07 1.761699e+07 1.771200e+07 1.782159e+07 1.762719e+07 1.734275e+07 1.705370e+07 1.679028e+07 1.655977e+07 1.618895e+07 1.590986e+07 1.569276e+07 1.551725e+07 1.537000e+07 1.524220e+07 1.433906e+07 1.367011e+07 1.297075e+07 1.212834e+07
1.556745e+07 1.556745e+07 1.556745e+07 1.556745e+07 1.556745e+07 1.557027e+07 1.563150e+07 1.584038e+07 1.594421e+07 1.605510e+07 1.630480e+07 1.657008e+07 1.681762e+07 1.702806e+07 1.719613e+07 1.732399e+07 1.741658e+07 1.752281e+07 1.733239e+07 1.705417e+07 1.677156e+07 1.651408e+07 1.628880e+07 1.592652e+07 1.565398e+07 1.544211e+07 1.527096e+07 1.512747e+07 1.500303e+07 1.412313e+07 1.346787e+07 1.279585e+07 1.198652e+07
1.531709e+07 1.531709e+07 1.531709e+07 1.531709e+07 1.531709e+07 1.531987e+07 1.538009e+07 1.558543e+07 1.568734e+07 1.579602e+07 1.604031e+07 1.629951e+07 1.654120e+07 1.674660e+07 1.691060e+07 1.703533e+07 1.712562e+07 1.722877e+07 1.704231e+07 1.677021e+07 1.649391e+07 1.624224e+07 1.602209e+07 1.566819e+07 1.540212e+07 1.519543e+07 1.502861e+07 1.488887e+07 1.476781e+07 1.391169e+07 1.327008e+07 1.262366e+07 1.184623e+07
1.507032e+07 1.507032e+07 1.507032e+07 1.507032e+07 1.507032e+07 1.507305e+07 1.513225e+07 1.533404e+07 1.543405e+07 1.554057e+07 1.577962e+07 1.603294e+07 1.626903e+07 1.646961e+07 1.662972e+07 1.675146e+07 1.683956e+07 1.693983e+07 1.675726e+07 1.649109e+07 1.622092e+07 1.597490e+07 1.575974e+07 1.541403e+07 1.515429e+07 1.495270e+07 1.479015e+07 1.465415e+07 1.453645e+07 1.370450e+07 1.307657e+07 1.245416e+07 1.170747e+07
1.482698e+07 1.482698e+07 1.482698e+07 1.482698e+07 1.482698e+07 1.482966e+07 1.488789e+07 1.508629e+07 1.518449e+07 1.528895e+07 1.552301e+07 1.577075e+07 1.600150e+07 1.619746e+07 1.635386e+07 1.647275e+07 1.655876e+07 1.665630e+07 1.647747e+07 1.621705e+07 1.595279e+07 1.571222e+07 1.550190e+07 1.516411e+07 1.491054e+07 1.471394e+07 1.455560e+07 1.442328e+07 1.430891e+07 1.350136e+07 1.288719e+07 1.228733e+07 1.157021e+07
1.458720e+07 1.458720e+07 1.458720e+07 1.458720e+07 1.458720e+07 1.458984e+07 1.464714e+07 1.484231e+07 1.493879e+07 1.504129e+07 1.527060e+07 1.551303e+07 1.573869e+07 1.593027e+07 1.608312e+07 1.619929e+07 1.628330e+07 1.637826e+07 1.620307e+07 1.594818e+07 1.568963e+07 1.545432e+07 1.524866e+07 1.491854e+07 1.467096e+07 1.447922e+07 1.432499e+07 1.419629e+07 1.408520e+07 1.330210e+07 1.270180e+07 1.212316e+07 1.143445e+07
1.435221e+07 1.435221e+07 1.435221e+07 1.435221e+07 1.435221e+07 1.435481e+07 1.441116e+07 1.460301e+07 1.469774e+07 1.479828e+07 1.502293e+07 1.526018e+07 1.548089e+07 1.566821e+07 1.581763e+07 1.593117e+07 1.601324e+07 1.610574e+07 1.593407e+07 1.568452e+07 1.543148e+07 1.520125e+07 1.500009e+07 1.467738e+07 1.443559e+07 1.424857e+07 1.409836e+07 1.397319e+07 1.386531e+07 1.310659e+07 1.252025e+07 1.196161e+07 1.130019e+07
1.412183e+07 1.412183e+07 1.412183e+07 1.412183e+07 1.412183e+07 1.412439e+07 1.417977e+07 1.436828e+07 1.446128e+07 1.455989e+07 1.477996e+07 1.501216e+07 1.522808e+07 1.541127e+07 1.555738e+07 1.566837e+07 1.574858e+07 1.583870e+07 1.567045e+07 1.542608e+07 1.517836e+07 1.495304e+07 1.475623e+07 1.444069e+07 1.420452e+07 1.402208e+07 1.387576e+07 1.375402e+07 1.364927e+07 1.291471e+07 1.234242e+07 1.180268e+07 1.116742e+07
1.389578e+07 1.389578e+07 1.389578e+07 1.389578e+07 1.389578e+07 1.389829e+07 1.395274e+07 1.413802e+07 1.422934e+07 1.432607e+07 1.454172e+07 1.476903e+07 1.498030e+07 1.515950e+07 1.530239e+07 1.541091e+07 1.548932e+07 1.557713e+07 1.541219e+07 1.517283e+07 1.493028e+07 1.470972e+07 1.451713e+07 1.420853e+07 1.397780e+07 1.379979e+07 1.365723e+07 1.353883e+07 1.343711e+07 1.272634e+07 1.216820e+07 1.164634e+07 1.103615e+07
1.367425e+07 1.367425e+07 1.367425e+07 1.367425e+07 1.367425e+07 1.367672e+07 1.373024e+07 1.391233e+07 1.400200e+07 1.409690e+07 1.430823e+07 1.453079e+07 1.473754e+07 1.491287e+07 1.505263e+07 1.515877e+07 1.523543e+07 1.532099e+07 1.515926e+07 1.492477e+07 1.468723e+07 1.447129e+07 1.428280e+07 1.398094e+07 1.375547e+07 1.358174e+07 1.344283e+07 1.332764e+07 1.322886e+07 1.254141e+07 1.199746e+07 1.149256e+07 1.090637e+07
1.345772e+07 1.345772e+07 1.345772e+07 1.345772e+07 1.345772e+07 1.346014e+07 1.351271e+07 1.369154e+07 1.377953e+07 1.387260e+07 1.407963e+07 1.429752e+07 1.449985e+07 1.467140e+07 1.480812e+07 1.491192e+07 1.498688e+07 1.507027e+07 1.491167e+07 1.468191e+07 1.444925e+07 1.423780e+07 1.405329e+07 1.375796e+07 1.353759e+07 1.336800e+07 1.323259e+07 1.312050e+07 1.302453e+07 1.235985e+07 1.183010e+07 1.134132e+07 1.077809e+07
1.324572e+07 1.324572e+07 1.324572e+07 1.324572e+07 1.324572e+07 1.324810e+07 1.329973e+07 1.347530e+07 1.356164e+07 1.365289e+07 1.385573e+07 1.406907e+07 1.426711e+07 1.443499e+07 1.456877e+07 1.467032e+07 1.474363e+07 1.482495e+07 1.466940e+07 1.444426e+07 1.421635e+07 1.400928e+07 1.382863e+07 1.353963e+07 1.332418e+07 1.315857e+07 1.302653e+07 1.291741e+07 1.282415e+07 1.218157e+07 1.166604e+07 1.119260e+07 1.065132e+07
1.303775e+07 1.303775e+07 1.303775e+07 1.303775e+07 1.303775e+07 1.304009e+07 1.309081e+07 1.326328e+07 1.334803e+07 1.343755e+07 1.363636e+07 1.384532e+07 1.403924e+07 1.420359e+07 1.433454e+07 1.443393e+07 1.450566e+07 1.458503e+07 1.443250e+07 1.421187e+07 1.398858e+07 1.378575e+07 1.360885e+07 1.332598e+07 1.311527e+07 1.295349e+07 1.282468e+07 1.271839e+07 1.262771e+07 1.200654e+07 1.150516e+07 1.104637e+07 1.052606e+07
1.283406e+07 1.283406e+07 1.283406e+07 1.283406e+07 1.283406e+07 1.283636e+07 1.288620e+07 1.305566e+07 1.313887e+07 1.322671e+07 1.342163e+07 1.362638e+07 1.381633e+07 1.397729e+07 1.410552e+07 1.420283e+07 1.427305e+07 1.435060e+07 1.420101e+07 1.398477e+07 1.376597e+07 1.356725e+07 1.339398e+07 1.311702e+07 1.291086e+07 1.275274e+07 1.262701e+07 1.252342e+07 1.243521e+07 1.183470e+07 1.134740e+07 1.090260e+07 1.040231e+07
1.263531e+07 1.263531e+07 1.263531e+07 1.263531e+07 1.263531e+07 1.263757e+07 1.268652e+07 1.285293e+07 1.293461e+07 1.302078e+07 1.321189e+07 1.341252e+07 1.359862e+07 1.375628e+07 1.388188e+07 1.397719e+07 1.404595e+07 1.412173e+07 1.397500e+07 1.376299e+07 1.354852e+07 1.335378e+07 1.318400e+07 1.291272e+07 1.271093e+07 1.255630e+07 1.243351e+07 1.233250e+07 1.224663e+07 1.166599e+07 1.119266e+07 1.076127e+07 1.028009e+07
1.244126e+07 1.244126e+07 1.244126e+07 1.244126e+07 1.244126e+07 1.244348e+07 1.249154e+07 1.265493e+07 1.273509e+07 1.281963e+07 1.300703e+07 1.320368e+07 1.338604e+07 1.354053e+07 1.366359e+07 1.375695e+07 1.382431e+07 1.389839e+07 1.375442e+07 1.354651e+07 1.333621e+07 1.314529e+07 1.297886e+07 1.271304e+07 1.251543e+07 1.236414e+07 1.224414e+07 1.214557e+07 1.206193e+07 1.150038e+07 1.104087e+07 1.062234e+07 1.015939e+07
1.225168e+07 1.225168e+07 1.225168e+07 1.225168e+07 1.225168e+07 1.225386e+07 1.230108e+07 1.246158e+07 1.254029e+07 1.262326e+07 1.280707e+07 1.299987e+07 1.317863e+07 1.333004e+07 1.345063e+07 1.354211e+07 1.360810e+07 1.368052e+07 1.353919e+07 1.333521e+07 1.312893e+07 1.294168e+07 1.277849e+07 1.251789e+07 1.232428e+07 1.217617e+07 1.205883e+07 1.196259e+07 1.188106e+07 1.133782e+07 1.089197e+07 1.048579e+07 1.004023e+07
1.206643e+07 1.206643e+07 1.206643e+07 1.206643e+07 1.206643e+07 1.206857e+07 1.211498e+07 1.227270e+07 1.235001e+07 1.243147e+07 1.261181e+07 1.280090e+07 1.297616e+07 1.312460e+07 1.324280e+07 1.333246e+07 1.339712e+07 1.346792e+07 1.332914e+07 1.312895e+07 1.292655e+07 1.274284e+07 1.258275e+07 1.232717e+07 1.213739e+07 1.199233e+07 1.187752e+07 1.178350e+07 1.170398e+07 1.117828e+07 1.074587e+07 1.035159e+07 9.922599e+06
1.188568e+07 1.188568e+07 1.188568e+07 1.188568e+07 1.188568e+07 1.188778e+07 1.193338e+07 1.208833e+07 1.216425e+07 1.224421e+07 1.242115e+07 1.260660e+07 1.277846e+07 1.292399e+07 1.303988e+07 1.312778e+07 1.319115e+07 1.326037e+07 1.312406e+07 1.292755e+07 1.272889e+07 1.254859e+07 1.239149e+07 1.214075e+07 1.195465e+07 1.181250e+07 1.170012e+07 1.160821e+07 1.153060e+07 1.102170e+07 1.060253e+07 1.021970e+07 9.806510e+06
1.170923e+07 1.170923e+07 1.170923e+07 1.170923e+07 1.170923e+07 1.171130e+07 1.175609e+07 1.190827e+07 1.198281e+07 1.206129e+07 1.223488e+07 1.241676e+07 1.258530e+07 1.272802e+07 1.284166e+07 1.292783e+07 1.298996e+07 1.305767e+07 1.292376e+07 1.273080e+07 1.253577e+07 1.235877e+07 1.220457e+07 1.195849e+07 1.177592e+07 1.163658e+07 1.152653e+07 1.143664e+07 1.136086e+07 1.086805e+07 1.046187e+07 1.009009e+07 9.691965e+06
1.153671e+07 1.153671e+07 1.153671e+07 1.153671e+07 1.153671e+07 1.153874e+07 1.158275e+07 1.173226e+07 1.180546e+07 1.188250e+07 1.205284e+07 1.223126e+07 1.239657e+07 1.253654e+07 1.264799e+07 1.273249e+07 1.279340e+07 1.285963e+07 1.272805e+07 1.253853e+07 1.234700e+07 1.217320e+07 1.202180e+07 1.178024e+07 1.160110e+07 1.146447e+07 1.135666e+07 1.126871e+07 1.119469e+07 1.071730e+07 1.032384e+07 9.962741e+06 9.578963e+06
1.136787e+07 1.136787e+07 1.136787e+07 1.136787e+07 1.136787e+07 1.136986e+07 1.141312e+07 1.156007e+07 1.163198e+07 1.170764e+07 1.187483e+07 1.204990e+07 1.221208e+07 1.234938e+07 1.245870e+07 1.254157e+07 1.260130e+07 1.266607e+07 1.253672e+07 1.235055e+07 1.216242e+07 1.199173e+07 1.184304e+07 1.160587e+07 1.143005e+07 1.129604e+07 1.119040e+07 1.110433e+07 1.103200e+07 1.056939e+07 1.018839e+07 9.837606e+06 9.467505e+06
1.120256e+07 1.120256e+07 1.120256e+07 1.120256e+07 1.120256e+07 1.120453e+07 1.124706e+07 1.139152e+07 1.146219e+07 1.153651e+07 1.170066e+07 1.187248e+07 1.203162e+07 1.216634e+07 1.227359e+07 1.235488e+07 1.241346e+07 1.247681e+07 1.234963e+07 1.216669e+07 1.198187e+07 1.181419e+07 1.166815e+07 1.143524e+07 1.126267e+07 1.113121e+07 1.102768e+07 1.094343e+07 1.087272e+07 1.042429e+07 1.005545e+07 9.714656e+06 9.357591e+06
1.104066e+07 1.104066e+07 1.104066e+07 1.104066e+07 1.104066e+07 1.104259e+07 1.108441e+07 1.122645e+07 1.129591e+07 1.136892e+07 1.153013e+07 1.169880e+07 1.185500e+07 1.198722e+07 1.209247e+07 1.217224e+07 1.222970e+07 1.229168e+07 1.216660e+07 1.198680e+07 1.180519e+07 1.164045e+07 1.149699e+07 1.126825e+07 1.109884e+07 1.096988e+07 1.086840e+07 1.078591e+07 1.071678e+07 1.028196e+07 9.924988e+06 9.593857e+06 9.249219e+06
