1.750666e+08 1.155504e+08 9.447261e+07 5.638554e+07 4.603934e+07 3.232905e+07 2.907962e+07 2.628204e+07 2.547501e+07 2.485221e+07 2.390872e+07 2.317469e+07 2.256132e+07 2.204131e+07 2.160319e+07 2.123794e+07 2.093631e+07 2.008394e+07 1.978528e+07 1.965623e+07 1.956073e+07 1.949429e+07 1.951835e+07 2.013306e+07 2.183879e+07 2.484271e+07 2.925698e+07 3.515877e+07 4.258469e+07 1.710153e+08 2.735708e+08 3.006652e+08 2.858208e+08
2.806433e+07 2.806437e+07 2.806447e+07 2.806550e+07 2.806095e+07 2.761914e+07 2.688924e+07 2.526940e+07 2.474872e+07 2.430489e+07 2.356378e+07 2.293577e+07 2.238594e+07 2.190845e+07 2.150133e+07 2.116005e+07 2.087764e+07 2.008150e+07 1.980451e+07 1.968222e+07 1.958766e+07 1.952065e+07 1.954461e+07 2.016328e+07 2.187903e+07 2.489813e+07 2.933186e+07 3.525658e+07 4.270811e+07 1.713530e+08 2.738567e+08 3.008143e+08 2.858698e+08
2.526581e+07 2.526582e+07 2.526585e+07 2.526651e+07 2.526735e+07 2.515274e+07 2.490505e+07 2.436789e+07 2.393249e+07 2.361911e+07 2.312206e+07 2.263542e+07 2.217019e+07 2.174841e+07 2.138104e+07 2.106978e+07 2.081087e+07 2.007967e+07 1.982560e+07 1.970984e+07 1.961580e+07 1.954793e+07 1.957166e+07 2.019434e+07 2.192036e+07 2.495499e+07 2.940854e+07 3.535655e+07 4.283402e+07 1.716940e+08 2.741442e+08 3.009637e+08 2.859187e+08
2.383554e+07 2.383555e+07 2.383557e+07 2.383603e+07 2.383708e+07 2.382519e+07 2.366410e+07 2.363420e+07 2.350063e+07 2.324143e+07 2.271217e+07 2.230445e+07 2.192292e+07 2.156410e+07 2.124354e+07 2.096783e+07 2.073653e+07 2.007870e+07 1.984864e+07 1.973906e+07 1.964511e+07 1.957609e+07 1.959947e+07 2.022623e+07 2.196279e+07 2.501330e+07 2.948703e+07 3.545869e+07 4.296245e+07 1.720384e+08 2.744331e+08 3.011135e+08 2.859675e+08
2.307057e+07 2.307057e+07 2.307059e+07 2.307092e+07 2.307179e+07 2.307924e+07 2.302484e+07 2.292287e+07 2.296402e+07 2.291295e+07 2.252558e+07 2.206048e+07 2.168211e+07 2.137004e+07 2.109514e+07 2.085733e+07 2.065638e+07 2.007888e+07 1.987366e+07 1.976984e+07 1.967552e+07 1.960509e+07 1.962801e+07 2.025895e+07 2.200634e+07 2.507308e+07 2.956737e+07 3.556305e+07 4.309344e+07 1.723860e+08 2.747236e+08 3.012635e+08 2.860161e+08
2.266430e+07 2.266430e+07 2.266431e+07 2.266457e+07 2.266527e+07 2.267608e+07 2.266057e+07 2.249277e+07 2.248267e+07 2.249320e+07 2.233163e+07 2.194639e+07 2.153887e+07 2.120560e+07 2.095347e+07 2.074707e+07 2.057512e+07 2.008065e+07 1.990068e+07 1.980213e+07 1.970699e+07 1.963488e+07 1.965724e+07 2.029248e+07 2.205100e+07 2.513435e+07 2.964958e+07 3.566966e+07 4.322702e+07 1.727371e+08 2.750155e+08 3.014138e+08 2.860647e+08
2.246191e+07 2.246191e+07 2.246190e+07 2.246160e+07 2.246072e+07 2.244649e+07 2.240656e+07 2.220896e+07 2.213104e+07 2.210459e+07 2.205025e+07 2.181832e+07 2.147150e+07 2.113233e+07 2.085668e+07 2.065521e+07 2.050254e+07 2.008480e+07 1.992973e+07 1.983583e+07 1.973941e+07 1.966538e+07 1.968712e+07 2.032680e+07 2.209680e+07 2.519713e+07 2.973369e+07 3.577854e+07 4.336323e+07 1.730915e+08 2.753090e+08 3.015645e+08 2.861131e+08
2.209771e+07 2.209771e+07 2.209771e+07 2.209777e+07 2.209791e+07 2.209782e+07 2.207979e+07 2.193804e+07 2.184709e+07 2.178758e+07 2.174237e+07 2.163408e+07 2.139807e+07 2.110718e+07 2.083549e+07 2.061602e+07 2.045607e+07 2.009275e+07 1.996090e+07 1.987086e+07 1.977269e+07 1.969653e+07 1.971760e+07 2.036191e+07 2.214372e+07 2.526143e+07 2.981972e+07 3.588973e+07 4.350209e+07 1.734493e+08 2.756039e+08 3.017154e+08 2.861614e+08
2.173737e+07 2.173737e+07 2.173737e+07 2.173745e+07 2.173767e+07 2.174124e+07 2.174080e+07 2.167117e+07 2.160142e+07 2.153672e+07 2.147216e+07 2.142457e+07 2.129419e+07 2.108366e+07 2.084909e+07 2.063569e+07 2.046352e+07 2.010679e+07 1.999439e+07 1.990715e+07 1.980674e+07 1.972825e+07 1.974863e+07 2.039779e+07 2.219178e+07 2.532728e+07 2.990771e+07 3.600325e+07 4.364366e+07 1.738105e+08 2.759003e+08 3.018666e+08 2.862095e+08
2.145790e+07 2.145790e+07 2.145790e+07 2.145798e+07 2.145820e+07 2.146294e+07 2.146960e+07 2.144553e+07 2.140183e+07 2.134766e+07 2.126843e+07 2.123478e+07 2.117398e+07 2.104549e+07 2.086888e+07 2.068291e+07 2.051579e+07 2.013042e+07 2.003060e+07 1.994465e+07 1.984146e+07 1.976046e+07 1.978015e+07 2.043442e+07 2.224098e+07 2.539469e+07 2.999766e+07 3.611914e+07 4.378795e+07 1.741752e+08 2.761982e+08 3.020181e+08 2.862575e+08
2.126294e+07 2.126295e+07 2.126295e+07 2.126302e+07 2.126323e+07 2.126829e+07 2.127807e+07 2.128004e+07 2.125714e+07 2.121784e+07 2.113534e+07 2.109345e+07 2.106412e+07 2.099796e+07 2.088283e+07 2.073836e+07 2.059068e+07 2.016871e+07 2.007017e+07 1.998335e+07 1.987676e+07 1.979307e+07 1.981210e+07 2.047178e+07 2.229133e+07 2.546367e+07 3.008962e+07 3.623743e+07 4.393500e+07 1.745433e+08 2.764976e+08 3.021699e+08 2.863054e+08
2.211832e+07 2.211832e+07 2.211832e+07 2.211835e+07 2.211845e+07 2.212129e+07 2.212999e+07 2.216087e+07 2.217671e+07 2.218544e+07 2.216452e+07 2.208771e+07 2.197429e+07 2.185378e+07 2.174914e+07 2.166976e+07 2.161311e+07 2.136266e+07 2.092529e+07 2.052769e+07 2.026924e+07 2.013345e+07 2.014638e+07 2.088173e+07 2.285825e+07 2.624373e+07 3.112456e+07 3.755885e+07 4.556481e+07 1.784181e+08 2.795734e+08 3.037021e+08 2.867760e+08
2.484926e+07 2.484926e+07 2.484926e+07 2.484929e+07 2.484938e+07 2.485190e+07 2.485740e+07 2.486499e+07 2.486060e+07 2.484341e+07 2.475515e+07 2.459389e+07 2.437769e+07 2.412882e+07 2.386593e+07 2.360338e+07 2.335183e+07 2.240747e+07 2.184187e+07 2.134874e+07 2.090480e+07 2.060758e+07 2.054758e+07 2.136219e+07 2.354748e+07 2.720070e+07 3.238708e+07 3.915346e+07 4.750781e+07 1.826565e+08 2.827960e+08 3.052575e+08 2.872296e+08
2.569083e+07 2.569083e+07 2.569083e+07 2.569084e+07 2.569086e+07 2.569141e+07 2.569290e+07 2.569592e+07 2.569114e+07 2.567416e+07 2.558641e+07 2.542476e+07 2.520759e+07 2.495727e+07 2.469079e+07 2.441912e+07 2.414928e+07 2.296925e+07 2.221213e+07 2.175034e+07 2.140472e+07 2.116669e+07 2.113061e+07 2.200488e+07 2.439981e+07 2.836643e+07 3.390926e+07 4.105521e+07 4.979951e+07 1.872731e+08 2.861617e+08 3.068307e+08 2.876631e+08
2.567458e+07 2.567458e+07 2.567458e+07 2.567458e+07 2.567460e+07 2.567501e+07 2.567617e+07 2.567862e+07 2.567416e+07 2.565840e+07 2.557705e+07 2.542806e+07 2.522970e+07 2.500348e+07 2.476510e+07 2.452396e+07 2.428511e+07 2.319607e+07 2.238730e+07 2.188692e+07 2.161689e+07 2.153387e+07 2.167103e+07 2.285891e+07 2.553217e+07 2.981271e+07 3.574393e+07 4.330990e+07 5.248240e+07 1.922802e+08 2.896653e+08 3.084161e+08 2.880732e+08
2.582196e+07 2.582196e+07 2.582196e+07 2.582196e+07 2.582198e+07 2.582237e+07 2.582352e+07 2.582589e+07 2.582135e+07 2.580553e+07 2.572409e+07 2.557499e+07 2.537641e+07 2.514989e+07 2.491135e+07 2.467044e+07 2.443240e+07 2.334875e+07 2.250849e+07 2.195957e+07 2.170785e+07 2.175030e+07 2.209814e+07 2.379641e+07 2.695334e+07 3.166179e+07 3.798974e+07 4.598819e+07 5.561425e+07 1.976877e+08 2.932998e+08 3.100075e+08 2.884564e+08
2.596627e+07 2.596627e+07 2.596627e+07 2.596627e+07 2.596626e+07 2.596623e+07 2.596603e+07 2.596304e+07 2.595456e+07 2.593402e+07 2.584125e+07 2.567886e+07 2.546575e+07 2.522411e+07 2.497043e+07 2.471487e+07 2.446311e+07 2.333399e+07 2.248166e+07 2.194088e+07 2.174231e+07 2.191719e+07 2.248403e+07 2.478845e+07 2.859725e+07 3.390042e+07 4.075335e+07 4.921086e+07 5.928123e+07 2.035032e+08 2.970564e+08 3.115979e+08 2.888091e+08
2.551803e+07 2.551803e+07 2.551803e+07 2.551803e+07 2.551802e+07 2.551773e+07 2.551677e+07 2.551133e+07 2.550157e+07 2.548011e+07 2.538741e+07 2.522787e+07 2.501974e+07 2.478434e+07 2.453755e+07 2.428922e+07 2.404498e+07 2.296305e+07 2.218744e+07 2.175648e+07 2.170653e+07 2.208272e+07 2.291117e+07 2.588893e+07 3.045978e+07 3.649975e+07 4.401579e+07 5.305387e+07 6.361653e+07 2.097324e+08 3.009246e+08 3.131801e+08 2.891277e+08
2.449963e+07 2.449963e+07 2.449963e+07 2.449963e+07 2.449963e+07 2.449944e+07 2.449882e+07 2.449498e+07 2.448699e+07 2.446864e+07 2.438750e+07 2.424655e+07 2.406198e+07 2.385281e+07 2.363327e+07 2.341226e+07 2.319501e+07 2.224717e+07 2.162944e+07 2.140131e+07 2.160216e+07 2.227409e+07 2.343813e+07 2.718034e+07 3.258834e+07 3.946802e+07 4.776762e+07 5.750139e+07 6.865904e+07 2.163799e+08 3.048924e+08 3.147460e+08 2.894084e+08
2.324949e+07 2.324949e+07 2.324949e+07 2.324949e+07 2.324949e+07 2.324932e+07 2.324878e+07 2.324540e+07 2.323840e+07 2.322234e+07 2.315135e+07 2.302799e+07 2.286638e+07 2.268318e+07 2.249094e+07 2.229767e+07 2.210831e+07 2.130925e+07 2.088697e+07 2.092582e+07 2.146352e+07 2.252509e+07 2.411122e+07 2.874001e+07 3.505706e+07 4.284774e+07 5.202244e+07 6.255262e+07 7.439809e+07 2.234496e+08 3.089461e+08 3.162873e+08 2.896473e+08
2.188439e+07 2.188439e+07 2.188439e+07 2.188439e+07 2.188438e+07 2.188422e+07 2.188369e+07 2.188057e+07 2.187432e+07 2.186009e+07 2.179740e+07 2.168862e+07 2.154624e+07 2.138502e+07 2.121623e+07 2.104729e+07 2.088300e+07 2.023218e+07 2.003160e+07 2.039012e+07 2.133923e+07 2.287762e+07 2.497379e+07 3.063197e+07 3.794412e+07 4.670434e+07 5.681824e+07 6.822213e+07 8.083497e+07 2.309461e+08 3.130703e+08 3.177954e+08 2.898405e+08
2.045448e+07 2.045448e+07 2.045448e+07 2.045448e+07 2.045448e+07 2.045435e+07 2.045395e+07 2.045139e+07 2.044600e+07 2.043354e+07 2.037827e+07 2.028215e+07 2.015633e+07 2.001413e+07 1.986589e+07 1.971868e+07 1.957744e+07 1.907701e+07 1.912470e+07 1.985236e+07 2.128101e+07 2.337694e+07 2.606845e+07 3.290934e+07 4.132066e+07 5.111224e+07 6.221259e+07 7.454251e+07 8.798127e+07 2.388763e+08 3.172487e+08 3.192610e+08 2.899841e+08
1.902230e+07 1.902230e+07 1.902230e+07 1.902230e+07 1.902229e+07 1.902221e+07 1.902195e+07 1.902004e+07 1.901548e+07 1.900464e+07 1.895592e+07 1.887079e+07 1.875937e+07 1.863380e+07 1.850377e+07 1.837623e+07 1.825637e+07 1.790801e+07 1.822701e+07 1.936821e+07 2.133853e+07 2.406707e+07 2.743580e+07 3.561779e+07 4.524877e+07 5.614525e+07 6.827430e+07 8.156270e+07 9.586172e+07 2.472506e+08 3.214639e+08 3.206751e+08 2.900741e+08
1.765329e+07 1.765329e+07 1.765329e+07 1.765329e+07 1.765329e+07 1.765323e+07 1.765304e+07 1.765156e+07 1.764764e+07 1.763812e+07 1.759485e+07 1.751898e+07 1.741972e+07 1.730830e+07 1.719395e+07 1.708366e+07 1.698301e+07 1.678381e+07 1.739101e+07 1.898435e+07 2.155373e+07 2.498641e+07 2.911256e+07 3.879843e+07 4.978351e+07 6.187269e+07 7.507581e+07 8.934283e+07 1.045138e+08 2.560886e+08 3.256977e+08 3.220280e+08 2.901066e+08
1.638710e+07 1.638710e+07 1.638710e+07 1.638710e+07 1.638709e+07 1.638705e+07 1.638691e+07 1.638566e+07 1.638218e+07 1.637363e+07 1.633459e+07 1.626607e+07 1.617655e+07 1.607655e+07 1.597505e+07 1.587924e+07 1.579529e+07 1.574024e+07 1.665008e+07 1.873210e+07 2.195703e+07 2.616580e+07 3.113102e+07 4.249029e+07 5.497605e+07 6.835916e+07 8.268844e+07 9.794808e+07 1.139841e+08 2.654325e+08 3.299314e+08 3.233104e+08 2.900779e+08
1.522250e+07 1.522250e+07 1.522250e+07 1.522250e+07 1.522249e+07 1.522246e+07 1.522234e+07 1.522125e+07 1.521811e+07 1.521034e+07 1.517475e+07 1.511225e+07 1.503075e+07 1.494026e+07 1.484967e+07 1.476654e+07 1.469774e+07 1.478655e+07 1.601715e+07 1.862777e+07 2.256873e+07 2.763013e+07 3.352095e+07 4.673307e+07 6.087691e+07 7.566603e+07 9.118008e+07 1.074435e+08 1.243235e+08 2.752679e+08 3.341465e+08 3.245128e+08 2.899842e+08
1.414761e+07 1.414761e+07 1.414761e+07 1.414761e+07 1.414761e+07 1.414757e+07 1.414747e+07 1.414647e+07 1.414358e+07 1.413642e+07 1.410367e+07 1.404621e+07 1.397151e+07 1.388924e+07 1.380837e+07 1.373695e+07 1.368262e+07 1.391982e+07 1.549475e+07 1.868016e+07 2.340471e+07 2.940281e+07 3.631313e+07 5.156983e+07 6.753848e+07 8.385299e+07 1.006143e+08 1.178900e+08 1.355814e+08 2.855074e+08 3.383245e+08 3.256261e+08 2.898219e+08
1.315218e+07 1.315218e+07 1.315218e+07 1.315218e+07 1.315218e+07 1.315217e+07 1.315210e+07 1.315133e+07 1.314878e+07 1.314231e+07 1.311241e+07 1.305982e+07 1.299160e+07 1.291717e+07 1.284565e+07 1.278570e+07 1.274587e+07 1.313923e+07 1.508649e+07 1.889912e+07 2.448267e+07 3.151030e+07 3.954256e+07 5.704900e+07 7.501661e+07 9.297901e+07 1.110499e+08 1.293417e+08 1.478007e+08 2.960679e+08 3.424482e+08 3.266415e+08 2.895878e+08
1.224444e+07 1.224444e+07 1.224444e+07 1.224444e+07 1.224444e+07 1.224443e+07 1.224438e+07 1.224371e+07 1.224139e+07 1.223546e+07 1.220793e+07 1.215949e+07 1.209689e+07 1.202941e+07 1.196646e+07 1.191743e+07 1.189190e+07 1.244966e+07 1.480035e+07 1.929839e+07 2.582453e+07 3.398410e+07 4.325020e+07 6.322530e+07 8.337095e+07 1.031022e+08 1.225395e+08 1.418428e+08 1.610140e+08 3.068617e+08 3.465014e+08 3.275504e+08 2.892786e+08
1.142287e+07 1.142287e+07 1.142287e+07 1.142287e+07 1.142287e+07 1.142286e+07 1.142284e+07 1.142231e+07 1.142022e+07 1.141478e+07 1.138940e+07 1.134468e+07 1.128716e+07 1.122605e+07 1.117119e+07 1.113283e+07 1.112170e+07 1.185436e+07 1.464394e+07 1.989303e+07 2.745555e+07 3.686077e+07 4.748308e+07 7.015934e+07 9.266406e+07 1.142784e+08 1.351279e+08 1.554252e+08 1.752392e+08 3.177956e+08 3.504708e+08 3.283451e+08 2.888915e+08
1.068516e+07 1.068516e+07 1.068516e+07 1.068516e+07 1.068516e+07 1.068515e+07 1.068513e+07 1.068466e+07 1.068272e+07 1.067768e+07 1.065409e+07 1.061258e+07 1.055949e+07 1.050413e+07 1.045687e+07 1.042895e+07 1.043244e+07 1.135235e+07 1.462203e+07 2.069804e+07 2.940374e+07 4.018154e+07 5.229384e+07 7.791639e+07 1.029592e+08 1.265586e+08 1.488489e+08 1.701050e+08 1.904755e+08 3.287717e+08 3.543470e+08 3.290185e+08 2.884239e+08
1.002265e+07 1.002265e+07 1.002265e+07 1.002265e+07 1.002265e+07 1.002265e+07 1.002265e+07 1.002226e+07 1.002049e+07 1.001582e+07 9.993911e+06 9.955342e+06 9.906340e+06 9.856362e+06 9.816467e+06 9.799036e+06 9.817631e+06 1.094014e+07 1.473911e+07 2.173061e+07 3.170104e+07 4.399252e+07 5.773996e+07 8.656399e+07 1.143170e+08 1.399848e+08 1.637214e+08 1.858783e+08 2.066995e+08 3.396887e+08 3.581311e+08 3.295643e+08 2.878736e+08
9.429918e+06 9.429918e+06 9.429918e+06 9.429918e+06 9.429917e+06 9.429914e+06 9.429903e+06 9.429504e+06 9.427822e+06 9.423422e+06 9.402833e+06 9.366705e+06 9.321221e+06 9.276125e+06 9.243306e+06 9.236478e+06 9.270895e+06 1.061569e+07 1.500294e+07 2.301210e+07 3.438384e+07 4.834390e+07 6.388196e+07 9.616839e+07 1.267903e+08 1.545847e+08 1.797439e+08 2.027167e+08 2.238609e+08 3.504435e+08 3.618138e+08 3.299772e+08 2.872386e+08
8.895183e+06 8.895183e+06 8.895183e+06 8.895183e+06 8.895183e+06 8.895186e+06 8.895191e+06 8.894879e+06 8.893344e+06 8.889262e+06 8.870042e+06 8.836316e+06 8.794276e+06 8.754067e+06 8.728588e+06 8.733107e+06 8.784813e+06 1.037786e+07 1.542305e+07 2.456593e+07 3.749058e+07 5.328728e+07 7.078016e+07 1.067897e+08 1.404186e+08 1.703651e+08 1.968885e+08 2.205616e+08 2.418781e+08 3.609331e+08 3.653398e+08 3.302531e+08 2.865175e+08
8.415664e+06 8.415664e+06 8.415664e+06 8.415664e+06 8.415664e+06 8.415665e+06 8.415667e+06 8.415362e+06 8.413907e+06 8.410050e+06 8.391924e+06 8.360226e+06 8.321244e+06 8.285686e+06 8.267675e+06 8.284295e+06 8.354934e+06 1.022609e+07 1.600811e+07 2.641461e+07 4.105893e+07 5.887256e+07 7.849072e+07 1.184761e+08 1.552202e+08 1.873046e+08 2.150938e+08 2.393188e+08 2.606339e+08 3.710559e+08 3.686613e+08 3.303891e+08 2.857093e+08
7.984050e+06 7.984050e+06 7.984050e+06 7.984050e+06 7.984050e+06 7.984052e+06 7.984059e+06 7.983787e+06 7.982425e+06 7.978796e+06 7.961709e+06 7.931911e+06 7.895851e+06 7.864948e+06 7.854773e+06 7.884493e+06 7.975999e+06 1.015845e+07 1.676538e+07 2.857979e+07 4.512511e+07 6.514556e+07 8.706141e+07 1.312564e+08 1.711840e+08 2.053450e+08 2.342580e+08 2.588530e+08 2.799720e+08 3.807130e+08 3.717354e+08 3.303837e+08 2.848132e+08
7.595607e+06 7.595607e+06 7.595607e+06 7.595607e+06 7.595607e+06 7.595607e+06 7.595606e+06 7.595323e+06 7.594014e+06 7.590555e+06 7.574330e+06 7.546188e+06 7.512821e+06 7.486518e+06 7.484540e+06 7.528438e+06 7.642936e+06 1.017400e+07 1.770462e+07 3.108515e+07 4.972393e+07 7.214515e+07 9.652646e+07 1.451320e+08 1.882603e+08 2.243822e+08 2.542316e+08 2.789830e+08 2.996942e+08 3.898100e+08 3.745226e+08 3.302375e+08 2.838292e+08
7.243575e+06 7.243575e+06 7.243575e+06 7.243575e+06 7.243575e+06 7.243579e+06 7.243588e+06 7.243358e+06 7.242144e+06 7.238894e+06 7.223580e+06 7.197105e+06 7.166476e+06 7.145028e+06 7.151991e+06 7.211655e+06 7.351959e+06 1.027580e+07 1.884010e+07 3.395548e+07 5.488505e+07 7.989721e+07 1.068987e+08 1.600673e+08 2.063503e+08 2.442579e+08 2.748109e+08 2.994778e+08 3.195596e+08 3.982576e+08 3.769865e+08 3.299531e+08 2.827577e+08
6.926870e+06 6.926870e+06 6.926870e+06 6.926870e+06 6.926870e+06 6.926872e+06 6.926879e+06 6.926653e+06 6.925493e+06 6.922395e+06 6.907822e+06 6.882792e+06 6.854735e+06 6.838256e+06 6.854897e+06 6.932095e+06 7.101429e+06 1.046800e+07 2.018458e+07 3.720882e+07 6.062408e+07 8.840533e+07 1.181600e+08 1.759789e+08 2.252963e+08 2.647514e+08 2.957334e+08 3.200555e+08 3.392852e+08 4.059738e+08 3.790946e+08 3.295374e+08 2.815994e+08
6.640892e+06 6.640892e+06 6.640892e+06 6.640892e+06 6.640892e+06 6.640896e+06 6.640906e+06 6.640705e+06 6.639608e+06 6.636667e+06 6.622812e+06 6.599179e+06 6.573720e+06 6.562549e+06 6.589883e+06 6.686749e+06 6.888824e+06 1.075208e+07 2.174309e+07 4.084859e+07 6.693437e+07 9.764214e+07 1.302516e+08 1.927247e+08 2.448713e+08 2.855729e+08 3.166756e+08 3.403850e+08 3.585512e+08 4.128847e+08 3.808184e+08 3.289995e+08 2.803559e+08
6.383744e+06 6.383744e+06 6.383744e+06 6.383744e+06 6.383744e+06 6.383746e+06 6.383753e+06 6.383551e+06 6.382497e+06 6.379679e+06 6.366440e+06 6.344071e+06 6.321161e+06 6.315586e+06 6.354619e+06 6.473325e+06 6.711919e+06 1.112572e+07 2.351013e+07 4.486026e+07 7.378276e+07 1.075436e+08 1.430669e+08 2.100942e+08 2.647721e+08 3.063613e+08 3.372557e+08 3.600916e+08 3.770086e+08 4.189261e+08 3.821341e+08 3.283255e+08 2.790290e+08
6.151712e+06 6.151712e+06 6.151712e+06 6.151712e+06 6.151712e+06 6.151716e+06 6.151730e+06 6.151561e+06 6.150571e+06 6.147895e+06 6.135285e+06 6.114178e+06 6.093893e+06 6.094289e+06 6.146040e+06 6.288659e+06 6.567317e+06 1.158199e+07 2.547073e+07 4.921293e+07 8.110946e+07 1.180055e+08 1.564440e+08 2.277998e+08 2.846142e+08 3.266862e+08 3.570411e+08 3.787691e+08 3.942918e+08 4.240451e+08 3.830228e+08 3.275029e+08 2.776214e+08
5.944197e+06 5.944197e+06 5.944197e+06 5.944197e+06 5.944197e+06 5.944199e+06 5.944207e+06 5.944026e+06 5.943062e+06 5.940480e+06 5.928366e+06 5.908362e+06 5.890614e+06 5.897182e+06 5.962465e+06 6.130808e+06 6.452726e+06 1.211451e+07 2.760691e+07 5.386357e+07 8.882789e+07 1.288786e+08 1.701585e+08 2.454693e+08 3.039336e+08 3.460585e+08 3.755644e+08 3.959966e+08 4.100354e+08 4.282010e+08 3.834706e+08 3.265232e+08 2.761361e+08
5.757461e+06 5.757461e+06 5.757461e+06 5.757461e+06 5.757461e+06 5.757466e+06 5.757480e+06 5.757335e+06 5.756429e+06 5.753972e+06 5.742406e+06 5.723546e+06 5.708452e+06 5.721583e+06 5.801373e+06 5.997366e+06 6.365773e+06 1.271760e+07 2.989702e+07 5.875367e+07 9.681754e+07 1.399586e+08 1.839118e+08 2.626440e+08 3.221979e+08 3.639504e+08 3.923476e+08 4.113623e+08 4.238952e+08 4.313666e+08 3.834692e+08 3.253800e+08 2.745770e+08
5.591727e+06 5.591727e+06 5.591727e+06 5.591727e+06 5.591727e+06 5.591730e+06 5.591738e+06 5.591575e+06 5.590687e+06 5.588303e+06 5.577144e+06 5.559268e+06 5.546739e+06 5.566620e+06 5.661673e+06 5.886960e+06 6.304676e+06 1.338245e+07 3.230777e+07 6.379803e+07 1.049102e+08 1.509715e+08 1.973214e+08 2.787865e+08 3.388312e+08 3.798288e+08 4.069341e+08 4.244917e+08 4.355709e+08 4.335291e+08 3.830154e+08 3.240687e+08 2.729490e+08
5.443305e+06 5.443305e+06 5.443305e+06 5.443305e+06 5.443305e+06 5.443310e+06 5.443324e+06 5.443193e+06 5.442354e+06 5.440076e+06 5.429386e+06 5.412549e+06 5.402699e+06 5.429648e+06 5.540701e+06 5.796674e+06 6.265937e+06 1.409376e+07 3.478777e+07 6.887455e+07 1.128775e+08 1.615652e+08 2.099221e+08 2.933084e+08 3.532573e+08 3.931991e+08 4.189272e+08 4.350773e+08 4.448284e+08 4.346899e+08 3.821114e+08 3.225862e+08 2.712583e+08
5.312378e+06 5.312378e+06 5.312378e+06 5.312378e+06 5.312378e+06 5.312381e+06 5.312388e+06 5.312238e+06 5.311413e+06 5.309199e+06 5.298864e+06 5.282936e+06 5.275665e+06 5.309713e+06 5.437056e+06 5.724361e+06 6.246205e+06 1.482989e+07 3.726528e+07 7.381895e+07 1.204271e+08 1.713152e+08 2.211876e+08 3.056202e+08 3.649572e+08 4.036559e+08 4.280288e+08 4.429071e+08 4.515196e+08 4.348651e+08 3.807642e+08 3.209311e+08 2.695134e+08
5.195715e+06 5.195715e+06 5.195715e+06 5.195715e+06 5.195716e+06 5.195718e+06 5.195727e+06 5.195585e+06 5.194790e+06 5.192650e+06 5.182685e+06 5.167661e+06 5.162957e+06 5.204086e+06 5.347660e+06 5.666100e+06 6.240012e+06 1.556101e+07 3.964574e+07 7.842123e+07 1.272061e+08 1.797465e+08 2.305748e+08 3.151998e+08 3.735333e+08 4.109310e+08 4.340722e+08 4.478849e+08 4.555948e+08 4.340845e+08 3.789857e+08 3.191034e+08 2.677131e+08
5.091210e+06 5.091210e+06 5.091210e+06 5.091210e+06 5.091210e+06 5.091213e+06 5.091223e+06 5.091091e+06 5.090327e+06 5.088266e+06 5.078673e+06 5.064544e+06 5.062326e+06 5.110240e+06 5.269290e+06 5.617326e+06 6.240602e+06 1.625010e+07 4.180835e+07 8.242011e+07 1.328111e+08 1.863702e+08 2.375824e+08 3.216646e+08 3.787644e+08 4.149285e+08 4.370408e+08 4.500396e+08 4.571066e+08 4.323907e+08 3.767915e+08 3.171046e+08 2.658539e+08
4.998603e+06 4.998603e+06 4.998603e+06 4.998603e+06 4.998603e+06 4.998606e+06 4.998615e+06 4.998488e+06 4.997748e+06 4.995754e+06 4.986493e+06 4.973169e+06 4.973207e+06 5.027299e+06 5.200455e+06 5.575428e+06 6.243460e+06 1.685507e+07 4.359251e+07 8.549422e+07 1.368114e+08 1.907406e+08 2.418261e+08 3.248354e+08 3.806420e+08 4.157381e+08 4.370701e+08 4.495213e+08 4.562031e+08 4.298374e+08 3.742013e+08 3.149372e+08 2.639344e+08
4.915701e+06 4.915701e+06 4.915701e+06 4.915701e+06 4.915701e+06 4.915702e+06 4.915703e+06 4.915552e+06 4.914815e+06 4.912861e+06 4.903864e+06 4.891244e+06 4.893303e+06 4.952904e+06 5.138446e+06 5.536578e+06 6.242099e+06 1.730319e+07 4.477003e+07 8.728573e+07 1.388301e+08 1.925614e+08 2.431382e+08 3.247860e+08 3.793778e+08 4.136245e+08 4.344303e+08 4.465838e+08 4.531133e+08 4.264877e+08 3.712376e+08 3.126055e+08 2.619541e+08
4.838985e+06 4.838985e+06 4.838985e+06 4.838985e+06 4.838985e+06 4.838990e+06 4.839003e+06 4.838901e+06 4.838223e+06 4.836375e+06 4.827793e+06 4.815996e+06 4.819869e+06 4.883661e+06 5.077693e+06 5.490417e+06 6.217737e+06 1.747413e+07 4.510986e+07 8.755922e+07 1.387326e+08 1.918449e+08 2.416727e+08 3.218586e+08 3.753804e+08 4.089934e+08 4.294943e+08 4.415575e+08 4.481244e+08 4.224118e+08 3.679255e+08 3.101146e+08 2.599133e+08
4.773176e+06 4.773176e+06 4.773176e+06 4.773176e+06 4.773176e+06 4.773178e+06 4.773181e+06 4.773049e+06 4.772368e+06 4.770551e+06 4.762180e+06 4.750782e+06 4.755103e+06 4.819107e+06 5.012655e+06 5.423501e+06 6.146578e+06 1.730038e+07 4.459859e+07 8.644118e+07 1.368025e+08 1.890041e+08 2.379299e+08 3.166193e+08 3.691965e+08 4.023382e+08 4.226943e+08 4.348156e+08 4.415566e+08 4.176850e+08 3.642922e+08 3.074708e+08 2.578128e+08
4.714598e+06 4.714598e+06 4.714598e+06 4.714598e+06 4.714598e+06 4.714599e+06 4.714603e+06 4.714472e+06 4.713808e+06 4.712039e+06 4.703898e+06 4.692811e+06 4.696975e+06 4.759090e+06 4.947079e+06 5.346361e+06 6.049476e+06 1.691381e+07 4.354887e+07 8.442409e+07 1.336623e+08 1.847315e+08 2.326243e+08 3.097452e+08 3.614263e+08 3.941793e+08 4.144774e+08 4.267414e+08 4.337381e+08 4.123854e+08 3.603659e+08 3.046813e+08 2.556537e+08
4.660639e+06 4.660639e+06 4.660639e+06 4.660639e+06 4.660639e+06 4.660640e+06 4.660644e+06 4.660519e+06 4.659876e+06 4.658163e+06 4.650276e+06 4.639527e+06 4.643527e+06 4.703599e+06 4.885480e+06 5.271870e+06 5.952406e+06 1.647673e+07 4.231608e+07 8.203425e+07 1.299518e+08 1.797211e+08 2.264583e+08 3.018850e+08 3.526375e+08 3.850065e+08 4.052659e+08 4.176989e+08 4.249832e+08 4.065918e+08 3.561758e+08 3.017544e+08 2.534376e+08
4.611646e+06 4.611646e+06 4.611646e+06 4.611646e+06 4.611646e+06 4.611649e+06 4.611659e+06 4.611560e+06 4.610954e+06 4.609312e+06 4.601711e+06 4.591337e+06 4.595231e+06 4.653384e+06 4.829417e+06 5.203369e+06 5.862003e+06 1.604953e+07 4.107657e+07 7.958299e+07 1.260944e+08 1.744677e+08 2.199601e+08 2.935593e+08 3.433028e+08 3.752389e+08 3.954287e+08 4.080124e+08 4.155765e+08 4.003817e+08 3.517516e+08 2.986989e+08 2.511665e+08
4.569979e+06 4.569979e+06 4.569979e+06 4.569979e+06 4.569979e+06 4.569980e+06 4.569982e+06 4.569862e+06 4.569257e+06 4.567642e+06 4.560207e+06 4.550058e+06 4.553704e+06 4.609883e+06 4.780209e+06 5.142192e+06 5.779853e+06 1.564480e+07 3.988471e+07 7.719650e+07 1.222967e+08 1.692469e+08 2.134528e+08 2.851289e+08 3.337759e+08 3.652061e+08 3.852668e+08 3.979544e+08 4.057630e+08 3.938299e+08 3.471224e+08 2.955242e+08 2.488425e+08
4.532758e+06 4.532758e+06 4.532758e+06 4.532758e+06 4.532758e+06 4.532759e+06 4.532761e+06 4.532642e+06 4.532049e+06 4.530472e+06 4.523216e+06 4.513291e+06 4.516707e+06 4.571006e+06 4.735900e+06 5.086500e+06 5.704224e+06 1.526244e+07 3.875109e+07 7.491314e+07 1.186395e+08 1.641858e+08 2.071052e+08 2.768160e+08 3.242981e+08 3.551491e+08 3.750118e+08 3.877423e+08 3.957446e+08 3.870071e+08 3.423172e+08 2.922402e+08 2.464683e+08
4.497756e+06 4.497756e+06 4.497756e+06 4.497756e+06 4.497756e+06 4.497756e+06 4.497756e+06 4.497632e+06 4.497049e+06 4.495506e+06 4.488424e+06 4.478731e+06 4.481955e+06 4.534508e+06 4.694289e+06 5.034130e+06 5.632974e+06 1.490011e+07 3.767449e+07 7.273946e+07 1.151466e+08 1.593332e+08 2.009931e+08 2.687430e+08 3.150203e+08 3.452324e+08 3.648319e+08 3.775422e+08 3.856808e+08 3.799790e+08 3.373639e+08 2.888572e+08 2.440465e+08
4.463906e+06 4.463906e+06 4.463906e+06 4.463906e+06 4.463906e+06 4.463908e+06 4.463914e+06 4.463815e+06 4.463264e+06 4.461782e+06 4.454938e+06 4.445554e+06 4.448696e+06 4.499691e+06 4.654717e+06 4.984433e+06 5.565430e+06 1.455629e+07 3.665178e+07 7.067236e+07 1.118197e+08 1.547012e+08 1.951434e+08 2.609696e+08 3.060295e+08 3.355612e+08 3.548428e+08 3.674746e+08 3.756932e+08 3.728054e+08 3.322891e+08 2.853857e+08 2.415801e+08
4.433712e+06 4.433712e+06 4.433712e+06 4.433712e+06 4.433712e+06 4.433714e+06 4.433720e+06 4.433625e+06 4.433089e+06 4.431648e+06 4.424989e+06 4.415849e+06 4.418862e+06 4.468326e+06 4.618780e+06 4.938819e+06 5.502794e+06 1.423065e+07 3.568008e+07 6.870636e+07 1.086526e+08 1.502864e+08 1.895593e+08 2.535188e+08 2.973698e+08 3.261973e+08 3.451196e+08 3.576234e+08 3.658704e+08 3.655402e+08 3.271183e+08 2.818362e+08 2.390723e+08
4.407850e+06 4.407850e+06 4.407850e+06 4.407850e+06 4.407850e+06 4.407852e+06 4.407857e+06 4.407760e+06 4.407234e+06 4.405824e+06 4.399313e+06 4.390364e+06 4.393197e+06 4.441138e+06 4.587166e+06 4.897914e+06 5.445604e+06 1.392262e+07 3.475647e+07 6.683544e+07 1.056368e+08 1.460795e+08 1.842331e+08 2.463930e+08 2.890584e+08 3.171732e+08 3.357076e+08 3.480438e+08 3.562747e+08 3.582311e+08 3.218752e+08 2.782191e+08 2.365264e+08
4.385528e+06 4.385528e+06 4.385528e+06 4.385528e+06 4.385529e+06 4.385529e+06 4.385530e+06 4.385421e+06 4.384896e+06 4.383504e+06 4.377105e+06 4.368299e+06 4.370916e+06 4.417354e+06 4.559113e+06 4.860954e+06 5.393069e+06 1.363076e+07 3.387762e+07 6.505336e+07 1.027629e+08 1.420687e+08 1.791524e+08 2.395841e+08 2.810967e+08 3.085014e+08 3.266305e+08 3.387691e+08 3.469473e+08 3.509197e+08 3.165819e+08 2.745449e+08 2.339458e+08
4.364821e+06 4.364821e+06 4.364821e+06 4.364821e+06 4.364821e+06 4.364822e+06 4.364822e+06 4.364715e+06 4.364201e+06 4.362836e+06 4.356567e+06 4.347922e+06 4.350358e+06 4.395391e+06 4.533102e+06 4.826469e+06 5.343748e+06 1.335319e+07 3.304007e+07 6.335404e+07 1.000216e+08 1.382422e+08 1.743036e+08 2.330789e+08 2.734768e+08 3.001822e+08 3.178975e+08 3.298173e+08 3.379136e+08 3.436416e+08 3.112589e+08 2.708236e+08 2.313341e+08
4.344879e+06 4.344879e+06 4.344879e+06 4.344879e+06 4.344879e+06 4.344879e+06 4.344881e+06 4.344778e+06 4.344276e+06 4.342944e+06 4.336818e+06 4.328356e+06 4.330656e+06 4.374385e+06 4.508274e+06 4.793595e+06 5.296750e+06 1.308843e+07 3.224072e+07 6.173184e+07 9.740440e+07 1.345884e+08 1.696728e+08 2.268620e+08 2.661858e+08 2.922082e+08 3.095079e+08 3.211949e+08 3.291870e+08 3.364271e+08 3.059247e+08 2.670652e+08 2.286949e+08
4.325934e+06 4.325934e+06 4.325934e+06 4.325934e+06 4.325934e+06 4.325935e+06 4.325936e+06 4.325835e+06 4.325344e+06 4.324041e+06 4.318048e+06 4.309758e+06 4.311927e+06 4.354412e+06 4.484648e+06 4.762277e+06 5.251935e+06 1.283551e+07 3.147690e+07 6.018162e+07 9.490324e+07 1.310964e+08 1.652467e+08 2.209176e+08 2.592087e+08 2.845676e+08 3.014551e+08 3.129009e+08 3.207722e+08 3.293013e+08 3.005961e+08 2.632790e+08 2.260318e+08
4.307839e+06 4.307839e+06 4.307839e+06 4.307839e+06 4.307839e+06 4.307839e+06 4.307840e+06 4.307740e+06 4.307258e+06 4.305982e+06 4.300112e+06 4.291981e+06 4.294016e+06 4.335298e+06 4.462027e+06 4.732285e+06 5.209017e+06 1.259346e+07 3.074614e+07 5.869868e+07 9.251074e+07 1.277562e+08 1.610127e+08 2.152300e+08 2.525294e+08 2.772463e+08 2.937286e+08 3.049292e+08 3.126680e+08 3.222850e+08 2.952882e+08 2.594740e+08 2.233486e+08
4.290334e+06 4.290334e+06 4.290334e+06 4.290334e+06 4.290334e+06 4.290333e+06 4.290331e+06 4.290223e+06 4.289743e+06 4.288483e+06 4.282705e+06 4.274690e+06 4.276556e+06 4.316646e+06 4.439977e+06 4.703141e+06 5.167465e+06 1.236118e+07 3.004602e+07 5.727859e+07 9.022005e+07 1.245583e+08 1.569594e+08 2.097843e+08 2.461320e+08 2.702292e+08 2.863154e+08 2.972704e+08 3.048689e+08 3.153946e+08 2.900145e+08 2.556588e+08 2.206488e+08
4.272149e+06 4.272149e+06 4.272149e+06 4.272149e+06 4.272149e+06 4.272148e+06 4.272146e+06 4.272039e+06 4.271568e+06 4.270329e+06 4.264655e+06 4.256769e+06 4.258489e+06 4.297452e+06 4.417543e+06 4.673926e+06 5.126378e+06 1.213747e+07 2.937425e+07 5.591726e+07 8.802487e+07 1.214942e+08 1.530758e+08 2.045666e+08 2.400009e+08 2.635010e+08 2.792020e+08 2.899133e+08 2.973666e+08 3.086431e+08 2.847867e+08 2.518415e+08 2.179362e+08
4.252818e+06 4.252818e+06 4.252818e+06 4.252818e+06 4.252818e+06 4.252818e+06 4.252816e+06 4.252713e+06 4.252252e+06 4.251039e+06 4.245476e+06 4.237730e+06 4.239334e+06 4.277243e+06 4.394255e+06 4.644168e+06 5.085270e+06 1.192145e+07 2.872889e+07 5.461104e+07 8.591945e+07 1.185560e+08 1.493520e+08 1.995637e+08 2.341213e+08 2.570467e+08 2.723740e+08 2.828453e+08 2.901512e+08 3.020402e+08 2.796151e+08 2.480295e+08 2.152143e+08
4.232642e+06 4.232642e+06 4.232642e+06 4.232642e+06 4.232642e+06 4.232642e+06 4.232640e+06 4.232538e+06 4.232086e+06 4.230896e+06 4.225437e+06 4.217827e+06 4.219319e+06 4.256219e+06 4.370284e+06 4.613994e+06 5.044216e+06 1.171267e+07 2.810837e+07 5.335670e+07 8.389859e+07 1.157363e+08 1.457788e+08 1.947633e+08 2.284794e+08 2.508516e+08 2.658174e+08 2.760537e+08 2.832115e+08 2.955932e+08 2.745086e+08 2.442299e+08 2.124867e+08
4.211753e+06 4.211753e+06 4.211753e+06 4.211753e+06 4.211753e+06 4.211753e+06 4.211752e+06 4.211654e+06 4.211211e+06 4.210045e+06 4.204692e+06 4.197217e+06 4.198609e+06 4.234547e+06 4.345787e+06 4.583549e+06 5.003332e+06 1.151082e+07 2.751132e+07 5.215133e+07 8.195751e+07 1.130285e+08 1.423478e+08 1.901543e+08 2.230620e+08 2.449020e+08 2.595185e+08 2.695255e+08 2.765360e+08 2.893068e+08 2.694748e+08 2.404489e+08 2.097567e+08
4.190425e+06 4.190425e+06 4.190425e+06 4.190425e+06 4.190425e+06 4.190425e+06 4.190424e+06 4.190327e+06 4.189892e+06 4.188747e+06 4.183489e+06 4.176136e+06 4.177422e+06 4.212425e+06 4.320942e+06 4.552981e+06 4.962728e+06 1.131558e+07 2.693651e+07 5.099224e+07 8.009182e+07 1.104264e+08 1.390510e+08 1.857259e+08 2.178569e+08 2.391849e+08 2.534640e+08 2.632481e+08 2.701131e+08 2.831840e+08 2.645199e+08 2.366924e+08 2.070277e+08
4.168557e+06 4.168557e+06 4.168557e+06 4.168557e+06 4.168557e+06 4.168557e+06 4.168555e+06 4.168458e+06 4.168029e+06 4.166902e+06 4.161733e+06 4.154494e+06 4.155677e+06 4.189780e+06 4.295678e+06 4.522217e+06 4.922319e+06 1.112655e+07 2.638269e+07 4.987692e+07 7.829741e+07 1.079242e+08 1.358813e+08 1.814685e+08 2.128526e+08 2.336878e+08 2.476415e+08 2.572091e+08 2.639310e+08 2.772262e+08 2.596492e+08 2.329659e+08 2.043028e+08
4.145909e+06 4.145909e+06 4.145909e+06 4.145909e+06 4.145909e+06 4.145909e+06 4.145907e+06 4.145812e+06 4.145391e+06 4.144285e+06 4.139211e+06 4.132096e+06 4.133196e+06 4.166453e+06 4.269852e+06 4.491120e+06 4.881962e+06 1.094335e+07 2.584874e+07 4.880300e+07 7.657046e+07 1.055167e+08 1.328316e+08 1.773728e+08 2.080385e+08 2.283993e+08 2.420390e+08 2.513967e+08 2.579787e+08 2.714332e+08 2.548669e+08 2.292739e+08 2.015852e+08
4.122673e+06 4.122673e+06 4.122673e+06 4.122673e+06 4.122673e+06 4.122672e+06 4.122671e+06 4.122580e+06 4.122168e+06 4.121084e+06 4.116107e+06 4.109118e+06 4.110146e+06 4.142596e+06 4.243599e+06 4.459802e+06 4.841744e+06 1.076572e+07 2.533362e+07 4.776834e+07 7.490741e+07 1.031987e+08 1.298959e+08 1.734304e+08 2.034046e+08 2.233084e+08 2.366454e+08 2.457998e+08 2.522451e+08 2.658041e+08 2.501764e+08 2.256209e+08 1.988777e+08
4.099145e+06 4.099145e+06 4.099145e+06 4.099145e+06 4.099145e+06 4.099144e+06 4.099143e+06 4.099053e+06 4.098648e+06 4.097583e+06 4.092693e+06 4.085817e+06 4.086766e+06 4.118430e+06 4.217115e+06 4.428433e+06 4.801797e+06 1.059343e+07 2.483639e+07 4.677088e+07 7.330494e+07 1.009656e+08 1.270680e+08 1.696332e+08 1.989414e+08 2.184051e+08 2.314499e+08 2.404077e+08 2.467197e+08 2.603368e+08 2.455801e+08 2.220106e+08 1.961831e+08
4.075233e+06 4.075233e+06 4.075233e+06 4.075233e+06 4.075233e+06 4.075232e+06 4.075231e+06 4.075141e+06 4.074742e+06 4.073695e+06 4.068887e+06 4.062119e+06 4.062992e+06 4.093898e+06 4.190350e+06 4.396961e+06 4.762059e+06 1.042620e+07 2.435611e+07 4.580868e+07 7.175991e+07 9.881314e+07 1.243424e+08 1.659738e+08 1.946404e+08 2.136798e+08 2.264426e+08 2.352103e+08 2.413928e+08 2.550287e+08 2.410800e+08 2.184463e+08 1.935040e+08
4.050800e+06 4.050800e+06 4.050800e+06 4.050800e+06 4.050800e+06 4.050800e+06 4.050798e+06 4.050709e+06 4.050317e+06 4.049288e+06 4.044562e+06 4.037903e+06 4.038707e+06 4.068887e+06 4.163191e+06 4.365267e+06 4.722401e+06 1.026365e+07 2.389180e+07 4.487988e+07 7.026932e+07 9.673705e+07 1.217139e+08 1.624453e+08 1.904933e+08 2.091235e+08 2.216143e+08 2.301980e+08 2.362546e+08 2.498766e+08 2.366770e+08 2.149309e+08 1.908428e+08
4.025728e+06 4.025728e+06 4.025728e+06 4.025728e+06 4.025728e+06 4.025727e+06 4.025725e+06 4.025636e+06 4.025249e+06 4.024236e+06 4.019588e+06 4.013031e+06 4.013766e+06 4.043244e+06 4.135473e+06 4.333175e+06 4.682625e+06 1.010535e+07 2.344252e+07 4.398267e+07 6.883037e+07 9.473348e+07 1.191777e+08 1.590411e+08 1.864925e+08 2.047280e+08 2.169562e+08 2.253619e+08 2.312964e+08 2.448770e+08 2.323720e+08 2.114669e+08 1.882018e+08
3.999813e+06 3.999813e+06 3.999813e+06 3.999813e+06 3.999813e+06 3.999813e+06 3.999811e+06 3.999722e+06 3.999342e+06 3.998345e+06 3.993771e+06 3.987313e+06 3.987979e+06 4.016777e+06 4.107005e+06 4.300485e+06 4.642525e+06 9.950927e+06 2.300738e+07 4.311540e+07 6.744045e+07 9.279882e+07 1.167291e+08 1.557550e+08 1.826308e+08 2.004854e+08 2.124599e+08 2.206935e+08 2.265095e+08 2.400258e+08 2.281649e+08 2.080563e+08 1.855831e+08
3.973072e+06 3.973072e+06 3.973072e+06 3.973072e+06 3.973072e+06 3.973071e+06 3.973069e+06 3.972982e+06 3.972608e+06 3.971626e+06 3.967124e+06 3.960758e+06 3.961357e+06 3.989497e+06 4.077790e+06 4.267195e+06 4.602081e+06 9.800139e+06 2.258565e+07 4.227656e+07 6.609715e+07 9.092972e+07 1.143640e+08 1.525815e+08 1.789016e+08 1.963883e+08 2.081177e+08 2.161849e+08 2.218859e+08 2.353191e+08 2.240556e+08 2.047009e+08 1.829886e+08
3.945538e+06 3.945538e+06 3.945538e+06 3.945538e+06 3.945538e+06 3.945538e+06 3.945536e+06 3.945450e+06 3.945081e+06 3.944115e+06 3.939684e+06 3.933411e+06 3.933949e+06 3.961458e+06 4.047888e+06 4.233363e+06 4.561344e+06 9.652850e+06 2.217671e+07 4.146483e+07 6.479824e+07 8.912306e+07 1.120783e+08 1.495152e+08 1.752986e+08 1.924299e+08 2.039225e+08 2.118286e+08 2.174181e+08 2.307526e+08 2.200433e+08 2.014020e+08 1.804200e+08
3.917243e+06 3.917243e+06 3.917243e+06 3.917243e+06 3.917243e+06 3.917243e+06 3.917241e+06 3.917157e+06 3.916795e+06 3.915845e+06 3.911486e+06 3.905309e+06 3.905796e+06 3.932705e+06 4.017343e+06 4.199028e+06 4.520343e+06 9.508923e+06 2.177999e+07 4.067894e+07 6.354168e+07 8.737594e+07 1.098684e+08 1.465510e+08 1.718158e+08 1.886037e+08 1.998672e+08 2.076175e+08 2.130989e+08 2.263218e+08 2.161272e+08 1.981608e+08 1.778791e+08
3.888302e+06 3.888302e+06 3.888302e+06 3.888302e+06 3.888302e+06 3.888302e+06 3.888300e+06 3.888217e+06 3.887860e+06 3.886925e+06 3.882637e+06 3.876553e+06 3.876992e+06 3.903321e+06 3.986229e+06 4.164251e+06 4.479127e+06 9.368228e+06 2.139495e+07 3.991774e+07 6.232554e+07 8.568564e+07 1.077307e+08 1.436843e+08 1.684478e+08 1.849036e+08 1.959455e+08 2.035449e+08 2.089215e+08 2.220226e+08 2.123060e+08 1.949781e+08 1.753672e+08
3.858742e+06 3.858742e+06 3.858742e+06 3.858742e+06 3.858742e+06 3.858741e+06 3.858739e+06 3.858659e+06 3.858308e+06 3.857389e+06 3.853171e+06 3.847181e+06 3.847577e+06 3.873350e+06 3.954590e+06 4.129075e+06 4.437728e+06 9.230647e+06 2.102110e+07 3.918015e+07 6.114803e+07 8.404960e+07 1.056621e+08 1.409106e+08 1.651892e+08 1.813237e+08 1.921514e+08 1.996046e+08 2.048795e+08 2.178505e+08 2.085783e+08 1.918544e+08 1.728856e+08
3.828677e+06 3.828677e+06 3.828677e+06 3.828677e+06 3.828677e+06 3.828677e+06 3.828675e+06 3.828595e+06 3.828250e+06 3.827346e+06 3.823194e+06 3.817295e+06 3.817649e+06 3.842886e+06 3.922511e+06 4.093576e+06 4.396209e+06 9.096091e+06 2.065799e+07 3.846516e+07 6.000744e+07 8.246544e+07 1.036594e+08 1.382258e+08 1.620352e+08 1.778588e+08 1.884789e+08 1.957906e+08 2.009668e+08 2.138012e+08 2.049426e+08 1.887900e+08 1.704355e+08
3.798139e+06 3.798139e+06 3.798139e+06 3.798139e+06 3.798139e+06 3.798138e+06 3.798137e+06 3.798060e+06 3.797721e+06 3.796832e+06 3.792750e+06 3.786942e+06 3.787262e+06 3.811985e+06 3.890054e+06 4.057815e+06 4.354629e+06 8.964492e+06 2.030520e+07 3.777183e+07 5.890221e+07 8.093087e+07 1.017198e+08 1.356258e+08 1.589811e+08 1.745037e+08 1.849228e+08 1.920973e+08 1.971779e+08 2.098705e+08 2.013970e+08 1.857852e+08 1.680178e+08
3.767341e+06 3.767341e+06 3.767341e+06 3.767341e+06 3.767341e+06 3.767341e+06 3.767339e+06 3.767264e+06 3.766932e+06 3.766057e+06 3.762041e+06 3.756323e+06 3.756610e+06 3.780835e+06 3.857399e+06 4.021960e+06 4.313139e+06 8.835842e+06 1.996238e+07 3.709926e+07 5.783080e+07 7.944373e+07 9.984040e+07 1.331070e+08 1.560225e+08 1.712536e+08 1.814779e+08 1.885195e+08 1.935071e+08 2.060542e+08 1.979398e+08 1.828398e+08 1.656335e+08
3.736460e+06 3.736460e+06 3.736460e+06 3.736460e+06 3.736460e+06 3.736460e+06 3.736458e+06 3.736384e+06 3.736057e+06 3.735196e+06 3.731240e+06 3.725605e+06 3.725856e+06 3.749593e+06 3.824693e+06 3.986149e+06 4.271863e+06 8.710103e+06 1.962916e+07 3.644660e+07 5.679177e+07 7.800197e+07 9.801866e+07 1.306659e+08 1.531552e+08 1.681038e+08 1.781395e+08 1.850521e+08 1.899496e+08 2.023483e+08 1.945690e+08 1.799537e+08 1.632832e+08
