9.595808e+05 4.990467e+05 4.005513e+05 2.639585e+05 2.208869e+05 1.426798e+05 1.191796e+05 1.001094e+05 9.517263e+04 9.167143e+04 8.723575e+04 8.481335e+04 8.353639e+04 8.288566e+04 8.244414e+04 8.182024e+04 8.065019e+04 6.192882e+04 3.875779e+04 2.607848e+04 2.013367e+04 1.731429e+04 1.600062e+04 1.543150e+04 1.613797e+04 1.755171e+04 1.956459e+04 2.222569e+04 2.563810e+04 1.133451e+05 2.614699e+05 3.972650e+05 4.951113e+05
1.113599e+05 1.113599e+05 1.113599e+05 1.113555e+05 1.113133e+05 1.086558e+05 1.036280e+05 9.388363e+04 9.086263e+04 8.853830e+04 8.542494e+04 8.370125e+04 8.284316e+04 8.246163e+04 8.219705e+04 8.168684e+04 8.058440e+04 6.187426e+04 3.867050e+04 2.601287e+04 2.009541e+04 1.729726e+04 1.599891e+04 1.544913e+04 1.616723e+04 1.758970e+04 1.961096e+04 2.228146e+04 2.570501e+04 1.135988e+05 2.618506e+05 3.976439e+05 4.954258e+05
9.281625e+04 9.281629e+04 9.281639e+04 9.281814e+04 9.281923e+04 9.232558e+04 9.114576e+04 8.826770e+04 8.630485e+04 8.495468e+04 8.332504e+04 8.244321e+04 8.208495e+04 8.201640e+04 8.195109e+04 8.156411e+04 8.053117e+04 6.181333e+04 3.857431e+04 2.594239e+04 2.005509e+04 1.727968e+04 1.599743e+04 1.546761e+04 1.619750e+04 1.762877e+04 1.965847e+04 2.233845e+04 2.577326e+04 1.138551e+05 2.622337e+05 3.980246e+05 4.957412e+05
8.500004e+04 8.500006e+04 8.500012e+04 8.500165e+04 8.500506e+04 8.495589e+04 8.436131e+04 8.414092e+04 8.365116e+04 8.282035e+04 8.154276e+04 8.122842e+04 8.133886e+04 8.158732e+04 8.172628e+04 8.146310e+04 8.049631e+04 6.174458e+04 3.846844e+04 2.586685e+04 2.001269e+04 1.726157e+04 1.599621e+04 1.548696e+04 1.622881e+04 1.766894e+04 1.970714e+04 2.239668e+04 2.584287e+04 1.141141e+05 2.626194e+05 3.984069e+05 4.960576e+05
8.124748e+04 8.124750e+04 8.124754e+04 8.124876e+04 8.125191e+04 8.128144e+04 8.110377e+04 8.087629e+04 8.119571e+04 8.129772e+04 8.085192e+04 8.054283e+04 8.077989e+04 8.124841e+04 8.155687e+04 8.140009e+04 8.048710e+04 6.166593e+04 3.835204e+04 2.578604e+04 1.996821e+04 1.724298e+04 1.599530e+04 1.550723e+04 1.626118e+04 1.771023e+04 1.975698e+04 2.245618e+04 2.591385e+04 1.143758e+05 2.630077e+05 3.987909e+05 4.963750e+05
7.938964e+04 7.938965e+04 7.938968e+04 7.939065e+04 7.939327e+04 7.943739e+04 7.942815e+04 7.918190e+04 7.945426e+04 7.990145e+04 8.046696e+04 8.057749e+04 8.076752e+04 8.115841e+04 8.151330e+04 8.140775e+04 8.051810e+04 6.157508e+04 3.822420e+04 2.569978e+04 1.992165e+04 1.722394e+04 1.599474e+04 1.552843e+04 1.629464e+04 1.775266e+04 1.980801e+04 2.251694e+04 2.598623e+04 1.146403e+05 2.633985e+05 3.991766e+05 4.966933e+05
7.855437e+04 7.855438e+04 7.855441e+04 7.855520e+04 7.855743e+04 7.860491e+04 7.866527e+04 7.856343e+04 7.868251e+04 7.906594e+04 8.010566e+04 8.081461e+04 8.122744e+04 8.155304e+04 8.173901e+04 8.154982e+04 8.061913e+04 6.147004e+04 3.808402e+04 2.560791e+04 1.987301e+04 1.720450e+04 1.599457e+04 1.555060e+04 1.632921e+04 1.779624e+04 1.986024e+04 2.257900e+04 2.606001e+04 1.149076e+05 2.637918e+05 3.995639e+05 4.970125e+05
7.838602e+04 7.838603e+04 7.838605e+04 7.838673e+04 7.838868e+04 7.843539e+04 7.852427e+04 7.857987e+04 7.864229e+04 7.889884e+04 7.994955e+04 8.107282e+04 8.183719e+04 8.225758e+04 8.234383e+04 8.194912e+04 8.084599e+04 6.134997e+04 3.793076e+04 2.551029e+04 1.982232e+04 1.718470e+04 1.599484e+04 1.557378e+04 1.636491e+04 1.784099e+04 1.991370e+04 2.264237e+04 2.613522e+04 1.151776e+05 2.641878e+05 3.999530e+05 4.973328e+05
7.869333e+04 7.869334e+04 7.869336e+04 7.869397e+04 7.869574e+04 7.874091e+04 7.884203e+04 7.901520e+04 7.909107e+04 7.927432e+04 8.016070e+04 8.141503e+04 8.246861e+04 8.306786e+04 8.314906e+04 8.261363e+04 8.129232e+04 6.121607e+04 3.776390e+04 2.540687e+04 1.976963e+04 1.716460e+04 1.599559e+04 1.559798e+04 1.640175e+04 1.788692e+04 1.996839e+04 2.270705e+04 2.621188e+04 1.154505e+05 2.645863e+05 4.003438e+05 4.976539e+05
7.936801e+04 7.936802e+04 7.936804e+04 7.936859e+04 7.937021e+04 7.941347e+04 7.951918e+04 7.976992e+04 7.988467e+04 8.004901e+04 8.076680e+04 8.195121e+04 8.312881e+04 8.388371e+04 8.401289e+04 8.339562e+04 8.190239e+04 6.107258e+04 3.758337e+04 2.529768e+04 1.971501e+04 1.714426e+04 1.599688e+04 1.562325e+04 1.643976e+04 1.793405e+04 2.002433e+04 2.277307e+04 2.628999e+04 1.157262e+05 2.649874e+05 4.007362e+05 4.979761e+05
8.033936e+04 8.033937e+04 8.033938e+04 8.033990e+04 8.034143e+04 8.038310e+04 8.049102e+04 8.079385e+04 8.094912e+04 8.112430e+04 8.172102e+04 8.273830e+04 8.387272e+04 8.468271e+04 8.485065e+04 8.418746e+04 8.256335e+04 6.092809e+04 3.738965e+04 2.518288e+04 1.965858e+04 1.712378e+04 1.599877e+04 1.564960e+04 1.647896e+04 1.798240e+04 2.008153e+04 2.284045e+04 2.636958e+04 1.160048e+05 2.653911e+05 4.011304e+05 4.982991e+05
9.426777e+04 9.426776e+04 9.426773e+04 9.426675e+04 9.426370e+04 9.418678e+04 9.401345e+04 9.346196e+04 9.309265e+04 9.267251e+04 9.170770e+04 9.060751e+04 8.939438e+04 8.805188e+04 8.648536e+04 8.451671e+04 8.192960e+04 5.823583e+04 3.517921e+04 2.391684e+04 1.906314e+04 1.694262e+04 1.606768e+04 1.597999e+04 1.694000e+04 1.853571e+04 2.072607e+04 2.359182e+04 2.725040e+04 1.189523e+05 2.695730e+05 4.051660e+05 5.015822e+05
7.447794e+04 7.447794e+04 7.447793e+04 7.447791e+04 7.447782e+04 7.447488e+04 7.446574e+04 7.442443e+04 7.438993e+04 7.434487e+04 7.421797e+04 7.402546e+04 7.372307e+04 7.322598e+04 7.240808e+04 7.111721e+04 6.920660e+04 5.046305e+04 3.205307e+04 2.286455e+04 1.880814e+04 1.703040e+04 1.633958e+04 1.646393e+04 1.754002e+04 1.922483e+04 2.151103e+04 2.449417e+04 2.829701e+04 1.222089e+05 2.740251e+05 4.093737e+05 5.049597e+05
6.104092e+04 6.104092e+04 6.104092e+04 6.104092e+04 6.104093e+04 6.104089e+04 6.104037e+04 6.103568e+04 6.103016e+04 6.102172e+04 6.099383e+04 6.094286e+04 6.083913e+04 6.061600e+04 6.016535e+04 5.935008e+04 5.803364e+04 4.365639e+04 2.912641e+04 2.196101e+04 1.885195e+04 1.750457e+04 1.699532e+04 1.719918e+04 1.831271e+04 2.006704e+04 2.245052e+04 2.556256e+04 2.952662e+04 1.257958e+05 2.787562e+05 4.137549e+05 5.084304e+05
5.281530e+04 5.281530e+04 5.281530e+04 5.281530e+04 5.281531e+04 5.281543e+04 5.281577e+04 5.281713e+04 5.281798e+04 5.281876e+04 5.281911e+04 5.281167e+04 5.277278e+04 5.264847e+04 5.235025e+04 5.176438e+04 5.077518e+04 3.933829e+04 2.747414e+04 2.162961e+04 1.917800e+04 1.819517e+04 1.788702e+04 1.822772e+04 1.933647e+04 2.110099e+04 2.356915e+04 2.681834e+04 3.096074e+04 1.297347e+05 2.837742e+05 4.183102e+05 5.119929e+05
4.809477e+04 4.809477e+04 4.809477e+04 4.809476e+04 4.809476e+04 4.809465e+04 4.809448e+04 4.809591e+04 4.809781e+04 4.810049e+04 4.810751e+04 4.811179e+04 4.809356e+04 4.800738e+04 4.777853e+04 4.731066e+04 4.650523e+04 3.697321e+04 2.694321e+04 2.195510e+04 1.987647e+04 1.909644e+04 1.892513e+04 1.942569e+04 2.059698e+04 2.239508e+04 2.491912e+04 2.829788e+04 3.263075e+04 1.340471e+05 2.890864e+05 4.230399e+05 5.156451e+05
4.554904e+04 4.554904e+04 4.554904e+04 4.554904e+04 4.554903e+04 4.554877e+04 4.554809e+04 4.554765e+04 4.554850e+04 4.555019e+04 4.555567e+04 4.555975e+04 4.554535e+04 4.547297e+04 4.527767e+04 4.487558e+04 4.418083e+04 3.591366e+04 2.716345e+04 2.276545e+04 2.090667e+04 2.021569e+04 2.010266e+04 2.072407e+04 2.201334e+04 2.391843e+04 2.655669e+04 3.006899e+04 3.458647e+04 1.387551e+05 2.946991e+05 4.279433e+05 5.193847e+05
4.422722e+04 4.422722e+04 4.422722e+04 4.422722e+04 4.422723e+04 4.422732e+04 4.422753e+04 4.422819e+04 4.422873e+04 4.422949e+04 4.423168e+04 4.423163e+04 4.421472e+04 4.414632e+04 4.396897e+04 4.360831e+04 4.298803e+04 3.562633e+04 2.781707e+04 2.386009e+04 2.215834e+04 2.151310e+04 2.141807e+04 2.211420e+04 2.354869e+04 2.563011e+04 2.845793e+04 3.217400e+04 3.690775e+04 1.438820e+05 3.006177e+05 4.330192e+05 5.232092e+05
4.347901e+04 4.347901e+04 4.347901e+04 4.347902e+04 4.347902e+04 4.347930e+04 4.348023e+04 4.348390e+04 4.348650e+04 4.348945e+04 4.349574e+04 4.349896e+04 4.348558e+04 4.342439e+04 4.326394e+04 4.293760e+04 4.237697e+04 3.573279e+04 2.867741e+04 2.508829e+04 2.353118e+04 2.293548e+04 2.285921e+04 2.361971e+04 2.521188e+04 2.752180e+04 3.061145e+04 3.460436e+04 3.962350e+04 1.494520e+05 3.068466e+05 4.382654e+05 5.271155e+05
4.304589e+04 4.304589e+04 4.304589e+04 4.304589e+04 4.304590e+04 4.304610e+04 4.304666e+04 4.304849e+04 4.304957e+04 4.305068e+04 4.305256e+04 4.305113e+04 4.303448e+04 4.297465e+04 4.282534e+04 4.252646e+04 4.201628e+04 3.599804e+04 2.961174e+04 2.636787e+04 2.497036e+04 2.445255e+04 2.442202e+04 2.527791e+04 2.704570e+04 2.961985e+04 3.302993e+04 3.736842e+04 4.274016e+04 1.554918e+05 3.133895e+05 4.436794e+05 5.311000e+05
4.267125e+04 4.267125e+04 4.267125e+04 4.267125e+04 4.267125e+04 4.267107e+04 4.267052e+04 4.266911e+04 4.266863e+04 4.266842e+04 4.266865e+04 4.266716e+04 4.265297e+04 4.260061e+04 4.246804e+04 4.220087e+04 4.174319e+04 3.632494e+04 3.057885e+04 2.768556e+04 2.647547e+04 2.607363e+04 2.612772e+04 2.713770e+04 2.911298e+04 3.197937e+04 3.575197e+04 4.049231e+04 4.627820e+04 1.620311e+05 3.202490e+05 4.492576e+05 5.351591e+05
4.240685e+04 4.240685e+04 4.240685e+04 4.240685e+04 4.240686e+04 4.240701e+04 4.240745e+04 4.240888e+04 4.240971e+04 4.241055e+04 4.241216e+04 4.241166e+04 4.239962e+04 4.235341e+04 4.223538e+04 4.199666e+04 4.158699e+04 3.673326e+04 3.161290e+04 2.908686e+04 2.809633e+04 2.784977e+04 2.802938e+04 2.926298e+04 3.148877e+04 3.467441e+04 3.883863e+04 4.402129e+04 5.027111e+04 1.691039e+05 3.274272e+05 4.549959e+05 5.392884e+05
4.226195e+04 4.226195e+04 4.226195e+04 4.226195e+04 4.226197e+04 4.226241e+04 4.226376e+04 4.226897e+04 4.227272e+04 4.227711e+04 4.228727e+04 4.229667e+04 4.229605e+04 4.226456e+04 4.216803e+04 4.196245e+04 4.160286e+04 3.729661e+04 3.279846e+04 3.066237e+04 2.992374e+04 2.986821e+04 3.021000e+04 3.173382e+04 3.425694e+04 3.778978e+04 4.236677e+04 4.801769e+04 5.476631e+04 1.767503e+05 3.349254e+05 4.608895e+05 5.434835e+05
4.255443e+04 4.255443e+04 4.255443e+04 4.255443e+04 4.255443e+04 4.255440e+04 4.255431e+04 4.255425e+04 4.255445e+04 4.255491e+04 4.255670e+04 4.255824e+04 4.255197e+04 4.251952e+04 4.243039e+04 4.224525e+04 4.192417e+04 3.812712e+04 3.425671e+04 3.253694e+04 3.207897e+04 3.224271e+04 3.277495e+04 3.464371e+04 3.750795e+04 4.141585e+04 4.642231e+04 5.255641e+04 5.982398e+04 1.850201e+05 3.427447e+05 4.669330e+05 5.477394e+05
4.301902e+04 4.301902e+04 4.301902e+04 4.301903e+04 4.301905e+04 4.301973e+04 4.302187e+04 4.303041e+04 4.303673e+04 4.304433e+04 4.306275e+04 4.308309e+04 4.309744e+04 4.308848e+04 4.302841e+04 4.288202e+04 4.261420e+04 3.936113e+04 3.613952e+04 3.485795e+04 3.469929e+04 3.509951e+04 3.584018e+04 3.809358e+04 4.133622e+04 4.564538e+04 5.109536e+04 5.771997e+04 6.551415e+04 1.939843e+05 3.508856e+05 4.731203e+05 5.520510e+05
4.435364e+04 4.435364e+04 4.435364e+04 4.435364e+04 4.435366e+04 4.435409e+04 4.435534e+04 4.435982e+04 4.436305e+04 4.436706e+04 4.437773e+04 4.439112e+04 4.440110e+04 4.439237e+04 4.433997e+04 4.421257e+04 4.397963e+04 4.120429e+04 3.861354e+04 3.777113e+04 3.791655e+04 3.856038e+04 3.951960e+04 4.218581e+04 4.583772e+04 5.057173e+04 5.647714e+04 6.359440e+04 7.191303e+04 2.036772e+05 3.593489e+05 4.794451e+05 5.564127e+05
4.637083e+04 4.637083e+04 4.637083e+04 4.637084e+04 4.637086e+04 4.637139e+04 4.637320e+04 4.638156e+04 4.638830e+04 4.639671e+04 4.641814e+04 4.644369e+04 4.646645e+04 4.647166e+04 4.643643e+04 4.633311e+04 4.613581e+04 4.380121e+04 4.180606e+04 4.139078e+04 4.183963e+04 4.273204e+04 4.391834e+04 4.702118e+04 5.110866e+04 5.628798e+04 6.265826e+04 7.026622e+04 7.909954e+04 2.140825e+05 3.681356e+05 4.859003e+05 5.608190e+05
4.935943e+04 4.935943e+04 4.935943e+04 4.935944e+04 4.935947e+04 4.936026e+04 4.936245e+04 4.937034e+04 4.937602e+04 4.938287e+04 4.940007e+04 4.942078e+04 4.943939e+04 4.944290e+04 4.941099e+04 4.931963e+04 4.914731e+04 4.721096e+04 4.578879e+04 4.579882e+04 4.655906e+04 4.771126e+04 4.913662e+04 5.270015e+04 5.724549e+04 6.288644e+04 6.972764e+04 7.782046e+04 8.715249e+04 2.251882e+05 3.772476e+05 4.924788e+05 5.652639e+05
5.303801e+04 5.303801e+04 5.303801e+04 5.303802e+04 5.303805e+04 5.303906e+04 5.304223e+04 5.305515e+04 5.306493e+04 5.307688e+04 5.310697e+04 5.314345e+04 5.318000e+04 5.320364e+04 5.319523e+04 5.313328e+04 5.299990e+04 5.148198e+04 5.063183e+04 5.108075e+04 5.217114e+04 5.360053e+04 5.527940e+04 5.932549e+04 6.434497e+04 7.045806e+04 7.777156e+04 8.633902e+04 9.614825e+04 2.369800e+05 3.866879e+05 4.991731e+05 5.697412e+05
5.806856e+04 5.806856e+04 5.806856e+04 5.806856e+04 5.806857e+04 5.806891e+04 5.806996e+04 5.807443e+04 5.807823e+04 5.808342e+04 5.809868e+04 5.812003e+04 5.814256e+04 5.815455e+04 5.813860e+04 5.807591e+04 5.795240e+04 5.674355e+04 5.644433e+04 5.735122e+04 5.879383e+04 6.051705e+04 6.246062e+04 6.700186e+04 7.250262e+04 7.909092e+04 8.687242e+04 9.589944e+04 1.061590e+05 2.494395e+05 3.964622e+05 5.059756e+05 5.742448e+05
6.382221e+04 6.382221e+04 6.382221e+04 6.382222e+04 6.382226e+04 6.382362e+04 6.382785e+04 6.384453e+04 6.385687e+04 6.387177e+04 6.390866e+04 6.395278e+04 6.399772e+04 6.403124e+04 6.403670e+04 6.399761e+04 6.390375e+04 6.305883e+04 6.335022e+04 6.474687e+04 6.656006e+04 6.858537e+04 7.079602e+04 7.583041e+04 8.180918e+04 8.886818e+04 9.710735e+04 1.065736e+05 1.172510e+05 2.625444e+05 4.065802e+05 5.128788e+05 5.787684e+05
7.101336e+04 7.101336e+04 7.101336e+04 7.101337e+04 7.101338e+04 7.101377e+04 7.101503e+04 7.102170e+04 7.102801e+04 7.103669e+04 7.106175e+04 7.109636e+04 7.113521e+04 7.116660e+04 7.117469e+04 7.114490e+04 7.107041e+04 7.058832e+04 7.150455e+04 7.340984e+04 7.559616e+04 7.791824e+04 8.038808e+04 8.590085e+04 9.234680e+04 9.986600e+04 1.085470e+05 1.184265e+05 1.294838e+05 2.762684e+05 4.170636e+05 5.198754e+05 5.833058e+05
7.947755e+04 7.947755e+04 7.947755e+04 7.947757e+04 7.947760e+04 7.947883e+04 7.948267e+04 7.949863e+04 7.951118e+04 7.952693e+04 7.956799e+04 7.962004e+04 7.967650e+04 7.972479e+04 7.974920e+04 7.973701e+04 7.968522e+04 7.954222e+04 8.105764e+04 8.345227e+04 8.599365e+04 8.859668e+04 9.131297e+04 9.728650e+04 1.041872e+05 1.121529e+05 1.212549e+05 1.315159e+05 1.429085e+05 2.905822e+05 4.279217e+05 5.269583e+05 5.878506e+05
8.979868e+04 8.979868e+04 8.979868e+04 8.979869e+04 8.979872e+04 8.979975e+04 8.980297e+04 8.981605e+04 8.982620e+04 8.983896e+04 8.987261e+04 8.991592e+04 8.996288e+04 9.000129e+04 9.001623e+04 8.999703e+04 8.994450e+04 9.003833e+04 9.208098e+04 9.492234e+04 9.779461e+04 1.006652e+05 1.036205e+05 1.100471e+05 1.173940e+05 1.257904e+05 1.352871e+05 1.458908e+05 1.575671e+05 3.054527e+05 4.391083e+05 5.341212e+05 5.923967e+05
1.014173e+05 1.014173e+05 1.014173e+05 1.014173e+05 1.014174e+05 1.014192e+05 1.014249e+05 1.014475e+05 1.014645e+05 1.014852e+05 1.015374e+05 1.016018e+05 1.016706e+05 1.017300e+05 1.017641e+05 1.017629e+05 1.017295e+05 1.020650e+05 1.045688e+05 1.078195e+05 1.110121e+05 1.141519e+05 1.173516e+05 1.242389e+05 1.320273e+05 1.408349e+05 1.506924e+05 1.615912e+05 1.734907e+05 3.208445e+05 4.505813e+05 5.413583e+05 5.969381e+05
1.151742e+05 1.151742e+05 1.151742e+05 1.151742e+05 1.151742e+05 1.151751e+05 1.151779e+05 1.151892e+05 1.151980e+05 1.152092e+05 1.152395e+05 1.152796e+05 1.153232e+05 1.153567e+05 1.153643e+05 1.153362e+05 1.152778e+05 1.156522e+05 1.185122e+05 1.221527e+05 1.256770e+05 1.291036e+05 1.325635e+05 1.399267e+05 1.481483e+05 1.573382e+05 1.675110e+05 1.786457e+05 1.906979e+05 3.367185e+05 4.623002e+05 5.486653e+05 6.014691e+05
1.299713e+05 1.299713e+05 1.299713e+05 1.299713e+05 1.299714e+05 1.299737e+05 1.299811e+05 1.300105e+05 1.300321e+05 1.300581e+05 1.301213e+05 1.301957e+05 1.302713e+05 1.303315e+05 1.303580e+05 1.303405e+05 1.302855e+05 1.307334e+05 1.339443e+05 1.379941e+05 1.418758e+05 1.456106e+05 1.493446e+05 1.571879e+05 1.658185e+05 1.753451e+05 1.857716e+05 1.970691e+05 2.091922e+05 3.530329e+05 4.742233e+05 5.560394e+05 6.059842e+05
1.468778e+05 1.468778e+05 1.468778e+05 1.468778e+05 1.468778e+05 1.468789e+05 1.468822e+05 1.468964e+05 1.469078e+05 1.469224e+05 1.469611e+05 1.470106e+05 1.470623e+05 1.470990e+05 1.471010e+05 1.470572e+05 1.469753e+05 1.474305e+05 1.510093e+05 1.554946e+05 1.597503e+05 1.638002e+05 1.678065e+05 1.761039e+05 1.850928e+05 1.948872e+05 2.054866e+05 2.168585e+05 2.289589e+05 3.697424e+05 4.863080e+05 5.634808e+05 6.104783e+05
1.650244e+05 1.650244e+05 1.650244e+05 1.650244e+05 1.650245e+05 1.650267e+05 1.650336e+05 1.650612e+05 1.650819e+05 1.651072e+05 1.651712e+05 1.652501e+05 1.653331e+05 1.654002e+05 1.654289e+05 1.654061e+05 1.653403e+05 1.659396e+05 1.699224e+05 1.748416e+05 1.794579e+05 1.838031e+05 1.880565e+05 1.967423e+05 2.060065e+05 2.159740e+05 2.266456e+05 2.379885e+05 2.499623e+05 3.867982e+05 4.985103e+05 5.709958e+05 6.149468e+05
1.857535e+05 1.857535e+05 1.857535e+05 1.857535e+05 1.857536e+05 1.857563e+05 1.857650e+05 1.857987e+05 1.858236e+05 1.858538e+05 1.859298e+05 1.860230e+05 1.861212e+05 1.862014e+05 1.862374e+05 1.862135e+05 1.861376e+05 1.866999e+05 1.909332e+05 1.962012e+05 2.011222e+05 2.057143e+05 2.101662e+05 2.191358e+05 2.285613e+05 2.385835e+05 2.492089e+05 2.604073e+05 2.721427e+05 4.041477e+05 5.107858e+05 5.785940e+05 6.193855e+05
2.096466e+05 2.096466e+05 2.096466e+05 2.096466e+05 2.096467e+05 2.096493e+05 2.096572e+05 2.096890e+05 2.097129e+05 2.097423e+05 2.098168e+05 2.099084e+05 2.100024e+05 2.100713e+05 2.100831e+05 2.100170e+05 2.098784e+05 2.100128e+05 2.141880e+05 2.196572e+05 2.247966e+05 2.295656e+05 2.341487e+05 2.432648e+05 2.527126e+05 2.626533e+05 2.731020e+05 2.840328e+05 2.954143e+05 4.217348e+05 5.230894e+05 5.862434e+05 6.237909e+05
2.364704e+05 2.364704e+05 2.364704e+05 2.364704e+05 2.364704e+05 2.364722e+05 2.364778e+05 2.365002e+05 2.365172e+05 2.365382e+05 2.365926e+05 2.366598e+05 2.367236e+05 2.367523e+05 2.367078e+05 2.365629e+05 2.363196e+05 2.357522e+05 2.396462e+05 2.451861e+05 2.504492e+05 2.553104e+05 2.599427e+05 2.690453e+05 2.783615e+05 2.880756e+05 2.982130e+05 3.087520e+05 3.196652e+05 4.394997e+05 5.353765e+05 5.939121e+05 6.281605e+05
2.649134e+05 2.649134e+05 2.649134e+05 2.649135e+05 2.649136e+05 2.649166e+05 2.649262e+05 2.649642e+05 2.649923e+05 2.650263e+05 2.651102e+05 2.652088e+05 2.653011e+05 2.653480e+05 2.653024e+05 2.651290e+05 2.648243e+05 2.636355e+05 2.671674e+05 2.726695e+05 2.779541e+05 2.828117e+05 2.874026e+05 2.963219e+05 3.053511e+05 3.146962e+05 3.243922e+05 3.344210e+05 3.447582e+05 4.573792e+05 5.476029e+05 6.015720e+05 6.324925e+05
2.961976e+05 2.961976e+05 2.961976e+05 2.961977e+05 2.961977e+05 2.961991e+05 2.962035e+05 2.962212e+05 2.962349e+05 2.962521e+05 2.962976e+05 2.963536e+05 2.963989e+05 2.963909e+05 2.962760e+05 2.960115e+05 2.955892e+05 2.935603e+05 2.965611e+05 3.018886e+05 3.070802e+05 3.118342e+05 3.162933e+05 3.248695e+05 3.334704e+05 3.423187e+05 3.514566e+05 3.608691e+05 3.705342e+05 4.753076e+05 5.597258e+05 6.091966e+05 6.367864e+05
3.284970e+05 3.284970e+05 3.284970e+05 3.284970e+05 3.284971e+05 3.285002e+05 3.285099e+05 3.285480e+05 3.285761e+05 3.286098e+05 3.286923e+05 3.287869e+05 3.288669e+05 3.288820e+05 3.287691e+05 3.284762e+05 3.279877e+05 3.251775e+05 3.275021e+05 3.325084e+05 3.374928e+05 3.420519e+05 3.463024e+05 3.544057e+05 3.624655e+05 3.707133e+05 3.791969e+05 3.879043e+05 3.968162e+05 4.932165e+05 5.717037e+05 6.167603e+05 6.410438e+05
3.633055e+05 3.633055e+05 3.633055e+05 3.633055e+05 3.633055e+05 3.633066e+05 3.633098e+05 3.633233e+05 3.633344e+05 3.633489e+05 3.633880e+05 3.634345e+05 3.634610e+05 3.634124e+05 3.632177e+05 3.628155e+05 3.621826e+05 3.582233e+05 3.595939e+05 3.641123e+05 3.687872e+05 3.730816e+05 3.770701e+05 3.846151e+05 3.920572e+05 3.996298e+05 4.073864e+05 4.153199e+05 4.234152e+05 5.110363e+05 5.834972e+05 6.242382e+05 6.452693e+05
3.985250e+05 3.985250e+05 3.985250e+05 3.985250e+05 3.985251e+05 3.985274e+05 3.985343e+05 3.985607e+05 3.985796e+05 3.986019e+05 3.986563e+05 3.987152e+05 3.987473e+05 3.986907e+05 3.984644e+05 3.979961e+05 3.972525e+05 3.921229e+05 3.923516e+05 3.962474e+05 4.005405e+05 4.045303e+05 4.082313e+05 4.151783e+05 4.219610e+05 4.288115e+05 4.357916e+05 4.429024e+05 4.501357e+05 5.286968e+05 5.950690e+05 6.316063e+05 6.494733e+05
4.345029e+05 4.345029e+05 4.345029e+05 4.345029e+05 4.345029e+05 4.345045e+05 4.345099e+05 4.345317e+05 4.345481e+05 4.345682e+05 4.346185e+05 4.346734e+05 4.346985e+05 4.346244e+05 4.343593e+05 4.338171e+05 4.329517e+05 4.264839e+05 4.253508e+05 4.285107e+05 4.323785e+05 4.360489e+05 4.394572e+05 4.457978e+05 4.519039e+05 4.580067e+05 4.641803e+05 4.704380e+05 4.767812e+05 5.461279e+05 6.063845e+05 6.388413e+05 6.536430e+05
4.712103e+05 4.712103e+05 4.712103e+05 4.712103e+05 4.712104e+05 4.712117e+05 4.712159e+05 4.712327e+05 4.712455e+05 4.712612e+05 4.713005e+05 4.713406e+05 4.713436e+05 4.712319e+05 4.709008e+05 4.702488e+05 4.692150e+05 4.610549e+05 4.582872e+05 4.606070e+05 4.640184e+05 4.673624e+05 4.704777e+05 4.762113e+05 4.816336e+05 4.869758e+05 4.923276e+05 4.977176e+05 5.031583e+05 5.632609e+05 6.174115e+05 6.459209e+05 6.577587e+05
5.079252e+05 5.079252e+05 5.079252e+05 5.079252e+05 5.079252e+05 5.079268e+05 5.079316e+05 5.079509e+05 5.079652e+05 5.079823e+05 5.080240e+05 5.080640e+05 5.080593e+05 5.079223e+05 5.075326e+05 5.067705e+05 5.055582e+05 4.955202e+05 4.909352e+05 4.923352e+05 4.952580e+05 4.982601e+05 5.010734e+05 5.061886e+05 5.109186e+05 5.154938e+05 5.200196e+05 5.245406e+05 5.290811e+05 5.800292e+05 6.281207e+05 6.528242e+05 6.618053e+05
5.446331e+05 5.446331e+05 5.446331e+05 5.446331e+05 5.446331e+05 5.446339e+05 5.446365e+05 5.446467e+05 5.446543e+05 5.446635e+05 5.446858e+05 5.447012e+05 5.446627e+05 5.444729e+05 5.439964e+05 5.430949e+05 5.416740e+05 5.296075e+05 5.231042e+05 5.235279e+05 5.259245e+05 5.285571e+05 5.310474e+05 5.355171e+05 5.395425e+05 5.433486e+05 5.470538e+05 5.507169e+05 5.543731e+05 5.963695e+05 6.384859e+05 6.595313e+05 6.657691e+05
5.802516e+05 5.802516e+05 5.802516e+05 5.802516e+05 5.802516e+05 5.802521e+05 5.802537e+05 5.802600e+05 5.802648e+05 5.802705e+05 5.802841e+05 5.802876e+05 5.802299e+05 5.800042e+05 5.794606e+05 5.784435e+05 5.768418e+05 5.629140e+05 5.545636e+05 5.539952e+05 5.558293e+05 5.580580e+05 5.601977e+05 5.639883e+05 5.672981e+05 5.703401e+05 5.732408e+05 5.760697e+05 5.788704e+05 6.122223e+05 6.484836e+05 6.660239e+05 6.696377e+05
6.143680e+05 6.143680e+05 6.143680e+05 6.143680e+05 6.143681e+05 6.143692e+05 6.143726e+05 6.143857e+05 6.143951e+05 6.144062e+05 6.144321e+05 6.144488e+05 6.144007e+05 6.141723e+05 6.135996e+05 6.125101e+05 6.107763e+05 5.952294e+05 5.851077e+05 5.835217e+05 5.847528e+05 5.865432e+05 5.883072e+05 5.913923e+05 5.939855e+05 5.962802e+05 5.984053e+05 6.004367e+05 6.024238e+05 6.275330e+05 6.580933e+05 6.722853e+05 6.733995e+05
6.478112e+05 6.478112e+05 6.478112e+05 6.478112e+05 6.478112e+05 6.478123e+05 6.478157e+05 6.478280e+05 6.478367e+05 6.478469e+05 6.478703e+05 6.478829e+05 6.478253e+05 6.475736e+05 6.469508e+05 6.457676e+05 6.438797e+05 6.265829e+05 6.145605e+05 6.118760e+05 6.124567e+05 6.137802e+05 6.151517e+05 6.175232e+05 6.194159e+05 6.209962e+05 6.223893e+05 6.236736e+05 6.249013e+05 6.422523e+05 6.672973e+05 6.783002e+05 6.770437e+05
6.805076e+05 6.805076e+05 6.805076e+05 6.805076e+05 6.805076e+05 6.805080e+05 6.805091e+05 6.805135e+05 6.805167e+05 6.805206e+05 6.805287e+05 6.805214e+05 6.804355e+05 6.801388e+05 6.794404e+05 6.781340e+05 6.760579e+05 6.567918e+05 6.426940e+05 6.388222e+05 6.387092e+05 6.395455e+05 6.405182e+05 6.421901e+05 6.434195e+05 6.443363e+05 6.450564e+05 6.456570e+05 6.461908e+05 6.563369e+05 6.760811e+05 6.840552e+05 6.805599e+05
7.115342e+05 7.115342e+05 7.115342e+05 7.115342e+05 7.115342e+05 7.115342e+05 7.115341e+05 7.115339e+05 7.115337e+05 7.115334e+05 7.115313e+05 7.115106e+05 7.114052e+05 7.110743e+05 7.103136e+05 7.088991e+05 7.066506e+05 6.854640e+05 6.692517e+05 6.641397e+05 6.633017e+05 6.636405e+05 6.642196e+05 6.652299e+05 6.658543e+05 6.661759e+05 6.662961e+05 6.662876e+05 6.662023e+05 6.697501e+05 6.844325e+05 6.895386e+05 6.839388e+05
7.404599e+05 7.404599e+05 7.404599e+05 7.404599e+05 7.404600e+05 7.404605e+05 7.404621e+05 7.404681e+05 7.404722e+05 7.404768e+05 7.404860e+05 7.404776e+05 7.403813e+05 7.400483e+05 7.392602e+05 7.377749e+05 7.353926e+05 7.124071e+05 6.940437e+05 6.876387e+05 6.860547e+05 6.859005e+05 6.861056e+05 6.865179e+05 6.866150e+05 6.864239e+05 6.860277e+05 6.854929e+05 6.848694e+05 6.824614e+05 6.923423e+05 6.947404e+05 6.871715e+05
7.680727e+05 7.680727e+05 7.680727e+05 7.680727e+05 7.680727e+05 7.680732e+05 7.680748e+05 7.680810e+05 7.680855e+05 7.680908e+05 7.681018e+05 7.680947e+05 7.679956e+05 7.676466e+05 7.668148e+05 7.652380e+05 7.626951e+05 7.376779e+05 7.169528e+05 7.091758e+05 7.068385e+05 7.062136e+05 7.060800e+05 7.059791e+05 7.056392e+05 7.050261e+05 7.042026e+05 7.032281e+05 7.021503e+05 6.944471e+05 6.998036e+05 6.996526e+05 6.902501e+05
7.946080e+05 7.946080e+05 7.946080e+05 7.946080e+05 7.946080e+05 7.946081e+05 7.946082e+05 7.946085e+05 7.946087e+05 7.946089e+05 7.946075e+05 7.945840e+05 7.944601e+05 7.940675e+05 7.931561e+05 7.914415e+05 7.886795e+05 7.612265e+05 7.378845e+05 7.286771e+05 7.256014e+05 7.245434e+05 7.241154e+05 7.235944e+05 7.229105e+05 7.219667e+05 7.208046e+05 7.194764e+05 7.180275e+05 7.056903e+05 7.068122e+05 7.042686e+05 6.931673e+05
8.193897e+05 8.193897e+05 8.193897e+05 8.193897e+05 8.193897e+05 8.193885e+05 8.193849e+05 8.193708e+05 8.193606e+05 8.193487e+05 8.193179e+05 8.192582e+05 8.190870e+05 8.186256e+05 8.176066e+05 8.157236e+05 8.127100e+05 7.826920e+05 7.567283e+05 7.461368e+05 7.423731e+05 7.409292e+05 7.402518e+05 7.393975e+05 7.384552e+05 7.372651e+05 7.358475e+05 7.342469e+05 7.325056e+05 7.161805e+05 7.133659e+05 7.085838e+05 6.959167e+05
8.408139e+05 8.408139e+05 8.408139e+05 8.408139e+05 8.408139e+05 8.408127e+05 8.408090e+05 8.407944e+05 8.407838e+05 8.407711e+05 8.407379e+05 8.406734e+05 8.404908e+05 8.400018e+05 8.389235e+05 8.369293e+05 8.337326e+05 8.016206e+05 7.734101e+05 7.616096e+05 7.572422e+05 7.554640e+05 7.545775e+05 7.534622e+05 7.523334e+05 7.509704e+05 7.493709e+05 7.475708e+05 7.456094e+05 7.259130e+05 7.194648e+05 7.125950e+05 6.984924e+05
8.588534e+05 8.588534e+05 8.588534e+05 8.588534e+05 8.588533e+05 8.588530e+05 8.588517e+05 8.588468e+05 8.588431e+05 8.588385e+05 8.588245e+05 8.587818e+05 8.586199e+05 8.581424e+05 8.570534e+05 8.550097e+05 8.517066e+05 8.180589e+05 7.880404e+05 7.752232e+05 7.703357e+05 7.682692e+05 7.672065e+05 7.658874e+05 7.646297e+05 7.631538e+05 7.614346e+05 7.594982e+05 7.573798e+05 7.348891e+05 7.251109e+05 7.163008e+05 7.008898e+05
8.748347e+05 8.748347e+05 8.748347e+05 8.748347e+05 8.748347e+05 8.748345e+05 8.748338e+05 8.748309e+05 8.748287e+05 8.748257e+05 8.748158e+05 8.747774e+05 8.746178e+05 8.741344e+05 8.730212e+05 8.709209e+05 8.675138e+05 8.324953e+05 8.008747e+05 7.871494e+05 7.817970e+05 7.794762e+05 7.782633e+05 7.767853e+05 7.754434e+05 7.739020e+05 7.721130e+05 7.700924e+05 7.678708e+05 7.431153e+05 7.303081e+05 7.197010e+05 7.031047e+05
8.891679e+05 8.891679e+05 8.891679e+05 8.891678e+05 8.891678e+05 8.891676e+05 8.891669e+05 8.891640e+05 8.891618e+05 8.891590e+05 8.891499e+05 8.891125e+05 8.889515e+05 8.884588e+05 8.873183e+05 8.851594e+05 8.816482e+05 8.452977e+05 8.121395e+05 7.975541e+05 7.917704e+05 7.892206e+05 7.878781e+05 7.862759e+05 7.848827e+05 7.833106e+05 7.814900e+05 7.794264e+05 7.771453e+05 7.506027e+05 7.350619e+05 7.227969e+05 7.051338e+05
9.020967e+05 9.020967e+05 9.020967e+05 9.020967e+05 9.020967e+05 9.020966e+05 9.020962e+05 9.020944e+05 9.020931e+05 9.020914e+05 9.020847e+05 9.020496e+05 9.018881e+05 9.013862e+05 9.002179e+05 8.979995e+05 8.943827e+05 8.566972e+05 8.220194e+05 8.065995e+05 8.004067e+05 7.976457e+05 7.961876e+05 7.944832e+05 7.930590e+05 7.914792e+05 7.896538e+05 7.875781e+05 7.852721e+05 7.573664e+05 7.393794e+05 7.255911e+05 7.069747e+05
9.138508e+05 9.138508e+05 9.138508e+05 9.138508e+05 9.138508e+05 9.138507e+05 9.138502e+05 9.138480e+05 9.138462e+05 9.138440e+05 9.138358e+05 9.137980e+05 9.136303e+05 9.131126e+05 9.119094e+05 9.096239e+05 9.058941e+05 8.668571e+05 8.306811e+05 8.144492e+05 8.078618e+05 8.048977e+05 8.033290e+05 8.015290e+05 8.000819e+05 7.985064e+05 7.966932e+05 7.946272e+05 7.923223e+05 7.634250e+05 7.432689e+05 7.280872e+05 7.086259e+05
9.243987e+05 9.243987e+05 9.243987e+05 9.243987e+05 9.243987e+05 9.243984e+05 9.243976e+05 9.243941e+05 9.243915e+05 9.243882e+05 9.243775e+05 9.243360e+05 9.241609e+05 9.236265e+05 9.223876e+05 9.200351e+05 9.161941e+05 8.758551e+05 8.382516e+05 8.212438e+05 8.142732e+05 8.111073e+05 8.094256e+05 8.075244e+05 8.060525e+05 8.044854e+05 8.026938e+05 8.006521e+05 7.983674e+05 7.688000e+05 7.467400e+05 7.302900e+05 7.100864e+05
9.336553e+05 9.336553e+05 9.336553e+05 9.336553e+05 9.336553e+05 9.336550e+05 9.336541e+05 9.336501e+05 9.336472e+05 9.336436e+05 9.336318e+05 9.335886e+05 9.334086e+05 9.328611e+05 9.315920e+05 9.291809e+05 9.252410e+05 8.837250e+05 8.448138e+05 8.270802e+05 8.197404e+05 8.163730e+05 8.145740e+05 8.125623e+05 8.110603e+05 8.095010e+05 8.077359e+05 8.057279e+05 8.034768e+05 7.735154e+05 7.498033e+05 7.322051e+05 7.113560e+05
9.416389e+05 9.416389e+05 9.416389e+05 9.416389e+05 9.416389e+05 9.416386e+05 9.416376e+05 9.416335e+05 9.416305e+05 9.416267e+05 9.416146e+05 9.415705e+05 9.413875e+05 9.408302e+05 9.395370e+05 9.370775e+05 9.330540e+05 8.905070e+05 8.504165e+05 8.320115e+05 8.243211e+05 8.207575e+05 8.188419e+05 8.167163e+05 8.151811e+05 8.136293e+05 8.118932e+05 8.099251e+05 8.077174e+05 7.775968e+05 7.524702e+05 7.338389e+05 7.124354e+05
9.484220e+05 9.484220e+05 9.484220e+05 9.484220e+05 9.484220e+05 9.484218e+05 9.484212e+05 9.484188e+05 9.484170e+05 9.484148e+05 9.484063e+05 9.483662e+05 9.481856e+05 9.476251e+05 9.463162e+05 9.438191e+05 9.397263e+05 8.962602e+05 8.550881e+05 8.360616e+05 8.280463e+05 8.243010e+05 8.222773e+05 8.200460e+05 8.184805e+05 8.169377e+05 8.152333e+05 8.133096e+05 8.111523e+05 7.810711e+05 7.547532e+05 7.351985e+05 7.133257e+05
9.542789e+05 9.542789e+05 9.542789e+05 9.542789e+05 9.542789e+05 9.542787e+05 9.542781e+05 9.542756e+05 9.542737e+05 9.542713e+05 9.542622e+05 9.542207e+05 9.540363e+05 9.534657e+05 9.521340e+05 9.495927e+05 9.454247e+05 9.010479e+05 8.588489e+05 8.392500e+05 8.309438e+05 8.270402e+05 8.249241e+05 8.226053e+05 8.210178e+05 8.194881e+05 8.178184e+05 8.159427e+05 8.138411e+05 7.839664e+05 7.566650e+05 7.362916e+05 7.140290e+05
9.591899e+05 9.591899e+05 9.591899e+05 9.591899e+05 9.591899e+05 9.591895e+05 9.591882e+05 9.591828e+05 9.591788e+05 9.591738e+05 9.591586e+05 9.591094e+05 9.589144e+05 9.583270e+05 9.569662e+05 9.543754e+05 9.501289e+05 9.048725e+05 8.617251e+05 8.416158e+05 8.330595e+05 8.290242e+05 8.268340e+05 8.244488e+05 8.228496e+05 8.213383e+05 8.197064e+05 8.178818e+05 8.158398e+05 7.863110e+05 7.582189e+05 7.371265e+05 7.145476e+05
9.628541e+05 9.628541e+05 9.628541e+05 9.628541e+05 9.628541e+05 9.628537e+05 9.628523e+05 9.628469e+05 9.628430e+05 9.628382e+05 9.628235e+05 9.627748e+05 9.625790e+05 9.619862e+05 9.606100e+05 9.579866e+05 9.536829e+05 9.077118e+05 8.637661e+05 8.432259e+05 8.344605e+05 8.303173e+05 8.280680e+05 8.256337e+05 8.240314e+05 8.225431e+05 8.209520e+05 8.191809e+05 8.172012e+05 7.881336e+05 7.594289e+05 7.377117e+05 7.148845e+05
9.653935e+05 9.653935e+05 9.653935e+05 9.653935e+05 9.653934e+05 9.653932e+05 9.653923e+05 9.653887e+05 9.653859e+05 9.653825e+05 9.653713e+05 9.653263e+05 9.651335e+05 9.645405e+05 9.631567e+05 9.605124e+05 9.561684e+05 9.096469e+05 8.650600e+05 8.441647e+05 8.352239e+05 8.309893e+05 8.286902e+05 8.262168e+05 8.246168e+05 8.231547e+05 8.216065e+05 8.198906e+05 8.179751e+05 7.894628e+05 7.603089e+05 7.380563e+05 7.150433e+05
9.670627e+05 9.670627e+05 9.670627e+05 9.670627e+05 9.670627e+05 9.670624e+05 9.670615e+05 9.670580e+05 9.670555e+05 9.670524e+05 9.670420e+05 9.669982e+05 9.668062e+05 9.662117e+05 9.648209e+05 9.621597e+05 9.577836e+05 9.108224e+05 8.657101e+05 8.445142e+05 8.354196e+05 8.311029e+05 8.287586e+05 8.262508e+05 8.246561e+05 8.232222e+05 8.217181e+05 8.200583e+05 8.182082e+05 7.903270e+05 7.608730e+05 7.381693e+05 7.150279e+05
9.679981e+05 9.679981e+05 9.679981e+05 9.679981e+05 9.679981e+05 9.679979e+05 9.679974e+05 9.679951e+05 9.679934e+05 9.679913e+05 9.679832e+05 9.679420e+05 9.677523e+05 9.671583e+05 9.657634e+05 9.630899e+05 9.586889e+05 9.113635e+05 8.657984e+05 8.443352e+05 8.351006e+05 8.307077e+05 8.283214e+05 8.257828e+05 8.241956e+05 8.227914e+05 8.213322e+05 8.197289e+05 8.179443e+05 7.907538e+05 7.611357e+05 7.380601e+05 7.148427e+05
9.683782e+05 9.683782e+05 9.683782e+05 9.683782e+05 9.683781e+05 9.683780e+05 9.683774e+05 9.683752e+05 9.683735e+05 9.683715e+05 9.683636e+05 9.683228e+05 9.681331e+05 9.675375e+05 9.661373e+05 9.634514e+05 9.590271e+05 9.113684e+05 8.653848e+05 8.436726e+05 8.343074e+05 8.298443e+05 8.274198e+05 8.248553e+05 8.232784e+05 8.219052e+05 8.204913e+05 8.189441e+05 8.172246e+05 7.907706e+05 7.611112e+05 7.377382e+05 7.144923e+05
9.682618e+05 9.682618e+05 9.682618e+05 9.682618e+05 9.682617e+05 9.682616e+05 9.682612e+05 9.682594e+05 9.682581e+05 9.682564e+05 9.682494e+05 9.682095e+05 9.680203e+05 9.674238e+05 9.660190e+05 9.633217e+05 9.588757e+05 9.108998e+05 8.645156e+05 8.425665e+05 8.330789e+05 8.285514e+05 8.260932e+05 8.235088e+05 8.219453e+05 8.206041e+05 8.192351e+05 8.177432e+05 8.160876e+05 7.904039e+05 7.608138e+05 7.372130e+05 7.139818e+05
9.677254e+05 9.677254e+05 9.677254e+05 9.677254e+05 9.677254e+05 9.677252e+05 9.677248e+05 9.677229e+05 9.677215e+05 9.677198e+05 9.677125e+05 9.676721e+05 9.674820e+05 9.668828e+05 9.654716e+05 9.627612e+05 9.582919e+05 9.100011e+05 8.632310e+05 8.410570e+05 8.314554e+05 8.268696e+05 8.243823e+05 8.217836e+05 8.202355e+05 8.189264e+05 8.176013e+05 8.161628e+05 8.145693e+05 7.896791e+05 7.602576e+05 7.364941e+05 7.133164e+05
9.667692e+05 9.667692e+05 9.667692e+05 9.667692e+05 9.667692e+05 9.667690e+05 9.667685e+05 9.667664e+05 9.667648e+05 9.667629e+05 9.667551e+05 9.667141e+05 9.665227e+05 9.659207e+05 9.645033e+05 9.617803e+05 9.572888e+05 9.087007e+05 8.615681e+05 8.391850e+05 8.294793e+05 8.248414e+05 8.223290e+05 8.197196e+05 8.181871e+05 8.169084e+05 8.156245e+05 8.142368e+05 8.127028e+05 7.886212e+05 7.594566e+05 7.355907e+05 7.125015e+05
9.653830e+05 9.653830e+05 9.653830e+05 9.653830e+05 9.653830e+05 9.653828e+05 9.653823e+05 9.653802e+05 9.653786e+05 9.653765e+05 9.653686e+05 9.653273e+05 9.651352e+05 9.645314e+05 9.631093e+05 9.603766e+05 9.558671e+05 9.070223e+05 8.595666e+05 8.369958e+05 8.271966e+05 8.225119e+05 8.199763e+05 8.173556e+05 8.158355e+05 8.145833e+05 8.133369e+05 8.119964e+05 8.105187e+05 7.872540e+05 7.584245e+05 7.345124e+05 7.115428e+05
9.635733e+05 9.635733e+05 9.635733e+05 9.635733e+05 9.635733e+05 9.635731e+05 9.635725e+05 9.635702e+05 9.635685e+05 9.635663e+05 9.635582e+05 9.635164e+05 9.633237e+05 9.627186e+05 9.612935e+05 9.585541e+05 9.540321e+05 9.049922e+05 8.572726e+05 8.345398e+05 8.246552e+05 8.199247e+05 8.173643e+05 8.147262e+05 8.132121e+05 8.119807e+05 8.107668e+05 8.094696e+05 8.080449e+05 7.856003e+05 7.571748e+05 7.332681e+05 7.104459e+05
9.613401e+05 9.613401e+05 9.613401e+05 9.613401e+05 9.613401e+05 9.613399e+05 9.613393e+05 9.613370e+05 9.613353e+05 9.613331e+05 9.613249e+05 9.612833e+05 9.610910e+05 9.604862e+05 9.590611e+05 9.563204e+05 9.517939e+05 9.026395e+05 8.547268e+05 8.318573e+05 8.218919e+05 8.171132e+05 8.145235e+05 8.118584e+05 8.103423e+05 8.091252e+05 8.079391e+05 8.066812e+05 8.053065e+05 7.836822e+05 7.557207e+05 7.318671e+05 7.092168e+05
9.587223e+05 9.587223e+05 9.587223e+05 9.587223e+05 9.587223e+05 9.587222e+05 9.587219e+05 9.587206e+05 9.587196e+05 9.587183e+05 9.587123e+05 9.586735e+05 9.584843e+05 9.578833e+05 9.564622e+05 9.537253e+05 9.492014e+05 8.999948e+05 8.519443e+05 8.289603e+05 8.189195e+05 8.140917e+05 8.114696e+05 8.087699e+05 8.072450e+05 8.060371e+05 8.048747e+05 8.036531e+05 8.023261e+05 7.815205e+05 7.540750e+05 7.303180e+05 7.078613e+05
9.558628e+05 9.558628e+05 9.558628e+05 9.558628e+05 9.558628e+05 9.558627e+05 9.558624e+05 9.558610e+05 9.558600e+05 9.558587e+05 9.558527e+05 9.558139e+05 9.556250e+05 9.550247e+05 9.536050e+05 9.508694e+05 9.463461e+05 8.970914e+05 8.489244e+05 8.258423e+05 8.157346e+05 8.108609e+05 8.082068e+05 8.054703e+05 8.039335e+05 8.027323e+05 8.015917e+05 8.004050e+05 7.991244e+05 7.791355e+05 7.522502e+05 7.286296e+05 7.063852e+05
9.527785e+05 9.527785e+05 9.527785e+05 9.527785e+05 9.527785e+05 9.527783e+05 9.527779e+05 9.527760e+05 9.527747e+05 9.527730e+05 9.527659e+05 9.527260e+05 9.525360e+05 9.519349e+05 9.505147e+05 9.477787e+05 9.432542e+05 8.939488e+05 8.456740e+05 8.225037e+05 8.123357e+05 8.074203e+05 8.047367e+05 8.019659e+05 8.004183e+05 7.992245e+05 7.981062e+05 7.969546e+05 7.957204e+05 7.765463e+05 7.502584e+05 7.268103e+05 7.047944e+05
9.494198e+05 9.494198e+05 9.494198e+05 9.494198e+05 9.494198e+05 9.494197e+05 9.494192e+05 9.494174e+05 9.494160e+05 9.494142e+05 9.494070e+05 9.493669e+05 9.491769e+05 9.485764e+05 9.471577e+05 9.444240e+05 9.399021e+05 8.905746e+05 8.422093e+05 8.189550e+05 8.087284e+05 8.037733e+05 8.010626e+05 7.982628e+05 7.967093e+05 7.955266e+05 7.944334e+05 7.933190e+05 7.921324e+05 7.737713e+05 7.481113e+05 7.248681e+05 7.030949e+05
9.457777e+05 9.457777e+05 9.457777e+05 9.457777e+05 9.457777e+05 9.457776e+05 9.457772e+05 9.457757e+05 9.457745e+05 9.457730e+05 9.457666e+05 9.457273e+05 9.455389e+05 9.449410e+05 9.435264e+05 9.407989e+05 9.362846e+05 8.869706e+05 8.385335e+05 8.151990e+05 8.049156e+05 7.999237e+05 7.971899e+05 7.943695e+05 7.928178e+05 7.916525e+05 7.905892e+05 7.895151e+05 7.883783e+05 7.708279e+05 7.458202e+05 7.228111e+05 7.012923e+05
9.419093e+05 9.419093e+05 9.419093e+05 9.419093e+05 9.419093e+05 9.419092e+05 9.419089e+05 9.419075e+05 9.419065e+05 9.419052e+05 9.418992e+05 9.418608e+05 9.416736e+05 9.410779e+05 9.396671e+05 9.369448e+05 9.324371e+05 8.831323e+05 8.346308e+05 8.112269e+05 8.008966e+05 7.958763e+05 7.931268e+05 7.902985e+05 7.887586e+05 7.876183e+05 7.865903e+05 7.855608e+05 7.844764e+05 7.677329e+05 7.433961e+05 7.206467e+05 6.993923e+05
9.378624e+05 9.378624e+05 9.378624e+05 9.378624e+05 9.378624e+05 9.378623e+05 9.378620e+05 9.378606e+05 9.378595e+05 9.378582e+05 9.378521e+05 9.378136e+05 9.376266e+05 9.370313e+05 9.356213e+05 9.329002e+05 9.283931e+05 8.790635e+05 8.304972e+05 8.070415e+05 7.966808e+05 7.916449e+05 7.888895e+05 7.860679e+05 7.845501e+05 7.834425e+05 7.824556e+05 7.814743e+05 7.804449e+05 7.645019e+05 7.408494e+05 7.183825e+05 6.974005e+05
