9.916958e+06 4.871722e+06 3.622286e+06 2.043945e+06 1.759883e+06 1.537485e+06 1.582219e+06 1.616051e+06 1.615750e+06 1.612448e+06 1.606667e+06 1.608105e+06 1.618499e+06 1.637269e+06 1.662744e+06 1.691940e+06 1.719857e+06 1.565424e+06 9.792788e+05 6.523440e+05 5.320430e+05 4.998027e+05 5.086982e+05 5.839659e+05 6.925399e+05 8.100737e+05 9.241564e+05 1.028363e+06 1.119905e+06 1.514434e+06 1.636765e+06 1.738882e+06 1.808270e+06
1.600661e+06 1.600666e+06 1.600681e+06 1.601019e+06 1.601633e+06 1.602979e+06 1.619073e+06 1.613200e+06 1.610446e+06 1.606513e+06 1.601903e+06 1.605663e+06 1.618536e+06 1.639606e+06 1.667080e+06 1.697908e+06 1.727025e+06 1.570841e+06 9.792573e+05 6.513173e+05 5.315164e+05 4.999750e+05 5.095077e+05 5.857505e+05 6.949434e+05 8.128125e+05 9.270141e+05 1.031184e+06 1.122586e+06 1.515193e+06 1.637078e+06 1.739151e+06 1.808492e+06
1.640985e+06 1.640986e+06 1.640988e+06 1.641046e+06 1.641147e+06 1.635363e+06 1.625672e+06 1.613830e+06 1.598270e+06 1.591660e+06 1.592102e+06 1.601099e+06 1.618105e+06 1.642413e+06 1.672419e+06 1.705163e+06 1.735600e+06 1.576972e+06 9.792669e+05 6.502467e+05 5.309855e+05 5.001802e+05 5.103745e+05 5.876145e+05 6.974292e+05 8.156272e+05 9.299376e+05 1.034060e+06 1.125311e+06 1.515954e+06 1.637392e+06 1.739420e+06 1.808715e+06
1.613224e+06 1.613225e+06 1.613226e+06 1.613253e+06 1.613315e+06 1.612280e+06 1.601066e+06 1.603062e+06 1.600086e+06 1.591807e+06 1.584164e+06 1.596076e+06 1.617817e+06 1.646021e+06 1.678992e+06 1.713890e+06 1.745732e+06 1.583851e+06 9.793101e+05 6.491342e+05 5.304535e+05 5.004218e+05 5.113020e+05 5.895605e+05 6.999989e+05 8.185190e+05 9.329276e+05 1.036991e+06 1.128080e+06 1.516715e+06 1.637706e+06 1.739691e+06 1.808938e+06
1.582979e+06 1.582979e+06 1.582980e+06 1.583002e+06 1.583058e+06 1.583492e+06 1.579710e+06 1.576224e+06 1.584719e+06 1.590300e+06 1.591912e+06 1.599287e+06 1.620656e+06 1.651670e+06 1.687403e+06 1.724422e+06 1.757626e+06 1.591502e+06 9.793864e+05 6.479814e+05 5.299236e+05 5.007033e+05 5.122932e+05 5.915909e+05 7.026542e+05 8.214890e+05 9.359848e+05 1.039977e+06 1.130894e+06 1.517478e+06 1.638020e+06 1.739962e+06 1.809162e+06
1.564573e+06 1.564573e+06 1.564574e+06 1.564594e+06 1.564650e+06 1.565656e+06 1.565893e+06 1.562985e+06 1.570297e+06 1.581929e+06 1.601320e+06 1.614940e+06 1.633905e+06 1.662586e+06 1.699125e+06 1.737504e+06 1.771685e+06 1.599942e+06 9.794928e+05 6.467900e+05 5.293991e+05 5.010282e+05 5.133516e+05 5.937081e+05 7.053968e+05 8.245381e+05 9.391096e+05 1.043019e+06 1.133752e+06 1.518242e+06 1.638335e+06 1.740234e+06 1.809387e+06
1.560236e+06 1.560236e+06 1.560237e+06 1.560255e+06 1.560308e+06 1.561521e+06 1.563546e+06 1.564684e+06 1.569415e+06 1.580012e+06 1.608638e+06 1.633589e+06 1.656552e+06 1.683857e+06 1.717313e+06 1.754637e+06 1.788701e+06 1.609198e+06 9.796249e+05 6.455612e+05 5.288834e+05 5.013999e+05 5.144803e+05 5.959145e+05 7.082283e+05 8.276673e+05 9.423028e+05 1.046117e+06 1.136654e+06 1.519006e+06 1.638650e+06 1.740507e+06 1.809612e+06
1.568828e+06 1.568828e+06 1.568829e+06 1.568845e+06 1.568895e+06 1.570156e+06 1.572932e+06 1.577813e+06 1.581727e+06 1.590033e+06 1.619084e+06 1.652353e+06 1.682549e+06 1.712293e+06 1.744594e+06 1.778712e+06 1.810118e+06 1.619328e+06 9.797788e+05 6.442967e+05 5.283800e+05 5.018222e+05 5.156825e+05 5.982124e+05 7.111502e+05 8.308777e+05 9.455646e+05 1.049270e+06 1.139601e+06 1.519772e+06 1.638965e+06 1.740781e+06 1.809838e+06
1.588388e+06 1.588388e+06 1.588388e+06 1.588404e+06 1.588450e+06 1.589689e+06 1.592744e+06 1.600097e+06 1.604335e+06 1.611204e+06 1.636987e+06 1.673070e+06 1.709652e+06 1.744027e+06 1.777587e+06 1.810273e+06 1.838340e+06 1.630442e+06 9.799530e+05 6.429983e+05 5.278925e+05 5.022988e+05 5.169616e+05 6.006042e+05 7.141641e+05 8.341700e+05 9.488956e+05 1.052480e+06 1.142592e+06 1.520538e+06 1.639281e+06 1.741056e+06 1.810064e+06
1.617017e+06 1.617017e+06 1.617018e+06 1.617032e+06 1.617075e+06 1.618264e+06 1.621369e+06 1.630077e+06 1.634949e+06 1.641283e+06 1.663472e+06 1.698368e+06 1.738308e+06 1.777286e+06 1.813645e+06 1.846511e+06 1.872513e+06 1.642733e+06 9.801522e+05 6.416691e+05 5.274252e+05 5.028335e+05 5.183209e+05 6.030920e+05 7.172713e+05 8.375452e+05 9.522962e+05 1.055747e+06 1.145627e+06 1.521305e+06 1.639597e+06 1.741331e+06 1.810291e+06
1.653072e+06 1.653072e+06 1.653073e+06 1.653086e+06 1.653125e+06 1.654242e+06 1.657271e+06 1.666582e+06 1.672008e+06 1.678314e+06 1.697804e+06 1.729702e+06 1.769956e+06 1.811934e+06 1.851336e+06 1.885471e+06 1.910491e+06 1.656511e+06 9.803892e+05 6.403136e+05 5.269826e+05 5.034303e+05 5.197636e+05 6.056782e+05 7.204732e+05 8.410039e+05 9.557668e+05 1.059069e+06 1.148706e+06 1.522072e+06 1.639913e+06 1.741607e+06 1.810518e+06
2.234361e+06 2.234361e+06 2.234361e+06 2.234369e+06 2.234393e+06 2.235111e+06 2.237240e+06 2.245183e+06 2.250797e+06 2.257328e+06 2.272302e+06 2.288274e+06 2.304090e+06 2.319363e+06 2.332998e+06 2.341495e+06 2.338000e+06 1.841545e+06 9.913752e+05 6.289393e+05 5.257454e+05 5.140146e+05 5.396369e+05 6.374229e+05 7.579700e+05 8.803192e+05 9.943607e+05 1.095383e+06 1.181881e+06 1.529741e+06 1.643089e+06 1.744416e+06 1.812823e+06
2.826463e+06 2.826462e+06 2.826462e+06 2.826450e+06 2.826412e+06 2.825256e+06 2.821777e+06 2.807328e+06 2.796713e+06 2.784397e+06 2.756096e+06 2.724475e+06 2.690552e+06 2.654535e+06 2.615459e+06 2.570371e+06 2.513642e+06 1.823824e+06 9.580905e+05 6.237306e+05 5.400437e+05 5.402482e+05 5.738426e+05 6.816327e+05 8.061759e+05 9.284696e+05 1.039981e+06 1.137111e+06 1.219111e+06 1.537313e+06 1.646282e+06 1.747307e+06 1.815182e+06
2.172959e+06 2.172959e+06 2.172959e+06 2.172959e+06 2.172957e+06 2.172892e+06 2.172647e+06 2.171520e+06 2.170600e+06 2.169418e+06 2.166166e+06 2.161509e+06 2.155105e+06 2.146343e+06 2.133792e+06 2.114434e+06 2.083149e+06 1.556313e+06 8.652498e+05 6.145053e+05 5.679164e+05 5.867533e+05 6.298143e+05 7.428622e+05 8.665181e+05 9.856671e+05 1.092312e+06 1.183717e+06 1.259788e+06 1.544647e+06 1.649482e+06 1.750283e+06 1.817596e+06
1.662458e+06 1.662458e+06 1.662458e+06 1.662458e+06 1.662458e+06 1.662451e+06 1.662419e+06 1.662249e+06 1.662097e+06 1.661893e+06 1.661302e+06 1.660417e+06 1.659132e+06 1.657092e+06 1.653248e+06 1.645263e+06 1.629123e+06 1.272496e+06 7.831940e+05 6.209728e+05 6.113433e+05 6.495097e+05 7.034881e+05 8.233682e+05 9.421819e+05 1.052652e+06 1.151040e+06 1.234508e+06 1.303123e+06 1.551598e+06 1.652681e+06 1.753343e+06 1.820062e+06
1.337289e+06 1.337289e+06 1.337289e+06 1.337289e+06 1.337289e+06 1.337290e+06 1.337292e+06 1.337290e+06 1.337282e+06 1.337267e+06 1.337208e+06 1.337097e+06 1.336880e+06 1.336328e+06 1.334689e+06 1.330265e+06 1.320119e+06 1.073316e+06 7.441991e+05 6.564118e+05 6.767096e+05 7.294810e+05 7.917467e+05 9.173372e+05 1.031402e+06 1.131067e+06 1.216609e+06 1.288992e+06 1.348355e+06 1.558021e+06 1.655874e+06 1.756490e+06 1.822580e+06
1.130913e+06 1.130913e+06 1.130913e+06 1.130913e+06 1.130914e+06 1.130926e+06 1.130961e+06 1.131091e+06 1.131183e+06 1.131290e+06 1.131543e+06 1.131834e+06 1.132124e+06 1.132240e+06 1.131627e+06 1.129031e+06 1.122321e+06 9.529335e+05 7.482573e+05 7.211624e+05 7.650367e+05 8.273267e+05 8.934841e+05 1.019737e+06 1.127936e+06 1.216760e+06 1.288968e+06 1.347534e+06 1.395066e+06 1.563787e+06 1.659056e+06 1.759725e+06 1.825149e+06
1.005325e+06 1.005325e+06 1.005325e+06 1.005325e+06 1.005325e+06 1.005337e+06 1.005373e+06 1.005510e+06 1.005612e+06 1.005735e+06 1.006047e+06 1.006443e+06 1.006902e+06 1.007301e+06 1.007231e+06 1.005783e+06 1.001452e+06 8.920173e+05 7.878053e+05 8.105006e+05 8.727676e+05 9.405174e+05 1.006565e+06 1.126845e+06 1.226299e+06 1.304018e+06 1.363380e+06 1.408696e+06 1.443553e+06 1.568792e+06 1.662228e+06 1.763048e+06 1.827766e+06
9.354720e+05 9.354720e+05 9.354720e+05 9.354722e+05 9.354728e+05 9.354919e+05 9.355512e+05 9.357843e+05 9.359558e+05 9.361622e+05 9.366745e+05 9.373094e+05 9.380422e+05 9.387770e+05 9.392203e+05 9.387461e+05 9.363715e+05 8.763364e+05 8.551341e+05 9.181401e+05 9.939642e+05 1.063820e+06 1.126685e+06 1.235151e+06 1.322131e+06 1.387858e+06 1.435096e+06 1.468282e+06 1.491608e+06 1.572970e+06 1.665396e+06 1.766462e+06 1.830429e+06
9.123791e+05 9.123791e+05 9.123791e+05 9.123792e+05 9.123798e+05 9.123965e+05 9.124478e+05 9.126437e+05 9.127857e+05 9.129569e+05 9.133903e+05 9.139498e+05 9.146306e+05 9.153756e+05 9.159969e+05 9.161111e+05 9.151774e+05 8.959498e+05 9.428152e+05 1.036950e+06 1.121426e+06 1.190409e+06 1.247858e+06 1.340533e+06 1.411885e+06 1.464410e+06 1.500125e+06 1.522636e+06 1.535990e+06 1.576305e+06 1.668571e+06 1.769969e+06 1.833136e+06
9.216320e+05 9.216320e+05 9.216320e+05 9.216322e+05 9.216330e+05 9.216555e+05 9.217252e+05 9.220015e+05 9.222065e+05 9.224548e+05 9.230768e+05 9.238577e+05 9.247808e+05 9.258007e+05 9.268058e+05 9.276120e+05 9.280514e+05 9.429004e+05 1.043282e+06 1.159123e+06 1.247335e+06 1.312825e+06 1.363364e+06 1.438306e+06 1.492382e+06 1.530875e+06 1.555558e+06 1.568875e+06 1.574089e+06 1.578845e+06 1.671771e+06 1.773571e+06 1.835884e+06
9.645998e+05 9.645999e+05 9.645999e+05 9.646000e+05 9.646004e+05 9.646137e+05 9.646548e+05 9.648209e+05 9.649486e+05 9.651076e+05 9.655223e+05 9.660699e+05 9.667503e+05 9.675497e+05 9.684362e+05 9.694001e+05 9.705777e+05 1.010470e+06 1.148512e+06 1.276579e+06 1.363966e+06 1.423866e+06 1.466697e+06 1.523806e+06 1.560713e+06 1.585282e+06 1.599588e+06 1.605105e+06 1.604021e+06 1.580707e+06 1.675020e+06 1.777270e+06 1.838671e+06
1.024994e+06 1.024994e+06 1.024994e+06 1.024994e+06 1.024994e+06 1.025013e+06 1.025070e+06 1.025292e+06 1.025454e+06 1.025652e+06 1.026146e+06 1.026772e+06 1.027524e+06 1.028398e+06 1.029411e+06 1.030673e+06 1.032537e+06 1.089926e+06 1.250267e+06 1.381740e+06 1.464460e+06 1.517360e+06 1.552366e+06 1.593054e+06 1.614459e+06 1.626324e+06 1.631343e+06 1.630422e+06 1.624742e+06 1.582092e+06 1.678351e+06 1.781072e+06 1.841493e+06
1.102403e+06 1.102403e+06 1.102403e+06 1.102403e+06 1.102403e+06 1.102422e+06 1.102479e+06 1.102697e+06 1.102851e+06 1.103035e+06 1.103482e+06 1.104028e+06 1.104663e+06 1.105392e+06 1.106265e+06 1.107475e+06 1.109508e+06 1.174818e+06 1.341464e+06 1.468296e+06 1.543481e+06 1.588771e+06 1.616478e+06 1.643294e+06 1.652007e+06 1.653353e+06 1.650695e+06 1.644770e+06 1.636026e+06 1.583302e+06 1.681805e+06 1.784978e+06 1.844347e+06
1.189038e+06 1.189038e+06 1.189038e+06 1.189038e+06 1.189038e+06 1.189038e+06 1.189041e+06 1.189049e+06 1.189056e+06 1.189066e+06 1.189098e+06 1.189160e+06 1.189262e+06 1.189430e+06 1.189744e+06 1.190439e+06 1.192049e+06 1.256135e+06 1.415372e+06 1.531627e+06 1.597739e+06 1.635635e+06 1.657106e+06 1.673310e+06 1.672792e+06 1.666435e+06 1.658139e+06 1.648755e+06 1.638332e+06 1.584817e+06 1.685432e+06 1.788995e+06 1.847230e+06
1.263153e+06 1.263153e+06 1.263153e+06 1.263154e+06 1.263154e+06 1.263160e+06 1.263179e+06 1.263255e+06 1.263310e+06 1.263377e+06 1.263540e+06 1.263737e+06 1.263960e+06 1.264218e+06 1.264577e+06 1.265251e+06 1.266737e+06 1.324920e+06 1.467551e+06 1.569689e+06 1.626357e+06 1.657711e+06 1.674359e+06 1.683504e+06 1.677394e+06 1.666384e+06 1.654703e+06 1.643471e+06 1.632630e+06 1.586803e+06 1.689289e+06 1.793128e+06 1.850138e+06
1.332187e+06 1.332187e+06 1.332187e+06 1.332187e+06 1.332187e+06 1.332184e+06 1.332176e+06 1.332153e+06 1.332138e+06 1.332120e+06 1.332069e+06 1.331990e+06 1.331877e+06 1.331740e+06 1.331636e+06 1.331744e+06 1.332477e+06 1.378327e+06 1.496978e+06 1.582980e+06 1.630692e+06 1.656804e+06 1.670218e+06 1.675771e+06 1.667470e+06 1.654722e+06 1.641874e+06 1.630361e+06 1.620234e+06 1.589078e+06 1.693445e+06 1.797382e+06 1.853068e+06
1.382669e+06 1.382669e+06 1.382669e+06 1.382669e+06 1.382669e+06 1.382660e+06 1.382627e+06 1.382483e+06 1.382372e+06 1.382235e+06 1.381889e+06 1.381457e+06 1.380951e+06 1.380389e+06 1.379815e+06 1.379358e+06 1.379316e+06 1.411083e+06 1.503529e+06 1.573827e+06 1.614021e+06 1.636488e+06 1.648240e+06 1.653213e+06 1.645552e+06 1.633546e+06 1.621486e+06 1.611099e+06 1.602655e+06 1.591585e+06 1.697976e+06 1.801766e+06 1.856015e+06
1.402692e+06 1.402692e+06 1.402692e+06 1.402692e+06 1.402692e+06 1.402688e+06 1.402676e+06 1.402622e+06 1.402580e+06 1.402528e+06 1.402389e+06 1.402200e+06 1.401957e+06 1.401654e+06 1.401302e+06 1.400953e+06 1.400776e+06 1.420988e+06 1.489778e+06 1.546803e+06 1.581384e+06 1.601722e+06 1.613088e+06 1.619701e+06 1.614725e+06 1.605325e+06 1.595593e+06 1.587469e+06 1.581481e+06 1.594330e+06 1.702968e+06 1.806287e+06 1.858977e+06
1.407700e+06 1.407700e+06 1.407700e+06 1.407700e+06 1.407700e+06 1.407696e+06 1.407681e+06 1.407623e+06 1.407577e+06 1.407520e+06 1.407370e+06 1.407167e+06 1.406907e+06 1.406579e+06 1.406166e+06 1.405657e+06 1.405097e+06 1.413819e+06 1.461892e+06 1.508185e+06 1.538740e+06 1.558015e+06 1.569797e+06 1.579341e+06 1.578261e+06 1.572657e+06 1.566310e+06 1.561267e+06 1.558282e+06 1.597361e+06 1.708521e+06 1.810955e+06 1.861950e+06
1.399409e+06 1.399409e+06 1.399409e+06 1.399409e+06 1.399409e+06 1.399396e+06 1.399357e+06 1.399205e+06 1.399096e+06 1.398965e+06 1.398644e+06 1.398248e+06 1.397781e+06 1.397236e+06 1.396580e+06 1.395757e+06 1.394717e+06 1.393799e+06 1.425639e+06 1.463808e+06 1.491567e+06 1.510421e+06 1.523003e+06 1.535974e+06 1.539278e+06 1.538046e+06 1.535673e+06 1.534196e+06 1.534536e+06 1.600764e+06 1.714753e+06 1.815779e+06 1.864929e+06
1.371410e+06 1.371410e+06 1.371410e+06 1.371410e+06 1.371410e+06 1.371404e+06 1.371386e+06 1.371317e+06 1.371265e+06 1.371203e+06 1.371044e+06 1.370835e+06 1.370570e+06 1.370232e+06 1.369772e+06 1.369104e+06 1.368122e+06 1.362850e+06 1.385037e+06 1.418061e+06 1.444129e+06 1.462973e+06 1.476479e+06 1.492844e+06 1.500494e+06 1.503730e+06 1.505519e+06 1.507796e+06 1.511572e+06 1.604645e+06 1.721827e+06 1.820773e+06 1.867913e+06
1.334079e+06 1.334079e+06 1.334079e+06 1.334079e+06 1.334079e+06 1.334078e+06 1.334073e+06 1.334051e+06 1.334033e+06 1.334010e+06 1.333947e+06 1.333861e+06 1.333748e+06 1.333589e+06 1.333331e+06 1.332872e+06 1.332082e+06 1.325841e+06 1.343825e+06 1.374270e+06 1.399540e+06 1.418625e+06 1.433034e+06 1.452468e+06 1.464105e+06 1.471573e+06 1.477414e+06 1.483392e+06 1.490533e+06 1.609131e+06 1.729850e+06 1.825948e+06 1.870898e+06
1.295494e+06 1.295494e+06 1.295494e+06 1.295494e+06 1.295494e+06 1.295493e+06 1.295489e+06 1.295472e+06 1.295459e+06 1.295443e+06 1.295402e+06 1.295348e+06 1.295278e+06 1.295175e+06 1.294987e+06 1.294615e+06 1.293929e+06 1.288096e+06 1.305275e+06 1.334874e+06 1.359935e+06 1.379379e+06 1.394598e+06 1.416654e+06 1.431764e+06 1.443037e+06 1.452620e+06 1.462066e+06 1.472363e+06 1.614358e+06 1.738703e+06 1.831319e+06 1.873880e+06
1.257618e+06 1.257618e+06 1.257618e+06 1.257618e+06 1.257618e+06 1.257617e+06 1.257615e+06 1.257605e+06 1.257598e+06 1.257588e+06 1.257563e+06 1.257529e+06 1.257486e+06 1.257419e+06 1.257282e+06 1.256989e+06 1.256427e+06 1.252402e+06 1.271349e+06 1.301337e+06 1.326590e+06 1.346451e+06 1.362373e+06 1.386604e+06 1.404637e+06 1.419198e+06 1.432093e+06 1.444657e+06 1.457797e+06 1.620459e+06 1.748298e+06 1.836904e+06 1.876859e+06
1.221425e+06 1.221425e+06 1.221425e+06 1.221425e+06 1.221425e+06 1.221427e+06 1.221431e+06 1.221447e+06 1.221458e+06 1.221471e+06 1.221501e+06 1.221536e+06 1.221574e+06 1.221602e+06 1.221583e+06 1.221445e+06 1.221110e+06 1.220314e+06 1.243074e+06 1.274397e+06 1.300162e+06 1.320492e+06 1.337032e+06 1.363046e+06 1.383477e+06 1.400790e+06 1.416512e+06 1.431773e+06 1.447380e+06 1.627561e+06 1.758560e+06 1.842724e+06 1.879832e+06
1.190162e+06 1.190162e+06 1.190162e+06 1.190162e+06 1.190162e+06 1.190165e+06 1.190173e+06 1.190207e+06 1.190232e+06 1.190261e+06 1.190334e+06 1.190423e+06 1.190525e+06 1.190629e+06 1.190705e+06 1.190705e+06 1.190587e+06 1.193491e+06 1.221170e+06 1.254451e+06 1.280963e+06 1.301807e+06 1.318898e+06 1.346365e+06 1.368718e+06 1.388263e+06 1.406312e+06 1.423814e+06 1.441472e+06 1.635773e+06 1.769417e+06 1.848801e+06 1.882798e+06
1.165932e+06 1.165932e+06 1.165932e+06 1.165932e+06 1.165932e+06 1.165934e+06 1.165939e+06 1.165963e+06 1.165981e+06 1.166004e+06 1.166064e+06 1.166143e+06 1.166240e+06 1.166347e+06 1.166446e+06 1.166511e+06 1.166538e+06 1.173050e+06 1.206119e+06 1.241713e+06 1.269119e+06 1.290497e+06 1.308077e+06 1.336707e+06 1.360552e+06 1.381838e+06 1.401720e+06 1.420998e+06 1.440278e+06 1.645181e+06 1.780800e+06 1.855170e+06 1.885756e+06
1.147986e+06 1.147986e+06 1.147986e+06 1.147986e+06 1.147986e+06 1.147989e+06 1.147997e+06 1.148027e+06 1.148050e+06 1.148077e+06 1.148146e+06 1.148234e+06 1.148339e+06 1.148457e+06 1.148580e+06 1.148706e+06 1.148876e+06 1.159151e+06 1.198051e+06 1.236220e+06 1.264608e+06 1.286512e+06 1.304514e+06 1.334038e+06 1.358984e+06 1.381552e+06 1.402794e+06 1.423390e+06 1.443859e+06 1.655845e+06 1.792637e+06 1.861879e+06 1.888708e+06
1.135899e+06 1.135899e+06 1.135899e+06 1.135899e+06 1.135899e+06 1.135902e+06 1.135912e+06 1.135948e+06 1.135974e+06 1.136004e+06 1.136081e+06 1.136177e+06 1.136292e+06 1.136427e+06 1.136584e+06 1.136787e+06 1.137124e+06 1.151569e+06 1.196862e+06 1.237843e+06 1.267270e+06 1.289677e+06 1.308026e+06 1.338189e+06 1.363873e+06 1.387296e+06 1.409447e+06 1.430918e+06 1.452157e+06 1.667796e+06 1.804856e+06 1.868987e+06 1.891654e+06
1.129473e+06 1.129473e+06 1.129473e+06 1.129473e+06 1.129473e+06 1.129477e+06 1.129489e+06 1.129536e+06 1.129570e+06 1.129612e+06 1.129717e+06 1.129849e+06 1.130009e+06 1.130198e+06 1.130428e+06 1.130752e+06 1.131303e+06 1.150302e+06 1.202404e+06 1.246355e+06 1.276845e+06 1.299715e+06 1.318330e+06 1.348878e+06 1.374958e+06 1.398837e+06 1.421475e+06 1.443402e+06 1.465009e+06 1.681033e+06 1.817385e+06 1.876413e+06 1.894598e+06
1.130191e+06 1.130191e+06 1.130191e+06 1.130191e+06 1.130191e+06 1.130195e+06 1.130205e+06 1.130246e+06 1.130276e+06 1.130314e+06 1.130410e+06 1.130535e+06 1.130690e+06 1.130881e+06 1.131134e+06 1.131528e+06 1.132247e+06 1.155638e+06 1.214542e+06 1.261477e+06 1.293002e+06 1.316270e+06 1.335055e+06 1.365730e+06 1.391878e+06 1.415840e+06 1.438573e+06 1.460566e+06 1.482166e+06 1.695528e+06 1.830153e+06 1.884081e+06 1.897544e+06
1.137258e+06 1.137258e+06 1.137258e+06 1.137258e+06 1.137258e+06 1.137262e+06 1.137277e+06 1.137333e+06 1.137375e+06 1.137426e+06 1.137553e+06 1.137712e+06 1.137904e+06 1.138137e+06 1.138445e+06 1.138935e+06 1.139837e+06 1.167527e+06 1.233051e+06 1.282867e+06 1.315341e+06 1.338906e+06 1.357748e+06 1.388280e+06 1.414182e+06 1.437884e+06 1.460353e+06 1.482056e+06 1.503306e+06 1.711222e+06 1.843087e+06 1.891926e+06 1.900497e+06
1.151630e+06 1.151630e+06 1.151630e+06 1.151630e+06 1.151630e+06 1.151633e+06 1.151643e+06 1.151684e+06 1.151715e+06 1.151754e+06 1.151852e+06 1.151982e+06 1.152144e+06 1.152353e+06 1.152655e+06 1.153181e+06 1.154208e+06 1.185827e+06 1.257600e+06 1.310089e+06 1.343363e+06 1.367094e+06 1.385860e+06 1.415978e+06 1.441343e+06 1.464475e+06 1.486359e+06 1.507454e+06 1.528047e+06 1.728031e+06 1.856120e+06 1.899887e+06 1.903468e+06
1.171606e+06 1.171606e+06 1.171606e+06 1.171606e+06 1.171606e+06 1.171610e+06 1.171624e+06 1.171677e+06 1.171716e+06 1.171764e+06 1.171884e+06 1.172035e+06 1.172220e+06 1.172451e+06 1.172787e+06 1.173383e+06 1.174559e+06 1.210006e+06 1.287661e+06 1.342551e+06 1.376441e+06 1.400188e+06 1.418746e+06 1.448196e+06 1.472766e+06 1.495059e+06 1.516083e+06 1.536293e+06 1.555963e+06 1.745851e+06 1.869181e+06 1.907909e+06 1.906471e+06
1.197562e+06 1.197562e+06 1.197562e+06 1.197562e+06 1.197562e+06 1.197565e+06 1.197576e+06 1.197618e+06 1.197651e+06 1.197690e+06 1.197792e+06 1.197924e+06 1.198091e+06 1.198308e+06 1.198644e+06 1.199277e+06 1.200570e+06 1.239530e+06 1.322553e+06 1.379513e+06 1.413821e+06 1.437443e+06 1.455675e+06 1.484246e+06 1.507811e+06 1.529043e+06 1.548976e+06 1.568071e+06 1.586593e+06 1.764555e+06 1.882206e+06 1.915935e+06 1.909527e+06
1.228359e+06 1.228359e+06 1.228359e+06 1.228359e+06 1.228360e+06 1.228363e+06 1.228375e+06 1.228422e+06 1.228456e+06 1.228498e+06 1.228603e+06 1.228738e+06 1.228905e+06 1.229124e+06 1.229473e+06 1.230150e+06 1.231557e+06 1.273714e+06 1.361467e+06 1.420128e+06 1.454671e+06 1.478055e+06 1.495876e+06 1.523414e+06 1.545815e+06 1.565812e+06 1.584470e+06 1.602264e+06 1.619457e+06 1.784003e+06 1.895130e+06 1.923913e+06 1.912674e+06
1.263645e+06 1.263645e+06 1.263645e+06 1.263645e+06 1.263645e+06 1.263649e+06 1.263659e+06 1.263703e+06 1.263736e+06 1.263776e+06 1.263877e+06 1.264007e+06 1.264169e+06 1.264385e+06 1.264741e+06 1.265453e+06 1.266957e+06 1.311848e+06 1.403558e+06 1.463546e+06 1.498171e+06 1.521238e+06 1.538591e+06 1.564994e+06 1.586114e+06 1.604746e+06 1.621991e+06 1.638341e+06 1.654066e+06 1.804046e+06 1.907893e+06 1.931790e+06 1.915882e+06
1.302936e+06 1.302936e+06 1.302936e+06 1.302936e+06 1.302936e+06 1.302939e+06 1.302950e+06 1.302990e+06 1.303019e+06 1.303055e+06 1.303144e+06 1.303258e+06 1.303401e+06 1.303596e+06 1.303936e+06 1.304656e+06 1.306217e+06 1.353232e+06 1.448056e+06 1.509010e+06 1.543585e+06 1.566274e+06 1.583116e+06 1.608306e+06 1.628062e+06 1.645235e+06 1.660967e+06 1.675772e+06 1.689932e+06 1.824523e+06 1.920437e+06 1.939516e+06 1.919097e+06
1.345064e+06 1.345064e+06 1.345064e+06 1.345065e+06 1.345065e+06 1.345067e+06 1.345076e+06 1.345109e+06 1.345134e+06 1.345164e+06 1.345242e+06 1.345343e+06 1.345472e+06 1.345655e+06 1.345989e+06 1.346721e+06 1.348335e+06 1.397065e+06 1.494291e+06 1.555882e+06 1.590278e+06 1.612522e+06 1.628807e+06 1.652712e+06 1.671037e+06 1.686688e+06 1.700843e+06 1.714042e+06 1.726577e+06 1.845273e+06 1.932706e+06 1.947044e+06 1.922280e+06
1.389350e+06 1.389350e+06 1.389350e+06 1.389350e+06 1.389350e+06 1.389353e+06 1.389363e+06 1.389402e+06 1.389431e+06 1.389466e+06 1.389554e+06 1.389666e+06 1.389802e+06 1.389990e+06 1.390330e+06 1.391078e+06 1.392734e+06 1.442752e+06 1.541698e+06 1.603596e+06 1.637668e+06 1.659383e+06 1.675055e+06 1.697599e+06 1.714444e+06 1.728538e+06 1.741086e+06 1.752653e+06 1.763543e+06 1.866132e+06 1.944649e+06 1.954329e+06 1.925397e+06
1.435943e+06 1.435943e+06 1.435943e+06 1.435943e+06 1.435943e+06 1.435944e+06 1.435947e+06 1.435960e+06 1.435970e+06 1.435981e+06 1.436013e+06 1.436057e+06 1.436119e+06 1.436229e+06 1.436492e+06 1.437176e+06 1.438794e+06 1.489561e+06 1.589649e+06 1.651562e+06 1.685160e+06 1.706258e+06 1.721257e+06 1.742373e+06 1.757714e+06 1.770245e+06 1.781193e+06 1.791139e+06 1.800396e+06 1.886940e+06 1.956218e+06 1.961327e+06 1.928418e+06
1.481604e+06 1.481604e+06 1.481604e+06 1.481604e+06 1.481604e+06 1.481606e+06 1.481612e+06 1.481633e+06 1.481648e+06 1.481666e+06 1.481710e+06 1.481766e+06 1.481838e+06 1.481956e+06 1.482229e+06 1.482930e+06 1.484590e+06 1.536334e+06 1.637403e+06 1.699130e+06 1.732125e+06 1.752525e+06 1.766806e+06 1.786460e+06 1.800306e+06 1.811307e+06 1.820696e+06 1.829065e+06 1.836736e+06 1.907543e+06 1.967367e+06 1.968001e+06 1.931311e+06
1.526751e+06 1.526751e+06 1.526751e+06 1.526751e+06 1.526751e+06 1.526753e+06 1.526758e+06 1.526780e+06 1.526797e+06 1.526818e+06 1.526871e+06 1.526940e+06 1.527029e+06 1.527169e+06 1.527471e+06 1.528217e+06 1.529945e+06 1.582665e+06 1.684376e+06 1.745657e+06 1.777921e+06 1.797565e+06 1.811107e+06 1.829319e+06 1.841727e+06 1.851268e+06 1.859174e+06 1.866042e+06 1.872200e+06 1.927792e+06 1.978054e+06 1.974312e+06 1.934049e+06
1.572337e+06 1.572337e+06 1.572337e+06 1.572337e+06 1.572337e+06 1.572339e+06 1.572346e+06 1.572372e+06 1.572392e+06 1.572416e+06 1.572476e+06 1.572551e+06 1.572645e+06 1.572788e+06 1.573094e+06 1.573848e+06 1.575597e+06 1.628643e+06 1.730096e+06 1.790534e+06 1.821941e+06 1.840805e+06 1.853624e+06 1.870475e+06 1.881546e+06 1.889733e+06 1.896259e+06 1.901727e+06 1.906469e+06 1.947550e+06 1.988242e+06 1.980230e+06 1.936607e+06
1.618507e+06 1.618507e+06 1.618507e+06 1.618507e+06 1.618507e+06 1.618508e+06 1.618510e+06 1.618518e+06 1.618525e+06 1.618533e+06 1.618554e+06 1.618582e+06 1.618624e+06 1.618712e+06 1.618962e+06 1.619660e+06 1.621352e+06 1.673868e+06 1.774009e+06 1.833212e+06 1.863680e+06 1.881782e+06 1.893930e+06 1.909546e+06 1.919411e+06 1.926372e+06 1.931643e+06 1.935829e+06 1.939271e+06 1.966689e+06 1.997894e+06 1.985724e+06 1.938959e+06
1.663081e+06 1.663081e+06 1.663081e+06 1.663081e+06 1.663081e+06 1.663082e+06 1.663086e+06 1.663099e+06 1.663109e+06 1.663121e+06 1.663149e+06 1.663185e+06 1.663233e+06 1.663325e+06 1.663573e+06 1.664260e+06 1.665926e+06 1.717526e+06 1.815606e+06 1.873311e+06 1.902817e+06 1.920200e+06 1.931740e+06 1.946260e+06 1.955059e+06 1.960929e+06 1.965078e+06 1.968114e+06 1.970381e+06 1.985096e+06 2.006981e+06 1.990768e+06 1.941082e+06
1.706425e+06 1.706425e+06 1.706425e+06 1.706425e+06 1.706425e+06 1.706427e+06 1.706430e+06 1.706443e+06 1.706453e+06 1.706464e+06 1.706491e+06 1.706522e+06 1.706563e+06 1.706643e+06 1.706873e+06 1.707529e+06 1.709136e+06 1.759309e+06 1.854694e+06 1.910704e+06 1.939229e+06 1.955928e+06 1.966910e+06 1.980450e+06 1.988307e+06 1.993218e+06 1.996379e+06 1.998397e+06 1.999622e+06 2.002668e+06 2.015474e+06 1.995341e+06 1.942955e+06
1.748282e+06 1.748282e+06 1.748282e+06 1.748282e+06 1.748282e+06 1.748281e+06 1.748281e+06 1.748279e+06 1.748277e+06 1.748275e+06 1.748270e+06 1.748264e+06 1.748263e+06 1.748296e+06 1.748472e+06 1.749059e+06 1.750564e+06 1.798930e+06 1.891216e+06 1.945391e+06 1.972909e+06 1.988933e+06 1.999382e+06 2.012020e+06 2.019038e+06 2.023111e+06 2.025412e+06 2.026546e+06 2.026860e+06 2.019317e+06 2.023348e+06 1.999422e+06 1.944557e+06
1.786982e+06 1.786982e+06 1.786982e+06 1.786982e+06 1.786982e+06 1.786982e+06 1.786982e+06 1.786980e+06 1.786979e+06 1.786978e+06 1.786974e+06 1.786969e+06 1.786967e+06 1.786997e+06 1.787163e+06 1.787724e+06 1.789172e+06 1.835887e+06 1.925066e+06 1.977365e+06 2.003856e+06 2.019202e+06 2.029128e+06 2.040917e+06 2.047184e+06 2.050527e+06 2.052091e+06 2.052471e+06 2.052006e+06 2.034969e+06 2.030582e+06 2.002998e+06 1.945872e+06
1.822742e+06 1.822742e+06 1.822742e+06 1.822742e+06 1.822742e+06 1.822741e+06 1.822741e+06 1.822739e+06 1.822738e+06 1.822737e+06 1.822733e+06 1.822727e+06 1.822725e+06 1.822754e+06 1.822915e+06 1.823457e+06 1.824859e+06 1.870029e+06 1.956167e+06 2.006591e+06 2.032045e+06 2.046709e+06 2.056120e+06 2.067107e+06 2.072705e+06 2.075425e+06 2.076373e+06 2.076123e+06 2.075006e+06 2.049560e+06 2.037159e+06 2.006055e+06 1.946883e+06
1.855787e+06 1.855787e+06 1.855787e+06 1.855787e+06 1.855787e+06 1.855787e+06 1.855786e+06 1.855785e+06 1.855783e+06 1.855782e+06 1.855777e+06 1.855772e+06 1.855769e+06 1.855796e+06 1.855950e+06 1.856473e+06 1.857825e+06 1.901432e+06 1.984502e+06 2.033028e+06 2.057433e+06 2.071418e+06 2.080328e+06 2.090575e+06 2.095596e+06 2.097801e+06 2.098249e+06 2.097490e+06 2.095842e+06 2.063044e+06 2.043065e+06 2.008585e+06 1.947575e+06
1.886286e+06 1.886286e+06 1.886286e+06 1.886286e+06 1.886286e+06 1.886286e+06 1.886286e+06 1.886283e+06 1.886281e+06 1.886279e+06 1.886272e+06 1.886264e+06 1.886258e+06 1.886281e+06 1.886426e+06 1.886926e+06 1.888225e+06 1.930191e+06 2.010066e+06 2.056631e+06 2.079976e+06 2.093297e+06 2.101739e+06 2.111335e+06 2.115883e+06 2.117685e+06 2.117749e+06 2.116595e+06 2.114529e+06 2.075382e+06 2.048287e+06 2.010581e+06 1.947936e+06
1.914297e+06 1.914297e+06 1.914297e+06 1.914297e+06 1.914297e+06 1.914297e+06 1.914296e+06 1.914293e+06 1.914291e+06 1.914288e+06 1.914281e+06 1.914272e+06 1.914265e+06 1.914286e+06 1.914424e+06 1.914903e+06 1.916148e+06 1.956365e+06 2.032834e+06 2.077362e+06 2.099655e+06 2.112355e+06 2.120382e+06 2.129444e+06 2.133636e+06 2.135147e+06 2.134932e+06 2.133489e+06 2.131106e+06 2.086549e+06 2.052819e+06 2.012041e+06 1.947955e+06
1.939964e+06 1.939964e+06 1.939964e+06 1.939964e+06 1.939964e+06 1.939963e+06 1.939963e+06 1.939962e+06 1.939961e+06 1.939960e+06 1.939956e+06 1.939951e+06 1.939949e+06 1.939973e+06 1.940108e+06 1.940568e+06 1.941758e+06 1.980039e+06 2.052823e+06 2.095254e+06 2.116536e+06 2.128679e+06 2.136361e+06 2.145020e+06 2.148970e+06 2.150292e+06 2.149894e+06 2.148250e+06 2.145639e+06 2.096530e+06 2.056655e+06 2.012964e+06 1.947623e+06
1.963640e+06 1.963640e+06 1.963640e+06 1.963640e+06 1.963640e+06 1.963640e+06 1.963640e+06 1.963637e+06 1.963635e+06 1.963633e+06 1.963626e+06 1.963616e+06 1.963608e+06 1.963623e+06 1.963742e+06 1.964166e+06 1.965275e+06 2.001324e+06 2.070153e+06 2.110472e+06 2.130806e+06 2.142466e+06 2.149870e+06 2.158240e+06 2.162042e+06 2.163257e+06 2.162751e+06 2.160979e+06 2.158210e+06 2.105319e+06 2.059792e+06 2.013350e+06 1.946934e+06
1.985190e+06 1.985190e+06 1.985190e+06 1.985190e+06 1.985190e+06 1.985189e+06 1.985188e+06 1.985183e+06 1.985178e+06 1.985173e+06 1.985160e+06 1.985144e+06 1.985126e+06 1.985129e+06 1.985227e+06 1.985606e+06 1.986624e+06 2.020282e+06 2.085056e+06 2.123307e+06 2.142759e+06 2.153993e+06 2.161169e+06 2.169326e+06 2.173041e+06 2.174201e+06 2.173637e+06 2.171788e+06 2.168915e+06 2.112918e+06 2.062232e+06 2.013205e+06 1.945881e+06
2.004353e+06 2.004353e+06 2.004353e+06 2.004353e+06 2.004353e+06 2.004352e+06 2.004350e+06 2.004341e+06 2.004335e+06 2.004327e+06 2.004308e+06 2.004283e+06 2.004256e+06 2.004247e+06 2.004324e+06 2.004661e+06 2.005589e+06 2.036933e+06 2.097813e+06 2.134104e+06 2.152732e+06 2.163575e+06 2.170543e+06 2.178515e+06 2.182162e+06 2.183288e+06 2.182692e+06 2.180795e+06 2.177853e+06 2.119335e+06 2.063977e+06 2.012534e+06 1.944463e+06
2.020889e+06 2.020889e+06 2.020889e+06 2.020889e+06 2.020889e+06 2.020888e+06 2.020886e+06 2.020877e+06 2.020870e+06 2.020862e+06 2.020841e+06 2.020815e+06 2.020786e+06 2.020772e+06 2.020839e+06 2.021148e+06 2.022006e+06 2.051318e+06 2.108686e+06 2.143176e+06 2.161030e+06 2.171493e+06 2.178253e+06 2.186025e+06 2.189591e+06 2.190676e+06 2.190049e+06 2.188116e+06 2.185125e+06 2.124587e+06 2.065032e+06 2.011344e+06 1.942677e+06
2.034869e+06 2.034869e+06 2.034869e+06 2.034869e+06 2.034869e+06 2.034869e+06 2.034868e+06 2.034864e+06 2.034861e+06 2.034857e+06 2.034848e+06 2.034835e+06 2.034821e+06 2.034822e+06 2.034898e+06 2.035200e+06 2.036017e+06 2.063635e+06 2.117915e+06 2.150766e+06 2.167884e+06 2.177966e+06 2.184502e+06 2.192034e+06 2.195482e+06 2.196501e+06 2.195829e+06 2.193858e+06 2.190825e+06 2.128693e+06 2.065406e+06 2.009646e+06 1.940523e+06
2.047071e+06 2.047071e+06 2.047071e+06 2.047071e+06 2.047071e+06 2.047071e+06 2.047070e+06 2.047066e+06 2.047063e+06 2.047059e+06 2.047049e+06 2.047037e+06 2.047024e+06 2.047026e+06 2.047100e+06 2.047386e+06 2.048157e+06 2.074235e+06 2.125710e+06 2.157038e+06 2.173445e+06 2.183138e+06 2.189429e+06 2.196670e+06 2.199955e+06 2.200873e+06 2.200133e+06 2.198112e+06 2.195038e+06 2.131678e+06 2.065107e+06 2.007448e+06 1.938003e+06
2.057696e+06 2.057696e+06 2.057696e+06 2.057696e+06 2.057696e+06 2.057696e+06 2.057695e+06 2.057691e+06 2.057688e+06 2.057685e+06 2.057675e+06 2.057663e+06 2.057651e+06 2.057652e+06 2.057720e+06 2.057988e+06 2.058711e+06 2.083337e+06 2.132193e+06 2.162081e+06 2.177791e+06 2.187085e+06 2.193111e+06 2.200013e+06 2.203089e+06 2.203872e+06 2.203042e+06 2.200960e+06 2.197841e+06 2.133570e+06 2.064148e+06 2.004764e+06 1.935119e+06
2.066851e+06 2.066851e+06 2.066851e+06 2.066851e+06 2.066851e+06 2.066851e+06 2.066850e+06 2.066845e+06 2.066842e+06 2.066838e+06 2.066828e+06 2.066814e+06 2.066800e+06 2.066797e+06 2.066857e+06 2.067103e+06 2.067777e+06 2.091015e+06 2.137407e+06 2.165922e+06 2.180947e+06 2.189831e+06 2.195574e+06 2.202098e+06 2.204933e+06 2.205555e+06 2.204618e+06 2.202464e+06 2.199298e+06 2.134400e+06 2.062541e+06 2.001606e+06 1.931876e+06
2.074516e+06 2.074516e+06 2.074516e+06 2.074516e+06 2.074516e+06 2.074516e+06 2.074514e+06 2.074509e+06 2.074505e+06 2.074499e+06 2.074486e+06 2.074469e+06 2.074450e+06 2.074442e+06 2.074492e+06 2.074717e+06 2.075345e+06 2.097299e+06 2.141365e+06 2.168551e+06 2.182892e+06 2.191356e+06 2.196805e+06 2.202933e+06 2.205511e+06 2.205960e+06 2.204907e+06 2.202679e+06 2.199467e+06 2.134200e+06 2.060301e+06 1.997988e+06 1.928279e+06
2.080591e+06 2.080591e+06 2.080591e+06 2.080591e+06 2.080591e+06 2.080591e+06 2.080590e+06 2.080585e+06 2.080581e+06 2.080577e+06 2.080567e+06 2.080556e+06 2.080544e+06 2.080543e+06 2.080598e+06 2.080820e+06 2.081422e+06 2.102243e+06 2.144071e+06 2.169927e+06 2.183574e+06 2.191615e+06 2.196771e+06 2.202507e+06 2.204834e+06 2.205115e+06 2.203951e+06 2.201652e+06 2.198401e+06 2.133005e+06 2.057445e+06 1.993924e+06 1.924335e+06
2.085504e+06 2.085504e+06 2.085504e+06 2.085504e+06 2.085504e+06 2.085504e+06 2.085504e+06 2.085504e+06 2.085504e+06 2.085504e+06 2.085503e+06 2.085502e+06 2.085502e+06 2.085514e+06 2.085579e+06 2.085800e+06 2.086379e+06 2.106019e+06 2.145506e+06 2.169988e+06 2.182937e+06 2.190564e+06 2.195441e+06 2.200814e+06 2.202915e+06 2.203047e+06 2.201785e+06 2.199427e+06 2.196146e+06 2.130853e+06 2.053989e+06 1.989429e+06 1.920052e+06
2.089876e+06 2.089876e+06 2.089876e+06 2.089876e+06 2.089876e+06 2.089876e+06 2.089876e+06 2.089875e+06 2.089874e+06 2.089872e+06 2.089867e+06 2.089861e+06 2.089853e+06 2.089856e+06 2.089905e+06 2.090097e+06 2.090618e+06 2.108775e+06 2.145648e+06 2.168692e+06 2.180948e+06 2.188185e+06 2.192808e+06 2.197867e+06 2.199778e+06 2.199788e+06 2.198449e+06 2.196048e+06 2.192752e+06 2.127781e+06 2.049954e+06 1.984520e+06 1.915438e+06
2.093377e+06 2.093377e+06 2.093377e+06 2.093377e+06 2.093377e+06 2.093376e+06 2.093375e+06 2.093369e+06 2.093365e+06 2.093359e+06 2.093346e+06 2.093328e+06 2.093308e+06 2.093295e+06 2.093322e+06 2.093476e+06 2.093927e+06 2.110414e+06 2.144478e+06 2.166047e+06 2.177631e+06 2.184507e+06 2.188907e+06 2.193702e+06 2.195463e+06 2.195381e+06 2.193988e+06 2.191563e+06 2.188268e+06 2.123827e+06 2.045357e+06 1.979213e+06 1.910503e+06
2.095492e+06 2.095492e+06 2.095492e+06 2.095492e+06 2.095492e+06 2.095492e+06 2.095490e+06 2.095484e+06 2.095480e+06 2.095474e+06 2.095458e+06 2.095438e+06 2.095414e+06 2.095395e+06 2.095409e+06 2.095534e+06 2.095921e+06 2.110750e+06 2.141999e+06 2.162116e+06 2.173059e+06 2.179604e+06 2.183807e+06 2.188381e+06 2.190026e+06 2.189878e+06 2.188453e+06 2.186022e+06 2.182744e+06 2.119031e+06 2.040221e+06 1.973523e+06 1.905256e+06
2.096120e+06 2.096120e+06 2.096120e+06 2.096120e+06 2.096120e+06 2.096120e+06 2.096118e+06 2.096109e+06 2.096103e+06 2.096095e+06 2.096075e+06 2.096050e+06 2.096020e+06 2.095992e+06 2.095992e+06 2.096089e+06 2.096415e+06 2.109670e+06 2.138250e+06 2.156996e+06 2.167337e+06 2.173576e+06 2.177600e+06 2.181981e+06 2.183532e+06 2.183339e+06 2.181900e+06 2.179480e+06 2.176234e+06 2.113434e+06 2.034566e+06 1.967468e+06 1.899710e+06
2.095059e+06 2.095059e+06 2.095059e+06 2.095059e+06 2.095059e+06 2.095059e+06 2.095057e+06 2.095048e+06 2.095042e+06 2.095034e+06 2.095014e+06 2.094988e+06 2.094957e+06 2.094927e+06 2.094921e+06 2.094997e+06 2.095275e+06 2.107130e+06 2.133297e+06 2.150790e+06 2.160574e+06 2.166525e+06 2.170380e+06 2.174582e+06 2.176051e+06 2.175826e+06 2.174387e+06 2.171990e+06 2.168789e+06 2.107076e+06 2.028414e+06 1.961065e+06 1.893874e+06
2.092370e+06 2.092370e+06 2.092370e+06 2.092370e+06 2.092370e+06 2.092370e+06 2.092368e+06 2.092359e+06 2.092353e+06 2.092345e+06 2.092325e+06 2.092300e+06 2.092269e+06 2.092239e+06 2.092227e+06 2.092287e+06 2.092525e+06 2.103175e+06 2.127222e+06 2.143589e+06 2.152859e+06 2.158538e+06 2.162230e+06 2.166258e+06 2.167652e+06 2.167403e+06 2.165972e+06 2.163610e+06 2.160466e+06 2.099998e+06 2.021787e+06 1.954330e+06 1.887760e+06
2.088136e+06 2.088136e+06 2.088136e+06 2.088136e+06 2.088136e+06 2.088135e+06 2.088133e+06 2.088125e+06 2.088118e+06 2.088110e+06 2.088091e+06 2.088066e+06 2.088036e+06 2.088007e+06 2.087994e+06 2.088045e+06 2.088253e+06 2.097906e+06 2.120113e+06 2.135468e+06 2.144261e+06 2.149681e+06 2.153216e+06 2.157074e+06 2.158396e+06 2.158127e+06 2.156712e+06 2.154393e+06 2.151316e+06 2.092243e+06 2.014710e+06 1.947280e+06 1.881382e+06
2.082499e+06 2.082499e+06 2.082499e+06 2.082499e+06 2.082499e+06 2.082499e+06 2.082498e+06 2.082493e+06 2.082489e+06 2.082484e+06 2.082472e+06 2.082456e+06 2.082437e+06 2.082418e+06 2.082413e+06 2.082465e+06 2.082658e+06 2.091479e+06 2.112056e+06 2.126485e+06 2.134833e+06 2.140008e+06 2.143392e+06 2.147087e+06 2.148339e+06 2.148054e+06 2.146661e+06 2.144394e+06 2.141394e+06 2.083853e+06 2.007205e+06 1.939933e+06 1.874750e+06
2.075955e+06 2.075955e+06 2.075955e+06 2.075955e+06 2.075955e+06 2.075955e+06 2.075954e+06 2.075949e+06 2.075945e+06 2.075940e+06 2.075928e+06 2.075912e+06 2.075894e+06 2.075875e+06 2.075870e+06 2.075914e+06 2.076083e+06 2.084093e+06 2.103134e+06 2.116695e+06 2.124623e+06 2.129566e+06 2.132807e+06 2.136344e+06 2.137530e+06 2.137235e+06 2.135871e+06 2.133665e+06 2.130752e+06 2.074868e+06 1.999297e+06 1.932305e+06 1.867877e+06
2.068589e+06 2.068589e+06 2.068589e+06 2.068589e+06 2.068589e+06 2.068588e+06 2.068587e+06 2.068582e+06 2.068579e+06 2.068574e+06 2.068562e+06 2.068547e+06 2.068529e+06 2.068510e+06 2.068502e+06 2.068536e+06 2.068680e+06 2.075875e+06 2.093423e+06 2.106152e+06 2.113680e+06 2.118402e+06 2.121505e+06 2.124891e+06 2.126019e+06 2.125720e+06 2.124393e+06 2.122257e+06 2.119441e+06 2.065331e+06 1.991008e+06 1.924412e+06 1.860777e+06
2.060457e+06 2.060457e+06 2.060457e+06 2.060457e+06 2.060457e+06 2.060457e+06 2.060455e+06 2.060450e+06 2.060447e+06 2.060442e+06 2.060430e+06 2.060415e+06 2.060397e+06 2.060377e+06 2.060366e+06 2.060389e+06 2.060507e+06 2.066901e+06 2.082990e+06 2.094909e+06 2.102050e+06 2.106557e+06 2.109528e+06 2.112772e+06 2.113848e+06 2.113555e+06 2.112276e+06 2.110220e+06 2.107513e+06 2.055285e+06 1.982362e+06 1.916272e+06 1.853461e+06
2.051588e+06 2.051588e+06 2.051588e+06 2.051588e+06 2.051588e+06 2.051588e+06 2.051586e+06 2.051581e+06 2.051577e+06 2.051572e+06 2.051560e+06 2.051544e+06 2.051525e+06 2.051504e+06 2.051489e+06 2.051502e+06 2.051594e+06 2.057215e+06 2.071885e+06 2.083012e+06 2.089773e+06 2.094071e+06 2.096914e+06 2.100026e+06 2.101063e+06 2.100788e+06 2.099569e+06 2.097607e+06 2.095020e+06 2.044770e+06 1.973385e+06 1.907901e+06 1.845942e+06
2.041979e+06 2.041979e+06 2.041979e+06 2.041979e+06 2.041979e+06 2.041978e+06 2.041977e+06 2.041972e+06 2.041968e+06 2.041963e+06 2.041950e+06 2.041934e+06 2.041914e+06 2.041892e+06 2.041873e+06 2.041877e+06 2.041945e+06 2.046832e+06 2.060137e+06 2.070493e+06 2.076882e+06 2.080977e+06 2.083699e+06 2.086695e+06 2.087708e+06 2.087468e+06 2.086324e+06 2.084470e+06 2.082016e+06 2.033828e+06 1.964098e+06 1.899314e+06 1.838232e+06
2.031630e+06 2.031630e+06 2.031630e+06 2.031630e+06 2.031630e+06 2.031629e+06 2.031628e+06 2.031623e+06 2.031619e+06 2.031614e+06 2.031601e+06 2.031586e+06 2.031568e+06 2.031547e+06 2.031529e+06 2.031527e+06 2.031578e+06 2.035782e+06 2.047771e+06 2.057377e+06 2.063406e+06 2.067310e+06 2.069922e+06 2.072823e+06 2.073834e+06 2.073647e+06 2.072596e+06 2.070863e+06 2.068554e+06 2.022500e+06 1.954527e+06 1.890527e+06 1.830345e+06
