1.468193e+03 8.496626e+02 6.389865e+02 3.300715e+02 2.781818e+02 1.742512e+02 1.471529e+02 1.315873e+02 1.286535e+02 1.272670e+02 1.277795e+02 1.326139e+02 1.443010e+02 1.668278e+02 2.030926e+02 2.531335e+02 3.136733e+02 5.427900e+02 4.417224e+02 3.188406e+02 2.711857e+02 2.757834e+02 3.145363e+02 4.609542e+02 6.688248e+02 9.119751e+02 1.170309e+03 1.429342e+03 1.679739e+03 3.453005e+03 4.672120e+03 5.661257e+03 6.356235e+03
1.380259e+02 1.380255e+02 1.380260e+02 1.380307e+02 1.380070e+02 1.359868e+02 1.329241e+02 1.267207e+02 1.256623e+02 1.254595e+02 1.274378e+02 1.333684e+02 1.463643e+02 1.707251e+02 2.093681e+02 2.621075e+02 3.253119e+02 5.577450e+02 4.488778e+02 3.219388e+02 2.732026e+02 2.778089e+02 3.169665e+02 4.645382e+02 6.735490e+02 9.176143e+02 1.176579e+03 1.435971e+03 1.686498e+03 3.457403e+03 4.675447e+03 5.664112e+03 6.358527e+03
1.249249e+02 1.249247e+02 1.249250e+02 1.249302e+02 1.249407e+02 1.245749e+02 1.239569e+02 1.236151e+02 1.231700e+02 1.237928e+02 1.273855e+02 1.346718e+02 1.493361e+02 1.760108e+02 2.175685e+02 2.735039e+02 3.397452e+02 5.748526e+02 4.566809e+02 3.252265e+02 2.753261e+02 2.799406e+02 3.195187e+02 4.682730e+02 6.784381e+02 9.234190e+02 1.183006e+03 1.442743e+03 1.693385e+03 3.461831e+03 4.678789e+03 5.666978e+03 6.360825e+03
1.203314e+02 1.203314e+02 1.203316e+02 1.203358e+02 1.203472e+02 1.204817e+02 1.202686e+02 1.225360e+02 1.237231e+02 1.247396e+02 1.284637e+02 1.368748e+02 1.535229e+02 1.830552e+02 2.281418e+02 2.878214e+02 3.574815e+02 5.943007e+02 4.651438e+02 3.287001e+02 2.775562e+02 2.821814e+02 3.221966e+02 4.721632e+02 6.834959e+02 9.293922e+02 1.189593e+03 1.449659e+03 1.700399e+03 3.466289e+03 4.682147e+03 5.669854e+03 6.363130e+03
1.201162e+02 1.201163e+02 1.201164e+02 1.201200e+02 1.201304e+02 1.203569e+02 1.206622e+02 1.226013e+02 1.247989e+02 1.270449e+02 1.319143e+02 1.408910e+02 1.594766e+02 1.923886e+02 2.416627e+02 3.056614e+02 3.791078e+02 6.162660e+02 4.742688e+02 3.323532e+02 2.798924e+02 2.845340e+02 3.250046e+02 4.762132e+02 6.887266e+02 9.355372e+02 1.196341e+03 1.456722e+03 1.707543e+03 3.470776e+03 4.685521e+03 5.672741e+03 6.365441e+03
1.226376e+02 1.226376e+02 1.226377e+02 1.226410e+02 1.226505e+02 1.228957e+02 1.234319e+02 1.252233e+02 1.272812e+02 1.300070e+02 1.365988e+02 1.472933e+02 1.682807e+02 2.048967e+02 2.589553e+02 3.278086e+02 4.053383e+02 6.409102e+02 4.840467e+02 3.361765e+02 2.823333e+02 2.870008e+02 3.279464e+02 4.804277e+02 6.941341e+02 9.418571e+02 1.203252e+03 1.463934e+03 1.714817e+03 3.475293e+03 4.688910e+03 5.675639e+03 6.367759e+03
1.271623e+02 1.271623e+02 1.271624e+02 1.271653e+02 1.271743e+02 1.274210e+02 1.280496e+02 1.299973e+02 1.317801e+02 1.344028e+02 1.421423e+02 1.554922e+02 1.803963e+02 2.219581e+02 2.813242e+02 3.553592e+02 4.370931e+02 6.683788e+02 4.944558e+02 3.401578e+02 2.848771e+02 2.895843e+02 3.310263e+02 4.848111e+02 6.997222e+02 9.483550e+02 1.210330e+03 1.471294e+03 1.722223e+03 3.479840e+03 4.692316e+03 5.678548e+03 6.370083e+03
1.333222e+02 1.333223e+02 1.333224e+02 1.333252e+02 1.333337e+02 1.335793e+02 1.342503e+02 1.364275e+02 1.381083e+02 1.405626e+02 1.490072e+02 1.655559e+02 1.959299e+02 2.442364e+02 3.103658e+02 3.899710e+02 4.756225e+02 6.988011e+02 5.054617e+02 3.442822e+02 2.875216e+02 2.922870e+02 3.342483e+02 4.893681e+02 7.054950e+02 9.550338e+02 1.217576e+03 1.478806e+03 1.729761e+03 3.484416e+03 4.695738e+03 5.681468e+03 6.372413e+03
1.409395e+02 1.409395e+02 1.409396e+02 1.409424e+02 1.409507e+02 1.411969e+02 1.418956e+02 1.442856e+02 1.460107e+02 1.484502e+02 1.577892e+02 1.782256e+02 2.156203e+02 2.725439e+02 3.470115e+02 4.331830e+02 5.226904e+02 7.322920e+02 5.170179e+02 3.485321e+02 2.902639e+02 2.951111e+02 3.376166e+02 4.941032e+02 7.114563e+02 9.618967e+02 1.224993e+03 1.486471e+03 1.737432e+03 3.489021e+03 4.699175e+03 5.684398e+03 6.374749e+03
1.499582e+02 1.499582e+02 1.499582e+02 1.499609e+02 1.499692e+02 1.502172e+02 1.509382e+02 1.535088e+02 1.553687e+02 1.580190e+02 1.690831e+02 1.947486e+02 2.409346e+02 3.083043e+02 3.925296e+02 4.860007e+02 5.794297e+02 7.689568e+02 5.290661e+02 3.528883e+02 2.931013e+02 2.980592e+02 3.411353e+02 4.990211e+02 7.176100e+02 9.689465e+02 1.232582e+03 1.494289e+03 1.745237e+03 3.493656e+03 4.702629e+03 5.687339e+03 6.377092e+03
1.603754e+02 1.603754e+02 1.603755e+02 1.603782e+02 1.603864e+02 1.606375e+02 1.613793e+02 1.641127e+02 1.661989e+02 1.693867e+02 1.837278e+02 2.169130e+02 2.741329e+02 3.536713e+02 4.486637e+02 5.496812e+02 6.465933e+02 8.089037e+02 5.415389e+02 3.573301e+02 2.960307e+02 3.011339e+02 3.448088e+02 5.041264e+02 7.239601e+02 9.761863e+02 1.240347e+03 1.502263e+03 1.753178e+03 3.498320e+03 4.706098e+03 5.690291e+03 6.379441e+03
2.116842e+03 2.116842e+03 2.116840e+03 2.116782e+03 2.116598e+03 2.109227e+03 2.078624e+03 1.993163e+03 1.961439e+03 1.938833e+03 1.912993e+03 1.901529e+03 1.895662e+03 1.889865e+03 1.879283e+03 1.858453e+03 1.821295e+03 1.291578e+03 6.708205e+02 4.032383e+02 3.304105e+02 3.397511e+02 3.911834e+02 5.665419e+02 7.990904e+02 1.059636e+03 1.328011e+03 1.590809e+03 1.840157e+03 3.546518e+03 4.741662e+03 5.720404e+03 6.403276e+03
2.390600e+03 2.390600e+03 2.390600e+03 2.390598e+03 2.390592e+03 2.390411e+03 2.389904e+03 2.388123e+03 2.386685e+03 2.384669e+03 2.378104e+03 2.366562e+03 2.347628e+03 2.318289e+03 2.275098e+03 2.214394e+03 2.132629e+03 1.404750e+03 7.176506e+02 4.453996e+02 3.804762e+02 3.996879e+02 4.608609e+02 6.535142e+02 8.980397e+02 1.164943e+03 1.434980e+03 1.695959e+03 1.941159e+03 3.597419e+03 4.778802e+03 5.751598e+03 6.427731e+03
1.920921e+03 1.920921e+03 1.920921e+03 1.920921e+03 1.920920e+03 1.920929e+03 1.921013e+03 1.921239e+03 1.921308e+03 1.921333e+03 1.921194e+03 1.920369e+03 1.917397e+03 1.909507e+03 1.892818e+03 1.862781e+03 1.814803e+03 1.268078e+03 7.045889e+02 4.889118e+02 4.533449e+02 4.914021e+02 5.657217e+02 7.734854e+02 1.025292e+03 1.294511e+03 1.562416e+03 1.818107e+03 2.056113e+03 3.650783e+03 4.817502e+03 5.783871e+03 6.452798e+03
1.687886e+03 1.687886e+03 1.687886e+03 1.687886e+03 1.687886e+03 1.687902e+03 1.688007e+03 1.688661e+03 1.689183e+03 1.689805e+03 1.691260e+03 1.692607e+03 1.692637e+03 1.689074e+03 1.678692e+03 1.657640e+03 1.621928e+03 1.184117e+03 7.270907e+02 5.667161e+02 5.617675e+02 6.205187e+02 7.097832e+02 9.340234e+02 1.187982e+03 1.451508e+03 1.711374e+03 1.957254e+03 2.184491e+03 3.706317e+03 4.857739e+03 5.817218e+03 6.478463e+03
1.626336e+03 1.626336e+03 1.626336e+03 1.626337e+03 1.626340e+03 1.626441e+03 1.626723e+03 1.627616e+03 1.628211e+03 1.628911e+03 1.630604e+03 1.632372e+03 1.633134e+03 1.630836e+03 1.622593e+03 1.604992e+03 1.574544e+03 1.198617e+03 8.178119e+02 7.009691e+02 7.199420e+02 7.946185e+02 8.957562e+02 1.133615e+03 1.387653e+03 1.640592e+03 1.883963e+03 2.113511e+03 2.325596e+03 3.763696e+03 4.899489e+03 5.851631e+03 6.504712e+03
1.679377e+03 1.679377e+03 1.679377e+03 1.679377e+03 1.679377e+03 1.679392e+03 1.679449e+03 1.679870e+03 1.680279e+03 1.680822e+03 1.682280e+03 1.683945e+03 1.684843e+03 1.683107e+03 1.676100e+03 1.660719e+03 1.633834e+03 1.303470e+03 9.822184e+02 8.991386e+02 9.349263e+02 1.019044e+03 1.126168e+03 1.369292e+03 1.618901e+03 1.858084e+03 2.081539e+03 2.288249e+03 2.479089e+03 3.822580e+03 4.942725e+03 5.887101e+03 6.531528e+03
1.804320e+03 1.804320e+03 1.804320e+03 1.804322e+03 1.804327e+03 1.804502e+03 1.805048e+03 1.807162e+03 1.808648e+03 1.810363e+03 1.814350e+03 1.818754e+03 1.822638e+03 1.824229e+03 1.821013e+03 1.810043e+03 1.788366e+03 1.499005e+03 1.221131e+03 1.161320e+03 1.207327e+03 1.294835e+03 1.401534e+03 1.637885e+03 1.875231e+03 2.096489e+03 2.297509e+03 2.479668e+03 2.645765e+03 3.882647e+03 4.987422e+03 5.923613e+03 6.558892e+03
2.088281e+03 2.088281e+03 2.088281e+03 2.088285e+03 2.088296e+03 2.088599e+03 2.089377e+03 2.092069e+03 2.093875e+03 2.095931e+03 2.100713e+03 2.106174e+03 2.111485e+03 2.114904e+03 2.113880e+03 2.105366e+03 2.086283e+03 1.808742e+03 1.540559e+03 1.487822e+03 1.535806e+03 1.620034e+03 1.719450e+03 1.935196e+03 2.149784e+03 2.347524e+03 2.523781e+03 2.680482e+03 2.821656e+03 3.943622e+03 5.033557e+03 5.961152e+03 6.586782e+03
2.563382e+03 2.563382e+03 2.563382e+03 2.563383e+03 2.563387e+03 2.563513e+03 2.563917e+03 2.565880e+03 2.567572e+03 2.569762e+03 2.575559e+03 2.582838e+03 2.590422e+03 2.596150e+03 2.596986e+03 2.589349e+03 2.569623e+03 2.259768e+03 1.952188e+03 1.881918e+03 1.918526e+03 1.989807e+03 2.073645e+03 2.254293e+03 2.435052e+03 2.602895e+03 2.752057e+03 2.883204e+03 3.000182e+03 4.005316e+03 5.081119e+03 5.999699e+03 6.615174e+03
3.283014e+03 3.283014e+03 3.283014e+03 3.283016e+03 3.283020e+03 3.283150e+03 3.283570e+03 3.285563e+03 3.287285e+03 3.289535e+03 3.295573e+03 3.303226e+03 3.311092e+03 3.316528e+03 3.315775e+03 3.304373e+03 3.277800e+03 2.877831e+03 2.468001e+03 2.344022e+03 2.348528e+03 2.393443e+03 2.452163e+03 2.584421e+03 2.722235e+03 2.854646e+03 2.974684e+03 3.080739e+03 3.175149e+03 4.067659e+03 5.130104e+03 6.039236e+03 6.644043e+03
4.232373e+03 4.232373e+03 4.232373e+03 4.232377e+03 4.232391e+03 4.232821e+03 4.234156e+03 4.239079e+03 4.242392e+03 4.246166e+03 4.254987e+03 4.265113e+03 4.274986e+03 4.281360e+03 4.279451e+03 4.263479e+03 4.227474e+03 3.684724e+03 3.091577e+03 2.862985e+03 2.808411e+03 2.812038e+03 2.836898e+03 2.911552e+03 3.001383e+03 3.095299e+03 3.185207e+03 3.267116e+03 3.341136e+03 4.130740e+03 5.180524e+03 6.079740e+03 6.673360e+03
5.491408e+03 5.491408e+03 5.491408e+03 5.491411e+03 5.491420e+03 5.491703e+03 5.492629e+03 5.496702e+03 5.499965e+03 5.504097e+03 5.514957e+03 5.528591e+03 5.542579e+03 5.552260e+03 5.550936e+03 5.530508e+03 5.482452e+03 4.716907e+03 3.816777e+03 3.415546e+03 3.272260e+03 3.221566e+03 3.206843e+03 3.220801e+03 3.262572e+03 3.318209e+03 3.378607e+03 3.437907e+03 3.493986e+03 4.194849e+03 5.232408e+03 6.121191e+03 6.703095e+03
7.230100e+03 7.230100e+03 7.230100e+03 7.230103e+03 7.230111e+03 7.230377e+03 7.231227e+03 7.235164e+03 7.238548e+03 7.243003e+03 7.255147e+03 7.270622e+03 7.285964e+03 7.294559e+03 7.286905e+03 7.251418e+03 7.175718e+03 6.018152e+03 4.628814e+03 3.974590e+03 3.714454e+03 3.600146e+03 3.543689e+03 3.499577e+03 3.497513e+03 3.518137e+03 3.551402e+03 3.590325e+03 3.631049e+03 4.260558e+03 5.285810e+03 6.163566e+03 6.733216e+03
9.509641e+03 9.509641e+03 9.509641e+03 9.509643e+03 9.509651e+03 9.509954e+03 9.510954e+03 9.515027e+03 9.518117e+03 9.521932e+03 9.531681e+03 9.543062e+03 9.551549e+03 9.548134e+03 9.519666e+03 9.449972e+03 9.321683e+03 7.560669e+03 5.494306e+03 4.515064e+03 4.116486e+03 3.933397e+03 3.835769e+03 3.739782e+03 3.700754e+03 3.691745e+03 3.701677e+03 3.723113e+03 3.751150e+03 4.328937e+03 5.340803e+03 6.206844e+03 6.763691e+03
1.206604e+04 1.206604e+04 1.206604e+04 1.206605e+04 1.206606e+04 1.206636e+04 1.206728e+04 1.207080e+04 1.207337e+04 1.207645e+04 1.208389e+04 1.209116e+04 1.209191e+04 1.207384e+04 1.201914e+04 1.190610e+04 1.171156e+04 9.217064e+03 6.360046e+03 5.015142e+03 4.467699e+03 4.214922e+03 4.078487e+03 3.938251e+03 3.870063e+03 3.837782e+03 3.829022e+03 3.836324e+03 3.854379e+03 4.400250e+03 5.397491e+03 6.251002e+03 6.794483e+03
1.464471e+04 1.464471e+04 1.464471e+04 1.464471e+04 1.464472e+04 1.464476e+04 1.464489e+04 1.464545e+04 1.464588e+04 1.464639e+04 1.464743e+04 1.464629e+04 1.463504e+04 1.459816e+04 1.451316e+04 1.435273e+04 1.408780e+04 1.083691e+04 7.173680e+03 5.459386e+03 4.764227e+03 4.444562e+03 4.272785e+03 4.095954e+03 4.006107e+03 3.956937e+03 3.934363e+03 3.931072e+03 3.941820e+03 4.473791e+03 5.456008e+03 6.296023e+03 6.825558e+03
1.688085e+04 1.688085e+04 1.688085e+04 1.688085e+04 1.688086e+04 1.688117e+04 1.688192e+04 1.688432e+04 1.688594e+04 1.688783e+04 1.689206e+04 1.689407e+04 1.688410e+04 1.684321e+04 1.674415e+04 1.655384e+04 1.623720e+04 1.232540e+04 7.910068e+03 5.844638e+03 5.009092e+03 4.626995e+03 4.423508e+03 4.216824e+03 4.111781e+03 4.051473e+03 4.019708e+03 4.009281e+03 4.015271e+03 4.549171e+03 5.516522e+03 6.341888e+03 6.856878e+03
1.902016e+04 1.902016e+04 1.902016e+04 1.902016e+04 1.902017e+04 1.902032e+04 1.902082e+04 1.902306e+04 1.902484e+04 1.902707e+04 1.903260e+04 1.903639e+04 1.902709e+04 1.898250e+04 1.887066e+04 1.865274e+04 1.828756e+04 1.373878e+04 8.590481e+03 6.182861e+03 5.211673e+03 4.770449e+03 4.538033e+03 4.306652e+03 4.191481e+03 4.124781e+03 4.087860e+03 4.073435e+03 4.077001e+03 4.626170e+03 5.579241e+03 6.388582e+03 6.888405e+03
2.127555e+04 2.127555e+04 2.127555e+04 2.127555e+04 2.127556e+04 2.127584e+04 2.127669e+04 2.128009e+04 2.128258e+04 2.128557e+04 2.129258e+04 2.129716e+04 2.128606e+04 2.123364e+04 2.110306e+04 2.084966e+04 2.042616e+04 1.517552e+04 9.252990e+03 6.492385e+03 5.384245e+03 4.884815e+03 4.624929e+03 4.372165e+03 4.250435e+03 4.180932e+03 4.142111e+03 4.126362e+03 4.129540e+03 4.704691e+03 5.644423e+03 6.436096e+03 6.920103e+03
2.367439e+04 2.367439e+04 2.367439e+04 2.367440e+04 2.367441e+04 2.367468e+04 2.367552e+04 2.367875e+04 2.368109e+04 2.368389e+04 2.369038e+04 2.369378e+04 2.367893e+04 2.361644e+04 2.346410e+04 2.317087e+04 2.268286e+04 1.667058e+04 9.920733e+03 6.788451e+03 5.538468e+03 4.979923e+03 4.692852e+03 4.420297e+03 4.294151e+03 4.224274e+03 4.185976e+03 4.171036e+03 4.175521e+03 4.784760e+03 5.712399e+03 6.484421e+03 6.951933e+03
2.620190e+04 2.620190e+04 2.620190e+04 2.620191e+04 2.620192e+04 2.620223e+04 2.620318e+04 2.620684e+04 2.620945e+04 2.621253e+04 2.621952e+04 2.622263e+04 2.620448e+04 2.613155e+04 2.595586e+04 2.561956e+04 2.506181e+04 1.823296e+04 1.060499e+04 7.081822e+03 5.684082e+03 5.064581e+03 4.749800e+03 4.457627e+03 4.327960e+03 4.259097e+03 4.222955e+03 4.210418e+03 4.217556e+03 4.866507e+03 5.783666e+03 6.533556e+03 6.983858e+03
2.885998e+04 2.885998e+04 2.885998e+04 2.885998e+04 2.885999e+04 2.886020e+04 2.886083e+04 2.886332e+04 2.886514e+04 2.886731e+04 2.887212e+04 2.887200e+04 2.884745e+04 2.876072e+04 2.855785e+04 2.817395e+04 2.754091e+04 1.985192e+04 1.130802e+04 7.379143e+03 5.828580e+03 5.146117e+03 4.802646e+03 4.489965e+03 4.356676e+03 4.289364e+03 4.256346e+03 4.247329e+03 4.258143e+03 4.950158e+03 5.858551e+03 6.583505e+03 7.015842e+03
3.154053e+04 3.154053e+04 3.154053e+04 3.154053e+04 3.154054e+04 3.154078e+04 3.154155e+04 3.154459e+04 3.154681e+04 3.154947e+04 3.155533e+04 3.155560e+04 3.152835e+04 3.143130e+04 3.120426e+04 3.077497e+04 3.006783e+04 2.150737e+04 1.202844e+04 7.684883e+03 5.977789e+03 5.230407e+03 4.856942e+03 4.522064e+03 4.384352e+03 4.318540e+03 4.289132e+03 4.284377e+03 4.299619e+03 5.036018e+03 5.936625e+03 6.634279e+03 7.047850e+03
3.430103e+04 3.430103e+04 3.430103e+04 3.430104e+04 3.430104e+04 3.430121e+04 3.430173e+04 3.430377e+04 3.430528e+04 3.430710e+04 3.431096e+04 3.430822e+04 3.427472e+04 3.416384e+04 3.390919e+04 3.343117e+04 3.264666e+04 2.319770e+04 1.276982e+04 8.004363e+03 6.136867e+03 5.322080e+03 4.916843e+03 4.557468e+03 4.414176e+03 4.349522e+03 4.323931e+03 4.323928e+03 4.344137e+03 5.124444e+03 6.017551e+03 6.685900e+03 7.079848e+03
3.705397e+04 3.705397e+04 3.705397e+04 3.705397e+04 3.705398e+04 3.705422e+04 3.705496e+04 3.705791e+04 3.706010e+04 3.706275e+04 3.706860e+04 3.706768e+04 3.703346e+04 3.691478e+04 3.663877e+04 3.611821e+04 3.526208e+04 2.493532e+04 1.354438e+04 8.344944e+03 6.310351e+03 5.424327e+03 4.984950e+03 4.598516e+03 4.448533e+03 4.384699e+03 4.363039e+03 4.368128e+03 4.393682e+03 5.215823e+03 6.101037e+03 6.738402e+03 7.111806e+03
3.996373e+04 3.996373e+04 3.996373e+04 3.996374e+04 3.996375e+04 3.996417e+04 3.996546e+04 3.997063e+04 3.997448e+04 3.997914e+04 3.998986e+04 3.999399e+04 3.996226e+04 3.983847e+04 3.954279e+04 3.897976e+04 3.804992e+04 2.679586e+04 1.437896e+04 8.715339e+03 6.501361e+03 5.538621e+03 5.062392e+03 4.646641e+03 4.489265e+03 4.426118e+03 4.408526e+03 4.418957e+03 4.450093e+03 5.310543e+03 6.186794e+03 6.791838e+03 7.143694e+03
4.330458e+04 4.330458e+04 4.330458e+04 4.330458e+04 4.330459e+04 4.330496e+04 4.330610e+04 4.331053e+04 4.331378e+04 4.331768e+04 4.332641e+04 4.332723e+04 4.328824e+04 4.314801e+04 4.281927e+04 4.219776e+04 4.117500e+04 2.885318e+04 1.529371e+04 9.119804e+03 6.710490e+03 5.665033e+03 5.149509e+03 4.703000e+03 4.538071e+03 4.475722e+03 4.462364e+03 4.478292e+03 4.515099e+03 5.408971e+03 6.274533e+03 6.846291e+03 7.175488e+03
4.694284e+04 4.694284e+04 4.694284e+04 4.694285e+04 4.694286e+04 4.694311e+04 4.694391e+04 4.694709e+04 4.694946e+04 4.695233e+04 4.695850e+04 4.695523e+04 4.690757e+04 4.674832e+04 4.638210e+04 4.569513e+04 4.456919e+04 3.107784e+04 1.627806e+04 9.554186e+03 6.936207e+03 5.803409e+03 5.246977e+03 4.769157e+03 4.596890e+03 4.535548e+03 4.526528e+03 4.547954e+03 4.590332e+03 5.511424e+03 6.363955e+03 6.901914e+03 7.207167e+03
5.070860e+04 5.070860e+04 5.070860e+04 5.070860e+04 5.070861e+04 5.070882e+04 5.070949e+04 5.071218e+04 5.071421e+04 5.071668e+04 5.072175e+04 5.071606e+04 5.066142e+04 5.048455e+04 5.008155e+04 4.932862e+04 4.809735e+04 3.339526e+04 1.730625e+04 1.001123e+04 7.177368e+03 5.954803e+03 5.356708e+03 4.847490e+03 4.668089e+03 4.607815e+03 4.603027e+03 4.629716e+03 4.677322e+03 5.618149e+03 6.454756e+03 6.958890e+03 7.238712e+03
5.453286e+04 5.453286e+04 5.453286e+04 5.453286e+04 5.453286e+04 5.453297e+04 5.453331e+04 5.453470e+04 5.453578e+04 5.453713e+04 5.453939e+04 5.452928e+04 5.446558e+04 5.426900e+04 5.382722e+04 5.300646e+04 5.166807e+04 3.574533e+04 1.835775e+04 1.048690e+04 7.435228e+03 6.122082e+03 5.481973e+03 4.941110e+03 4.754386e+03 4.694864e+03 4.693856e+03 4.725256e+03 4.777466e+03 5.729308e+03 6.546624e+03 7.016898e+03 7.270115e+03
5.826182e+04 5.826182e+04 5.826182e+04 5.826183e+04 5.826183e+04 5.826205e+04 5.826274e+04 5.826544e+04 5.826742e+04 5.826977e+04 5.827414e+04 5.826529e+04 5.819880e+04 5.798931e+04 5.751603e+04 5.663514e+04 5.519773e+04 3.809397e+04 1.942667e+04 1.098358e+04 7.714033e+03 6.309690e+03 5.626966e+03 5.053484e+03 4.858603e+03 4.798996e+03 4.800890e+03 4.836086e+03 4.891966e+03 5.844963e+03 6.639242e+03 7.075617e+03 7.301370e+03
6.201329e+04 6.201329e+04 6.201329e+04 6.201329e+04 6.201330e+04 6.201357e+04 6.201443e+04 6.201783e+04 6.202036e+04 6.202340e+04 6.202954e+04 6.202215e+04 6.195367e+04 6.173277e+04 6.123012e+04 6.029179e+04 5.875840e+04 4.048479e+04 2.053400e+04 1.151255e+04 8.021217e+03 6.523269e+03 5.796304e+03 5.188016e+03 4.983373e+03 4.922277e+03 4.925746e+03 4.963458e+03 5.021766e+03 5.965064e+03 6.732288e+03 7.134773e+03 7.332484e+03
6.595065e+04 6.595065e+04 6.595065e+04 6.595065e+04 6.595067e+04 6.595110e+04 6.595243e+04 6.595775e+04 6.596169e+04 6.596642e+04 6.597663e+04 6.597318e+04 6.590516e+04 6.567484e+04 6.514393e+04 6.414781e+04 6.251605e+04 4.302223e+04 2.172358e+04 1.209269e+04 8.366770e+03 6.769204e+03 5.994638e+03 5.347736e+03 5.130903e+03 5.066365e+03 5.069663e+03 5.108272e+03 5.167487e+03 6.089445e+03 6.825439e+03 7.194107e+03 7.363475e+03
7.032873e+04 7.032873e+04 7.032873e+04 7.032874e+04 7.032875e+04 7.032928e+04 7.033093e+04 7.033750e+04 7.034239e+04 7.034830e+04 7.036141e+04 7.036060e+04 7.029128e+04 7.004873e+04 6.948472e+04 6.842291e+04 6.668070e+04 4.583350e+04 2.304754e+04 1.274557e+04 8.761375e+03 7.053779e+03 6.226181e+03 5.535059e+03 5.302808e+03 5.232384e+03 5.233410e+03 5.271009e+03 5.329377e+03 6.217825e+03 6.918373e+03 7.253368e+03 7.394378e+03
7.534300e+04 7.534300e+04 7.534300e+04 7.534301e+04 7.534302e+04 7.534358e+04 7.534533e+04 7.535229e+04 7.535748e+04 7.536378e+04 7.537786e+04 7.537707e+04 7.530274e+04 7.504222e+04 7.443614e+04 7.329493e+04 7.142241e+04 4.902180e+04 2.454874e+04 1.348922e+04 9.213933e+03 7.382077e+03 6.494169e+03 5.751598e+03 5.500006e+03 5.420853e+03 5.417219e+03 5.451682e+03 5.507271e+03 6.349805e+03 7.010768e+03 7.312310e+03 7.425265e+03
8.104754e+04 8.104754e+04 8.104754e+04 8.104754e+04 8.104756e+04 8.104810e+04 8.104979e+04 8.105655e+04 8.106163e+04 8.106780e+04 8.108149e+04 8.107882e+04 8.099649e+04 8.071300e+04 8.005646e+04 7.882249e+04 7.679970e+04 5.263269e+04 2.625082e+04 1.433503e+04 9.730394e+03 7.757459e+03 6.800600e+03 5.998085e+03 5.722685e+03 5.631657e+03 5.620772e+03 5.649816e+03 5.700574e+03 6.484875e+03 7.102304e+03 7.370692e+03 7.456271e+03
8.739415e+04 8.739415e+04 8.739415e+04 8.739416e+04 8.739418e+04 8.739484e+04 8.739684e+04 8.740474e+04 8.741063e+04 8.741778e+04 8.743371e+04 8.743219e+04 8.734471e+04 8.703976e+04 8.633137e+04 8.499846e+04 8.281243e+04 5.668672e+04 2.816920e+04 1.529108e+04 1.031480e+04 8.181911e+03 7.146359e+03 6.274397e+03 5.970315e+03 5.864054e+03 5.843194e+03 5.864446e+03 5.908260e+03 6.622426e+03 7.192670e+03 7.428280e+03 7.487259e+03
9.451095e+04 9.451095e+04 9.451095e+04 9.451096e+04 9.451098e+04 9.451169e+04 9.451392e+04 9.452289e+04 9.452967e+04 9.453796e+04 9.455674e+04 9.455717e+04 9.446487e+04 9.413713e+04 9.337211e+04 9.192995e+04 8.956259e+04 6.124479e+04 3.032798e+04 1.636614e+04 1.097035e+04 8.656364e+03 7.531334e+03 6.579610e+03 6.241688e+03 6.116703e+03 6.083071e+03 6.094124e+03 6.128878e+03 6.761759e+03 7.281557e+03 7.484844e+03 7.518015e+03
1.025875e+05 1.025875e+05 1.025875e+05 1.025875e+05 1.025875e+05 1.025883e+05 1.025908e+05 1.026008e+05 1.026082e+05 1.026172e+05 1.026374e+05 1.026373e+05 1.025359e+05 1.021779e+05 1.013437e+05 9.977234e+04 9.719421e+04 6.637794e+04 3.274895e+04 1.756587e+04 1.169791e+04 9.180094e+03 7.954197e+03 6.912000e+03 6.534949e+03 6.387689e+03 6.338472e+03 6.336941e+03 6.360571e+03 6.902098e+03 7.368669e+03 7.540166e+03 7.548374e+03
1.116478e+05 1.116478e+05 1.116478e+05 1.116478e+05 1.116479e+05 1.116486e+05 1.116509e+05 1.116601e+05 1.116670e+05 1.116753e+05 1.116936e+05 1.116887e+05 1.115723e+05 1.111750e+05 1.102575e+05 1.085355e+05 1.057153e+05 7.208460e+04 3.542709e+04 1.888575e+04 1.249385e+04 9.750028e+03 8.412193e+03 7.269048e+03 6.847614e+03 6.674540e+03 6.606967e+03 6.590546e+03 6.601104e+03 7.042611e+03 7.453717e+03 7.594034e+03 7.578190e+03
1.215184e+05 1.215184e+05 1.215184e+05 1.215184e+05 1.215184e+05 1.215190e+05 1.215208e+05 1.215280e+05 1.215335e+05 1.215401e+05 1.215539e+05 1.215409e+05 1.214050e+05 1.209617e+05 1.199501e+05 1.180607e+05 1.149739e+05 7.827269e+04 3.832484e+04 2.031008e+04 1.335001e+04 1.036090e+04 8.901253e+03 7.647455e+03 7.176564e+03 6.974223e+03 6.885635e+03 6.852173e+03 6.847892e+03 7.182427e+03 7.536425e+03 7.646251e+03 7.607327e+03
1.319089e+05 1.319089e+05 1.319089e+05 1.319089e+05 1.319089e+05 1.319094e+05 1.319107e+05 1.319163e+05 1.319206e+05 1.319258e+05 1.319359e+05 1.319155e+05 1.317602e+05 1.312693e+05 1.301597e+05 1.280952e+05 1.247289e+05 8.480057e+04 4.138703e+04 2.181704e+04 1.425562e+04 1.100593e+04 9.416224e+03 8.043129e+03 7.518006e+03 7.283137e+03 7.171085e+03 7.118676e+03 7.098054e+03 7.320654e+03 7.616532e+03 7.696632e+03 7.635659e+03
1.425558e+05 1.425558e+05 1.425558e+05 1.425558e+05 1.425558e+05 1.425562e+05 1.425576e+05 1.425633e+05 1.425678e+05 1.425733e+05 1.425840e+05 1.425617e+05 1.423932e+05 1.418614e+05 1.406598e+05 1.384244e+05 1.347799e+05 9.155932e+04 4.457087e+04 2.338800e+04 1.520023e+04 1.167779e+04 9.951143e+03 8.451141e+03 7.867435e+03 7.597111e+03 7.459490e+03 7.386583e+03 7.348474e+03 7.456405e+03 7.693793e+03 7.745005e+03 7.663067e+03
1.535269e+05 1.535269e+05 1.535269e+05 1.535269e+05 1.535269e+05 1.535276e+05 1.535296e+05 1.535377e+05 1.535438e+05 1.535512e+05 1.535657e+05 1.535448e+05 1.533662e+05 1.527955e+05 1.515018e+05 1.490926e+05 1.451629e+05 9.854730e+04 4.786421e+04 2.501227e+04 1.617510e+04 1.236903e+04 1.049933e+04 8.865686e+03 8.219634e+03 7.911453e+03 7.746667e+03 7.652192e+03 7.595891e+03 7.588813e+03 7.767980e+03 7.791213e+03 7.689437e+03
1.650210e+05 1.650210e+05 1.650210e+05 1.650210e+05 1.650210e+05 1.650215e+05 1.650228e+05 1.650280e+05 1.650319e+05 1.650365e+05 1.650443e+05 1.650124e+05 1.648096e+05 1.641842e+05 1.627807e+05 1.601773e+05 1.559390e+05 1.057656e+05 5.125421e+04 2.667816e+04 1.717042e+04 1.307103e+04 1.105296e+04 9.280040e+03 8.568745e+03 8.221073e+03 8.028208e+03 7.911699e+03 7.837024e+03 7.717054e+03 7.838884e+03 7.835117e+03 7.714664e+03
1.766565e+05 1.766565e+05 1.766565e+05 1.766565e+05 1.766565e+05 1.766569e+05 1.766581e+05 1.766631e+05 1.766669e+05 1.766714e+05 1.766783e+05 1.766420e+05 1.764218e+05 1.757478e+05 1.742391e+05 1.714439e+05 1.668964e+05 1.131110e+05 5.469918e+04 2.836468e+04 1.817219e+04 1.377273e+04 1.160255e+04 9.686600e+03 8.908464e+03 8.520702e+03 8.299689e+03 8.161371e+03 8.068711e+03 7.840367e+03 7.906320e+03 7.876593e+03 7.738651e+03
1.883609e+05 1.883609e+05 1.883609e+05 1.883609e+05 1.883609e+05 1.883613e+05 1.883625e+05 1.883674e+05 1.883710e+05 1.883753e+05 1.883808e+05 1.883392e+05 1.881001e+05 1.873757e+05 1.857596e+05 1.827699e+05 1.779098e+05 1.204864e+05 5.814958e+04 3.004515e+04 1.916287e+04 1.446084e+04 1.213723e+04 1.007727e+04 9.232429e+03 8.805220e+03 8.556931e+03 8.397758e+03 8.288069e+03 7.958065e+03 7.970122e+03 7.915535e+03 7.761304e+03
1.999973e+05 1.999973e+05 1.999973e+05 1.999973e+05 1.999973e+05 1.999975e+05 1.999980e+05 1.999999e+05 2.000013e+05 2.000029e+05 2.000019e+05 1.999495e+05 1.996861e+05 1.989062e+05 1.971782e+05 1.939907e+05 1.888164e+05 1.277754e+05 6.154774e+04 3.168917e+04 2.012307e+04 1.512119e+04 1.264579e+04 1.044423e+04 9.534780e+03 9.070071e+03 8.796299e+03 8.617901e+03 8.492652e+03 8.069554e+03 8.030150e+03 7.951853e+03 7.782542e+03
2.112198e+05 2.112198e+05 2.112198e+05 2.112198e+05 2.112198e+05 2.112198e+05 2.112199e+05 2.112202e+05 2.112205e+05 2.112208e+05 2.112163e+05 2.111567e+05 2.108733e+05 2.100433e+05 2.082108e+05 2.048353e+05 1.993601e+05 1.348253e+05 6.482594e+04 3.326390e+04 2.103327e+04 1.574032e+04 1.311811e+04 1.078089e+04 9.810782e+03 9.311665e+03 9.014971e+03 8.819520e+03 8.680579e+03 8.174337e+03 8.086286e+03 7.985475e+03 7.802289e+03
2.218607e+05 2.218607e+05 2.218607e+05 2.218607e+05 2.218607e+05 2.218607e+05 2.218608e+05 2.218609e+05 2.218609e+05 2.218608e+05 2.218543e+05 2.217887e+05 2.214867e+05 2.206091e+05 2.186770e+05 2.151226e+05 2.093610e+05 1.415053e+05 6.792069e+04 3.473864e+04 2.187627e+04 1.630723e+04 1.354644e+04 1.108265e+04 1.005731e+04 9.527689e+03 9.211138e+03 9.001145e+03 8.850619e+03 8.272023e+03 8.138438e+03 8.016345e+03 7.820477e+03
2.317555e+05 2.317555e+05 2.317555e+05 2.317555e+05 2.317554e+05 2.317553e+05 2.317547e+05 2.317522e+05 2.317504e+05 2.317480e+05 2.317361e+05 2.316613e+05 2.313388e+05 2.304140e+05 2.283867e+05 2.246640e+05 2.186347e+05 1.476903e+05 7.077460e+04 3.608777e+04 2.263920e+04 1.681466e+04 1.392628e+04 1.134737e+04 1.027306e+04 9.717217e+03 9.384066e+03 9.162150e+03 9.002213e+03 8.362327e+03 8.186538e+03 8.044424e+03 7.837048e+03
2.406494e+05 2.406494e+05 2.406494e+05 2.406494e+05 2.406494e+05 2.406492e+05 2.406483e+05 2.406447e+05 2.406421e+05 2.406388e+05 2.406244e+05 2.405443e+05 2.402063e+05 2.392422e+05 2.371323e+05 2.332607e+05 2.269926e+05 1.532674e+05 7.334162e+04 3.729351e+04 2.331476e+04 1.725959e+04 1.425652e+04 1.157522e+04 1.045846e+04 9.880636e+03 9.534034e+03 9.302705e+03 9.135439e+03 8.445066e+03 8.230542e+03 8.069686e+03 7.851952e+03
2.484634e+05 2.484634e+05 2.484634e+05 2.484634e+05 2.484634e+05 2.484631e+05 2.484622e+05 2.484585e+05 2.484557e+05 2.484522e+05 2.484368e+05 2.483533e+05 2.480030e+05 2.470055e+05 2.448243e+05 2.408230e+05 2.343461e+05 1.581762e+05 7.559751e+04 3.834823e+04 2.390150e+04 1.764292e+04 1.453896e+04 1.176831e+04 1.061533e+04 1.001940e+04 9.662159e+03 9.423650e+03 9.250915e+03 8.520158e+03 8.270430e+03 8.092124e+03 7.865147e+03
2.551838e+05 2.551838e+05 2.551838e+05 2.551837e+05 2.551837e+05 2.551834e+05 2.551824e+05 2.551783e+05 2.551752e+05 2.551714e+05 2.551549e+05 2.550683e+05 2.547075e+05 2.536818e+05 2.514398e+05 2.473279e+05 2.406723e+05 1.624026e+05 7.753951e+04 3.925407e+04 2.440308e+04 1.796866e+04 1.477752e+04 1.193002e+04 1.074642e+04 1.013569e+04 9.770158e+03 9.526324e+03 9.349678e+03 8.587608e+03 8.306204e+03 8.111741e+03 7.876601e+03
2.608223e+05 2.608223e+05 2.608223e+05 2.608223e+05 2.608223e+05 2.608219e+05 2.608209e+05 2.608170e+05 2.608142e+05 2.608106e+05 2.607948e+05 2.607077e+05 2.603406e+05 2.592941e+05 2.570041e+05 2.528023e+05 2.459997e+05 1.659730e+05 7.918394e+04 4.002145e+04 2.482715e+04 1.824298e+04 1.497745e+04 1.206439e+04 1.085494e+04 1.023208e+04 9.860097e+03 9.612376e+03 9.433040e+03 8.647501e+03 8.337886e+03 8.128554e+03 7.886290e+03
2.655123e+05 2.655123e+05 2.655123e+05 2.655123e+05 2.655122e+05 2.655120e+05 2.655113e+05 2.655083e+05 2.655060e+05 2.655031e+05 2.654889e+05 2.654025e+05 2.650315e+05 2.639691e+05 2.616411e+05 2.573665e+05 2.504436e+05 1.689615e+05 8.056546e+04 4.066762e+04 2.518417e+04 1.847330e+04 1.514457e+04 1.217562e+04 1.094422e+04 1.031127e+04 9.934165e+03 9.683592e+03 9.502457e+03 8.699988e+03 8.365518e+03 8.142594e+03 7.894197e+03
2.694221e+05 2.694221e+05 2.694221e+05 2.694221e+05 2.694221e+05 2.694220e+05 2.694217e+05 2.694203e+05 2.694192e+05 2.694177e+05 2.694066e+05 2.693228e+05 2.689508e+05 2.678775e+05 2.655199e+05 2.611868e+05 2.541656e+05 1.714729e+05 8.173046e+04 4.121370e+04 2.548578e+04 1.866727e+04 1.528460e+04 1.226768e+04 1.101737e+04 1.037581e+04 9.994492e+03 9.741749e+03 9.559409e+03 8.745276e+03 8.389161e+03 8.153901e+03 7.900315e+03
2.727831e+05 2.727831e+05 2.727831e+05 2.727831e+05 2.727831e+05 2.727830e+05 2.727826e+05 2.727813e+05 2.727802e+05 2.727788e+05 2.727682e+05 2.726846e+05 2.723097e+05 2.712253e+05 2.688410e+05 2.644567e+05 2.573505e+05 1.736213e+05 8.272742e+04 4.168073e+04 2.574304e+04 1.883190e+04 1.540262e+04 1.234399e+04 1.107710e+04 1.042798e+04 1.004302e+04 9.788507e+03 9.605313e+03 8.783613e+03 8.408890e+03 8.162524e+03 7.904644e+03
2.757201e+05 2.757201e+05 2.757201e+05 2.757201e+05 2.757201e+05 2.757200e+05 2.757199e+05 2.757195e+05 2.757192e+05 2.757187e+05 2.757101e+05 2.756281e+05 2.752520e+05 2.741588e+05 2.717517e+05 2.673228e+05 2.601420e+05 1.755019e+05 8.359754e+04 4.208657e+04 2.596524e+04 1.897298e+04 1.550281e+04 1.240739e+04 1.112568e+04 1.046971e+04 1.008143e+04 9.825337e+03 9.641452e+03 8.815279e+03 8.424796e+03 8.168522e+03 7.907192e+03
2.783755e+05 2.783755e+05 2.783755e+05 2.783755e+05 2.783755e+05 2.783755e+05 2.783754e+05 2.783750e+05 2.783746e+05 2.783740e+05 2.783653e+05 2.782826e+05 2.779030e+05 2.767995e+05 2.743693e+05 2.698977e+05 2.626475e+05 1.771811e+05 8.436984e+04 4.244413e+04 2.615928e+04 1.909488e+04 1.558834e+04 1.246002e+04 1.116486e+04 1.050254e+04 1.011110e+04 9.853484e+03 9.668949e+03 8.840572e+03 8.436980e+03 8.171962e+03 7.907973e+03
2.807754e+05 2.807754e+05 2.807754e+05 2.807754e+05 2.807754e+05 2.807753e+05 2.807752e+05 2.807745e+05 2.807739e+05 2.807731e+05 2.807638e+05 2.806798e+05 2.802961e+05 2.791822e+05 2.767301e+05 2.722187e+05 2.649046e+05 1.786880e+05 8.505909e+04 4.276085e+04 2.632947e+04 1.920051e+04 1.566137e+04 1.250341e+04 1.119593e+04 1.052763e+04 1.013312e+04 9.873961e+03 9.688742e+03 8.859805e+03 8.445556e+03 8.172916e+03 7.907010e+03
2.829027e+05 2.829027e+05 2.829027e+05 2.829027e+05 2.829027e+05 2.829026e+05 2.829024e+05 2.829017e+05 2.829011e+05 2.829003e+05 2.828910e+05 2.828062e+05 2.824197e+05 2.812972e+05 2.788262e+05 2.742802e+05 2.669098e+05 1.800274e+05 8.567045e+04 4.304018e+04 2.647812e+04 1.929152e+04 1.572321e+04 1.253855e+04 1.121976e+04 1.054581e+04 1.014830e+04 9.887556e+03 9.701593e+03 8.873293e+03 8.450645e+03 8.171463e+03 7.904329e+03
2.847717e+05 2.847717e+05 2.847717e+05 2.847717e+05 2.847717e+05 2.847717e+05 2.847715e+05 2.847709e+05 2.847704e+05 2.847696e+05 2.847604e+05 2.846753e+05 2.842863e+05 2.831565e+05 2.806692e+05 2.760929e+05 2.686733e+05 1.812055e+05 8.620715e+04 4.328395e+04 2.660642e+04 1.936877e+04 1.577455e+04 1.256596e+04 1.123686e+04 1.055763e+04 1.015720e+04 9.894864e+03 9.708106e+03 8.881351e+03 8.452376e+03 8.167687e+03 7.899964e+03
2.864050e+05 2.864050e+05 2.864050e+05 2.864050e+05 2.864050e+05 2.864049e+05 2.864048e+05 2.864041e+05 2.864036e+05 2.864029e+05 2.863936e+05 2.863081e+05 2.859169e+05 2.847806e+05 2.822789e+05 2.776759e+05 2.702130e+05 1.822325e+05 8.667324e+04 4.349382e+04 2.671519e+04 1.943275e+04 1.581572e+04 1.258593e+04 1.124753e+04 1.056343e+04 1.016023e+04 9.896323e+03 9.708750e+03 8.884290e+03 8.450882e+03 8.161675e+03 7.893954e+03
2.878189e+05 2.878189e+05 2.878189e+05 2.878189e+05 2.878189e+05 2.878189e+05 2.878187e+05 2.878182e+05 2.878177e+05 2.878171e+05 2.878078e+05 2.877220e+05 2.873291e+05 2.861872e+05 2.836729e+05 2.790468e+05 2.715461e+05 1.831198e+05 8.707331e+04 4.367152e+04 2.680514e+04 1.948379e+04 1.584689e+04 1.259855e+04 1.125191e+04 1.056340e+04 1.015765e+04 9.892253e+03 9.703888e+03 8.882413e+03 8.446302e+03 8.153518e+03 7.886340e+03
2.890329e+05 2.890329e+05 2.890329e+05 2.890329e+05 2.890329e+05 2.890328e+05 2.890327e+05 2.890320e+05 2.890316e+05 2.890308e+05 2.890214e+05 2.889349e+05 2.885399e+05 2.873927e+05 2.848670e+05 2.802203e+05 2.726867e+05 1.838754e+05 8.741067e+04 4.381835e+04 2.687680e+04 1.952210e+04 1.586817e+04 1.260384e+04 1.125005e+04 1.055766e+04 1.014963e+04 9.882896e+03 9.693811e+03 8.876013e+03 8.438779e+03 8.143308e+03 7.877172e+03
2.900406e+05 2.900406e+05 2.900406e+05 2.900406e+05 2.900406e+05 2.900406e+05 2.900404e+05 2.900395e+05 2.900389e+05 2.900380e+05 2.900282e+05 2.899409e+05 2.895440e+05 2.883920e+05 2.858566e+05 2.811925e+05 2.736312e+05 1.844984e+05 8.768541e+04 4.393445e+04 2.693027e+04 1.954775e+04 1.587956e+04 1.260182e+04 1.124198e+04 1.054630e+04 1.013633e+04 9.868447e+03 9.678763e+03 8.865377e+03 8.428455e+03 8.131140e+03 7.866499e+03
2.908288e+05 2.908288e+05 2.908288e+05 2.908288e+05 2.908288e+05 2.908287e+05 2.908285e+05 2.908277e+05 2.908270e+05 2.908260e+05 2.908160e+05 2.907282e+05 2.903298e+05 2.891741e+05 2.866309e+05 2.819531e+05 2.743698e+05 1.849834e+05 8.789557e+04 4.401921e+04 2.696535e+04 1.956065e+04 1.588104e+04 1.259250e+04 1.122777e+04 1.052942e+04 1.011787e+04 9.849088e+03 9.658966e+03 8.850779e+03 8.415476e+03 8.117110e+03 7.854374e+03
2.913897e+05 2.913897e+05 2.913897e+05 2.913897e+05 2.913897e+05 2.913896e+05 2.913894e+05 2.913882e+05 2.913874e+05 2.913862e+05 2.913757e+05 2.912872e+05 2.908873e+05 2.897285e+05 2.871795e+05 2.824915e+05 2.748922e+05 1.853238e+05 8.803883e+04 4.407189e+04 2.698180e+04 1.956075e+04 1.587264e+04 1.257595e+04 1.120749e+04 1.050712e+04 1.009441e+04 9.825004e+03 9.634638e+03 8.832487e+03 8.399987e+03 8.101314e+03 7.840856e+03
2.917046e+05 2.917046e+05 2.917046e+05 2.917046e+05 2.917046e+05 2.917045e+05 2.917042e+05 2.917031e+05 2.917022e+05 2.917010e+05 2.916904e+05 2.916017e+05 2.912012e+05 2.900409e+05 2.874888e+05 2.827952e+05 2.751870e+05 1.855141e+05 8.811324e+04 4.409186e+04 2.697943e+04 1.954802e+04 1.585438e+04 1.255226e+04 1.118128e+04 1.047956e+04 1.006614e+04 9.796401e+03 9.606005e+03 8.810758e+03 8.382133e+03 8.083849e+03 7.826001e+03
2.917776e+05 2.917776e+05 2.917776e+05 2.917776e+05 2.917776e+05 2.917775e+05 2.917772e+05 2.917760e+05 2.917750e+05 2.917738e+05 2.917630e+05 2.916740e+05 2.912732e+05 2.901124e+05 2.875593e+05 2.828642e+05 2.752536e+05 1.855525e+05 8.811775e+04 4.407868e+04 2.695810e+04 1.952247e+04 1.582637e+04 1.252160e+04 1.114933e+04 1.044697e+04 1.003326e+04 9.763514e+03 9.573313e+03 8.785843e+03 8.362057e+03 8.064809e+03 7.809871e+03
2.916090e+05 2.916090e+05 2.916090e+05 2.916090e+05 2.916090e+05 2.916089e+05 2.916086e+05 2.916074e+05 2.916064e+05 2.916051e+05 2.915943e+05 2.915053e+05 2.911045e+05 2.899442e+05 2.873924e+05 2.826997e+05 2.750931e+05 1.854389e+05 8.805196e+04 4.403219e+04 2.691784e+04 1.948424e+04 1.578879e+04 1.248422e+04 1.111192e+04 1.040960e+04 9.996063e+03 9.726612e+03 9.536833e+03 8.757986e+03 8.339902e+03 8.044290e+03 7.792527e+03
2.912023e+05 2.912023e+05 2.912023e+05 2.912023e+05 2.912023e+05 2.912022e+05 2.912019e+05 2.912005e+05 2.911994e+05 2.911980e+05 2.911868e+05 2.910976e+05 2.906969e+05 2.895377e+05 2.869890e+05 2.823023e+05 2.747058e+05 1.851732e+05 8.791610e+04 4.395271e+04 2.685899e+04 1.943368e+04 1.574202e+04 1.244050e+04 1.106939e+04 1.036779e+04 9.954856e+03 9.685999e+03 9.496856e+03 8.727424e+03 8.315809e+03 8.022386e+03 7.774030e+03
2.905478e+05 2.905478e+05 2.905478e+05 2.905478e+05 2.905478e+05 2.905477e+05 2.905474e+05 2.905459e+05 2.905449e+05 2.905434e+05 2.905323e+05 2.904432e+05 2.900434e+05 2.888869e+05 2.863441e+05 2.816682e+05 2.740891e+05 1.847571e+05 8.771218e+04 4.384163e+04 2.678253e+04 1.937156e+04 1.568669e+04 1.239093e+04 1.102220e+04 1.032195e+04 9.910004e+03 9.642007e+03 9.453696e+03 8.694386e+03 8.289914e+03 7.999189e+03 7.754444e+03
2.896575e+05 2.896575e+05 2.896575e+05 2.896575e+05 2.896575e+05 2.896574e+05 2.896572e+05 2.896564e+05 2.896558e+05 2.896549e+05 2.896450e+05 2.895577e+05 2.891609e+05 2.880098e+05 2.854766e+05 2.808169e+05 2.732628e+05 1.842054e+05 8.744721e+04 4.370225e+04 2.669034e+04 1.929913e+04 1.562375e+04 1.233620e+04 1.097087e+04 1.027252e+04 9.861899e+03 9.594992e+03 9.407679e+03 8.659097e+03 8.262354e+03 7.974790e+03 7.733831e+03
2.886149e+05 2.886149e+05 2.886149e+05 2.886149e+05 2.886149e+05 2.886148e+05 2.886146e+05 2.886138e+05 2.886132e+05 2.886123e+05 2.886025e+05 2.885157e+05 2.881207e+05 2.869742e+05 2.844509e+05 2.798088e+05 2.722828e+05 1.835483e+05 8.713294e+04 4.353947e+04 2.658495e+04 1.921800e+04 1.555436e+04 1.227705e+04 1.091598e+04 1.021997e+04 9.810946e+03 9.545317e+03 9.359139e+03 8.621772e+03 8.233261e+03 7.949277e+03 7.712254e+03
2.874452e+05 2.874452e+05 2.874452e+05 2.874452e+05 2.874452e+05 2.874452e+05 2.874450e+05 2.874444e+05 2.874439e+05 2.874432e+05 2.874338e+05 2.873478e+05 2.869549e+05 2.858137e+05 2.833013e+05 2.786788e+05 2.711840e+05 1.828102e+05 8.678016e+04 4.335808e+04 2.646894e+04 1.912978e+04 1.547967e+04 1.221420e+04 1.085807e+04 1.016475e+04 9.757544e+03 9.493340e+03 9.308403e+03 8.582623e+03 8.202764e+03 7.922737e+03 7.689776e+03
2.861784e+05 2.861784e+05 2.861784e+05 2.861784e+05 2.861784e+05 2.861783e+05 2.861782e+05 2.861776e+05 2.861772e+05 2.861766e+05 2.861675e+05 2.860823e+05 2.856915e+05 2.845559e+05 2.820551e+05 2.774537e+05 2.699926e+05 1.820088e+05 8.639728e+04 4.316205e+04 2.634448e+04 1.903587e+04 1.540068e+04 1.214831e+04 1.079763e+04 1.010729e+04 9.702070e+03 9.439404e+03 9.255791e+03 8.541850e+03 8.170987e+03 7.895254e+03 7.666457e+03
2.848389e+05 2.848389e+05 2.848389e+05 2.848389e+05 2.848389e+05 2.848389e+05 2.848388e+05 2.848382e+05 2.848378e+05 2.848372e+05 2.848282e+05 2.847434e+05 2.843546e+05 2.832245e+05 2.807358e+05 2.761562e+05 2.687304e+05 1.811589e+05 8.599107e+04 4.295451e+04 2.621326e+04 1.893733e+04 1.531815e+04 1.207988e+04 1.073511e+04 1.004797e+04 9.644874e+03 9.383835e+03 9.201605e+03 8.499648e+03 8.138052e+03 7.866909e+03 7.642357e+03
