1.020054e+08 1.007364e+08 9.930524e+07 9.178316e+07 8.735269e+07 7.318988e+07 6.727014e+07 6.309419e+07 6.253737e+07 6.252813e+07 6.357131e+07 6.549587e+07 6.793702e+07 7.068879e+07 7.362987e+07 7.668623e+07 7.980922e+07 9.534198e+07 1.088570e+08 1.192171e+08 1.262918e+08 1.299554e+08 1.302051e+08 1.241424e+08 1.166122e+08 1.105259e+08 1.056125e+08 1.013984e+08 9.761448e+07 7.000468e+07 5.270129e+07 4.130226e+07 3.344701e+07
6.494994e+07 6.495007e+07 6.495041e+07 6.495587e+07 6.495497e+07 6.420965e+07 6.324724e+07 6.166133e+07 6.176601e+07 6.217883e+07 6.371852e+07 6.591675e+07 6.852222e+07 7.137528e+07 7.437747e+07 7.746756e+07 8.060484e+07 9.606063e+07 1.094244e+08 1.196444e+08 1.266031e+08 1.301709e+08 1.303413e+08 1.241695e+08 1.165830e+08 1.104689e+08 1.055413e+08 1.013198e+08 9.753234e+07 6.993601e+07 5.265202e+07 4.126660e+07 3.342056e+07
6.058738e+07 6.058743e+07 6.058757e+07 6.059116e+07 6.059950e+07 6.052342e+07 6.051144e+07 6.116663e+07 6.134661e+07 6.198716e+07 6.402996e+07 6.652475e+07 6.929562e+07 7.223979e+07 7.528841e+07 7.839631e+07 8.153224e+07 9.685006e+07 1.100287e+08 1.200907e+08 1.269238e+08 1.303901e+08 1.304781e+08 1.241942e+08 1.165510e+08 1.104092e+08 1.054677e+08 1.012391e+08 9.744835e+07 6.986675e+07 5.260251e+07 4.123082e+07 3.339403e+07
5.992865e+07 5.992868e+07 5.992877e+07 5.993132e+07 5.993835e+07 6.004828e+07 6.007103e+07 6.162029e+07 6.242339e+07 6.308519e+07 6.484830e+07 6.740861e+07 7.028642e+07 7.329324e+07 7.636679e+07 7.947358e+07 8.259097e+07 9.770794e+07 1.106679e+08 1.205546e+08 1.272529e+08 1.306124e+08 1.306148e+08 1.242165e+08 1.165161e+08 1.103467e+08 1.053916e+08 1.011563e+08 9.736249e+07 6.979690e+07 5.255274e+07 4.119491e+07 3.336743e+07
6.099333e+07 6.099336e+07 6.099342e+07 6.099543e+07 6.100122e+07 6.113285e+07 6.133614e+07 6.245841e+07 6.361897e+07 6.474321e+07 6.670877e+07 6.890644e+07 7.159830e+07 7.456931e+07 7.762205e+07 8.069971e+07 8.377791e+07 9.863002e+07 1.113391e+08 1.210343e+08 1.275890e+08 1.308370e+08 1.307511e+08 1.242359e+08 1.164779e+08 1.102814e+08 1.053129e+08 1.010712e+08 9.727474e+07 6.972646e+07 5.250272e+07 4.115888e+07 3.334077e+07
6.306903e+07 6.306904e+07 6.306910e+07 6.307075e+07 6.307563e+07 6.320028e+07 6.346884e+07 6.432046e+07 6.528216e+07 6.650603e+07 6.893273e+07 7.114720e+07 7.351149e+07 7.617958e+07 7.909507e+07 8.208817e+07 8.509492e+07 9.961080e+07 1.120388e+08 1.215274e+08 1.279308e+08 1.310629e+08 1.308861e+08 1.242521e+08 1.164365e+08 1.102131e+08 1.052317e+08 1.009840e+08 9.718507e+07 6.965542e+07 5.245245e+07 4.112272e+07 3.331404e+07
6.579143e+07 6.579145e+07 6.579149e+07 6.579288e+07 6.579702e+07 6.590913e+07 6.618313e+07 6.695135e+07 6.765643e+07 6.868642e+07 7.121291e+07 7.364447e+07 7.593671e+07 7.832121e+07 8.090217e+07 8.368484e+07 8.656001e+07 1.006448e+08 1.127630e+08 1.220315e+08 1.282766e+08 1.312891e+08 1.310193e+08 1.242650e+08 1.163917e+08 1.101417e+08 1.051479e+08 1.008945e+08 9.709346e+07 6.958380e+07 5.240193e+07 4.108644e+07 3.328724e+07
6.893883e+07 6.893884e+07 6.893888e+07 6.894005e+07 6.894359e+07 6.904245e+07 6.929930e+07 7.003477e+07 7.057689e+07 7.137232e+07 7.364311e+07 7.617666e+07 7.854370e+07 8.081138e+07 8.313845e+07 8.560286e+07 8.822229e+07 1.017284e+08 1.135075e+08 1.225441e+08 1.286250e+08 1.315145e+08 1.311500e+08 1.242741e+08 1.163432e+08 1.100672e+08 1.050613e+08 1.008027e+08 9.699989e+07 6.951158e+07 5.235116e+07 4.105003e+07 3.326037e+07
7.235642e+07 7.235643e+07 7.235646e+07 7.235747e+07 7.236051e+07 7.244714e+07 7.267991e+07 7.337858e+07 7.383186e+07 7.444843e+07 7.632897e+07 7.874457e+07 8.116673e+07 8.342700e+07 8.561495e+07 8.784593e+07 9.017963e+07 1.028617e+08 1.142687e+08 1.230624e+08 1.289742e+08 1.317382e+08 1.312775e+08 1.242791e+08 1.162910e+08 1.099894e+08 1.049721e+08 1.007085e+08 9.690433e+07 6.943876e+07 5.230014e+07 4.101350e+07 3.323343e+07
7.593271e+07 7.593272e+07 7.593275e+07 7.593362e+07 7.593624e+07 7.601182e+07 7.621918e+07 7.686781e+07 7.726836e+07 7.776596e+07 7.927086e+07 8.141130e+07 8.377188e+07 8.604079e+07 8.817338e+07 9.025541e+07 9.237285e+07 1.040504e+08 1.150436e+08 1.235839e+08 1.293224e+08 1.319589e+08 1.314010e+08 1.242798e+08 1.162348e+08 1.099083e+08 1.048800e+08 1.006121e+08 9.680677e+07 6.936535e+07 5.224887e+07 4.097685e+07 3.320643e+07
7.958350e+07 7.958351e+07 7.958353e+07 7.958428e+07 7.958654e+07 7.965220e+07 7.983470e+07 8.042432e+07 8.078575e+07 8.120488e+07 8.240392e+07 8.420813e+07 8.638653e+07 8.860836e+07 9.071382e+07 9.271276e+07 9.467899e+07 1.053096e+08 1.158309e+08 1.241065e+08 1.296682e+08 1.321756e+08 1.315199e+08 1.242757e+08 1.161746e+08 1.098238e+08 1.047851e+08 1.005132e+08 9.670718e+07 6.929134e+07 5.219734e+07 4.094007e+07 3.317936e+07
1.115340e+08 1.115340e+08 1.115340e+08 1.115342e+08 1.115348e+08 1.115490e+08 1.115832e+08 1.116954e+08 1.117667e+08 1.118418e+08 1.119840e+08 1.121026e+08 1.122343e+08 1.124635e+08 1.128711e+08 1.134953e+08 1.143257e+08 1.198846e+08 1.251414e+08 1.295749e+08 1.328534e+08 1.339687e+08 1.323308e+08 1.239135e+08 1.153150e+08 1.087733e+08 1.036694e+08 9.938681e+07 9.559568e+07 6.851834e+07 5.166837e+07 4.056553e+07 3.290494e+07
1.257181e+08 1.257181e+08 1.257181e+08 1.257181e+08 1.257183e+08 1.257208e+08 1.257267e+08 1.257402e+08 1.257445e+08 1.257450e+08 1.257278e+08 1.256774e+08 1.255892e+08 1.254727e+08 1.253561e+08 1.252828e+08 1.252995e+08 1.274927e+08 1.317222e+08 1.350188e+08 1.364088e+08 1.356276e+08 1.325949e+08 1.229023e+08 1.139317e+08 1.073125e+08 1.022272e+08 9.799499e+07 9.426413e+07 6.768532e+07 5.111460e+07 4.017886e+07 3.262389e+07
1.294137e+08 1.294137e+08 1.294137e+08 1.294137e+08 1.294137e+08 1.294148e+08 1.294170e+08 1.294210e+08 1.294210e+08 1.294188e+08 1.294052e+08 1.293762e+08 1.293311e+08 1.292763e+08 1.292249e+08 1.291952e+08 1.292072e+08 1.304076e+08 1.334287e+08 1.365387e+08 1.379858e+08 1.368175e+08 1.329934e+08 1.216867e+08 1.121267e+08 1.054645e+08 1.004612e+08 9.633544e+07 9.270951e+07 6.679262e+07 5.053645e+07 3.978031e+07 3.233638e+07
1.296161e+08 1.296161e+08 1.296161e+08 1.296161e+08 1.296161e+08 1.296168e+08 1.296184e+08 1.296216e+08 1.296223e+08 1.296220e+08 1.296169e+08 1.296044e+08 1.295858e+08 1.295689e+08 1.295673e+08 1.295967e+08 1.296712e+08 1.309021e+08 1.332026e+08 1.356015e+08 1.369033e+08 1.358969e+08 1.321448e+08 1.204598e+08 1.103425e+08 1.034084e+08 9.844671e+07 9.444382e+07 9.095025e+07 6.584137e+07 4.993446e+07 3.937018e+07 3.204257e+07
1.286007e+08 1.286007e+08 1.286007e+08 1.286007e+08 1.286007e+08 1.286011e+08 1.286016e+08 1.286023e+08 1.286018e+08 1.286005e+08 1.285947e+08 1.285839e+08 1.285704e+08 1.285624e+08 1.285735e+08 1.286191e+08 1.287126e+08 1.299991e+08 1.320063e+08 1.337797e+08 1.345628e+08 1.334039e+08 1.297863e+08 1.184963e+08 1.084841e+08 1.014502e+08 9.636851e+07 9.240793e+07 8.903404e+07 6.483358e+07 4.930937e+07 3.894884e+07 3.174266e+07
1.269023e+08 1.269023e+08 1.269023e+08 1.269023e+08 1.269023e+08 1.269025e+08 1.269026e+08 1.269017e+08 1.269004e+08 1.268982e+08 1.268906e+08 1.268789e+08 1.268655e+08 1.268586e+08 1.268710e+08 1.269173e+08 1.270103e+08 1.282635e+08 1.301126e+08 1.314977e+08 1.317779e+08 1.302479e+08 1.265381e+08 1.156848e+08 1.061836e+08 9.939850e+07 9.437697e+07 9.038952e+07 8.704511e+07 6.377230e+07 4.866205e+07 3.851668e+07 3.143686e+07
1.247025e+08 1.247025e+08 1.247025e+08 1.247025e+08 1.247025e+08 1.247025e+08 1.247024e+08 1.247012e+08 1.246997e+08 1.246977e+08 1.246912e+08 1.246816e+08 1.246714e+08 1.246680e+08 1.246831e+08 1.247298e+08 1.248197e+08 1.259962e+08 1.276937e+08 1.288312e+08 1.287541e+08 1.268658e+08 1.229489e+08 1.123059e+08 1.033858e+08 9.706496e+07 9.229813e+07 8.842205e+07 8.510921e+07 6.266165e+07 4.799356e+07 3.807416e+07 3.112539e+07
1.222566e+08 1.222566e+08 1.222566e+08 1.222566e+08 1.222566e+08 1.222566e+08 1.222564e+08 1.222548e+08 1.222533e+08 1.222511e+08 1.222444e+08 1.222347e+08 1.222242e+08 1.222193e+08 1.222305e+08 1.222697e+08 1.223469e+08 1.233820e+08 1.248816e+08 1.258186e+08 1.255078e+08 1.233675e+08 1.192652e+08 1.086794e+08 1.002254e+08 9.441741e+07 9.002860e+07 8.638123e+07 8.319365e+07 6.150698e+07 4.730514e+07 3.762177e+07 3.080852e+07
1.195922e+08 1.195922e+08 1.195922e+08 1.195922e+08 1.195922e+08 1.195919e+08 1.195907e+08 1.195858e+08 1.195819e+08 1.195770e+08 1.195643e+08 1.195477e+08 1.195297e+08 1.195159e+08 1.195159e+08 1.195401e+08 1.195977e+08 1.204602e+08 1.217418e+08 1.224999e+08 1.220388e+08 1.197582e+08 1.155536e+08 1.050072e+08 9.688507e+07 9.152564e+07 8.754824e+07 8.420566e+07 8.121843e+07 6.031487e+07 4.659820e+07 3.716006e+07 3.048648e+07
1.164662e+08 1.164662e+08 1.164662e+08 1.164662e+08 1.164662e+08 1.164659e+08 1.164649e+08 1.164604e+08 1.164569e+08 1.164525e+08 1.164408e+08 1.164256e+08 1.164088e+08 1.163956e+08 1.163940e+08 1.164134e+08 1.164619e+08 1.172040e+08 1.183060e+08 1.189203e+08 1.183692e+08 1.160380e+08 1.118211e+08 1.013798e+08 9.350716e+07 8.849738e+07 8.489612e+07 8.188262e+07 7.914544e+07 5.909315e+07 4.587431e+07 3.668962e+07 3.015958e+07
1.130240e+08 1.130240e+08 1.130240e+08 1.130240e+08 1.130240e+08 1.130237e+08 1.130230e+08 1.130197e+08 1.130170e+08 1.130136e+08 1.130045e+08 1.129924e+08 1.129790e+08 1.129687e+08 1.129686e+08 1.129868e+08 1.130303e+08 1.136836e+08 1.146428e+08 1.151461e+08 1.145472e+08 1.122280e+08 1.080720e+08 9.782687e+07 9.017546e+07 8.543040e+07 8.213900e+07 7.943582e+07 7.696680e+07 5.785088e+07 4.513525e+07 3.621109e+07 2.982809e+07
1.094508e+08 1.094508e+08 1.094508e+08 1.094508e+08 1.094508e+08 1.094505e+08 1.094496e+08 1.094456e+08 1.094425e+08 1.094386e+08 1.094284e+08 1.094154e+08 1.094011e+08 1.093895e+08 1.093870e+08 1.094007e+08 1.094368e+08 1.100047e+08 1.108413e+08 1.112566e+08 1.106365e+08 1.083679e+08 1.043224e+08 9.435428e+07 8.692917e+07 8.239344e+07 7.934447e+07 7.690866e+07 7.469802e+07 5.659845e+07 4.438295e+07 3.572515e+07 2.949233e+07
1.057308e+08 1.057308e+08 1.057308e+08 1.057308e+08 1.057308e+08 1.057306e+08 1.057297e+08 1.057263e+08 1.057237e+08 1.057204e+08 1.057118e+08 1.057009e+08 1.056888e+08 1.056793e+08 1.056778e+08 1.056909e+08 1.057239e+08 1.062329e+08 1.069756e+08 1.073250e+08 1.067012e+08 1.045047e+08 1.005979e+08 9.096338e+07 8.378230e+07 7.942677e+07 7.656643e+07 7.434861e+07 7.236853e+07 5.534799e+07 4.361949e+07 3.523251e+07 2.915262e+07
1.019662e+08 1.019662e+08 1.019662e+08 1.019662e+08 1.019662e+08 1.019660e+08 1.019655e+08 1.019631e+08 1.019612e+08 1.019589e+08 1.019528e+08 1.019448e+08 1.019361e+08 1.019299e+08 1.019311e+08 1.019454e+08 1.019776e+08 1.024459e+08 1.031162e+08 1.034160e+08 1.027987e+08 1.006832e+08 9.692763e+07 8.765732e+07 8.073751e+07 7.655020e+07 7.384154e+07 7.179710e+07 7.001228e+07 5.411559e+07 4.284715e+07 3.473394e+07 2.880930e+07
9.828724e+07 9.828724e+07 9.828724e+07 9.828723e+07 9.828723e+07 9.828706e+07 9.828652e+07 9.828419e+07 9.828238e+07 9.828011e+07 9.827421e+07 9.826665e+07 9.825857e+07 9.825284e+07 9.825395e+07 9.826699e+07 9.829638e+07 9.872144e+07 9.932624e+07 9.958329e+07 9.897573e+07 9.694184e+07 9.333840e+07 8.444159e+07 7.779365e+07 7.377124e+07 7.119148e+07 6.928536e+07 6.766090e+07 5.290456e+07 4.206831e+07 3.423022e+07 2.846271e+07
9.469343e+07 9.469343e+07 9.469343e+07 9.469342e+07 9.469342e+07 9.469330e+07 9.469288e+07 9.469106e+07 9.468960e+07 9.468777e+07 9.468295e+07 9.467674e+07 9.467015e+07 9.466576e+07 9.466760e+07 9.468028e+07 9.470776e+07 9.509644e+07 9.564352e+07 9.586252e+07 9.526455e+07 9.330824e+07 8.985153e+07 8.132238e+07 7.494887e+07 7.109092e+07 6.862717e+07 6.683426e+07 6.534007e+07 5.170563e+07 4.128551e+07 3.372220e+07 2.811322e+07
9.121917e+07 9.121917e+07 9.121917e+07 9.121917e+07 9.121917e+07 9.121906e+07 9.121869e+07 9.121713e+07 9.121591e+07 9.121438e+07 9.121039e+07 9.120527e+07 9.119994e+07 9.119671e+07 9.119924e+07 9.121166e+07 9.123756e+07 9.159444e+07 9.208979e+07 9.227379e+07 9.168390e+07 8.979937e+07 8.648089e+07 7.830469e+07 7.220136e+07 6.850723e+07 6.615260e+07 6.445616e+07 6.306855e+07 5.051384e+07 4.050138e+07 3.321071e+07 2.776119e+07
8.788870e+07 8.788870e+07 8.788870e+07 8.788870e+07 8.788869e+07 8.788858e+07 8.788823e+07 8.788676e+07 8.788563e+07 8.788423e+07 8.788059e+07 8.787595e+07 8.787114e+07 8.786826e+07 8.787065e+07 8.788203e+07 8.790567e+07 8.822994e+07 8.867554e+07 8.882561e+07 8.824174e+07 8.642292e+07 8.323341e+07 7.539139e+07 6.954935e+07 6.601698e+07 6.376773e+07 6.215720e+07 6.085874e+07 4.932617e+07 3.971872e+07 3.269666e+07 2.740700e+07
8.469321e+07 8.469321e+07 8.469321e+07 8.469321e+07 8.469321e+07 8.469311e+07 8.469278e+07 8.469142e+07 8.469037e+07 8.468907e+07 8.468570e+07 8.468141e+07 8.467698e+07 8.467431e+07 8.467641e+07 8.468667e+07 8.470804e+07 8.500110e+07 8.539968e+07 8.551742e+07 8.493828e+07 8.318003e+07 8.011080e+07 7.258330e+07 6.699100e+07 6.361673e+07 6.147052e+07 5.993947e+07 5.871795e+07 4.814106e+07 3.894045e+07 3.218095e+07 2.705104e+07
8.162223e+07 8.162223e+07 8.162223e+07 8.162223e+07 8.162223e+07 8.162215e+07 8.162187e+07 8.162072e+07 8.161982e+07 8.161868e+07 8.161572e+07 8.161193e+07 8.160799e+07 8.160563e+07 8.160757e+07 8.161688e+07 8.163622e+07 8.190074e+07 8.225621e+07 8.234429e+07 8.176972e+07 8.006814e+07 7.711160e+07 6.987975e+07 6.452445e+07 6.130327e+07 5.925804e+07 5.780262e+07 5.664982e+07 4.695820e+07 3.816978e+07 3.166452e+07 2.669370e+07
7.867228e+07 7.867228e+07 7.867228e+07 7.867228e+07 7.867227e+07 7.867218e+07 7.867190e+07 7.867071e+07 7.866980e+07 7.866869e+07 7.866581e+07 7.866219e+07 7.865844e+07 7.865614e+07 7.865775e+07 7.866606e+07 7.868346e+07 7.892212e+07 7.923877e+07 7.930037e+07 7.873095e+07 7.708311e+07 7.423278e+07 6.727910e+07 6.214783e+07 5.907378e+07 5.712731e+07 5.574502e+07 5.465554e+07 4.577834e+07 3.741072e+07 3.114829e+07 2.633539e+07
7.583128e+07 7.583128e+07 7.583128e+07 7.583128e+07 7.583127e+07 7.583120e+07 7.583096e+07 7.582997e+07 7.582921e+07 7.582825e+07 7.582576e+07 7.582260e+07 7.581934e+07 7.581739e+07 7.581900e+07 7.582668e+07 7.584261e+07 7.605905e+07 7.634145e+07 7.637997e+07 7.581674e+07 7.422043e+07 7.147070e+07 6.477932e+07 5.985945e+07 5.692595e+07 5.507557e+07 5.376455e+07 5.273479e+07 4.460314e+07 3.666581e+07 3.063325e+07 2.597650e+07
7.310125e+07 7.310125e+07 7.310125e+07 7.310125e+07 7.310125e+07 7.310118e+07 7.310097e+07 7.310008e+07 7.309940e+07 7.309856e+07 7.309637e+07 7.309358e+07 7.309070e+07 7.308902e+07 7.309057e+07 7.309762e+07 7.311214e+07 7.330821e+07 7.355985e+07 7.357836e+07 7.302248e+07 7.147593e+07 6.882186e+07 6.237827e+07 5.765776e+07 5.485794e+07 5.310050e+07 5.185898e+07 5.088642e+07 4.343497e+07 3.593277e+07 3.012034e+07 2.561745e+07
7.048007e+07 7.048007e+07 7.048007e+07 7.048007e+07 7.048007e+07 7.048001e+07 7.047982e+07 7.047900e+07 7.047836e+07 7.047757e+07 7.047553e+07 7.047295e+07 7.047028e+07 7.046872e+07 7.047008e+07 7.047644e+07 7.048958e+07 7.066688e+07 7.089090e+07 7.089222e+07 7.034474e+07 6.884629e+07 6.628329e+07 6.007407e+07 5.554151e+07 5.286834e+07 5.120021e+07 5.002627e+07 4.910891e+07 4.227667e+07 3.521027e+07 2.961056e+07 2.525864e+07
6.796133e+07 6.796133e+07 6.796133e+07 6.796133e+07 6.796133e+07 6.796128e+07 6.796111e+07 6.796040e+07 6.795985e+07 6.795917e+07 6.795741e+07 6.795517e+07 6.795289e+07 6.795162e+07 6.795303e+07 6.795899e+07 6.797112e+07 6.813262e+07 6.833269e+07 6.831945e+07 6.778109e+07 6.632889e+07 6.385250e+07 5.786503e+07 5.350963e+07 5.095606e+07 4.937321e+07 4.826460e+07 4.740060e+07 4.113132e+07 3.449749e+07 2.910491e+07 2.490050e+07
6.554708e+07 6.554708e+07 6.554708e+07 6.554708e+07 6.554708e+07 6.554703e+07 6.554689e+07 6.554628e+07 6.554582e+07 6.554524e+07 6.554377e+07 6.554191e+07 6.554005e+07 6.553915e+07 6.554072e+07 6.554644e+07 6.555779e+07 6.570570e+07 6.588457e+07 6.585858e+07 6.532946e+07 6.392143e+07 6.152725e+07 5.574960e+07 5.156113e+07 4.912017e+07 4.761825e+07 4.657238e+07 4.575985e+07 4.000210e+07 3.379390e+07 2.860442e+07 2.454342e+07
6.324165e+07 6.324165e+07 6.324165e+07 6.324165e+07 6.324165e+07 6.324161e+07 6.324149e+07 6.324098e+07 6.324060e+07 6.324012e+07 6.323888e+07 6.323731e+07 6.323577e+07 6.323511e+07 6.323670e+07 6.324207e+07 6.325254e+07 6.338707e+07 6.354574e+07 6.350774e+07 6.298744e+07 6.162130e+07 5.930509e+07 5.372609e+07 4.969494e+07 4.735979e+07 4.593423e+07 4.494818e+07 4.418506e+07 3.889206e+07 3.309917e+07 2.811019e+07 2.418782e+07
6.104460e+07 6.104460e+07 6.104460e+07 6.104460e+07 6.104460e+07 6.104456e+07 6.104444e+07 6.104396e+07 6.104360e+07 6.104314e+07 6.104196e+07 6.104047e+07 6.103899e+07 6.103831e+07 6.103966e+07 6.104443e+07 6.105380e+07 6.117455e+07 6.131351e+07 6.126390e+07 6.075185e+07 5.942543e+07 5.718324e+07 5.179255e+07 4.790980e+07 4.567389e+07 4.432005e+07 4.339065e+07 4.267468e+07 3.780399e+07 3.241312e+07 2.762351e+07 2.383411e+07
5.894576e+07 5.894576e+07 5.894576e+07 5.894576e+07 5.894576e+07 5.894573e+07 5.894564e+07 5.894524e+07 5.894492e+07 5.894453e+07 5.894350e+07 5.894220e+07 5.894091e+07 5.894034e+07 5.894160e+07 5.894593e+07 5.895441e+07 5.906276e+07 5.918352e+07 5.912313e+07 5.861899e+07 5.733032e+07 5.515851e+07 4.994671e+07 4.620411e+07 4.406124e+07 4.277452e+07 4.189841e+07 4.122716e+07 3.674038e+07 3.173570e+07 2.714572e+07 2.348271e+07
5.694195e+07 5.694195e+07 5.694195e+07 5.694195e+07 5.694195e+07 5.694193e+07 5.694185e+07 5.694150e+07 5.694123e+07 5.694089e+07 5.694001e+07 5.693890e+07 5.693780e+07 5.693737e+07 5.693859e+07 5.694257e+07 5.695028e+07 5.704754e+07 5.715169e+07 5.708144e+07 5.658494e+07 5.533225e+07 5.322753e+07 4.818600e+07 4.457601e+07 4.252040e+07 4.129629e+07 4.047006e+07 3.984096e+07 3.570331e+07 3.106699e+07 2.667611e+07 2.313401e+07
5.503124e+07 5.503124e+07 5.503124e+07 5.503124e+07 5.503124e+07 5.503122e+07 5.503115e+07 5.503085e+07 5.503062e+07 5.503033e+07 5.502957e+07 5.502861e+07 5.502767e+07 5.502733e+07 5.502846e+07 5.503208e+07 5.503902e+07 5.512574e+07 5.521431e+07 5.513482e+07 5.464567e+07 5.342734e+07 5.138671e+07 4.650762e+07 4.302337e+07 4.104962e+07 3.988383e+07 3.910407e+07 3.851445e+07 3.469446e+07 3.040717e+07 2.621405e+07 2.278843e+07
5.321050e+07 5.321050e+07 5.321050e+07 5.321050e+07 5.321050e+07 5.321048e+07 5.321041e+07 5.321012e+07 5.320990e+07 5.320962e+07 5.320890e+07 5.320799e+07 5.320710e+07 5.320674e+07 5.320771e+07 5.321088e+07 5.321702e+07 5.329349e+07 5.336725e+07 5.327906e+07 5.279699e+07 5.161157e+07 4.963234e+07 4.490858e+07 4.154379e+07 3.964696e+07 3.853543e+07 3.779879e+07 3.724598e+07 3.371510e+07 2.975651e+07 2.575916e+07 2.244637e+07
5.147295e+07 5.147295e+07 5.147295e+07 5.147295e+07 5.147295e+07 5.147293e+07 5.147287e+07 5.147264e+07 5.147246e+07 5.147223e+07 5.147163e+07 5.147088e+07 5.147013e+07 5.146985e+07 5.147074e+07 5.147357e+07 5.147902e+07 5.154609e+07 5.160604e+07 5.150979e+07 5.103468e+07 4.988093e+07 4.796066e+07 4.338578e+07 4.013472e+07 3.831025e+07 3.724917e+07 3.655245e+07 3.603377e+07 3.276613e+07 2.911535e+07 2.531118e+07 2.210826e+07
4.981645e+07 4.981645e+07 4.981645e+07 4.981645e+07 4.981645e+07 4.981643e+07 4.981638e+07 4.981615e+07 4.981597e+07 4.981575e+07 4.981518e+07 4.981447e+07 4.981376e+07 4.981346e+07 4.981419e+07 4.981662e+07 4.982136e+07 4.987942e+07 4.992645e+07 4.982281e+07 4.935463e+07 4.823148e+07 4.636798e+07 4.193604e+07 3.879347e+07 3.703719e+07 3.602302e+07 3.536315e+07 3.487601e+07 3.184805e+07 2.848405e+07 2.486989e+07 2.177454e+07
4.823526e+07 4.823526e+07 4.823526e+07 4.823526e+07 4.823526e+07 4.823525e+07 4.823520e+07 4.823501e+07 4.823486e+07 4.823467e+07 4.823418e+07 4.823356e+07 4.823294e+07 4.823267e+07 4.823328e+07 4.823539e+07 4.823949e+07 4.828929e+07 4.832444e+07 4.821416e+07 4.775298e+07 4.665945e+07 4.485070e+07 4.055621e+07 3.751726e+07 3.582532e+07 3.485478e+07 3.422888e+07 3.377075e+07 3.096110e+07 2.786306e+07 2.443513e+07 2.144573e+07
4.672612e+07 4.672612e+07 4.672612e+07 4.672612e+07 4.672612e+07 4.672610e+07 4.672606e+07 4.672589e+07 4.672575e+07 4.672558e+07 4.672513e+07 4.672457e+07 4.672401e+07 4.672374e+07 4.672425e+07 4.672604e+07 4.672957e+07 4.677189e+07 4.679629e+07 4.668017e+07 4.622606e+07 4.516127e+07 4.340535e+07 3.924312e+07 3.630326e+07 3.467209e+07 3.374215e+07 3.314751e+07 3.271603e+07 3.010522e+07 2.725278e+07 2.400676e+07 2.112246e+07
4.528526e+07 4.528526e+07 4.528526e+07 4.528526e+07 4.528526e+07 4.528525e+07 4.528521e+07 4.528506e+07 4.528495e+07 4.528480e+07 4.528443e+07 4.528395e+07 4.528348e+07 4.528327e+07 4.528372e+07 4.528528e+07 4.528831e+07 4.532397e+07 4.533865e+07 4.521739e+07 4.477037e+07 4.373345e+07 4.202854e+07 3.799364e+07 3.514858e+07 3.357488e+07 3.268274e+07 3.211686e+07 3.170978e+07 2.928009e+07 2.665364e+07 2.358470e+07 2.080459e+07
4.391099e+07 4.391099e+07 4.391099e+07 4.391099e+07 4.391099e+07 4.391098e+07 4.391095e+07 4.391082e+07 4.391072e+07 4.391060e+07 4.391028e+07 4.390987e+07 4.390947e+07 4.390928e+07 4.390965e+07 4.391096e+07 4.391352e+07 4.394285e+07 4.394842e+07 4.382246e+07 4.338248e+07 4.237255e+07 4.071690e+07 3.680461e+07 3.405031e+07 3.253101e+07 3.167410e+07 3.113468e+07 3.074991e+07 2.848526e+07 2.606606e+07 2.316886e+07 2.049173e+07
4.260085e+07 4.260085e+07 4.260085e+07 4.260085e+07 4.260085e+07 4.260084e+07 4.260081e+07 4.260069e+07 4.260059e+07 4.260047e+07 4.260015e+07 4.259976e+07 4.259935e+07 4.259911e+07 4.259933e+07 4.260033e+07 4.260236e+07 4.262540e+07 4.262230e+07 4.249201e+07 4.205898e+07 4.107519e+07 3.946709e+07 3.567288e+07 3.300552e+07 3.153777e+07 3.071375e+07 3.019868e+07 2.983429e+07 2.772006e+07 2.549042e+07 2.275918e+07 2.018368e+07
4.134953e+07 4.134953e+07 4.134953e+07 4.134953e+07 4.134953e+07 4.134952e+07 4.134950e+07 4.134938e+07 4.134929e+07 4.134918e+07 4.134889e+07 4.134853e+07 4.134815e+07 4.134790e+07 4.134801e+07 4.134875e+07 4.135032e+07 4.136771e+07 4.135672e+07 4.122263e+07 4.079656e+07 3.983811e+07 3.827591e+07 3.459537e+07 3.201130e+07 3.059246e+07 2.979919e+07 2.930657e+07 2.896081e+07 2.698374e+07 2.492704e+07 2.235565e+07 1.988027e+07
4.015358e+07 4.015358e+07 4.015358e+07 4.015358e+07 4.015358e+07 4.015357e+07 4.015355e+07 4.015347e+07 4.015341e+07 4.015332e+07 4.015311e+07 4.015282e+07 4.015252e+07 4.015232e+07 4.015240e+07 4.015296e+07 4.015417e+07 4.016662e+07 4.014856e+07 4.001123e+07 3.959210e+07 3.865821e+07 3.714028e+07 3.356910e+07 3.106482e+07 2.969244e+07 2.892797e+07 2.845608e+07 2.812734e+07 2.627545e+07 2.437621e+07 2.195824e+07 1.958138e+07
3.901210e+07 3.901210e+07 3.901210e+07 3.901210e+07 3.901210e+07 3.901210e+07 3.901208e+07 3.901200e+07 3.901194e+07 3.901186e+07 3.901166e+07 3.901140e+07 3.901111e+07 3.901089e+07 3.901088e+07 3.901123e+07 3.901206e+07 3.901977e+07 3.899513e+07 3.885492e+07 3.844268e+07 3.753253e+07 3.605726e+07 3.259121e+07 3.016336e+07 2.883512e+07 2.809769e+07 2.764496e+07 2.733182e+07 2.559425e+07 2.383818e+07 2.156695e+07 1.928688e+07
3.792188e+07 3.792188e+07 3.792188e+07 3.792188e+07 3.792188e+07 3.792187e+07 3.792186e+07 3.792178e+07 3.792172e+07 3.792165e+07 3.792146e+07 3.792121e+07 3.792093e+07 3.792069e+07 3.792059e+07 3.792073e+07 3.792119e+07 3.792441e+07 3.789365e+07 3.775091e+07 3.734548e+07 3.645828e+07 3.502407e+07 3.165898e+07 2.930428e+07 2.801803e+07 2.730601e+07 2.687105e+07 2.657220e+07 2.493920e+07 2.331311e+07 2.118180e+07 1.899669e+07
3.687978e+07 3.687978e+07 3.687978e+07 3.687978e+07 3.687978e+07 3.687977e+07 3.687976e+07 3.687969e+07 3.687964e+07 3.687958e+07 3.687941e+07 3.687919e+07 3.687893e+07 3.687868e+07 3.687850e+07 3.687845e+07 3.687858e+07 3.687770e+07 3.684136e+07 3.669647e+07 3.629778e+07 3.543277e+07 3.403804e+07 3.076982e+07 2.848512e+07 2.723880e+07 2.655070e+07 2.613225e+07 2.584654e+07 2.430927e+07 2.280114e+07 2.080282e+07 1.871072e+07
3.588335e+07 3.588335e+07 3.588335e+07 3.588335e+07 3.588335e+07 3.588335e+07 3.588333e+07 3.588328e+07 3.588323e+07 3.588318e+07 3.588303e+07 3.588284e+07 3.588260e+07 3.588235e+07 3.588210e+07 3.588188e+07 3.588171e+07 3.587710e+07 3.583574e+07 3.568908e+07 3.529708e+07 3.445346e+07 3.309665e+07 2.992129e+07 2.770350e+07 2.649518e+07 2.582962e+07 2.542655e+07 2.515295e+07 2.370349e+07 2.230232e+07 2.043004e+07 1.842889e+07
3.493026e+07 3.493026e+07 3.493026e+07 3.493026e+07 3.493026e+07 3.493026e+07 3.493025e+07 3.493020e+07 3.493017e+07 3.493012e+07 3.493000e+07 3.492983e+07 3.492963e+07 3.492937e+07 3.492907e+07 3.492871e+07 3.492827e+07 3.492033e+07 3.487446e+07 3.472636e+07 3.434095e+07 3.351794e+07 3.219750e+07 2.911105e+07 2.695722e+07 2.578504e+07 2.514077e+07 2.475205e+07 2.448962e+07 2.312082e+07 2.181666e+07 2.006350e+07 1.815115e+07
3.401872e+07 3.401872e+07 3.401872e+07 3.401872e+07 3.401872e+07 3.401871e+07 3.401870e+07 3.401866e+07 3.401862e+07 3.401858e+07 3.401847e+07 3.401832e+07 3.401812e+07 3.401785e+07 3.401749e+07 3.401699e+07 3.401629e+07 3.400526e+07 3.395529e+07 3.380602e+07 3.342706e+07 3.262387e+07 3.133829e+07 2.833690e+07 2.624415e+07 2.510639e+07 2.448223e+07 2.410693e+07 2.385484e+07 2.256029e+07 2.134413e+07 1.970323e+07 1.787742e+07
3.314651e+07 3.314651e+07 3.314651e+07 3.314651e+07 3.314651e+07 3.314651e+07 3.314650e+07 3.314646e+07 3.314643e+07 3.314639e+07 3.314628e+07 3.314614e+07 3.314595e+07 3.314567e+07 3.314524e+07 3.314459e+07 3.314365e+07 3.312974e+07 3.307601e+07 3.292580e+07 3.255314e+07 3.176899e+07 3.051679e+07 2.759676e+07 2.556234e+07 2.445733e+07 2.385221e+07 2.348948e+07 2.324698e+07 2.202091e+07 2.088463e+07 1.934929e+07 1.760766e+07
3.231127e+07 3.231127e+07 3.231127e+07 3.231127e+07 3.231127e+07 3.231126e+07 3.231126e+07 3.231122e+07 3.231120e+07 3.231116e+07 3.231107e+07 3.231095e+07 3.231077e+07 3.231048e+07 3.231000e+07 3.230923e+07 3.230808e+07 3.229155e+07 3.223443e+07 3.208349e+07 3.171699e+07 3.095112e+07 2.973089e+07 2.688864e+07 2.490991e+07 2.383610e+07 2.324901e+07 2.289810e+07 2.266453e+07 2.150174e+07 2.043803e+07 1.900170e+07 1.734182e+07
3.151117e+07 3.151117e+07 3.151117e+07 3.151117e+07 3.151117e+07 3.151117e+07 3.151116e+07 3.151113e+07 3.151110e+07 3.151107e+07 3.151099e+07 3.151087e+07 3.151069e+07 3.151039e+07 3.150986e+07 3.150898e+07 3.150762e+07 3.148869e+07 3.142849e+07 3.127702e+07 3.091651e+07 3.016819e+07 2.897855e+07 2.621067e+07 2.428514e+07 2.324105e+07 2.267105e+07 2.233127e+07 2.210603e+07 2.100185e+07 2.000416e+07 1.866052e+07 1.707987e+07
3.074428e+07 3.074428e+07 3.074428e+07 3.074428e+07 3.074428e+07 3.074428e+07 3.074427e+07 3.074424e+07 3.074422e+07 3.074419e+07 3.074412e+07 3.074401e+07 3.074384e+07 3.074352e+07 3.074294e+07 3.074195e+07 3.074041e+07 3.071926e+07 3.065624e+07 3.050437e+07 3.014969e+07 2.941821e+07 2.825786e+07 2.556109e+07 2.368638e+07 2.267064e+07 2.211688e+07 2.178759e+07 2.157013e+07 2.052035e+07 1.958281e+07 1.832576e+07 1.682176e+07
3.000877e+07 3.000877e+07 3.000877e+07 3.000877e+07 3.000877e+07 3.000876e+07 3.000876e+07 3.000873e+07 3.000871e+07 3.000868e+07 3.000861e+07 3.000851e+07 3.000834e+07 3.000801e+07 3.000738e+07 3.000629e+07 3.000457e+07 2.998136e+07 2.991576e+07 2.976362e+07 2.941459e+07 2.869928e+07 2.756699e+07 2.493826e+07 2.311211e+07 2.212342e+07 2.158510e+07 2.126572e+07 2.105558e+07 2.005640e+07 1.917375e+07 1.799746e+07 1.656746e+07
2.930281e+07 2.930281e+07 2.930281e+07 2.930281e+07 2.930281e+07 2.930281e+07 2.930281e+07 2.930278e+07 2.930276e+07 2.930273e+07 2.930266e+07 2.930256e+07 2.930239e+07 2.930204e+07 2.930136e+07 2.930017e+07 2.929829e+07 2.927315e+07 2.920517e+07 2.905288e+07 2.870937e+07 2.800961e+07 2.690420e+07 2.434061e+07 2.256092e+07 2.159806e+07 2.107444e+07 2.076446e+07 2.056118e+07 1.960917e+07 1.877673e+07 1.767563e+07 1.631696e+07
2.862457e+07 2.862457e+07 2.862457e+07 2.862457e+07 2.862457e+07 2.862457e+07 2.862457e+07 2.862454e+07 2.862452e+07 2.862449e+07 2.862442e+07 2.862432e+07 2.862414e+07 2.862377e+07 2.862304e+07 2.862175e+07 2.861970e+07 2.859278e+07 2.852266e+07 2.837037e+07 2.803225e+07 2.734747e+07 2.626788e+07 2.376671e+07 2.203149e+07 2.109333e+07 2.058372e+07 2.028265e+07 2.008584e+07 1.917788e+07 1.839146e+07 1.736028e+07 1.607023e+07
2.797214e+07 2.797214e+07 2.797214e+07 2.797214e+07 2.797214e+07 2.797214e+07 2.797213e+07 2.797210e+07 2.797208e+07 2.797205e+07 2.797198e+07 2.797188e+07 2.797169e+07 2.797131e+07 2.797053e+07 2.796915e+07 2.796697e+07 2.793846e+07 2.786648e+07 2.771438e+07 2.738159e+07 2.671128e+07 2.565651e+07 2.321521e+07 2.152260e+07 2.060807e+07 2.011184e+07 1.981923e+07 1.962854e+07 1.876180e+07 1.801766e+07 1.705141e+07 1.582725e+07
2.734377e+07 2.734377e+07 2.734377e+07 2.734377e+07 2.734377e+07 2.734377e+07 2.734376e+07 2.734373e+07 2.734371e+07 2.734369e+07 2.734361e+07 2.734351e+07 2.734332e+07 2.734292e+07 2.734211e+07 2.734066e+07 2.733836e+07 2.730853e+07 2.723505e+07 2.708338e+07 2.675588e+07 2.609959e+07 2.506869e+07 2.268488e+07 2.103312e+07 2.014121e+07 1.965776e+07 1.937321e+07 1.918831e+07 1.836022e+07 1.765503e+07 1.674900e+07 1.558801e+07
2.673794e+07 2.673794e+07 2.673794e+07 2.673794e+07 2.673794e+07 2.673794e+07 2.673794e+07 2.673792e+07 2.673791e+07 2.673790e+07 2.673786e+07 2.673779e+07 2.673763e+07 2.673726e+07 2.673647e+07 2.673500e+07 2.673264e+07 2.670182e+07 2.662715e+07 2.647609e+07 2.615382e+07 2.551107e+07 2.450316e+07 2.217456e+07 2.056200e+07 1.969177e+07 1.922055e+07 1.894368e+07 1.876427e+07 1.797247e+07 1.730324e+07 1.645304e+07 1.535249e+07
2.615498e+07 2.615498e+07 2.615498e+07 2.615498e+07 2.615498e+07 2.615498e+07 2.615497e+07 2.615496e+07 2.615495e+07 2.615494e+07 2.615490e+07 2.615484e+07 2.615469e+07 2.615432e+07 2.615351e+07 2.615200e+07 2.614955e+07 2.611767e+07 2.604185e+07 2.589141e+07 2.557421e+07 2.494452e+07 2.395873e+07 2.168320e+07 2.010826e+07 1.925884e+07 1.879933e+07 1.852979e+07 1.835559e+07 1.759793e+07 1.696199e+07 1.616348e+07 1.512068e+07
2.559401e+07 2.559401e+07 2.559401e+07 2.559401e+07 2.559401e+07 2.559401e+07 2.559400e+07 2.559398e+07 2.559396e+07 2.559393e+07 2.559387e+07 2.559378e+07 2.559360e+07 2.559319e+07 2.559230e+07 2.559070e+07 2.558812e+07 2.555505e+07 2.547804e+07 2.532820e+07 2.501590e+07 2.439881e+07 2.343430e+07 2.120979e+07 1.967102e+07 1.884157e+07 1.839327e+07 1.813074e+07 1.796150e+07 1.723598e+07 1.663095e+07 1.588030e+07 1.489257e+07
2.505232e+07 2.505232e+07 2.505232e+07 2.505232e+07 2.505232e+07 2.505232e+07 2.505231e+07 2.505229e+07 2.505227e+07 2.505225e+07 2.505219e+07 2.505210e+07 2.505192e+07 2.505150e+07 2.505059e+07 2.504894e+07 2.504628e+07 2.501230e+07 2.493435e+07 2.478523e+07 2.447776e+07 2.387285e+07 2.292885e+07 2.075343e+07 1.924943e+07 1.843916e+07 1.800163e+07 1.774580e+07 1.758128e+07 1.688607e+07 1.630981e+07 1.560343e+07 1.466814e+07
2.452895e+07 2.452895e+07 2.452895e+07 2.452895e+07 2.452895e+07 2.452894e+07 2.452894e+07 2.452893e+07 2.452892e+07 2.452891e+07 2.452888e+07 2.452882e+07 2.452868e+07 2.452828e+07 2.452740e+07 2.452574e+07 2.452305e+07 2.448841e+07 2.440978e+07 2.426151e+07 2.395877e+07 2.336564e+07 2.244141e+07 2.031327e+07 1.884272e+07 1.805090e+07 1.762370e+07 1.737428e+07 1.721427e+07 1.654767e+07 1.599824e+07 1.533281e+07 1.444740e+07
2.402437e+07 2.402437e+07 2.402437e+07 2.402437e+07 2.402437e+07 2.402437e+07 2.402436e+07 2.402435e+07 2.402434e+07 2.402433e+07 2.402430e+07 2.402424e+07 2.402409e+07 2.402369e+07 2.402278e+07 2.402109e+07 2.401832e+07 2.398296e+07 2.390363e+07 2.375619e+07 2.345804e+07 2.287628e+07 2.197112e+07 1.988851e+07 1.845017e+07 1.767610e+07 1.725882e+07 1.701555e+07 1.685983e+07 1.622025e+07 1.569593e+07 1.506838e+07 1.423032e+07
2.353747e+07 2.353747e+07 2.353747e+07 2.353747e+07 2.353747e+07 2.353747e+07 2.353747e+07 2.353745e+07 2.353744e+07 2.353743e+07 2.353739e+07 2.353732e+07 2.353716e+07 2.353675e+07 2.353581e+07 2.353406e+07 2.353122e+07 2.349509e+07 2.341506e+07 2.326842e+07 2.297470e+07 2.240391e+07 2.151713e+07 1.947841e+07 1.807110e+07 1.731411e+07 1.690638e+07 1.666900e+07 1.651739e+07 1.590336e+07 1.540257e+07 1.481005e+07 1.401690e+07
2.306691e+07 2.306691e+07 2.306691e+07 2.306691e+07 2.306691e+07 2.306691e+07 2.306690e+07 2.306689e+07 2.306688e+07 2.306687e+07 2.306683e+07 2.306676e+07 2.306661e+07 2.306618e+07 2.306523e+07 2.306345e+07 2.306055e+07 2.302375e+07 2.294312e+07 2.279729e+07 2.250787e+07 2.194769e+07 2.107865e+07 1.908228e+07 1.770489e+07 1.696436e+07 1.656581e+07 1.633409e+07 1.618640e+07 1.559653e+07 1.511785e+07 1.455775e+07 1.380713e+07
2.261191e+07 2.261191e+07 2.261191e+07 2.261191e+07 2.261191e+07 2.261191e+07 2.261190e+07 2.261189e+07 2.261188e+07 2.261187e+07 2.261184e+07 2.261178e+07 2.261162e+07 2.261120e+07 2.261024e+07 2.260842e+07 2.260548e+07 2.256808e+07 2.248693e+07 2.234196e+07 2.205675e+07 2.150683e+07 2.065495e+07 1.869946e+07 1.735094e+07 1.662628e+07 1.623657e+07 1.601028e+07 1.586635e+07 1.529934e+07 1.484149e+07 1.431137e+07 1.360098e+07
2.217185e+07 2.217185e+07 2.217185e+07 2.217185e+07 2.217185e+07 2.217185e+07 2.217184e+07 2.217183e+07 2.217182e+07 2.217181e+07 2.217178e+07 2.217172e+07 2.217157e+07 2.217114e+07 2.217016e+07 2.216832e+07 2.216532e+07 2.212739e+07 2.204579e+07 2.190168e+07 2.162058e+07 2.108061e+07 2.024532e+07 1.832934e+07 1.700870e+07 1.629935e+07 1.591815e+07 1.569708e+07 1.555674e+07 1.501138e+07 1.457317e+07 1.407083e+07 1.339844e+07
2.174600e+07 2.174600e+07 2.174600e+07 2.174600e+07 2.174600e+07 2.174600e+07 2.174600e+07 2.174599e+07 2.174598e+07 2.174597e+07 2.174594e+07 2.174588e+07 2.174573e+07 2.174530e+07 2.174431e+07 2.174244e+07 2.173940e+07 2.170097e+07 2.161899e+07 2.147578e+07 2.119868e+07 2.066837e+07 1.984913e+07 1.797135e+07 1.667764e+07 1.598308e+07 1.561009e+07 1.539403e+07 1.525713e+07 1.473228e+07 1.431264e+07 1.383602e+07 1.319950e+07
2.133373e+07 2.133373e+07 2.133373e+07 2.133373e+07 2.133373e+07 2.133373e+07 2.133373e+07 2.133372e+07 2.133371e+07 2.133370e+07 2.133367e+07 2.133362e+07 2.133347e+07 2.133304e+07 2.133204e+07 2.133016e+07 2.132708e+07 2.128822e+07 2.120592e+07 2.106362e+07 2.079043e+07 2.026948e+07 1.946578e+07 1.762495e+07 1.635729e+07 1.567700e+07 1.531192e+07 1.510069e+07 1.496709e+07 1.446167e+07 1.405960e+07 1.360682e+07 1.300413e+07
2.093456e+07 2.093456e+07 2.093456e+07 2.093456e+07 2.093456e+07 2.093456e+07 2.093456e+07 2.093455e+07 2.093455e+07 2.093454e+07 2.093452e+07 2.093447e+07 2.093433e+07 2.093391e+07 2.093291e+07 2.093101e+07 2.092790e+07 2.088864e+07 2.080606e+07 2.066465e+07 2.039527e+07 1.988338e+07 1.909472e+07 1.728965e+07 1.604717e+07 1.538068e+07 1.502324e+07 1.481664e+07 1.468621e+07 1.419921e+07 1.381379e+07 1.338314e+07 1.281231e+07
2.054824e+07 2.054824e+07 2.054824e+07 2.054824e+07 2.054824e+07 2.054824e+07 2.054824e+07 2.054823e+07 2.054822e+07 2.054822e+07 2.054820e+07 2.054815e+07 2.054801e+07 2.054757e+07 2.054656e+07 2.054464e+07 2.054148e+07 2.050179e+07 2.041890e+07 2.027835e+07 2.001263e+07 1.950952e+07 1.873543e+07 1.696497e+07 1.574686e+07 1.509370e+07 1.474363e+07 1.454151e+07 1.441411e+07 1.394456e+07 1.357496e+07 1.316486e+07 1.262401e+07
2.017404e+07 2.017404e+07 2.017404e+07 2.017404e+07 2.017404e+07 2.017404e+07 2.017403e+07 2.017403e+07 2.017402e+07 2.017401e+07 2.017398e+07 2.017393e+07 2.017378e+07 2.017334e+07 2.017231e+07 2.017036e+07 2.016716e+07 2.012704e+07 2.004385e+07 1.990414e+07 1.964198e+07 1.914738e+07 1.838740e+07 1.665045e+07 1.545593e+07 1.481568e+07 1.447272e+07 1.427491e+07 1.415043e+07 1.369744e+07 1.334286e+07 1.295185e+07 1.243922e+07
1.981114e+07 1.981114e+07 1.981114e+07 1.981114e+07 1.981114e+07 1.981114e+07 1.981113e+07 1.981113e+07 1.981112e+07 1.981111e+07 1.981108e+07 1.981104e+07 1.981089e+07 1.981044e+07 1.980941e+07 1.980743e+07 1.980420e+07 1.976372e+07 1.968031e+07 1.954145e+07 1.928278e+07 1.879644e+07 1.805014e+07 1.634567e+07 1.517400e+07 1.454623e+07 1.421015e+07 1.401649e+07 1.389481e+07 1.345753e+07 1.311724e+07 1.274401e+07 1.225789e+07
1.945908e+07 1.945908e+07 1.945908e+07 1.945908e+07 1.945908e+07 1.945908e+07 1.945907e+07 1.945907e+07 1.945906e+07 1.945906e+07 1.945904e+07 1.945901e+07 1.945887e+07 1.945843e+07 1.945740e+07 1.945541e+07 1.945217e+07 1.941140e+07 1.932781e+07 1.918982e+07 1.893456e+07 1.845624e+07 1.772321e+07 1.605022e+07 1.490068e+07 1.428500e+07 1.395557e+07 1.376592e+07 1.364693e+07 1.322457e+07 1.289788e+07 1.254121e+07 1.207999e+07
1.911782e+07 1.911782e+07 1.911782e+07 1.911782e+07 1.911782e+07 1.911782e+07 1.911781e+07 1.911781e+07 1.911780e+07 1.911780e+07 1.911778e+07 1.911775e+07 1.911761e+07 1.911717e+07 1.911612e+07 1.911412e+07 1.911085e+07 1.906976e+07 1.898600e+07 1.884884e+07 1.859688e+07 1.812634e+07 1.740619e+07 1.576373e+07 1.463564e+07 1.403166e+07 1.370867e+07 1.352288e+07 1.340649e+07 1.299829e+07 1.268456e+07 1.234333e+07 1.190549e+07
1.878689e+07 1.878689e+07 1.878689e+07 1.878689e+07 1.878689e+07 1.878689e+07 1.878688e+07 1.878688e+07 1.878687e+07 1.878686e+07 1.878685e+07 1.878680e+07 1.878666e+07 1.878621e+07 1.878515e+07 1.878313e+07 1.877982e+07 1.873839e+07 1.865444e+07 1.851809e+07 1.826934e+07 1.780635e+07 1.709868e+07 1.548581e+07 1.437852e+07 1.378589e+07 1.346913e+07 1.328708e+07 1.317318e+07 1.277843e+07 1.247706e+07 1.215025e+07 1.173435e+07
1.846560e+07 1.846560e+07 1.846560e+07 1.846560e+07 1.846560e+07 1.846560e+07 1.846560e+07 1.846559e+07 1.846559e+07 1.846558e+07 1.846556e+07 1.846552e+07 1.846537e+07 1.846492e+07 1.846385e+07 1.846181e+07 1.845847e+07 1.841675e+07 1.833265e+07 1.819712e+07 1.795150e+07 1.749585e+07 1.680030e+07 1.521615e+07 1.412903e+07 1.354739e+07 1.323666e+07 1.305822e+07 1.294672e+07 1.256475e+07 1.227518e+07 1.196186e+07 1.156654e+07
1.815345e+07 1.815345e+07 1.815345e+07 1.815345e+07 1.815345e+07 1.815345e+07 1.815345e+07 1.815344e+07 1.815344e+07 1.815343e+07 1.815342e+07 1.815338e+07 1.815324e+07 1.815279e+07 1.815172e+07 1.814967e+07 1.814631e+07 1.810438e+07 1.802021e+07 1.788553e+07 1.764297e+07 1.719447e+07 1.651068e+07 1.495440e+07 1.388685e+07 1.331587e+07 1.301098e+07 1.283603e+07 1.272685e+07 1.235703e+07 1.207871e+07 1.177803e+07 1.140200e+07
1.785029e+07 1.785029e+07 1.785029e+07 1.785029e+07 1.785029e+07 1.785029e+07 1.785029e+07 1.785029e+07 1.785028e+07 1.785028e+07 1.785027e+07 1.785023e+07 1.785010e+07 1.784965e+07 1.784858e+07 1.784653e+07 1.784315e+07 1.780102e+07 1.771681e+07 1.758296e+07 1.734341e+07 1.690185e+07 1.622949e+07 1.470026e+07 1.365169e+07 1.309106e+07 1.279183e+07 1.262026e+07 1.251331e+07 1.215505e+07 1.188748e+07 1.159864e+07 1.124071e+07
1.755596e+07 1.755596e+07 1.755596e+07 1.755596e+07 1.755596e+07 1.755596e+07 1.755596e+07 1.755595e+07 1.755595e+07 1.755594e+07 1.755593e+07 1.755590e+07 1.755576e+07 1.755532e+07 1.755424e+07 1.755217e+07 1.754878e+07 1.750643e+07 1.742215e+07 1.728912e+07 1.705247e+07 1.661766e+07 1.595640e+07 1.445344e+07 1.342330e+07 1.287270e+07 1.257896e+07 1.241065e+07 1.230587e+07 1.195860e+07 1.170129e+07 1.142358e+07 1.108260e+07
