2.850790e+09 2.762411e+09 2.704036e+09 2.453325e+09 2.309669e+09 1.848607e+09 1.632133e+09 1.423405e+09 1.360310e+09 1.310364e+09 1.234313e+09 1.178558e+09 1.136920e+09 1.105934e+09 1.083039e+09 1.066269e+09 1.054141e+09 1.032716e+09 1.038683e+09 1.052134e+09 1.067854e+09 1.084924e+09 1.103523e+09 1.146270e+09 1.196433e+09 1.252384e+09 1.311854e+09 1.372764e+09 1.433494e+09 1.884367e+09 1.964853e+09 1.820112e+09 1.607876e+09
1.562768e+09 1.562769e+09 1.562773e+09 1.562759e+09 1.562284e+09 1.530555e+09 1.472896e+09 1.349812e+09 1.306285e+09 1.268488e+09 1.206380e+09 1.158407e+09 1.121816e+09 1.094393e+09 1.074134e+09 1.059370e+09 1.048797e+09 1.031459e+09 1.038793e+09 1.052670e+09 1.068474e+09 1.085518e+09 1.104070e+09 1.146763e+09 1.196940e+09 1.252940e+09 1.312471e+09 1.373440e+09 1.434221e+09 1.885171e+09 1.965231e+09 1.820079e+09 1.607612e+09
1.351472e+09 1.351473e+09 1.351474e+09 1.351493e+09 1.351487e+09 1.343731e+09 1.325395e+09 1.277821e+09 1.243420e+09 1.215792e+09 1.171024e+09 1.133608e+09 1.103759e+09 1.080938e+09 1.063971e+09 1.051637e+09 1.042900e+09 1.030156e+09 1.038929e+09 1.053229e+09 1.069105e+09 1.086115e+09 1.104615e+09 1.147255e+09 1.197447e+09 1.253500e+09 1.313094e+09 1.374123e+09 1.434957e+09 1.885982e+09 1.965609e+09 1.820043e+09 1.607347e+09
1.243924e+09 1.243924e+09 1.243925e+09 1.243941e+09 1.243972e+09 1.242495e+09 1.230528e+09 1.214688e+09 1.199018e+09 1.177157e+09 1.135963e+09 1.106482e+09 1.083687e+09 1.066032e+09 1.052809e+09 1.043229e+09 1.036552e+09 1.028825e+09 1.039091e+09 1.053806e+09 1.069742e+09 1.086710e+09 1.105156e+09 1.147742e+09 1.197954e+09 1.254063e+09 1.313723e+09 1.374814e+09 1.435700e+09 1.886798e+09 1.965988e+09 1.820007e+09 1.607080e+09
1.176025e+09 1.176025e+09 1.176025e+09 1.176033e+09 1.176047e+09 1.175286e+09 1.168965e+09 1.153014e+09 1.149091e+09 1.140744e+09 1.112024e+09 1.083779e+09 1.064063e+09 1.050746e+09 1.041177e+09 1.034431e+09 1.029919e+09 1.027480e+09 1.039276e+09 1.054398e+09 1.070382e+09 1.087300e+09 1.105689e+09 1.148223e+09 1.198460e+09 1.254629e+09 1.314358e+09 1.375512e+09 1.436452e+09 1.887619e+09 1.966368e+09 1.819969e+09 1.606811e+09
1.123775e+09 1.123775e+09 1.123775e+09 1.123777e+09 1.123775e+09 1.123275e+09 1.120447e+09 1.107394e+09 1.104111e+09 1.101735e+09 1.089026e+09 1.068353e+09 1.049840e+09 1.037318e+09 1.030122e+09 1.025783e+09 1.023295e+09 1.026140e+09 1.039480e+09 1.054995e+09 1.071016e+09 1.087879e+09 1.106210e+09 1.148697e+09 1.198964e+09 1.255198e+09 1.314998e+09 1.376217e+09 1.437213e+09 1.888447e+09 1.966748e+09 1.819929e+09 1.606540e+09
1.083340e+09 1.083340e+09 1.083340e+09 1.083348e+09 1.083369e+09 1.083694e+09 1.083211e+09 1.074848e+09 1.070604e+09 1.068419e+09 1.064254e+09 1.053706e+09 1.040214e+09 1.028913e+09 1.021618e+09 1.018239e+09 1.017196e+09 1.024840e+09 1.039697e+09 1.055591e+09 1.071639e+09 1.088443e+09 1.106717e+09 1.149161e+09 1.199464e+09 1.255768e+09 1.315642e+09 1.376929e+09 1.437981e+09 1.889280e+09 1.967129e+09 1.819888e+09 1.606267e+09
1.057621e+09 1.057621e+09 1.057621e+09 1.057617e+09 1.057605e+09 1.057408e+09 1.056802e+09 1.050924e+09 1.046468e+09 1.043265e+09 1.040981e+09 1.037968e+09 1.031252e+09 1.023427e+09 1.017161e+09 1.013483e+09 1.012479e+09 1.023640e+09 1.039926e+09 1.056176e+09 1.072242e+09 1.088986e+09 1.107203e+09 1.149613e+09 1.199960e+09 1.256339e+09 1.316292e+09 1.377648e+09 1.438757e+09 1.890118e+09 1.967511e+09 1.819846e+09 1.605993e+09
1.036058e+09 1.036058e+09 1.036058e+09 1.036060e+09 1.036065e+09 1.036203e+09 1.036128e+09 1.032131e+09 1.028156e+09 1.024481e+09 1.021585e+09 1.022325e+09 1.021618e+09 1.018490e+09 1.014662e+09 1.011748e+09 1.010470e+09 1.022641e+09 1.040170e+09 1.056743e+09 1.072819e+09 1.089502e+09 1.107666e+09 1.150052e+09 1.200451e+09 1.256911e+09 1.316945e+09 1.378373e+09 1.439541e+09 1.890962e+09 1.967893e+09 1.819802e+09 1.605717e+09
1.019860e+09 1.019860e+09 1.019860e+09 1.019859e+09 1.019858e+09 1.019794e+09 1.019489e+09 1.016371e+09 1.013145e+09 1.009721e+09 1.006301e+09 1.008348e+09 1.011681e+09 1.013120e+09 1.012594e+09 1.011393e+09 1.010640e+09 1.021998e+09 1.040440e+09 1.057285e+09 1.073361e+09 1.089984e+09 1.108102e+09 1.150474e+09 1.200935e+09 1.257483e+09 1.317603e+09 1.379105e+09 1.440333e+09 1.891812e+09 1.968276e+09 1.819756e+09 1.605439e+09
1.004694e+09 1.004694e+09 1.004694e+09 1.004698e+09 1.004708e+09 1.004818e+09 1.004630e+09 1.002297e+09 9.999672e+08 9.973348e+08 9.943566e+08 9.968123e+08 1.002357e+09 1.007342e+09 1.010211e+09 1.011353e+09 1.011801e+09 1.021945e+09 1.040761e+09 1.057798e+09 1.073862e+09 1.090428e+09 1.108505e+09 1.150878e+09 1.201412e+09 1.258054e+09 1.318265e+09 1.379843e+09 1.441132e+09 1.892667e+09 1.968659e+09 1.819709e+09 1.605159e+09
9.152413e+08 9.152413e+08 9.152413e+08 9.152412e+08 9.152408e+08 9.152220e+08 9.151550e+08 9.160683e+08 9.185828e+08 9.231413e+08 9.372285e+08 9.537980e+08 9.691942e+08 9.824865e+08 9.941480e+08 1.004784e+09 1.014663e+09 1.048763e+09 1.059170e+09 1.065441e+09 1.076651e+09 1.092031e+09 1.110043e+09 1.153474e+09 1.205522e+09 1.263604e+09 1.325011e+09 1.387524e+09 1.449520e+09 1.901523e+09 1.972514e+09 1.819149e+09 1.602256e+09
8.364474e+08 8.364474e+08 8.364474e+08 8.364475e+08 8.364477e+08 8.364480e+08 8.364417e+08 8.387838e+08 8.440304e+08 8.532104e+08 8.810752e+08 9.136871e+08 9.435904e+08 9.679381e+08 9.867236e+08 1.000984e+09 1.011927e+09 1.044915e+09 1.065246e+09 1.076320e+09 1.083837e+09 1.093862e+09 1.108873e+09 1.153179e+09 1.208062e+09 1.268581e+09 1.331806e+09 1.395619e+09 1.458532e+09 1.910913e+09 1.976392e+09 1.818413e+09 1.599159e+09
7.677591e+08 7.677591e+08 7.677591e+08 7.677590e+08 7.677584e+08 7.677399e+08 7.676915e+08 7.703536e+08 7.764271e+08 7.870177e+08 8.189983e+08 8.563629e+08 8.908470e+08 9.193887e+08 9.419604e+08 9.595432e+08 9.732397e+08 1.011163e+09 1.034512e+09 1.056480e+09 1.075921e+09 1.093320e+09 1.111112e+09 1.154506e+09 1.210260e+09 1.273307e+09 1.338690e+09 1.404081e+09 1.468097e+09 1.920809e+09 1.980265e+09 1.817483e+09 1.595857e+09
6.917307e+08 6.917307e+08 6.917307e+08 6.917306e+08 6.917301e+08 6.917145e+08 6.916757e+08 6.942702e+08 7.000915e+08 7.101848e+08 7.405867e+08 7.762948e+08 8.097898e+08 8.383309e+08 8.618968e+08 8.813250e+08 8.975145e+08 9.505917e+08 9.849358e+08 1.016450e+09 1.047819e+09 1.077773e+09 1.105804e+09 1.159743e+09 1.217030e+09 1.279866e+09 1.346509e+09 1.413257e+09 1.478343e+09 1.931172e+09 1.984098e+09 1.816339e+09 1.592341e+09
6.133363e+08 6.133363e+08 6.133363e+08 6.133362e+08 6.133359e+08 6.133252e+08 6.133023e+08 6.156563e+08 6.208428e+08 6.297973e+08 6.567684e+08 6.887353e+08 7.193570e+08 7.463503e+08 7.696860e+08 7.900134e+08 8.080054e+08 8.770165e+08 9.277946e+08 9.714102e+08 1.012915e+09 1.053293e+09 1.091872e+09 1.162433e+09 1.227578e+09 1.292019e+09 1.357579e+09 1.424189e+09 1.489776e+09 1.941960e+09 1.987856e+09 1.814960e+09 1.588601e+09
5.396694e+08 5.396694e+08 5.396694e+08 5.396694e+08 5.396691e+08 5.396615e+08 5.396474e+08 5.417000e+08 5.461759e+08 5.538884e+08 5.771786e+08 6.051386e+08 6.326165e+08 6.577763e+08 6.805687e+08 7.014477e+08 7.208615e+08 8.040567e+08 8.716439e+08 9.289039e+08 9.804594e+08 1.029132e+09 1.075717e+09 1.161662e+09 1.237760e+09 1.307343e+09 1.373896e+09 1.439115e+09 1.503496e+09 1.953131e+09 1.991499e+09 1.813326e+09 1.584627e+09
4.735147e+08 4.735147e+08 4.735147e+08 4.735147e+08 4.735146e+08 4.735104e+08 4.735061e+08 4.753009e+08 4.791648e+08 4.858123e+08 5.059677e+08 5.305450e+08 5.554040e+08 5.790834e+08 6.015090e+08 6.229610e+08 6.436891e+08 7.394137e+08 8.221592e+08 8.926445e+08 9.541605e+08 1.010156e+09 1.062746e+09 1.160032e+09 1.246463e+09 1.323033e+09 1.392775e+09 1.458409e+09 1.521433e+09 1.964651e+09 1.994985e+09 1.811414e+09 1.580410e+09
4.169103e+08 4.169103e+08 4.169103e+08 4.169102e+08 4.169102e+08 4.169078e+08 4.169083e+08 4.184808e+08 4.218397e+08 4.276170e+08 4.452357e+08 4.671120e+08 4.899328e+08 5.125387e+08 5.348283e+08 5.569314e+08 5.789265e+08 6.858074e+08 7.817405e+08 8.640707e+08 9.349058e+08 9.976643e+08 1.055192e+09 1.160335e+09 1.254522e+09 1.337949e+09 1.412187e+09 1.479779e+09 1.542840e+09 1.976500e+09 1.998272e+09 1.809202e+09 1.575940e+09
3.695619e+08 3.695619e+08 3.695619e+08 3.695619e+08 3.695618e+08 3.695605e+08 3.695631e+08 3.709479e+08 3.738939e+08 3.789651e+08 3.945415e+08 4.142752e+08 4.355324e+08 4.573998e+08 4.797482e+08 5.025759e+08 5.258135e+08 6.428303e+08 7.503027e+08 8.429862e+08 9.222071e+08 9.912013e+08 1.053122e+09 1.164022e+09 1.263311e+09 1.352177e+09 1.431098e+09 1.501682e+09 1.565949e+09 1.988683e+09 2.001316e+09 1.806668e+09 1.571207e+09
3.300601e+08 3.300601e+08 3.300601e+08 3.300601e+08 3.300601e+08 3.300593e+08 3.300626e+08 3.312910e+08 3.338984e+08 3.383933e+08 3.523143e+08 3.703405e+08 3.904044e+08 4.117950e+08 4.343545e+08 4.579652e+08 4.824270e+08 6.087944e+08 7.265215e+08 8.282789e+08 9.149458e+08 9.896438e+08 1.055636e+09 1.171293e+09 1.273815e+09 1.366385e+09 1.449312e+09 1.523236e+09 1.589561e+09 2.001237e+09 2.004074e+09 1.803790e+09 1.566204e+09
2.969432e+08 2.969432e+08 2.969432e+08 2.969432e+08 2.969432e+08 2.969426e+08 2.969463e+08 2.980443e+08 3.003721e+08 3.043922e+08 3.169585e+08 3.336116e+08 3.527615e+08 3.738652e+08 3.967364e+08 4.211537e+08 4.468014e+08 5.818024e+08 7.087460e+08 8.185518e+08 9.118519e+08 9.917605e+08 1.061594e+09 1.181657e+09 1.286422e+09 1.381270e+09 1.467149e+09 1.544158e+09 1.612941e+09 2.014237e+09 2.006505e+09 1.800545e+09 1.560920e+09
2.689818e+08 2.689818e+08 2.689818e+08 2.689818e+08 2.689818e+08 2.689814e+08 2.689851e+08 2.699727e+08 2.720661e+08 2.756892e+08 2.871285e+08 3.026562e+08 3.210898e+08 3.420283e+08 3.652588e+08 3.904683e+08 4.172395e+08 5.601878e+08 6.954892e+08 8.125319e+08 9.118026e+08 9.964906e+08 1.069975e+09 1.194403e+09 1.301071e+09 1.397298e+09 1.485110e+09 1.564587e+09 1.635789e+09 2.027816e+09 2.008571e+09 1.796913e+09 1.555347e+09
2.451281e+08 2.451281e+08 2.451281e+08 2.451281e+08 2.451281e+08 2.451278e+08 2.451313e+08 2.460254e+08 2.479206e+08 2.512086e+08 2.617008e+08 2.762959e+08 2.941624e+08 3.150217e+08 3.386360e+08 3.646115e+08 3.924405e+08 5.427138e+08 6.856400e+08 8.092538e+08 9.139515e+08 1.003048e+09 1.080009e+09 1.208870e+09 1.317488e+09 1.414676e+09 1.503649e+09 1.584877e+09 1.658140e+09 2.042189e+09 2.010238e+09 1.792873e+09 1.549479e+09
2.245996e+08 2.245996e+08 2.245996e+08 2.245996e+08 2.245996e+08 2.245994e+08 2.246028e+08 2.254172e+08 2.271436e+08 2.301464e+08 2.398363e+08 2.536537e+08 2.710722e+08 2.919186e+08 3.159321e+08 3.426460e+08 3.714719e+08 5.285119e+08 6.784224e+08 8.080472e+08 9.177230e+08 1.010911e+09 1.091186e+09 1.224556e+09 1.335350e+09 1.433422e+09 1.523081e+09 1.605413e+09 1.680222e+09 2.057752e+09 2.011478e+09 1.788409e+09 1.543308e+09
2.068101e+08 2.068101e+08 2.068101e+08 2.068101e+08 2.068101e+08 2.068099e+08 2.068131e+08 2.075587e+08 2.091395e+08 2.118970e+08 2.208996e+08 2.340607e+08 2.511219e+08 2.720020e+08 2.964182e+08 3.238385e+08 3.536019e+08 5.169165e+08 6.732766e+08 8.084592e+08 9.227545e+08 1.019774e+09 1.103216e+09 1.241136e+09 1.354375e+09 1.453453e+09 1.543576e+09 1.626518e+09 1.702333e+09 2.074461e+09 2.012271e+09 1.783502e+09 1.536828e+09
1.912804e+08 1.912804e+08 1.912804e+08 1.912804e+08 1.912804e+08 1.912803e+08 1.912833e+08 1.919688e+08 1.934232e+08 1.959677e+08 2.043762e+08 2.169777e+08 2.337511e+08 2.546968e+08 2.795127e+08 3.076080e+08 3.382563e+08 5.074412e+08 6.698284e+08 8.102148e+08 9.288481e+08 1.029488e+09 1.115963e+09 1.258427e+09 1.374349e+09 1.474641e+09 1.565182e+09 1.648407e+09 1.724746e+09 2.091769e+09 2.012604e+09 1.778139e+09 1.530033e+09
1.776274e+08 1.776274e+08 1.776274e+08 1.776274e+08 1.776274e+08 1.776273e+08 1.776302e+08 1.782634e+08 1.796076e+08 1.819666e+08 1.898598e+08 2.019844e+08 2.185311e+08 2.395736e+08 2.647920e+08 2.935419e+08 3.250374e+08 4.997828e+08 6.678627e+08 8.131704e+08 9.359165e+08 1.040003e+09 1.129391e+09 1.276347e+09 1.395125e+09 1.496848e+09 1.587867e+09 1.671185e+09 1.747661e+09 2.109249e+09 2.012475e+09 1.772307e+09 1.522920e+09
1.655662e+08 1.655662e+08 1.655662e+08 1.655662e+08 1.655662e+08 1.655661e+08 1.655688e+08 1.661559e+08 1.674032e+08 1.695993e+08 1.770426e+08 1.887599e+08 2.051333e+08 2.263023e+08 2.519305e+08 2.813238e+08 3.136411e+08 4.937149e+08 6.672272e+08 8.172351e+08 9.439161e+08 1.051307e+09 1.143499e+09 1.294860e+09 1.416593e+09 1.519933e+09 1.611536e+09 1.694861e+09 1.771190e+09 2.126519e+09 2.011894e+09 1.765997e+09 1.515486e+09
1.548563e+08 1.548563e+08 1.548563e+08 1.548563e+08 1.548563e+08 1.548562e+08 1.548588e+08 1.554050e+08 1.565665e+08 1.586187e+08 1.656668e+08 1.770349e+08 1.932793e+08 2.145997e+08 2.406440e+08 2.706719e+08 3.037907e+08 4.890155e+08 6.677702e+08 8.223183e+08 9.528018e+08 1.063384e+09 1.158285e+09 1.313939e+09 1.438659e+09 1.543751e+09 1.636055e+09 1.719369e+09 1.795353e+09 2.143235e+09 2.010887e+09 1.759205e+09 1.507727e+09
1.452961e+08 1.452961e+08 1.452961e+08 1.452961e+08 1.452961e+08 1.452961e+08 1.452985e+08 1.458083e+08 1.468935e+08 1.488177e+08 1.555167e+08 1.665837e+08 1.827348e+08 2.042257e+08 2.306900e+08 2.613447e+08 2.952488e+08 4.854927e+08 6.693553e+08 8.283287e+08 9.625136e+08 1.076193e+09 1.173717e+09 1.333534e+09 1.461221e+09 1.568150e+09 1.661258e+09 1.744582e+09 1.820096e+09 2.159084e+09 2.009504e+09 1.751926e+09 1.499645e+09
1.367177e+08 1.367177e+08 1.367177e+08 1.367177e+08 1.367177e+08 1.367177e+08 1.367200e+08 1.371973e+08 1.382143e+08 1.400246e+08 1.464145e+08 1.572227e+08 1.733133e+08 1.949939e+08 2.218849e+08 2.531633e+08 2.878424e+08 4.830081e+08 6.718704e+08 8.351706e+08 9.729658e+08 1.089657e+09 1.189719e+09 1.353561e+09 1.484156e+09 1.592962e+09 1.686957e+09 1.770329e+09 1.845300e+09 2.173791e+09 2.007852e+09 1.744163e+09 1.491239e+09
1.289902e+08 1.289902e+08 1.289902e+08 1.289902e+08 1.289902e+08 1.289901e+08 1.289923e+08 1.294403e+08 1.303962e+08 1.321042e+08 1.382192e+08 1.488054e+08 1.648644e+08 1.867524e+08 2.140776e+08 2.459787e+08 2.814257e+08 4.814295e+08 6.751869e+08 8.427142e+08 9.840284e+08 1.103645e+09 1.206166e+09 1.373892e+09 1.507317e+09 1.618006e+09 1.712948e+09 1.796411e+09 1.870800e+09 2.187125e+09 2.005973e+09 1.735921e+09 1.482512e+09
1.219955e+08 1.219955e+08 1.219955e+08 1.219955e+08 1.219955e+08 1.219955e+08 1.219975e+08 1.224193e+08 1.233201e+08 1.249364e+08 1.308065e+08 1.412029e+08 1.572552e+08 1.793651e+08 2.071290e+08 2.396490e+08 2.758536e+08 4.805964e+08 6.791325e+08 8.507818e+08 9.955230e+08 1.117983e+09 1.222886e+09 1.394363e+09 1.530534e+09 1.643091e+09 1.739018e+09 1.822609e+09 1.896396e+09 2.198888e+09 2.003656e+09 1.727210e+09 1.473467e+09
1.156411e+08 1.156411e+08 1.156411e+08 1.156411e+08 1.156411e+08 1.156411e+08 1.156430e+08 1.160410e+08 1.168921e+08 1.184254e+08 1.240760e+08 1.343083e+08 1.503713e+08 1.727096e+08 2.009082e+08 2.340349e+08 2.709786e+08 4.803295e+08 6.835126e+08 8.591731e+08 1.007249e+09 1.132473e+09 1.239687e+09 1.414794e+09 1.553627e+09 1.668023e+09 1.764951e+09 1.848695e+09 1.921868e+09 2.208923e+09 2.000735e+09 1.718045e+09 1.464110e+09
1.098463e+08 1.098463e+08 1.098463e+08 1.098463e+08 1.098463e+08 1.098463e+08 1.098481e+08 1.102244e+08 1.110304e+08 1.124886e+08 1.179413e+08 1.280303e+08 1.441160e+08 1.666832e+08 1.953065e+08 2.290216e+08 2.666802e+08 4.804817e+08 6.881599e+08 8.677076e+08 1.019018e+09 1.146924e+09 1.256380e+09 1.435004e+09 1.576417e+09 1.692613e+09 1.790538e+09 1.874442e+09 1.946984e+09 2.217105e+09 1.997072e+09 1.708445e+09 1.454447e+09
1.045441e+08 1.045441e+08 1.045441e+08 1.045441e+08 1.045441e+08 1.045440e+08 1.045458e+08 1.049024e+08 1.056672e+08 1.070571e+08 1.123309e+08 1.222943e+08 1.384119e+08 1.612060e+08 1.902417e+08 2.245245e+08 2.628710e+08 4.809485e+08 6.929497e+08 8.762418e+08 1.030673e+09 1.161170e+09 1.272795e+09 1.454823e+09 1.598738e+09 1.716682e+09 1.815578e+09 1.899626e+09 1.971509e+09 2.223337e+09 1.992549e+09 1.698439e+09 1.444487e+09
9.967973e+07 9.967973e+07 9.967973e+07 9.967973e+07 9.967972e+07 9.967971e+07 9.968137e+07 1.000200e+08 1.007471e+08 1.020745e+08 1.071857e+08 1.170385e+08 1.331947e+08 1.562119e+08 1.856463e+08 2.204749e+08 2.594811e+08 4.816495e+08 6.977837e+08 8.846590e+08 1.042083e+09 1.175072e+09 1.288787e+09 1.474110e+09 1.620446e+09 1.740074e+09 1.839887e+09 1.924034e+09 1.995207e+09 2.227546e+09 1.987061e+09 1.688062e+09 1.434240e+09
9.520501e+07 9.520501e+07 9.520501e+07 9.520501e+07 9.520501e+07 9.520500e+07 9.520659e+07 9.552864e+07 9.622123e+07 9.749130e+07 1.024542e+08 1.122093e+08 1.284090e+08 1.516439e+08 1.814617e+08 2.168124e+08 2.564479e+08 4.825075e+08 7.025698e+08 8.928563e+08 1.053139e+09 1.188516e+09 1.304244e+09 1.492750e+09 1.641421e+09 1.762648e+09 1.863296e+09 1.947460e+09 2.017845e+09 2.229676e+09 1.980517e+09 1.677369e+09 1.423718e+09
9.107775e+07 9.107775e+07 9.107775e+07 9.107775e+07 9.107775e+07 9.107775e+07 9.107927e+07 9.138607e+07 9.204685e+07 9.326421e+07 9.809117e+07 1.077585e+08 1.240034e+08 1.474470e+08 1.776289e+08 2.134739e+08 2.537045e+08 4.834412e+08 7.072221e+08 9.007489e+08 1.063757e+09 1.201422e+09 1.319086e+09 1.510663e+09 1.661571e+09 1.784287e+09 1.885646e+09 1.969709e+09 2.039197e+09 2.229689e+09 1.972845e+09 1.666421e+09 1.412934e+09
8.726112e+07 8.726112e+07 8.726112e+07 8.726112e+07 8.726112e+07 8.726111e+07 8.726255e+07 8.755525e+07 8.818663e+07 8.935532e+07 9.405692e+07 1.036442e+08 1.199329e+08 1.435731e+08 1.740972e+08 2.104064e+08 2.511960e+08 4.843936e+08 7.116885e+08 9.082899e+08 1.073896e+09 1.213750e+09 1.333274e+09 1.527801e+09 1.680827e+09 1.804886e+09 1.906791e+09 1.990587e+09 2.059034e+09 2.227556e+09 1.963984e+09 1.655161e+09 1.401905e+09
8.372185e+07 8.372185e+07 8.372185e+07 8.372185e+07 8.372185e+07 8.372185e+07 8.372324e+07 8.400292e+07 8.460715e+07 8.573084e+07 9.031667e+07 9.983060e+07 1.161618e+08 1.399875e+08 1.708333e+08 2.075787e+08 2.488936e+08 4.853484e+08 7.159613e+08 9.154767e+08 1.083554e+09 1.225499e+09 1.346802e+09 1.544145e+09 1.699138e+09 1.824350e+09 1.926585e+09 2.009903e+09 2.077131e+09 2.223260e+09 1.953892e+09 1.643537e+09 1.390646e+09
8.043374e+07 8.043374e+07 8.043374e+07 8.043374e+07 8.043374e+07 8.043373e+07 8.043505e+07 8.070261e+07 8.128159e+07 8.236350e+07 8.684208e+07 9.628893e+07 1.126619e+08 1.366636e+08 1.678133e+08 2.049703e+08 2.467807e+08 4.863095e+08 7.200588e+08 9.223344e+08 1.092758e+09 1.236693e+09 1.359691e+09 1.559692e+09 1.716460e+09 1.842580e+09 1.944873e+09 2.027456e+09 2.093254e+09 2.216793e+09 1.942541e+09 1.631517e+09 1.379179e+09
7.737077e+07 7.737077e+07 7.737077e+07 7.737077e+07 7.737077e+07 7.737076e+07 7.737204e+07 7.762835e+07 7.818389e+07 7.922700e+07 8.360620e+07 9.299198e+07 1.094067e+08 1.335766e+08 1.650155e+08 2.025634e+08 2.448440e+08 4.872857e+08 7.240049e+08 9.288950e+08 1.101544e+09 1.247369e+09 1.371973e+09 1.574443e+09 1.732741e+09 1.859463e+09 1.961487e+09 2.043034e+09 2.107165e+09 2.208156e+09 1.929921e+09 1.619074e+09 1.367524e+09
7.451246e+07 7.451246e+07 7.451246e+07 7.451246e+07 7.451246e+07 7.451245e+07 7.451367e+07 7.475946e+07 7.529310e+07 7.630002e+07 8.058688e+07 8.991716e+07 1.063740e+08 1.307062e+08 1.624217e+08 2.003424e+08 2.430706e+08 4.882783e+08 7.278124e+08 9.351817e+08 1.109944e+09 1.257561e+09 1.383675e+09 1.588390e+09 1.747907e+09 1.874856e+09 1.976227e+09 2.056403e+09 2.118613e+09 2.197359e+09 1.916034e+09 1.606190e+09 1.355708e+09
7.183788e+07 7.183788e+07 7.183788e+07 7.183788e+07 7.183788e+07 7.183787e+07 7.183904e+07 7.207504e+07 7.258827e+07 7.356143e+07 7.776245e+07 8.704222e+07 1.035411e+08 1.280289e+08 1.600082e+08 1.982835e+08 2.414371e+08 4.892711e+08 7.314805e+08 9.412096e+08 1.117983e+09 1.267297e+09 1.394818e+09 1.601496e+09 1.761845e+09 1.888575e+09 1.988860e+09 2.067303e+09 2.127335e+09 2.184425e+09 1.900900e+09 1.592853e+09 1.343762e+09
6.933078e+07 6.933078e+07 6.933078e+07 6.933078e+07 6.933078e+07 6.933077e+07 6.933189e+07 6.955867e+07 7.005273e+07 7.099424e+07 7.511485e+07 8.434768e+07 1.008871e+08 1.255228e+08 1.577526e+08 1.963647e+08 2.399223e+08 4.902551e+08 7.350167e+08 9.470013e+08 1.125693e+09 1.276602e+09 1.405404e+09 1.613687e+09 1.774385e+09 1.900376e+09 1.999103e+09 2.075446e+09 2.133058e+09 2.169386e+09 1.884550e+09 1.579055e+09 1.331728e+09
6.697364e+07 6.697364e+07 6.697364e+07 6.697364e+07 6.697364e+07 6.697364e+07 6.697471e+07 6.719288e+07 6.766901e+07 6.858087e+07 7.262633e+07 8.181603e+07 9.839548e+07 1.231734e+08 1.556429e+08 1.945770e+08 2.385206e+08 4.912423e+08 7.384486e+08 9.525935e+08 1.133105e+09 1.285487e+09 1.415404e+09 1.624819e+09 1.785278e+09 1.909946e+09 2.006628e+09 2.080518e+09 2.135501e+09 2.152287e+09 1.867026e+09 1.564795e+09 1.319599e+09
6.475341e+07 6.475341e+07 6.475341e+07 6.475341e+07 6.475341e+07 6.475340e+07 6.475444e+07 6.496452e+07 6.542378e+07 6.630780e+07 7.028293e+07 7.943329e+07 9.605305e+07 1.209690e+08 1.536699e+08 1.929141e+08 2.372293e+08 4.922503e+08 7.418103e+08 9.580240e+08 1.140240e+09 1.293926e+09 1.424725e+09 1.634651e+09 1.794175e+09 1.916895e+09 2.011054e+09 2.082183e+09 2.134386e+09 2.133190e+09 1.848384e+09 1.550074e+09 1.307356e+09
6.265852e+07 6.265852e+07 6.265852e+07 6.265852e+07 6.265852e+07 6.265851e+07 6.265951e+07 6.286192e+07 6.330527e+07 6.416306e+07 6.807222e+07 7.718690e+07 9.384777e+07 1.188990e+08 1.518253e+08 1.913707e+08 2.360467e+08 4.932976e+08 7.451324e+08 9.633116e+08 1.147067e+09 1.301809e+09 1.433163e+09 1.642803e+09 1.800606e+09 1.920750e+09 2.011961e+09 2.080099e+09 2.129451e+09 2.112168e+09 1.828685e+09 1.534900e+09 1.294990e+09
6.067598e+07 6.067598e+07 6.067598e+07 6.067598e+07 6.067598e+07 6.067597e+07 6.067693e+07 6.087216e+07 6.130054e+07 6.213367e+07 6.598128e+07 7.506448e+07 9.176868e+07 1.169548e+08 1.501032e+08 1.899445e+08 2.349738e+08 4.943996e+08 7.484260e+08 9.684211e+08 1.153457e+09 1.308883e+09 1.440336e+09 1.648718e+09 1.803970e+09 1.920964e+09 2.008906e+09 2.073933e+09 2.120466e+09 2.089311e+09 1.808001e+09 1.519284e+09 1.282497e+09
5.879751e+07 5.879751e+07 5.879751e+07 5.879751e+07 5.879751e+07 5.879750e+07 5.879844e+07 5.898687e+07 5.940113e+07 6.021102e+07 6.400114e+07 7.305696e+07 8.980702e+07 1.151281e+08 1.484965e+08 1.886291e+08 2.340053e+08 4.955499e+08 7.516454e+08 9.731940e+08 1.159081e+09 1.314639e+09 1.445593e+09 1.651619e+09 1.803541e+09 1.916949e+09 2.001458e+09 2.063400e+09 2.107259e+09 2.064724e+09 1.786408e+09 1.503241e+09 1.269874e+09
5.701616e+07 5.701616e+07 5.701616e+07 5.701616e+07 5.701616e+07 5.701616e+07 5.701705e+07 5.719906e+07 5.759995e+07 5.838791e+07 6.212417e+07 7.115595e+07 8.795328e+07 1.134082e+08 1.469927e+08 1.874106e+08 2.331254e+08 4.967026e+08 7.546100e+08 9.772033e+08 1.163247e+09 1.318181e+09 1.447926e+09 1.650513e+09 1.798516e+09 1.908133e+09 1.989249e+09 2.048290e+09 2.089742e+09 2.038526e+09 1.763988e+09 1.486791e+09 1.257122e+09
5.532370e+07 5.532370e+07 5.532370e+07 5.532370e+07 5.532370e+07 5.532369e+07 5.532456e+07 5.550050e+07 5.588879e+07 5.665606e+07 6.034189e+07 6.935249e+07 8.619772e+07 1.117842e+08 1.455793e+08 1.862730e+08 2.323121e+08 4.976947e+08 7.567874e+08 9.794895e+08 1.164689e+09 1.318115e+09 1.445955e+09 1.644287e+09 1.788128e+09 1.894045e+09 1.972034e+09 2.028521e+09 2.067937e+09 2.010849e+09 1.740823e+09 1.469955e+09 1.244242e+09
5.371430e+07 5.371430e+07 5.371430e+07 5.371430e+07 5.371430e+07 5.371430e+07 5.371514e+07 5.388536e+07 5.426175e+07 5.500952e+07 5.864802e+07 6.763976e+07 8.453191e+07 1.102425e+08 1.442298e+08 1.851643e+08 2.314698e+08 4.979160e+08 7.568735e+08 9.783023e+08 1.161540e+09 1.312685e+09 1.438155e+09 1.631945e+09 1.771819e+09 1.874436e+09 1.949766e+09 2.004167e+09 2.041992e+09 1.981837e+09 1.717001e+09 1.452761e+09 1.231239e+09
5.218425e+07 5.218425e+07 5.218425e+07 5.218425e+07 5.218425e+07 5.218425e+07 5.218506e+07 5.234985e+07 5.271491e+07 5.344397e+07 5.703450e+07 6.599349e+07 8.288940e+07 1.086369e+08 1.426755e+08 1.836526e+08 2.299708e+08 4.956711e+08 7.526105e+08 9.714021e+08 1.151879e+09 1.300375e+09 1.423396e+09 1.612958e+09 1.749438e+09 1.849378e+09 1.922639e+09 1.975489e+09 2.012199e+09 1.951644e+09 1.692608e+09 1.435235e+09 1.218117e+09
5.072867e+07 5.072867e+07 5.072867e+07 5.072867e+07 5.072867e+07 5.072867e+07 5.072946e+07 5.088906e+07 5.124320e+07 5.195331e+07 5.548116e+07 6.433770e+07 8.107053e+07 1.065730e+08 1.402749e+08 1.808258e+08 2.266376e+08 4.890284e+08 7.422357e+08 9.575233e+08 1.134930e+09 1.280797e+09 1.401574e+09 1.587559e+09 1.721369e+09 1.819313e+09 1.891109e+09 1.942931e+09 1.978975e+09 1.920428e+09 1.667731e+09 1.417408e+09 1.204882e+09
4.934164e+07 4.934164e+07 4.934164e+07 4.934164e+07 4.934164e+07 4.934164e+07 4.934240e+07 4.949708e+07 4.984061e+07 5.053099e+07 5.397676e+07 6.265291e+07 7.905483e+07 1.040479e+08 1.370652e+08 1.767802e+08 2.216386e+08 4.785554e+08 7.266292e+08 9.377353e+08 1.111846e+09 1.255115e+09 1.373822e+09 1.556765e+09 1.688503e+09 1.785016e+09 1.855853e+09 1.907087e+09 1.942847e+09 1.888355e+09 1.642454e+09 1.399312e+09 1.191540e+09
4.801878e+07 4.801878e+07 4.801878e+07 4.801878e+07 4.801878e+07 4.801878e+07 4.801953e+07 4.816956e+07 4.850281e+07 4.917295e+07 5.252266e+07 6.096651e+07 7.693658e+07 1.012761e+08 1.334330e+08 1.721161e+08 2.158127e+08 4.661847e+08 7.082206e+08 9.145186e+08 1.084962e+09 1.225453e+09 1.342043e+09 1.522090e+09 1.652053e+09 1.747479e+09 1.817695e+09 1.868653e+09 1.904408e+09 1.855588e+09 1.616860e+09 1.380981e+09 1.178102e+09
4.675803e+07 4.675803e+07 4.675803e+07 4.675803e+07 4.675803e+07 4.675803e+07 4.675876e+07 4.690432e+07 4.722770e+07 4.787822e+07 5.113213e+07 5.933885e+07 7.486361e+07 9.852624e+07 1.297902e+08 1.674005e+08 2.098875e+08 4.533963e+08 6.889898e+08 8.900615e+08 1.056469e+09 1.193894e+09 1.308165e+09 1.485122e+09 1.613311e+09 1.707755e+09 1.777503e+09 1.828356e+09 1.864274e+09 1.822293e+09 1.591029e+09 1.362449e+09 1.164574e+09
4.555450e+07 4.555450e+07 4.555450e+07 4.555450e+07 4.555450e+07 4.555449e+07 4.555520e+07 4.569652e+07 4.601050e+07 4.664221e+07 4.980345e+07 5.777902e+07 7.286841e+07 9.586850e+07 1.262576e+08 1.628160e+08 2.041151e+08 4.408377e+08 6.699517e+08 8.656476e+08 1.027804e+09 1.161933e+09 1.273668e+09 1.447203e+09 1.573432e+09 1.666822e+09 1.736104e+09 1.786894e+09 1.823041e+09 1.788627e+09 1.565037e+09 1.343751e+09 1.150967e+09
4.440423e+07 4.440423e+07 4.440423e+07 4.440423e+07 4.440423e+07 4.440423e+07 4.440492e+07 4.454221e+07 4.484723e+07 4.546101e+07 4.853333e+07 5.628624e+07 7.095563e+07 9.331624e+07 1.228608e+08 1.584033e+08 1.985549e+08 4.287059e+08 6.514923e+08 8.418595e+08 9.997187e+08 1.130439e+09 1.239494e+09 1.409306e+09 1.533331e+09 1.625499e+09 1.694215e+09 1.744893e+09 1.781252e+09 1.754741e+09 1.538957e+09 1.324922e+09 1.137292e+09
4.330439e+07 4.330439e+07 4.330439e+07 4.330439e+07 4.330439e+07 4.330439e+07 4.330506e+07 4.343851e+07 4.373499e+07 4.433164e+07 4.731880e+07 5.485804e+07 6.912405e+07 9.087030e+07 1.196033e+08 1.541696e+08 1.932184e+08 4.170497e+08 6.337307e+08 8.189161e+08 9.725427e+08 1.099849e+09 1.206166e+09 1.372059e+09 1.493659e+09 1.584414e+09 1.652417e+09 1.702876e+09 1.739374e+09 1.720779e+09 1.512856e+09 1.305996e+09 1.123559e+09
4.225249e+07 4.225249e+07 4.225249e+07 4.225249e+07 4.225249e+07 4.225249e+07 4.225314e+07 4.238291e+07 4.267123e+07 4.325149e+07 4.615711e+07 5.349150e+07 6.737064e+07 8.852758e+07 1.164821e+08 1.501120e+08 1.881031e+08 4.058715e+08 6.166888e+08 7.968796e+08 9.463968e+08 1.070352e+09 1.173942e+09 1.335829e+09 1.454845e+09 1.544016e+09 1.611150e+09 1.661260e+09 1.697793e+09 1.686872e+09 1.486798e+09 1.287008e+09 1.109780e+09
4.124552e+07 4.124552e+07 4.124552e+07 4.124552e+07 4.124552e+07 4.124552e+07 4.124615e+07 4.137240e+07 4.165291e+07 4.221749e+07 4.504504e+07 5.218315e+07 6.569149e+07 8.628357e+07 1.134920e+08 1.462244e+08 1.832016e+08 3.951592e+08 6.003546e+08 7.757490e+08 9.213045e+08 1.042006e+09 1.142922e+09 1.300804e+09 1.417146e+09 1.504602e+09 1.570728e+09 1.620357e+09 1.656809e+09 1.653139e+09 1.460842e+09 1.267990e+09 1.095967e+09
4.027947e+07 4.027947e+07 4.027947e+07 4.027947e+07 4.027947e+07 4.027946e+07 4.028008e+07 4.040298e+07 4.067605e+07 4.122569e+07 4.397862e+07 5.092889e+07 6.408215e+07 8.413318e+07 1.106268e+08 1.424994e+08 1.785053e+08 3.848959e+08 5.847040e+08 7.554987e+08 8.972472e+08 1.014810e+09 1.113129e+09 1.267066e+09 1.380701e+09 1.466355e+09 1.531360e+09 1.580391e+09 1.616648e+09 1.619687e+09 1.435042e+09 1.248975e+09 1.082132e+09
3.935232e+07 3.935232e+07 3.935232e+07 3.935232e+07 3.935232e+07 3.935232e+07 3.935292e+07 3.947262e+07 3.973859e+07 4.027392e+07 4.295544e+07 4.972579e+07 6.253888e+07 8.207154e+07 1.078804e+08 1.389291e+08 1.740044e+08 3.750613e+08 5.697072e+08 7.360923e+08 8.741872e+08 9.887303e+08 1.084541e+09 1.234629e+09 1.345568e+09 1.429373e+09 1.493175e+09 1.541511e+09 1.577471e+09 1.586610e+09 1.409445e+09 1.229992e+09 1.068287e+09
3.846263e+07 3.846263e+07 3.846263e+07 3.846263e+07 3.846263e+07 3.846263e+07 3.846321e+07 3.857983e+07 3.883895e+07 3.936054e+07 4.197350e+07 4.857131e+07 6.105830e+07 8.009411e+07 1.052466e+08 1.355058e+08 1.696893e+08 3.656342e+08 5.553321e+08 7.174895e+08 8.520790e+08 9.637211e+08 1.057116e+09 1.203471e+09 1.311757e+09 1.393696e+09 1.456244e+09 1.503808e+09 1.539384e+09 1.553990e+09 1.384096e+09 1.211072e+09 1.054446e+09
3.760766e+07 3.760766e+07 3.760766e+07 3.760766e+07 3.760766e+07 3.760765e+07 3.760822e+07 3.772189e+07 3.797445e+07 3.848287e+07 4.103012e+07 4.746252e+07 5.963685e+07 7.819628e+07 1.027194e+08 1.322217e+08 1.655500e+08 3.565932e+08 5.415460e+08 6.996481e+08 8.308742e+08 9.397306e+08 1.030802e+09 1.173552e+09 1.279244e+09 1.359329e+09 1.420593e+09 1.467330e+09 1.502451e+09 1.521893e+09 1.359034e+09 1.192242e+09 1.040619e+09
3.678521e+07 3.678521e+07 3.678521e+07 3.678521e+07 3.678521e+07 3.678521e+07 3.678576e+07 3.689661e+07 3.714290e+07 3.763872e+07 4.012299e+07 4.639677e+07 5.827119e+07 7.637361e+07 1.002930e+08 1.290689e+08 1.615768e+08 3.479169e+08 5.283163e+08 6.825269e+08 8.105248e+08 9.167063e+08 1.005545e+09 1.144819e+09 1.247992e+09 1.326249e+09 1.386220e+09 1.432094e+09 1.466706e+09 1.490378e+09 1.334294e+09 1.173527e+09 1.026820e+09
3.599403e+07 3.599403e+07 3.599403e+07 3.599403e+07 3.599403e+07 3.599403e+07 3.599457e+07 3.610270e+07 3.634297e+07 3.682667e+07 3.925046e+07 4.537190e+07 5.695833e+07 7.462191e+07 9.796157e+07 1.260401e+08 1.577601e+08 3.395843e+08 5.156119e+08 6.660862e+08 7.909845e+08 8.945972e+08 9.812904e+08 1.117218e+09 1.217952e+09 1.294420e+09 1.353103e+09 1.398093e+09 1.432155e+09 1.459489e+09 1.309905e+09 1.154951e+09 1.013061e+09
3.523234e+07 3.523234e+07 3.523234e+07 3.523234e+07 3.523234e+07 3.523233e+07 3.523286e+07 3.533838e+07 3.557285e+07 3.604490e+07 3.841055e+07 4.438559e+07 5.569528e+07 7.293718e+07 9.571978e+07 1.231282e+08 1.540913e+08 3.315767e+08 5.034044e+08 6.502896e+08 7.722104e+08 8.733553e+08 9.579867e+08 1.090695e+09 1.189071e+09 1.263796e+09 1.321207e+09 1.365305e+09 1.398789e+09 1.429262e+09 1.285893e+09 1.136536e+09 9.993528e+08
3.449811e+07 3.449811e+07 3.449811e+07 3.449811e+07 3.449811e+07 3.449811e+07 3.449862e+07 3.460164e+07 3.483054e+07 3.529140e+07 3.760116e+07 4.343548e+07 5.447913e+07 7.131567e+07 9.356276e+07 1.203270e+08 1.505624e+08 3.238773e+08 4.916683e+08 6.351040e+08 7.541632e+08 8.529361e+08 9.355851e+08 1.065195e+09 1.161296e+09 1.234329e+09 1.290492e+09 1.333698e+09 1.366586e+09 1.399724e+09 1.262280e+09 1.118303e+09 9.857082e+08
3.378982e+07 3.378982e+07 3.378982e+07 3.378982e+07 3.378982e+07 3.378981e+07 3.379032e+07 3.389092e+07 3.411447e+07 3.456456e+07 3.682059e+07 4.251956e+07 5.330735e+07 6.975404e+07 9.148614e+07 1.176309e+08 1.471666e+08 3.164709e+08 4.803802e+08 6.204988e+08 7.368061e+08 8.332977e+08 9.140399e+08 1.040668e+09 1.134575e+09 1.205968e+09 1.260910e+09 1.303233e+09 1.335516e+09 1.370893e+09 1.239085e+09 1.100268e+09 9.721380e+08
3.310608e+07 3.310608e+07 3.310608e+07 3.310608e+07 3.310608e+07 3.310608e+07 3.310657e+07 3.320485e+07 3.342325e+07 3.386298e+07 3.606729e+07 4.163605e+07 5.217768e+07 6.824931e+07 8.948595e+07 1.150348e+08 1.438972e+08 3.093433e+08 4.695181e+08 6.064452e+08 7.201045e+08 8.144008e+08 8.933078e+08 1.017064e+09 1.108856e+09 1.178662e+09 1.232416e+09 1.273867e+09 1.305543e+09 1.342782e+09 1.216320e+09 1.082448e+09 9.586527e+08
3.244567e+07 3.244567e+07 3.244567e+07 3.244567e+07 3.244567e+07 3.244567e+07 3.244615e+07 3.254220e+07 3.275563e+07 3.318539e+07 3.533992e+07 4.078333e+07 5.108803e+07 6.679865e+07 8.755842e+07 1.125336e+08 1.407481e+08 3.024805e+08 4.590605e+08 5.929153e+08 7.040253e+08 7.962078e+08 8.733475e+08 9.943382e+08 1.084089e+09 1.152362e+09 1.204960e+09 1.245557e+09 1.276627e+09 1.315395e+09 1.193999e+09 1.064858e+09 9.452628e+08
3.180750e+07 3.180750e+07 3.180750e+07 3.180750e+07 3.180750e+07 3.180749e+07 3.180796e+07 3.190186e+07 3.211051e+07 3.253067e+07 3.463726e+07 3.995995e+07 5.003648e+07 6.539946e+07 8.569999e+07 1.101228e+08 1.377133e+08 2.958691e+08 4.489869e+08 5.798824e+08 6.885367e+08 7.786829e+08 8.541199e+08 9.724451e+08 1.060228e+09 1.127018e+09 1.178496e+09 1.218258e+09 1.248727e+09 1.288734e+09 1.172130e+09 1.047510e+09 9.319777e+08
3.119045e+07 3.119045e+07 3.119045e+07 3.119045e+07 3.119045e+07 3.119044e+07 3.119090e+07 3.128272e+07 3.148677e+07 3.189768e+07 3.395807e+07 3.916445e+07 4.902112e+07 6.404910e+07 8.390710e+07 1.077976e+08 1.347868e+08 2.894961e+08 4.392774e+08 5.673209e+08 6.736085e+08 7.617919e+08 8.355878e+08 9.513434e+08 1.037228e+09 1.102586e+09 1.152978e+09 1.191925e+09 1.221803e+09 1.262794e+09 1.150718e+09 1.030416e+09 9.188067e+08
3.059353e+07 3.059353e+07 3.059353e+07 3.059353e+07 3.059353e+07 3.059353e+07 3.059398e+07 3.068380e+07 3.088341e+07 3.128539e+07 3.330123e+07 3.839546e+07 4.804013e+07 6.274511e+07 8.217642e+07 1.055537e+08 1.319631e+08 2.833490e+08 4.299130e+08 5.552065e+08 6.592120e+08 7.455031e+08 8.177164e+08 9.309940e+08 1.015048e+09 1.079022e+09 1.128362e+09 1.166516e+09 1.195814e+09 1.237568e+09 1.129767e+09 1.013585e+09 9.057582e+08
3.001592e+07 3.001592e+07 3.001592e+07 3.001592e+07 3.001592e+07 3.001592e+07 3.001636e+07 3.010425e+07 3.029957e+07 3.069294e+07 3.266580e+07 3.765183e+07 4.709198e+07 6.148533e+07 8.050496e+07 1.033870e+08 1.292370e+08 2.774166e+08 4.208766e+08 5.435172e+08 6.453212e+08 7.297867e+08 8.004734e+08 9.113601e+08 9.936461e+08 1.056284e+09 1.104605e+09 1.141989e+09 1.170718e+09 1.213046e+09 1.109279e+09 9.970237e+08 8.928402e+08
2.945697e+07 2.945697e+07 2.945697e+07 2.945697e+07 2.945697e+07 2.945697e+07 2.945740e+07 2.954343e+07 2.973462e+07 3.011967e+07 3.205104e+07 3.693261e+07 4.617530e+07 6.026780e+07 7.889001e+07 1.012940e+08 1.266040e+08 2.716885e+08 4.121525e+08 5.322324e+08 6.319117e+08 7.146153e+08 7.838286e+08 8.924075e+08 9.729866e+08 1.034333e+09 1.081668e+09 1.118304e+09 1.146477e+09 1.189215e+09 1.089253e+09 9.807399e+08 8.800600e+08
2.891583e+07 2.891583e+07 2.891583e+07 2.891583e+07 2.891583e+07 2.891583e+07 2.891625e+07 2.900049e+07 2.918768e+07 2.956470e+07 3.145600e+07 3.623668e+07 4.528867e+07 5.909061e+07 7.732900e+07 9.927129e+07 1.240598e+08 2.661554e+08 4.037263e+08 5.213337e+08 6.189613e+08 6.999635e+08 7.677540e+08 8.741041e+08 9.530342e+08 1.013132e+09 1.059512e+09 1.095422e+09 1.123053e+09 1.166061e+09 1.069687e+09 9.647382e+08 8.674243e+08
2.839181e+07 2.839181e+07 2.839181e+07 2.839181e+07 2.839181e+07 2.839181e+07 2.839223e+07 2.847472e+07 2.865805e+07 2.902730e+07 3.087987e+07 3.556305e+07 4.443079e+07 5.795202e+07 7.581961e+07 9.731590e+07 1.216006e+08 2.608088e+08 3.955848e+08 5.108037e+08 6.064492e+08 6.858076e+08 7.522233e+08 8.564195e+08 9.337557e+08 9.926454e+08 1.038102e+09 1.073307e+09 1.100411e+09 1.143569e+09 1.050578e+09 9.490227e+08 8.549392e+08
2.788407e+07 2.788407e+07 2.788407e+07 2.788407e+07 2.788407e+07 2.788407e+07 2.788447e+07 2.796528e+07 2.814487e+07 2.850662e+07 3.032172e+07 3.491067e+07 4.360032e+07 5.685026e+07 7.435950e+07 9.542475e+07 1.192225e+08 2.556403e+08 3.877153e+08 5.006255e+08 5.943552e+08 6.721248e+08 7.372115e+08 8.393252e+08 9.151200e+08 9.728413e+08 1.017403e+09 1.051924e+09 1.078514e+09 1.121720e+09 1.031921e+09 9.335962e+08 8.426100e+08
2.739177e+07 2.739177e+07 2.739177e+07 2.739177e+07 2.739177e+07 2.739177e+07 2.739216e+07 2.747134e+07 2.764732e+07 2.800181e+07 2.978071e+07 3.427856e+07 4.279605e+07 5.578370e+07 7.294648e+07 9.359500e+07 1.169221e+08 2.506419e+08 3.801054e+08 4.907834e+08 5.826605e+08 6.588934e+08 7.226947e+08 8.227941e+08 8.970974e+08 9.536879e+08 9.973829e+08 1.031241e+09 1.057331e+09 1.100498e+09 1.013711e+09 9.184604e+08 8.304416e+08
2.691419e+07 2.691419e+07 2.691419e+07 2.691419e+07 2.691419e+07 2.691419e+07 2.691457e+07 2.699218e+07 2.716467e+07 2.751214e+07 2.925604e+07 3.366579e+07 4.201678e+07 5.475075e+07 7.157843e+07 9.182387e+07 1.146956e+08 2.458059e+08 3.727431e+08 4.812617e+08 5.713464e+08 6.460926e+08 7.086501e+08 8.068002e+08 8.796601e+08 9.351557e+08 9.780109e+08 1.011225e+09 1.036830e+09 1.079885e+09 9.959399e+08 9.036161e+08 8.184384e+08
2.645081e+07 2.645081e+07 2.645081e+07 2.645081e+07 2.645081e+07 2.645081e+07 2.645119e+07 2.652727e+07 2.669638e+07 2.703706e+07 2.874708e+07 3.307157e+07 4.126143e+07 5.374991e+07 7.025332e+07 9.010871e+07 1.125399e+08 2.411247e+08 3.656170e+08 4.720455e+08 5.603953e+08 6.337024e+08 6.950559e+08 7.913190e+08 8.627813e+08 9.172165e+08 9.592581e+08 9.918486e+08 1.016980e+09 1.059861e+09 9.786016e+08 8.890633e+08 8.066039e+08
2.600103e+07 2.600103e+07 2.600103e+07 2.600103e+07 2.600103e+07 2.600103e+07 2.600140e+07 2.607601e+07 2.624184e+07 2.657594e+07 2.825314e+07 3.249508e+07 4.052894e+07 5.277975e+07 6.896921e+07 8.844696e+07 1.104515e+08 2.365911e+08 3.587159e+08 4.631205e+08 5.497904e+08 6.217039e+08 6.818916e+08 7.763273e+08 8.464361e+08 8.998441e+08 9.410971e+08 9.730821e+08 9.977544e+08 1.040410e+09 9.616876e+08 8.748013e+08 7.949414e+08
2.556418e+07 2.556418e+07 2.556418e+07 2.556418e+07 2.556418e+07 2.556418e+07 2.556455e+07 2.563773e+07 2.580038e+07 2.612811e+07 2.777355e+07 3.193552e+07 3.981826e+07 5.183884e+07 6.772417e+07 8.683606e+07 1.084274e+08 2.321980e+08 3.520293e+08 4.544733e+08 5.395159e+08 6.100794e+08 6.691378e+08 7.618034e+08 8.306010e+08 8.830135e+08 9.235018e+08 9.548993e+08 9.791253e+08 1.021511e+09 9.451896e+08 8.608286e+08 7.834534e+08
2.513966e+07 2.513966e+07 2.513966e+07 2.513966e+07 2.513966e+07 2.513966e+07 2.514002e+07 2.521182e+07 2.537140e+07 2.569297e+07 2.730764e+07 3.139214e+07 3.912843e+07 5.092585e+07 6.651637e+07 8.527365e+07 1.064644e+08 2.279390e+08 3.455475e+08 4.460914e+08 5.295570e+08 5.988125e+08 6.567767e+08 7.477270e+08 8.152536e+08 8.667011e+08 9.064478e+08 9.372751e+08 9.610673e+08 1.003148e+09 9.290985e+08 8.471430e+08 7.721421e+08
