3.118963e+09 2.837798e+09 2.676353e+09 2.171378e+09 1.934905e+09 1.355151e+09 1.137190e+09 9.566348e+08 9.103237e+08 8.784835e+08 8.429001e+08 8.324627e+08 8.388150e+08 8.561337e+08 8.800165e+08 9.073874e+08 9.363120e+08 1.079535e+09 1.208160e+09 1.322712e+09 1.426016e+09 1.520379e+09 1.607021e+09 1.758625e+09 1.882539e+09 1.981514e+09 2.059433e+09 2.120182e+09 2.167080e+09 2.245475e+09 2.038346e+09 1.761092e+09 1.496441e+09
1.063240e+09 1.063240e+09 1.063242e+09 1.063198e+09 1.062768e+09 1.037717e+09 9.901418e+08 8.975558e+08 8.696295e+08 8.492876e+08 8.269906e+08 8.237317e+08 8.343236e+08 8.542606e+08 8.798161e+08 9.082949e+08 9.379830e+08 1.082869e+09 1.211861e+09 1.326345e+09 1.429435e+09 1.523552e+09 1.609953e+09 1.761104e+09 1.884605e+09 1.983217e+09 2.060828e+09 2.121323e+09 2.168015e+09 2.245596e+09 2.038197e+09 1.760787e+09 1.496069e+09
8.878447e+08 8.878450e+08 8.878459e+08 8.878600e+08 8.878617e+08 8.829306e+08 8.713340e+08 8.443308e+08 8.269443e+08 8.164209e+08 8.092204e+08 8.145284e+08 8.300292e+08 8.528686e+08 8.801983e+08 9.098050e+08 9.402421e+08 1.086637e+09 1.215869e+09 1.330194e+09 1.433010e+09 1.526842e+09 1.612973e+09 1.763637e+09 1.886706e+09 1.984942e+09 2.062237e+09 2.122472e+09 2.168955e+09 2.245717e+09 2.038045e+09 1.760479e+09 1.495696e+09
8.118368e+08 8.118370e+08 8.118376e+08 8.118531e+08 8.118887e+08 8.114815e+08 8.060190e+08 8.059555e+08 8.035011e+08 7.986959e+08 7.958456e+08 8.069339e+08 8.268242e+08 8.524017e+08 8.814061e+08 9.120598e+08 9.431768e+08 1.090849e+09 1.220181e+09 1.334257e+09 1.436738e+09 1.530244e+09 1.616080e+09 1.766223e+09 1.888841e+09 1.986689e+09 2.063659e+09 2.123630e+09 2.169900e+09 2.245836e+09 2.037892e+09 1.760170e+09 1.495321e+09
7.761702e+08 7.761703e+08 7.761709e+08 7.761855e+08 7.762249e+08 7.768106e+08 7.760541e+08 7.778123e+08 7.839900e+08 7.888699e+08 7.948554e+08 8.059530e+08 8.265377e+08 8.536347e+08 8.837988e+08 9.152360e+08 9.468772e+08 1.095504e+09 1.224791e+09 1.338524e+09 1.440611e+09 1.533754e+09 1.619269e+09 1.768860e+09 1.891009e+09 1.988456e+09 2.065095e+09 2.124796e+09 2.170851e+09 2.245954e+09 2.037737e+09 1.759858e+09 1.494944e+09
7.630695e+08 7.630697e+08 7.630701e+08 7.630837e+08 7.631226e+08 7.639839e+08 7.652373e+08 7.679567e+08 7.742156e+08 7.828283e+08 7.988786e+08 8.136212e+08 8.328342e+08 8.581774e+08 8.880874e+08 9.196700e+08 9.515062e+08 1.100595e+09 1.229685e+09 1.342985e+09 1.444623e+09 1.537367e+09 1.622535e+09 1.771545e+09 1.893206e+09 1.990243e+09 2.066543e+09 2.125970e+09 2.171806e+09 2.246071e+09 2.037579e+09 1.759545e+09 1.494566e+09
7.647118e+08 7.647119e+08 7.647124e+08 7.647247e+08 7.647609e+08 7.656860e+08 7.677032e+08 7.720991e+08 7.769386e+08 7.848744e+08 8.050178e+08 8.246403e+08 8.448598e+08 8.684218e+08 8.957535e+08 9.260350e+08 9.574014e+08 1.106123e+09 1.234848e+09 1.347628e+09 1.448763e+09 1.541074e+09 1.625875e+09 1.774276e+09 1.895433e+09 1.992049e+09 2.068002e+09 2.127151e+09 2.172766e+09 2.246187e+09 2.037420e+09 1.759230e+09 1.494186e+09
7.767961e+08 7.767962e+08 7.767965e+08 7.768077e+08 7.768412e+08 7.777532e+08 7.800201e+08 7.856403e+08 7.895372e+08 7.956925e+08 8.145679e+08 8.367429e+08 8.590093e+08 8.823633e+08 9.079134e+08 9.356818e+08 9.652168e+08 1.112109e+09 1.240264e+09 1.352439e+09 1.453021e+09 1.544870e+09 1.629283e+09 1.777050e+09 1.897687e+09 1.993871e+09 2.069472e+09 2.128339e+09 2.173729e+09 2.246301e+09 2.037260e+09 1.758912e+09 1.493804e+09
7.965964e+08 7.965965e+08 7.965969e+08 7.966071e+08 7.966380e+08 7.975067e+08 7.997753e+08 8.055684e+08 8.087438e+08 8.131968e+08 8.283811e+08 8.499299e+08 8.735168e+08 8.975863e+08 9.225049e+08 9.486816e+08 9.760882e+08 1.118617e+09 1.245922e+09 1.357402e+09 1.457386e+09 1.548744e+09 1.632752e+09 1.779862e+09 1.899967e+09 1.995710e+09 2.070952e+09 2.129533e+09 2.174696e+09 2.246415e+09 2.037097e+09 1.758593e+09 1.493421e+09
8.222237e+08 8.222238e+08 8.222241e+08 8.222335e+08 8.222617e+08 8.230476e+08 8.248530e+08 8.292490e+08 8.315876e+08 8.346334e+08 8.458062e+08 8.646485e+08 8.879905e+08 9.127507e+08 9.378527e+08 9.633399e+08 9.894034e+08 1.125770e+09 1.251821e+09 1.362503e+09 1.461845e+09 1.552689e+09 1.636276e+09 1.782711e+09 1.902270e+09 1.997563e+09 2.072441e+09 2.130732e+09 2.175667e+09 2.246527e+09 2.036932e+09 1.758272e+09 1.493035e+09
8.503792e+08 8.503792e+08 8.503791e+08 8.503783e+08 8.503752e+08 8.504056e+08 8.509409e+08 8.536469e+08 8.553841e+08 8.575240e+08 8.654733e+08 8.809113e+08 9.026353e+08 9.274081e+08 9.529456e+08 9.784419e+08 1.003885e+09 1.133784e+09 1.257974e+09 1.367732e+09 1.466388e+09 1.556696e+09 1.639849e+09 1.785592e+09 1.904594e+09 1.999430e+09 2.073939e+09 2.131936e+09 2.176640e+09 2.246638e+09 2.036765e+09 1.757948e+09 1.492649e+09
1.032380e+09 1.032380e+09 1.032380e+09 1.032382e+09 1.032386e+09 1.032504e+09 1.032826e+09 1.033869e+09 1.034518e+09 1.035266e+09 1.037591e+09 1.042441e+09 1.051353e+09 1.064993e+09 1.083073e+09 1.104672e+09 1.128603e+09 1.249620e+09 1.346036e+09 1.431214e+09 1.515934e+09 1.598915e+09 1.677073e+09 1.815400e+09 1.928514e+09 2.018524e+09 2.089156e+09 2.144099e+09 2.186419e+09 2.247668e+09 2.034987e+09 1.754602e+09 1.488686e+09
1.128695e+09 1.128695e+09 1.128695e+09 1.128696e+09 1.128697e+09 1.128727e+09 1.128804e+09 1.128996e+09 1.129081e+09 1.129230e+09 1.130611e+09 1.135410e+09 1.145155e+09 1.159709e+09 1.177840e+09 1.198133e+09 1.219515e+09 1.328391e+09 1.428228e+09 1.511527e+09 1.583750e+09 1.652036e+09 1.718953e+09 1.845934e+09 1.952503e+09 2.037492e+09 2.104166e+09 2.156024e+09 2.195956e+09 2.248523e+09 2.032994e+09 1.751044e+09 1.484548e+09
1.149753e+09 1.149753e+09 1.149753e+09 1.149753e+09 1.149754e+09 1.149774e+09 1.149828e+09 1.149998e+09 1.150119e+09 1.150373e+09 1.152394e+09 1.158825e+09 1.171454e+09 1.189961e+09 1.212600e+09 1.237333e+09 1.262538e+09 1.375444e+09 1.471180e+09 1.560163e+09 1.640500e+09 1.711037e+09 1.773639e+09 1.882975e+09 1.977364e+09 2.055989e+09 2.118424e+09 2.167214e+09 2.204851e+09 2.249158e+09 2.030769e+09 1.747266e+09 1.480230e+09
1.150370e+09 1.150370e+09 1.150370e+09 1.150371e+09 1.150371e+09 1.150384e+09 1.150417e+09 1.150504e+09 1.150579e+09 1.150806e+09 1.152948e+09 1.159982e+09 1.173891e+09 1.194363e+09 1.219520e+09 1.247129e+09 1.275363e+09 1.400082e+09 1.498053e+09 1.588196e+09 1.674770e+09 1.753607e+09 1.821688e+09 1.928501e+09 2.009652e+09 2.076324e+09 2.132581e+09 2.177764e+09 2.213014e+09 2.249527e+09 2.028293e+09 1.743257e+09 1.475727e+09
1.146364e+09 1.146364e+09 1.146364e+09 1.146365e+09 1.146365e+09 1.146374e+09 1.146402e+09 1.146518e+09 1.146635e+09 1.146926e+09 1.149320e+09 1.156881e+09 1.171682e+09 1.193414e+09 1.220140e+09 1.249559e+09 1.279783e+09 1.415370e+09 1.521129e+09 1.614138e+09 1.702371e+09 1.784576e+09 1.857273e+09 1.969409e+09 2.046457e+09 2.103494e+09 2.149595e+09 2.188848e+09 2.220942e+09 2.249591e+09 2.025548e+09 1.739007e+09 1.471034e+09
1.149958e+09 1.149958e+09 1.149958e+09 1.149958e+09 1.149959e+09 1.149976e+09 1.150026e+09 1.150212e+09 1.150376e+09 1.150730e+09 1.153340e+09 1.161334e+09 1.176858e+09 1.199602e+09 1.227581e+09 1.258434e+09 1.290225e+09 1.434744e+09 1.548848e+09 1.645958e+09 1.733924e+09 1.814393e+09 1.886382e+09 2.000892e+09 2.078997e+09 2.132444e+09 2.171945e+09 2.203512e+09 2.230057e+09 2.249322e+09 2.022514e+09 1.734508e+09 1.466147e+09
1.169776e+09 1.169776e+09 1.169776e+09 1.169776e+09 1.169777e+09 1.169797e+09 1.169857e+09 1.170092e+09 1.170297e+09 1.170707e+09 1.173512e+09 1.181894e+09 1.198060e+09 1.221689e+09 1.250740e+09 1.282788e+09 1.315843e+09 1.466938e+09 1.586604e+09 1.685720e+09 1.771260e+09 1.846707e+09 1.913736e+09 2.024019e+09 2.103434e+09 2.157530e+09 2.194787e+09 2.221978e+09 2.243029e+09 2.248711e+09 2.019175e+09 1.729749e+09 1.461061e+09
1.209525e+09 1.209525e+09 1.209525e+09 1.209526e+09 1.209526e+09 1.209546e+09 1.209609e+09 1.209853e+09 1.210067e+09 1.210494e+09 1.213390e+09 1.222017e+09 1.238640e+09 1.262928e+09 1.292784e+09 1.325711e+09 1.359664e+09 1.514274e+09 1.634383e+09 1.730447e+09 1.810172e+09 1.878470e+09 1.938651e+09 2.040606e+09 2.119504e+09 2.176055e+09 2.214496e+09 2.240504e+09 2.258604e+09 2.247777e+09 2.015513e+09 1.724722e+09 1.455772e+09
1.267218e+09 1.267218e+09 1.267218e+09 1.267218e+09 1.267219e+09 1.267238e+09 1.267297e+09 1.267532e+09 1.267739e+09 1.268161e+09 1.271085e+09 1.279850e+09 1.296762e+09 1.321470e+09 1.351808e+09 1.385193e+09 1.419489e+09 1.572339e+09 1.684918e+09 1.771290e+09 1.841957e+09 1.902626e+09 1.956628e+09 2.050867e+09 2.128443e+09 2.187712e+09 2.229279e+09 2.256678e+09 2.274135e+09 2.246575e+09 2.011514e+09 1.719417e+09 1.450276e+09
1.338583e+09 1.338583e+09 1.338583e+09 1.338583e+09 1.338584e+09 1.338599e+09 1.338647e+09 1.338839e+09 1.339016e+09 1.339405e+09 1.342269e+09 1.350994e+09 1.367854e+09 1.392393e+09 1.422307e+09 1.454886e+09 1.487914e+09 1.627795e+09 1.722707e+09 1.794412e+09 1.855726e+09 1.911203e+09 1.962352e+09 2.053904e+09 2.131598e+09 2.193602e+09 2.238944e+09 2.269283e+09 2.287946e+09 2.245203e+09 2.007169e+09 1.713826e+09 1.444570e+09
1.417423e+09 1.417423e+09 1.417423e+09 1.417423e+09 1.417423e+09 1.417437e+09 1.417479e+09 1.417587e+09 1.417651e+09 1.417848e+09 1.419934e+09 1.427042e+09 1.441198e+09 1.461961e+09 1.487236e+09 1.514578e+09 1.542010e+09 1.653639e+09 1.726571e+09 1.785819e+09 1.842818e+09 1.898863e+09 1.952538e+09 2.049105e+09 2.130118e+09 2.195313e+09 2.244355e+09 2.278157e+09 2.299151e+09 2.243810e+09 2.002471e+09 1.707941e+09 1.438650e+09
1.452319e+09 1.452319e+09 1.452319e+09 1.452318e+09 1.452317e+09 1.452275e+09 1.452140e+09 1.451577e+09 1.451170e+09 1.450794e+09 1.451170e+09 1.455280e+09 1.464830e+09 1.479614e+09 1.498087e+09 1.518375e+09 1.538923e+09 1.623978e+09 1.683829e+09 1.740511e+09 1.801913e+09 1.865688e+09 1.927632e+09 2.037069e+09 2.125137e+09 2.194389e+09 2.246814e+09 2.283874e+09 2.307568e+09 2.242612e+09 1.997418e+09 1.701757e+09 1.432512e+09
1.393104e+09 1.393104e+09 1.393104e+09 1.393104e+09 1.393104e+09 1.393084e+09 1.393024e+09 1.392787e+09 1.392631e+09 1.392540e+09 1.393404e+09 1.397480e+09 1.406138e+09 1.419160e+09 1.435236e+09 1.452793e+09 1.470548e+09 1.545364e+09 1.604020e+09 1.667355e+09 1.740231e+09 1.817126e+09 1.891512e+09 2.019641e+09 2.117885e+09 2.192135e+09 2.247617e+09 2.287348e+09 2.313526e+09 2.241916e+09 1.992015e+09 1.695267e+09 1.426155e+09
1.304146e+09 1.304146e+09 1.304146e+09 1.304146e+09 1.304146e+09 1.304139e+09 1.304115e+09 1.304022e+09 1.303970e+09 1.303993e+09 1.305018e+09 1.308942e+09 1.316965e+09 1.328885e+09 1.343538e+09 1.359539e+09 1.375762e+09 1.446198e+09 1.508096e+09 1.581555e+09 1.668659e+09 1.760877e+09 1.849535e+09 1.999272e+09 2.109602e+09 2.189558e+09 2.247816e+09 2.289522e+09 2.317621e+09 2.242225e+09 1.986275e+09 1.688468e+09 1.419575e+09
1.213340e+09 1.213340e+09 1.213340e+09 1.213340e+09 1.213340e+09 1.213337e+09 1.213328e+09 1.213288e+09 1.213272e+09 1.213333e+09 1.214358e+09 1.218032e+09 1.225435e+09 1.236386e+09 1.249833e+09 1.264534e+09 1.279487e+09 1.346401e+09 1.411671e+09 1.495068e+09 1.596165e+09 1.703556e+09 1.806479e+09 1.978266e+09 2.101359e+09 2.187356e+09 2.248143e+09 2.291175e+09 2.320506e+09 2.243558e+09 1.980217e+09 1.681358e+09 1.412772e+09
1.128870e+09 1.128870e+09 1.128870e+09 1.128870e+09 1.128870e+09 1.128868e+09 1.128863e+09 1.128842e+09 1.128840e+09 1.128911e+09 1.129887e+09 1.133301e+09 1.140140e+09 1.150239e+09 1.162639e+09 1.176212e+09 1.190058e+09 1.253780e+09 1.321862e+09 1.414095e+09 1.527925e+09 1.649318e+09 1.765559e+09 1.958310e+09 2.093911e+09 2.185931e+09 2.249020e+09 2.292849e+09 2.322752e+09 2.245397e+09 1.973868e+09 1.673934e+09 1.405745e+09
1.052473e+09 1.052473e+09 1.052473e+09 1.052473e+09 1.052473e+09 1.052473e+09 1.052470e+09 1.052458e+09 1.052463e+09 1.052535e+09 1.053458e+09 1.056636e+09 1.062984e+09 1.072350e+09 1.083853e+09 1.096459e+09 1.109352e+09 1.170287e+09 1.240803e+09 1.340874e+09 1.466117e+09 1.600133e+09 1.728432e+09 1.940349e+09 2.087642e+09 2.185420e+09 2.250610e+09 2.294857e+09 2.324788e+09 2.247376e+09 1.967268e+09 1.666200e+09 1.398493e+09
9.841332e+08 9.841332e+08 9.841332e+08 9.841332e+08 9.841332e+08 9.841327e+08 9.841311e+08 9.841248e+08 9.841326e+08 9.842049e+08 9.850747e+08 9.880461e+08 9.939692e+08 1.002703e+09 1.013431e+09 1.025201e+09 1.037271e+09 1.095791e+09 1.168518e+09 1.275662e+09 1.411182e+09 1.556524e+09 1.695606e+09 1.924682e+09 2.082605e+09 2.185755e+09 2.252887e+09 2.297317e+09 2.326883e+09 2.249192e+09 1.960465e+09 1.658158e+09 1.391017e+09
9.232708e+08 9.232708e+08 9.232708e+08 9.232708e+08 9.232708e+08 9.232705e+08 9.232695e+08 9.232657e+08 9.232744e+08 9.233438e+08 9.241611e+08 9.269434e+08 9.324852e+08 9.406555e+08 9.506957e+08 9.617236e+08 9.730613e+08 1.029450e+09 1.104247e+09 1.217863e+09 1.362686e+09 1.518175e+09 1.666846e+09 1.911132e+09 2.078603e+09 2.186726e+09 2.255702e+09 2.300214e+09 2.329176e+09 2.250594e+09 1.953523e+09 1.649814e+09 1.383318e+09
8.689365e+08 8.689365e+08 8.689365e+08 8.689365e+08 8.689364e+08 8.689362e+08 8.689351e+08 8.689313e+08 8.689393e+08 8.690042e+08 8.697702e+08 8.723783e+08 8.775739e+08 8.852353e+08 8.946554e+08 9.050163e+08 9.156977e+08 9.702155e+08 1.046992e+09 1.166549e+09 1.319767e+09 1.484309e+09 1.641476e+09 1.899232e+09 2.075295e+09 2.188056e+09 2.258851e+09 2.303454e+09 2.331707e+09 2.251376e+09 1.946527e+09 1.641176e+09 1.375398e+09
8.200991e+08 8.200991e+08 8.200991e+08 8.200991e+08 8.200991e+08 8.200988e+08 8.200979e+08 8.200947e+08 8.201027e+08 8.201643e+08 8.208863e+08 8.233418e+08 8.282318e+08 8.354436e+08 8.443160e+08 8.540884e+08 8.641924e+08 9.171123e+08 9.957607e+08 1.120678e+09 1.281368e+09 1.453932e+09 1.618628e+09 1.888411e+09 2.072311e+09 2.189475e+09 2.262127e+09 2.306911e+09 2.334454e+09 2.251381e+09 1.939614e+09 1.632255e+09 1.367259e+09
7.760353e+08 7.760353e+08 7.760353e+08 7.760353e+08 7.760353e+08 7.760353e+08 7.760351e+08 7.760346e+08 7.760439e+08 7.761041e+08 7.767912e+08 7.791170e+08 7.837440e+08 7.905664e+08 7.989628e+08 8.082228e+08 8.178235e+08 8.693527e+08 9.496287e+08 1.079207e+09 1.246435e+09 1.426081e+09 1.597495e+09 1.878177e+09 2.069362e+09 2.190780e+09 2.265363e+09 2.310462e+09 2.337365e+09 2.250497e+09 1.932856e+09 1.623064e+09 1.358907e+09
7.363372e+08 7.363372e+08 7.363372e+08 7.363372e+08 7.363372e+08 7.363372e+08 7.363371e+08 7.363371e+08 7.363463e+08 7.364040e+08 7.370568e+08 7.392637e+08 7.436525e+08 7.501234e+08 7.580902e+08 7.668871e+08 7.760316e+08 8.262508e+08 9.078072e+08 1.041311e+09 1.214199e+09 1.400108e+09 1.577567e+09 1.868257e+09 2.066300e+09 2.191860e+09 2.268453e+09 2.314008e+09 2.340376e+09 2.248654e+09 1.926080e+09 1.613619e+09 1.350345e+09
7.004774e+08 7.004774e+08 7.004774e+08 7.004774e+08 7.004774e+08 7.004772e+08 7.004767e+08 7.004749e+08 7.004825e+08 7.005359e+08 7.011522e+08 7.032427e+08 7.074037e+08 7.135411e+08 7.211020e+08 7.294619e+08 7.381759e+08 7.871240e+08 8.696875e+08 1.006517e+09 1.184322e+09 1.375789e+09 1.558709e+09 1.858624e+09 2.063131e+09 2.192703e+09 2.271349e+09 2.317481e+09 2.343425e+09 2.245818e+09 1.919152e+09 1.603941e+09 1.341579e+09
6.677153e+08 6.677153e+08 6.677153e+08 6.677153e+08 6.677153e+08 6.677151e+08 6.677142e+08 6.677110e+08 6.677171e+08 6.677664e+08 6.683482e+08 6.703293e+08 6.742761e+08 6.801010e+08 6.872825e+08 6.952350e+08 7.035492e+08 7.513289e+08 8.347887e+08 9.745582e+08 1.156723e+09 1.353165e+09 1.541026e+09 1.849411e+09 2.059958e+09 2.193360e+09 2.274045e+09 2.320836e+09 2.346455e+09 2.241984e+09 1.911968e+09 1.594052e+09 1.332616e+09
6.374333e+08 6.374333e+08 6.374333e+08 6.374333e+08 6.374333e+08 6.374331e+08 6.374324e+08 6.374300e+08 6.374362e+08 6.374837e+08 6.380390e+08 6.399264e+08 6.436856e+08 6.492339e+08 6.560784e+08 6.636694e+08 6.716296e+08 7.184099e+08 8.027521e+08 9.452272e+08 1.131352e+09 1.332301e+09 1.524651e+09 1.840783e+09 2.056911e+09 2.193906e+09 2.276560e+09 2.324045e+09 2.349414e+09 2.237170e+09 1.904436e+09 1.583982e+09 1.323464e+09
6.094241e+08 6.094241e+08 6.094241e+08 6.094241e+08 6.094241e+08 6.094240e+08 6.094237e+08 6.094229e+08 6.094300e+08 6.094768e+08 6.100108e+08 6.118181e+08 6.154139e+08 6.207201e+08 6.272689e+08 6.345422e+08 6.421914e+08 6.881151e+08 7.733194e+08 9.183164e+08 1.108091e+09 1.313171e+09 1.509626e+09 1.832842e+09 2.054090e+09 2.194404e+09 2.278911e+09 2.327083e+09 2.352250e+09 2.231406e+09 1.896476e+09 1.573766e+09 1.314131e+09
5.836608e+08 5.836608e+08 5.836608e+08 5.836608e+08 5.836608e+08 5.836608e+08 5.836608e+08 5.836610e+08 5.836685e+08 5.837142e+08 5.842275e+08 5.859606e+08 5.894066e+08 5.944914e+08 6.007695e+08 6.077514e+08 6.151148e+08 6.602439e+08 7.462441e+08 8.935839e+08 1.086745e+09 1.295646e+09 1.495886e+09 1.825605e+09 2.051534e+09 2.194886e+09 2.281101e+09 2.329922e+09 2.354912e+09 2.224733e+09 1.888017e+09 1.563455e+09 1.304629e+09
5.600032e+08 5.600032e+08 5.600032e+08 5.600032e+08 5.600032e+08 5.600031e+08 5.600028e+08 5.600021e+08 5.600086e+08 5.600516e+08 5.605417e+08 5.622002e+08 5.654997e+08 5.703697e+08 5.763864e+08 5.830870e+08 5.901741e+08 6.345172e+08 7.212329e+08 8.707526e+08 1.067076e+09 1.279539e+09 1.483294e+09 1.819015e+09 2.049231e+09 2.195349e+09 2.283116e+09 2.332526e+09 2.357342e+09 2.217192e+09 1.878999e+09 1.553107e+09 1.294967e+09
5.380961e+08 5.380961e+08 5.380961e+08 5.380961e+08 5.380961e+08 5.380960e+08 5.380954e+08 5.380936e+08 5.380990e+08 5.381391e+08 5.386058e+08 5.401909e+08 5.433475e+08 5.480090e+08 5.537721e+08 5.602006e+08 5.670206e+08 6.105997e+08 6.979808e+08 8.495511e+08 1.048847e+09 1.264650e+09 1.471688e+09 1.812979e+09 2.047133e+09 2.195763e+09 2.284927e+09 2.334854e+09 2.359483e+09 2.208822e+09 1.869373e+09 1.542665e+09 1.285158e+09
5.175658e+08 5.175658e+08 5.175658e+08 5.175658e+08 5.175658e+08 5.175656e+08 5.175651e+08 5.175634e+08 5.175685e+08 5.176069e+08 5.180538e+08 5.195723e+08 5.225967e+08 5.270641e+08 5.325910e+08 5.387659e+08 5.453374e+08 5.882176e+08 6.762472e+08 8.297635e+08 1.031863e+09 1.250805e+09 1.460916e+09 1.807389e+09 2.045169e+09 2.196084e+09 2.286495e+09 2.336858e+09 2.361274e+09 2.199657e+09 1.859097e+09 1.532078e+09 1.275216e+09
4.982328e+08 4.982328e+08 4.982328e+08 4.982328e+08 4.982328e+08 4.982327e+08 4.982324e+08 4.982314e+08 4.982369e+08 4.982744e+08 4.987050e+08 5.001644e+08 5.030696e+08 5.073611e+08 5.126734e+08 5.186179e+08 5.249638e+08 5.672227e+08 6.558856e+08 8.112422e+08 1.015977e+09 1.237860e+09 1.450845e+09 1.802142e+09 2.043266e+09 2.196258e+09 2.287772e+09 2.338486e+09 2.362652e+09 2.189725e+09 1.848143e+09 1.521310e+09 1.265156e+09
4.800752e+08 4.800752e+08 4.800752e+08 4.800752e+08 4.800752e+08 4.800752e+08 4.800750e+08 4.800748e+08 4.800806e+08 4.801173e+08 4.805331e+08 4.819387e+08 4.847352e+08 4.888659e+08 4.939820e+08 4.997155e+08 5.058549e+08 5.475468e+08 6.368041e+08 7.938775e+08 1.001071e+09 1.225697e+09 1.441362e+09 1.797146e+09 2.041356e+09 2.196231e+09 2.288710e+09 2.339687e+09 2.363556e+09 2.179046e+09 1.836489e+09 1.510331e+09 1.254996e+09
4.630914e+08 4.630914e+08 4.630914e+08 4.630914e+08 4.630914e+08 4.630914e+08 4.630913e+08 4.630913e+08 4.630971e+08 4.631326e+08 4.635336e+08 4.648881e+08 4.675822e+08 4.715619e+08 4.764937e+08 4.820287e+08 4.879730e+08 5.291173e+08 6.189058e+08 7.775612e+08 9.870344e+08 1.214212e+09 1.432369e+09 1.792321e+09 2.039376e+09 2.195953e+09 2.289264e+09 2.340408e+09 2.363924e+09 2.167631e+09 1.824124e+09 1.499117e+09 1.244755e+09
4.472160e+08 4.472160e+08 4.472160e+08 4.472160e+08 4.472160e+08 4.472159e+08 4.472157e+08 4.472151e+08 4.472202e+08 4.472539e+08 4.476389e+08 4.489422e+08 4.515357e+08 4.553680e+08 4.601201e+08 4.654617e+08 4.712158e+08 5.118099e+08 6.020633e+08 7.621730e+08 9.737590e+08 1.203307e+09 1.423783e+09 1.787603e+09 2.037273e+09 2.195379e+09 2.289386e+09 2.340599e+09 2.363694e+09 2.155485e+09 1.811045e+09 1.487648e+09 1.234458e+09
4.322765e+08 4.322765e+08 4.322765e+08 4.322765e+08 4.322765e+08 4.322763e+08 4.322760e+08 4.322747e+08 4.322792e+08 4.323111e+08 4.326804e+08 4.339334e+08 4.364284e+08 4.401166e+08 4.446934e+08 4.498463e+08 4.554148e+08 4.954652e+08 5.861370e+08 7.475953e+08 9.611472e+08 1.192902e+09 1.415534e+09 1.782939e+09 2.035004e+09 2.194465e+09 2.289031e+09 2.340204e+09 2.362802e+09 2.142606e+09 1.797258e+09 1.475907e+09 1.224141e+09
4.180853e+08 4.180853e+08 4.180853e+08 4.180853e+08 4.180853e+08 4.180852e+08 4.180848e+08 4.180836e+08 4.180879e+08 4.181185e+08 4.184739e+08 4.196800e+08 4.220822e+08 4.256341e+08 4.300448e+08 4.350191e+08 4.404119e+08 4.799490e+08 5.710145e+08 7.337359e+08 9.491237e+08 1.182934e+09 1.407569e+09 1.778286e+09 2.032527e+09 2.193170e+09 2.288152e+09 2.339169e+09 2.361181e+09 2.128986e+09 1.782774e+09 1.463880e+09 1.213794e+09
4.045494e+08 4.045494e+08 4.045494e+08 4.045494e+08 4.045494e+08 4.045493e+08 4.045489e+08 4.045478e+08 4.045520e+08 4.045817e+08 4.049246e+08 4.060878e+08 4.084040e+08 4.118293e+08 4.160855e+08 4.208936e+08 4.261230e+08 4.651868e+08 5.566283e+08 7.205347e+08 9.376359e+08 1.173357e+09 1.399848e+09 1.773607e+09 2.029806e+09 2.191450e+09 2.286696e+09 2.337432e+09 2.358763e+09 2.114614e+09 1.767610e+09 1.451560e+09 1.203393e+09
3.916514e+08 3.916514e+08 3.916514e+08 3.916514e+08 3.916514e+08 3.916513e+08 3.916510e+08 3.916504e+08 3.916547e+08 3.916836e+08 3.920152e+08 3.931385e+08 3.953747e+08 3.986819e+08 4.027940e+08 4.074468e+08 4.125237e+08 4.511465e+08 5.429407e+08 7.079514e+08 9.266438e+08 1.164134e+09 1.392334e+09 1.768867e+09 2.026800e+09 2.189257e+09 2.284605e+09 2.334924e+09 2.355469e+09 2.099476e+09 1.751790e+09 1.438938e+09 1.192927e+09
3.793907e+08 3.793907e+08 3.793907e+08 3.793907e+08 3.793907e+08 3.793907e+08 3.793905e+08 3.793901e+08 3.793945e+08 3.794227e+08 3.797435e+08 3.808292e+08 3.829898e+08 3.861857e+08 3.901618e+08 3.946683e+08 3.996011e+08 4.378035e+08 5.299174e+08 6.959469e+08 9.161070e+08 1.155223e+09 1.384987e+09 1.764025e+09 2.023461e+09 2.186533e+09 2.281812e+09 2.331570e+09 2.351216e+09 2.083556e+09 1.735341e+09 1.426014e+09 1.182386e+09
3.677482e+08 3.677482e+08 3.677482e+08 3.677482e+08 3.677482e+08 3.677482e+08 3.677480e+08 3.677477e+08 3.677520e+08 3.677793e+08 3.680896e+08 3.691390e+08 3.712275e+08 3.743171e+08 3.781634e+08 3.825298e+08 3.873244e+08 4.251154e+08 5.175103e+08 6.844715e+08 9.059771e+08 1.146579e+09 1.377762e+09 1.759031e+09 2.019731e+09 2.183208e+09 2.278235e+09 2.327280e+09 2.345912e+09 2.066839e+09 1.718293e+09 1.412786e+09 1.171763e+09
3.566836e+08 3.566836e+08 3.566836e+08 3.566836e+08 3.566836e+08 3.566835e+08 3.566832e+08 3.566825e+08 3.566863e+08 3.567123e+08 3.570114e+08 3.580246e+08 3.600420e+08 3.630274e+08 3.667467e+08 3.709762e+08 3.756357e+08 4.130169e+08 5.056553e+08 6.734659e+08 8.961989e+08 1.138149e+09 1.370607e+09 1.753828e+09 2.015541e+09 2.179200e+09 2.273781e+09 2.321954e+09 2.339453e+09 2.049313e+09 1.700679e+09 1.399260e+09 1.161054e+09
3.461022e+08 3.461022e+08 3.461022e+08 3.461022e+08 3.461022e+08 3.461021e+08 3.461019e+08 3.461011e+08 3.461046e+08 3.461296e+08 3.464182e+08 3.473966e+08 3.493454e+08 3.522299e+08 3.558262e+08 3.599232e+08 3.644519e+08 4.014327e+08 4.942860e+08 6.628705e+08 8.867163e+08 1.129876e+09 1.363462e+09 1.748348e+09 2.010807e+09 2.174410e+09 2.268340e+09 2.315477e+09 2.331730e+09 2.030965e+09 1.682536e+09 1.385440e+09 1.150255e+09
3.359290e+08 3.359290e+08 3.359290e+08 3.359290e+08 3.359290e+08 3.359289e+08 3.359286e+08 3.359277e+08 3.359310e+08 3.359551e+08 3.362337e+08 3.371792e+08 3.390625e+08 3.418511e+08 3.453305e+08 3.493013e+08 3.537057e+08 3.903057e+08 4.833517e+08 6.526368e+08 8.774794e+08 1.121707e+09 1.356268e+09 1.742512e+09 2.005431e+09 2.168720e+09 2.261785e+09 2.307723e+09 2.322619e+09 2.011789e+09 1.663900e+09 1.371337e+09 1.139364e+09
3.261239e+08 3.261239e+08 3.261239e+08 3.261239e+08 3.261239e+08 3.261238e+08 3.261236e+08 3.261230e+08 3.261264e+08 3.261499e+08 3.264200e+08 3.273352e+08 3.291579e+08 3.318569e+08 3.352267e+08 3.390795e+08 3.433673e+08 3.796088e+08 4.728236e+08 6.427304e+08 8.684454e+08 1.113589e+09 1.348961e+09 1.736231e+09 1.999296e+09 2.161995e+09 2.253971e+09 2.298550e+09 2.311992e+09 1.991783e+09 1.644810e+09 1.356962e+09 1.128380e+09
3.166934e+08 3.166934e+08 3.166934e+08 3.166934e+08 3.166934e+08 3.166934e+08 3.166932e+08 3.166928e+08 3.166963e+08 3.167193e+08 3.169812e+08 3.178679e+08 3.196332e+08 3.222477e+08 3.255144e+08 3.292558e+08 3.334338e+08 3.693339e+08 4.626860e+08 6.331252e+08 8.595752e+08 1.105468e+09 1.341471e+09 1.729401e+09 1.992266e+09 2.154078e+09 2.244737e+09 2.287806e+09 2.299714e+09 1.970952e+09 1.625305e+09 1.342330e+09 1.117305e+09
3.076429e+08 3.076429e+08 3.076429e+08 3.076429e+08 3.076429e+08 3.076429e+08 3.076427e+08 3.076424e+08 3.076458e+08 3.076680e+08 3.079220e+08 3.087815e+08 3.104925e+08 3.130271e+08 3.161961e+08 3.198324e+08 3.239063e+08 3.594771e+08 4.529269e+08 6.237963e+08 8.508282e+08 1.097286e+09 1.333721e+09 1.721900e+09 1.984181e+09 2.144789e+09 2.233906e+09 2.275328e+09 2.285648e+09 1.949306e+09 1.605425e+09 1.327456e+09 1.106139e+09
2.989678e+08 2.989678e+08 2.989678e+08 2.989678e+08 2.989678e+08 2.989678e+08 2.989677e+08 2.989675e+08 2.989709e+08 2.989927e+08 2.992393e+08 3.000732e+08 3.017330e+08 3.041921e+08 3.072689e+08 3.108055e+08 3.147808e+08 3.500301e+08 4.435297e+08 6.147143e+08 8.421578e+08 1.088976e+09 1.325617e+09 1.713581e+09 1.974854e+09 2.133927e+09 2.221285e+09 2.260953e+09 2.269661e+09 1.926864e+09 1.585209e+09 1.312360e+09 1.094885e+09
2.906631e+08 2.906631e+08 2.906631e+08 2.906631e+08 2.906631e+08 2.906630e+08 2.906630e+08 2.906629e+08 2.906663e+08 2.906875e+08 2.909270e+08 2.917365e+08 2.933477e+08 2.957350e+08 2.987241e+08 3.021659e+08 3.060471e+08 3.409780e+08 4.344713e+08 6.058430e+08 8.335097e+08 1.080457e+09 1.317050e+09 1.704271e+09 1.964069e+09 2.121271e+09 2.206675e+09 2.244515e+09 2.251630e+09 1.903653e+09 1.564698e+09 1.297059e+09 1.083546e+09
2.827163e+08 2.827163e+08 2.827163e+08 2.827163e+08 2.827163e+08 2.827162e+08 2.827162e+08 2.827161e+08 2.827194e+08 2.827400e+08 2.829726e+08 2.837586e+08 2.853231e+08 2.876418e+08 2.905470e+08 2.938980e+08 2.976887e+08 3.322997e+08 4.257231e+08 5.971414e+08 8.248221e+08 1.071638e+09 1.307887e+09 1.693761e+09 1.951584e+09 2.106586e+09 2.189879e+09 2.225866e+09 2.231450e+09 1.879706e+09 1.543930e+09 1.281576e+09 1.072127e+09
2.751069e+08 2.751069e+08 2.751069e+08 2.751069e+08 2.751069e+08 2.751069e+08 2.751068e+08 2.751067e+08 2.751099e+08 2.751298e+08 2.753558e+08 2.761193e+08 2.776390e+08 2.798918e+08 2.827165e+08 2.859802e+08 2.896838e+08 3.239703e+08 4.172549e+08 5.885665e+08 8.160251e+08 1.062406e+09 1.297968e+09 1.681810e+09 1.937132e+09 2.089637e+09 2.170713e+09 2.204879e+09 2.209046e+09 1.855067e+09 1.522946e+09 1.265931e+09 1.060633e+09
2.678099e+08 2.678099e+08 2.678099e+08 2.678099e+08 2.678099e+08 2.678099e+08 2.678098e+08 2.678097e+08 2.678128e+08 2.678322e+08 2.680517e+08 2.687937e+08 2.702706e+08 2.724604e+08 2.752080e+08 2.783879e+08 2.820075e+08 3.159646e+08 4.090373e+08 5.800720e+08 8.070338e+08 1.052618e+09 1.287087e+09 1.668136e+09 1.920439e+09 2.070201e+09 2.149027e+09 2.181466e+09 2.184382e+09 1.829787e+09 1.501785e+09 1.250147e+09 1.049070e+09
2.608043e+08 2.608043e+08 2.608043e+08 2.608043e+08 2.608043e+08 2.608043e+08 2.608042e+08 2.608041e+08 2.608071e+08 2.608259e+08 2.610394e+08 2.617608e+08 2.631968e+08 2.653264e+08 2.680004e+08 2.711002e+08 2.746390e+08 3.082612e+08 4.010418e+08 5.715993e+08 7.977270e+08 1.042077e+09 1.274981e+09 1.652426e+09 1.901237e+09 2.048096e+09 2.124719e+09 2.155594e+09 2.157471e+09 1.803924e+09 1.480483e+09 1.234247e+09 1.037444e+09
2.540732e+08 2.540732e+08 2.540732e+08 2.540732e+08 2.540732e+08 2.540731e+08 2.540731e+08 2.540731e+08 2.540760e+08 2.540944e+08 2.543022e+08 2.550042e+08 2.564015e+08 2.584739e+08 2.610778e+08 2.641011e+08 2.675623e+08 3.008428e+08 3.932339e+08 5.630547e+08 7.879177e+08 1.030505e+09 1.261317e+09 1.634356e+09 1.879301e+09 2.023207e+09 2.097762e+09 2.127296e+09 2.128386e+09 1.777543e+09 1.459080e+09 1.218254e+09 1.025764e+09
2.476084e+08 2.476084e+08 2.476084e+08 2.476084e+08 2.476084e+08 2.476084e+08 2.476084e+08 2.476084e+08 2.476113e+08 2.476292e+08 2.478315e+08 2.485149e+08 2.498752e+08 2.518930e+08 2.544299e+08 2.573801e+08 2.607666e+08 2.936926e+08 3.855557e+08 5.542824e+08 7.773359e+08 1.017556e+09 1.245732e+09 1.613654e+09 1.854501e+09 1.995521e+09 2.068223e+09 2.096684e+09 2.097260e+09 1.750714e+09 1.437612e+09 1.202191e+09 1.014037e+09
2.413999e+08 2.413999e+08 2.413999e+08 2.413999e+08 2.413999e+08 2.413998e+08 2.413998e+08 2.413999e+08 2.414027e+08 2.414202e+08 2.416174e+08 2.422831e+08 2.436081e+08 2.455739e+08 2.480468e+08 2.509267e+08 2.542412e+08 2.867848e+08 3.779082e+08 5.450652e+08 7.656735e+08 1.002900e+09 1.227932e+09 1.590187e+09 1.826856e+09 1.965159e+09 2.036276e+09 2.063953e+09 2.064292e+09 1.723514e+09 1.416114e+09 1.186081e+09 1.002272e+09
2.354392e+08 2.354392e+08 2.354392e+08 2.354392e+08 2.354392e+08 2.354391e+08 2.354391e+08 2.354392e+08 2.354420e+08 2.354591e+08 2.356513e+08 2.363000e+08 2.375911e+08 2.395071e+08 2.419186e+08 2.447307e+08 2.479744e+08 2.800791e+08 3.701692e+08 5.352038e+08 7.527183e+08 9.863754e+08 1.207846e+09 1.564060e+09 1.796587e+09 1.932392e+09 2.002202e+09 2.029376e+09 2.029735e+09 1.696020e+09 1.394621e+09 1.169946e+09 9.904765e+08
2.297150e+08 2.297150e+08 2.297150e+08 2.297150e+08 2.297150e+08 2.297150e+08 2.297150e+08 2.297150e+08 2.297178e+08 2.297344e+08 2.299218e+08 2.305542e+08 2.318130e+08 2.336811e+08 2.360334e+08 2.387790e+08 2.419511e+08 2.735251e+08 3.622515e+08 5.246373e+08 7.384977e+08 9.681219e+08 1.185713e+09 1.535642e+09 1.764105e+09 1.897627e+09 1.966380e+09 1.993291e+09 1.993889e+09 1.668313e+09 1.373165e+09 1.153807e+09 9.786609e+08
2.242156e+08 2.242156e+08 2.242156e+08 2.242156e+08 2.242156e+08 2.242156e+08 2.242156e+08 2.242157e+08 2.242184e+08 2.242347e+08 2.244175e+08 2.250344e+08 2.262623e+08 2.280845e+08 2.303795e+08 2.330596e+08 2.361587e+08 2.671102e+08 3.541883e+08 5.135172e+08 7.233114e+08 9.485683e+08 1.162051e+09 1.505518e+09 1.729973e+09 1.861366e+09 1.929247e+09 1.956078e+09 1.957078e+09 1.640474e+09 1.351780e+09 1.137687e+09 9.668340e+08
2.189328e+08 2.189328e+08 2.189328e+08 2.189328e+08 2.189328e+08 2.189328e+08 2.189328e+08 2.189329e+08 2.189355e+08 2.189514e+08 2.191298e+08 2.197317e+08 2.209297e+08 2.227077e+08 2.249472e+08 2.275632e+08 2.305896e+08 2.608683e+08 3.461265e+08 5.021469e+08 7.076171e+08 9.282898e+08 1.137506e+09 1.474360e+09 1.694807e+09 1.824150e+09 1.891264e+09 1.918127e+09 1.919636e+09 1.612581e+09 1.330494e+09 1.121604e+09 9.550055e+08
2.138543e+08 2.138543e+08 2.138543e+08 2.138543e+08 2.138543e+08 2.138543e+08 2.138543e+08 2.138544e+08 2.138569e+08 2.138724e+08 2.140465e+08 2.146339e+08 2.158031e+08 2.175384e+08 2.197243e+08 2.222780e+08 2.252330e+08 2.548263e+08 3.382025e+08 4.908132e+08 6.918445e+08 9.078244e+08 1.112682e+09 1.442802e+09 1.659196e+09 1.786493e+09 1.852875e+09 1.879815e+09 1.881882e+09 1.584713e+09 1.309337e+09 1.105580e+09 9.431848e+08
2.089663e+08 2.089663e+08 2.089663e+08 2.089663e+08 2.089663e+08 2.089663e+08 2.089663e+08 2.089663e+08 2.089688e+08 2.089840e+08 2.091539e+08 2.097274e+08 2.108690e+08 2.125633e+08 2.146977e+08 2.171913e+08 2.200772e+08 2.489946e+08 3.304960e+08 4.797023e+08 6.762923e+08 8.875648e+08 1.088039e+09 1.411357e+09 1.623636e+09 1.748845e+09 1.814473e+09 1.841483e+09 1.844111e+09 1.556943e+09 1.288335e+09 1.089631e+09 9.313816e+08
2.042583e+08 2.042583e+08 2.042583e+08 2.042583e+08 2.042583e+08 2.042583e+08 2.042583e+08 2.042584e+08 2.042608e+08 2.042756e+08 2.044416e+08 2.050018e+08 2.061168e+08 2.077717e+08 2.098564e+08 2.122922e+08 2.151114e+08 2.433718e+08 3.230406e+08 4.689080e+08 6.611274e+08 8.677489e+08 1.063871e+09 1.380388e+09 1.588504e+09 1.711566e+09 1.776385e+09 1.803420e+09 1.806575e+09 1.529338e+09 1.267514e+09 1.073776e+09 9.196053e+08
1.997214e+08 1.997214e+08 1.997214e+08 1.997214e+08 1.997214e+08 1.997214e+08 1.997214e+08 1.997215e+08 1.997239e+08 1.997383e+08 1.999005e+08 2.004479e+08 2.015373e+08 2.031543e+08 2.051913e+08 2.075713e+08 2.103263e+08 2.379515e+08 3.158431e+08 4.584658e+08 6.464261e+08 8.484987e+08 1.040347e+09 1.350128e+09 1.554063e+09 1.674920e+09 1.738862e+09 1.765860e+09 1.769486e+09 1.501963e+09 1.246896e+09 1.058030e+09 9.078652e+08
1.953471e+08 1.953471e+08 1.953471e+08 1.953471e+08 1.953471e+08 1.953471e+08 1.953471e+08 1.953472e+08 1.953495e+08 1.953636e+08 1.955222e+08 1.960572e+08 1.971220e+08 1.987025e+08 2.006936e+08 2.030201e+08 2.057132e+08 2.327254e+08 3.088992e+08 4.483819e+08 6.322131e+08 8.298641e+08 1.017542e+09 1.320708e+09 1.520479e+09 1.639091e+09 1.702092e+09 1.728981e+09 1.733010e+09 1.474874e+09 1.226502e+09 1.042409e+09 8.961706e+08
1.911276e+08 1.911276e+08 1.911276e+08 1.911276e+08 1.911276e+08 1.911276e+08 1.911276e+08 1.911277e+08 1.911300e+08 1.911438e+08 1.912988e+08 1.918220e+08 1.928632e+08 1.944086e+08 1.963555e+08 1.986305e+08 2.012641e+08 2.276852e+08 3.022006e+08 4.386498e+08 6.184878e+08 8.118556e+08 9.954842e+08 1.292189e+09 1.487848e+09 1.604195e+09 1.666200e+09 1.692911e+09 1.697273e+09 1.448123e+09 1.206353e+09 1.026927e+09 8.845303e+08
1.870564e+08 1.870564e+08 1.870564e+08 1.870564e+08 1.870564e+08 1.870564e+08 1.870564e+08 1.870565e+08 1.870588e+08 1.870723e+08 1.872240e+08 1.877357e+08 1.887543e+08 1.902660e+08 1.921703e+08 1.943957e+08 1.969721e+08 2.228231e+08 2.957377e+08 4.292578e+08 6.052380e+08 7.944638e+08 9.741698e+08 1.264592e+09 1.456211e+09 1.570297e+09 1.631265e+09 1.657737e+09 1.662365e+09 1.421753e+09 1.186465e+09 1.011596e+09 8.729529e+08
1.831283e+08 1.831283e+08 1.831283e+08 1.831283e+08 1.831283e+08 1.831283e+08 1.831283e+08 1.831284e+08 1.831306e+08 1.831438e+08 1.832922e+08 1.837930e+08 1.847895e+08 1.862687e+08 1.881321e+08 1.903096e+08 1.928307e+08 2.181315e+08 2.895005e+08 4.201924e+08 5.924467e+08 7.776698e+08 9.535813e+08 1.237907e+09 1.425581e+09 1.537424e+09 1.597330e+09 1.623512e+09 1.628343e+09 1.395803e+09 1.166854e+09 9.964277e+08 8.614466e+08
1.793363e+08 1.793363e+08 1.793363e+08 1.793363e+08 1.793363e+08 1.793363e+08 1.793363e+08 1.793364e+08 1.793386e+08 1.793515e+08 1.794968e+08 1.799869e+08 1.809623e+08 1.824101e+08 1.842339e+08 1.863653e+08 1.888330e+08 2.136026e+08 2.834790e+08 4.114396e+08 5.800952e+08 7.614508e+08 9.336940e+08 1.212116e+09 1.395946e+09 1.505581e+09 1.564411e+09 1.590264e+09 1.595244e+09 1.370304e+09 1.147533e+09 9.814335e+08 8.500194e+08
1.756743e+08 1.756743e+08 1.756743e+08 1.756743e+08 1.756743e+08 1.756742e+08 1.756742e+08 1.756743e+08 1.756765e+08 1.756892e+08 1.758314e+08 1.763112e+08 1.772662e+08 1.786837e+08 1.804694e+08 1.825562e+08 1.849725e+08 2.092290e+08 2.776636e+08 4.029855e+08 5.681643e+08 7.457831e+08 9.144803e+08 1.187187e+09 1.367284e+09 1.474753e+09 1.532506e+09 1.558000e+09 1.563083e+09 1.345282e+09 1.128514e+09 9.666224e+08 8.386787e+08
1.721362e+08 1.721362e+08 1.721362e+08 1.721362e+08 1.721362e+08 1.721362e+08 1.721362e+08 1.721363e+08 1.721383e+08 1.721508e+08 1.722901e+08 1.727601e+08 1.736954e+08 1.750835e+08 1.768324e+08 1.788762e+08 1.812428e+08 2.050036e+08 2.720447e+08 3.948166e+08 5.566355e+08 7.306427e+08 8.959119e+08 1.163089e+09 1.339563e+09 1.444916e+09 1.501599e+09 1.526714e+09 1.531861e+09 1.320757e+09 1.109806e+09 9.520028e+08 8.274316e+08
1.687169e+08 1.687169e+08 1.687169e+08 1.687169e+08 1.687169e+08 1.687169e+08 1.687169e+08 1.687170e+08 1.687190e+08 1.687312e+08 1.688677e+08 1.693281e+08 1.702443e+08 1.716042e+08 1.733174e+08 1.753196e+08 1.776380e+08 2.009194e+08 2.666133e+08 3.869201e+08 5.454907e+08 7.160062e+08 8.779607e+08 1.139788e+09 1.312749e+09 1.416042e+09 1.471668e+09 1.496389e+09 1.501571e+09 1.296745e+09 1.091418e+09 9.375822e+08 8.162846e+08
1.654106e+08 1.654106e+08 1.654106e+08 1.654106e+08 1.654106e+08 1.654106e+08 1.654106e+08 1.654107e+08 1.654127e+08 1.654246e+08 1.655583e+08 1.660094e+08 1.669071e+08 1.682396e+08 1.699183e+08 1.718802e+08 1.741521e+08 1.969697e+08 2.613607e+08 3.792833e+08 5.347125e+08 7.018509e+08 8.605994e+08 1.117251e+09 1.286808e+09 1.388095e+09 1.442683e+09 1.467002e+09 1.472194e+09 1.273256e+09 1.073357e+09 9.233669e+08 8.052440e+08
1.622107e+08 1.622107e+08 1.622107e+08 1.622107e+08 1.622107e+08 1.622107e+08 1.622107e+08 1.622108e+08 1.622128e+08 1.622244e+08 1.623555e+08 1.627976e+08 1.636775e+08 1.649835e+08 1.666288e+08 1.685517e+08 1.707786e+08 1.931476e+08 2.562781e+08 3.718942e+08 5.242842e+08 6.881554e+08 8.438017e+08 1.095443e+09 1.261704e+09 1.361042e+09 1.414613e+09 1.438527e+09 1.443709e+09 1.250296e+09 1.055627e+09 9.093624e+08 7.943153e+08
1.591121e+08 1.591121e+08 1.591121e+08 1.591121e+08 1.591121e+08 1.591121e+08 1.591121e+08 1.591122e+08 1.591141e+08 1.591256e+08 1.592540e+08 1.596875e+08 1.605501e+08 1.618304e+08 1.634435e+08 1.653288e+08 1.675121e+08 1.894470e+08 2.513576e+08 3.647415e+08 5.141901e+08 6.748989e+08 8.275426e+08 1.074334e+09 1.237400e+09 1.334847e+09 1.387424e+09 1.410933e+09 1.416092e+09 1.227868e+09 1.038232e+09 8.955732e+08 7.835038e+08
1.561103e+08 1.561103e+08 1.561103e+08 1.561103e+08 1.561103e+08 1.561103e+08 1.561103e+08 1.561104e+08 1.561122e+08 1.561235e+08 1.562495e+08 1.566745e+08 1.575204e+08 1.587759e+08 1.603578e+08 1.622065e+08 1.643477e+08 1.858624e+08 2.465921e+08 3.578148e+08 5.044153e+08 6.620621e+08 8.117983e+08 1.053893e+09 1.213864e+09 1.309475e+09 1.361083e+09 1.384191e+09 1.389313e+09 1.205973e+09 1.021174e+09 8.820031e+08 7.728143e+08
1.532009e+08 1.532009e+08 1.532009e+08 1.532009e+08 1.532009e+08 1.532009e+08 1.532009e+08 1.532009e+08 1.532028e+08 1.532138e+08 1.533374e+08 1.537543e+08 1.545840e+08 1.558156e+08 1.573672e+08 1.591807e+08 1.612810e+08 1.823889e+08 2.419747e+08 3.511039e+08 4.949457e+08 6.496264e+08 7.965463e+08 1.034091e+09 1.191063e+09 1.284892e+09 1.335556e+09 1.358268e+09 1.363345e+09 1.184608e+09 1.004454e+09 8.686551e+08 7.622511e+08
1.503801e+08 1.503801e+08 1.503801e+08 1.503801e+08 1.503801e+08 1.503801e+08 1.503801e+08 1.503802e+08 1.503820e+08 1.503929e+08 1.505141e+08 1.509231e+08 1.517372e+08 1.529455e+08 1.544678e+08 1.562471e+08 1.583080e+08 1.790217e+08 2.374992e+08 3.445998e+08 4.857682e+08 6.375747e+08 7.817653e+08 1.014901e+09 1.168965e+09 1.261067e+09 1.310811e+09 1.333133e+09 1.338159e+09 1.163767e+09 9.880731e+08 8.555313e+08 7.518179e+08
1.476445e+08 1.476445e+08 1.476445e+08 1.476445e+08 1.476445e+08 1.476445e+08 1.476445e+08 1.476446e+08 1.476464e+08 1.476570e+08 1.477760e+08 1.481774e+08 1.489763e+08 1.501621e+08 1.516561e+08 1.534023e+08 1.554248e+08 1.757566e+08 2.331597e+08 3.382936e+08 4.768704e+08 6.258906e+08 7.674355e+08 9.962969e+08 1.147542e+09 1.237966e+09 1.286817e+09 1.308756e+09 1.313726e+09 1.143445e+09 9.720293e+08 8.426333e+08 7.415181e+08
