0.000000e+00 0.000000e+00 0.000000e+00 0.000000e+00 0.000000e+00 6.814069e-109 1.936330e-56 1.194481e-29 5.396795e-24 4.573721e-20 5.142828e-15 6.065652e-12 6.908536e-10 2.046913e-08 2.607075e-07 1.890062e-06 9.235501e-06 1.101309e-03 1.252180e-02 5.653194e-02 1.645536e-01 3.837369e-01 7.970661e-01 2.821997e+00 8.059714e+00 1.901958e+01 3.845805e+01 6.905218e+01 1.132509e+02 1.665658e+03 5.351180e+03 9.965425e+03 1.430168e+04
0.000000e+00 0.000000e+00 0.000000e+00 0.000000e+00 0.000000e+00 1.577401e-107 6.253040e-56 1.861596e-29 7.521855e-24 5.954971e-20 6.194055e-15 6.998834e-12 7.759149e-10 2.256811e-08 2.836019e-07 2.035157e-06 9.865139e-06 1.149404e-03 1.292340e-02 5.795998e-02 1.679676e-01 3.904680e-01 8.091621e-01 2.855835e+00 8.139956e+00 1.918160e+01 3.874392e+01 6.950649e+01 1.139177e+02 1.670208e+03 5.360248e+03 9.977018e+03 1.431360e+04
0.000000e+00 0.000000e+00 0.000000e+00 0.000000e+00 0.000000e+00 1.909914e-105 4.482445e-55 3.857368e-29 1.260442e-23 8.807663e-20 8.015085e-15 8.454084e-12 8.994893e-10 2.546515e-08 3.139978e-07 2.222015e-06 1.065635e-05 1.205495e-03 1.337432e-02 5.952668e-02 1.716548e-01 3.976560e-01 8.219704e-01 2.891256e+00 8.223320e+00 1.934901e+01 3.903810e+01 6.997252e+01 1.146000e+02 1.674809e+03 5.369380e+03 9.988669e+03 1.432556e+04
0.000000e+00 0.000000e+00 0.000000e+00 0.000000e+00 0.000000e+00 3.482324e-103 4.536520e-54 9.744385e-29 2.483390e-23 1.477003e-19 1.114474e-14 1.069181e-11 1.076694e-09 2.942011e-08 3.539892e-07 2.460855e-06 1.164438e-05 1.270717e-03 1.387973e-02 6.124351e-02 1.756336e-01 4.053268e-01 8.355260e-01 2.928319e+00 8.309906e+00 1.952197e+01 3.934080e+01 7.045052e+01 1.152980e+02 1.679459e+03 5.378575e+03 1.000038e+04 1.433757e+04
0.000000e+00 0.000000e+00 0.000000e+00 0.000000e+00 0.000000e+00 7.539392e-101 5.427335e-53 2.765125e-28 5.379201e-23 2.699564e-19 1.660786e-14 1.416657e-11 1.330384e-09 3.479292e-08 4.063121e-07 2.764496e-06 1.287210e-05 1.346348e-03 1.444528e-02 6.312276e-02 1.799236e-01 4.135075e-01 8.498651e-01 2.967089e+00 8.399818e+00 1.970063e+01 3.965224e+01 7.094075e+01 1.160120e+02 1.684161e+03 5.387835e+03 1.001214e+04 1.434962e+04
0.000000e+00 0.000000e+00 0.000000e+00 0.000000e+00 0.000000e+00 1.796132e-98 7.115799e-52 8.544524e-28 1.249314e-22 5.222908e-19 2.595235e-14 1.958796e-11 1.698666e-09 4.212406e-08 4.747564e-07 3.149740e-06 1.439350e-05 1.433842e-03 1.507715e-02 6.517755e-02 1.845453e-01 4.222266e-01 8.650252e-01 3.007629e+00 8.493162e+00 1.988516e+01 3.997262e+01 7.144348e+01 1.167423e+02 1.688913e+03 5.397160e+03 1.002397e+04 1.436171e+04
0.000000e+00 0.000000e+00 0.000000e+00 0.000000e+00 0.000000e+00 4.547387e-96 9.895598e-51 2.798483e-27 3.064104e-22 1.058779e-18 4.195437e-14 2.791171e-11 2.230991e-09 5.224850e-08 5.649648e-07 3.639712e-06 1.627922e-05 1.534879e-03 1.578213e-02 6.742194e-02 1.895204e-01 4.315133e-01 8.810448e-01 3.050006e+00 8.590048e+00 2.007571e+01 4.030216e+01 7.195895e+01 1.174892e+02 1.693718e+03 5.406550e+03 1.003585e+04 1.437385e+04
0.000000e+00 0.000000e+00 0.000000e+00 0.000000e+00 0.000000e+00 1.200785e-93 1.434058e-49 9.539616e-27 7.822528e-22 2.229140e-18 6.979273e-14 4.068464e-11 2.991709e-09 6.610149e-08 6.846570e-07 4.268338e-06 1.862570e-05 1.651432e-03 1.656776e-02 6.987111e-02 1.948718e-01 4.413986e-01 8.979642e-01 3.094290e+00 8.690586e+00 2.027244e+01 4.064107e+01 7.248745e+01 1.182531e+02 1.698574e+03 5.416004e+03 1.004779e+04 1.438604e+04
0.000000e+00 0.000000e+00 0.000000e+00 0.000000e+00 0.000000e+00 3.270134e-91 2.142442e-48 3.348008e-26 2.056629e-21 4.832687e-18 1.190522e-13 6.045877e-11 4.077651e-09 8.491094e-08 8.419093e-07 5.075587e-06 2.156983e-05 1.785858e-03 1.744246e-02 7.254144e-02 2.006238e-01 4.519144e-01 9.158249e-01 3.140549e+00 8.794890e+00 2.047552e+01 4.098958e+01 7.302926e+01 1.190343e+02 1.703484e+03 5.425524e+03 1.005979e+04 1.439826e+04
0.000000e+00 0.000000e+00 0.000000e+00 0.000000e+00 0.000000e+00 9.118138e-89 3.276398e-47 1.201555e-25 5.528915e-21 1.071552e-17 2.074481e-13 9.142200e-11 5.635873e-09 1.104201e-07 1.047398e-06 6.103620e-06 2.525091e-05 1.941023e-03 1.841578e-02 7.545077e-02 2.068021e-01 4.630946e-01 9.346699e-01 3.188856e+00 8.903077e+00 2.068513e+01 4.134791e+01 7.358463e+01 1.198330e+02 1.708446e+03 5.435110e+03 1.007185e+04 1.441054e+04
0.000000e+00 0.000000e+00 0.000000e+00 0.000000e+00 0.000000e+00 2.590170e-86 5.104005e-46 4.389585e-25 1.512666e-20 2.418211e-17 3.678838e-13 1.404149e-10 7.889124e-09 1.451231e-07 1.315613e-06 7.407585e-06 2.982431e-05 2.120482e-03 1.949860e-02 7.861863e-02 2.134343e-01 4.749744e-01 9.545438e-01 3.239285e+00 9.015265e+00 2.090143e+01 4.171629e+01 7.415387e+01 1.206497e+02 1.713461e+03 5.444763e+03 1.008397e+04 1.442285e+04
0.000000e+00 0.000000e+00 0.000000e+00 0.000000e+00 1.292716e-267 1.521248e-61 7.360395e-34 3.148552e-19 5.971256e-16 1.384068e-13 1.889932e-10 1.700140e-08 3.652670e-07 3.400849e-06 1.864910e-05 7.160916e-05 2.137778e-04 6.492517e-03 4.025670e-02 1.308279e-01 3.125916e-01 6.416338e-01 1.221239e+00 3.878359e+00 1.038577e+01 2.347378e+01 4.600679e+01 8.067361e+01 1.298759e+02 1.766651e+03 5.544993e+03 1.020843e+04 1.454848e+04
0.000000e+00 0.000000e+00 0.000000e+00 1.687741e-270 8.894724e-142 1.375388e-36 1.633014e-21 3.462105e-13 3.601565e-11 1.205594e-09 1.467329e-07 3.099810e-06 2.538690e-05 1.187724e-04 3.886902e-04 9.985352e-04 2.160693e-03 2.528155e-02 1.001702e-01 2.522934e-01 5.114481e-01 9.402322e-01 1.661348e+00 4.833849e+00 1.231562e+01 2.694001e+01 5.159144e+01 8.892517e+01 1.412859e+02 1.825667e+03 5.652185e+03 1.033898e+04 1.467862e+04
8.682227e-221 1.169660e-56 5.083562e-36 1.751538e-18 7.285375e-16 1.477328e-11 4.308300e-09 4.499125e-07 2.571234e-06 1.245253e-05 1.351337e-04 6.686592e-04 2.078528e-03 4.862156e-03 9.449913e-03 1.616920e-02 2.524932e-02 1.101099e-01 2.679085e-01 5.137705e-01 8.823575e-01 1.454048e+00 2.379167e+00 6.259317e+00 1.501206e+01 3.156997e+01 5.879855e+01 9.928525e+01 1.552932e+02 1.890958e+03 5.766651e+03 1.047577e+04 1.481333e+04
1.678064e-02 1.678417e-02 1.678509e-02 1.681456e-02 1.690664e-02 1.974155e-02 2.681046e-02 4.346086e-02 5.204379e-02 6.110161e-02 8.114430e-02 1.037065e-01 1.284137e-01 1.549926e-01 1.833275e-01 2.134016e-01 2.452497e-01 4.339437e-01 6.842196e-01 1.025211e+00 1.515536e+00 2.270327e+00 3.479671e+00 8.365659e+00 1.881011e+01 3.775682e+01 6.806679e+01 1.122270e+02 1.723935e+02 1.962985e+03 5.888700e+03 1.061896e+04 1.495267e+04
8.562602e-01 8.562601e-01 8.562591e-01 8.562265e-01 8.561248e-01 8.529456e-01 8.456569e-01 8.378447e-01 8.388672e-01 8.420358e-01 8.522136e-01 8.657563e-01 8.822315e-01 9.017487e-01 9.244559e-01 9.504513e-01 9.797910e-01 1.177750e+00 1.468062e+00 1.882514e+00 2.505423e+00 3.497287e+00 5.098375e+00 1.137755e+01 2.409708e+01 4.609105e+01 8.003348e+01 1.283782e+02 1.932062e+02 2.042219e+03 6.018633e+03 1.076868e+04 1.509666e+04
1.861218e+00 1.861218e+00 1.861220e+00 1.861265e+00 1.861406e+00 1.865900e+00 1.877962e+00 1.902544e+00 1.911208e+00 1.918200e+00 1.930519e+00 1.943903e+00 1.960172e+00 1.980066e+00 2.003926e+00 2.031922e+00 2.064135e+00 2.289409e+00 2.631092e+00 3.141517e+00 3.952978e+00 5.289112e+00 7.448696e+00 1.562850e+01 3.131296e+01 5.714514e+01 9.552203e+01 1.486369e+02 2.185451e+02 2.129146e+03 6.156749e+03 1.092506e+04 1.524534e+04
3.182177e+00 3.182177e+00 3.182178e+00 3.182205e+00 3.182290e+00 3.184983e+00 3.193328e+00 3.222670e+00 3.239681e+00 3.256333e+00 3.287534e+00 3.317554e+00 3.348874e+00 3.383072e+00 3.420879e+00 3.462562e+00 3.508200e+00 3.799096e+00 4.226396e+00 4.898307e+00 6.023856e+00 7.901552e+00 1.088391e+01 2.163909e+01 4.107857e+01 7.158912e+01 1.152393e+02 1.739408e+02 2.495305e+02 2.224276e+03 6.303340e+03 1.108823e+04 1.539873e+04
5.387529e+00 5.387529e+00 5.387529e+00 5.387538e+00 5.387564e+00 5.387406e+00 5.384192e+00 5.368416e+00 5.359300e+00 5.351870e+00 5.345848e+00 5.352697e+00 5.370460e+00 5.396607e+00 5.429348e+00 5.467790e+00 5.511711e+00 5.827295e+00 6.378160e+00 7.347711e+00 9.029125e+00 1.178336e+01 1.598925e+01 3.020123e+01 5.426684e+01 9.028722e+01 1.400090e+02 2.050570e+02 2.870657e+02 2.328149e+03 6.458693e+03 1.125830e+04 1.555685e+04
8.038622e+00 8.038622e+00 8.038620e+00 8.038570e+00 8.038412e+00 8.033354e+00 8.017957e+00 7.967637e+00 7.938810e+00 7.910526e+00 7.861603e+00 7.828906e+00 7.815459e+00 7.821395e+00 7.845522e+00 7.886231e+00 7.941994e+00 8.422886e+00 9.314575e+00 1.090300e+01 1.357900e+01 1.773426e+01 2.372490e+01 4.246851e+01 7.205802e+01 1.143334e+02 1.708029e+02 2.428504e+02 3.319137e+02 2.441351e+03 6.623093e+03 1.143536e+04 1.571970e+04
1.051135e+01 1.051135e+01 1.051135e+01 1.051137e+01 1.051143e+01 1.051331e+01 1.051919e+01 1.054420e+01 1.056503e+01 1.059212e+01 1.066444e+01 1.075679e+01 1.086278e+01 1.097719e+01 1.109714e+01 1.122206e+01 1.135316e+01 1.220860e+01 1.376083e+01 1.650667e+01 2.086188e+01 2.714593e+01 3.561555e+01 6.003787e+01 9.595379e+01 1.450508e+02 2.087427e+02 2.882678e+02 3.848937e+02 2.564533e+03 6.796824e+03 1.161950e+04 1.588726e+04
1.681891e+01 1.681891e+01 1.681890e+01 1.681883e+01 1.681858e+01 1.681066e+01 1.678618e+01 1.670107e+01 1.664976e+01 1.659773e+01 1.650246e+01 1.643172e+01 1.639484e+01 1.639688e+01 1.644091e+01 1.652926e+01 1.666404e+01 1.811716e+01 2.112441e+01 2.601864e+01 3.302715e+01 4.229014e+01 5.392885e+01 8.496695e+01 1.277249e+02 1.839337e+02 2.550679e+02 3.423280e+02 4.468549e+02 2.698430e+03 6.980171e+03 1.181079e+04 1.605952e+04
2.262556e+01 2.262556e+01 2.262555e+01 2.262538e+01 2.262483e+01 2.260758e+01 2.256179e+01 2.245134e+01 2.241043e+01 2.239233e+01 2.244635e+01 2.262714e+01 2.292043e+01 2.330632e+01 2.376901e+01 2.429894e+01 2.489203e+01 2.886556e+01 3.484872e+01 4.310417e+01 5.366088e+01 6.650285e+01 8.167731e+01 1.196320e+02 1.692642e+02 2.325341e+02 3.110677e+02 4.060952e+02 5.186732e+02 2.843903e+03 7.173427e+03 1.200931e+04 1.623646e+04
4.295029e+01 4.295028e+01 4.295027e+01 4.294988e+01 4.294866e+01 4.290960e+01 4.279274e+01 4.246038e+01 4.231751e+01 4.222076e+01 4.219393e+01 4.237869e+01 4.273820e+01 4.324275e+01 4.387795e+01 4.464034e+01 4.553156e+01 5.196449e+01 6.144181e+01 7.341794e+01 8.754895e+01 1.037566e+02 1.221429e+02 1.663502e+02 2.223475e+02 2.923191e+02 3.779976e+02 4.806402e+02 6.012447e+02 3.002003e+03 7.376895e+03 1.221510e+04 1.641803e+04
7.585993e+01 7.585992e+01 7.585991e+01 7.585936e+01 7.585793e+01 7.584817e+01 7.585507e+01 7.594252e+01 7.603187e+01 7.616320e+01 7.659196e+01 7.728701e+01 7.826297e+01 7.950261e+01 8.097448e+01 8.264436e+01 8.448080e+01 9.540047e+01 1.082663e+02 1.227659e+02 1.390313e+02 1.572993e+02 1.778356e+02 2.268512e+02 2.883861e+02 3.645499e+02 4.570134e+02 5.670043e+02 6.954748e+02 3.174171e+03 7.590896e+03 1.242821e+04 1.660419e+04
1.556033e+02 1.556033e+02 1.556033e+02 1.556029e+02 1.556018e+02 1.555659e+02 1.554860e+02 1.553521e+02 1.553248e+02 1.553375e+02 1.555225e+02 1.559587e+02 1.566479e+02 1.575590e+02 1.586514e+02 1.598894e+02 1.612472e+02 1.694851e+02 1.801122e+02 1.933188e+02 2.092065e+02 2.278657e+02 2.494238e+02 3.019307e+02 3.683217e+02 4.502487e+02 5.491514e+02 6.661817e+02 8.022676e+02 3.361305e+03 7.815773e+03 1.264867e+04 1.679487e+04
2.653804e+02 2.653804e+02 2.653804e+02 2.653793e+02 2.653761e+02 2.652735e+02 2.649832e+02 2.640921e+02 2.635506e+02 2.629719e+02 2.617750e+02 2.606231e+02 2.595988e+02 2.587543e+02 2.581216e+02 2.577185e+02 2.575528e+02 2.601552e+02 2.676922e+02 2.793009e+02 2.945949e+02 3.134583e+02 3.358878e+02 3.916840e+02 4.627769e+02 5.502755e+02 6.553592e+02 7.791217e+02 9.225176e+02 3.563514e+03 8.051901e+03 1.287653e+04 1.699002e+04
3.256557e+02 3.256557e+02 3.256557e+02 3.256562e+02 3.256576e+02 3.257065e+02 3.258781e+02 3.266183e+02 3.271842e+02 3.278703e+02 3.295431e+02 3.314975e+02 3.336026e+02 3.357628e+02 3.379182e+02 3.400373e+02 3.421083e+02 3.520263e+02 3.626756e+02 3.757438e+02 3.921492e+02 4.122911e+02 4.363192e+02 4.962493e+02 5.723817e+02 6.654708e+02 7.765501e+02 9.067418e+02 1.057103e+03 3.781008e+03 8.299700e+03 1.311179e+04 1.718955e+04
4.566374e+02 4.566374e+02 4.566374e+02 4.566374e+02 4.566375e+02 4.566403e+02 4.566393e+02 4.565688e+02 4.564914e+02 4.563880e+02 4.561244e+02 4.558346e+02 4.555826e+02 4.554266e+02 4.554120e+02 4.555707e+02 4.559220e+02 4.607218e+02 4.703137e+02 4.842909e+02 5.024835e+02 5.248243e+02 5.512725e+02 6.164164e+02 6.980374e+02 7.967613e+02 9.136391e+02 1.049930e+03 1.206874e+03 4.014000e+03 8.559645e+03 1.335449e+04 1.739339e+04
5.584669e+02 5.584669e+02 5.584669e+02 5.584670e+02 5.584675e+02 5.584819e+02 5.585269e+02 5.587196e+02 5.588805e+02 5.590906e+02 5.596622e+02 5.604265e+02 5.613635e+02 5.624529e+02 5.636789e+02 5.650326e+02 5.665107e+02 5.758958e+02 5.890738e+02 6.063661e+02 6.277776e+02 6.532423e+02 6.827188e+02 7.536951e+02 8.409402e+02 9.451574e+02 1.067529e+03 1.209527e+03 1.372631e+03 4.262686e+03 8.832295e+03 1.360465e+04 1.760144e+04
6.878175e+02 6.878175e+02 6.878175e+02 6.878175e+02 6.878175e+02 6.878163e+02 6.878160e+02 6.878973e+02 6.880143e+02 6.881933e+02 6.887462e+02 6.895560e+02 6.906112e+02 6.919004e+02 6.934150e+02 6.951481e+02 6.970936e+02 7.097825e+02 7.268738e+02 7.478952e+02 7.726689e+02 8.011910e+02 8.335268e+02 9.099191e+02 1.002366e+03 1.111641e+03 1.239050e+03 1.386289e+03 1.555099e+03 4.527254e+03 9.118340e+03 1.386229e+04 1.781360e+04
8.474676e+02 8.474676e+02 8.474676e+02 8.474676e+02 8.474676e+02 8.474668e+02 8.474672e+02 8.475585e+02 8.476971e+02 8.479155e+02 8.486113e+02 8.496540e+02 8.510237e+02 8.526902e+02 8.546229e+02 8.567946e+02 8.591828e+02 8.739050e+02 8.927114e+02 9.153262e+02 9.417082e+02 9.719353e+02 1.006112e+03 1.086566e+03 1.183348e+03 1.297014e+03 1.428883e+03 1.580845e+03 1.754900e+03 4.807890e+03 9.418769e+03 1.412743e+04 1.802978e+04
1.051609e+03 1.051609e+03 1.051609e+03 1.051609e+03 1.051608e+03 1.051605e+03 1.051595e+03 1.051626e+03 1.051711e+03 1.051860e+03 1.052358e+03 1.053103e+03 1.054063e+03 1.055212e+03 1.056540e+03 1.058049e+03 1.059748e+03 1.071347e+03 1.088126e+03 1.109633e+03 1.135627e+03 1.166101e+03 1.201070e+03 1.284239e+03 1.384470e+03 1.501806e+03 1.637509e+03 1.793668e+03 1.972535e+03 5.104799e+03 9.734339e+03 1.440011e+04 1.824987e+04
1.274682e+03 1.274682e+03 1.274682e+03 1.274681e+03 1.274679e+03 1.274629e+03 1.274472e+03 1.273908e+03 1.273574e+03 1.273257e+03 1.272783e+03 1.272635e+03 1.272878e+03 1.273526e+03 1.274560e+03 1.275948e+03 1.277649e+03 1.289628e+03 1.305827e+03 1.326187e+03 1.351374e+03 1.381753e+03 1.417293e+03 1.502802e+03 1.605938e+03 1.726280e+03 1.865195e+03 2.025055e+03 2.208375e+03 5.418210e+03 1.006457e+04 1.468039e+04 1.847375e+04
1.500387e+03 1.500387e+03 1.500387e+03 1.500387e+03 1.500387e+03 1.500402e+03 1.500527e+03 1.501214e+03 1.501777e+03 1.502483e+03 1.504281e+03 1.506483e+03 1.508920e+03 1.511435e+03 1.513915e+03 1.516298e+03 1.518563e+03 1.529057e+03 1.541840e+03 1.560240e+03 1.585220e+03 1.616532e+03 1.653530e+03 1.742121e+03 1.847844e+03 1.970505e+03 2.111999e+03 2.275133e+03 2.462669e+03 5.748387e+03 1.040907e+04 1.496833e+04 1.870132e+04
1.808730e+03 1.808730e+03 1.808730e+03 1.808728e+03 1.808722e+03 1.808542e+03 1.807978e+03 1.805761e+03 1.804169e+03 1.802319e+03 1.798082e+03 1.793502e+03 1.788961e+03 1.784736e+03 1.781010e+03 1.777892e+03 1.775438e+03 1.773018e+03 1.784399e+03 1.805963e+03 1.835194e+03 1.870409e+03 1.910489e+03 2.002833e+03 2.110338e+03 2.234342e+03 2.377747e+03 2.543850e+03 2.735560e+03 6.095631e+03 1.076748e+04 1.526403e+04 1.893246e+04
1.914755e+03 1.914755e+03 1.914755e+03 1.914758e+03 1.914766e+03 1.915012e+03 1.915782e+03 1.918835e+03 1.921054e+03 1.923656e+03 1.929718e+03 1.936492e+03 1.943584e+03 1.950749e+03 1.957846e+03 1.964814e+03 1.971633e+03 2.004219e+03 2.036839e+03 2.071636e+03 2.109171e+03 2.149398e+03 2.192231e+03 2.286165e+03 2.393289e+03 2.517249e+03 2.661964e+03 2.830989e+03 3.027128e+03 6.460276e+03 1.113943e+04 1.556764e+04 1.916707e+04
2.276875e+03 2.276875e+03 2.276875e+03 2.276875e+03 2.276874e+03 2.276873e+03 2.276868e+03 2.276907e+03 2.276981e+03 2.277106e+03 2.277564e+03 2.278393e+03 2.279705e+03 2.281580e+03 2.284054e+03 2.287126e+03 2.290767e+03 2.315825e+03 2.348171e+03 2.384142e+03 2.422077e+03 2.461498e+03 2.502586e+03 2.591972e+03 2.695432e+03 2.817997e+03 2.963847e+03 3.136236e+03 3.337479e+03 6.842682e+03 1.152448e+04 1.587936e+04 1.940504e+04
2.666691e+03 2.666691e+03 2.666691e+03 2.666692e+03 2.666694e+03 2.666731e+03 2.666830e+03 2.667200e+03 2.667470e+03 2.667796e+03 2.668616e+03 2.669659e+03 2.670927e+03 2.672432e+03 2.674190e+03 2.676220e+03 2.678539e+03 2.694651e+03 2.717173e+03 2.743737e+03 2.772819e+03 2.804089e+03 2.837949e+03 2.916322e+03 3.013680e+03 3.134613e+03 3.282407e+03 3.459349e+03 3.666895e+03 7.243223e+03 1.192215e+04 1.619961e+04 1.964626e+04
3.071925e+03 3.071925e+03 3.071925e+03 3.071925e+03 3.071927e+03 3.071993e+03 3.072192e+03 3.072885e+03 3.073351e+03 3.073888e+03 3.075166e+03 3.076698e+03 3.078463e+03 3.080434e+03 3.082582e+03 3.084873e+03 3.087272e+03 3.099926e+03 3.112727e+03 3.126323e+03 3.142170e+03 3.161636e+03 3.185814e+03 3.251454e+03 3.343623e+03 3.464926e+03 3.616905e+03 3.800467e+03 4.016026e+03 7.662264e+03 1.233192e+04 1.652885e+04 1.989065e+04
3.513280e+03 3.513280e+03 3.513280e+03 3.513280e+03 3.513280e+03 3.513278e+03 3.513272e+03 3.513281e+03 3.513325e+03 3.513407e+03 3.513690e+03 3.514078e+03 3.514470e+03 3.514760e+03 3.514865e+03 3.514737e+03 3.514362e+03 3.509614e+03 3.503747e+03 3.500879e+03 3.503480e+03 3.512960e+03 3.530115e+03 3.588969e+03 3.681452e+03 3.807711e+03 3.967515e+03 4.160487e+03 4.386108e+03 8.100146e+03 1.275321e+04 1.686638e+04 2.013812e+04
3.935069e+03 3.935069e+03 3.935069e+03 3.935067e+03 3.935060e+03 3.934845e+03 3.934171e+03 3.931522e+03 3.929608e+03 3.927357e+03 3.922011e+03 3.915832e+03 3.909165e+03 3.902311e+03 3.895505e+03 3.888911e+03 3.882633e+03 3.857013e+03 3.840435e+03 3.832071e+03 3.832193e+03 3.841319e+03 3.859756e+03 3.924738e+03 4.026526e+03 4.163984e+03 4.335967e+03 4.541373e+03 4.779099e+03 8.557153e+03 1.318540e+04 1.721146e+04 2.038860e+04
4.036780e+03 4.036780e+03 4.036780e+03 4.036783e+03 4.036791e+03 4.037053e+03 4.037872e+03 4.041087e+03 4.043376e+03 4.046015e+03 4.052024e+03 4.058539e+03 4.065094e+03 4.071347e+03 4.077071e+03 4.082147e+03 4.086533e+03 4.099727e+03 4.105873e+03 4.113412e+03 4.126796e+03 4.147934e+03 4.177542e+03 4.262908e+03 4.383149e+03 4.537754e+03 4.725837e+03 4.946244e+03 5.197682e+03 9.033490e+03 1.362785e+04 1.756343e+04 2.064206e+04
4.381482e+03 4.381482e+03 4.381482e+03 4.381479e+03 4.381472e+03 4.381243e+03 4.380527e+03 4.377723e+03 4.375739e+03 4.373472e+03 4.368401e+03 4.363068e+03 4.357912e+03 4.353246e+03 4.349270e+03 4.346089e+03 4.343741e+03 4.343570e+03 4.358216e+03 4.383001e+03 4.415653e+03 4.455318e+03 4.501834e+03 4.616108e+03 4.760326e+03 4.935705e+03 5.142262e+03 5.379146e+03 5.645083e+03 9.529254e+03 1.407984e+04 1.792162e+04 2.089849e+04
4.503129e+03 4.503129e+03 4.503129e+03 4.503131e+03 4.503139e+03 4.503382e+03 4.504140e+03 4.507093e+03 4.509165e+03 4.511532e+03 4.516890e+03 4.522777e+03 4.528960e+03 4.535311e+03 4.541783e+03 4.548373e+03 4.555104e+03 4.591899e+03 4.635035e+03 4.683934e+03 4.737639e+03 4.795837e+03 4.858795e+03 5.001247e+03 5.169382e+03 5.365824e+03 5.591134e+03 5.844554e+03 6.124748e+03 1.004440e+04 1.454066e+04 1.828538e+04 2.115791e+04
4.855374e+03 4.855374e+03 4.855374e+03 4.855375e+03 4.855377e+03 4.855448e+03 4.855669e+03 4.856619e+03 4.857412e+03 4.858458e+03 4.861378e+03 4.865448e+03 4.870649e+03 4.876901e+03 4.884087e+03 4.892077e+03 4.900741e+03 4.950768e+03 5.007118e+03 5.067386e+03 5.131262e+03 5.199129e+03 5.271633e+03 5.433299e+03 5.620641e+03 5.835619e+03 6.078098e+03 6.346774e+03 6.639960e+03 1.057874e+04 1.500954e+04 1.865401e+04 2.142049e+04
5.425876e+03 5.425876e+03 5.425876e+03 5.425876e+03 5.425876e+03 5.425878e+03 5.425887e+03 5.425997e+03 5.426132e+03 5.426331e+03 5.426936e+03 5.427840e+03 5.429087e+03 5.430736e+03 5.432852e+03 5.435498e+03 5.438720e+03 5.463966e+03 5.502905e+03 5.552444e+03 5.610616e+03 5.676617e+03 5.750236e+03 5.920372e+03 6.120936e+03 6.350773e+03 6.607763e+03 6.889438e+03 7.193498e+03 1.113186e+04 1.548569e+04 1.902682e+04 2.168655e+04
6.005018e+03 6.005018e+03 6.005018e+03 6.005019e+03 6.005022e+03 6.005085e+03 6.005251e+03 6.005862e+03 6.006308e+03 6.006847e+03 6.008206e+03 6.009933e+03 6.012013e+03 6.014420e+03 6.017123e+03 6.020096e+03 6.023317e+03 6.043158e+03 6.070793e+03 6.108587e+03 6.157696e+03 6.218216e+03 6.289731e+03 6.463305e+03 6.673318e+03 6.914837e+03 7.183399e+03 7.475236e+03 7.787398e+03 1.170320e+04 1.596830e+04 1.940309e+04 2.195563e+04
6.632808e+03 6.632808e+03 6.632808e+03 6.632809e+03 6.632812e+03 6.632901e+03 6.633169e+03 6.634049e+03 6.634570e+03 6.635115e+03 6.636232e+03 6.637350e+03 6.638449e+03 6.639530e+03 6.640613e+03 6.641737e+03 6.642950e+03 6.652258e+03 6.671174e+03 6.703029e+03 6.748808e+03 6.808261e+03 6.880599e+03 7.059947e+03 7.278797e+03 7.529844e+03 7.807069e+03 8.105842e+03 8.422829e+03 1.229193e+04 1.645653e+04 1.978207e+04 2.222704e+04
7.253813e+03 7.253813e+03 7.253813e+03 7.253812e+03 7.253809e+03 7.253716e+03 7.253426e+03 7.252291e+03 7.251496e+03 7.250600e+03 7.248657e+03 7.246722e+03 7.244992e+03 7.243619e+03 7.242715e+03 7.242360e+03 7.242608e+03 7.253486e+03 7.279916e+03 7.320535e+03 7.374444e+03 7.441052e+03 7.519747e+03 7.710204e+03 7.938493e+03 8.197152e+03 8.479883e+03 8.781936e+03 9.100011e+03 1.289703e+04 1.694952e+04 2.016303e+04 2.250019e+04
7.765985e+03 7.765986e+03 7.765986e+03 7.765987e+03 7.765992e+03 7.766160e+03 7.766682e+03 7.768769e+03 7.770330e+03 7.772228e+03 7.776966e+03 7.782803e+03 7.789528e+03 7.796947e+03 7.804902e+03 7.813274e+03 7.821977e+03 7.869098e+03 7.921756e+03 7.981310e+03 8.049368e+03 8.126959e+03 8.214432e+03 8.417823e+03 8.654438e+03 8.917746e+03 9.202062e+03 9.503150e+03 9.818136e+03 1.351728e+04 1.744639e+04 2.054523e+04 2.277455e+04
8.535339e+03 8.535339e+03 8.535339e+03 8.535340e+03 8.535342e+03 8.535405e+03 8.535604e+03 8.536398e+03 8.537001e+03 8.537749e+03 8.539727e+03 8.542405e+03 8.545829e+03 8.550015e+03 8.554955e+03 8.560624e+03 8.566985e+03 8.607826e+03 8.661057e+03 8.724906e+03 8.798862e+03 8.882663e+03 8.975888e+03 9.187905e+03 9.428583e+03 9.691773e+03 9.972669e+03 1.026790e+04 1.057526e+04 1.415124e+04 1.794623e+04 2.092789e+04 2.304960e+04
9.411356e+03 9.411356e+03 9.411356e+03 9.411356e+03 9.411357e+03 9.411378e+03 9.411445e+03 9.411748e+03 9.412003e+03 9.412337e+03 9.413248e+03 9.414501e+03 9.416118e+03 9.418133e+03 9.420591e+03 9.423542e+03 9.427034e+03 9.453892e+03 9.497562e+03 9.557038e+03 9.630213e+03 9.715034e+03 9.809733e+03 1.002305e+04 1.026103e+04 1.051766e+04 1.078915e+04 1.107315e+04 1.136817e+04 1.479728e+04 1.844814e+04 2.131029e+04 2.332481e+04
1.029902e+04 1.029902e+04 1.029902e+04 1.029902e+04 1.029902e+04 1.029905e+04 1.029912e+04 1.029952e+04 1.029989e+04 1.030039e+04 1.030178e+04 1.030371e+04 1.030619e+04 1.030922e+04 1.031282e+04 1.031699e+04 1.032175e+04 1.035437e+04 1.040179e+04 1.046320e+04 1.053705e+04 1.062150e+04 1.071474e+04 1.092162e+04 1.114875e+04 1.139131e+04 1.164688e+04 1.191417e+04 1.219233e+04 1.545364e+04 1.895119e+04 2.169167e+04 2.359967e+04
1.124007e+04 1.124007e+04 1.124007e+04 1.124008e+04 1.124008e+04 1.124019e+04 1.124053e+04 1.124191e+04 1.124294e+04 1.124419e+04 1.124735e+04 1.125134e+04 1.125609e+04 1.126155e+04 1.126765e+04 1.127435e+04 1.128161e+04 1.132523e+04 1.137959e+04 1.144383e+04 1.151716e+04 1.159844e+04 1.168636e+04 1.187767e+04 1.208494e+04 1.230562e+04 1.253895e+04 1.278454e+04 1.304191e+04 1.611842e+04 1.945445e+04 2.207131e+04 2.387368e+04
1.233157e+04 1.233157e+04 1.233157e+04 1.233157e+04 1.233158e+04 1.233164e+04 1.233186e+04 1.233272e+04 1.233337e+04 1.233416e+04 1.233619e+04 1.233882e+04 1.234208e+04 1.234595e+04 1.235042e+04 1.235548e+04 1.236111e+04 1.239708e+04 1.244458e+04 1.250187e+04 1.256721e+04 1.263891e+04 1.271558e+04 1.288047e+04 1.305870e+04 1.325037e+04 1.345616e+04 1.367623e+04 1.391003e+04 1.678963e+04 1.995697e+04 2.244850e+04 2.414633e+04
1.350135e+04 1.350135e+04 1.350135e+04 1.350135e+04 1.350135e+04 1.350137e+04 1.350144e+04 1.350175e+04 1.350202e+04 1.350237e+04 1.350333e+04 1.350465e+04 1.350633e+04 1.350839e+04 1.351084e+04 1.351369e+04 1.351697e+04 1.354009e+04 1.357459e+04 1.361878e+04 1.367000e+04 1.372602e+04 1.378552e+04 1.391356e+04 1.405499e+04 1.421247e+04 1.438752e+04 1.458011e+04 1.478910e+04 1.746526e+04 2.045782e+04 2.282255e+04 2.441714e+04
1.467369e+04 1.467369e+04 1.467369e+04 1.467369e+04 1.467369e+04 1.467371e+04 1.467378e+04 1.467404e+04 1.467426e+04 1.467453e+04 1.467525e+04 1.467626e+04 1.467755e+04 1.467916e+04 1.468109e+04 1.468337e+04 1.468600e+04 1.470470e+04 1.473154e+04 1.476353e+04 1.479808e+04 1.483408e+04 1.487167e+04 1.495504e+04 1.505528e+04 1.517690e+04 1.532104e+04 1.548664e+04 1.567147e+04 1.814325e+04 2.095606e+04 2.319278e+04 2.468562e+04
1.583211e+04 1.583211e+04 1.583211e+04 1.583211e+04 1.583211e+04 1.583216e+04 1.583232e+04 1.583298e+04 1.583347e+04 1.583406e+04 1.583558e+04 1.583750e+04 1.583982e+04 1.584251e+04 1.584555e+04 1.584891e+04 1.585255e+04 1.587323e+04 1.589345e+04 1.590956e+04 1.592170e+04 1.593216e+04 1.594371e+04 1.597901e+04 1.603929e+04 1.612827e+04 1.624510e+04 1.638690e+04 1.655010e+04 1.882158e+04 2.145076e+04 2.355855e+04 2.495129e+04
1.702332e+04 1.702332e+04 1.702332e+04 1.702332e+04 1.702332e+04 1.702337e+04 1.702352e+04 1.702412e+04 1.702457e+04 1.702513e+04 1.702654e+04 1.702834e+04 1.703050e+04 1.703291e+04 1.703547e+04 1.703804e+04 1.704049e+04 1.704704e+04 1.704033e+04 1.702295e+04 1.700113e+04 1.698051e+04 1.696507e+04 1.695817e+04 1.698790e+04 1.705324e+04 1.715011e+04 1.727368e+04 1.741931e+04 1.949826e+04 2.194099e+04 2.391925e+04 2.521369e+04
1.824303e+04 1.824303e+04 1.824303e+04 1.824303e+04 1.824304e+04 1.824308e+04 1.824323e+04 1.824370e+04 1.824386e+04 1.824386e+04 1.824321e+04 1.824144e+04 1.823842e+04 1.823408e+04 1.822842e+04 1.822149e+04 1.821335e+04 1.815890e+04 1.809322e+04 1.802885e+04 1.797283e+04 1.792836e+04 1.789649e+04 1.786980e+04 1.788773e+04 1.794337e+04 1.803020e+04 1.814248e+04 1.827534e+04 2.017138e+04 2.242584e+04 2.427429e+04 2.547239e+04
1.922229e+04 1.922229e+04 1.922229e+04 1.922229e+04 1.922228e+04 1.922189e+04 1.922066e+04 1.921577e+04 1.921209e+04 1.920761e+04 1.919632e+04 1.918221e+04 1.916575e+04 1.914751e+04 1.912798e+04 1.910763e+04 1.908683e+04 1.898456e+04 1.889613e+04 1.882608e+04 1.877386e+04 1.873761e+04 1.871538e+04 1.870642e+04 1.873636e+04 1.879760e+04 1.888439e+04 1.899202e+04 1.911658e+04 2.083908e+04 2.290443e+04 2.462311e+04 2.572696e+04
1.938277e+04 1.938277e+04 1.938277e+04 1.938277e+04 1.938278e+04 1.938304e+04 1.938386e+04 1.938680e+04 1.938863e+04 1.939056e+04 1.939445e+04 1.939816e+04 1.940155e+04 1.940456e+04 1.940715e+04 1.940932e+04 1.941109e+04 1.941525e+04 1.941567e+04 1.941685e+04 1.942121e+04 1.942986e+04 1.944325e+04 1.948458e+04 1.954483e+04 1.962271e+04 1.971643e+04 1.982400e+04 1.994334e+04 2.149960e+04 2.337588e+04 2.496520e+04 2.597697e+04
1.964633e+04 1.964633e+04 1.964633e+04 1.964634e+04 1.964635e+04 1.964661e+04 1.964744e+04 1.965075e+04 1.965322e+04 1.965620e+04 1.966366e+04 1.967296e+04 1.968391e+04 1.969634e+04 1.971000e+04 1.972468e+04 1.974014e+04 1.982250e+04 1.990234e+04 1.997375e+04 2.003666e+04 2.009288e+04 2.014444e+04 2.024026e+04 2.033393e+04 2.043073e+04 2.053314e+04 2.064198e+04 2.075714e+04 2.215123e+04 2.383935e+04 2.530006e+04 2.622206e+04
2.038376e+04 2.038376e+04 2.038376e+04 2.038376e+04 2.038376e+04 2.038388e+04 2.038423e+04 2.038563e+04 2.038668e+04 2.038797e+04 2.039130e+04 2.039569e+04 2.040121e+04 2.040792e+04 2.041581e+04 2.042487e+04 2.043505e+04 2.049979e+04 2.057836e+04 2.066029e+04 2.073972e+04 2.081435e+04 2.088387e+04 2.101005e+04 2.112485e+04 2.123409e+04 2.134166e+04 2.144983e+04 2.155975e+04 2.279235e+04 2.429403e+04 2.562725e+04 2.646185e+04
2.133589e+04 2.133589e+04 2.133589e+04 2.133589e+04 2.133589e+04 2.133600e+04 2.133633e+04 2.133741e+04 2.133813e+04 2.133896e+04 2.134096e+04 2.134339e+04 2.134625e+04 2.134955e+04 2.135330e+04 2.135753e+04 2.136225e+04 2.139405e+04 2.143954e+04 2.149569e+04 2.155807e+04 2.162295e+04 2.168788e+04 2.181319e+04 2.193048e+04 2.204096e+04 2.214687e+04 2.225019e+04 2.235228e+04 2.342139e+04 2.473914e+04 2.594634e+04 2.669600e+04
2.236155e+04 2.236155e+04 2.236155e+04 2.236155e+04 2.236155e+04 2.236154e+04 2.236152e+04 2.236142e+04 2.236135e+04 2.236126e+04 2.236104e+04 2.236079e+04 2.236054e+04 2.236036e+04 2.236029e+04 2.236040e+04 2.236073e+04 2.236719e+04 2.238406e+04 2.241213e+04 2.244981e+04 2.249453e+04 2.254373e+04 2.264786e+04 2.275222e+04 2.285311e+04 2.295001e+04 2.304354e+04 2.313457e+04 2.403684e+04 2.517394e+04 2.625696e+04 2.692419e+04
2.331645e+04 2.331645e+04 2.331645e+04 2.331645e+04 2.331645e+04 2.331646e+04 2.331649e+04 2.331660e+04 2.331667e+04 2.331675e+04 2.331693e+04 2.331712e+04 2.331732e+04 2.331753e+04 2.331776e+04 2.331800e+04 2.331827e+04 2.332087e+04 2.332768e+04 2.334108e+04 2.336187e+04 2.338950e+04 2.342263e+04 2.349952e+04 2.358276e+04 2.366664e+04 2.374866e+04 2.382810e+04 2.390501e+04 2.463726e+04 2.559770e+04 2.655874e+04 2.714615e+04
2.422758e+04 2.422758e+04 2.422758e+04 2.422758e+04 2.422758e+04 2.422759e+04 2.422762e+04 2.422772e+04 2.422780e+04 2.422790e+04 2.422815e+04 2.422847e+04 2.422886e+04 2.422932e+04 2.422984e+04 2.423043e+04 2.423106e+04 2.423505e+04 2.424071e+04 2.424918e+04 2.426154e+04 2.427825e+04 2.429915e+04 2.435094e+04 2.441097e+04 2.447429e+04 2.453787e+04 2.460021e+04 2.466073e+04 2.522124e+04 2.600979e+04 2.685139e+04 2.736159e+04
2.510787e+04 2.510787e+04 2.510787e+04 2.510787e+04 2.510788e+04 2.510789e+04 2.510792e+04 2.510806e+04 2.510816e+04 2.510828e+04 2.510859e+04 2.510898e+04 2.510945e+04 2.510999e+04 2.511060e+04 2.511129e+04 2.511203e+04 2.511645e+04 2.512171e+04 2.512788e+04 2.513546e+04 2.514505e+04 2.515697e+04 2.518768e+04 2.522557e+04 2.526764e+04 2.531139e+04 2.535518e+04 2.539804e+04 2.578748e+04 2.640957e+04 2.713462e+04 2.757029e+04
2.596280e+04 2.596280e+04 2.596280e+04 2.596280e+04 2.596280e+04 2.596281e+04 2.596284e+04 2.596297e+04 2.596307e+04 2.596318e+04 2.596346e+04 2.596379e+04 2.596416e+04 2.596457e+04 2.596502e+04 2.596550e+04 2.596600e+04 2.596883e+04 2.597186e+04 2.597485e+04 2.597797e+04 2.598158e+04 2.598611e+04 2.599891e+04 2.601682e+04 2.603866e+04 2.606284e+04 2.608793e+04 2.611291e+04 2.633472e+04 2.679648e+04 2.740819e+04 2.777203e+04
2.678902e+04 2.678902e+04 2.678902e+04 2.678902e+04 2.678902e+04 2.678902e+04 2.678901e+04 2.678898e+04 2.678896e+04 2.678894e+04 2.678888e+04 2.678880e+04 2.678872e+04 2.678864e+04 2.678855e+04 2.678847e+04 2.678838e+04 2.678785e+04 2.678695e+04 2.678551e+04 2.678355e+04 2.678132e+04 2.677918e+04 2.677640e+04 2.677677e+04 2.678035e+04 2.678631e+04 2.679363e+04 2.680137e+04 2.686180e+04 2.717001e+04 2.767189e+04 2.796663e+04
2.756917e+04 2.756917e+04 2.756917e+04 2.756917e+04 2.756917e+04 2.756917e+04 2.756916e+04 2.756913e+04 2.756909e+04 2.756905e+04 2.756891e+04 2.756871e+04 2.756845e+04 2.756812e+04 2.756772e+04 2.756725e+04 2.756672e+04 2.756317e+04 2.755829e+04 2.755227e+04 2.754530e+04 2.753763e+04 2.752958e+04 2.751357e+04 2.749914e+04 2.748697e+04 2.747683e+04 2.746804e+04 2.745985e+04 2.736769e+04 2.752970e+04 2.792554e+04 2.815394e+04
2.829668e+04 2.829668e+04 2.829668e+04 2.829668e+04 2.829668e+04 2.829666e+04 2.829662e+04 2.829646e+04 2.829633e+04 2.829618e+04 2.829579e+04 2.829530e+04 2.829469e+04 2.829399e+04 2.829318e+04 2.829229e+04 2.829130e+04 2.828510e+04 2.827703e+04 2.826737e+04 2.825641e+04 2.824443e+04 2.823174e+04 2.820538e+04 2.817921e+04 2.815421e+04 2.813050e+04 2.810774e+04 2.808539e+04 2.785146e+04 2.787514e+04 2.816901e+04 2.833383e+04
2.895955e+04 2.895955e+04 2.895955e+04 2.895955e+04 2.895955e+04 2.895953e+04 2.895949e+04 2.895932e+04 2.895919e+04 2.895904e+04 2.895864e+04 2.895812e+04 2.895749e+04 2.895674e+04 2.895588e+04 2.895490e+04 2.895380e+04 2.894669e+04 2.893712e+04 2.892551e+04 2.891223e+04 2.889760e+04 2.888192e+04 2.884854e+04 2.881392e+04 2.877915e+04 2.874461e+04 2.871025e+04 2.867576e+04 2.831230e+04 2.820599e+04 2.840217e+04 2.850618e+04
2.956008e+04 2.956008e+04 2.956008e+04 2.956008e+04 2.956008e+04 2.956007e+04 2.956002e+04 2.955985e+04 2.955972e+04 2.955956e+04 2.955915e+04 2.955863e+04 2.955798e+04 2.955722e+04 2.955635e+04 2.955535e+04 2.955425e+04 2.954708e+04 2.953735e+04 2.952537e+04 2.951143e+04 2.949584e+04 2.947887e+04 2.944180e+04 2.940190e+04 2.936032e+04 2.931762e+04 2.927402e+04 2.922947e+04 2.874957e+04 2.852196e+04 2.862495e+04 2.867092e+04
3.010090e+04 3.010090e+04 3.010090e+04 3.010090e+04 3.010090e+04 3.010088e+04 3.010084e+04 3.010067e+04 3.010055e+04 3.010040e+04 3.010003e+04 3.009955e+04 3.009898e+04 3.009830e+04 3.009753e+04 3.009665e+04 3.009567e+04 3.008925e+04 3.008037e+04 3.006918e+04 3.005588e+04 3.004068e+04 3.002380e+04 2.998581e+04 2.994336e+04 2.989754e+04 2.984908e+04 2.979840e+04 2.974574e+04 2.916276e+04 2.882283e+04 2.883731e+04 2.882800e+04
3.058847e+04 3.058847e+04 3.058847e+04 3.058847e+04 3.058847e+04 3.058846e+04 3.058843e+04 3.058831e+04 3.058823e+04 3.058812e+04 3.058784e+04 3.058748e+04 3.058703e+04 3.058650e+04 3.058589e+04 3.058518e+04 3.058438e+04 3.057905e+04 3.057146e+04 3.056165e+04 3.054969e+04 3.053570e+04 3.051980e+04 3.048281e+04 3.043978e+04 3.039171e+04 3.033940e+04 3.028348e+04 3.022444e+04 2.955152e+04 2.910844e+04 2.903921e+04 2.897739e+04
3.103125e+04 3.103125e+04 3.103125e+04 3.103125e+04 3.103125e+04 3.103124e+04 3.103121e+04 3.103110e+04 3.103101e+04 3.103091e+04 3.103065e+04 3.103033e+04 3.102993e+04 3.102947e+04 3.102894e+04 3.102834e+04 3.102767e+04 3.102323e+04 3.101687e+04 3.100850e+04 3.099807e+04 3.098555e+04 3.097099e+04 3.093592e+04 3.089348e+04 3.084445e+04 3.078967e+04 3.072992e+04 3.066591e+04 2.991565e+04 2.937869e+04 2.923068e+04 2.911907e+04
3.143398e+04 3.143398e+04 3.143398e+04 3.143398e+04 3.143398e+04 3.143398e+04 3.143396e+04 3.143388e+04 3.143383e+04 3.143376e+04 3.143358e+04 3.143336e+04 3.143307e+04 3.143273e+04 3.143233e+04 3.143187e+04 3.143134e+04 3.142775e+04 3.142244e+04 3.141529e+04 3.140617e+04 3.139499e+04 3.138169e+04 3.134863e+04 3.130715e+04 3.125779e+04 3.120136e+04 3.113876e+04 3.107086e+04 3.025508e+04 2.963355e+04 2.941174e+04 2.925306e+04
3.180344e+04 3.180344e+04 3.180344e+04 3.180344e+04 3.180344e+04 3.180344e+04 3.180342e+04 3.180334e+04 3.180329e+04 3.180322e+04 3.180304e+04 3.180282e+04 3.180255e+04 3.180223e+04 3.180185e+04 3.180143e+04 3.180096e+04 3.179778e+04 3.179310e+04 3.178673e+04 3.177849e+04 3.176823e+04 3.175581e+04 3.172422e+04 3.168344e+04 3.163381e+04 3.157608e+04 3.151121e+04 3.144021e+04 3.056989e+04 2.987302e+04 2.958247e+04 2.937940e+04
3.214189e+04 3.214189e+04 3.214189e+04 3.214189e+04 3.214189e+04 3.214188e+04 3.214187e+04 3.214181e+04 3.214176e+04 3.214171e+04 3.214157e+04 3.214138e+04 3.214115e+04 3.214087e+04 3.214055e+04 3.214017e+04 3.213975e+04 3.213681e+04 3.213238e+04 3.212631e+04 3.211841e+04 3.210852e+04 3.209647e+04 3.206540e+04 3.202467e+04 3.197442e+04 3.191538e+04 3.184853e+04 3.177496e+04 3.086030e+04 3.009719e+04 2.974295e+04 2.949812e+04
3.245262e+04 3.245262e+04 3.245262e+04 3.245262e+04 3.245262e+04 3.245262e+04 3.245260e+04 3.245254e+04 3.245249e+04 3.245243e+04 3.245228e+04 3.245208e+04 3.245184e+04 3.245154e+04 3.245118e+04 3.245078e+04 3.245032e+04 3.244717e+04 3.244252e+04 3.243622e+04 3.242811e+04 3.241803e+04 3.240577e+04 3.237417e+04 3.233260e+04 3.228118e+04 3.222059e+04 3.215186e+04 3.207611e+04 3.112664e+04 3.030620e+04 2.989328e+04 2.960930e+04
3.273606e+04 3.273606e+04 3.273606e+04 3.273606e+04 3.273606e+04 3.273606e+04 3.273604e+04 3.273595e+04 3.273588e+04 3.273580e+04 3.273559e+04 3.273533e+04 3.273500e+04 3.273462e+04 3.273418e+04 3.273368e+04 3.273312e+04 3.272945e+04 3.272422e+04 3.271733e+04 3.270862e+04 3.269788e+04 3.268492e+04 3.265174e+04 3.260843e+04 3.255519e+04 3.249278e+04 3.242221e+04 3.234459e+04 3.136937e+04 3.050024e+04 3.003362e+04 2.971303e+04
3.299022e+04 3.299022e+04 3.299022e+04 3.299022e+04 3.299022e+04 3.299022e+04 3.299019e+04 3.299010e+04 3.299004e+04 3.298995e+04 3.298974e+04 3.298946e+04 3.298912e+04 3.298871e+04 3.298824e+04 3.298769e+04 3.298708e+04 3.298302e+04 3.297723e+04 3.296965e+04 3.296010e+04 3.294838e+04 3.293430e+04 3.289863e+04 3.285276e+04 3.279717e+04 3.273270e+04 3.266040e+04 3.258128e+04 3.158905e+04 3.067953e+04 3.016411e+04 2.980941e+04
3.321554e+04 3.321554e+04 3.321554e+04 3.321554e+04 3.321554e+04 3.321553e+04 3.321550e+04 3.321540e+04 3.321532e+04 3.321522e+04 3.321497e+04 3.321465e+04 3.321426e+04 3.321380e+04 3.321327e+04 3.321267e+04 3.321200e+04 3.320755e+04 3.320124e+04 3.319291e+04 3.318235e+04 3.316934e+04 3.315375e+04 3.311475e+04 3.306569e+04 3.300741e+04 3.294090e+04 3.286714e+04 3.278701e+04 3.178632e+04 3.084437e+04 3.028493e+04 2.989854e+04
3.341127e+04 3.341127e+04 3.341127e+04 3.341127e+04 3.341127e+04 3.341126e+04 3.341124e+04 3.341113e+04 3.341105e+04 3.341095e+04 3.341069e+04 3.341036e+04 3.340996e+04 3.340948e+04 3.340892e+04 3.340829e+04 3.340758e+04 3.340286e+04 3.339603e+04 3.338679e+04 3.337486e+04 3.336011e+04 3.334255e+04 3.329947e+04 3.324686e+04 3.318595e+04 3.311775e+04 3.304307e+04 3.296261e+04 3.196192e+04 3.099509e+04 3.039627e+04 2.998055e+04
3.357791e+04 3.357791e+04 3.357791e+04 3.357791e+04 3.357791e+04 3.357790e+04 3.357787e+04 3.357776e+04 3.357768e+04 3.357757e+04 3.357731e+04 3.357697e+04 3.357655e+04 3.357606e+04 3.357549e+04 3.357483e+04 3.357410e+04 3.356907e+04 3.356139e+04 3.355060e+04 3.353654e+04 3.351934e+04 3.349926e+04 3.345163e+04 3.339567e+04 3.333273e+04 3.326364e+04 3.318892e+04 3.310903e+04 3.211670e+04 3.113205e+04 3.049834e+04 3.005559e+04
3.371616e+04 3.371616e+04 3.371616e+04 3.371616e+04 3.371616e+04 3.371616e+04 3.371613e+04 3.371601e+04 3.371593e+04 3.371582e+04 3.371555e+04 3.371520e+04 3.371477e+04 3.371425e+04 3.371364e+04 3.371293e+04 3.371210e+04 3.370598e+04 3.369604e+04 3.368219e+04 3.366479e+04 3.364437e+04 3.362146e+04 3.356966e+04 3.351147e+04 3.344785e+04 3.337918e+04 3.330565e+04 3.322741e+04 3.225152e+04 3.125565e+04 3.059137e+04 3.012380e+04
3.382676e+04 3.382676e+04 3.382676e+04 3.382676e+04 3.382676e+04 3.382675e+04 3.382672e+04 3.382660e+04 3.382651e+04 3.382638e+04 3.382602e+04 3.382549e+04 3.382478e+04 3.382388e+04 3.382278e+04 3.382149e+04 3.381998e+04 3.380948e+04 3.379444e+04 3.377576e+04 3.375435e+04 3.373091e+04 3.370589e+04 3.365213e+04 3.359410e+04 3.353192e+04 3.346546e+04 3.339457e+04 3.331922e+04 3.236734e+04 3.136632e+04 3.067559e+04 3.018532e+04
