2.652461e+06 1.481898e+06 1.222044e+06 7.961409e+05 6.417363e+05 3.410732e+05 2.554244e+05 1.936126e+05 1.778381e+05 1.662012e+05 1.498438e+05 1.385457e+05 1.299636e+05 1.230044e+05 1.171118e+05 1.119841e+05 1.074462e+05 9.069001e+04 8.006358e+04 7.283629e+04 6.762916e+04 6.372441e+04 6.073794e+04 5.675525e+04 5.482428e+04 5.461454e+04 5.598277e+04 5.887647e+04 6.329726e+04 1.820633e+05 3.260935e+05 4.129133e+05 4.547212e+05
2.254101e+05 2.254101e+05 2.254099e+05 2.253860e+05 2.252486e+05 2.183497e+05 2.037268e+05 1.746955e+05 1.646425e+05 1.563840e+05 1.436779e+05 1.342316e+05 1.267269e+05 1.204530e+05 1.150255e+05 1.102302e+05 1.059401e+05 8.984558e+04 7.951749e+04 7.246087e+04 6.736209e+04 6.353052e+04 6.059580e+04 5.668040e+04 5.479186e+04 5.461312e+04 5.600708e+04 5.892426e+04 6.336789e+04 1.823386e+05 3.263868e+05 4.131349e+05 4.548698e+05
1.720579e+05 1.720580e+05 1.720580e+05 1.720565e+05 1.720436e+05 1.706711e+05 1.670997e+05 1.569220e+05 1.504932e+05 1.451411e+05 1.364360e+05 1.291946e+05 1.229872e+05 1.175346e+05 1.126603e+05 1.082572e+05 1.042579e+05 8.892861e+04 7.893597e+04 7.206639e+04 6.708409e+04 6.333006e+04 6.044960e+04 5.660406e+04 5.475914e+04 5.461211e+04 5.603226e+04 5.897330e+04 6.344005e+04 1.826165e+05 3.266819e+05 4.133572e+05 4.550187e+05
1.486381e+05 1.486381e+05 1.486382e+05 1.486381e+05 1.486354e+05 1.482665e+05 1.463615e+05 1.428277e+05 1.399268e+05 1.362884e+05 1.294052e+05 1.238793e+05 1.189360e+05 1.143432e+05 1.100665e+05 1.060943e+05 1.024173e+05 8.794230e+04 7.832028e+04 7.165352e+04 6.679552e+04 6.312324e+04 6.029949e+04 5.652628e+04 5.472616e+04 5.461152e+04 5.605835e+04 5.902359e+04 6.351377e+04 1.828971e+05 3.269787e+05 4.135803e+05 4.551680e+05
1.346436e+05 1.346436e+05 1.346436e+05 1.346437e+05 1.346431e+05 1.345066e+05 1.336417e+05 1.311166e+05 1.301358e+05 1.285839e+05 1.239762e+05 1.191517e+05 1.149111e+05 1.110337e+05 1.073233e+05 1.037855e+05 1.004446e+05 8.689121e+04 7.767210e+04 7.122308e+04 6.649684e+04 6.291034e+04 6.014562e+04 5.644713e+04 5.469297e+04 5.461139e+04 5.608536e+04 5.907517e+04 6.358908e+04 1.831804e+05 3.272771e+05 4.138043e+05 4.553176e+05
1.250985e+05 1.250985e+05 1.250985e+05 1.250988e+05 1.250990e+05 1.250461e+05 1.246434e+05 1.227178e+05 1.220164e+05 1.213655e+05 1.189861e+05 1.153378e+05 1.114723e+05 1.078664e+05 1.045578e+05 1.013995e+05 9.838007e+04 8.578159e+04 7.699354e+04 7.077603e+04 6.618854e+04 6.269163e+04 5.998816e+04 5.636669e+04 5.465959e+04 5.461175e+04 5.611332e+04 5.912806e+04 6.366600e+04 1.834666e+05 3.275773e+05 4.140291e+05 4.554675e+05
1.181598e+05 1.181598e+05 1.181598e+05 1.181600e+05 1.181603e+05 1.181335e+05 1.179207e+05 1.165716e+05 1.158550e+05 1.153279e+05 1.140828e+05 1.117025e+05 1.085178e+05 1.051710e+05 1.019796e+05 9.904240e+04 9.628458e+04 8.462212e+04 7.628727e+04 7.031352e+04 6.587121e+04 6.246744e+04 5.982730e+04 5.628503e+04 5.462608e+04 5.461263e+04 5.614226e+04 5.918228e+04 6.374455e+04 1.837554e+05 3.278792e+05 4.142547e+05 4.556178e+05
1.128214e+05 1.128214e+05 1.128214e+05 1.128216e+05 1.128219e+05 1.128102e+05 1.126919e+05 1.117830e+05 1.111113e+05 1.105260e+05 1.095471e+05 1.080201e+05 1.056155e+05 1.027167e+05 9.973444e+04 9.688334e+04 9.424873e+04 8.342462e+04 7.555661e+04 6.983687e+04 6.554548e+04 6.223809e+04 5.966324e+04 5.620224e+04 5.459248e+04 5.461406e+04 5.617220e+04 5.923787e+04 6.382477e+04 1.840471e+05 3.281828e+05 4.144811e+05 4.557685e+05
1.085690e+05 1.085690e+05 1.085690e+05 1.085693e+05 1.085698e+05 1.085691e+05 1.085049e+05 1.078629e+05 1.072605e+05 1.066248e+05 1.055463e+05 1.043843e+05 1.026177e+05 1.002578e+05 9.761103e+04 9.494406e+04 9.240155e+04 8.220486e+04 7.480570e+04 6.934766e+04 6.521207e+04 6.200397e+04 5.949617e+04 5.611839e+04 5.455883e+04 5.461607e+04 5.620318e+04 5.929485e+04 6.390667e+04 1.843415e+05 3.284881e+05 4.147083e+05 4.559194e+05
1.051345e+05 1.051345e+05 1.051345e+05 1.051347e+05 1.051351e+05 1.051346e+05 1.050793e+05 1.044860e+05 1.039135e+05 1.032507e+05 1.020140e+05 1.009198e+05 9.955705e+04 9.770285e+04 9.546686e+04 9.307272e+04 9.069745e+04 8.098331e+04 7.403962e+04 6.884771e+04 6.487179e+04 6.176549e+04 5.932634e+04 5.603357e+04 5.452518e+04 5.461870e+04 5.623522e+04 5.935324e+04 6.399029e+04 1.846387e+05 3.287951e+05 4.149364e+05 4.560707e+05
1.022858e+05 1.022858e+05 1.022858e+05 1.022860e+05 1.022861e+05 1.022316e+05 1.020354e+05 1.012974e+05 1.007396e+05 1.000910e+05 9.878966e+04 9.767270e+04 9.652604e+04 9.506923e+04 9.324735e+04 9.118328e+04 8.903771e+04 7.978614e+04 7.326458e+04 6.833916e+04 6.452557e+04 6.152308e+04 5.915398e+04 5.594786e+04 5.449157e+04 5.462197e+04 5.626834e+04 5.941306e+04 6.407564e+04 1.849388e+05 3.291039e+05 4.151652e+05 4.562224e+05
7.614710e+04 7.614711e+04 7.614711e+04 7.614712e+04 7.614714e+04 7.614697e+04 7.614305e+04 7.610905e+04 7.607230e+04 7.601727e+04 7.583226e+04 7.552111e+04 7.509146e+04 7.459276e+04 7.407917e+04 7.358034e+04 7.309685e+04 7.030071e+04 6.676127e+04 6.356071e+04 6.104257e+04 5.902334e+04 5.736214e+04 5.506615e+04 5.416900e+04 5.469746e+04 5.666537e+04 6.009608e+04 6.503016e+04 1.880981e+05 3.322867e+05 4.174980e+05 4.577572e+05
6.577275e+04 6.577275e+04 6.577275e+04 6.577277e+04 6.577283e+04 6.577421e+04 6.577659e+04 6.577876e+04 6.577736e+04 6.577321e+04 6.574849e+04 6.568371e+04 6.556084e+04 6.537383e+04 6.513020e+04 6.484747e+04 6.454698e+04 6.322922e+04 6.206811e+04 6.052047e+04 5.876943e+04 5.715493e+04 5.584371e+04 5.425890e+04 5.392116e+04 5.487967e+04 5.720361e+04 6.095203e+04 6.618613e+04 1.915557e+05 3.356439e+05 4.199107e+05 4.593241e+05
6.150815e+04 6.150815e+04 6.150815e+04 6.150817e+04 6.150821e+04 6.150939e+04 6.151264e+04 6.152312e+04 6.152950e+04 6.153574e+04 6.154165e+04 6.152527e+04 6.147301e+04 6.137841e+04 6.124147e+04 6.106658e+04 6.086104e+04 5.969004e+04 5.877696e+04 5.802790e+04 5.714455e+04 5.612891e+04 5.515217e+04 5.386899e+04 5.388017e+04 5.523501e+04 5.792534e+04 6.201338e+04 6.757167e+04 1.953246e+05 3.391765e+05 4.224016e+05 4.609216e+05
5.986938e+04 5.986938e+04 5.986938e+04 5.986939e+04 5.986941e+04 5.987008e+04 5.987153e+04 5.987164e+04 5.986905e+04 5.986420e+04 5.984376e+04 5.979924e+04 5.972141e+04 5.960749e+04 5.946002e+04 5.928419e+04 5.908590e+04 5.794599e+04 5.693573e+04 5.624838e+04 5.574313e+04 5.525306e+04 5.475023e+04 5.404471e+04 5.430971e+04 5.589450e+04 5.890360e+04 6.332870e+04 6.922369e+04 1.994165e+05 3.428845e+05 4.249688e+05 4.625480e+05
5.819912e+04 5.819912e+04 5.819912e+04 5.819913e+04 5.819913e+04 5.819934e+04 5.819976e+04 5.820050e+04 5.820058e+04 5.819997e+04 5.819224e+04 5.816582e+04 5.811153e+04 5.802674e+04 5.791402e+04 5.777840e+04 5.762534e+04 5.673996e+04 5.587789e+04 5.522681e+04 5.482506e+04 5.459673e+04 5.446357e+04 5.447070e+04 5.519653e+04 5.705550e+04 6.027361e+04 6.497708e+04 7.119662e+04 2.038415e+05 3.467667e+05 4.276097e+05 4.642012e+05
5.693092e+04 5.693092e+04 5.693092e+04 5.693093e+04 5.693096e+04 5.693188e+04 5.693465e+04 5.694525e+04 5.695289e+04 5.696155e+04 5.697756e+04 5.698188e+04 5.696504e+04 5.692343e+04 5.685828e+04 5.677332e+04 5.667299e+04 5.605787e+04 5.541242e+04 5.486719e+04 5.451849e+04 5.439256e+04 5.446088e+04 5.506711e+04 5.636651e+04 5.864338e+04 6.216103e+04 6.709604e+04 7.357534e+04 2.086088e+05 3.508208e+05 4.303214e+05 4.658792e+05
5.706443e+04 5.706443e+04 5.706443e+04 5.706443e+04 5.706444e+04 5.706470e+04 5.706541e+04 5.706802e+04 5.706987e+04 5.707176e+04 5.707194e+04 5.705881e+04 5.702457e+04 5.696712e+04 5.688881e+04 5.679417e+04 5.668805e+04 5.610404e+04 5.555646e+04 5.510294e+04 5.480978e+04 5.473775e+04 5.490788e+04 5.592511e+04 5.777843e+04 6.056303e+04 6.448555e+04 6.974491e+04 7.649210e+04 2.137267e+05 3.550436e+05 4.331004e+05 4.675795e+05
5.753440e+04 5.753440e+04 5.753440e+04 5.753441e+04 5.753443e+04 5.753518e+04 5.753755e+04 5.754672e+04 5.755309e+04 5.755999e+04 5.757100e+04 5.756890e+04 5.754524e+04 5.749753e+04 5.742804e+04 5.734140e+04 5.724274e+04 5.670115e+04 5.622570e+04 5.586157e+04 5.564509e+04 5.563537e+04 5.587884e+04 5.717318e+04 5.948656e+04 6.279141e+04 6.719113e+04 7.285787e+04 7.995360e+04 2.192043e+05 3.594307e+05 4.359430e+05 4.692998e+05
5.867131e+04 5.867131e+04 5.867131e+04 5.867131e+04 5.867132e+04 5.867155e+04 5.867227e+04 5.867624e+04 5.867982e+04 5.868408e+04 5.869028e+04 5.868373e+04 5.865576e+04 5.860397e+04 5.853098e+04 5.844177e+04 5.834180e+04 5.781747e+04 5.740116e+04 5.712624e+04 5.700429e+04 5.707887e+04 5.740168e+04 5.891061e+04 6.158428e+04 6.536283e+04 7.026258e+04 7.639717e+04 8.391036e+04 2.250514e+05 3.639770e+05 4.388449e+05 4.710374e+05
6.023262e+04 6.023262e+04 6.023262e+04 6.023263e+04 6.023266e+04 6.023359e+04 6.023643e+04 6.024731e+04 6.025498e+04 6.026357e+04 6.027905e+04 6.028233e+04 6.026424e+04 6.022195e+04 6.015780e+04 6.007674e+04 5.998429e+04 5.949597e+04 5.913249e+04 5.893800e+04 5.891326e+04 5.908522e+04 5.949923e+04 6.120297e+04 6.416160e+04 6.834292e+04 7.372087e+04 8.034995e+04 8.833305e+04 2.312805e+05 3.686765e+05 4.418016e+05 4.727894e+05
6.271274e+04 6.271274e+04 6.271274e+04 6.271274e+04 6.271275e+04 6.271314e+04 6.271430e+04 6.271950e+04 6.272389e+04 6.272919e+04 6.273791e+04 6.273344e+04 6.270597e+04 6.265271e+04 6.257652e+04 6.248305e+04 6.237854e+04 6.185090e+04 6.149770e+04 6.135938e+04 6.142092e+04 6.169069e+04 6.220157e+04 6.409512e+04 6.728905e+04 7.180288e+04 7.761042e+04 8.472705e+04 9.320814e+04 2.379076e+05 3.735231e+05 4.448084e+05 4.745531e+05
6.572094e+04 6.572094e+04 6.572094e+04 6.572095e+04 6.572099e+04 6.572219e+04 6.572573e+04 6.573823e+04 6.574672e+04 6.575603e+04 6.577170e+04 6.577191e+04 6.574640e+04 6.569254e+04 6.561378e+04 6.551650e+04 6.540763e+04 6.486630e+04 6.453047e+04 6.444262e+04 6.458022e+04 6.494026e+04 6.554499e+04 6.762139e+04 7.101709e+04 7.580414e+04 8.198347e+04 8.955654e+04 9.853802e+04 2.449550e+05 3.785102e+05 4.478600e+05 4.763253e+05
6.941475e+04 6.941475e+04 6.941475e+04 6.941476e+04 6.941481e+04 6.941648e+04 6.942161e+04 6.944052e+04 6.945334e+04 6.946744e+04 6.949341e+04 6.950365e+04 6.948684e+04 6.943990e+04 6.936629e+04 6.927266e+04 6.916632e+04 6.863249e+04 6.831267e+04 6.825922e+04 6.845146e+04 6.888256e+04 6.956751e+04 7.180937e+04 7.537995e+04 8.039271e+04 8.688811e+04 9.487420e+04 1.043378e+05 2.524555e+05 3.836314e+05 4.509514e+05 4.781030e+05
7.424733e+04 7.424733e+04 7.424733e+04 7.424734e+04 7.424737e+04 7.424841e+04 7.425164e+04 7.426451e+04 7.427398e+04 7.428482e+04 7.430454e+04 7.430814e+04 7.428328e+04 7.422641e+04 7.414106e+04 7.403429e+04 7.391390e+04 7.331098e+04 7.294472e+04 7.287624e+04 7.308418e+04 7.355654e+04 7.430001e+04 7.667959e+04 8.039883e+04 8.559861e+04 9.236150e+04 1.007147e+05 1.106295e+05 2.604665e+05 3.888805e+05 4.540773e+05 4.798831e+05
8.010547e+04 8.010547e+04 8.010547e+04 8.010548e+04 8.010549e+04 8.010600e+04 8.010798e+04 8.011798e+04 8.012606e+04 8.013544e+04 8.015113e+04 8.014720e+04 8.010959e+04 8.003442e+04 7.992597e+04 7.979253e+04 7.964325e+04 7.889642e+04 7.842553e+04 7.829992e+04 7.849152e+04 7.897940e+04 7.976028e+04 8.224482e+04 8.608389e+04 9.143704e+04 9.842710e+04 1.071053e+05 1.174354e+05 2.689921e+05 3.942521e+05 4.572325e+05 4.816625e+05
8.664531e+04 8.664531e+04 8.664531e+04 8.664533e+04 8.664537e+04 8.664673e+04 8.665079e+04 8.666543e+04 8.667555e+04 8.668668e+04 8.670438e+04 8.669902e+04 8.665522e+04 8.656881e+04 8.644461e+04 8.629187e+04 8.612076e+04 8.525539e+04 8.468799e+04 8.450258e+04 8.466859e+04 8.515801e+04 8.595913e+04 8.851125e+04 9.243522e+04 9.790953e+04 1.050940e+05 1.140625e+05 1.247735e+05 2.779687e+05 3.997422e+05 4.604120e+05 4.834379e+05
9.399377e+04 9.399377e+04 9.399377e+04 9.399378e+04 9.399381e+04 9.399477e+04 9.399807e+04 9.401214e+04 9.402269e+04 9.403464e+04 9.405398e+04 9.404783e+04 9.399851e+04 9.390107e+04 9.376076e+04 9.358789e+04 9.339389e+04 9.240605e+04 9.174296e+04 9.149797e+04 9.163269e+04 9.210989e+04 9.291041e+04 9.547919e+04 9.944227e+04 1.050042e+05 1.123571e+05 1.215904e+05 1.326536e+05 2.873414e+05 4.053481e+05 4.636110e+05 4.852064e+05
1.022822e+05 1.022822e+05 1.022822e+05 1.022822e+05 1.022822e+05 1.022828e+05 1.022848e+05 1.022952e+05 1.023037e+05 1.023134e+05 1.023272e+05 1.023123e+05 1.022494e+05 1.021334e+05 1.019702e+05 1.017714e+05 1.015496e+05 1.004244e+05 9.965739e+04 9.934228e+04 9.942748e+04 9.986484e+04 1.006297e+05 1.031392e+05 1.070812e+05 1.126952e+05 1.201977e+05 1.296808e+05 1.410762e+05 2.970555e+05 4.110695e+05 4.668249e+05 4.869648e+05
1.114485e+05 1.114485e+05 1.114485e+05 1.114485e+05 1.114486e+05 1.114502e+05 1.114554e+05 1.114756e+05 1.114902e+05 1.115063e+05 1.115321e+05 1.115251e+05 1.114631e+05 1.113400e+05 1.111623e+05 1.109430e+05 1.106963e+05 1.094251e+05 1.085289e+05 1.081098e+05 1.081021e+05 1.084477e+05 1.091201e+05 1.114633e+05 1.153105e+05 1.209419e+05 1.285842e+05 1.383140e+05 1.500319e+05 3.070551e+05 4.169094e+05 4.700499e+05 4.887104e+05
1.219703e+05 1.219703e+05 1.219703e+05 1.219703e+05 1.219704e+05 1.219719e+05 1.219767e+05 1.219950e+05 1.220077e+05 1.220214e+05 1.220397e+05 1.220194e+05 1.219364e+05 1.217845e+05 1.215714e+05 1.213118e+05 1.210217e+05 1.195287e+05 1.184404e+05 1.178515e+05 1.176769e+05 1.178508e+05 1.183515e+05 1.203947e+05 1.240678e+05 1.296885e+05 1.374734e+05 1.474605e+05 1.595026e+05 3.172837e+05 4.228761e+05 4.732824e+05 4.904403e+05
1.335635e+05 1.335635e+05 1.335635e+05 1.335635e+05 1.335636e+05 1.335656e+05 1.335717e+05 1.335949e+05 1.336111e+05 1.336286e+05 1.336535e+05 1.336342e+05 1.335427e+05 1.333714e+05 1.331287e+05 1.328311e+05 1.324966e+05 1.307438e+05 1.293946e+05 1.285480e+05 1.281068e+05 1.280072e+05 1.282412e+05 1.298403e+05 1.332681e+05 1.388662e+05 1.468137e+05 1.570834e+05 1.694626e+05 3.276851e+05 4.289906e+05 4.765197e+05 4.921521e+05
1.464791e+05 1.464791e+05 1.464791e+05 1.464791e+05 1.464791e+05 1.464804e+05 1.464842e+05 1.464992e+05 1.465097e+05 1.465207e+05 1.465285e+05 1.464844e+05 1.463583e+05 1.461423e+05 1.458465e+05 1.454893e+05 1.450910e+05 1.429957e+05 1.412957e+05 1.400827e+05 1.392575e+05 1.387723e+05 1.386430e+05 1.396695e+05 1.428075e+05 1.483974e+05 1.565484e+05 1.671415e+05 1.798810e+05 3.382046e+05 4.352617e+05 4.797601e+05 4.938433e+05
1.600567e+05 1.600567e+05 1.600567e+05 1.600567e+05 1.600568e+05 1.600589e+05 1.600657e+05 1.600919e+05 1.601104e+05 1.601302e+05 1.601557e+05 1.601229e+05 1.599957e+05 1.597639e+05 1.594372e+05 1.590357e+05 1.585817e+05 1.561025e+05 1.539367e+05 1.522250e+05 1.508925e+05 1.499190e+05 1.493490e+05 1.497230e+05 1.525722e+05 1.582029e+05 1.666213e+05 1.775924e+05 1.907238e+05 3.487898e+05 4.416427e+05 4.830026e+05 4.955119e+05
1.750224e+05 1.750224e+05 1.750224e+05 1.750224e+05 1.750224e+05 1.750232e+05 1.750256e+05 1.750347e+05 1.750409e+05 1.750463e+05 1.750347e+05 1.749504e+05 1.747541e+05 1.744354e+05 1.740066e+05 1.734912e+05 1.729147e+05 1.697750e+05 1.669516e+05 1.646075e+05 1.626758e+05 1.611547e+05 1.601118e+05 1.598336e+05 1.624534e+05 1.682107e+05 1.769818e+05 1.883961e+05 2.019552e+05 3.593910e+05 4.480947e+05 4.862476e+05 4.971562e+05
1.896551e+05 1.896551e+05 1.896551e+05 1.896551e+05 1.896552e+05 1.896559e+05 1.896581e+05 1.896670e+05 1.896731e+05 1.896778e+05 1.896605e+05 1.895567e+05 1.893202e+05 1.889379e+05 1.884237e+05 1.878046e+05 1.871103e+05 1.832852e+05 1.797645e+05 1.767667e+05 1.742349e+05 1.721825e+05 1.706968e+05 1.698582e+05 1.723645e+05 1.783663e+05 1.875900e+05 1.995173e+05 2.135395e+05 3.699614e+05 4.545829e+05 4.894968e+05 4.987746e+05
2.037653e+05 2.037653e+05 2.037653e+05 2.037653e+05 2.037653e+05 2.037649e+05 2.037638e+05 2.037595e+05 2.037559e+05 2.037490e+05 2.037006e+05 2.035501e+05 2.032467e+05 2.027772e+05 2.021580e+05 2.014204e+05 2.005983e+05 1.960964e+05 1.919378e+05 1.883607e+05 1.853063e+05 1.828004e+05 1.809504e+05 1.797098e+05 1.822569e+05 1.886388e+05 1.984193e+05 2.109262e+05 2.254411e+05 3.804577e+05 4.610750e+05 4.927540e+05 5.003662e+05
2.164535e+05 2.164535e+05 2.164535e+05 2.164535e+05 2.164535e+05 2.164545e+05 2.164577e+05 2.164695e+05 2.164771e+05 2.164825e+05 2.164572e+05 2.163181e+05 2.160058e+05 2.155034e+05 2.148290e+05 2.140175e+05 2.131075e+05 2.080736e+05 2.033812e+05 1.993185e+05 1.958329e+05 1.929644e+05 1.908404e+05 1.893752e+05 1.921266e+05 1.990237e+05 2.094570e+05 2.225983e+05 2.376236e+05 3.908395e+05 4.675401e+05 4.960257e+05 5.019302e+05
2.290243e+05 2.290243e+05 2.290243e+05 2.290243e+05 2.290243e+05 2.290247e+05 2.290260e+05 2.290314e+05 2.290347e+05 2.290349e+05 2.289936e+05 2.288239e+05 2.284604e+05 2.278853e+05 2.271197e+05 2.262029e+05 2.251783e+05 2.195440e+05 2.143171e+05 2.098021e+05 2.059374e+05 2.027701e+05 2.004440e+05 1.989079e+05 2.020095e+05 2.095383e+05 2.207005e+05 2.345114e+05 2.500486e+05 4.010696e+05 4.739494e+05 4.993240e+05 5.034665e+05
2.411455e+05 2.411455e+05 2.411455e+05 2.411455e+05 2.411456e+05 2.411465e+05 2.411493e+05 2.411603e+05 2.411674e+05 2.411718e+05 2.411361e+05 2.409600e+05 2.405700e+05 2.399459e+05 2.391100e+05 2.381056e+05 2.369805e+05 2.307728e+05 2.250087e+05 2.200436e+05 2.158170e+05 2.123834e+05 2.098998e+05 2.084040e+05 2.119678e+05 2.202137e+05 2.321516e+05 2.466421e+05 2.626730e+05 4.111140e+05 4.802761e+05 5.026639e+05 5.049752e+05
2.536191e+05 2.536191e+05 2.536191e+05 2.536191e+05 2.536191e+05 2.536194e+05 2.536203e+05 2.536242e+05 2.536266e+05 2.536250e+05 2.535708e+05 2.533601e+05 2.529130e+05 2.522083e+05 2.512715e+05 2.501510e+05 2.488996e+05 2.420323e+05 2.356916e+05 2.302596e+05 2.256689e+05 2.219800e+05 2.193619e+05 2.179755e+05 2.220732e+05 2.310836e+05 2.438096e+05 2.589614e+05 2.754468e+05 4.209418e+05 4.864958e+05 5.060244e+05 5.064574e+05
2.658633e+05 2.658633e+05 2.658633e+05 2.658633e+05 2.658633e+05 2.658648e+05 2.658693e+05 2.658868e+05 2.658986e+05 2.659074e+05 2.658717e+05 2.656670e+05 2.652040e+05 2.644581e+05 2.634563e+05 2.622509e+05 2.608996e+05 2.534411e+05 2.465331e+05 2.406260e+05 2.356635e+05 2.317185e+05 2.289734e+05 2.277292e+05 2.323928e+05 2.421746e+05 2.556649e+05 2.714306e+05 2.883114e+05 4.305255e+05 4.925866e+05 5.093853e+05 5.079144e+05
2.790601e+05 2.790601e+05 2.790601e+05 2.790601e+05 2.790601e+05 2.790604e+05 2.790614e+05 2.790653e+05 2.790674e+05 2.790648e+05 2.789984e+05 2.787457e+05 2.782117e+05 2.773711e+05 2.762544e+05 2.749191e+05 2.734281e+05 2.652495e+05 2.577140e+05 2.512985e+05 2.459433e+05 2.417302e+05 2.388537e+05 2.377541e+05 2.429775e+05 2.534980e+05 2.676936e+05 2.839991e+05 3.011988e+05 4.398413e+05 4.985298e+05 5.127306e+05 5.093485e+05
2.922555e+05 2.922555e+05 2.922555e+05 2.922555e+05 2.922555e+05 2.922570e+05 2.922617e+05 2.922800e+05 2.922922e+05 2.923007e+05 2.922543e+05 2.920073e+05 2.914546e+05 2.905670e+05 2.893768e+05 2.879459e+05 2.863425e+05 2.775008e+05 2.693294e+05 2.623819e+05 2.566115e+05 2.521130e+05 2.490925e+05 2.481144e+05 2.538559e+05 2.650450e+05 2.798551e+05 2.966037e+05 3.140328e+05 4.488693e+05 5.043094e+05 5.160461e+05 5.107629e+05
3.065652e+05 3.065652e+05 3.065652e+05 3.065652e+05 3.065652e+05 3.065657e+05 3.065670e+05 3.065722e+05 3.065752e+05 3.065726e+05 3.064958e+05 3.062000e+05 3.055734e+05 3.045860e+05 3.032736e+05 3.017036e+05 2.999500e+05 2.903244e+05 2.814602e+05 2.739465e+05 2.677357e+05 2.629318e+05 2.597492e+05 2.588472e+05 2.650321e+05 2.767857e+05 2.920925e+05 3.091705e+05 3.267315e+05 4.575941e+05 5.099126e+05 5.193189e+05 5.121623e+05
3.210089e+05 3.210089e+05 3.210089e+05 3.210089e+05 3.210089e+05 3.210104e+05 3.210148e+05 3.210320e+05 3.210430e+05 3.210490e+05 3.209853e+05 3.206864e+05 3.200306e+05 3.189846e+05 3.175862e+05 3.159077e+05 3.140286e+05 3.036767e+05 2.941192e+05 2.860224e+05 2.793523e+05 2.742238e+05 2.708571e+05 2.699642e+05 2.764863e+05 2.886711e+05 3.043362e+05 3.216191e+05 3.392119e+05 4.660047e+05 5.153300e+05 5.225369e+05 5.135538e+05
3.364296e+05 3.364296e+05 3.364296e+05 3.364296e+05 3.364296e+05 3.364302e+05 3.364319e+05 3.364397e+05 3.364447e+05 3.364437e+05 3.363593e+05 3.360216e+05 3.353007e+05 3.341614e+05 3.326446e+05 3.308281e+05 3.287974e+05 3.176301e+05 3.073344e+05 2.986287e+05 2.914803e+05 2.860073e+05 2.824293e+05 2.814561e+05 2.881805e+05 3.006393e+05 3.165106e+05 3.338696e+05 3.513965e+05 4.740955e+05 5.205548e+05 5.256892e+05 5.149488e+05
3.522735e+05 3.522735e+05 3.522735e+05 3.522735e+05 3.522735e+05 3.522745e+05 3.522775e+05 3.522888e+05 3.522955e+05 3.522956e+05 3.522070e+05 3.518462e+05 3.510741e+05 3.498531e+05 3.482272e+05 3.462797e+05 3.441024e+05 3.321270e+05 3.210885e+05 3.117664e+05 3.041280e+05 2.982902e+05 2.944674e+05 2.933003e+05 3.000663e+05 3.126248e+05 3.285433e+05 3.458504e+05 3.632194e+05 4.818659e+05 5.255833e+05 5.287655e+05 5.163402e+05
3.686020e+05 3.686020e+05 3.686020e+05 3.686020e+05 3.686021e+05 3.686033e+05 3.686071e+05 3.686220e+05 3.686312e+05 3.686337e+05 3.685451e+05 3.681673e+05 3.673514e+05 3.660568e+05 3.643300e+05 3.622595e+05 3.599429e+05 3.471821e+05 3.354041e+05 3.254582e+05 3.173139e+05 3.110827e+05 3.069700e+05 3.054692e+05 3.120953e+05 3.245687e+05 3.403741e+05 3.575061e+05 3.746328e+05 4.893206e+05 5.304144e+05 5.317568e+05 5.177154e+05
3.859238e+05 3.859238e+05 3.859238e+05 3.859238e+05 3.859239e+05 3.859249e+05 3.859280e+05 3.859404e+05 3.859478e+05 3.859476e+05 3.858459e+05 3.854339e+05 3.845531e+05 3.831607e+05 3.813066e+05 3.790860e+05 3.766031e+05 3.629452e+05 3.503615e+05 3.397519e+05 3.310665e+05 3.243980e+05 3.199363e+05 3.179380e+05 3.242288e+05 3.364285e+05 3.519638e+05 3.688043e+05 3.856121e+05 4.964693e+05 5.350493e+05 5.346546e+05 5.190656e+05
4.038532e+05 4.038532e+05 4.038532e+05 4.038532e+05 4.038532e+05 4.038541e+05 4.038567e+05 4.038673e+05 4.038733e+05 4.038708e+05 4.037573e+05 4.033132e+05 4.023705e+05 4.008839e+05 3.989067e+05 3.965403e+05 3.938955e+05 3.793540e+05 3.659595e+05 3.546646e+05 3.454019e+05 3.382437e+05 3.333636e+05 3.306893e+05 3.364445e+05 3.481849e+05 3.632994e+05 3.797392e+05 3.961578e+05 5.033268e+05 5.394915e+05 5.374517e+05 5.203829e+05
4.222877e+05 4.222877e+05 4.222877e+05 4.222877e+05 4.222877e+05 4.222892e+05 4.222940e+05 4.223126e+05 4.223245e+05 4.223285e+05 4.222240e+05 4.217714e+05 4.207907e+05 4.192326e+05 4.171527e+05 4.146578e+05 4.118650e+05 3.964657e+05 3.822406e+05 3.702219e+05 3.603317e+05 3.526213e+05 3.472473e+05 3.437153e+05 3.487398e+05 3.598436e+05 3.743952e+05 3.903319e+05 4.062959e+05 5.099120e+05 5.437461e+05 5.401416e+05 5.216607e+05
4.421793e+05 4.421793e+05 4.421793e+05 4.421793e+05 4.421793e+05 4.421799e+05 4.421815e+05 4.421888e+05 4.421926e+05 4.421869e+05 4.420526e+05 4.415452e+05 4.404749e+05 4.387907e+05 4.365526e+05 4.338745e+05 4.308815e+05 4.144186e+05 3.992415e+05 3.864229e+05 3.758435e+05 3.675169e+05 3.615765e+05 3.570168e+05 3.611303e+05 3.714333e+05 3.852898e+05 4.006274e+05 4.160741e+05 5.162473e+05 5.478195e+05 5.427189e+05 5.228925e+05
4.623614e+05 4.623614e+05 4.623614e+05 4.623614e+05 4.623614e+05 4.623619e+05 4.623635e+05 4.623709e+05 4.623746e+05 4.623679e+05 4.622237e+05 4.616834e+05 4.605464e+05 4.587588e+05 4.563840e+05 4.535431e+05 4.503683e+05 4.329067e+05 4.168038e+05 4.031828e+05 3.918890e+05 3.829026e+05 3.763370e+05 3.706031e+05 3.736458e+05 3.830005e+05 3.960406e+05 4.106886e+05 4.255571e+05 5.223583e+05 5.517197e+05 5.451789e+05 5.240724e+05
4.827057e+05 4.827057e+05 4.827057e+05 4.827058e+05 4.827058e+05 4.827070e+05 4.827109e+05 4.827260e+05 4.827349e+05 4.827335e+05 4.825949e+05 4.820413e+05 4.808604e+05 4.789949e+05 4.765109e+05 4.735352e+05 4.702069e+05 4.518645e+05 4.348973e+05 4.204863e+05 4.084584e+05 3.987724e+05 3.915290e+05 3.844927e+05 3.863260e+05 3.946021e+05 4.067162e+05 4.205901e+05 4.348206e+05 5.282722e+05 5.554550e+05 5.475181e+05 5.251952e+05
5.041804e+05 5.041804e+05 5.041804e+05 5.041804e+05 5.041804e+05 5.041819e+05 5.041864e+05 5.042042e+05 5.042150e+05 5.042151e+05 5.040728e+05 5.034928e+05 5.022509e+05 5.002862e+05 4.976682e+05 4.945305e+05 4.910199e+05 4.716562e+05 4.537122e+05 4.384253e+05 4.255936e+05 4.151467e+05 4.071670e+05 3.987106e+05 3.992148e+05 4.062995e+05 4.173897e+05 4.304111e+05 4.439452e+05 5.340178e+05 5.590345e+05 5.497337e+05 5.262556e+05
5.270640e+05 5.270640e+05 5.270640e+05 5.270640e+05 5.270640e+05 5.270646e+05 5.270665e+05 5.270746e+05 5.270785e+05 5.270700e+05 5.268989e+05 5.262619e+05 5.249228e+05 5.228180e+05 5.200220e+05 5.166767e+05 5.129375e+05 4.923422e+05 4.732693e+05 4.570031e+05 4.432939e+05 4.320270e+05 4.232585e+05 4.132810e+05 4.123554e+05 4.181520e+05 4.281323e+05 4.402294e+05 4.530107e+05 5.396236e+05 5.624674e+05 5.518236e+05 5.272491e+05
5.502324e+05 5.502324e+05 5.502324e+05 5.502324e+05 5.502324e+05 5.502330e+05 5.502349e+05 5.502422e+05 5.502449e+05 5.502340e+05 5.500483e+05 5.493697e+05 5.479498e+05 5.457218e+05 5.427644e+05 5.392275e+05 5.352749e+05 5.135072e+05 4.933358e+05 4.760972e+05 4.614995e+05 4.493895e+05 4.398006e+05 4.282251e+05 4.257862e+05 4.302133e+05 4.390089e+05 4.501172e+05 4.620922e+05 5.451177e+05 5.657628e+05 5.537866e+05 5.281713e+05
5.733796e+05 5.733796e+05 5.733796e+05 5.733796e+05 5.733796e+05 5.733808e+05 5.733844e+05 5.733984e+05 5.734059e+05 5.733999e+05 5.732179e+05 5.725203e+05 5.710455e+05 5.687228e+05 5.656345e+05 5.619372e+05 5.578028e+05 5.350053e+05 5.138324e+05 4.956711e+05 4.801987e+05 4.672354e+05 4.568023e+05 4.435630e+05 4.395393e+05 4.425279e+05 4.500752e+05 4.601375e+05 4.712566e+05 5.505268e+05 5.689297e+05 5.556221e+05 5.290183e+05
5.973524e+05 5.973524e+05 5.973524e+05 5.973524e+05 5.973525e+05 5.973540e+05 5.973586e+05 5.973769e+05 5.973872e+05 5.973838e+05 5.971995e+05 5.964752e+05 5.949362e+05 5.925080e+05 5.892768e+05 5.854068e+05 5.810782e+05 5.571952e+05 5.349761e+05 5.158513e+05 4.994631e+05 4.856053e+05 4.742874e+05 4.593101e+05 4.536371e+05 4.551297e+05 4.613758e+05 4.703429e+05 4.805612e+05 5.558756e+05 5.719766e+05 5.573300e+05 5.297865e+05
6.226611e+05 6.226611e+05 6.226611e+05 6.226611e+05 6.226612e+05 6.226627e+05 6.226673e+05 6.226855e+05 6.226955e+05 6.226907e+05 6.224940e+05 6.217289e+05 6.201066e+05 6.175492e+05 6.141473e+05 6.100735e+05 6.055171e+05 5.803715e+05 5.569501e+05 5.367391e+05 5.193415e+05 5.045176e+05 4.922598e+05 4.754661e+05 4.680892e+05 4.680409e+05 4.729440e+05 4.807751e+05 4.900526e+05 5.611859e+05 5.749113e+05 5.589109e+05 5.304728e+05
6.491175e+05 6.491175e+05 6.491175e+05 6.491175e+05 6.491175e+05 6.491185e+05 6.491213e+05 6.491326e+05 6.491375e+05 6.491259e+05 6.489035e+05 6.480812e+05 6.463564e+05 6.436476e+05 6.400504e+05 6.357465e+05 6.309349e+05 6.043877e+05 5.796401e+05 5.582429e+05 5.397593e+05 5.239125e+05 5.106727e+05 4.920078e+05 4.828915e+05 4.812727e+05 4.848026e+05 4.914651e+05 4.997673e+05 5.664768e+05 5.777409e+05 5.603657e+05 5.310743e+05
6.758741e+05 6.758741e+05 6.758741e+05 6.758741e+05 6.758741e+05 6.758747e+05 6.758768e+05 6.758848e+05 6.758873e+05 6.758720e+05 6.756314e+05 6.747602e+05 6.729415e+05 6.700899e+05 6.663054e+05 6.617786e+05 6.567181e+05 6.287870e+05 6.027148e+05 5.801258e+05 5.605484e+05 5.436711e+05 5.294431e+05 5.088969e+05 4.980317e+05 4.948289e+05 4.969661e+05 5.024347e+05 5.097319e+05 5.717639e+05 5.804716e+05 5.616957e+05 5.315886e+05
7.025353e+05 7.025353e+05 7.025353e+05 7.025353e+05 7.025353e+05 7.025360e+05 7.025380e+05 7.025458e+05 7.025478e+05 7.025310e+05 7.022771e+05 7.013633e+05 6.994580e+05 6.964720e+05 6.925101e+05 6.877716e+05 6.824748e+05 6.532324e+05 6.259091e+05 6.021895e+05 5.815651e+05 5.636915e+05 5.484997e+05 5.261010e+05 5.134981e+05 5.087098e+05 5.094429e+05 5.136978e+05 5.199643e+05 5.770594e+05 5.831090e+05 5.629026e+05 5.320136e+05
7.290506e+05 7.290506e+05 7.290506e+05 7.290506e+05 7.290506e+05 7.290515e+05 7.290544e+05 7.290656e+05 7.290699e+05 7.290551e+05 7.287965e+05 7.278503e+05 7.258699e+05 7.227620e+05 7.186357e+05 7.136989e+05 7.081792e+05 6.776950e+05 6.491877e+05 6.243981e+05 6.027771e+05 5.839470e+05 5.678216e+05 5.436091e+05 5.292862e+05 5.229158e+05 5.222370e+05 5.252618e+05 5.304744e+05 5.823719e+05 5.856573e+05 5.639881e+05 5.323477e+05
7.558658e+05 7.558658e+05 7.558658e+05 7.558658e+05 7.558659e+05 7.558668e+05 7.558696e+05 7.558811e+05 7.558855e+05 7.558701e+05 7.556009e+05 7.546154e+05 7.525530e+05 7.493163e+05 7.450193e+05 7.398783e+05 7.341305e+05 7.023902e+05 6.727018e+05 6.468547e+05 6.242535e+05 6.044831e+05 5.874384e+05 5.614324e+05 5.453994e+05 5.374473e+05 5.353482e+05 5.371273e+05 5.412646e+05 5.877065e+05 5.881200e+05 5.649542e+05 5.325894e+05
7.831360e+05 7.831360e+05 7.831360e+05 7.831360e+05 7.831360e+05 7.831371e+05 7.831403e+05 7.831529e+05 7.831579e+05 7.831423e+05 7.828633e+05 7.818391e+05 7.796944e+05 7.763279e+05 7.718582e+05 7.665104e+05 7.605314e+05 7.275127e+05 6.966183e+05 6.696917e+05 6.460932e+05 6.253703e+05 6.073982e+05 5.795903e+05 5.618422e+05 5.523015e+05 5.487713e+05 5.492886e+05 5.523300e+05 5.930651e+05 5.904995e+05 5.658031e+05 5.327378e+05
8.110072e+05 8.110072e+05 8.110072e+05 8.110072e+05 8.110073e+05 8.110084e+05 8.110119e+05 8.110256e+05 8.110312e+05 8.110154e+05 8.107263e+05 8.096628e+05 8.074344e+05 8.039360e+05 7.992906e+05 7.937323e+05 7.875176e+05 7.531890e+05 7.210466e+05 6.929972e+05 6.683625e+05 6.466559e+05 6.277326e+05 5.980924e+05 5.786115e+05 5.674690e+05 5.624938e+05 5.617329e+05 5.636586e+05 5.984459e+05 5.927973e+05 5.665368e+05 5.327921e+05
8.395985e+05 8.395985e+05 8.395985e+05 8.395985e+05 8.395986e+05 8.395997e+05 8.396032e+05 8.396168e+05 8.396223e+05 8.396054e+05 8.393039e+05 8.381973e+05 8.358800e+05 8.322425e+05 8.274125e+05 8.216332e+05 8.151710e+05 7.794637e+05 7.460057e+05 7.167760e+05 6.910597e+05 6.683343e+05 6.484333e+05 6.169253e+05 5.956901e+05 5.829299e+05 5.764949e+05 5.744398e+05 5.752313e+05 6.038445e+05 5.950141e+05 5.671575e+05 5.327520e+05
8.688346e+05 8.688346e+05 8.688346e+05 8.688346e+05 8.688346e+05 8.688352e+05 8.688373e+05 8.688452e+05 8.688462e+05 8.688231e+05 8.684964e+05 8.673317e+05 8.649087e+05 8.611146e+05 8.560823e+05 8.500646e+05 8.433381e+05 8.061835e+05 7.713643e+05 7.409236e+05 7.141033e+05 6.903418e+05 6.694488e+05 6.360508e+05 6.130445e+05 5.986527e+05 5.907449e+05 5.873815e+05 5.870226e+05 6.092537e+05 5.971496e+05 5.676674e+05 5.326173e+05
8.979867e+05 8.979867e+05 8.979867e+05 8.979867e+05 8.979867e+05 8.979874e+05 8.979894e+05 8.979972e+05 8.979979e+05 8.979736e+05 8.976342e+05 8.964261e+05 8.939141e+05 8.899809e+05 8.847645e+05 8.785263e+05 8.715530e+05 8.330257e+05 7.968959e+05 7.652762e+05 7.373709e+05 7.125831e+05 6.907021e+05 6.554122e+05 6.306277e+05 6.145958e+05 6.052058e+05 6.005232e+05 5.990009e+05 6.146637e+05 5.992028e+05 5.680685e+05 5.323882e+05
9.269855e+05 9.269855e+05 9.269855e+05 9.269855e+05 9.269855e+05 9.269863e+05 9.269886e+05 9.269975e+05 9.269990e+05 9.269747e+05 9.266257e+05 9.253792e+05 9.227850e+05 9.187218e+05 9.133320e+05 9.068858e+05 8.996794e+05 8.598514e+05 8.224740e+05 7.897223e+05 7.607646e+05 7.349715e+05 7.121152e+05 6.749443e+05 6.483832e+05 6.307094e+05 6.198328e+05 6.138243e+05 6.111293e+05 6.200626e+05 6.011718e+05 5.683628e+05 5.320652e+05
9.560025e+05 9.560025e+05 9.560025e+05 9.560025e+05 9.560025e+05 9.560033e+05 9.560056e+05 9.560144e+05 9.560155e+05 9.559899e+05 9.556285e+05 9.543403e+05 9.516610e+05 9.474657e+05 9.419012e+05 9.352463e+05 9.278068e+05 8.866877e+05 8.480807e+05 8.142166e+05 7.842235e+05 7.574389e+05 7.336176e+05 6.945790e+05 6.662490e+05 6.469374e+05 6.345758e+05 6.272398e+05 6.233671e+05 6.254367e+05 6.030542e+05 5.685522e+05 5.316489e+05
9.849921e+05 9.849921e+05 9.849921e+05 9.849921e+05 9.849922e+05 9.849928e+05 9.849948e+05 9.850023e+05 9.850023e+05 9.849747e+05 9.845992e+05 9.832684e+05 9.805040e+05 9.761773e+05 9.704396e+05 9.635783e+05 9.559081e+05 9.135096e+05 8.736806e+05 8.387096e+05 8.076864e+05 7.799162e+05 7.551365e+05 7.142441e+05 6.841583e+05 6.632199e+05 6.493810e+05 6.407212e+05 6.356705e+05 6.307708e+05 6.048473e+05 5.686385e+05 5.311402e+05
1.013827e+06 1.013827e+06 1.013827e+06 1.013827e+06 1.013827e+06 1.013827e+06 1.013829e+06 1.013837e+06 1.013836e+06 1.013807e+06 1.013418e+06 1.012046e+06 1.009199e+06 1.004744e+06 9.988364e+05 9.917727e+05 9.838762e+05 9.402184e+05 8.991801e+05 8.631100e+05 8.310637e+05 8.023155e+05 7.765864e+05 7.338610e+05 7.020408e+05 6.794943e+05 6.641923e+05 6.542181e+05 6.479939e+05 6.360484e+05 6.065474e+05 5.686233e+05 5.305402e+05
1.042361e+06 1.042361e+06 1.042361e+06 1.042361e+06 1.042361e+06 1.042361e+06 1.042362e+06 1.042367e+06 1.042365e+06 1.042333e+06 1.041930e+06 1.040515e+06 1.037585e+06 1.033003e+06 1.026930e+06 1.019668e+06 1.011550e+06 9.666598e+05 9.244369e+05 8.872886e+05 8.542379e+05 8.245299e+05 7.978695e+05 7.533465e+05 7.198242e+05 6.956970e+05 6.789531e+05 6.676794e+05 6.602907e+05 6.412523e+05 6.081509e+05 5.685083e+05 5.298500e+05
1.070372e+06 1.070372e+06 1.070372e+06 1.070372e+06 1.070372e+06 1.070372e+06 1.070373e+06 1.070378e+06 1.070375e+06 1.070341e+06 1.069925e+06 1.068472e+06 1.065463e+06 1.060759e+06 1.054525e+06 1.047071e+06 1.038739e+06 9.926581e+05 9.492911e+05 9.111027e+05 8.770830e+05 8.464476e+05 8.188856e+05 7.726177e+05 7.374376e+05 7.117655e+05 6.936075e+05 6.810542e+05 6.725143e+05 6.463645e+05 6.096537e+05 5.682950e+05 5.290711e+05
1.097710e+06 1.097710e+06 1.097710e+06 1.097710e+06 1.097710e+06 1.097710e+06 1.097711e+06 1.097713e+06 1.097708e+06 1.097672e+06 1.097241e+06 1.095747e+06 1.092660e+06 1.087838e+06 1.081448e+06 1.073810e+06 1.065272e+06 1.018052e+06 9.736005e+05 9.344277e+05 8.994886e+05 8.679700e+05 8.395454e+05 7.915988e+05 7.548147e+05 7.276406e+05 7.081013e+05 6.942927e+05 6.846186e+05 6.513669e+05 6.110516e+05 5.679846e+05 5.282050e+05
1.124138e+06 1.124138e+06 1.124138e+06 1.124138e+06 1.124138e+06 1.124138e+06 1.124139e+06 1.124141e+06 1.124136e+06 1.124099e+06 1.123659e+06 1.122133e+06 1.118979e+06 1.114052e+06 1.107523e+06 1.099717e+06 1.090992e+06 1.042731e+06 9.972753e+05 9.571835e+05 9.213795e+05 8.890243e+05 8.597787e+05 8.102248e+05 7.718954e+05 7.432668e+05 7.223832e+05 7.073472e+05 6.965591e+05 6.562410e+05 6.123401e+05 5.675785e+05 5.272534e+05
1.149762e+06 1.149762e+06 1.149762e+06 1.149762e+06 1.149762e+06 1.149762e+06 1.149763e+06 1.149766e+06 1.149762e+06 1.149725e+06 1.149278e+06 1.147723e+06 1.144507e+06 1.139482e+06 1.132822e+06 1.124860e+06 1.115960e+06 1.066715e+06 1.020308e+06 9.793428e+05 9.427150e+05 9.095620e+05 8.795325e+05 8.284407e+05 7.886266e+05 7.585934e+05 7.364052e+05 7.201719e+05 7.082923e+05 6.609689e+05 6.135150e+05 5.670780e+05 5.262180e+05
1.174742e+06 1.174742e+06 1.174742e+06 1.174742e+06 1.174742e+06 1.174743e+06 1.174744e+06 1.174746e+06 1.174742e+06 1.174704e+06 1.174246e+06 1.172659e+06 1.169379e+06 1.164254e+06 1.157462e+06 1.149343e+06 1.140266e+06 1.090043e+06 1.042700e+06 1.000883e+06 9.634590e+05 9.295399e+05 8.987601e+05 8.461976e+05 8.049598e+05 7.735735e+05 7.501217e+05 7.327233e+05 7.197769e+05 6.655327e+05 6.145719e+05 5.664841e+05 5.251007e+05
1.198952e+06 1.198952e+06 1.198952e+06 1.198952e+06 1.198952e+06 1.198952e+06 1.198952e+06 1.198952e+06 1.198945e+06 1.198903e+06 1.198431e+06 1.196808e+06 1.193461e+06 1.188235e+06 1.181312e+06 1.173038e+06 1.163789e+06 1.112618e+06 1.064371e+06 1.021738e+06 9.835539e+05 9.489054e+05 9.174122e+05 8.634493e+05 8.208504e+05 7.881634e+05 7.634904e+05 7.449602e+05 7.309732e+05 6.699154e+05 6.155067e+05 5.657980e+05 5.239033e+05
1.222056e+06 1.222056e+06 1.222056e+06 1.222056e+06 1.222056e+06 1.222056e+06 1.222056e+06 1.222056e+06 1.222049e+06 1.222006e+06 1.221526e+06 1.219876e+06 1.216474e+06 1.211161e+06 1.204125e+06 1.195713e+06 1.186311e+06 1.134283e+06 1.085212e+06 1.041826e+06 1.002935e+06 9.676045e+05 9.354404e+05 8.801531e+05 8.362574e+05 8.023226e+05 7.764713e+05 7.568436e+05 7.418434e+05 6.741006e+05 6.163152e+05 5.650207e+05 5.226279e+05
1.244090e+06 1.244090e+06 1.244090e+06 1.244090e+06 1.244090e+06 1.244090e+06 1.244090e+06 1.244090e+06 1.244083e+06 1.244040e+06 1.243553e+06 1.241879e+06 1.238426e+06 1.233035e+06 1.225893e+06 1.217357e+06 1.207814e+06 1.155005e+06 1.105182e+06 1.061105e+06 1.021562e+06 9.855970e+05 9.528056e+05 8.962707e+05 8.511429e+05 8.160136e+05 7.890269e+05 7.683366e+05 7.523519e+05 6.780731e+05 6.169938e+05 5.641532e+05 5.212764e+05
1.265133e+06 1.265133e+06 1.265133e+06 1.265133e+06 1.265133e+06 1.265133e+06 1.265133e+06 1.265133e+06 1.265125e+06 1.265082e+06 1.264588e+06 1.262891e+06 1.259390e+06 1.253925e+06 1.246686e+06 1.238032e+06 1.228358e+06 1.174817e+06 1.124288e+06 1.079564e+06 1.039412e+06 1.002854e+06 9.694764e+05 9.117691e+05 8.654730e+05 8.292017e+05 8.011224e+05 7.794048e+05 7.624652e+05 6.818184e+05 6.175389e+05 5.631967e+05 5.198510e+05
1.285203e+06 1.285203e+06 1.285203e+06 1.285203e+06 1.285203e+06 1.285202e+06 1.285202e+06 1.285199e+06 1.285190e+06 1.285144e+06 1.284640e+06 1.282917e+06 1.279368e+06 1.273829e+06 1.266495e+06 1.257728e+06 1.247928e+06 1.193694e+06 1.142501e+06 1.097173e+06 1.056453e+06 1.019346e+06 9.854229e+05 9.266184e+05 8.792168e+05 8.418548e+05 8.127252e+05 7.900158e+05 7.721518e+05 6.853237e+05 6.179475e+05 5.621522e+05 5.183536e+05
1.304079e+06 1.304079e+06 1.304079e+06 1.304079e+06 1.304079e+06 1.304079e+06 1.304078e+06 1.304076e+06 1.304067e+06 1.304020e+06 1.303510e+06 1.301767e+06 1.298177e+06 1.292576e+06 1.285159e+06 1.276294e+06 1.266384e+06 1.211533e+06 1.159747e+06 1.113877e+06 1.072646e+06 1.035040e+06 1.000617e+06 9.407926e+05 8.923471e+05 8.539441e+05 8.238056e+05 8.001397e+05 7.813826e+05 6.885771e+05 6.182168e+05 5.610207e+05 5.167866e+05
1.321732e+06 1.321732e+06 1.321732e+06 1.321732e+06 1.321732e+06 1.321732e+06 1.321732e+06 1.321729e+06 1.321720e+06 1.321673e+06 1.321158e+06 1.319398e+06 1.315773e+06 1.310119e+06 1.302629e+06 1.293678e+06 1.283672e+06 1.228288e+06 1.175990e+06 1.129649e+06 1.087970e+06 1.049918e+06 1.015042e+06 9.542723e+05 9.048405e+05 8.654433e+05 8.343357e+05 8.097490e+05 7.901309e+05 6.915685e+05 6.183445e+05 5.598034e+05 5.151519e+05
1.338221e+06 1.338221e+06 1.338221e+06 1.338221e+06 1.338221e+06 1.338221e+06 1.338220e+06 1.338217e+06 1.338208e+06 1.338161e+06 1.337641e+06 1.335867e+06 1.332212e+06 1.326509e+06 1.318957e+06 1.309931e+06 1.299841e+06 1.243994e+06 1.191255e+06 1.144508e+06 1.102436e+06 1.063985e+06 1.028696e+06 9.670449e+05 9.166769e+05 8.763282e+05 8.442901e+05 8.188181e+05 7.983724e+05 6.942889e+05 6.183288e+05 5.585014e+05 5.134518e+05
1.353598e+06 1.353598e+06 1.353598e+06 1.353598e+06 1.353598e+06 1.353597e+06 1.353597e+06 1.353594e+06 1.353585e+06 1.353537e+06 1.353014e+06 1.351227e+06 1.347547e+06 1.341805e+06 1.334201e+06 1.325112e+06 1.314952e+06 1.258716e+06 1.205601e+06 1.158500e+06 1.116075e+06 1.077260e+06 1.041586e+06 9.791000e+05 9.278370e+05 8.865756e+05 8.536446e+05 8.273235e+05 8.060849e+05 6.967311e+05 6.181681e+05 5.571159e+05 5.116883e+05
