4.748133e+08 3.425912e+08 2.901901e+08 1.846544e+08 1.526316e+08 1.114404e+08 1.078506e+08 1.087586e+08 1.099785e+08 1.115797e+08 1.154394e+08 1.193275e+08 1.227944e+08 1.258501e+08 1.286254e+08 1.312339e+08 1.337485e+08 1.456340e+08 1.554881e+08 1.613176e+08 1.621942e+08 1.586206e+08 1.519661e+08 1.348780e+08 1.180011e+08 1.034773e+08 9.143019e+07 8.148115e+07 7.321289e+07 3.406275e+07 2.132211e+07 1.538292e+07 1.203361e+07
1.058492e+08 1.058496e+08 1.058506e+08 1.058737e+08 1.059171e+08 1.060364e+08 1.072515e+08 1.086458e+08 1.100165e+08 1.116173e+08 1.153291e+08 1.190904e+08 1.225054e+08 1.255605e+08 1.283602e+08 1.310027e+08 1.335536e+08 1.455888e+08 1.555178e+08 1.613618e+08 1.622159e+08 1.586026e+08 1.519049e+08 1.347462e+08 1.178304e+08 1.032921e+08 9.124511e+07 8.130379e+07 7.304678e+07 3.399260e+07 2.128809e+07 1.536374e+07 1.202156e+07
1.081564e+08 1.081564e+08 1.081567e+08 1.081638e+08 1.081806e+08 1.081094e+08 1.083133e+08 1.099278e+08 1.103019e+08 1.114516e+08 1.149171e+08 1.185981e+08 1.220203e+08 1.251248e+08 1.279865e+08 1.306903e+08 1.332975e+08 1.455281e+08 1.555437e+08 1.614035e+08 1.622339e+08 1.585793e+08 1.518370e+08 1.346072e+08 1.176531e+08 1.031013e+08 9.105546e+07 8.112276e+07 7.287773e+07 3.392200e+07 2.125396e+07 1.534451e+07 1.200949e+07
1.097726e+08 1.097726e+08 1.097728e+08 1.097766e+08 1.097867e+08 1.099011e+08 1.096828e+08 1.113452e+08 1.120229e+08 1.125055e+08 1.145101e+08 1.178509e+08 1.213065e+08 1.245149e+08 1.274838e+08 1.302822e+08 1.329696e+08 1.454494e+08 1.555646e+08 1.614420e+08 1.622473e+08 1.585500e+08 1.517622e+08 1.344606e+08 1.174689e+08 1.029048e+08 9.086117e+07 8.093803e+07 7.270573e+07 3.385095e+07 2.121971e+07 1.532523e+07 1.199741e+07
1.115345e+08 1.115345e+08 1.115346e+08 1.115373e+08 1.115448e+08 1.116845e+08 1.116334e+08 1.114959e+08 1.122266e+08 1.130369e+08 1.148051e+08 1.173341e+08 1.205022e+08 1.237726e+08 1.268628e+08 1.297784e+08 1.325666e+08 1.453501e+08 1.555790e+08 1.614761e+08 1.622555e+08 1.585140e+08 1.516798e+08 1.343061e+08 1.172778e+08 1.027025e+08 9.066222e+07 8.074956e+07 7.253076e+07 3.377946e+07 2.118533e+07 1.530591e+07 1.198530e+07
1.137000e+08 1.136999e+08 1.136997e+08 1.136917e+08 1.136705e+08 1.134017e+08 1.128320e+08 1.112169e+08 1.112761e+08 1.120503e+08 1.144991e+08 1.172096e+08 1.200719e+08 1.230959e+08 1.262064e+08 1.292156e+08 1.321048e+08 1.452291e+08 1.555858e+08 1.615049e+08 1.622576e+08 1.584708e+08 1.515894e+08 1.341435e+08 1.170794e+08 1.024943e+08 9.045853e+07 8.055735e+07 7.235280e+07 3.370753e+07 2.115085e+07 1.528655e+07 1.197317e+07
1.118560e+08 1.118560e+08 1.118560e+08 1.118557e+08 1.118545e+08 1.117790e+08 1.114100e+08 1.098817e+08 1.096224e+08 1.102130e+08 1.132002e+08 1.167111e+08 1.198844e+08 1.228260e+08 1.257278e+08 1.286922e+08 1.316346e+08 1.450883e+08 1.555839e+08 1.615273e+08 1.622526e+08 1.584196e+08 1.514903e+08 1.339724e+08 1.168737e+08 1.022801e+08 9.025007e+07 8.036136e+07 7.217185e+07 3.363516e+07 2.111624e+07 1.526715e+07 1.196102e+07
1.087508e+08 1.087508e+08 1.087508e+08 1.087509e+08 1.087507e+08 1.087251e+08 1.085610e+08 1.076748e+08 1.075195e+08 1.080973e+08 1.113667e+08 1.156587e+08 1.194896e+08 1.227058e+08 1.256008e+08 1.284099e+08 1.312577e+08 1.449347e+08 1.555732e+08 1.615423e+08 1.622396e+08 1.583596e+08 1.513821e+08 1.337925e+08 1.166605e+08 1.020599e+08 9.003680e+07 8.016157e+07 7.198790e+07 3.356236e+07 2.108152e+07 1.524770e+07 1.194885e+07
1.057162e+08 1.057162e+08 1.057162e+08 1.057164e+08 1.057168e+08 1.057127e+08 1.056454e+08 1.052438e+08 1.053231e+08 1.060296e+08 1.094892e+08 1.142777e+08 1.187654e+08 1.224621e+08 1.255710e+08 1.283984e+08 1.311445e+08 1.447827e+08 1.555548e+08 1.615491e+08 1.622178e+08 1.582902e+08 1.512642e+08 1.336036e+08 1.164397e+08 1.018334e+08 8.981866e+07 7.995796e+07 7.180094e+07 3.348912e+07 2.104669e+07 1.522821e+07 1.193666e+07
1.030969e+08 1.030969e+08 1.030969e+08 1.030971e+08 1.030978e+08 1.031053e+08 1.030898e+08 1.029941e+08 1.032931e+08 1.041754e+08 1.078200e+08 1.128556e+08 1.178060e+08 1.220012e+08 1.254618e+08 1.284570e+08 1.312312e+08 1.446560e+08 1.555316e+08 1.615475e+08 1.621865e+08 1.582107e+08 1.511361e+08 1.334052e+08 1.162110e+08 1.016007e+08 8.959562e+07 7.975051e+07 7.161097e+07 3.341546e+07 2.101174e+07 1.520868e+07 1.192445e+07
1.009676e+08 1.009676e+08 1.009676e+08 1.009678e+08 1.009685e+08 1.009817e+08 1.009946e+08 1.010866e+08 1.015523e+08 1.025991e+08 1.064323e+08 1.115751e+08 1.167748e+08 1.213596e+08 1.252017e+08 1.284643e+08 1.313735e+08 1.445908e+08 1.555088e+08 1.615378e+08 1.621449e+08 1.581203e+08 1.509971e+08 1.331972e+08 1.159743e+08 1.013617e+08 8.936764e+07 7.953922e+07 7.141797e+07 3.334136e+07 2.097668e+07 1.518910e+07 1.191222e+07
9.723336e+07 9.723336e+07 9.723337e+07 9.723353e+07 9.723402e+07 9.724832e+07 9.728872e+07 9.763427e+07 9.836292e+07 9.973451e+07 1.041218e+08 1.094087e+08 1.145160e+08 1.191756e+08 1.234778e+08 1.275509e+08 1.314598e+08 1.478930e+08 1.576962e+08 1.618769e+08 1.613083e+08 1.565827e+08 1.489406e+08 1.305303e+08 1.131398e+08 9.861003e+07 8.681029e+07 7.721239e+07 6.932184e+07 3.257755e+07 2.062007e+07 1.499113e+07 1.178892e+07
1.062097e+08 1.062097e+08 1.062097e+08 1.062098e+08 1.062101e+08 1.062183e+08 1.062421e+08 1.065212e+08 1.071787e+08 1.084406e+08 1.125177e+08 1.174564e+08 1.222128e+08 1.264641e+08 1.302324e+08 1.336267e+08 1.367527e+08 1.502205e+08 1.599061e+08 1.636095e+08 1.613613e+08 1.548430e+08 1.459907e+08 1.267744e+08 1.094213e+08 9.518582e+07 8.374603e+07 7.450095e+07 6.693043e+07 3.177462e+07 2.025317e+07 1.478932e+07 1.166382e+07
1.138754e+08 1.138754e+08 1.138754e+08 1.138754e+08 1.138755e+08 1.138767e+08 1.138806e+08 1.140752e+08 1.146442e+08 1.157703e+08 1.194506e+08 1.239086e+08 1.281782e+08 1.319671e+08 1.352949e+08 1.382509e+08 1.409159e+08 1.514848e+08 1.588102e+08 1.618996e+08 1.595586e+08 1.525677e+08 1.429391e+08 1.224302e+08 1.049634e+08 9.115465e+07 8.021713e+07 7.143702e+07 6.426956e+07 3.093665e+07 1.987700e+07 1.458400e+07 1.153706e+07
1.157081e+08 1.157081e+08 1.157081e+08 1.157081e+08 1.157081e+08 1.157063e+08 1.157013e+08 1.158473e+08 1.163391e+08 1.173293e+08 1.205959e+08 1.245796e+08 1.284225e+08 1.318645e+08 1.349215e+08 1.376683e+08 1.401682e+08 1.499530e+08 1.558632e+08 1.576131e+08 1.547162e+08 1.477183e+08 1.381872e+08 1.176920e+08 1.002312e+08 8.673370e+07 7.633994e+07 6.809321e+07 6.138876e+07 3.006846e+07 1.949265e+07 1.437555e+07 1.140881e+07
1.135017e+08 1.135017e+08 1.135017e+08 1.135017e+08 1.135017e+08 1.135030e+08 1.135067e+08 1.136720e+08 1.141513e+08 1.150991e+08 1.182029e+08 1.219837e+08 1.256402e+08 1.289298e+08 1.318671e+08 1.345206e+08 1.369470e+08 1.464228e+08 1.515535e+08 1.520364e+08 1.481052e+08 1.407525e+08 1.314328e+08 1.118796e+08 9.519043e+07 8.224484e+07 7.232054e+07 6.458578e+07 5.836236e+07 2.917551e+07 1.910130e+07 1.416433e+07 1.127919e+07
1.115570e+08 1.115570e+08 1.115570e+08 1.115570e+08 1.115570e+08 1.115557e+08 1.115516e+08 1.116787e+08 1.121086e+08 1.129752e+08 1.158386e+08 1.193392e+08 1.227280e+08 1.257767e+08 1.284971e+08 1.309512e+08 1.331902e+08 1.417926e+08 1.459635e+08 1.453294e+08 1.404256e+08 1.326022e+08 1.233887e+08 1.050197e+08 8.961319e+07 7.760041e+07 6.833079e+07 6.107927e+07 5.528821e+07 2.826382e+07 1.870417e+07 1.395072e+07 1.114836e+07
1.074817e+08 1.074817e+08 1.074817e+08 1.074817e+08 1.074817e+08 1.074799e+08 1.074742e+08 1.075926e+08 1.080101e+08 1.088557e+08 1.116524e+08 1.150630e+08 1.183428e+08 1.212615e+08 1.238291e+08 1.261089e+08 1.281549e+08 1.356613e+08 1.387934e+08 1.373140e+08 1.318270e+08 1.237846e+08 1.147497e+08 9.756257e+07 8.359885e+07 7.274694e+07 6.430367e+07 5.764099e+07 5.228368e+07 2.733980e+07 1.830257e+07 1.373513e+07 1.101649e+07
1.007480e+08 1.007480e+08 1.007480e+08 1.007480e+08 1.007480e+08 1.007466e+08 1.007426e+08 1.008683e+08 1.012920e+08 1.021451e+08 1.049546e+08 1.083619e+08 1.116081e+08 1.144561e+08 1.169166e+08 1.190586e+08 1.209439e+08 1.275385e+08 1.299336e+08 1.280538e+08 1.224792e+08 1.146102e+08 1.059649e+08 8.999179e+07 7.741581e+07 6.776849e+07 6.023651e+07 5.423355e+07 4.935949e+07 2.641019e+07 1.789779e+07 1.351796e+07 1.088372e+07
9.298941e+07 9.298941e+07 9.298941e+07 9.298941e+07 9.298938e+07 9.298858e+07 9.298611e+07 9.310902e+07 9.351012e+07 9.431480e+07 9.696236e+07 1.001731e+08 1.032297e+08 1.059039e+08 1.082032e+08 1.101922e+08 1.119306e+08 1.178938e+08 1.199333e+08 1.180506e+08 1.127768e+08 1.054015e+08 9.734757e+07 8.265542e+07 7.134339e+07 6.281598e+07 5.618475e+07 5.086397e+07 4.649792e+07 2.548188e+07 1.749120e+07 1.329962e+07 1.075021e+07
8.528851e+07 8.528851e+07 8.528851e+07 8.528851e+07 8.528849e+07 8.528798e+07 8.528644e+07 8.540055e+07 8.576580e+07 8.649699e+07 8.890139e+07 9.181816e+07 9.459571e+07 9.702530e+07 9.911265e+07 1.009162e+08 1.024906e+08 1.078776e+08 1.097163e+08 1.080093e+08 1.032173e+08 9.649518e+07 8.914192e+07 7.576176e+07 6.558582e+07 5.804060e+07 5.223108e+07 4.756546e+07 4.370533e+07 2.456180e+07 1.708413e+07 1.308053e+07 1.061614e+07
7.808302e+07 7.808302e+07 7.808302e+07 7.808302e+07 7.808301e+07 7.808269e+07 7.808175e+07 7.818550e+07 7.851352e+07 7.916926e+07 8.132458e+07 8.393912e+07 8.642870e+07 8.860565e+07 9.047487e+07 9.208901e+07 9.349744e+07 9.832167e+07 9.998870e+07 9.848548e+07 9.420192e+07 8.815789e+07 8.152044e+07 6.941751e+07 6.025876e+07 5.355391e+07 4.845637e+07 4.438306e+07 4.100063e+07 2.365676e+07 1.667793e+07 1.286109e+07 1.048165e+07
7.146287e+07 7.146287e+07 7.146287e+07 7.146286e+07 7.146286e+07 7.146259e+07 7.146179e+07 7.155462e+07 7.184770e+07 7.243354e+07 7.435941e+07 7.669639e+07 7.892244e+07 8.086940e+07 8.254141e+07 8.398546e+07 8.524582e+07 8.957206e+07 9.108832e+07 8.977122e+07 8.595498e+07 8.054204e+07 7.457590e+07 6.366115e+07 5.540853e+07 4.941843e+07 4.492099e+07 4.136030e+07 3.840834e+07 2.277345e+07 1.627393e+07 1.264172e+07 1.034691e+07
6.542332e+07 6.542332e+07 6.542332e+07 6.542331e+07 6.542331e+07 6.542312e+07 6.542259e+07 6.550682e+07 6.577066e+07 6.629750e+07 6.802880e+07 7.012986e+07 7.213176e+07 7.388329e+07 7.538804e+07 7.668821e+07 7.782359e+07 8.173039e+07 8.311895e+07 8.196192e+07 7.855289e+07 7.369762e+07 6.833189e+07 5.848707e+07 5.103641e+07 4.565586e+07 4.165906e+07 3.853010e+07 3.595211e+07 2.191852e+07 1.587343e+07 1.242282e+07 1.021208e+07
6.002159e+07 6.002159e+07 6.002159e+07 6.002159e+07 6.002158e+07 6.002148e+07 6.002120e+07 6.009808e+07 6.033702e+07 6.081368e+07 6.237956e+07 6.427991e+07 6.609097e+07 6.767600e+07 6.903819e+07 7.021566e+07 7.124440e+07 7.479161e+07 7.606708e+07 7.504244e+07 7.198007e+07 6.760592e+07 6.276402e+07 5.386310e+07 4.711798e+07 4.226026e+07 3.868152e+07 3.591136e+07 3.365008e+07 2.109939e+07 1.547768e+07 1.220479e+07 1.007732e+07
5.524130e+07 5.524130e+07 5.524130e+07 5.524130e+07 5.524130e+07 5.524123e+07 5.524107e+07 5.531130e+07 5.552876e+07 5.596239e+07 5.738666e+07 5.911517e+07 6.076258e+07 6.220457e+07 6.344400e+07 6.451559e+07 6.545208e+07 6.868597e+07 6.985858e+07 6.894183e+07 6.617267e+07 6.221018e+07 5.782051e+07 4.974318e+07 4.361622e+07 3.920969e+07 3.598261e+07 3.350981e+07 3.151277e+07 2.031779e+07 1.508790e+07 1.198802e+07 9.942778e+06
5.101273e+07 5.101273e+07 5.101273e+07 5.101273e+07 5.101272e+07 5.101268e+07 5.101257e+07 5.107692e+07 5.127577e+07 5.167221e+07 5.297427e+07 5.455455e+07 5.606088e+07 5.737957e+07 5.851323e+07 5.949358e+07 6.035056e+07 6.331321e+07 6.439433e+07 6.356698e+07 6.104723e+07 5.743749e+07 5.343756e+07 4.607587e+07 4.048952e+07 3.647459e+07 3.354624e+07 3.132106e+07 2.954316e+07 1.957022e+07 1.470526e+07 1.177288e+07 9.808608e+06
4.726201e+07 4.726201e+07 4.726201e+07 4.726201e+07 4.726201e+07 4.726198e+07 4.726192e+07 4.732123e+07 4.750409e+07 4.786854e+07 4.906540e+07 5.051799e+07 5.190269e+07 5.311502e+07 5.415739e+07 5.505892e+07 5.584716e+07 5.857468e+07 5.957527e+07 5.882358e+07 5.651802e+07 5.321236e+07 4.954940e+07 4.280981e+07 3.769635e+07 3.402305e+07 3.135114e+07 2.933401e+07 2.773804e+07 1.885463e+07 1.433084e+07 1.155975e+07 9.674960e+06
4.393420e+07 4.393420e+07 4.393420e+07 4.393420e+07 4.393420e+07 4.393417e+07 4.393413e+07 4.398894e+07 4.415778e+07 4.449424e+07 4.559915e+07 4.694019e+07 4.821864e+07 4.933806e+07 5.030066e+07 5.113334e+07 5.186151e+07 5.438321e+07 5.531253e+07 5.462560e+07 5.250557e+07 4.946390e+07 4.609387e+07 3.989674e+07 3.519770e+07 3.182384e+07 2.937419e+07 2.753382e+07 2.608983e+07 1.816951e+07 1.396571e+07 1.134897e+07 9.541979e+06
4.097222e+07 4.097222e+07 4.097222e+07 4.097222e+07 4.097222e+07 4.097221e+07 4.097220e+07 4.102313e+07 4.117972e+07 4.149169e+07 4.251608e+07 4.375939e+07 4.494472e+07 4.598266e+07 4.687527e+07 4.764748e+07 4.832286e+07 5.066313e+07 5.152879e+07 5.089767e+07 4.893958e+07 4.612870e+07 4.301494e+07 3.729297e+07 3.295818e+07 2.984792e+07 2.759255e+07 2.590407e+07 2.458822e+07 1.751363e+07 1.361089e+07 1.114088e+07 9.409808e+06
3.833093e+07 3.833093e+07 3.833093e+07 3.833093e+07 3.833093e+07 3.833091e+07 3.833091e+07 3.837832e+07 3.852401e+07 3.881426e+07 3.976731e+07 4.092403e+07 4.202684e+07 4.299255e+07 4.382307e+07 4.454160e+07 4.517009e+07 4.734892e+07 4.815740e+07 4.757483e+07 4.575915e+07 4.315150e+07 4.026336e+07 3.495978e+07 3.094636e+07 2.806908e+07 2.598476e+07 2.442823e+07 2.322160e+07 1.688598e+07 1.326740e+07 1.093581e+07 9.278582e+06
3.596432e+07 3.596432e+07 3.596432e+07 3.596432e+07 3.596432e+07 3.596431e+07 3.596431e+07 3.600857e+07 3.614456e+07 3.641548e+07 3.730502e+07 3.838469e+07 3.941407e+07 4.031553e+07 4.109085e+07 4.176168e+07 4.234850e+07 4.438386e+07 4.514135e+07 4.460169e+07 4.291226e+07 4.048478e+07 3.779654e+07 3.286339e+07 2.913465e+07 2.646412e+07 2.453129e+07 2.309047e+07 2.197798e+07 1.628575e+07 1.293646e+07 1.073406e+07 9.148434e+06
3.383562e+07 3.383562e+07 3.383562e+07 3.383562e+07 3.383562e+07 3.383561e+07 3.383563e+07 3.387711e+07 3.400446e+07 3.425813e+07 3.509100e+07 3.610191e+07 3.706576e+07 3.790988e+07 3.863592e+07 3.926418e+07 3.981382e+07 4.172110e+07 4.243302e+07 4.193159e+07 4.035481e+07 3.808803e+07 3.557794e+07 3.097450e+07 2.749904e+07 2.501265e+07 2.321468e+07 2.187617e+07 2.084570e+07 1.571228e+07 1.261871e+07 1.053593e+07 9.019492e+06
3.191570e+07 3.191570e+07 3.191570e+07 3.191570e+07 3.191570e+07 3.191570e+07 3.191571e+07 3.195468e+07 3.207426e+07 3.231245e+07 3.309452e+07 3.404375e+07 3.494882e+07 3.574148e+07 3.642329e+07 3.701331e+07 3.752954e+07 3.932167e+07 3.999254e+07 3.952534e+07 3.804957e+07 3.592684e+07 3.357635e+07 2.926782e+07 2.601867e+07 2.369689e+07 2.201951e+07 2.077205e+07 1.981372e+07 1.516498e+07 1.231311e+07 1.034170e+07 8.891879e+06
3.017837e+07 3.017837e+07 3.017837e+07 3.017837e+07 3.017837e+07 3.017837e+07 3.017839e+07 3.021508e+07 3.032767e+07 3.055192e+07 3.128818e+07 3.218185e+07 3.303396e+07 3.378027e+07 3.442226e+07 3.497785e+07 3.546400e+07 3.715241e+07 3.778622e+07 3.734978e+07 3.596496e+07 3.397195e+07 3.176506e+07 2.772157e+07 2.467545e+07 2.250135e+07 2.093219e+07 1.976624e+07 1.887190e+07 1.464332e+07 1.201887e+07 1.015163e+07 8.765712e+06
2.860131e+07 2.860131e+07 2.860131e+07 2.860131e+07 2.860131e+07 2.860131e+07 2.860133e+07 2.863601e+07 2.874230e+07 2.895399e+07 2.964900e+07 3.049257e+07 3.129692e+07 3.200142e+07 3.260745e+07 3.313194e+07 3.359089e+07 3.518537e+07 3.578546e+07 3.537671e+07 3.407410e+07 3.219836e+07 3.012124e+07 2.631692e+07 2.345370e+07 2.141256e+07 1.994084e+07 1.884819e+07 1.801102e+07 1.414680e+07 1.173541e+07 9.965972e+06 8.641104e+06
2.716814e+07 2.716814e+07 2.716814e+07 2.716814e+07 2.716814e+07 2.716814e+07 2.716815e+07 2.720093e+07 2.730145e+07 2.750166e+07 2.815901e+07 2.895689e+07 2.971769e+07 3.038404e+07 3.095728e+07 3.145340e+07 3.188756e+07 3.339638e+07 3.396566e+07 3.358196e+07 3.235395e+07 3.058465e+07 2.862526e+07 2.503764e+07 2.233980e+07 2.041874e+07 1.903506e+07 1.800858e+07 1.722277e+07 1.367487e+07 1.146218e+07 9.784992e+06 8.518163e+06
2.585951e+07 2.585951e+07 2.585951e+07 2.585951e+07 2.585951e+07 2.585951e+07 2.585953e+07 2.589062e+07 2.598592e+07 2.617571e+07 2.679882e+07 2.755513e+07 2.827630e+07 2.890797e+07 2.945137e+07 2.992170e+07 3.033330e+07 3.176425e+07 3.230556e+07 3.194475e+07 3.078475e+07 2.911240e+07 2.726021e+07 2.386964e+07 2.132188e+07 1.950964e+07 1.820572e+07 1.723916e+07 1.649975e+07 1.322693e+07 1.119870e+07 9.608952e+06 8.396992e+06
2.466228e+07 2.466228e+07 2.466228e+07 2.466228e+07 2.466228e+07 2.466228e+07 2.466230e+07 2.469183e+07 2.478234e+07 2.496258e+07 2.555436e+07 2.627267e+07 2.695761e+07 2.755757e+07 2.807372e+07 2.852049e+07 2.891151e+07 3.027140e+07 3.078720e+07 3.044734e+07 2.934950e+07 2.776577e+07 2.601148e+07 2.280068e+07 2.038958e+07 1.867627e+07 1.744481e+07 1.653270e+07 1.583534e+07 1.280231e+07 1.094453e+07 9.438178e+06 8.277689e+06
2.356457e+07 2.356457e+07 2.356457e+07 2.356457e+07 2.356457e+07 2.356457e+07 2.356459e+07 2.359270e+07 2.367883e+07 2.385037e+07 2.441353e+07 2.509709e+07 2.574890e+07 2.631984e+07 2.681103e+07 2.723620e+07 2.760833e+07 2.890289e+07 2.939517e+07 2.907444e+07 2.803355e+07 2.653100e+07 2.486638e+07 2.182012e+07 1.953386e+07 1.791074e+07 1.674528e+07 1.588277e+07 1.522367e+07 1.240026e+07 1.069925e+07 9.272998e+06 8.160350e+06
2.255635e+07 2.255635e+07 2.255635e+07 2.255635e+07 2.255635e+07 2.255635e+07 2.255637e+07 2.258316e+07 2.266526e+07 2.282876e+07 2.336555e+07 2.401711e+07 2.463841e+07 2.518263e+07 2.565085e+07 2.605615e+07 2.641090e+07 2.764537e+07 2.811597e+07 2.781274e+07 2.682413e+07 2.539614e+07 2.381389e+07 2.091863e+07 1.874675e+07 1.720611e+07 1.610094e+07 1.528370e+07 1.465953e+07 1.201998e+07 1.046248e+07 9.113038e+06 8.045065e+06
2.162748e+07 2.162748e+07 2.162748e+07 2.162748e+07 2.162748e+07 2.162749e+07 2.162751e+07 2.165311e+07 2.173151e+07 2.188763e+07 2.240020e+07 2.302234e+07 2.361560e+07 2.413526e+07 2.458234e+07 2.496936e+07 2.530811e+07 2.648722e+07 2.693775e+07 2.665056e+07 2.571006e+07 2.435073e+07 2.284433e+07 2.008806e+07 1.802128e+07 1.655626e+07 1.550630e+07 1.473049e+07 1.413825e+07 1.166058e+07 1.023388e+07 8.957952e+06 7.931924e+06
2.077135e+07 2.077135e+07 2.077135e+07 2.077135e+07 2.077135e+07 2.077135e+07 2.077137e+07 2.079583e+07 2.087079e+07 2.102006e+07 2.151015e+07 2.210501e+07 2.267226e+07 2.316913e+07 2.359662e+07 2.396667e+07 2.429058e+07 2.541828e+07 2.585010e+07 2.557763e+07 2.468152e+07 2.338560e+07 2.194924e+07 1.932121e+07 1.735127e+07 1.595579e+07 1.495648e+07 1.421867e+07 1.365571e+07 1.132113e+07 1.001311e+07 8.807473e+06 7.821014e+06
1.997956e+07 1.997956e+07 1.997956e+07 1.997956e+07 1.997956e+07 1.997956e+07 1.997958e+07 2.000302e+07 2.007480e+07 2.021773e+07 2.068701e+07 2.125661e+07 2.179976e+07 2.227552e+07 2.268484e+07 2.303916e+07 2.334931e+07 2.442930e+07 2.484375e+07 2.458489e+07 2.372989e+07 2.249269e+07 2.112116e+07 1.861178e+07 1.673127e+07 1.539987e+07 1.444716e+07 1.374427e+07 1.320822e+07 1.100065e+07 9.799896e+06 8.661369e+06 7.712425e+06
1.924608e+07 1.924608e+07 1.924608e+07 1.924608e+07 1.924608e+07 1.924608e+07 1.924610e+07 1.926855e+07 1.933736e+07 1.947438e+07 1.992424e+07 2.047029e+07 2.099098e+07 2.144708e+07 2.183949e+07 2.217919e+07 2.247654e+07 2.351225e+07 2.391060e+07 2.366442e+07 2.284762e+07 2.166492e+07 2.035356e+07 1.795417e+07 1.615644e+07 1.488424e+07 1.397449e+07 1.330376e+07 1.279247e+07 1.069816e+07 9.593949e+06 8.519428e+06 7.606256e+06
1.856410e+07 1.856410e+07 1.856410e+07 1.856410e+07 1.856410e+07 1.856411e+07 1.856413e+07 1.858570e+07 1.865177e+07 1.878332e+07 1.921523e+07 1.973947e+07 2.023938e+07 2.067727e+07 2.105401e+07 2.138015e+07 2.166564e+07 2.266028e+07 2.304372e+07 2.280936e+07 2.202810e+07 2.089609e+07 1.964066e+07 1.734344e+07 1.562249e+07 1.440509e+07 1.353503e+07 1.289397e+07 1.240552e+07 1.041266e+07 9.395022e+06 8.381452e+06 7.502628e+06
1.793012e+07 1.793012e+07 1.793012e+07 1.793012e+07 1.793012e+07 1.793012e+07 1.793015e+07 1.795088e+07 1.801438e+07 1.814082e+07 1.855596e+07 1.905986e+07 1.954036e+07 1.996126e+07 2.032338e+07 2.063687e+07 2.091129e+07 2.186759e+07 2.223707e+07 2.201371e+07 2.126554e+07 2.018074e+07 1.897736e+07 1.677519e+07 1.512559e+07 1.395901e+07 1.312570e+07 1.251206e+07 1.204471e+07 1.014314e+07 9.202878e+06 8.247255e+06 7.401709e+06
1.734011e+07 1.734011e+07 1.734011e+07 1.734011e+07 1.734011e+07 1.734011e+07 1.734013e+07 1.736008e+07 1.742117e+07 1.754284e+07 1.794227e+07 1.842711e+07 1.888944e+07 1.929441e+07 1.964283e+07 1.994446e+07 2.020851e+07 2.112886e+07 2.148525e+07 2.127210e+07 2.055477e+07 1.951397e+07 1.835912e+07 1.624549e+07 1.466229e+07 1.354295e+07 1.274373e+07 1.215550e+07 1.170768e+07 9.888627e+06 9.017294e+06 8.116663e+06 7.303387e+06
1.678943e+07 1.678943e+07 1.678943e+07 1.678943e+07 1.678943e+07 1.678944e+07 1.678945e+07 1.680867e+07 1.686752e+07 1.698471e+07 1.736948e+07 1.783650e+07 1.828185e+07 1.867195e+07 1.900758e+07 1.929813e+07 1.955249e+07 2.043926e+07 2.078340e+07 2.057975e+07 1.989118e+07 1.889143e+07 1.778185e+07 1.575083e+07 1.422953e+07 1.315418e+07 1.238664e+07 1.182198e+07 1.139227e+07 9.648158e+06 8.838057e+06 7.989511e+06 7.207474e+06
1.627528e+07 1.627528e+07 1.627528e+07 1.627528e+07 1.627528e+07 1.627529e+07 1.627531e+07 1.629385e+07 1.635060e+07 1.646361e+07 1.683462e+07 1.728494e+07 1.771435e+07 1.809050e+07 1.841411e+07 1.869427e+07 1.893953e+07 1.979473e+07 2.012728e+07 1.993239e+07 1.927063e+07 1.830919e+07 1.724190e+07 1.528804e+07 1.382456e+07 1.279022e+07 1.205219e+07 1.150944e+07 1.109655e+07 9.420809e+06 8.664963e+06 7.865645e+06 7.113839e+06
1.579546e+07 1.579546e+07 1.579546e+07 1.579546e+07 1.579546e+07 1.579546e+07 1.579548e+07 1.581335e+07 1.586811e+07 1.597714e+07 1.633513e+07 1.676965e+07 1.718400e+07 1.754694e+07 1.785921e+07 1.812953e+07 1.836619e+07 1.919153e+07 1.951298e+07 1.932613e+07 1.868934e+07 1.776371e+07 1.673596e+07 1.485430e+07 1.344488e+07 1.244888e+07 1.173836e+07 1.121604e+07 1.081880e+07 9.205690e+06 8.497812e+06 7.744921e+06 7.022367e+06
1.534503e+07 1.534503e+07 1.534503e+07 1.534503e+07 1.534503e+07 1.534503e+07 1.534505e+07 1.536233e+07 1.541523e+07 1.552058e+07 1.586644e+07 1.628624e+07 1.668654e+07 1.703716e+07 1.733882e+07 1.759995e+07 1.782855e+07 1.862582e+07 1.893675e+07 1.875732e+07 1.814386e+07 1.725174e+07 1.626104e+07 1.444703e+07 1.308826e+07 1.212814e+07 1.144336e+07 1.094008e+07 1.055743e+07 9.001951e+06 8.336410e+06 7.627206e+06 6.932955e+06
1.492287e+07 1.492287e+07 1.492287e+07 1.492287e+07 1.492287e+07 1.492287e+07 1.492288e+07 1.493957e+07 1.499071e+07 1.509254e+07 1.542687e+07 1.583268e+07 1.621963e+07 1.655856e+07 1.685015e+07 1.710256e+07 1.732352e+07 1.809422e+07 1.839514e+07 1.822261e+07 1.763103e+07 1.677035e+07 1.581443e+07 1.406394e+07 1.275270e+07 1.182622e+07 1.116552e+07 1.068005e+07 1.031102e+07 8.808788e+06 8.180563e+06 7.512374e+06 6.845510e+06
1.452561e+07 1.452561e+07 1.452561e+07 1.452561e+07 1.452561e+07 1.452561e+07 1.452562e+07 1.454177e+07 1.459124e+07 1.468975e+07 1.501318e+07 1.540576e+07 1.578009e+07 1.610797e+07 1.639004e+07 1.663421e+07 1.684796e+07 1.759357e+07 1.788508e+07 1.771902e+07 1.714801e+07 1.631692e+07 1.539370e+07 1.370294e+07 1.243639e+07 1.154149e+07 1.090337e+07 1.043458e+07 1.007829e+07 8.625440e+06 8.030080e+06 7.400309e+06 6.759942e+06
1.415052e+07 1.415052e+07 1.415052e+07 1.415052e+07 1.415052e+07 1.415052e+07 1.415054e+07 1.416617e+07 1.421407e+07 1.430946e+07 1.462263e+07 1.500275e+07 1.536522e+07 1.568270e+07 1.595582e+07 1.619225e+07 1.639922e+07 1.712126e+07 1.740390e+07 1.724395e+07 1.669231e+07 1.588909e+07 1.499668e+07 1.336217e+07 1.213767e+07 1.127247e+07 1.065557e+07 1.020242e+07 9.858054e+06 8.451193e+06 7.884771e+06 7.290906e+06 6.676167e+06
1.379612e+07 1.379612e+07 1.379612e+07 1.379612e+07 1.379612e+07 1.379612e+07 1.379614e+07 1.381129e+07 1.385772e+07 1.395017e+07 1.425369e+07 1.462209e+07 1.497337e+07 1.528105e+07 1.554574e+07 1.577486e+07 1.597543e+07 1.667517e+07 1.694936e+07 1.679511e+07 1.626172e+07 1.548476e+07 1.462142e+07 1.303995e+07 1.185508e+07 1.101785e+07 1.042090e+07 9.982430e+06 9.649260e+06 8.285376e+06 7.744447e+06 7.184066e+06 6.594108e+06
1.346181e+07 1.346181e+07 1.346181e+07 1.346181e+07 1.346181e+07 1.346181e+07 1.346182e+07 1.347651e+07 1.352152e+07 1.361117e+07 1.390548e+07 1.426271e+07 1.460333e+07 1.490166e+07 1.515830e+07 1.538045e+07 1.557490e+07 1.625330e+07 1.651936e+07 1.637041e+07 1.585421e+07 1.510205e+07 1.426614e+07 1.273474e+07 1.158726e+07 1.077640e+07 1.019824e+07 9.773588e+06 9.450938e+06 8.127365e+06 7.608918e+06 7.079697e+06 6.513688e+06
1.314522e+07 1.314522e+07 1.314522e+07 1.314522e+07 1.314522e+07 1.314522e+07 1.314523e+07 1.315949e+07 1.320316e+07 1.329014e+07 1.357569e+07 1.392228e+07 1.425276e+07 1.454220e+07 1.479118e+07 1.500669e+07 1.519533e+07 1.585347e+07 1.611182e+07 1.596788e+07 1.546795e+07 1.473923e+07 1.392925e+07 1.244516e+07 1.133300e+07 1.054703e+07 9.986590e+06 9.574954e+06 9.262208e+06 7.976577e+06 7.477998e+06 6.977716e+06 6.434839e+06
1.284445e+07 1.284445e+07 1.284445e+07 1.284445e+07 1.284445e+07 1.284445e+07 1.284446e+07 1.285829e+07 1.290070e+07 1.298513e+07 1.326236e+07 1.359885e+07 1.391970e+07 1.420070e+07 1.444243e+07 1.465166e+07 1.483480e+07 1.547383e+07 1.572494e+07 1.558579e+07 1.510127e+07 1.439474e+07 1.360929e+07 1.216995e+07 1.109118e+07 1.032873e+07 9.785026e+06 9.385675e+06 9.082267e+06 7.832473e+06 7.351502e+06 6.878046e+06 6.357493e+06
1.255823e+07 1.255823e+07 1.255823e+07 1.255823e+07 1.255823e+07 1.255823e+07 1.255824e+07 1.257169e+07 1.261289e+07 1.269494e+07 1.296431e+07 1.329126e+07 1.360301e+07 1.387604e+07 1.411091e+07 1.431420e+07 1.449214e+07 1.511308e+07 1.535731e+07 1.522267e+07 1.475271e+07 1.406718e+07 1.330495e+07 1.190796e+07 1.086079e+07 1.012059e+07 9.592710e+06 9.204971e+06 8.910388e+06 7.694553e+06 7.229246e+06 6.780614e+06 6.281589e+06
1.228618e+07 1.228618e+07 1.228618e+07 1.228618e+07 1.228618e+07 1.228618e+07 1.228619e+07 1.229927e+07 1.233933e+07 1.241910e+07 1.268100e+07 1.299889e+07 1.330199e+07 1.356745e+07 1.379579e+07 1.399343e+07 1.416642e+07 1.477005e+07 1.500764e+07 1.487717e+07 1.442095e+07 1.375528e+07 1.301502e+07 1.165814e+07 1.064089e+07 9.921767e+06 9.408879e+06 9.032136e+06 8.745907e+06 7.562355e+06 7.111051e+06 6.685355e+06 6.207069e+06
1.202760e+07 1.202760e+07 1.202760e+07 1.202760e+07 1.202760e+07 1.202760e+07 1.202761e+07 1.204033e+07 1.207930e+07 1.215690e+07 1.241168e+07 1.272091e+07 1.301575e+07 1.327396e+07 1.349606e+07 1.368828e+07 1.385652e+07 1.444353e+07 1.467463e+07 1.454800e+07 1.410474e+07 1.345784e+07 1.273839e+07 1.141951e+07 1.043064e+07 9.731510e+06 9.232842e+06 8.866529e+06 8.588223e+06 7.435452e+06 6.996739e+06 6.592205e+06 6.133879e+06
1.178157e+07 1.178157e+07 1.178157e+07 1.178157e+07 1.178157e+07 1.178157e+07 1.178158e+07 1.179395e+07 1.183187e+07 1.190738e+07 1.215530e+07 1.245621e+07 1.274312e+07 1.299437e+07 1.321047e+07 1.339748e+07 1.356116e+07 1.413218e+07 1.435700e+07 1.423391e+07 1.380288e+07 1.317376e+07 1.247403e+07 1.119120e+07 1.022927e+07 9.549129e+06 9.063970e+06 8.707568e+06 8.436792e+06 7.313455e+06 6.886137e+06 6.501107e+06 6.061968e+06
1.154666e+07 1.154666e+07 1.154666e+07 1.154666e+07 1.154666e+07 1.154666e+07 1.154667e+07 1.155872e+07 1.159563e+07 1.166915e+07 1.191051e+07 1.220346e+07 1.248277e+07 1.272736e+07 1.293772e+07 1.311975e+07 1.327906e+07 1.383475e+07 1.405352e+07 1.393374e+07 1.351427e+07 1.290200e+07 1.222100e+07 1.097241e+07 1.003609e+07 9.374000e+06 8.901697e+06 8.554729e+06 8.291122e+06 7.196002e+06 6.779077e+06 6.412005e+06 5.991291e+06
1.132169e+07 1.132169e+07 1.132169e+07 1.132169e+07 1.132169e+07 1.132169e+07 1.132169e+07 1.133342e+07 1.136938e+07 1.144098e+07 1.167608e+07 1.196143e+07 1.223348e+07 1.247171e+07 1.267658e+07 1.285386e+07 1.300900e+07 1.355008e+07 1.376306e+07 1.364638e+07 1.323787e+07 1.264162e+07 1.197840e+07 1.076239e+07 9.850444e+06 9.205562e+06 8.745511e+06 8.407538e+06 8.150769e+06 7.082765e+06 6.675397e+06 6.324847e+06 5.921804e+06
1.110523e+07 1.110523e+07 1.110523e+07 1.110523e+07 1.110523e+07 1.110523e+07 1.110523e+07 1.111667e+07 1.115171e+07 1.122151e+07 1.145068e+07 1.172883e+07 1.199401e+07 1.222621e+07 1.242589e+07 1.259867e+07 1.274986e+07 1.327709e+07 1.348456e+07 1.337082e+07 1.297274e+07 1.239172e+07 1.174545e+07 1.056048e+07 9.671777e+06 9.043307e+06 8.594952e+06 8.265569e+06 8.015334e+06 6.973442e+06 6.574937e+06 6.239583e+06 5.853469e+06
1.089680e+07 1.089680e+07 1.089680e+07 1.089680e+07 1.089680e+07 1.089680e+07 1.089681e+07 1.090796e+07 1.094215e+07 1.101023e+07 1.123376e+07 1.150506e+07 1.176371e+07 1.199018e+07 1.218493e+07 1.235343e+07 1.250086e+07 1.301490e+07 1.321710e+07 1.310615e+07 1.271801e+07 1.215152e+07 1.152141e+07 1.036607e+07 9.499570e+06 8.886782e+06 8.449608e+06 8.128440e+06 7.884457e+06 6.867759e+06 6.477546e+06 6.156167e+06 5.786249e+06
1.069613e+07 1.069613e+07 1.069613e+07 1.069613e+07 1.069613e+07 1.069613e+07 1.069614e+07 1.070702e+07 1.074039e+07 1.080684e+07 1.102498e+07 1.128974e+07 1.154215e+07 1.176314e+07 1.195316e+07 1.211755e+07 1.226138e+07 1.276275e+07 1.295987e+07 1.285156e+07 1.247290e+07 1.192029e+07 1.130564e+07 1.017863e+07 9.333363e+06 8.735580e+06 8.309108e+06 7.995810e+06 7.757818e+06 6.765464e+06 6.383079e+06 6.074551e+06 5.720112e+06
1.050325e+07 1.050325e+07 1.050325e+07 1.050325e+07 1.050325e+07 1.050325e+07 1.050326e+07 1.051389e+07 1.054645e+07 1.061129e+07 1.082418e+07 1.108256e+07 1.132888e+07 1.154453e+07 1.172996e+07 1.189037e+07 1.203071e+07 1.251987e+07 1.271212e+07 1.260633e+07 1.223675e+07 1.169743e+07 1.109757e+07 9.997681e+06 9.172744e+06 8.589335e+06 8.173122e+06 7.867370e+06 7.635128e+06 6.666328e+06 6.291394e+06 5.994691e+06 5.655027e+06
1.031771e+07 1.031771e+07 1.031771e+07 1.031771e+07 1.031771e+07 1.031771e+07 1.031772e+07 1.032808e+07 1.035984e+07 1.042311e+07 1.063083e+07 1.088295e+07 1.112331e+07 1.133376e+07 1.151471e+07 1.167126e+07 1.180822e+07 1.228561e+07 1.247320e+07 1.236983e+07 1.200895e+07 1.148237e+07 1.089669e+07 9.822793e+06 9.017347e+06 8.447724e+06 8.041354e+06 7.742847e+06 7.516127e+06 6.570145e+06 6.202359e+06 5.916545e+06 5.590967e+06
1.013775e+07 1.013775e+07 1.013775e+07 1.013775e+07 1.013775e+07 1.013775e+07 1.013776e+07 1.014787e+07 1.017890e+07 1.024069e+07 1.044355e+07 1.068978e+07 1.092451e+07 1.113003e+07 1.130675e+07 1.145962e+07 1.159336e+07 1.205949e+07 1.224257e+07 1.214153e+07 1.178899e+07 1.127462e+07 1.070254e+07 9.653583e+06 8.866843e+06 8.310455e+06 7.913539e+06 7.621995e+06 7.400586e+06 6.476725e+06 6.115847e+06 5.840070e+06 5.527907e+06
9.963037e+06 9.963037e+06 9.963037e+06 9.963037e+06 9.963037e+06 9.963036e+06 9.963044e+06 9.972938e+06 1.000327e+07 1.006366e+07 1.026196e+07 1.050263e+07 1.073205e+07 1.093292e+07 1.110561e+07 1.125499e+07 1.138566e+07 1.184098e+07 1.201973e+07 1.192090e+07 1.157637e+07 1.107374e+07 1.051472e+07 9.489710e+06 8.720939e+06 8.177269e+06 7.789441e+06 7.504594e+06 7.288295e+06 6.385896e+06 6.031736e+06 5.765224e+06 5.465825e+06
9.794132e+06 9.794132e+06 9.794132e+06 9.794132e+06 9.794132e+06 9.794132e+06 9.794139e+06 9.803810e+06 9.833457e+06 9.892499e+06 1.008634e+07 1.032160e+07 1.054586e+07 1.074220e+07 1.091099e+07 1.105699e+07 1.118470e+07 1.162961e+07 1.180420e+07 1.170751e+07 1.137068e+07 1.087932e+07 1.033285e+07 9.330865e+06 8.579370e+06 8.047931e+06 7.668848e+06 7.390446e+06 7.179069e+06 6.297504e+06 5.949913e+06 5.691967e+06 5.404699e+06
9.630654e+06 9.630654e+06 9.630654e+06 9.630654e+06 9.630654e+06 9.630654e+06 9.630660e+06 9.640114e+06 9.669099e+06 9.726826e+06 9.916354e+06 1.014638e+07 1.036565e+07 1.055761e+07 1.072264e+07 1.086537e+07 1.099022e+07 1.142509e+07 1.159565e+07 1.150099e+07 1.117154e+07 1.069102e+07 1.015661e+07 9.176771e+06 8.441899e+06 7.922232e+06 7.551566e+06 7.279373e+06 7.072739e+06 6.211407e+06 5.870269e+06 5.620261e+06 5.344512e+06
9.472039e+06 9.472039e+06 9.472039e+06 9.472039e+06 9.472039e+06 9.472039e+06 9.472045e+06 9.481294e+06 9.509652e+06 9.566130e+06 9.751556e+06 9.976599e+06 1.019112e+07 1.037890e+07 1.054032e+07 1.067993e+07 1.080202e+07 1.122718e+07 1.139378e+07 1.130101e+07 1.097863e+07 1.050850e+07 9.985702e+06 9.027176e+06 8.308310e+06 7.799979e+06 7.437424e+06 7.171213e+06 6.969153e+06 6.127478e+06 5.792703e+06 5.550065e+06 5.285244e+06
9.318001e+06 9.318001e+06 9.318001e+06 9.318001e+06 9.318001e+06 9.318001e+06 9.318007e+06 9.327059e+06 9.354816e+06 9.410095e+06 9.591584e+06 9.811843e+06 1.002179e+07 1.020557e+07 1.036352e+07 1.050011e+07 1.061956e+07 1.103535e+07 1.119812e+07 1.110714e+07 1.079156e+07 1.033146e+07 9.819835e+06 8.881848e+06 8.178404e+06 7.681000e+06 7.326261e+06 7.065820e+06 6.868173e+06 6.045601e+06 5.717118e+06 5.481342e+06 5.226882e+06
9.168290e+06 9.168290e+06 9.168290e+06 9.168290e+06 9.168290e+06 9.168289e+06 9.168295e+06 9.177156e+06 9.204325e+06 9.258436e+06 9.436090e+06 9.651693e+06 9.857201e+06 1.003708e+07 1.019168e+07 1.032535e+07 1.044224e+07 1.084904e+07 1.100818e+07 1.091899e+07 1.061000e+07 1.015958e+07 9.658747e+06 8.740570e+06 8.052000e+06 7.565132e+06 7.217934e+06 6.963061e+06 6.769675e+06 5.965671e+06 5.643423e+06 5.414055e+06 5.169409e+06
9.022618e+06 9.022618e+06 9.022618e+06 9.022618e+06 9.022618e+06 9.022617e+06 9.022623e+06 9.031298e+06 9.057900e+06 9.110880e+06 9.284824e+06 9.495925e+06 9.697137e+06 9.873249e+06 1.002460e+07 1.015547e+07 1.026989e+07 1.066803e+07 1.082371e+07 1.073628e+07 1.043367e+07 9.992612e+06 9.502205e+06 8.603148e+06 7.928930e+06 7.452229e+06 7.112310e+06 6.862814e+06 6.673544e+06 5.887593e+06 5.571535e+06 5.348166e+06 5.112813e+06
8.880700e+06 8.880700e+06 8.880700e+06 8.880700e+06 8.880700e+06 8.880699e+06 8.880705e+06 8.889203e+06 8.915263e+06 8.967164e+06 9.137564e+06 9.344361e+06 9.541466e+06 9.713973e+06 9.862219e+06 9.990382e+06 1.010243e+07 1.049223e+07 1.064455e+07 1.055881e+07 1.026237e+07 9.830344e+06 9.350001e+06 8.469403e+06 7.809040e+06 7.342157e+06 7.009268e+06 6.764967e+06 6.579677e+06 5.811282e+06 5.501373e+06 5.283640e+06 5.057079e+06
8.742458e+06 8.742458e+06 8.742458e+06 8.742458e+06 8.742458e+06 8.742458e+06 8.742464e+06 8.750794e+06 8.776333e+06 8.827196e+06 8.994186e+06 9.196840e+06 9.389989e+06 9.559024e+06 9.704275e+06 9.829836e+06 9.939600e+06 1.032135e+07 1.047043e+07 1.038634e+07 1.009586e+07 9.672562e+06 9.201939e+06 8.339171e+06 7.692190e+06 7.234792e+06 6.908697e+06 6.669419e+06 6.487980e+06 5.736660e+06 5.432862e+06 5.220441e+06 5.002197e+06
8.607935e+06 8.607935e+06 8.607935e+06 8.607935e+06 8.607935e+06 8.607935e+06 8.607941e+06 8.616104e+06 8.641133e+06 8.690981e+06 8.854637e+06 9.053244e+06 9.242532e+06 9.408184e+06 9.550519e+06 9.673554e+06 9.781103e+06 1.015510e+07 1.030110e+07 1.021863e+07 9.933923e+06 9.519071e+06 9.057841e+06 8.212300e+06 7.578252e+06 7.130022e+06 6.810496e+06 6.576077e+06 6.398366e+06 5.663657e+06 5.365933e+06 5.158535e+06 4.948155e+06
8.476964e+06 8.476964e+06 8.476964e+06 8.476964e+06 8.476964e+06 8.476963e+06 8.476969e+06 8.484971e+06 8.509506e+06 8.558368e+06 8.718787e+06 8.913468e+06 9.099013e+06 9.261385e+06 9.400898e+06 9.521488e+06 9.626894e+06 9.993400e+06 1.013643e+07 1.005553e+07 9.776400e+06 9.369702e+06 8.917547e+06 8.088652e+06 7.467105e+06 7.027741e+06 6.714573e+06 6.484859e+06 6.310758e+06 5.592208e+06 5.300521e+06 5.097887e+06 4.894941e+06
8.349423e+06 8.349423e+06 8.349423e+06 8.349423e+06 8.349423e+06 8.349423e+06 8.349428e+06 8.357276e+06 8.381337e+06 8.429255e+06 8.586578e+06 8.777498e+06 8.959453e+06 9.118676e+06 9.255472e+06 9.373704e+06 9.477040e+06 9.836257e+06 9.976351e+06 9.896909e+06 9.623135e+06 9.224299e+06 8.780905e+06 7.968097e+06 7.358641e+06 6.927856e+06 6.620842e+06 6.395687e+06 6.225085e+06 5.522256e+06 5.236563e+06 5.038466e+06 4.842544e+06
8.225143e+06 8.225143e+06 8.225143e+06 8.225143e+06 8.225143e+06 8.225143e+06 8.225148e+06 8.232847e+06 8.256453e+06 8.303466e+06 8.457811e+06 8.645113e+06 8.823612e+06 8.979798e+06 9.113973e+06 9.229926e+06 9.331258e+06 9.683402e+06 9.820616e+06 9.742553e+06 9.473934e+06 9.082688e+06 8.647760e+06 7.850511e+06 7.252754e+06 6.830278e+06 6.529228e+06 6.308491e+06 6.141284e+06 5.453748e+06 5.174004e+06 4.980238e+06 4.790956e+06
8.103993e+06 8.103993e+06 8.103993e+06 8.103993e+06 8.103993e+06 8.103993e+06 8.103998e+06 8.111551e+06 8.134709e+06 8.180829e+06 8.332244e+06 8.515989e+06 8.691096e+06 8.844310e+06 8.975928e+06 9.089665e+06 9.189057e+06 9.534403e+06 9.668886e+06 9.592193e+06 9.328579e+06 8.944685e+06 8.517956e+06 7.735771e+06 7.149350e+06 6.734926e+06 6.439659e+06 6.223209e+06 6.059296e+06 5.386635e+06 5.112789e+06 4.923171e+06 4.740164e+06
7.985800e+06 7.985800e+06 7.985800e+06 7.985800e+06 7.985800e+06 7.985800e+06 7.985804e+06 7.993212e+06 8.015926e+06 8.061165e+06 8.209690e+06 8.389932e+06 8.561704e+06 8.712004e+06 8.841123e+06 8.952704e+06 9.050214e+06 9.389024e+06 9.520931e+06 9.445614e+06 9.186879e+06 8.810124e+06 8.391346e+06 7.623769e+06 7.048339e+06 6.641728e+06 6.352073e+06 6.139783e+06 5.979069e+06 5.320873e+06 5.052868e+06 4.867236e+06 4.690160e+06
7.870230e+06 7.870230e+06 7.870230e+06 7.870230e+06 7.870230e+06 7.870229e+06 7.870234e+06 7.877503e+06 7.899793e+06 7.944187e+06 8.089938e+06 8.266815e+06 8.435379e+06 8.582873e+06 8.709580e+06 8.819078e+06 8.914766e+06 9.247239e+06 9.376652e+06 9.302682e+06 9.048691e+06 8.678866e+06 8.267805e+06 7.514404e+06 6.949644e+06 6.550617e+06 6.266412e+06 6.058164e+06 5.900555e+06 5.256422e+06 4.994195e+06 4.812403e+06 4.640933e+06
7.757094e+06 7.757094e+06 7.757094e+06 7.757094e+06 7.757094e+06 7.757094e+06 7.757099e+06 7.764238e+06 7.786126e+06 7.829718e+06 7.972832e+06 8.146506e+06 8.312015e+06 8.456828e+06 8.581226e+06 8.688722e+06 8.782654e+06 9.108979e+06 9.235953e+06 9.163279e+06 8.913888e+06 8.550791e+06 8.147224e+06 7.407590e+06 6.853194e+06 6.461536e+06 6.182626e+06 5.978305e+06 5.823714e+06 5.193245e+06 4.936726e+06 4.758641e+06 4.592473e+06
7.646513e+06 7.646513e+06 7.646513e+06 7.646513e+06 7.646513e+06 7.646513e+06 7.646518e+06 7.653530e+06 7.675028e+06 7.717843e+06 7.858404e+06 8.028976e+06 8.191526e+06 8.333745e+06 8.455908e+06 8.561465e+06 8.653699e+06 8.974075e+06 9.098686e+06 9.027271e+06 8.782347e+06 8.425786e+06 8.029500e+06 7.303249e+06 6.758928e+06 6.374433e+06 6.100670e+06 5.900163e+06 5.748503e+06 5.131306e+06 4.880419e+06 4.705923e+06 4.544771e+06
7.538568e+06 7.538568e+06 7.538568e+06 7.538568e+06 7.538568e+06 7.538568e+06 7.538572e+06 7.545459e+06 7.566572e+06 7.608621e+06 7.746667e+06 7.914187e+06 8.073828e+06 8.213503e+06 8.333480e+06 8.437148e+06 8.527730e+06 8.842353e+06 8.964698e+06 8.894521e+06 8.653947e+06 8.303747e+06 7.914545e+06 7.201313e+06 6.666792e+06 6.289262e+06 6.020501e+06 5.823702e+06 5.674889e+06 5.070574e+06 4.825236e+06 4.654221e+06 4.497815e+06
