0.000000e+00 0.000000e+00 0.000000e+00 0.000000e+00 0.000000e+00 2.099779e-194 3.261636e-99 2.366536e-51 1.189057e-41 3.942437e-35 6.800067e-27 6.955375e-22 1.682028e-18 4.736190e-16 3.492718e-14 1.071678e-12 1.814488e-11 2.132354e-07 3.845256e-05 9.768288e-04 9.020465e-03 4.697129e-02 1.721697e-01 1.229253e+00 5.216935e+00 1.592551e+01 3.885459e+01 8.093000e+01 1.502261e+02 4.450128e+03 1.932818e+04 4.165848e+04 6.451451e+04
0.000000e+00 0.000000e+00 0.000000e+00 0.000000e+00 0.000000e+00 4.860815e-193 1.053288e-98 3.688241e-51 1.657264e-41 5.133041e-35 8.190045e-27 8.025438e-22 1.889127e-18 5.221855e-16 3.799435e-14 1.153948e-12 1.938193e-11 2.225486e-07 3.968742e-05 1.001628e-03 9.209798e-03 4.781150e-02 1.748525e-01 1.244471e+00 5.270460e+00 1.606488e+01 3.915075e+01 8.147584e+01 1.511338e+02 4.462955e+03 1.936353e+04 4.171174e+04 6.457446e+04
0.000000e+00 0.000000e+00 0.000000e+00 0.000000e+00 0.000000e+00 5.885463e-191 7.550420e-98 7.642315e-51 2.777089e-41 7.591993e-35 1.059789e-26 9.694147e-22 2.189995e-18 5.892178e-16 4.206652e-14 1.259897e-12 2.093642e-11 2.334106e-07 4.107409e-05 1.028846e-03 9.414426e-03 4.870964e-02 1.776966e-01 1.260418e+00 5.326110e+00 1.620897e+01 3.945567e+01 8.203598e+01 1.520628e+02 4.475928e+03 1.939914e+04 4.176529e+04 6.463465e+04
0.000000e+00 0.000000e+00 0.000000e+00 0.000000e+00 0.000000e+00 1.073090e-188 7.641506e-97 1.930582e-50 5.471566e-41 1.273141e-34 1.473605e-26 1.226010e-21 2.621436e-18 6.807285e-16 4.742419e-14 1.395322e-12 2.287758e-11 2.460410e-07 4.262859e-05 1.058685e-03 9.635416e-03 4.966918e-02 1.807104e-01 1.277123e+00 5.383960e+00 1.635794e+01 3.976957e+01 8.261075e+01 1.530136e+02 4.489048e+03 1.943500e+04 4.181912e+04 6.469507e+04
0.000000e+00 0.000000e+00 0.000000e+00 0.000000e+00 0.000000e+00 2.323289e-186 9.142031e-96 5.478337e-50 1.185181e-40 2.326959e-34 2.195963e-26 1.624455e-21 3.239098e-18 8.050457e-16 5.443393e-14 1.567488e-12 2.528968e-11 2.606874e-07 4.436836e-05 1.091362e-03 9.873895e-03 5.069372e-02 1.839027e-01 1.294618e+00 5.444083e+00 1.651191e+01 4.009269e+01 8.320048e+01 1.539865e+02 4.502317e+03 1.947113e+04 4.187323e+04 6.475573e+04
0.000000e+00 0.000000e+00 0.000000e+00 0.000000e+00 0.000000e+00 5.534841e-184 1.198615e-94 1.692863e-49 2.752569e-40 4.502021e-34 3.431531e-26 2.246117e-21 4.135758e-18 9.746751e-16 6.360347e-14 1.785924e-12 2.827876e-11 2.776318e-07 4.631250e-05 1.127110e-03 1.013106e-02 5.178707e-02 1.872826e-01 1.312935e+00 5.506558e+00 1.667103e+01 4.042525e+01 8.380549e+01 1.549822e+02 4.515736e+03 1.950753e+04 4.192763e+04 6.481662e+04
0.000000e+00 0.000000e+00 0.000000e+00 0.000000e+00 0.000000e+00 1.401293e-181 1.666856e-93 5.544426e-49 6.751034e-40 9.126418e-34 5.547386e-26 3.200586e-21 5.431814e-18 1.208937e-15 7.568875e-14 2.063742e-12 3.198363e-11 2.971996e-07 4.848206e-05 1.166179e-03 1.040817e-02 5.295323e-02 1.908596e-01 1.332107e+00 5.571463e+00 1.683545e+01 4.076749e+01 8.442612e+01 1.560009e+02 4.529307e+03 1.954419e+04 4.198230e+04 6.487776e+04
0.000000e+00 0.000000e+00 0.000000e+00 0.000000e+00 0.000000e+00 3.700258e-179 2.415589e-92 1.890013e-48 1.723510e-39 1.921465e-33 9.228293e-26 4.665236e-21 7.283942e-18 1.529470e-15 9.172400e-14 2.420177e-12 3.659376e-11 3.197734e-07 5.090041e-05 1.208842e-03 1.070658e-02 5.419639e-02 1.946436e-01 1.352169e+00 5.638880e+00 1.700533e+01 4.111965e+01 8.506273e+01 1.570431e+02 4.543030e+03 1.958112e+04 4.203727e+04 6.493913e+04
0.000000e+00 0.000000e+00 0.000000e+00 0.000000e+00 0.000000e+00 1.007703e-176 3.608821e-91 6.633158e-48 4.531300e-39 4.165659e-33 1.574160e-25 6.932699e-21 9.927894e-18 1.964687e-15 1.127912e-13 2.877894e-12 4.237808e-11 3.458102e-07 5.359374e-05 1.255390e-03 1.102772e-02 5.552099e-02 1.986452e-01 1.373156e+00 5.708894e+00 1.718081e+01 4.148198e+01 8.571566e+01 1.581094e+02 4.556907e+03 1.961831e+04 4.209252e+04 6.500073e+04
0.000000e+00 0.000000e+00 0.000000e+00 0.000000e+00 0.000000e+00 2.809785e-174 5.518902e-90 2.380552e-47 1.218167e-38 9.236517e-33 2.742967e-25 1.048320e-20 1.372171e-17 2.554922e-15 1.403207e-13 3.460797e-12 4.961032e-11 3.758658e-07 5.659171e-05 1.306147e-03 1.137313e-02 5.693172e-02 2.028751e-01 1.395106e+00 5.781589e+00 1.736207e+01 4.185473e+01 8.638526e+01 1.592002e+02 4.570940e+03 1.965578e+04 4.214805e+04 6.506258e+04
0.000000e+00 0.000000e+00 0.000000e+00 0.000000e+00 0.000000e+00 7.981697e-172 8.597401e-89 8.696758e-47 3.332805e-38 2.084439e-32 4.864316e-25 1.610112e-20 1.920772e-17 3.357887e-15 1.762537e-13 4.200155e-12 5.859573e-11 4.106296e-07 5.992819e-05 1.361464e-03 1.174446e-02 5.843354e-02 2.073449e-01 1.418057e+00 5.857054e+00 1.754925e+01 4.223816e+01 8.707191e+01 1.603159e+02 4.585130e+03 1.969352e+04 4.220388e+04 6.512467e+04
0.000000e+00 0.000000e+00 0.000000e+00 0.000000e+00 0.000000e+00 4.687776e-147 1.239816e-76 6.237992e-41 1.315626e-33 1.193033e-28 2.498949e-22 1.949520e-18 8.893191e-16 7.868973e-14 2.498459e-12 4.060412e-11 4.200392e-10 1.258586e-06 1.241754e-04 2.281390e-03 1.736994e-02 7.983034e-02 2.682569e-01 1.712236e+00 6.785713e+00 1.978622e+01 4.672016e+01 9.496054e+01 1.729562e+02 4.735984e+03 2.008616e+04 4.277820e+04 6.575883e+04
0.000000e+00 0.000000e+00 0.000000e+00 0.000000e+00 0.000000e+00 4.238303e-122 2.750717e-64 6.859211e-35 7.935202e-29 1.039193e-24 1.940169e-19 3.554538e-16 6.181265e-14 2.748590e-12 5.209255e-11 5.666160e-10 4.251064e-09 4.936211e-06 3.136858e-04 4.494762e-03 2.912582e-02 1.198566e-01 3.728695e-01 2.163931e+00 8.114520e+00 2.283176e+01 5.259833e+01 1.050076e+02 1.886783e+02 4.904155e+03 2.050765e+04 4.338246e+04 6.641748e+04
0.000000e+00 0.000000e+00 0.000000e+00 0.000000e+00 0.000000e+00 4.572353e-97 7.281634e-52 8.995698e-29 5.706393e-24 1.078710e-20 1.792441e-16 7.695738e-14 5.090036e-12 1.135451e-10 1.283535e-09 9.344477e-09 5.085817e-08 2.253048e-05 8.900958e-04 9.734925e-03 5.322095e-02 1.946918e-01 5.552388e-01 2.863619e+00 1.001055e+01 2.695289e+01 6.025545e+01 1.177200e+02 2.081151e+02 5.091189e+03 2.095953e+04 4.401768e+04 6.710111e+04
0.000000e+00 0.000000e+00 0.000000e+00 0.000000e+00 0.000000e+00 5.434117e-72 2.123471e-39 1.299544e-22 4.519854e-19 1.233167e-16 1.823102e-13 1.833379e-11 4.608765e-10 5.152939e-09 3.470933e-08 1.689855e-07 6.667862e-07 1.127276e-04 2.749991e-03 2.260149e-02 1.029008e-01 3.323957e-01 8.663301e-01 3.950762e+00 1.274924e+01 3.254482e+01 7.021246e+01 1.337483e+02 2.320448e+02 5.298720e+03 2.144339e+04 4.468486e+04 6.781015e+04
0.000000e+00 0.000000e+00 0.000000e+00 0.000000e+00 3.043174e-203 6.866112e-47 6.583458e-27 1.995830e-16 3.805846e-14 1.498603e-12 1.970941e-10 4.641649e-09 4.433535e-08 2.483583e-07 9.963325e-07 3.241934e-06 9.268310e-06 5.971718e-04 8.999856e-03 5.537308e-02 2.082460e-01 5.892395e-01 1.396166e+00 5.607790e+00 1.667708e+01 4.020753e+01 8.323234e+01 1.539701e+02 2.614618e+02 5.528483e+03 2.196082e+04 4.538498e+04 6.854503e+04
0.000000e+00 0.000000e+00 0.000000e+00 1.956653e-145 3.052619e-77 9.049909e-22 2.129179e-14 3.197214e-10 3.342064e-09 1.898693e-08 2.219357e-07 1.222381e-06 4.429487e-06 1.241203e-05 2.961279e-05 6.433345e-05 1.332044e-04 3.279272e-03 3.058491e-02 1.408952e-01 4.365402e-01 1.076800e+00 2.308075e+00 8.119050e+00 2.222224e+01 5.057470e+01 1.003277e+02 1.796514e+02 2.976944e+02 5.782331e+03 2.251348e+04 4.611900e+04 6.930611e+04
4.362780e-05 4.362662e-05 4.362784e-05 4.364144e-05 4.368270e-05 4.500285e-05 4.914498e-05 6.637808e-05 8.033256e-05 9.868425e-05 1.517617e-04 2.330474e-04 3.520991e-04 5.232513e-04 7.740239e-04 1.161368e-03 1.793356e-03 1.817600e-02 1.061661e-01 3.668621e-01 9.362412e-01 2.010178e+00 3.888585e+00 1.192715e+01 2.999371e+01 6.442711e+01 1.224691e+02 2.122013e+02 3.425929e+02 6.062264e+03 2.310301e+04 4.688786e+04 7.009374e+04
4.790749e-03 4.790730e-03 4.789394e-03 4.764175e-03 4.762317e-03 4.775811e-03 4.820892e-03 5.006781e-03 5.148022e-03 5.322168e-03 5.773143e-03 6.375458e-03 7.179023e-03 8.318497e-03 1.007192e-02 1.289940e-02 1.744800e-02 9.778735e-02 3.691867e-01 9.610896e-01 2.023417e+00 3.786676e+00 6.616827e+00 1.769508e+01 4.084957e+01 8.280272e+01 1.508568e+02 2.529524e+02 3.978569e+02 6.370463e+03 2.373113e+04 4.769247e+04 7.090822e+04
3.794865e-02 3.794633e-02 3.793043e-02 3.790635e-02 3.790761e-02 3.794795e-02 3.807424e-02 3.859854e-02 3.901989e-02 3.957987e-02 4.134352e-02 4.466280e-02 5.083078e-02 6.153143e-02 7.861345e-02 1.038801e-01 1.389536e-01 5.024037e-01 1.248750e+00 2.467038e+00 4.313332e+00 7.081395e+00 1.123875e+01 2.636829e+01 5.596826e+01 1.070758e+02 1.870072e+02 3.035302e+02 4.651746e+02 6.709342e+03 2.439956e+04 4.853373e+04 7.174982e+04
2.632480e-01 2.632215e-01 2.632220e-01 2.632382e-01 2.632886e-01 2.649047e-01 2.700898e-01 2.929846e-01 3.112753e-01 3.343238e-01 3.953104e-01 4.769792e-01 5.795927e-01 7.025538e-01 8.447564e-01 1.004976e+00 1.182135e+00 2.304753e+00 3.846287e+00 5.929166e+00 8.801445e+00 1.288937e+01 1.880568e+01 3.923504e+01 7.692363e+01 1.390410e+02 2.328347e+02 3.659001e+02 5.465402e+02 7.081602e+03 2.511011e+04 4.941249e+04 7.261876e+04
4.834404e+00 4.834405e+00 4.834407e+00 4.834464e+00 4.834643e+00 4.840362e+00 4.858054e+00 4.921492e+00 4.962713e+00 5.008526e+00 5.112608e+00 5.233873e+00 5.374079e+00 5.534787e+00 5.717018e+00 5.921380e+00 6.148257e+00 7.632337e+00 9.751435e+00 1.265888e+01 1.669742e+01 2.244589e+01 3.066786e+01 5.800496e+01 1.057809e+02 1.809993e+02 2.907285e+02 4.424335e+02 6.442693e+02 7.490317e+03 2.586463e+04 5.032959e+04 7.351522e+04
1.402198e+01 1.402198e+01 1.402198e+01 1.402202e+01 1.402214e+01 1.402601e+01 1.403810e+01 1.408657e+01 1.412259e+01 1.416588e+01 1.427191e+01 1.440093e+01 1.455160e+01 1.472462e+01 1.492193e+01 1.514588e+01 1.539880e+01 1.715738e+01 1.984339e+01 2.368767e+01 2.920831e+01 3.719080e+01 4.854333e+01 8.495964e+01 1.452343e+02 2.358484e+02 3.636093e+02 5.359523e+02 7.610372e+02 7.939044e+03 2.666506e+04 5.128584e+04 7.443932e+04
2.699217e+01 2.699217e+01 2.699217e+01 2.699221e+01 2.699232e+01 2.699601e+01 2.700751e+01 2.705349e+01 2.708812e+01 2.713088e+01 2.724303e+01 2.739482e+01 2.759015e+01 2.783101e+01 2.811768e+01 2.844943e+01 2.882508e+01 3.132874e+01 3.493992e+01 4.013931e+01 4.782594e+01 5.905450e+01 7.481687e+01 1.232240e+02 1.987870e+02 3.071672e+02 4.549504e+02 6.497318e+02 8.998896e+02 8.432039e+03 2.751344e+04 5.228201e+04 7.539116e+04
4.614428e+01 4.614428e+01 4.614428e+01 4.614440e+01 4.614476e+01 4.615402e+01 4.618071e+01 4.628379e+01 4.635955e+01 4.645058e+01 4.667501e+01 4.695056e+01 4.727230e+01 4.763702e+01 4.804280e+01 4.848861e+01 4.897417e+01 5.204471e+01 5.661256e+01 6.377195e+01 7.485758e+01 9.101924e+01 1.130888e+02 1.771543e+02 2.709361e+02 3.992544e+02 5.687418e+02 7.874465e+02 1.064209e+03 8.974836e+03 2.841193e+04 5.331888e+04 7.637077e+04
7.481743e+01 7.481743e+01 7.481743e+01 7.481748e+01 7.481764e+01 7.482287e+01 7.483891e+01 7.490137e+01 7.494764e+01 7.500397e+01 7.514702e+01 7.533131e+01 7.555824e+01 7.583000e+01 7.614939e+01 7.651990e+01 7.694585e+01 8.016720e+01 8.633299e+01 9.723432e+01 1.142398e+02 1.380759e+02 1.690292e+02 2.527578e+02 3.672508e+02 5.170463e+02 7.093634e+02 9.530553e+02 1.257634e+03 9.571660e+03 2.936286e+04 5.439718e+04 7.737815e+04
1.080450e+02 1.080450e+02 1.080450e+02 1.080450e+02 1.080451e+02 1.080483e+02 1.080589e+02 1.081059e+02 1.081440e+02 1.081935e+02 1.083328e+02 1.085350e+02 1.088076e+02 1.091551e+02 1.095823e+02 1.100970e+02 1.107123e+02 1.160679e+02 1.274035e+02 1.465506e+02 1.738564e+02 2.089838e+02 2.514950e+02 3.578602e+02 4.941504e+02 6.658271e+02 8.813440e+02 1.150629e+03 1.483955e+03 1.022465e+04 3.036872e+04 5.551766e+04 7.841325e+04
1.485733e+02 1.485733e+02 1.485733e+02 1.485734e+02 1.485738e+02 1.485854e+02 1.486246e+02 1.487900e+02 1.489156e+02 1.490684e+02 1.494478e+02 1.499164e+02 1.504801e+02 1.511703e+02 1.520412e+02 1.531593e+02 1.545912e+02 1.680121e+02 1.926965e+02 2.270255e+02 2.691394e+02 3.179219e+02 3.728737e+02 5.013973e+02 6.581554e+02 8.506896e+02 1.089024e+03 1.384154e+03 1.747003e+03 1.093638e+04 3.143225e+04 5.668104e+04 7.947597e+04
2.036170e+02 2.036170e+02 2.036170e+02 2.036170e+02 2.036168e+02 2.036135e+02 2.036249e+02 2.038206e+02 2.040301e+02 2.043299e+02 2.052921e+02 2.069360e+02 2.094762e+02 2.130304e+02 2.176088e+02 2.231419e+02 2.295157e+02 2.697821e+02 3.170626e+02 3.681344e+02 4.230097e+02 4.822117e+02 5.462500e+02 6.912451e+02 8.646159e+02 1.075859e+03 1.336221e+03 1.657380e+03 2.050582e+03 1.170956e+04 3.255647e+04 5.788804e+04 8.056617e+04
3.773825e+02 3.773826e+02 3.773827e+02 3.773882e+02 3.774054e+02 3.779554e+02 3.796722e+02 3.862485e+02 3.907146e+02 3.956570e+02 4.062586e+02 4.170613e+02 4.275917e+02 4.376690e+02 4.472625e+02 4.564135e+02 4.651953e+02 5.064591e+02 5.491268e+02 5.971822e+02 6.514959e+02 7.119461e+02 7.784637e+02 9.312812e+02 1.116474e+03 1.344191e+03 1.626054e+03 1.973783e+03 2.398490e+03 1.254694e+04 3.374482e+04 5.913940e+04 8.168367e+04
8.750943e+02 8.750943e+02 8.750943e+02 8.750943e+02 8.750942e+02 8.750926e+02 8.750679e+02 8.745148e+02 8.737966e+02 8.727349e+02 8.696267e+02 8.654722e+02 8.607113e+02 8.557906e+02 8.510898e+02 8.469017e+02 8.434361e+02 8.400846e+02 8.594776e+02 8.957929e+02 9.438360e+02 1.000795e+03 1.065677e+03 1.220198e+03 1.413978e+03 1.657208e+03 1.961081e+03 2.336711e+03 2.794636e+03 1.345140e+04 3.500129e+04 6.043589e+04 8.282825e+04
1.084522e+03 1.084522e+03 1.084522e+03 1.084523e+03 1.084526e+03 1.084613e+03 1.084882e+03 1.085917e+03 1.086660e+03 1.087540e+03 1.089703e+03 1.092422e+03 1.095756e+03 1.099748e+03 1.104401e+03 1.109677e+03 1.115511e+03 1.150401e+03 1.190347e+03 1.233787e+03 1.281905e+03 1.336418e+03 1.398922e+03 1.553428e+03 1.755709e+03 2.015785e+03 2.343783e+03 2.749720e+03 3.243256e+03 1.442585e+04 3.633116e+04 6.177827e+04 8.399965e+04
1.401346e+03 1.401346e+03 1.401346e+03 1.401351e+03 1.401367e+03 1.401883e+03 1.403487e+03 1.409558e+03 1.413778e+03 1.418630e+03 1.429759e+03 1.442047e+03 1.454764e+03 1.467406e+03 1.479662e+03 1.491361e+03 1.502426e+03 1.548780e+03 1.585732e+03 1.621388e+03 1.661660e+03 1.710259e+03 1.769504e+03 1.925885e+03 2.140344e+03 2.421294e+03 2.777279e+03 3.217007e+03 3.749175e+03 1.547336e+04 3.773893e+04 6.316738e+04 8.519759e+04
2.156165e+03 2.156165e+03 2.156164e+03 2.156159e+03 2.156144e+03 2.155646e+03 2.154093e+03 2.148045e+03 2.143770e+03 2.138859e+03 2.127726e+03 2.115713e+03 2.103595e+03 2.091877e+03 2.080861e+03 2.070723e+03 2.061554e+03 2.030880e+03 2.023380e+03 2.035208e+03 2.063800e+03 2.108016e+03 2.167628e+03 2.334362e+03 2.568664e+03 2.876873e+03 3.266077e+03 3.743837e+03 4.318039e+03 1.659710e+04 3.922436e+04 6.460412e+04 8.642173e+04
2.383279e+03 2.383279e+03 2.383279e+03 2.383279e+03 2.383279e+03 2.383283e+03 2.383287e+03 2.383290e+03 2.383287e+03 2.383283e+03 2.383273e+03 2.383266e+03 2.383266e+03 2.383282e+03 2.383327e+03 2.383424e+03 2.383605e+03 2.387330e+03 2.399850e+03 2.424972e+03 2.464440e+03 2.519116e+03 2.589681e+03 2.781341e+03 3.045496e+03 3.388435e+03 3.816595e+03 4.336813e+03 4.956438e+03 1.780038e+04 4.078766e+04 6.608947e+04 8.767173e+04
2.585104e+03 2.585104e+03 2.585104e+03 2.585109e+03 2.585121e+03 2.585524e+03 2.586781e+03 2.591728e+03 2.595284e+03 2.599425e+03 2.609009e+03 2.619632e+03 2.630652e+03 2.641657e+03 2.652430e+03 2.662884e+03 2.673013e+03 2.720620e+03 2.768515e+03 2.822071e+03 2.884956e+03 2.959979e+03 3.049354e+03 3.277797e+03 3.580567e+03 3.964973e+03 4.437278e+03 5.003894e+03 5.671879e+03 1.908663e+04 4.242913e+04 6.762455e+04 8.894723e+04
3.177858e+03 3.177857e+03 3.177857e+03 3.177854e+03 3.177842e+03 3.177472e+03 3.176314e+03 3.171766e+03 3.168562e+03 3.164955e+03 3.157268e+03 3.149984e+03 3.143972e+03 3.139716e+03 3.137419e+03 3.137095e+03 3.138649e+03 3.168627e+03 3.222064e+03 3.289518e+03 3.369315e+03 3.462654e+03 3.571305e+03 3.840732e+03 4.187358e+03 4.617962e+03 5.138226e+03 5.754138e+03 6.472593e+03 2.045940e+04 4.414899e+04 6.921067e+04 9.024784e+04
3.555359e+03 3.555359e+03 3.555359e+03 3.555364e+03 3.555379e+03 3.555846e+03 3.557292e+03 3.562681e+03 3.566410e+03 3.570734e+03 3.580926e+03 3.592729e+03 3.605564e+03 3.618895e+03 3.632310e+03 3.645541e+03 3.658450e+03 3.718894e+03 3.780987e+03 3.854453e+03 3.943924e+03 4.051258e+03 4.177325e+03 4.488103e+03 4.880927e+03 5.360218e+03 5.930510e+03 6.597252e+03 7.367214e+03 2.192231e+04 4.594732e+04 7.084951e+04 9.157318e+04
4.440320e+03 4.440320e+03 4.440320e+03 4.440321e+03 4.440321e+03 4.440218e+03 4.439772e+03 4.437797e+03 4.436265e+03 4.434372e+03 4.429573e+03 4.423688e+03 4.417234e+03 4.410815e+03 4.404986e+03 4.400183e+03 4.396699e+03 4.402482e+03 4.444763e+03 4.517441e+03 4.616247e+03 4.738622e+03 4.883141e+03 5.236599e+03 5.676357e+03 6.204818e+03 6.825421e+03 7.543061e+03 8.364399e+03 2.347902e+04 4.782400e+04 7.254349e+04 9.292285e+04
4.908816e+03 4.908816e+03 4.908816e+03 4.908824e+03 4.908848e+03 4.909623e+03 4.911922e+03 4.919410e+03 4.924110e+03 4.929315e+03 4.941021e+03 4.954073e+03 4.967956e+03 4.982190e+03 4.996421e+03 5.010451e+03 5.024226e+03 5.092621e+03 5.172172e+03 5.272228e+03 5.394732e+03 5.539282e+03 5.705428e+03 6.102598e+03 6.588099e+03 7.164261e+03 7.833776e+03 8.600991e+03 9.472446e+03 2.513323e+04 4.977872e+04 7.429548e+04 9.429649e+04
5.923055e+03 5.923055e+03 5.923055e+03 5.923049e+03 5.923030e+03 5.922434e+03 5.920580e+03 5.913858e+03 5.909582e+03 5.905027e+03 5.895776e+03 5.887303e+03 5.880576e+03 5.876308e+03 5.874917e+03 5.876556e+03 5.881180e+03 5.941495e+03 6.043111e+03 6.169550e+03 6.315624e+03 6.480861e+03 6.666253e+03 7.102030e+03 7.629118e+03 8.249708e+03 8.965345e+03 9.779635e+03 1.069896e+04 2.688856e+04 5.181097e+04 7.610300e+04 9.569373e+04
6.629278e+03 6.629278e+03 6.629278e+03 6.629290e+03 6.629325e+03 6.630472e+03 6.634054e+03 6.648012e+03 6.657875e+03 6.669240e+03 6.695340e+03 6.724309e+03 6.754557e+03 6.784938e+03 6.814744e+03 6.843620e+03 6.871470e+03 6.999762e+03 7.125329e+03 7.261592e+03 7.414557e+03 7.587614e+03 7.783095e+03 8.246641e+03 8.809471e+03 9.470352e+03 1.022847e+04 1.108645e+04 1.205061e+04 2.874860e+04 5.392006e+04 7.796330e+04 9.711428e+04
8.474614e+03 8.474613e+03 8.474613e+03 8.474604e+03 8.474577e+03 8.473694e+03 8.470936e+03 8.460157e+03 8.452590e+03 8.444010e+03 8.425125e+03 8.405823e+03 8.387878e+03 8.372502e+03 8.360388e+03 8.351825e+03 8.346818e+03 8.367201e+03 8.440786e+03 8.549954e+03 8.689337e+03 8.858173e+03 9.056598e+03 9.540909e+03 1.013577e+04 1.083335e+04 1.162997e+04 1.252761e+04 1.353293e+04 3.071685e+04 5.610508e+04 7.987396e+04 9.855790e+04
9.524589e+03 9.524590e+03 9.524590e+03 9.524600e+03 9.524630e+03 9.525602e+03 9.528637e+03 9.540556e+03 9.549039e+03 9.558810e+03 9.581026e+03 9.605083e+03 9.629328e+03 9.652629e+03 9.674348e+03 9.694253e+03 9.712400e+03 9.787220e+03 9.863739e+03 9.964875e+03 1.009928e+04 1.026942e+04 1.047500e+04 1.098528e+04 1.161295e+04 1.234461e+04 1.317534e+04 1.410790e+04 1.515017e+04 3.279669e+04 5.836496e+04 8.183249e+04 1.000245e+05
1.141857e+04 1.141857e+04 1.141857e+04 1.141856e+04 1.141853e+04 1.141768e+04 1.141501e+04 1.140463e+04 1.139740e+04 1.138922e+04 1.137111e+04 1.135226e+04 1.133423e+04 1.131819e+04 1.130492e+04 1.129481e+04 1.128800e+04 1.129837e+04 1.136453e+04 1.147314e+04 1.162167e+04 1.180945e+04 1.203457e+04 1.258440e+04 1.324744e+04 1.400970e+04 1.486882e+04 1.583062e+04 1.690516e+04 3.499136e+04 6.069841e+04 8.383624e+04 1.015142e+05
1.246019e+04 1.246019e+04 1.246019e+04 1.246020e+04 1.246024e+04 1.246148e+04 1.246534e+04 1.248001e+04 1.249002e+04 1.250133e+04 1.252679e+04 1.255479e+04 1.258410e+04 1.261372e+04 1.264295e+04 1.267131e+04 1.269861e+04 1.282188e+04 1.294450e+04 1.309206e+04 1.327602e+04 1.349766e+04 1.375374e+04 1.435272e+04 1.504856e+04 1.583369e+04 1.671289e+04 1.769709e+04 1.879905e+04 3.730399e+04 6.310393e+04 8.588240e+04 1.030276e+05
1.463991e+04 1.463991e+04 1.463991e+04 1.463990e+04 1.463987e+04 1.463885e+04 1.463578e+04 1.462602e+04 1.462040e+04 1.461466e+04 1.460323e+04 1.459240e+04 1.458268e+04 1.457457e+04 1.456851e+04 1.456484e+04 1.456384e+04 1.460316e+04 1.471653e+04 1.489348e+04 1.511950e+04 1.538182e+04 1.567126e+04 1.631192e+04 1.702560e+04 1.781893e+04 1.870691e+04 1.970602e+04 2.083111e+04 3.973752e+04 6.557982e+04 8.796796e+04 1.045661e+05
1.625639e+04 1.625639e+04 1.625639e+04 1.625640e+04 1.625644e+04 1.625706e+04 1.625813e+04 1.626109e+04 1.626297e+04 1.626514e+04 1.627036e+04 1.627688e+04 1.628493e+04 1.629487e+04 1.630710e+04 1.632199e+04 1.633985e+04 1.647746e+04 1.668649e+04 1.694283e+04 1.722609e+04 1.752452e+04 1.783307e+04 1.847953e+04 1.918046e+04 1.996105e+04 2.084532e+04 2.185297e+04 2.299874e+04 4.229477e+04 6.812412e+04 9.008970e+04 1.061273e+05
1.808498e+04 1.808498e+04 1.808498e+04 1.808500e+04 1.808504e+04 1.808632e+04 1.809030e+04 1.810535e+04 1.811604e+04 1.812868e+04 1.815965e+04 1.819779e+04 1.824246e+04 1.829274e+04 1.834761e+04 1.840604e+04 1.846707e+04 1.878807e+04 1.910569e+04 1.940887e+04 1.969954e+04 1.998290e+04 2.026500e+04 2.084977e+04 2.149816e+04 2.224522e+04 2.311670e+04 2.413050e+04 2.529808e+04 4.497833e+04 7.073464e+04 9.224420e+04 1.077077e+05
2.179643e+04 2.179643e+04 2.179643e+04 2.179643e+04 2.179645e+04 2.179694e+04 2.179850e+04 2.180461e+04 2.180897e+04 2.181401e+04 2.182561e+04 2.183869e+04 2.185299e+04 2.186852e+04 2.188542e+04 2.190382e+04 2.192383e+04 2.204716e+04 2.219855e+04 2.236372e+04 2.253725e+04 2.272052e+04 2.291782e+04 2.337420e+04 2.394159e+04 2.464600e+04 2.550508e+04 2.652973e+04 2.772527e+04 4.779057e+04 7.340888e+04 9.442787e+04 1.093042e+05
2.577954e+04 2.577954e+04 2.577954e+04 2.577953e+04 2.577952e+04 2.577900e+04 2.577740e+04 2.577097e+04 2.576617e+04 2.576035e+04 2.574597e+04 2.572867e+04 2.570941e+04 2.568907e+04 2.566836e+04 2.564782e+04 2.562783e+04 2.554313e+04 2.549031e+04 2.547228e+04 2.549103e+04 2.554831e+04 2.564560e+04 2.596517e+04 2.645864e+04 2.713339e+04 2.799438e+04 2.904337e+04 3.027858e+04 5.073357e+04 7.614403e+04 9.663692e+04 1.109137e+05
2.864330e+04 2.864330e+04 2.864330e+04 2.864330e+04 2.864330e+04 2.864340e+04 2.864371e+04 2.864495e+04 2.864583e+04 2.864683e+04 2.864883e+04 2.865023e+04 2.865026e+04 2.864822e+04 2.864361e+04 2.863612e+04 2.862563e+04 2.853503e+04 2.841570e+04 2.831218e+04 2.824976e+04 2.823882e+04 2.828251e+04 2.853460e+04 2.900313e+04 2.968449e+04 3.057506e+04 3.166964e+04 3.296062e+04 5.380902e+04 7.893693e+04 9.886740e+04 1.125333e+05
3.128368e+04 3.128368e+04 3.128368e+04 3.128367e+04 3.128364e+04 3.128276e+04 3.128003e+04 3.126993e+04 3.126303e+04 3.125509e+04 3.123634e+04 3.121410e+04 3.118878e+04 3.116088e+04 3.113100e+04 3.109974e+04 3.106767e+04 3.091095e+04 3.078432e+04 3.070164e+04 3.066686e+04 3.068192e+04 3.074860e+04 3.104309e+04 3.155830e+04 3.229534e+04 3.325031e+04 3.441555e+04 3.578020e+04 5.701807e+04 8.178404e+04 1.011152e+05 1.141601e+05
3.261661e+04 3.261661e+04 3.261661e+04 3.261660e+04 3.261658e+04 3.261569e+04 3.261305e+04 3.260519e+04 3.260090e+04 3.259665e+04 3.258858e+04 3.258140e+04 3.257536e+04 3.257070e+04 3.256759e+04 3.256620e+04 3.256661e+04 3.259461e+04 3.265472e+04 3.273323e+04 3.282804e+04 3.294579e+04 3.309566e+04 3.352224e+04 3.414772e+04 3.498643e+04 3.603895e+04 3.729837e+04 3.875294e+04 6.036124e+04 8.468141e+04 1.033762e+05 1.157909e+05
3.364830e+04 3.364830e+04 3.364830e+04 3.364831e+04 3.364835e+04 3.364948e+04 3.365302e+04 3.366716e+04 3.367773e+04 3.369055e+04 3.372253e+04 3.376201e+04 3.380770e+04 3.385828e+04 3.391251e+04 3.396926e+04 3.402756e+04 3.431861e+04 3.457848e+04 3.480401e+04 3.501376e+04 3.522927e+04 3.546772e+04 3.605596e+04 3.682779e+04 3.779962e+04 3.897376e+04 4.034455e+04 4.190045e+04 6.383817e+04 8.762464e+04 1.056459e+05 1.174228e+05
3.666303e+04 3.666303e+04 3.666303e+04 3.666303e+04 3.666304e+04 3.666330e+04 3.666411e+04 3.666736e+04 3.666982e+04 3.667289e+04 3.668100e+04 3.669203e+04 3.670603e+04 3.672283e+04 3.674209e+04 3.676342e+04 3.678644e+04 3.691704e+04 3.706503e+04 3.723725e+04 3.744560e+04 3.769790e+04 3.799737e+04 3.873938e+04 3.967022e+04 4.078949e+04 4.209665e+04 4.358660e+04 4.524825e+04 6.744747e+04 9.060886e+04 1.079200e+05 1.190526e+05
4.018397e+04 4.018397e+04 4.018397e+04 4.018396e+04 4.018393e+04 4.018292e+04 4.017981e+04 4.016841e+04 4.016073e+04 4.015198e+04 4.013160e+04 4.010773e+04 4.008075e+04 4.005122e+04 4.001989e+04 3.998764e+04 3.995544e+04 3.982494e+04 3.979471e+04 3.988618e+04 4.008906e+04 4.038368e+04 4.075155e+04 4.165701e+04 4.274901e+04 4.401443e+04 4.545238e+04 4.705886e+04 4.882286e+04 7.118643e+04 9.362873e+04 1.101938e+05 1.206771e+05
4.230049e+04 4.230049e+04 4.230049e+04 4.230048e+04 4.230044e+04 4.229942e+04 4.229624e+04 4.228395e+04 4.227551e+04 4.226611e+04 4.224581e+04 4.222510e+04 4.220526e+04 4.218718e+04 4.217155e+04 4.215895e+04 4.214984e+04 4.216769e+04 4.230416e+04 4.255587e+04 4.290423e+04 4.332732e+04 4.380719e+04 4.489633e+04 4.613604e+04 4.752918e+04 4.908237e+04 5.079307e+04 5.264881e+04 7.505090e+04 9.667840e+04 1.124630e+05 1.222934e+05
4.355816e+04 4.355816e+04 4.355816e+04 4.355818e+04 4.355823e+04 4.355976e+04 4.356455e+04 4.358369e+04 4.359804e+04 4.361553e+04 4.365957e+04 4.371462e+04 4.377900e+04 4.385098e+04 4.392900e+04 4.401179e+04 4.409836e+04 4.456785e+04 4.507639e+04 4.561245e+04 4.616867e+04 4.674012e+04 4.732595e+04 4.855424e+04 4.989295e+04 5.137649e+04 5.301871e+04 5.481443e+04 5.674607e+04 7.903496e+04 9.975152e+04 1.147228e+05 1.238982e+05
4.765106e+04 4.765106e+04 4.765106e+04 4.765107e+04 4.765109e+04 4.765180e+04 4.765401e+04 4.766311e+04 4.767028e+04 4.767939e+04 4.770382e+04 4.773692e+04 4.777887e+04 4.782967e+04 4.788915e+04 4.795695e+04 4.803261e+04 4.850655e+04 4.907789e+04 4.968058e+04 5.028182e+04 5.087479e+04 5.146656e+04 5.269487e+04 5.405092e+04 5.557757e+04 5.727964e+04 5.913932e+04 6.112863e+04 8.313084e+04 1.028412e+05 1.169686e+05 1.254884e+05
5.345243e+04 5.345243e+04 5.345243e+04 5.345244e+04 5.345246e+04 5.345317e+04 5.345540e+04 5.346425e+04 5.347082e+04 5.347878e+04 5.349880e+04 5.352423e+04 5.355506e+04 5.359134e+04 5.363307e+04 5.368019e+04 5.373252e+04 5.406014e+04 5.445609e+04 5.487580e+04 5.530380e+04 5.574570e+04 5.621536e+04 5.728984e+04 5.859177e+04 6.012747e+04 6.186904e+04 6.377550e+04 6.580456e+04 8.732867e+04 1.059403e+05 1.191959e+05 1.270610e+05
6.029187e+04 6.029187e+04 6.029187e+04 6.029188e+04 6.029190e+04 6.029246e+04 6.029420e+04 6.030119e+04 6.030643e+04 6.031282e+04 6.032887e+04 6.034874e+04 6.037149e+04 6.039602e+04 6.042131e+04 6.044650e+04 6.047091e+04 6.057122e+04 6.064257e+04 6.072105e+04 6.084564e+04 6.104499e+04 6.133579e+04 6.221149e+04 6.345555e+04 6.500366e+04 6.678251e+04 6.872550e+04 7.077745e+04 9.161642e+04 1.090409e+05 1.214000e+05 1.286130e+05
6.780522e+04 6.780522e+04 6.780522e+04 6.780521e+04 6.780515e+04 6.780338e+04 6.779788e+04 6.777704e+04 6.776270e+04 6.774627e+04 6.770805e+04 6.766350e+04 6.761320e+04 6.755762e+04 6.749727e+04 6.743271e+04 6.736460e+04 6.699568e+04 6.664463e+04 6.638549e+04 6.626421e+04 6.630013e+04 6.649385e+04 6.730850e+04 6.858322e+04 7.018866e+04 7.201847e+04 7.399162e+04 7.604829e+04 9.597983e+04 1.121350e+05 1.235765e+05 1.301413e+05
7.274118e+04 7.274118e+04 7.274118e+04 7.274116e+04 7.274111e+04 7.273932e+04 7.273374e+04 7.271148e+04 7.269499e+04 7.267519e+04 7.262670e+04 7.256794e+04 7.250052e+04 7.242585e+04 7.234524e+04 7.225995e+04 7.217125e+04 7.171780e+04 7.133709e+04 7.110757e+04 7.106034e+04 7.119615e+04 7.150026e+04 7.252792e+04 7.397317e+04 7.569470e+04 7.758815e+04 7.957931e+04 8.161612e+04 1.004024e+05 1.152140e+05 1.257208e+05 1.316431e+05
7.447032e+04 7.447032e+04 7.447032e+04 7.447032e+04 7.447033e+04 7.447060e+04 7.447144e+04 7.447481e+04 7.447732e+04 7.448030e+04 7.448729e+04 7.449482e+04 7.450210e+04 7.450876e+04 7.451488e+04 7.452082e+04 7.452713e+04 7.458622e+04 7.473603e+04 7.500686e+04 7.540236e+04 7.591360e+04 7.652682e+04 7.799986e+04 7.971127e+04 8.157220e+04 8.351623e+04 8.549544e+04 8.747587e+04 1.048656e+05 1.182693e+05 1.278287e+05 1.331157e+05
7.631825e+04 7.631825e+04 7.631825e+04 7.631826e+04 7.631826e+04 7.631855e+04 7.632001e+04 7.633045e+04 7.634020e+04 7.635314e+04 7.638872e+04 7.643738e+04 7.649911e+04 7.657378e+04 7.666100e+04 7.676018e+04 7.687054e+04 7.755649e+04 7.838422e+04 7.927747e+04 8.019982e+04 8.113698e+04 8.208408e+04 8.400186e+04 8.594219e+04 8.789000e+04 8.982802e+04 9.174023e+04 9.361346e+04 1.093487e+05 1.212919e+05 1.298958e+05 1.345563e+05
8.092604e+04 8.092604e+04 8.092604e+04 8.092607e+04 8.092616e+04 8.092904e+04 8.093805e+04 8.097405e+04 8.100104e+04 8.103399e+04 8.111745e+04 8.122312e+04 8.134894e+04 8.149249e+04 8.165136e+04 8.182336e+04 8.200655e+04 8.303920e+04 8.417567e+04 8.533996e+04 8.649317e+04 8.761837e+04 8.871066e+04 9.080178e+04 9.278908e+04 9.469358e+04 9.652723e+04 9.829526e+04 9.999924e+04 1.138296e+05 1.242730e+05 1.319182e+05 1.359625e+05
9.109224e+04 9.109224e+04 9.109224e+04 9.109224e+04 9.109225e+04 9.109244e+04 9.109305e+04 9.109628e+04 9.109983e+04 9.110531e+04 9.112328e+04 9.115187e+04 9.119188e+04 9.124364e+04 9.130719e+04 9.138237e+04 9.146886e+04 9.205233e+04 9.282865e+04 9.372111e+04 9.467129e+04 9.564071e+04 9.660651e+04 9.848460e+04 1.002697e+05 1.019634e+05 1.035750e+05 1.051130e+05 1.065829e+05 1.182848e+05 1.272034e+05 1.338919e+05 1.373317e+05
1.027316e+05 1.027316e+05 1.027316e+05 1.027316e+05 1.027316e+05 1.027318e+05 1.027324e+05 1.027348e+05 1.027366e+05 1.027387e+05 1.027440e+05 1.027504e+05 1.027580e+05 1.027671e+05 1.027782e+05 1.027918e+05 1.028088e+05 1.029631e+05 1.032602e+05 1.036952e+05 1.042377e+05 1.048535e+05 1.055135e+05 1.068880e+05 1.082620e+05 1.095971e+05 1.108814e+05 1.121128e+05 1.132920e+05 1.226897e+05 1.300744e+05 1.358132e+05 1.386619e+05
1.140862e+05 1.140862e+05 1.140862e+05 1.140862e+05 1.140862e+05 1.140860e+05 1.140855e+05 1.140834e+05 1.140819e+05 1.140800e+05 1.140755e+05 1.140701e+05 1.140641e+05 1.140576e+05 1.140509e+05 1.140440e+05 1.140372e+05 1.140139e+05 1.140374e+05 1.141370e+05 1.143211e+05 1.145818e+05 1.149046e+05 1.156753e+05 1.165345e+05 1.174238e+05 1.183127e+05 1.191859e+05 1.200357e+05 1.270197e+05 1.328773e+05 1.376786e+05 1.399507e+05
1.246180e+05 1.246180e+05 1.246180e+05 1.246180e+05 1.246180e+05 1.246179e+05 1.246173e+05 1.246152e+05 1.246136e+05 1.246116e+05 1.246064e+05 1.245996e+05 1.245913e+05 1.245813e+05 1.245697e+05 1.245566e+05 1.245421e+05 1.244522e+05 1.243502e+05 1.242626e+05 1.242107e+05 1.242056e+05 1.242494e+05 1.244665e+05 1.248123e+05 1.252387e+05 1.257113e+05 1.262074e+05 1.267122e+05 1.312503e+05 1.356039e+05 1.394848e+05 1.411964e+05
1.342407e+05 1.342407e+05 1.342407e+05 1.342407e+05 1.342407e+05 1.342405e+05 1.342397e+05 1.342368e+05 1.342346e+05 1.342319e+05 1.342250e+05 1.342162e+05 1.342055e+05 1.341929e+05 1.341783e+05 1.341619e+05 1.341436e+05 1.340239e+05 1.338636e+05 1.336783e+05 1.334878e+05 1.333094e+05 1.331546e+05 1.329360e+05 1.328383e+05 1.328410e+05 1.329190e+05 1.330505e+05 1.332184e+05 1.353580e+05 1.382463e+05 1.412288e+05 1.423971e+05
1.429047e+05 1.429047e+05 1.429047e+05 1.429047e+05 1.429047e+05 1.429045e+05 1.429037e+05 1.429007e+05 1.428983e+05 1.428954e+05 1.428879e+05 1.428781e+05 1.428659e+05 1.428513e+05 1.428343e+05 1.428150e+05 1.427933e+05 1.426505e+05 1.424540e+05 1.422136e+05 1.419439e+05 1.416605e+05 1.413774e+05 1.408509e+05 1.404092e+05 1.400605e+05 1.397957e+05 1.396001e+05 1.394592e+05 1.393204e+05 1.407971e+05 1.429079e+05 1.435512e+05
1.505858e+05 1.505858e+05 1.505858e+05 1.505858e+05 1.505857e+05 1.505854e+05 1.505844e+05 1.505803e+05 1.505772e+05 1.505734e+05 1.505638e+05 1.505514e+05 1.505363e+05 1.505186e+05 1.504983e+05 1.504755e+05 1.504502e+05 1.502874e+05 1.500679e+05 1.497978e+05 1.494867e+05 1.491464e+05 1.487895e+05 1.480683e+05 1.473857e+05 1.467710e+05 1.462311e+05 1.457618e+05 1.453538e+05 1.431174e+05 1.432496e+05 1.445196e+05 1.446574e+05
1.572078e+05 1.572078e+05 1.572078e+05 1.572078e+05 1.572078e+05 1.572075e+05 1.572064e+05 1.572023e+05 1.571993e+05 1.571956e+05 1.571862e+05 1.571743e+05 1.571597e+05 1.571426e+05 1.571228e+05 1.571005e+05 1.570756e+05 1.569134e+05 1.566918e+05 1.564160e+05 1.560930e+05 1.557319e+05 1.553427e+05 1.545193e+05 1.536887e+05 1.528922e+05 1.521495e+05 1.514662e+05 1.508406e+05 1.467309e+05 1.455979e+05 1.460618e+05 1.457143e+05
1.628502e+05 1.628502e+05 1.628502e+05 1.628502e+05 1.628502e+05 1.628499e+05 1.628490e+05 1.628454e+05 1.628427e+05 1.628394e+05 1.628309e+05 1.628200e+05 1.628066e+05 1.627908e+05 1.627726e+05 1.627519e+05 1.627288e+05 1.625773e+05 1.623680e+05 1.621045e+05 1.617916e+05 1.614359e+05 1.610450e+05 1.601906e+05 1.592889e+05 1.583853e+05 1.575076e+05 1.566698e+05 1.558777e+05 1.501459e+05 1.478366e+05 1.475325e+05 1.467210e+05
1.676138e+05 1.676138e+05 1.676138e+05 1.676138e+05 1.676138e+05 1.676135e+05 1.676126e+05 1.676091e+05 1.676065e+05 1.676033e+05 1.675954e+05 1.675854e+05 1.675732e+05 1.675589e+05 1.675424e+05 1.675238e+05 1.675030e+05 1.673668e+05 1.671776e+05 1.669371e+05 1.666482e+05 1.663151e+05 1.659433e+05 1.651086e+05 1.641947e+05 1.632450e+05 1.622909e+05 1.613528e+05 1.604426e+05 1.533500e+05 1.499614e+05 1.489303e+05 1.476766e+05
1.715962e+05 1.715962e+05 1.715962e+05 1.715962e+05 1.715962e+05 1.715960e+05 1.715953e+05 1.715926e+05 1.715905e+05 1.715880e+05 1.715816e+05 1.715733e+05 1.715631e+05 1.715511e+05 1.715371e+05 1.715212e+05 1.715034e+05 1.713854e+05 1.712197e+05 1.710072e+05 1.707493e+05 1.704485e+05 1.701080e+05 1.693257e+05 1.684409e+05 1.674910e+05 1.665077e+05 1.655147e+05 1.645289e+05 1.563339e+05 1.519685e+05 1.502539e+05 1.485803e+05
1.749244e+05 1.749244e+05 1.749244e+05 1.749244e+05 1.749244e+05 1.749242e+05 1.749235e+05 1.749208e+05 1.749188e+05 1.749164e+05 1.749104e+05 1.749029e+05 1.748937e+05 1.748830e+05 1.748707e+05 1.748568e+05 1.748413e+05 1.747397e+05 1.745972e+05 1.744136e+05 1.741890e+05 1.739242e+05 1.736209e+05 1.729090e+05 1.720787e+05 1.711602e+05 1.701822e+05 1.691700e+05 1.681438e+05 1.590913e+05 1.538554e+05 1.515023e+05 1.494318e+05
1.776775e+05 1.776775e+05 1.776775e+05 1.776775e+05 1.776775e+05 1.776773e+05 1.776769e+05 1.776750e+05 1.776735e+05 1.776718e+05 1.776673e+05 1.776615e+05 1.776544e+05 1.776459e+05 1.776361e+05 1.776248e+05 1.776122e+05 1.775278e+05 1.774079e+05 1.772521e+05 1.770599e+05 1.768311e+05 1.765659e+05 1.759306e+05 1.751677e+05 1.742989e+05 1.733492e+05 1.723435e+05 1.713041e+05 1.616190e+05 1.556199e+05 1.526751e+05 1.502305e+05
1.799718e+05 1.799718e+05 1.799718e+05 1.799718e+05 1.799718e+05 1.799716e+05 1.799711e+05 1.799692e+05 1.799678e+05 1.799661e+05 1.799618e+05 1.799564e+05 1.799500e+05 1.799424e+05 1.799338e+05 1.799240e+05 1.799132e+05 1.798421e+05 1.797417e+05 1.796108e+05 1.794480e+05 1.792524e+05 1.790229e+05 1.784619e+05 1.777687e+05 1.769573e+05 1.760485e+05 1.750661e+05 1.740332e+05 1.639163e+05 1.572612e+05 1.537718e+05 1.509764e+05
1.818605e+05 1.818605e+05 1.818605e+05 1.818605e+05 1.818605e+05 1.818604e+05 1.818601e+05 1.818589e+05 1.818579e+05 1.818568e+05 1.818539e+05 1.818501e+05 1.818454e+05 1.818398e+05 1.818332e+05 1.818257e+05 1.818172e+05 1.817597e+05 1.816767e+05 1.815670e+05 1.814294e+05 1.812622e+05 1.810639e+05 1.805687e+05 1.799397e+05 1.791848e+05 1.783211e+05 1.773710e+05 1.763576e+05 1.659852e+05 1.587789e+05 1.547925e+05 1.516695e+05
1.834398e+05 1.834398e+05 1.834398e+05 1.834398e+05 1.834398e+05 1.834397e+05 1.834394e+05 1.834381e+05 1.834372e+05 1.834360e+05 1.834331e+05 1.834294e+05 1.834249e+05 1.834197e+05 1.834137e+05 1.834069e+05 1.833994e+05 1.833498e+05 1.832793e+05 1.831861e+05 1.830684e+05 1.829240e+05 1.827505e+05 1.823082e+05 1.817323e+05 1.810267e+05 1.802060e+05 1.792912e+05 1.783050e+05 1.678298e+05 1.601737e+05 1.557374e+05 1.523099e+05
1.847343e+05 1.847343e+05 1.847343e+05 1.847343e+05 1.847343e+05 1.847342e+05 1.847340e+05 1.847331e+05 1.847325e+05 1.847316e+05 1.847296e+05 1.847269e+05 1.847235e+05 1.847195e+05 1.847147e+05 1.847093e+05 1.847031e+05 1.846614e+05 1.846007e+05 1.845198e+05 1.844167e+05 1.842886e+05 1.841326e+05 1.837273e+05 1.831894e+05 1.825215e+05 1.817375e+05 1.808572e+05 1.799021e+05 1.694563e+05 1.614467e+05 1.566070e+05 1.528978e+05
1.858038e+05 1.858038e+05 1.858038e+05 1.858038e+05 1.858038e+05 1.858038e+05 1.858035e+05 1.858027e+05 1.858020e+05 1.858012e+05 1.857991e+05 1.857964e+05 1.857931e+05 1.857892e+05 1.857847e+05 1.857796e+05 1.857739e+05 1.857358e+05 1.856810e+05 1.856078e+05 1.855135e+05 1.853948e+05 1.852481e+05 1.848614e+05 1.843438e+05 1.837000e+05 1.829444e+05 1.820958e+05 1.811740e+05 1.708727e+05 1.625999e+05 1.574022e+05 1.534338e+05
1.866633e+05 1.866633e+05 1.866633e+05 1.866633e+05 1.866633e+05 1.866632e+05 1.866630e+05 1.866622e+05 1.866616e+05 1.866608e+05 1.866589e+05 1.866564e+05 1.866533e+05 1.866497e+05 1.866454e+05 1.866406e+05 1.866352e+05 1.865992e+05 1.865476e+05 1.864780e+05 1.863866e+05 1.862690e+05 1.861222e+05 1.857334e+05 1.852176e+05 1.845842e+05 1.838491e+05 1.830297e+05 1.821432e+05 1.720883e+05 1.636359e+05 1.581241e+05 1.539182e+05
1.873308e+05 1.873308e+05 1.873308e+05 1.873308e+05 1.873308e+05 1.873307e+05 1.873305e+05 1.873297e+05 1.873291e+05 1.873283e+05 1.873264e+05 1.873239e+05 1.873208e+05 1.873172e+05 1.873131e+05 1.873084e+05 1.873032e+05 1.872690e+05 1.872191e+05 1.871484e+05 1.870516e+05 1.869248e+05 1.867660e+05 1.863528e+05 1.858214e+05 1.851878e+05 1.844685e+05 1.836782e+05 1.828303e+05 1.731136e+05 1.645578e+05 1.587737e+05 1.543520e+05
1.878155e+05 1.878155e+05 1.878155e+05 1.878155e+05 1.878155e+05 1.878155e+05 1.878153e+05 1.878147e+05 1.878142e+05 1.878136e+05 1.878121e+05 1.878101e+05 1.878077e+05 1.878048e+05 1.878014e+05 1.877975e+05 1.877931e+05 1.877616e+05 1.877085e+05 1.876261e+05 1.875097e+05 1.873583e+05 1.871734e+05 1.867140e+05 1.861553e+05 1.855175e+05 1.848149e+05 1.840580e+05 1.832549e+05 1.739600e+05 1.653690e+05 1.593526e+05 1.547357e+05
1.881526e+05 1.881526e+05 1.881526e+05 1.881526e+05 1.881526e+05 1.881526e+05 1.881525e+05 1.881520e+05 1.881516e+05 1.881511e+05 1.881499e+05 1.881483e+05 1.881462e+05 1.881438e+05 1.881407e+05 1.881369e+05 1.881322e+05 1.880915e+05 1.880136e+05 1.878940e+05 1.877346e+05 1.875398e+05 1.873153e+05 1.867972e+05 1.862114e+05 1.855759e+05 1.848993e+05 1.841856e+05 1.834369e+05 1.746396e+05 1.660735e+05 1.598624e+05 1.550703e+05
1.883715e+05 1.883715e+05 1.883715e+05 1.883715e+05 1.883715e+05 1.883715e+05 1.883714e+05 1.883708e+05 1.883703e+05 1.883695e+05 1.883671e+05 1.883630e+05 1.883573e+05 1.883496e+05 1.883399e+05 1.883282e+05 1.883144e+05 1.882143e+05 1.880654e+05 1.878750e+05 1.876519e+05 1.874042e+05 1.871386e+05 1.865732e+05 1.859800e+05 1.853674e+05 1.847353e+05 1.840801e+05 1.833982e+05 1.751650e+05 1.666756e+05 1.603049e+05 1.553567e+05
