5.712187e+06 2.813417e+06 2.110138e+06 1.226984e+06 1.040118e+06 7.395020e+05 6.452651e+05 5.225838e+05 4.438736e+05 3.626160e+05 2.346852e+05 1.582068e+05 1.135360e+05 8.611323e+04 6.830884e+04 5.617994e+04 4.758783e+04 2.795281e+04 2.192676e+04 1.993456e+04 1.963851e+04 2.020750e+04 2.126030e+04 2.407097e+04 2.721584e+04 3.040004e+04 3.359109e+04 3.689201e+04 4.046921e+04 1.198913e+05 2.705274e+05 4.211139e+05 5.360201e+05
6.169695e+05 6.169701e+05 6.169712e+05 6.169583e+05 6.167475e+05 6.037870e+05 5.796435e+05 4.903799e+05 4.191983e+05 3.432831e+05 2.227071e+05 1.506216e+05 1.085457e+05 8.269438e+04 6.587771e+04 5.439402e+04 4.623889e+04 2.751278e+04 2.174713e+04 1.986458e+04 1.962651e+04 2.023058e+04 2.130617e+04 2.414230e+04 2.729800e+04 3.048581e+04 3.367749e+04 3.697874e+04 4.055762e+04 1.201194e+05 2.709086e+05 4.215226e+05 5.363771e+05
5.305123e+05 5.305124e+05 5.305128e+05 5.305172e+05 5.305055e+05 5.271522e+05 5.177801e+05 4.537867e+05 3.866907e+05 3.168156e+05 2.069732e+05 1.411593e+05 1.025616e+05 7.871148e+04 6.310587e+04 5.239121e+04 4.474577e+04 2.704479e+04 2.156087e+04 1.979424e+04 1.961649e+04 2.025654e+04 2.135523e+04 2.421672e+04 2.738282e+04 3.057382e+04 3.376578e+04 3.706711e+04 4.064752e+04 1.203498e+05 2.712925e+05 4.219333e+05 5.367352e+05
4.841215e+05 4.841211e+05 4.841198e+05 4.840755e+05 4.839538e+05 4.808799e+05 4.692197e+05 4.115919e+05 3.531328e+05 2.892945e+05 1.892007e+05 1.303967e+05 9.584253e+04 7.429749e+04 6.006746e+04 5.021546e+04 4.313594e+04 2.655341e+04 2.136940e+04 1.972419e+04 1.960879e+04 2.028561e+04 2.140764e+04 2.429430e+04 2.747037e+04 3.066408e+04 3.385595e+04 3.715711e+04 4.073891e+04 1.205827e+05 2.716789e+05 4.223459e+05 5.370944e+05
4.248987e+05 4.248986e+05 4.248983e+05 4.248874e+05 4.248468e+05 4.219424e+05 4.115760e+05 3.589549e+05 3.110365e+05 2.581678e+05 1.718207e+05 1.195571e+05 8.885152e+04 6.966347e+04 5.687081e+04 4.792741e+04 4.144564e+04 2.604403e+04 2.117429e+04 1.965510e+04 1.960378e+04 2.031802e+04 2.146355e+04 2.437514e+04 2.756066e+04 3.075661e+04 3.394802e+04 3.724875e+04 4.083179e+04 1.208180e+05 2.720679e+05 4.227604e+05 5.374548e+05
3.482179e+05 3.482179e+05 3.482178e+05 3.482131e+05 3.481952e+05 3.473309e+05 3.432689e+05 3.060080e+05 2.675779e+05 2.250530e+05 1.541500e+05 1.093709e+05 8.223951e+04 6.509845e+04 5.365680e+04 4.560321e+04 3.971924e+04 2.552271e+04 2.097722e+04 1.958767e+04 1.960183e+04 2.035400e+04 2.152312e+04 2.445929e+04 2.765375e+04 3.085144e+04 3.404201e+04 3.734204e+04 4.092618e+04 1.210558e+05 2.724596e+05 4.231768e+05 5.378164e+05
2.874051e+05 2.874051e+05 2.874051e+05 2.874037e+05 2.873983e+05 2.871195e+05 2.856148e+05 2.601733e+05 2.295763e+05 1.950199e+05 1.370205e+05 9.956978e+04 7.611871e+04 6.090864e+04 5.059972e+04 4.333265e+04 3.800824e+04 2.499620e+04 2.077999e+04 1.952262e+04 1.960332e+04 2.039376e+04 2.158649e+04 2.454684e+04 2.774966e+04 3.094859e+04 3.413791e+04 3.743699e+04 4.102208e+04 1.212960e+05 2.728539e+05 4.235951e+05 5.381791e+05
2.438802e+05 2.438802e+05 2.438802e+05 2.438794e+05 2.438765e+05 2.437390e+05 2.429486e+05 2.238263e+05 1.988778e+05 1.701453e+05 1.217155e+05 9.035787e+04 7.035124e+04 5.703801e+04 4.782027e+04 4.122270e+04 3.637105e+04 2.447186e+04 2.058452e+04 1.946070e+04 1.960863e+04 2.043754e+04 2.165380e+04 2.463784e+04 2.784843e+04 3.104806e+04 3.423573e+04 3.753359e+04 4.111949e+04 1.215387e+05 2.732508e+05 4.240153e+05 5.385429e+05
2.119187e+05 2.119187e+05 2.119186e+05 2.119173e+05 2.119134e+05 2.117697e+05 2.111164e+05 1.954941e+05 1.745472e+05 1.501254e+05 1.087525e+05 8.205708e+04 6.497082e+04 5.341468e+04 4.524938e+04 3.930361e+04 3.487313e+04 2.395771e+04 2.039285e+04 1.940269e+04 1.961812e+04 2.048556e+04 2.172520e+04 2.473235e+04 2.795008e+04 3.114986e+04 3.433548e+04 3.763186e+04 4.121841e+04 1.217838e+05 2.736504e+05 4.244374e+05 5.389079e+05
1.865646e+05 1.865646e+05 1.865646e+05 1.865641e+05 1.865623e+05 1.864786e+05 1.860292e+05 1.729681e+05 1.550446e+05 1.339586e+05 9.800094e+04 7.483121e+04 6.006751e+04 5.003463e+04 4.284613e+04 3.752605e+04 3.350613e+04 2.346246e+04 2.020715e+04 1.934938e+04 1.963220e+04 2.053802e+04 2.180082e+04 2.483045e+04 2.805463e+04 3.125401e+04 3.443716e+04 3.773178e+04 4.131885e+04 1.220315e+05 2.740527e+05 4.248614e+05 5.392741e+05
1.660990e+05 1.660990e+05 1.660990e+05 1.660988e+05 1.660981e+05 1.660612e+05 1.657937e+05 1.547405e+05 1.391866e+05 1.207540e+05 8.910272e+04 6.866240e+04 5.570392e+04 4.692467e+04 4.060021e+04 3.586445e+04 3.223903e+04 2.299571e+04 2.002977e+04 1.930162e+04 1.965124e+04 2.059514e+04 2.188078e+04 2.493217e+04 2.816212e+04 3.136051e+04 3.454077e+04 3.783336e+04 4.142081e+04 1.222817e+05 2.744576e+05 4.252874e+05 5.396414e+05
8.293525e+04 8.293525e+04 8.293525e+04 8.293528e+04 8.293535e+04 8.293661e+04 8.289129e+04 7.821369e+04 7.137139e+04 6.320086e+04 4.905139e+04 3.980989e+04 3.394135e+04 3.003262e+04 2.730467e+04 2.533403e+04 2.387318e+04 2.028942e+04 1.925272e+04 1.937939e+04 2.022076e+04 2.147540e+04 2.294812e+04 2.615824e+04 2.940039e+04 3.255458e+04 3.568210e+04 3.893971e+04 4.252367e+04 1.249272e+05 2.786567e+05 4.296533e+05 5.433781e+05
6.219112e+04 6.219112e+04 6.219112e+04 6.219115e+04 6.219123e+04 6.219349e+04 6.216780e+04 5.889163e+04 5.410135e+04 4.840192e+04 3.860387e+04 3.229445e+04 2.836062e+04 2.578803e+04 2.402004e+04 2.276138e+04 2.184751e+04 1.998306e+04 2.007444e+04 2.082343e+04 2.189084e+04 2.318369e+04 2.463863e+04 2.779339e+04 3.093602e+04 3.397550e+04 3.700627e+04 4.020443e+04 4.377500e+04 1.278470e+05 2.831360e+05 4.342151e+05 5.472301e+05
5.617380e+04 5.617380e+04 5.617380e+04 5.617384e+04 5.617393e+04 5.617689e+04 5.615794e+04 5.337596e+04 4.932054e+04 4.451429e+04 3.631017e+04 3.109853e+04 2.791308e+04 2.588317e+04 2.452965e+04 2.359655e+04 2.294057e+04 2.174008e+04 2.211707e+04 2.314585e+04 2.442048e+04 2.576945e+04 2.714539e+04 2.994359e+04 3.277806e+04 3.560848e+04 3.849596e+04 4.161440e+04 4.516769e+04 1.310606e+05 2.879064e+05 4.389754e+05 5.511967e+05
5.607881e+04 5.607881e+04 5.607881e+04 5.607883e+04 5.607889e+04 5.608073e+04 5.606060e+04 5.345696e+04 4.968296e+04 4.522613e+04 3.766182e+04 3.290664e+04 3.004372e+04 2.825538e+04 2.709186e+04 2.631271e+04 2.578308e+04 2.491613e+04 2.530043e+04 2.625111e+04 2.748755e+04 2.881366e+04 3.012301e+04 3.260499e+04 3.499968e+04 3.746323e+04 4.014191e+04 4.315973e+04 4.669653e+04 1.345886e+05 2.929780e+05 4.439366e+05 5.552770e+05
5.812771e+04 5.812771e+04 5.812771e+04 5.812772e+04 5.812776e+04 5.812884e+04 5.810717e+04 5.562300e+04 5.204048e+04 4.782010e+04 4.068159e+04 3.622034e+04 3.355654e+04 3.191050e+04 3.085343e+04 3.015610e+04 2.969009e+04 2.896252e+04 2.926341e+04 2.999139e+04 3.098409e+04 3.211420e+04 3.327234e+04 3.545992e+04 3.749491e+04 3.959081e+04 4.197305e+04 4.484877e+04 4.836743e+04 1.384521e+05 2.983607e+05 4.491004e+05 5.594698e+05
6.026337e+04 6.026337e+04 6.026337e+04 6.026338e+04 6.026339e+04 6.026367e+04 6.024151e+04 5.794289e+04 5.463854e+04 5.075017e+04 4.418078e+04 4.008172e+04 3.763937e+04 3.613401e+04 3.516952e+04 3.453394e+04 3.410856e+04 3.341096e+04 3.357358e+04 3.404085e+04 3.471124e+04 3.553133e+04 3.643474e+04 3.826693e+04 4.002336e+04 4.185622e+04 4.401585e+04 4.673345e+04 5.021025e+04 1.426739e+05 3.040638e+05 4.544676e+05 5.637732e+05
6.177289e+04 6.177289e+04 6.177289e+04 6.177290e+04 6.177290e+04 6.177301e+04 6.175289e+04 5.971926e+04 5.679736e+04 5.335787e+04 4.754066e+04 4.390302e+04 4.172904e+04 4.038330e+04 3.951529e+04 3.893713e+04 3.854352e+04 3.781645e+04 3.780990e+04 3.802446e+04 3.838235e+04 3.887479e+04 3.948155e+04 4.089545e+04 4.242084e+04 4.410392e+04 4.615741e+04 4.881915e+04 5.229412e+04 1.472785e+05 3.100957e+05 4.600388e+05 5.681851e+05
6.251194e+04 6.251194e+04 6.251194e+04 6.251194e+04 6.251194e+04 6.251199e+04 6.249483e+04 6.076970e+04 5.828923e+04 5.536565e+04 5.040651e+04 4.728652e+04 4.540522e+04 4.422661e+04 4.345431e+04 4.292907e+04 4.256135e+04 4.178209e+04 4.161275e+04 4.161680e+04 4.172381e+04 4.194203e+04 4.228173e+04 4.328662e+04 4.461337e+04 4.624117e+04 4.831079e+04 5.103366e+04 5.461187e+04 1.522931e+05 3.164644e+05 4.658134e+05 5.727029e+05
6.272997e+04 6.272997e+04 6.272997e+04 6.272997e+04 6.272996e+04 6.272956e+04 6.271395e+04 6.127598e+04 5.921065e+04 5.677391e+04 5.262779e+04 5.000011e+04 4.839674e+04 4.737533e+04 4.669145e+04 4.621379e+04 4.586844e+04 4.504431e+04 4.475191e+04 4.461193e+04 4.455440e+04 4.458786e+04 4.473616e+04 4.542127e+04 4.659939e+04 4.824547e+04 5.043795e+04 5.333924e+04 5.713001e+04 1.577482e+05 3.231774e+05 4.717905e+05 5.773237e+05
6.246429e+04 6.246429e+04 6.246429e+04 6.246430e+04 6.246430e+04 6.246440e+04 6.245303e+04 6.128736e+04 5.960465e+04 5.761205e+04 5.419761e+04 5.200388e+04 5.063982e+04 4.975059e+04 4.913948e+04 4.870045e+04 4.837347e+04 4.752596e+04 4.716538e+04 4.695419e+04 4.681984e+04 4.676389e+04 4.681211e+04 4.731486e+04 4.842347e+04 5.015358e+04 5.255347e+04 5.573559e+04 5.984429e+04 1.636786e+05 3.302412e+05 4.779682e+05 5.820439e+05
6.220083e+04 6.220083e+04 6.220083e+04 6.220083e+04 6.220082e+04 6.220073e+04 6.219074e+04 6.122235e+04 5.982342e+04 5.816237e+04 5.529692e+04 5.342954e+04 5.224481e+04 5.145372e+04 5.089607e+04 5.048536e+04 5.017225e+04 4.932161e+04 4.894207e+04 4.872135e+04 4.858264e+04 4.851889e+04 4.855165e+04 4.902065e+04 5.015960e+04 5.204193e+04 5.471674e+04 5.826091e+04 6.277841e+04 1.701246e+05 3.376624e+05 4.843441e+05 5.868598e+05
6.191163e+04 6.191163e+04 6.191163e+04 6.191163e+04 6.191164e+04 6.191184e+04 6.190438e+04 6.109055e+04 5.990840e+04 5.849892e+04 5.604748e+04 5.442496e+04 5.337480e+04 5.265809e+04 5.214210e+04 5.175488e+04 5.145506e+04 5.062376e+04 5.026210e+04 5.007551e+04 4.998392e+04 4.997292e+04 5.005772e+04 5.062788e+04 5.190325e+04 5.401058e+04 5.701845e+04 6.098646e+04 6.598396e+04 1.771337e+05 3.454468e+05 4.909148e+05 5.917669e+05
6.203678e+04 6.203678e+04 6.203678e+04 6.203678e+04 6.203678e+04 6.203682e+04 6.202963e+04 6.129815e+04 6.023623e+04 5.896772e+04 5.674998e+04 5.526612e+04 5.429195e+04 5.361710e+04 5.312471e+04 5.275133e+04 5.246024e+04 5.165635e+04 5.133583e+04 5.121167e+04 5.120123e+04 5.128484e+04 5.147150e+04 5.225427e+04 5.376690e+04 5.617352e+04 5.956802e+04 6.400732e+04 6.953662e+04 1.847643e+05 3.536003e+05 4.976766e+05 5.967608e+05
6.238589e+04 6.238589e+04 6.238589e+04 6.238590e+04 6.238594e+04 6.238682e+04 6.238251e+04 6.170905e+04 6.072290e+04 5.954123e+04 5.746564e+04 5.606643e+04 5.514039e+04 5.449440e+04 5.402088e+04 5.366115e+04 5.338102e+04 5.262494e+04 5.236581e+04 5.232482e+04 5.241971e+04 5.262783e+04 5.295310e+04 5.403720e+04 5.587649e+04 5.865374e+04 6.248511e+04 6.743327e+04 7.352980e+04 1.930965e+05 3.621285e+05 5.046251e+05 6.018363e+05
6.364542e+04 6.364542e+04 6.364542e+04 6.364543e+04 6.364543e+04 6.364572e+04 6.363950e+04 6.293441e+04 6.190937e+04 6.068495e+04 5.854471e+04 5.711323e+04 5.617416e+04 5.552490e+04 5.505317e+04 5.469811e+04 5.442455e+04 5.371975e+04 5.353781e+04 5.359904e+04 5.382061e+04 5.417787e+04 5.467079e+04 5.612684e+04 5.836841e+04 6.158060e+04 6.589453e+04 7.138164e+04 7.806791e+04 2.021752e+05 3.710375e+05 5.117550e+05 6.069880e+05
6.555465e+04 6.555465e+04 6.555465e+04 6.555465e+04 6.555467e+04 6.555503e+04 6.554870e+04 6.478478e+04 6.367257e+04 6.234560e+04 6.003526e+04 5.850377e+04 5.751217e+04 5.683765e+04 5.635659e+04 5.600188e+04 5.573478e+04 5.510346e+04 5.502547e+04 5.521290e+04 5.558363e+04 5.611273e+04 5.679769e+04 5.868188e+04 6.138675e+04 6.508799e+04 6.992342e+04 7.597252e+04 8.326069e+04 2.119958e+05 3.803337e+05 5.190611e+05 6.122101e+05
6.861913e+04 6.861913e+04 6.861913e+04 6.861913e+04 6.861915e+04 6.861965e+04 6.861209e+04 6.770628e+04 6.639318e+04 6.483465e+04 6.215189e+04 6.041300e+04 5.931975e+04 5.860015e+04 5.810404e+04 5.775064e+04 5.749400e+04 5.696430e+04 5.701595e+04 5.735249e+04 5.789348e+04 5.861448e+04 5.951148e+04 6.186663e+04 6.508056e+04 6.931236e+04 7.469913e+04 8.132558e+04 8.921870e+04 2.225598e+05 3.900244e+05 5.265372e+05 6.174968e+05
7.245315e+04 7.245315e+04 7.245315e+04 7.245318e+04 7.245324e+04 7.245536e+04 7.245092e+04 7.140742e+04 6.988430e+04 6.807915e+04 6.499142e+04 6.301932e+04 6.180624e+04 6.102968e+04 6.051163e+04 6.015642e+04 5.990993e+04 5.949943e+04 5.970427e+04 6.021079e+04 6.094007e+04 6.186894e+04 6.299271e+04 6.584771e+04 6.960056e+04 7.439020e+04 8.034713e+04 8.755755e+04 9.605013e+04 2.338676e+05 4.001185e+05 5.341771e+05 6.228418e+05
7.806413e+04 7.806413e+04 7.806413e+04 7.806413e+04 7.806415e+04 7.806466e+04 7.805311e+04 7.674623e+04 7.486307e+04 7.264567e+04 6.889757e+04 6.655784e+04 6.516358e+04 6.430536e+04 6.375837e+04 6.340267e+04 6.317129e+04 6.291127e+04 6.329186e+04 6.398467e+04 6.491498e+04 6.606194e+04 6.742086e+04 7.078976e+04 7.509512e+04 8.045493e+04 8.698872e+04 9.478018e+04 1.038582e+05 2.459166e+05 4.106273e+05 5.419743e+05 6.282384e+05
8.474042e+04 8.474042e+04 8.474042e+04 8.474043e+04 8.474048e+04 8.474200e+04 8.473113e+04 8.318570e+04 8.095217e+04 7.832645e+04 7.391297e+04 7.119473e+04 6.960939e+04 6.866247e+04 6.808240e+04 6.772445e+04 6.750817e+04 6.740894e+04 6.797733e+04 6.886598e+04 7.000406e+04 7.137301e+04 7.296859e+04 7.685018e+04 8.170573e+04 8.763331e+04 9.473839e+04 1.030982e+05 1.127394e+05 2.587011e+05 4.215667e+05 5.499224e+05 6.336803e+05
9.358297e+04 9.358297e+04 9.358297e+04 9.358298e+04 9.358301e+04 9.358383e+04 9.356742e+04 9.167310e+04 8.894927e+04 8.575790e+04 8.043211e+04 7.720173e+04 7.536058e+04 7.429475e+04 7.366815e+04 7.330265e+04 7.310017e+04 7.317161e+04 7.393998e+04 7.503222e+04 7.638038e+04 7.796902e+04 7.979558e+04 8.417360e+04 8.956231e+04 9.604191e+04 1.037013e+05 1.126072e+05 1.227812e+05 2.722121e+05 4.329648e+05 5.580147e+05 6.391606e+05
1.040944e+05 1.040944e+05 1.040944e+05 1.040944e+05 1.040945e+05 1.040959e+05 1.040778e+05 1.018244e+05 9.858191e+04 9.478752e+04 8.847865e+04 8.468572e+04 8.255613e+04 8.135148e+04 8.066749e+04 8.028988e+04 8.010087e+04 8.036333e+04 8.134853e+04 8.264823e+04 8.420099e+04 8.599831e+04 8.804200e+04 9.288607e+04 9.877895e+04 1.057840e+05 1.139711e+05 1.233925e+05 1.340614e+05 2.864373e+05 4.448370e+05 5.662449e+05 6.446725e+05
1.165907e+05 1.165907e+05 1.165908e+05 1.165908e+05 1.165908e+05 1.165919e+05 1.165685e+05 1.138910e+05 1.100485e+05 1.055618e+05 9.813939e+04 9.372734e+04 9.129521e+04 8.995653e+04 8.922676e+04 8.884987e+04 8.868599e+04 8.916835e+04 9.036698e+04 9.185812e+04 9.359521e+04 9.558000e+04 9.781983e+04 1.030902e+05 1.094509e+05 1.169476e+05 1.256284e+05 1.355274e+05 1.466467e+05 3.013615e+05 4.571407e+05 5.746073e+05 6.502094e+05
1.308584e+05 1.308584e+05 1.308584e+05 1.308584e+05 1.308585e+05 1.308602e+05 1.308353e+05 1.277589e+05 1.233386e+05 1.181806e+05 1.096671e+05 1.046356e+05 1.018898e+05 1.004025e+05 9.961216e+04 9.922211e+04 9.907067e+04 9.972236e+04 1.010959e+05 1.027471e+05 1.046422e+05 1.067912e+05 1.092059e+05 1.148630e+05 1.216538e+05 1.296048e+05 1.387400e+05 1.490729e+05 1.605919e+05 3.169663e+05 4.698372e+05 5.830966e+05 6.557646e+05
1.476056e+05 1.476056e+05 1.476056e+05 1.476056e+05 1.476057e+05 1.476070e+05 1.475757e+05 1.440198e+05 1.389233e+05 1.329841e+05 1.232049e+05 1.174535e+05 1.143379e+05 1.126679e+05 1.117941e+05 1.113741e+05 1.112219e+05 1.120031e+05 1.135316e+05 1.153294e+05 1.173703e+05 1.196710e+05 1.222469e+05 1.282601e+05 1.354463e+05 1.438130e+05 1.533595e+05 1.640773e+05 1.759394e+05 3.332296e+05 4.828890e+05 5.917086e+05 6.613315e+05
1.655643e+05 1.655643e+05 1.655643e+05 1.655644e+05 1.655644e+05 1.655672e+05 1.655359e+05 1.615632e+05 1.558563e+05 1.492048e+05 1.382614e+05 1.318421e+05 1.283817e+05 1.265426e+05 1.255940e+05 1.251510e+05 1.250044e+05 1.259443e+05 1.276484e+05 1.296042e+05 1.317946e+05 1.342450e+05 1.369761e+05 1.433237e+05 1.508738e+05 1.596167e+05 1.695277e+05 1.805760e+05 1.927190e+05 3.501256e+05 4.962568e+05 6.004411e+05 6.669039e+05
1.862754e+05 1.862754e+05 1.862754e+05 1.862755e+05 1.862755e+05 1.862774e+05 1.862380e+05 1.817226e+05 1.752499e+05 1.677121e+05 1.553297e+05 1.480904e+05 1.442093e+05 1.421636e+05 1.411222e+05 1.406477e+05 1.405032e+05 1.416040e+05 1.434899e+05 1.456074e+05 1.479482e+05 1.505462e+05 1.534271e+05 1.600893e+05 1.679719e+05 1.770490e+05 1.872730e+05 1.985916e+05 2.109470e+05 3.676243e+05 5.098994e+05 6.092945e+05 6.724757e+05
2.094532e+05 2.094532e+05 2.094532e+05 2.094533e+05 2.094534e+05 2.094561e+05 2.094133e+05 2.043238e+05 1.970232e+05 1.885214e+05 1.745593e+05 1.664017e+05 1.620323e+05 1.597318e+05 1.585622e+05 1.580298e+05 1.578673e+05 1.590776e+05 1.611243e+05 1.633914e+05 1.658740e+05 1.686118e+05 1.716341e+05 1.785878e+05 1.867680e+05 1.961322e+05 2.066115e+05 2.181332e+05 2.306258e+05 3.856908e+05 5.237736e+05 6.182759e+05 6.780415e+05
2.353539e+05 2.353539e+05 2.353539e+05 2.353539e+05 2.353540e+05 2.353564e+05 2.353066e+05 2.295550e+05 2.213092e+05 2.117087e+05 1.959487e+05 1.867470e+05 1.818217e+05 1.792290e+05 1.779088e+05 1.773040e+05 1.771129e+05 1.783999e+05 1.805865e+05 1.829894e+05 1.856037e+05 1.884724e+05 1.916261e+05 1.988436e+05 2.072802e+05 2.168771e+05 2.275455e+05 2.391953e+05 2.517424e+05 4.042851e+05 5.378347e+05 6.273954e+05 6.835959e+05
2.633188e+05 2.633188e+05 2.633188e+05 2.633189e+05 2.633189e+05 2.633215e+05 2.632653e+05 2.568424e+05 2.476339e+05 2.369126e+05 2.193135e+05 2.090367e+05 2.035312e+05 2.006262e+05 1.991392e+05 1.984485e+05 1.982183e+05 1.995566e+05 2.018780e+05 2.044151e+05 2.071579e+05 2.101508e+05 2.134252e+05 2.208723e+05 2.295150e+05 2.392801e+05 2.500621e+05 2.617557e+05 2.742673e+05 4.233616e+05 5.520364e+05 6.366184e+05 6.891347e+05
2.936701e+05 2.936701e+05 2.936701e+05 2.936701e+05 2.936702e+05 2.936729e+05 2.936097e+05 2.864407e+05 2.761685e+05 2.642145e+05 2.446081e+05 2.331733e+05 2.270535e+05 2.238252e+05 2.221699e+05 2.213965e+05 2.211318e+05 2.225449e+05 2.250157e+05 2.276924e+05 2.305608e+05 2.336680e+05 2.370473e+05 2.446778e+05 2.534638e+05 2.633207e+05 2.741299e+05 2.857742e+05 2.981526e+05 4.428687e+05 5.663317e+05 6.459094e+05 6.946540e+05
3.265228e+05 3.265228e+05 3.265228e+05 3.265228e+05 3.265229e+05 3.265255e+05 3.264543e+05 3.184963e+05 3.070961e+05 2.938302e+05 2.720728e+05 2.593819e+05 2.525861e+05 2.489958e+05 2.471487e+05 2.462780e+05 2.459703e+05 2.474464e+05 2.500602e+05 2.528641e+05 2.558401e+05 2.590388e+05 2.624962e+05 2.702457e+05 2.790973e+05 2.889572e+05 2.996965e+05 3.111894e+05 3.233306e+05 4.627494e+05 5.806732e+05 6.552372e+05 7.001513e+05
3.617311e+05 3.617311e+05 3.617311e+05 3.617311e+05 3.617312e+05 3.617339e+05 3.616547e+05 3.528661e+05 3.402817e+05 3.256428e+05 3.016467e+05 2.876599e+05 2.801720e+05 2.762123e+05 2.741679e+05 2.731944e+05 2.728370e+05 2.743369e+05 2.770548e+05 2.799490e+05 2.829961e+05 2.862496e+05 2.897472e+05 2.975338e+05 3.063596e+05 3.161220e+05 3.266847e+05 3.379169e+05 3.497118e+05 4.829404e+05 5.950136e+05 6.645714e+05 7.056249e+05
3.992651e+05 3.992651e+05 3.992651e+05 3.992652e+05 3.992653e+05 3.992678e+05 3.991799e+05 3.895591e+05 3.757845e+05 3.597587e+05 3.334780e+05 3.181409e+05 3.099103e+05 3.055382e+05 3.032617e+05 3.021575e+05 3.017284e+05 3.031834e+05 3.059573e+05 3.088967e+05 3.119716e+05 3.152372e+05 3.187319e+05 3.264642e+05 3.351629e+05 3.447184e+05 3.549904e+05 3.658475e+05 3.771842e+05 5.033732e+05 6.093060e+05 6.738827e+05 7.110757e+05
4.388351e+05 4.388351e+05 4.388351e+05 4.388351e+05 4.388352e+05 4.388375e+05 4.387405e+05 4.282676e+05 4.132754e+05 3.958327e+05 3.672249e+05 3.505209e+05 3.415428e+05 3.367564e+05 3.342447e+05 3.330047e+05 3.324965e+05 3.338561e+05 3.366370e+05 3.395804e+05 3.426453e+05 3.458847e+05 3.493352e+05 3.569198e+05 3.653846e+05 3.746177e+05 3.844809e+05 3.948461e+05 4.056128e+05 5.239742e+05 6.235045e+05 6.831419e+05 7.165078e+05
4.799577e+05 4.799577e+05 4.799577e+05 4.799577e+05 4.799578e+05 4.799605e+05 4.798564e+05 4.685623e+05 4.523877e+05 4.335640e+05 4.026740e+05 3.846121e+05 3.748765e+05 3.696587e+05 3.668934e+05 3.655005e+05 3.648984e+05 3.661183e+05 3.688864e+05 3.718175e+05 3.748509e+05 3.780349e+05 3.814044e+05 3.887474e+05 3.968671e+05 4.056588e+05 4.149934e+05 4.247513e+05 4.348396e+05 5.446656e+05 6.375644e+05 6.923203e+05 7.219316e+05
5.228668e+05 5.228668e+05 5.228668e+05 5.228668e+05 5.228669e+05 5.228689e+05 5.227546e+05 5.105930e+05 4.931773e+05 4.729058e+05 4.396257e+05 4.201436e+05 4.096170e+05 4.039492e+05 4.009198e+05 3.993680e+05 3.986689e+05 3.997528e+05 4.025160e+05 4.054310e+05 4.084150e+05 4.115128e+05 4.147602e+05 4.217592e+05 4.294171e+05 4.376471e+05 4.463357e+05 4.553761e+05 4.646848e+05 5.653658e+05 6.514427e+05 7.013899e+05 7.273319e+05
5.668030e+05 5.668030e+05 5.668030e+05 5.668030e+05 5.668031e+05 5.668048e+05 5.666810e+05 5.536623e+05 5.350191e+05 5.133149e+05 4.776700e+05 4.567886e+05 4.454917e+05 4.393953e+05 4.361227e+05 4.344311e+05 4.336516e+05 4.346417e+05 4.373957e+05 4.402668e+05 4.431603e+05 4.461224e+05 4.491926e+05 4.557290e+05 4.628038e+05 4.703546e+05 4.782874e+05 4.865099e+05 4.949492e+05 5.859911e+05 6.650982e+05 7.103234e+05 7.326854e+05
6.113982e+05 6.113982e+05 6.113982e+05 6.113982e+05 6.113983e+05 6.114007e+05 6.112713e+05 5.974690e+05 5.776924e+05 5.546613e+05 5.168173e+05 4.946248e+05 4.825980e+05 4.760883e+05 4.725746e+05 4.707384e+05 4.698698e+05 4.707019e+05 4.733740e+05 4.761278e+05 4.788583e+05 4.816141e+05 4.844389e+05 4.903836e+05 4.967570e+05 5.035214e+05 5.106023e+05 5.179218e+05 5.254179e+05 6.064563e+05 6.784919e+05 7.190946e+05 7.379739e+05
6.570882e+05 6.570882e+05 6.570882e+05 6.570882e+05 6.570882e+05 6.570897e+05 6.569497e+05 6.423603e+05 6.214618e+05 5.971215e+05 5.571103e+05 5.336206e+05 5.208600e+05 5.139204e+05 5.101411e+05 5.081316e+05 5.071433e+05 5.076739e+05 5.101499e+05 5.126918e+05 5.151766e+05 5.176518e+05 5.201636e+05 5.253979e+05 5.309688e+05 5.368598e+05 5.430135e+05 5.493658e+05 5.558644e+05 6.266760e+05 6.915869e+05 7.276783e+05 7.431809e+05
7.023993e+05 7.023993e+05 7.023993e+05 7.023994e+05 7.023994e+05 7.024003e+05 7.022517e+05 6.869527e+05 6.650393e+05 6.395141e+05 5.975449e+05 5.728868e+05 5.594654e+05 5.521355e+05 5.481103e+05 5.459350e+05 5.448270e+05 5.450111e+05 5.472275e+05 5.494940e+05 5.516732e+05 5.538132e+05 5.559627e+05 5.604028e+05 5.651028e+05 5.700632e+05 5.752421e+05 5.805877e+05 5.860572e+05 6.465660e+05 7.043490e+05 7.360507e+05 7.482909e+05
7.464925e+05 7.464925e+05 7.464925e+05 7.464925e+05 7.464926e+05 7.464942e+05 7.463417e+05 7.304572e+05 7.076906e+05 6.811619e+05 6.375152e+05 6.118353e+05 5.978206e+05 5.901301e+05 5.858711e+05 5.835339e+05 5.823061e+05 5.821231e+05 5.840474e+05 5.860050e+05 5.878493e+05 5.896293e+05 5.913958e+05 5.950084e+05 5.988113e+05 6.028198e+05 6.070068e+05 6.113334e+05 6.157663e+05 6.660444e+05 7.167466e+05 7.441894e+05 7.532895e+05
7.901842e+05 7.901842e+05 7.901842e+05 7.901843e+05 7.901843e+05 7.901859e+05 7.900276e+05 7.735614e+05 7.499532e+05 7.224344e+05 6.771239e+05 6.504133e+05 6.357792e+05 6.276914e+05 6.231571e+05 6.206154e+05 6.192267e+05 6.185227e+05 6.200827e+05 6.217059e+05 6.232116e+05 6.246373e+05 6.260300e+05 6.288345e+05 6.317565e+05 6.348271e+05 6.380357e+05 6.413576e+05 6.447701e+05 6.850330e+05 7.287507e+05 7.520738e+05 7.581629e+05
8.324058e+05 8.324058e+05 8.324058e+05 8.324058e+05 8.324058e+05 8.324053e+05 8.322356e+05 8.151927e+05 7.907661e+05 7.622861e+05 7.153602e+05 6.876461e+05 6.724051e+05 6.639243e+05 6.591142e+05 6.563652e+05 6.548119e+05 6.535797e+05 6.547936e+05 6.561150e+05 6.573200e+05 6.584291e+05 6.594830e+05 6.615399e+05 6.636309e+05 6.658069e+05 6.680767e+05 6.704321e+05 6.728621e+05 7.034583e+05 7.403351e+05 7.596848e+05 7.628979e+05
8.709810e+05 8.709810e+05 8.709810e+05 8.709810e+05 8.709811e+05 8.709812e+05 8.708091e+05 8.533362e+05 8.282760e+05 7.990458e+05 7.508565e+05 7.223656e+05 7.066676e+05 6.979029e+05 6.929031e+05 6.900179e+05 6.883607e+05 6.868048e+05 6.877893e+05 6.888879e+05 6.898528e+05 6.906961e+05 6.914559e+05 6.928427e+05 6.941709e+05 6.955150e+05 6.969057e+05 6.983522e+05 6.998560e+05 7.212524e+05 7.514765e+05 7.670053e+05 7.674822e+05
9.070891e+05 9.070891e+05 9.070891e+05 9.070892e+05 9.070892e+05 9.070899e+05 9.069162e+05 8.891012e+05 8.635341e+05 8.336993e+05 7.844711e+05 7.553114e+05 7.391927e+05 7.301464e+05 7.249454e+05 7.219086e+05 7.201324e+05 7.182149e+05 7.189769e+05 7.198762e+05 7.206304e+05 7.212397e+05 7.217384e+05 7.225239e+05 7.231609e+05 7.237461e+05 7.243310e+05 7.249412e+05 7.255902e+05 7.383544e+05 7.621545e+05 7.740203e+05 7.719044e+05
9.417832e+05 9.417832e+05 9.417832e+05 9.417832e+05 9.417833e+05 9.417839e+05 9.416068e+05 9.234384e+05 8.973539e+05 8.669028e+05 8.166118e+05 7.867575e+05 7.701895e+05 7.608310e+05 7.553977e+05 7.521788e+05 7.502545e+05 7.478637e+05 7.483416e+05 7.490124e+05 7.495474e+05 7.499277e+05 7.501805e+05 7.504155e+05 7.504296e+05 7.503340e+05 7.501956e+05 7.500530e+05 7.499295e+05 7.547105e+05 7.723514e+05 7.807163e+05 7.761537e+05
9.749545e+05 9.749545e+05 9.749545e+05 9.749545e+05 9.749545e+05 9.749540e+05 9.747696e+05 9.562132e+05 9.295750e+05 8.984688e+05 8.470546e+05 8.164701e+05 7.994306e+05 7.897437e+05 7.840641e+05 7.806503e+05 7.785657e+05 7.756439e+05 7.757897e+05 7.761986e+05 7.764960e+05 7.766431e+05 7.766574e+05 7.763846e+05 7.758435e+05 7.751492e+05 7.743767e+05 7.735729e+05 7.727677e+05 7.702748e+05 7.820526e+05 7.870822e+05 7.802201e+05
1.005063e+06 1.005063e+06 1.005063e+06 1.005063e+06 1.005063e+06 1.005062e+06 1.004875e+06 9.860112e+05 9.589305e+05 9.273034e+05 8.750028e+05 8.438440e+05 8.264297e+05 8.164754e+05 8.105889e+05 8.070056e+05 8.047770e+05 8.013446e+05 8.011487e+05 8.012861e+05 8.013432e+05 8.012630e+05 8.010534e+05 8.003243e+05 7.993022e+05 7.980975e+05 7.967860e+05 7.954178e+05 7.940270e+05 7.850096e+05 7.912462e+05 7.931086e+05 7.840947e+05
1.032151e+06 1.032151e+06 1.032151e+06 1.032151e+06 1.032151e+06 1.032151e+06 1.031961e+06 1.012878e+06 9.854748e+05 9.534606e+05 9.004745e+05 8.688401e+05 8.510929e+05 8.408874e+05 8.347996e+05 8.310487e+05 8.286771e+05 8.247456e+05 8.242289e+05 8.241173e+05 8.239574e+05 8.236755e+05 8.232713e+05 8.221571e+05 8.207399e+05 8.191200e+05 8.173690e+05 8.155369e+05 8.136589e+05 7.988854e+05 7.999229e+05 7.987882e+05 7.877694e+05
1.056259e+06 1.056259e+06 1.056259e+06 1.056259e+06 1.056259e+06 1.056258e+06 1.056066e+06 1.036834e+06 1.009206e+06 9.769092e+05 9.233896e+05 8.913495e+05 8.732955e+05 8.628469e+05 8.565597e+05 8.526419e+05 8.501284e+05 8.457204e+05 8.449185e+05 8.445953e+05 8.442566e+05 8.438124e+05 8.432549e+05 8.418449e+05 8.401291e+05 8.381945e+05 8.361058e+05 8.339101e+05 8.316427e+05 8.118810e+05 8.080765e+05 8.041153e+05 7.912370e+05
1.077316e+06 1.077316e+06 1.077316e+06 1.077316e+06 1.077316e+06 1.077316e+06 1.077125e+06 1.057781e+06 1.029974e+06 9.974546e+05 9.435191e+05 9.111678e+05 8.928782e+05 8.822398e+05 8.757930e+05 8.717380e+05 8.691050e+05 8.642766e+05 8.632177e+05 8.627136e+05 8.622335e+05 8.616699e+05 8.610056e+05 8.593986e+05 8.574854e+05 8.553372e+05 8.530101e+05 8.505477e+05 8.479847e+05 8.239833e+05 8.157031e+05 8.090864e+05 7.944913e+05
1.096213e+06 1.096213e+06 1.096213e+06 1.096213e+06 1.096213e+06 1.096213e+06 1.096021e+06 1.076553e+06 1.048557e+06 1.015806e+06 9.614429e+05 9.287733e+05 9.102398e+05 8.994005e+05 8.927815e+05 8.885760e+05 8.858109e+05 8.805198e+05 8.791996e+05 8.785357e+05 8.779497e+05 8.773102e+05 8.765867e+05 8.748809e+05 8.728680e+05 8.706012e+05 8.681276e+05 8.654875e+05 8.627151e+05 8.351864e+05 8.228012e+05 8.136994e+05 7.975272e+05
1.113223e+06 1.113223e+06 1.113223e+06 1.113223e+06 1.113223e+06 1.113223e+06 1.113027e+06 1.093412e+06 1.065200e+06 1.032184e+06 9.773363e+05 9.443057e+05 9.254943e+05 9.144260e+05 9.076109e+05 9.032354e+05 9.003224e+05 8.945376e+05 8.929711e+05 8.921810e+05 8.915304e+05 8.908592e+05 8.901209e+05 8.884043e+05 8.863764e+05 8.840724e+05 8.815317e+05 8.787912e+05 8.758850e+05 8.454916e+05 8.293720e+05 8.179538e+05 8.003403e+05
1.127672e+06 1.127672e+06 1.127672e+06 1.127672e+06 1.127672e+06 1.127671e+06 1.127475e+06 1.107714e+06 1.079285e+06 1.046005e+06 9.906871e+05 9.573265e+05 9.382800e+05 9.270305e+05 9.200676e+05 9.155679e+05 9.125492e+05 9.064209e+05 9.046935e+05 9.038343e+05 9.031638e+05 9.024993e+05 9.017819e+05 9.001208e+05 8.981413e+05 8.958627e+05 8.933171e+05 8.905388e+05 8.875620e+05 8.549068e+05 8.354185e+05 8.218509e+05 8.029274e+05
1.139819e+06 1.139819e+06 1.139819e+06 1.139819e+06 1.139819e+06 1.139819e+06 1.139622e+06 1.119722e+06 1.091085e+06 1.057558e+06 1.001808e+06 9.681599e+05 9.489212e+05 9.375331e+05 9.304633e+05 9.258779e+05 9.227886e+05 9.164463e+05 9.146311e+05 9.137469e+05 9.130862e+05 9.124515e+05 9.117749e+05 9.102063e+05 9.083127e+05 9.060997e+05 9.035927e+05 9.008233e+05 8.978251e+05 8.634452e+05 8.409460e+05 8.253931e+05 8.052860e+05
1.150079e+06 1.150079e+06 1.150079e+06 1.150079e+06 1.150079e+06 1.150078e+06 1.149880e+06 1.129855e+06 1.101037e+06 1.067297e+06 1.011190e+06 9.773105e+05 9.579214e+05 9.464256e+05 9.392728e+05 9.346202e+05 9.314755e+05 9.249651e+05 9.230850e+05 9.221879e+05 9.215435e+05 9.209423e+05 9.203091e+05 9.188400e+05 9.170447e+05 9.149161e+05 9.124730e+05 9.097436e+05 9.067599e+05 8.711252e+05 8.459616e+05 8.285843e+05 8.074149e+05
1.158787e+06 1.158787e+06 1.158787e+06 1.158787e+06 1.158787e+06 1.158787e+06 1.158588e+06 1.138461e+06 1.109497e+06 1.075584e+06 1.019179e+06 9.851070e+05 9.655916e+05 9.540061e+05 9.467846e+05 9.420769e+05 9.388868e+05 9.322365e+05 9.302984e+05 9.293854e+05 9.287495e+05 9.281723e+05 9.275730e+05 9.261878e+05 9.244830e+05 9.224401e+05 9.200708e+05 9.173990e+05 9.144541e+05 8.779693e+05 8.504741e+05 8.314294e+05 8.093134e+05
1.166142e+06 1.166142e+06 1.166142e+06 1.166142e+06 1.166142e+06 1.166142e+06 1.165943e+06 1.145748e+06 1.116678e+06 1.082634e+06 1.025996e+06 9.917641e+05 9.721420e+05 9.604800e+05 9.531999e+05 9.484452e+05 9.452162e+05 9.384439e+05 9.364482e+05 9.355103e+05 9.348693e+05 9.343005e+05 9.337194e+05 9.323900e+05 9.307557e+05 9.287882e+05 9.264917e+05 9.238850e+05 9.209935e+05 8.840034e+05 8.544940e+05 8.339345e+05 8.109818e+05
1.172373e+06 1.172373e+06 1.172373e+06 1.172373e+06 1.172373e+06 1.172373e+06 1.172173e+06 1.151935e+06 1.122796e+06 1.088664e+06 1.031856e+06 9.974956e+05 9.777780e+05 9.660421e+05 9.587027e+05 9.538990e+05 9.506289e+05 9.437237e+05 9.416587e+05 9.406815e+05 9.400193e+05 9.394419e+05 9.388620e+05 9.375574e+05 9.359694e+05 9.340613e+05 9.318304e+05 9.292896e+05 9.264598e+05 8.892565e+05 8.580329e+05 8.361065e+05 8.124214e+05
1.177568e+06 1.177568e+06 1.177568e+06 1.177568e+06 1.177568e+06 1.177568e+06 1.177368e+06 1.157110e+06 1.127937e+06 1.093758e+06 1.036845e+06 1.002389e+06 9.825891e+05 9.707832e+05 9.633837e+05 9.585283e+05 9.552135e+05 9.481553e+05 9.460033e+05 9.449712e+05 9.442728e+05 9.436721e+05 9.430792e+05 9.417727e+05 9.402087e+05 9.383439e+05 9.361696e+05 9.336927e+05 9.309288e+05 8.937595e+05 8.611039e+05 8.379532e+05 8.136340e+05
1.181815e+06 1.181815e+06 1.181815e+06 1.181815e+06 1.181815e+06 1.181815e+06 1.181615e+06 1.161357e+06 1.132178e+06 1.097984e+06 1.041018e+06 1.006494e+06 9.866222e+05 9.747472e+05 9.672840e+05 9.623712e+05 9.590052e+05 9.517670e+05 9.495114e+05 9.484133e+05 9.476697e+05 9.470372e+05 9.464223e+05 9.450960e+05 9.435399e+05 9.417062e+05 9.395809e+05 9.371656e+05 9.344702e+05 8.975450e+05 8.637208e+05 8.394831e+05 8.146222e+05
1.185068e+06 1.185068e+06 1.185068e+06 1.185068e+06 1.185068e+06 1.185068e+06 1.184868e+06 1.164623e+06 1.135460e+06 1.101277e+06 1.044302e+06 1.009734e+06 9.898035e+05 9.778658e+05 9.703420e+05 9.653732e+05 9.619567e+05 9.545397e+05 9.521829e+05 9.510206e+05 9.502318e+05 9.495658e+05 9.489259e+05 9.475721e+05 9.460158e+05 9.442068e+05 9.421269e+05 9.397724e+05 9.371484e+05 9.006467e+05 8.658985e+05 8.407053e+05 8.153893e+05
1.187188e+06 1.187188e+06 1.187188e+06 1.187188e+06 1.187188e+06 1.187187e+06 1.186988e+06 1.166768e+06 1.137636e+06 1.103484e+06 1.046538e+06 1.011959e+06 9.919978e+05 9.800213e+05 9.724575e+05 9.674507e+05 9.639995e+05 9.564552e+05 9.540219e+05 9.528072e+05 9.519788e+05 9.512818e+05 9.506182e+05 9.492374e+05 9.476811e+05 9.458970e+05 9.438633e+05 9.415719e+05 9.390229e+05 9.030991e+05 8.676526e+05 8.416294e+05 8.159393e+05
1.188321e+06 1.188321e+06 1.188321e+06 1.188321e+06 1.188321e+06 1.188320e+06 1.188121e+06 1.167937e+06 1.138850e+06 1.104745e+06 1.047860e+06 1.013295e+06 9.933216e+05 9.813217e+05 9.737305e+05 9.686959e+05 9.652181e+05 9.575693e+05 9.550668e+05 9.538020e+05 9.529356e+05 9.522098e+05 9.515256e+05 9.501255e+05 9.485769e+05 9.468242e+05 9.448423e+05 9.426190e+05 9.401503e+05 9.049367e+05 8.689992e+05 8.422654e+05 8.162766e+05
1.188673e+06 1.188673e+06 1.188673e+06 1.188673e+06 1.188673e+06 1.188673e+06 1.188474e+06 1.168331e+06 1.139300e+06 1.105254e+06 1.048451e+06 1.013914e+06 9.939346e+05 9.819129e+05 9.742929e+05 9.692270e+05 9.657179e+05 9.579386e+05 9.553495e+05 9.540274e+05 9.531230e+05 9.523729e+05 9.516748e+05 9.502714e+05 9.487452e+05 9.470360e+05 9.451151e+05 9.429670e+05 9.405847e+05 9.061945e+05 8.699549e+05 8.426238e+05 8.164061e+05
1.188187e+06 1.188187e+06 1.188187e+06 1.188187e+06 1.188187e+06 1.188186e+06 1.187988e+06 1.167889e+06 1.138917e+06 1.104937e+06 1.048226e+06 1.013723e+06 9.937431e+05 9.817027e+05 9.740557e+05 9.689600e+05 9.654209e+05 9.575174e+05 9.548511e+05 9.534841e+05 9.525557e+05 9.517957e+05 9.510978e+05 9.497163e+05 9.482327e+05 9.465823e+05 9.447334e+05 9.426689e+05 9.403793e+05 9.069067e+05 8.705365e+05 8.427151e+05 8.163332e+05
1.186756e+06 1.186756e+06 1.186756e+06 1.186756e+06 1.186756e+06 1.186756e+06 1.186558e+06 1.166501e+06 1.137586e+06 1.103670e+06 1.047049e+06 1.012583e+06 9.926080e+05 9.805583e+05 9.728963e+05 9.677839e+05 9.642284e+05 9.562643e+05 9.535695e+05 9.521939e+05 9.512696e+05 9.505226e+05 9.498439e+05 9.485138e+05 9.470940e+05 9.455174e+05 9.437514e+05 9.417778e+05 9.395866e+05 9.071074e+05 8.707612e+05 8.425501e+05 8.160637e+05
1.184499e+06 1.184499e+06 1.184499e+06 1.184499e+06 1.184499e+06 1.184498e+06 1.184301e+06 1.164292e+06 1.135442e+06 1.101597e+06 1.045083e+06 1.010665e+06 9.907058e+05 9.786551e+05 9.709854e+05 9.658631e+05 9.622977e+05 9.543030e+05 9.516073e+05 9.502479e+05 9.493490e+05 9.486326e+05 9.479879e+05 9.467317e+05 9.453917e+05 9.439001e+05 9.422247e+05 9.403475e+05 9.382582e+05 9.068299e+05 8.706461e+05 8.421397e+05 8.156037e+05
1.181598e+06 1.181598e+06 1.181598e+06 1.181598e+06 1.181598e+06 1.181597e+06 1.181401e+06 1.161453e+06 1.132689e+06 1.098941e+06 1.042577e+06 1.008234e+06 9.883030e+05 9.762568e+05 9.685804e+05 9.634468e+05 9.598688e+05 9.518292e+05 9.491266e+05 9.477832e+05 9.469123e+05 9.462302e+05 9.456231e+05 9.444479e+05 9.431936e+05 9.417915e+05 9.402097e+05 9.384307e+05 9.364446e+05 9.061066e+05 8.702084e+05 8.414948e+05 8.149595e+05
1.178200e+06 1.178200e+06 1.178200e+06 1.178200e+06 1.178200e+06 1.178200e+06 1.178005e+06 1.158130e+06 1.129466e+06 1.095832e+06 1.039648e+06 1.005402e+06 9.855125e+05 9.734805e+05 9.658040e+05 9.606635e+05 9.570757e+05 9.489912e+05 9.462711e+05 9.449310e+05 9.440765e+05 9.434193e+05 9.428429e+05 9.417399e+05 9.405667e+05 9.392514e+05 9.377613e+05 9.360788e+05 9.341941e+05 9.049689e+05 8.694652e+05 8.406265e+05 8.141378e+05
1.174615e+06 1.174615e+06 1.174615e+06 1.174615e+06 1.174615e+06 1.174615e+06 1.174420e+06 1.154609e+06 1.126034e+06 1.092503e+06 1.036483e+06 1.002323e+06 9.824727e+05 9.704539e+05 9.627772e+05 9.576298e+05 9.540320e+05 9.458934e+05 9.431379e+05 9.417819e+05 9.409267e+05 9.402800e+05 9.397228e+05 9.386752e+05 9.375718e+05 9.363353e+05 9.349307e+05 9.333397e+05 9.315523e+05 9.034471e+05 8.684332e+05 8.395456e+05 8.131452e+05
1.170786e+06 1.170786e+06 1.170786e+06 1.170786e+06 1.170786e+06 1.170786e+06 1.170591e+06 1.150839e+06 1.122352e+06 1.088921e+06 1.033061e+06 9.989882e+05 9.791783e+05 9.671745e+05 9.594996e+05 9.543467e+05 9.507399e+05 9.425464e+05 9.397494e+05 9.383695e+05 9.375049e+05 9.368604e+05 9.363140e+05 9.353068e+05 9.342603e+05 9.330918e+05 9.317638e+05 9.302570e+05 9.285609e+05 9.015705e+05 8.671293e+05 8.382629e+05 8.119887e+05
1.166391e+06 1.166391e+06 1.166391e+06 1.166391e+06 1.166391e+06 1.166390e+06 1.166197e+06 1.146531e+06 1.118167e+06 1.084878e+06 1.029246e+06 9.953000e+05 9.755518e+05 9.635750e+05 9.559091e+05 9.507560e+05 9.471443e+05 9.389143e+05 9.360919e+05 9.346993e+05 9.338310e+05 9.331896e+05 9.326518e+05 9.316752e+05 9.306737e+05 9.295620e+05 9.283006e+05 9.268695e+05 9.252574e+05 8.993669e+05 8.655696e+05 8.367891e+05 8.106753e+05
1.161439e+06 1.161439e+06 1.161439e+06 1.161439e+06 1.161439e+06 1.161439e+06 1.161247e+06 1.141696e+06 1.113491e+06 1.080387e+06 1.025052e+06 9.912746e+05 9.716112e+05 9.596752e+05 9.520273e+05 9.468807e+05 9.432697e+05 9.350248e+05 9.321942e+05 9.308004e+05 9.299343e+05 9.292976e+05 9.287670e+05 9.278129e+05 9.268456e+05 9.257795e+05 9.245748e+05 9.232105e+05 9.216750e+05 8.968631e+05 8.637704e+05 8.351346e+05 8.092119e+05
1.156358e+06 1.156358e+06 1.156358e+06 1.156358e+06 1.156358e+06 1.156358e+06 1.156167e+06 1.136725e+06 1.108675e+06 1.075750e+06 1.020708e+06 9.870957e+05 9.675170e+05 9.556223e+05 9.479929e+05 9.428529e+05 9.392422e+05 9.309762e+05 9.281285e+05 9.267253e+05 9.258547e+05 9.252168e+05 9.246878e+05 9.237455e+05 9.228019e+05 9.217715e+05 9.206143e+05 9.193088e+05 9.178427e+05 8.940844e+05 8.617470e+05 8.333098e+05 8.076057e+05
1.151264e+06 1.151264e+06 1.151264e+06 1.151264e+06 1.151264e+06 1.151264e+06 1.151074e+06 1.131729e+06 1.103820e+06 1.071059e+06 1.016283e+06 9.828246e+05 9.633250e+05 9.514692e+05 9.438572e+05 9.387226e+05 9.351108e+05 9.268103e+05 9.239280e+05 9.225003e+05 9.216136e+05 9.209657e+05 9.204316e+05 9.194906e+05 9.185619e+05 9.175592e+05 9.164421e+05 9.151886e+05 9.137859e+05 8.910549e+05 8.595149e+05 8.313246e+05 8.058635e+05
1.146038e+06 1.146038e+06 1.146038e+06 1.146038e+06 1.146038e+06 1.146037e+06 1.145848e+06 1.126596e+06 1.098820e+06 1.066213e+06 1.011688e+06 9.783713e+05 9.589454e+05 9.471267e+05 9.395322e+05 9.344046e+05 9.307937e+05 9.224689e+05 9.195573e+05 9.181064e+05 9.172028e+05 9.165434e+05 9.160022e+05 9.150581e+05 9.141393e+05 9.131591e+05 9.120769e+05 9.108705e+05 9.095265e+05 8.877974e+05 8.570886e+05 8.291890e+05 8.039924e+05
1.140582e+06 1.140582e+06 1.140582e+06 1.140582e+06 1.140582e+06 1.140581e+06 1.140393e+06 1.121234e+06 1.093588e+06 1.061130e+06 1.006843e+06 9.736586e+05 9.543003e+05 9.425165e+05 9.349403e+05 9.298223e+05 9.262165e+05 9.178939e+05 9.149759e+05 9.135176e+05 9.126074e+05 9.119428e+05 9.113982e+05 9.104537e+05 9.095444e+05 9.085847e+05 9.075348e+05 9.063725e+05 9.050841e+05 8.843337e+05 8.544824e+05 8.269123e+05 8.019993e+05
