4.485923e+08 3.456139e+08 3.005596e+08 1.996983e+08 1.639675e+08 9.799364e+07 7.990325e+07 7.005807e+07 6.933397e+07 6.991632e+07 7.342044e+07 7.871369e+07 8.495728e+07 9.170400e+07 9.869506e+07 1.057749e+08 1.128494e+08 1.469580e+08 1.791383e+08 2.112669e+08 2.449427e+08 2.802477e+08 3.152333e+08 3.675518e+08 3.682656e+08 3.209732e+08 2.613220e+08 2.112094e+08 1.741054e+08 6.415000e+07 4.080004e+07 2.996144e+07 2.359890e+07
7.277430e+07 7.277440e+07 7.277466e+07 7.277713e+07 7.276462e+07 7.154380e+07 6.956997e+07 6.745260e+07 6.822550e+07 6.972325e+07 7.424988e+07 8.006803e+07 8.660547e+07 9.352125e+07 1.006075e+08 1.077361e+08 1.148291e+08 1.488215e+08 1.807754e+08 2.126726e+08 2.461389e+08 2.812587e+08 3.160763e+08 3.680830e+08 3.685214e+08 3.210362e+08 2.612819e+08 2.111232e+08 1.740012e+08 6.407643e+07 4.075631e+07 2.993338e+07 2.357961e+07
6.406404e+07 6.406410e+07 6.406431e+07 6.406977e+07 6.408381e+07 6.416655e+07 6.461949e+07 6.696722e+07 6.831972e+07 7.037126e+07 7.576538e+07 8.203639e+07 8.879997e+07 9.582181e+07 1.029472e+08 1.100757e+08 1.171450e+08 1.508814e+08 1.825351e+08 2.141578e+08 2.473881e+08 2.823054e+08 3.169429e+08 3.686227e+08 3.687774e+08 3.210962e+08 2.612381e+08 2.110335e+08 1.738941e+08 6.400223e+07 4.071237e+07 2.990523e+07 2.356027e+07
6.446078e+07 6.446083e+07 6.446099e+07 6.446558e+07 6.447891e+07 6.478016e+07 6.535338e+07 6.899639e+07 7.116945e+07 7.332725e+07 7.844346e+07 8.475890e+07 9.159330e+07 9.862844e+07 1.057247e+08 1.127988e+08 1.197993e+08 1.531362e+08 1.844155e+08 2.157209e+08 2.486889e+08 2.833864e+08 3.178321e+08 3.691701e+08 3.690333e+08 3.211530e+08 2.611904e+08 2.109403e+08 1.737839e+08 6.392739e+07 4.066821e+07 2.987699e+07 2.354088e+07
6.852753e+07 6.852757e+07 6.852769e+07 6.853153e+07 6.854296e+07 6.884690e+07 6.955105e+07 7.256903e+07 7.508339e+07 7.770986e+07 8.292459e+07 8.864694e+07 9.510675e+07 1.019763e+08 1.089463e+08 1.159014e+08 1.227848e+08 1.555804e+08 1.864132e+08 2.173593e+08 2.500391e+08 2.845002e+08 3.187427e+08 3.697244e+08 3.692886e+08 3.212061e+08 2.611387e+08 2.108435e+08 1.736707e+08 6.385190e+07 4.062385e+07 2.984866e+07 2.352145e+07
7.456971e+07 7.456974e+07 7.456985e+07 7.457304e+07 7.458269e+07 7.485480e+07 7.555611e+07 7.800619e+07 8.015537e+07 8.277353e+07 8.831043e+07 9.383873e+07 9.968739e+07 1.059963e+08 1.126535e+08 1.193920e+08 1.260972e+08 1.582050e+08 1.885227e+08 2.190696e+08 2.514364e+08 2.856450e+08 3.196732e+08 3.702848e+08 3.695428e+08 3.212555e+08 2.610829e+08 2.107430e+08 1.735544e+08 6.377577e+07 4.057928e+07 2.982025e+07 2.350198e+07
8.176288e+07 8.176291e+07 8.176300e+07 8.176570e+07 8.177388e+07 8.201034e+07 8.265104e+07 8.475418e+07 8.644580e+07 8.868269e+07 9.407819e+07 9.964593e+07 1.051923e+08 1.109436e+08 1.169946e+08 1.233235e+08 1.297530e+08 1.610006e+08 1.907377e+08 2.208475e+08 2.528778e+08 2.868187e+08 3.206221e+08 3.708504e+08 3.697953e+08 3.213007e+08 2.610227e+08 2.106386e+08 1.734348e+08 6.369899e+07 4.053449e+07 2.979174e+07 2.348246e+07
8.961625e+07 8.961628e+07 8.961635e+07 8.961863e+07 8.962558e+07 8.982887e+07 9.039497e+07 9.225298e+07 9.360697e+07 9.540976e+07 1.002169e+08 1.056862e+08 1.111286e+08 1.165453e+08 1.220959e+08 1.278518e+08 1.338164e+08 1.639593e+08 1.930510e+08 2.226881e+08 2.543601e+08 2.880190e+08 3.215878e+08 3.714201e+08 3.700456e+08 3.213414e+08 2.609580e+08 2.105303e+08 1.733120e+08 6.362156e+07 4.048950e+07 2.976314e+07 2.346289e+07
9.780847e+07 9.780849e+07 9.780855e+07 9.781049e+07 9.781640e+07 9.799120e+07 9.848585e+07 1.001394e+08 1.012700e+08 1.027218e+08 1.067799e+08 1.118789e+08 1.172102e+08 1.224549e+08 1.276715e+08 1.329775e+08 1.384306e+08 1.670792e+08 1.954556e+08 2.245864e+08 2.558796e+08 2.892433e+08 3.225683e+08 3.719931e+08 3.702930e+08 3.213774e+08 2.608885e+08 2.104180e+08 1.731859e+08 6.354349e+07 4.044429e+07 2.973446e+07 2.344328e+07
1.061270e+08 1.061270e+08 1.061270e+08 1.061287e+08 1.061338e+08 1.062850e+08 1.067175e+08 1.081906e+08 1.091689e+08 1.103679e+08 1.137202e+08 1.182564e+08 1.233387e+08 1.284539e+08 1.334695e+08 1.384560e+08 1.435042e+08 1.703681e+08 1.979458e+08 2.265371e+08 2.574327e+08 2.904890e+08 3.235617e+08 3.725681e+08 3.705371e+08 3.214083e+08 2.608143e+08 2.103016e+08 1.730564e+08 6.346477e+07 4.039888e+07 2.970568e+07 2.342363e+07
1.144381e+08 1.144381e+08 1.144381e+08 1.144396e+08 1.144440e+08 1.145757e+08 1.149547e+08 1.162671e+08 1.171324e+08 1.181534e+08 1.209245e+08 1.248340e+08 1.295187e+08 1.344464e+08 1.393198e+08 1.440963e+08 1.488443e+08 1.738491e+08 2.005181e+08 2.285354e+08 2.590155e+08 2.917533e+08 3.245660e+08 3.731441e+08 3.707772e+08 3.214339e+08 2.607350e+08 2.101810e+08 1.729235e+08 6.338540e+07 4.035326e+07 2.967682e+07 2.340393e+07
1.878949e+08 1.878949e+08 1.878949e+08 1.878954e+08 1.878969e+08 1.879429e+08 1.880778e+08 1.885707e+08 1.889121e+08 1.893055e+08 1.902163e+08 1.912653e+08 1.924967e+08 1.940202e+08 1.959293e+08 1.982426e+08 2.009022e+08 2.160688e+08 2.318046e+08 2.511669e+08 2.759751e+08 3.049256e+08 3.348077e+08 3.787184e+08 3.728230e+08 3.213201e+08 2.596267e+08 2.087218e+08 1.713934e+08 6.255592e+07 3.988563e+07 2.938339e+07 2.320452e+07
2.424852e+08 2.424852e+08 2.424852e+08 2.424854e+08 2.424862e+08 2.425092e+08 2.425770e+08 2.428267e+08 2.429975e+08 2.431885e+08 2.435979e+08 2.439998e+08 2.443607e+08 2.446724e+08 2.449572e+08 2.452663e+08 2.456664e+08 2.507375e+08 2.613374e+08 2.762758e+08 2.958359e+08 3.196649e+08 3.453168e+08 3.835095e+08 3.738958e+08 3.203427e+08 2.578384e+08 2.067425e+08 1.694625e+08 6.166137e+07 3.939763e+07 2.908141e+07 2.300081e+07
2.736569e+08 2.736569e+08 2.736569e+08 2.736570e+08 2.736572e+08 2.736647e+08 2.736845e+08 2.737366e+08 2.737620e+08 2.737829e+08 2.738016e+08 2.737808e+08 2.737182e+08 2.736155e+08 2.734771e+08 2.733144e+08 2.731495e+08 2.737500e+08 2.801752e+08 2.935006e+08 3.122242e+08 3.343838e+08 3.572853e+08 3.885062e+08 3.740694e+08 3.184205e+08 2.552935e+08 2.041913e+08 1.670984e+08 6.070250e+07 3.888990e+07 2.877119e+07 2.279293e+07
2.858250e+08 2.858250e+08 2.858250e+08 2.858250e+08 2.858252e+08 2.858303e+08 2.858449e+08 2.858977e+08 2.859344e+08 2.859771e+08 2.860774e+08 2.861930e+08 2.863176e+08 2.864445e+08 2.865678e+08 2.866850e+08 2.867996e+08 2.880168e+08 2.931853e+08 3.049330e+08 3.228691e+08 3.446111e+08 3.666785e+08 3.940354e+08 3.745747e+08 3.159341e+08 2.520934e+08 2.010944e+08 1.643067e+08 5.968105e+07 3.836323e+07 2.845307e+07 2.258106e+07
2.964663e+08 2.964663e+08 2.964663e+08 2.964664e+08 2.964665e+08 2.964722e+08 2.964889e+08 2.965509e+08 2.965946e+08 2.966457e+08 2.967672e+08 2.969107e+08 2.970717e+08 2.972465e+08 2.974324e+08 2.976294e+08 2.978412e+08 2.995918e+08 3.044803e+08 3.148341e+08 3.310502e+08 3.513887e+08 3.724036e+08 3.974829e+08 3.749092e+08 3.136874e+08 2.486301e+08 1.975936e+08 1.611494e+08 5.859992e+07 3.781859e+07 2.812743e+07 2.236537e+07
3.079124e+08 3.079124e+08 3.079124e+08 3.079124e+08 3.079126e+08 3.079171e+08 3.079305e+08 3.079811e+08 3.080173e+08 3.080602e+08 3.081644e+08 3.082905e+08 3.084355e+08 3.085970e+08 3.087735e+08 3.089661e+08 3.091792e+08 3.109822e+08 3.155696e+08 3.246866e+08 3.388396e+08 3.568728e+08 3.758538e+08 3.981281e+08 3.736103e+08 3.109861e+08 2.452302e+08 1.939999e+08 1.577606e+08 5.746324e+07 3.725707e+07 2.779468e+07 2.214605e+07
3.199079e+08 3.199079e+08 3.199079e+08 3.199080e+08 3.199081e+08 3.199113e+08 3.199209e+08 3.199573e+08 3.199834e+08 3.200146e+08 3.200913e+08 3.201854e+08 3.202951e+08 3.204190e+08 3.205563e+08 3.207086e+08 3.208808e+08 3.224447e+08 3.265234e+08 3.344389e+08 3.465425e+08 3.619717e+08 3.782944e+08 3.965693e+08 3.702575e+08 3.071360e+08 2.413959e+08 1.903623e+08 1.543573e+08 5.627642e+07 3.667995e+07 2.745528e+07 2.192328e+07
3.315230e+08 3.315230e+08 3.315230e+08 3.315230e+08 3.315231e+08 3.315255e+08 3.315325e+08 3.315588e+08 3.315777e+08 3.316002e+08 3.316551e+08 3.317221e+08 3.318000e+08 3.318876e+08 3.319848e+08 3.320931e+08 3.322172e+08 3.334472e+08 3.368812e+08 3.435837e+08 3.537480e+08 3.666277e+08 3.801395e+08 3.936189e+08 3.651236e+08 3.019352e+08 2.368174e+08 1.863996e+08 1.508761e+08 5.504620e+07 3.608865e+07 2.710971e+07 2.169729e+07
3.420709e+08 3.420709e+08 3.420709e+08 3.420709e+08 3.420710e+08 3.420726e+08 3.420774e+08 3.420952e+08 3.421079e+08 3.421227e+08 3.421586e+08 3.422017e+08 3.422510e+08 3.423055e+08 3.423651e+08 3.424314e+08 3.425083e+08 3.433794e+08 3.461041e+08 3.515857e+08 3.599297e+08 3.704441e+08 3.812692e+08 3.897626e+08 3.587099e+08 2.955286e+08 2.314147e+08 1.819740e+08 1.471739e+08 5.378063e+07 3.548471e+07 2.675848e+07 2.146828e+07
3.510540e+08 3.510540e+08 3.510540e+08 3.510540e+08 3.510540e+08 3.510550e+08 3.510579e+08 3.510677e+08 3.510741e+08 3.510813e+08 3.510974e+08 3.511149e+08 3.511330e+08 3.511511e+08 3.511691e+08 3.511886e+08 3.512134e+08 3.517005e+08 3.536981e+08 3.579885e+08 3.646420e+08 3.730140e+08 3.813965e+08 3.851536e+08 3.514362e+08 2.882157e+08 2.252792e+08 1.770615e+08 1.431895e+08 5.248896e+07 3.486983e+07 2.640215e+07 2.123648e+07
3.578418e+08 3.578418e+08 3.578418e+08 3.578418e+08 3.578418e+08 3.578419e+08 3.578420e+08 3.578416e+08 3.578407e+08 3.578392e+08 3.578338e+08 3.578250e+08 3.578122e+08 3.577954e+08 3.577749e+08 3.577523e+08 3.577309e+08 3.578843e+08 3.592327e+08 3.624417e+08 3.675736e+08 3.740430e+08 3.802665e+08 3.797730e+08 3.435584e+08 2.802960e+08 2.185911e+08 1.717250e+08 1.389217e+08 5.118158e+07 3.424583e+07 2.604127e+07 2.100213e+07
3.618813e+08 3.618813e+08 3.618813e+08 3.618813e+08 3.618813e+08 3.618811e+08 3.618803e+08 3.618763e+08 3.618729e+08 3.618683e+08 3.618558e+08 3.618383e+08 3.618155e+08 3.617871e+08 3.617533e+08 3.617152e+08 3.616753e+08 3.616404e+08 3.624927e+08 3.647857e+08 3.685891e+08 3.733932e+08 3.777367e+08 3.735623e+08 3.352054e+08 2.719994e+08 2.115450e+08 1.660760e+08 1.344151e+08 4.986993e+07 3.361462e+07 2.567644e+07 2.076547e+07
3.635013e+08 3.635013e+08 3.635013e+08 3.635013e+08 3.635013e+08 3.635011e+08 3.635001e+08 3.634957e+08 3.634921e+08 3.634873e+08 3.634742e+08 3.634556e+08 3.634309e+08 3.633995e+08 3.633615e+08 3.633174e+08 3.632691e+08 3.631103e+08 3.635662e+08 3.650795e+08 3.677244e+08 3.710711e+08 3.737833e+08 3.664904e+08 3.264392e+08 2.634800e+08 2.043075e+08 1.602384e+08 1.297411e+08 4.856687e+07 3.297823e+07 2.530828e+07 2.052674e+07
3.631777e+08 3.631777e+08 3.631777e+08 3.631776e+08 3.631776e+08 3.631770e+08 3.631748e+08 3.631655e+08 3.631582e+08 3.631492e+08 3.631258e+08 3.630951e+08 3.630569e+08 3.630113e+08 3.629584e+08 3.628989e+08 3.628343e+08 3.625430e+08 3.626516e+08 3.634840e+08 3.651074e+08 3.671708e+08 3.684653e+08 3.585712e+08 3.172994e+08 2.548361e+08 1.970044e+08 1.543247e+08 1.249795e+08 4.728844e+07 3.233877e+07 2.493741e+07 2.028619e+07
3.607848e+08 3.607848e+08 3.607848e+08 3.607848e+08 3.607847e+08 3.607842e+08 3.607822e+08 3.607736e+08 3.607668e+08 3.607583e+08 3.607361e+08 3.607067e+08 3.606699e+08 3.606254e+08 3.605734e+08 3.605141e+08 3.604485e+08 3.600961e+08 3.599300e+08 3.601710e+08 3.608897e+08 3.618202e+08 3.618847e+08 3.498581e+08 3.078269e+08 2.461329e+08 1.897241e+08 1.484251e+08 1.202050e+08 4.603918e+07 3.169839e+07 2.456448e+07 2.004410e+07
3.567564e+08 3.567564e+08 3.567564e+08 3.567564e+08 3.567564e+08 3.567559e+08 3.567542e+08 3.567471e+08 3.567416e+08 3.567345e+08 3.567159e+08 3.566906e+08 3.566582e+08 3.566182e+08 3.565700e+08 3.565137e+08 3.564494e+08 3.560431e+08 3.556184e+08 3.553154e+08 3.552203e+08 3.551530e+08 3.541613e+08 3.404337e+08 2.980736e+08 2.374202e+08 1.825279e+08 1.426071e+08 1.154802e+08 4.481254e+07 3.105931e+07 2.419015e+07 1.980071e+07
3.515573e+08 3.515573e+08 3.515573e+08 3.515573e+08 3.515573e+08 3.515562e+08 3.515531e+08 3.515405e+08 3.515311e+08 3.515194e+08 3.514897e+08 3.514510e+08 3.514034e+08 3.513466e+08 3.512806e+08 3.512055e+08 3.511212e+08 3.505737e+08 3.498556e+08 3.490382e+08 3.482205e+08 3.472960e+08 3.454235e+08 3.304031e+08 2.881052e+08 2.287421e+08 1.754592e+08 1.369185e+08 1.108531e+08 4.360555e+07 3.042378e+07 2.381508e+07 1.955629e+07
3.447258e+08 3.447258e+08 3.447258e+08 3.447258e+08 3.447258e+08 3.447246e+08 3.447210e+08 3.447064e+08 3.446953e+08 3.446816e+08 3.446466e+08 3.446012e+08 3.445456e+08 3.444796e+08 3.444035e+08 3.443173e+08 3.442209e+08 3.435763e+08 3.426293e+08 3.413976e+08 3.399959e+08 3.383827e+08 3.358156e+08 3.198906e+08 2.779994e+08 2.201423e+08 1.685501e+08 1.313918e+08 1.063585e+08 4.241680e+07 2.979410e+07 2.343995e+07 1.931111e+07
3.361324e+08 3.361324e+08 3.361324e+08 3.361324e+08 3.361324e+08 3.361314e+08 3.361284e+08 3.361160e+08 3.361067e+08 3.360951e+08 3.360654e+08 3.360268e+08 3.359789e+08 3.359216e+08 3.358548e+08 3.357781e+08 3.356910e+08 3.350647e+08 3.340192e+08 3.325236e+08 3.307079e+08 3.285882e+08 3.255120e+08 3.090368e+08 2.678425e+08 2.116648e+08 1.618262e+08 1.260492e+08 1.020199e+08 4.124589e+07 2.917261e+07 2.306543e+07 1.906544e+07
3.263376e+08 3.263376e+08 3.263376e+08 3.263376e+08 3.263376e+08 3.263368e+08 3.263342e+08 3.263237e+08 3.263157e+08 3.263057e+08 3.262802e+08 3.262469e+08 3.262060e+08 3.261571e+08 3.261002e+08 3.260348e+08 3.259599e+08 3.253890e+08 3.243256e+08 3.226866e+08 3.206049e+08 3.181401e+08 3.147173e+08 2.979915e+08 2.577236e+08 2.033527e+08 1.553081e+08 1.209049e+08 9.785197e+07 4.009321e+07 2.856180e+07 2.269220e+07 1.881955e+07
3.157856e+08 3.157856e+08 3.157856e+08 3.157856e+08 3.157856e+08 3.157849e+08 3.157828e+08 3.157740e+08 3.157674e+08 3.157594e+08 3.157388e+08 3.157122e+08 3.156792e+08 3.156398e+08 3.155937e+08 3.155401e+08 3.154781e+08 3.149719e+08 3.139271e+08 3.122183e+08 3.099750e+08 3.072872e+08 3.036447e+08 2.869011e+08 2.477279e+08 1.952463e+08 1.490127e+08 1.159676e+08 9.386299e+07 3.895981e+07 2.796471e+07 2.232092e+07 1.857371e+07
3.048841e+08 3.048841e+08 3.048841e+08 3.048841e+08 3.048841e+08 3.048836e+08 3.048819e+08 3.048752e+08 3.048701e+08 3.048637e+08 3.048473e+08 3.048257e+08 3.047990e+08 3.047669e+08 3.047292e+08 3.046852e+08 3.046336e+08 3.041826e+08 3.031652e+08 3.014249e+08 2.990861e+08 2.962596e+08 2.924889e+08 2.758972e+08 2.379309e+08 1.873803e+08 1.429530e+08 1.112421e+08 9.005630e+07 3.784722e+07 2.738319e+07 2.195227e+07 1.832819e+07
2.939195e+08 2.939195e+08 2.939195e+08 2.939195e+08 2.939195e+08 2.939190e+08 2.939176e+08 2.939116e+08 2.939070e+08 2.939015e+08 2.938872e+08 2.938685e+08 2.938455e+08 2.938178e+08 2.937853e+08 2.937473e+08 2.937025e+08 2.932898e+08 2.922966e+08 2.905442e+08 2.881515e+08 2.852437e+08 2.814093e+08 2.650879e+08 2.283952e+08 1.797831e+08 1.371382e+08 1.067298e+08 8.643183e+07 3.675730e+07 2.681549e+07 2.158691e+07 1.808325e+07
2.830230e+08 2.830230e+08 2.830230e+08 2.830230e+08 2.830229e+08 2.830226e+08 2.830214e+08 2.830164e+08 2.830125e+08 2.830078e+08 2.829956e+08 2.829796e+08 2.829598e+08 2.829361e+08 2.829082e+08 2.828754e+08 2.828365e+08 2.824575e+08 2.814906e+08 2.797417e+08 2.773253e+08 2.743776e+08 2.705261e+08 2.545563e+08 2.191687e+08 1.724760e+08 1.315743e+08 1.024298e+08 8.298704e+07 3.569207e+07 2.626050e+07 2.122550e+07 1.783916e+07
2.723020e+08 2.723020e+08 2.723020e+08 2.723020e+08 2.723020e+08 2.723016e+08 2.723007e+08 2.722967e+08 2.722936e+08 2.722897e+08 2.722798e+08 2.722667e+08 2.722504e+08 2.722308e+08 2.722075e+08 2.721799e+08 2.721467e+08 2.718007e+08 2.708640e+08 2.691319e+08 2.667152e+08 2.637590e+08 2.599249e+08 2.443621e+08 2.102858e+08 1.654732e+08 1.262636e+08 9.833940e+07 7.971773e+07 3.465352e+07 2.571748e+07 2.086871e+07 1.759619e+07
2.618610e+08 2.618610e+08 2.618610e+08 2.618610e+08 2.618610e+08 2.618607e+08 2.618598e+08 2.618563e+08 2.618536e+08 2.618503e+08 2.618417e+08 2.618305e+08 2.618166e+08 2.617999e+08 2.617801e+08 2.617565e+08 2.617277e+08 2.614094e+08 2.605027e+08 2.587957e+08 2.563957e+08 2.534546e+08 2.496642e+08 2.345460e+08 2.017690e+08 1.587831e+08 1.212060e+08 9.445423e+07 7.661850e+07 3.364352e+07 2.518584e+07 2.051721e+07 1.735460e+07
2.517526e+08 2.517526e+08 2.517526e+08 2.517526e+08 2.517526e+08 2.517524e+08 2.517516e+08 2.517485e+08 2.517461e+08 2.517432e+08 2.517358e+08 2.517262e+08 2.517143e+08 2.517000e+08 2.516830e+08 2.516626e+08 2.516375e+08 2.513425e+08 2.504643e+08 2.487872e+08 2.464164e+08 2.435086e+08 2.397823e+08 2.251333e+08 1.936312e+08 1.524086e+08 1.163984e+08 9.076874e+07 7.368315e+07 3.266368e+07 2.466514e+07 2.017172e+07 1.711464e+07
2.420079e+08 2.420079e+08 2.420079e+08 2.420079e+08 2.420079e+08 2.420077e+08 2.420071e+08 2.420046e+08 2.420027e+08 2.420003e+08 2.419942e+08 2.419862e+08 2.419762e+08 2.419642e+08 2.419497e+08 2.419322e+08 2.419102e+08 2.416350e+08 2.407834e+08 2.391397e+08 2.368080e+08 2.339486e+08 2.303025e+08 2.161382e+08 1.858776e+08 1.463485e+08 1.118360e+08 8.727647e+07 7.090496e+07 3.171528e+07 2.415499e+07 1.983309e+07 1.687657e+07
2.326550e+08 2.326550e+08 2.326550e+08 2.326550e+08 2.326550e+08 2.326548e+08 2.326542e+08 2.326519e+08 2.326501e+08 2.326479e+08 2.326422e+08 2.326347e+08 2.326254e+08 2.326143e+08 2.326011e+08 2.325850e+08 2.325646e+08 2.323032e+08 2.314764e+08 2.298702e+08 2.275874e+08 2.247896e+08 2.212372e+08 2.075659e+08 1.785073e+08 1.405979e+08 1.075122e+08 8.397016e+07 6.827684e+07 3.079928e+07 2.365509e+07 1.950220e+07 1.664064e+07
2.236680e+08 2.236680e+08 2.236680e+08 2.236680e+08 2.236680e+08 2.236679e+08 2.236674e+08 2.236654e+08 2.236639e+08 2.236620e+08 2.236570e+08 2.236504e+08 2.236422e+08 2.236323e+08 2.236205e+08 2.236062e+08 2.235878e+08 2.233421e+08 2.225447e+08 2.209844e+08 2.187619e+08 2.160386e+08 2.125913e+08 1.994158e+08 1.715149e+08 1.351493e+08 1.034188e+08 8.084201e+07 6.579149e+07 2.991624e+07 2.316524e+07 1.917844e+07 1.640710e+07
2.150407e+08 2.150407e+08 2.150407e+08 2.150407e+08 2.150407e+08 2.150406e+08 2.150403e+08 2.150388e+08 2.150376e+08 2.150361e+08 2.150323e+08 2.150272e+08 2.150208e+08 2.150131e+08 2.150037e+08 2.149921e+08 2.149768e+08 2.147527e+08 2.139925e+08 2.124878e+08 2.103366e+08 2.076986e+08 2.043650e+08 1.916823e+08 1.648914e+08 1.299930e+08 9.954675e+07 7.788378e+07 6.344154e+07 2.906636e+07 2.268525e+07 1.886127e+07 1.617619e+07
2.068049e+08 2.068049e+08 2.068049e+08 2.068049e+08 2.068049e+08 2.068048e+08 2.068045e+08 2.068035e+08 2.068027e+08 2.068017e+08 2.067990e+08 2.067953e+08 2.067907e+08 2.067851e+08 2.067782e+08 2.067692e+08 2.067570e+08 2.065552e+08 2.058345e+08 2.043903e+08 2.023168e+08 1.997708e+08 1.965556e+08 1.843565e+08 1.586252e+08 1.251177e+08 9.588619e+07 7.508694e+07 6.121957e+07 2.824954e+07 2.221501e+07 1.855032e+07 1.594817e+07
1.989916e+08 1.989916e+08 1.989916e+08 1.989916e+08 1.989916e+08 1.989916e+08 1.989914e+08 1.989906e+08 1.989900e+08 1.989892e+08 1.989871e+08 1.989844e+08 1.989809e+08 1.989766e+08 1.989712e+08 1.989641e+08 1.989540e+08 1.987698e+08 1.980856e+08 1.967009e+08 1.947061e+08 1.922536e+08 1.891573e+08 1.774266e+08 1.527027e+08 1.205108e+08 9.242664e+07 7.244286e+07 5.911825e+07 2.746539e+07 2.175446e+07 1.824530e+07 1.572330e+07
1.916023e+08 1.916023e+08 1.916023e+08 1.916023e+08 1.916023e+08 1.916022e+08 1.916021e+08 1.916015e+08 1.916010e+08 1.916004e+08 1.915987e+08 1.915966e+08 1.915938e+08 1.915904e+08 1.915861e+08 1.915802e+08 1.915716e+08 1.914010e+08 1.907489e+08 1.894202e+08 1.875014e+08 1.851405e+08 1.821601e+08 1.708780e+08 1.471084e+08 1.161590e+08 8.915739e+07 6.994290e+07 5.713043e+07 2.671324e+07 2.130357e+07 1.794594e+07 1.550184e+07
1.846232e+08 1.846232e+08 1.846232e+08 1.846232e+08 1.846232e+08 1.846232e+08 1.846231e+08 1.846226e+08 1.846222e+08 1.846218e+08 1.846205e+08 1.846188e+08 1.846166e+08 1.846139e+08 1.846104e+08 1.846055e+08 1.845981e+08 1.844389e+08 1.838157e+08 1.825392e+08 1.806925e+08 1.784191e+08 1.755498e+08 1.646941e+08 1.418260e+08 1.120485e+08 8.606764e+07 6.757854e+07 5.524914e+07 2.599227e+07 2.086233e+07 1.765203e+07 1.528412e+07
1.780372e+08 1.780372e+08 1.780372e+08 1.780372e+08 1.780372e+08 1.780371e+08 1.780371e+08 1.780367e+08 1.780365e+08 1.780361e+08 1.780351e+08 1.780338e+08 1.780322e+08 1.780300e+08 1.780273e+08 1.780232e+08 1.780168e+08 1.778675e+08 1.772706e+08 1.760425e+08 1.742636e+08 1.720731e+08 1.693089e+08 1.588562e+08 1.368383e+08 1.081655e+08 8.314673e+07 6.534149e+07 5.346770e+07 2.530148e+07 2.043074e+07 1.736335e+07 1.507056e+07
1.718276e+08 1.718276e+08 1.718276e+08 1.718276e+08 1.718276e+08 1.718276e+08 1.718275e+08 1.718272e+08 1.718269e+08 1.718266e+08 1.718258e+08 1.718247e+08 1.718233e+08 1.718215e+08 1.718192e+08 1.718157e+08 1.718099e+08 1.716684e+08 1.710949e+08 1.699115e+08 1.681958e+08 1.660829e+08 1.634178e+08 1.533448e+08 1.321280e+08 1.044962e+08 8.038422e+07 6.322377e+07 5.177973e+07 2.463975e+07 2.000885e+07 1.707975e+07 1.486100e+07
1.659704e+08 1.659704e+08 1.659704e+08 1.659704e+08 1.659704e+08 1.659704e+08 1.659703e+08 1.659700e+08 1.659698e+08 1.659695e+08 1.659688e+08 1.659678e+08 1.659666e+08 1.659650e+08 1.659629e+08 1.659598e+08 1.659544e+08 1.658193e+08 1.652668e+08 1.641245e+08 1.624678e+08 1.604277e+08 1.578556e+08 1.481398e+08 1.276776e+08 1.010269e+08 7.777001e+07 6.121771e+07 5.017918e+07 2.400591e+07 1.959665e+07 1.680105e+07 1.465514e+07
1.604398e+08 1.604398e+08 1.604398e+08 1.604398e+08 1.604398e+08 1.604398e+08 1.604397e+08 1.604395e+08 1.604393e+08 1.604391e+08 1.604385e+08 1.604377e+08 1.604366e+08 1.604353e+08 1.604335e+08 1.604306e+08 1.604257e+08 1.602964e+08 1.597633e+08 1.586593e+08 1.570577e+08 1.550859e+08 1.526011e+08 1.432213e+08 1.234703e+08 9.774479e+07 7.529444e+07 5.931603e+07 4.866033e+07 2.339871e+07 1.919417e+07 1.652711e+07 1.445279e+07
1.552141e+08 1.552141e+08 1.552141e+08 1.552141e+08 1.552141e+08 1.552141e+08 1.552140e+08 1.552138e+08 1.552137e+08 1.552134e+08 1.552129e+08 1.552122e+08 1.552112e+08 1.552100e+08 1.552084e+08 1.552057e+08 1.552011e+08 1.550770e+08 1.545618e+08 1.534938e+08 1.519440e+08 1.500363e+08 1.476335e+08 1.385703e+08 1.194897e+08 9.463725e+07 7.294832e+07 5.751187e+07 4.721782e+07 2.281691e+07 1.880140e+07 1.625781e+07 1.425378e+07
1.502703e+08 1.502703e+08 1.502703e+08 1.502703e+08 1.502703e+08 1.502703e+08 1.502703e+08 1.502701e+08 1.502700e+08 1.502698e+08 1.502694e+08 1.502687e+08 1.502680e+08 1.502669e+08 1.502655e+08 1.502631e+08 1.502588e+08 1.501395e+08 1.496412e+08 1.486070e+08 1.471060e+08 1.452587e+08 1.429332e+08 1.341682e+08 1.157205e+08 9.169252e+07 7.072300e+07 5.579875e+07 4.584660e+07 2.225924e+07 1.841832e+07 1.599305e+07 1.405800e+07
1.455901e+08 1.455901e+08 1.455901e+08 1.455901e+08 1.455901e+08 1.455901e+08 1.455900e+08 1.455899e+08 1.455898e+08 1.455896e+08 1.455892e+08 1.455887e+08 1.455879e+08 1.455870e+08 1.455857e+08 1.455835e+08 1.455794e+08 1.454644e+08 1.449819e+08 1.439795e+08 1.425245e+08 1.407341e+08 1.384814e+08 1.299979e+08 1.121480e+08 8.889952e+07 6.861036e+07 5.417062e+07 4.454198e+07 2.172448e+07 1.804491e+07 1.573273e+07 1.386530e+07
1.411544e+08 1.411544e+08 1.411544e+08 1.411544e+08 1.411544e+08 1.411544e+08 1.411544e+08 1.411542e+08 1.411541e+08 1.411540e+08 1.411536e+08 1.411531e+08 1.411524e+08 1.411516e+08 1.411503e+08 1.411482e+08 1.411444e+08 1.410333e+08 1.405655e+08 1.395931e+08 1.381813e+08 1.364447e+08 1.342608e+08 1.260431e+08 1.087587e+08 8.624790e+07 6.660281e+07 5.262185e+07 4.329959e+07 2.121141e+07 1.768110e+07 1.547678e+07 1.367560e+07
1.369456e+08 1.369456e+08 1.369456e+08 1.369456e+08 1.369456e+08 1.369456e+08 1.369456e+08 1.369455e+08 1.369454e+08 1.369453e+08 1.369449e+08 1.369444e+08 1.369438e+08 1.369430e+08 1.369419e+08 1.369400e+08 1.369363e+08 1.368288e+08 1.363748e+08 1.354307e+08 1.340599e+08 1.323741e+08 1.302551e+08 1.222890e+08 1.055400e+08 8.372803e+07 6.469331e+07 5.114717e+07 4.211534e+07 2.071887e+07 1.732681e+07 1.522514e+07 1.348880e+07
1.329479e+08 1.329479e+08 1.329479e+08 1.329479e+08 1.329479e+08 1.329479e+08 1.329479e+08 1.329477e+08 1.329476e+08 1.329475e+08 1.329472e+08 1.329468e+08 1.329462e+08 1.329455e+08 1.329444e+08 1.329426e+08 1.329391e+08 1.328350e+08 1.323941e+08 1.314767e+08 1.301447e+08 1.285070e+08 1.264495e+08 1.187215e+08 1.024801e+08 8.133097e+07 6.287526e+07 4.974169e+07 4.098545e+07 2.024573e+07 1.698193e+07 1.497774e+07 1.330480e+07
1.291462e+08 1.291462e+08 1.291462e+08 1.291462e+08 1.291462e+08 1.291462e+08 1.291462e+08 1.291461e+08 1.291460e+08 1.291459e+08 1.291457e+08 1.291453e+08 1.291448e+08 1.291441e+08 1.291431e+08 1.291414e+08 1.291380e+08 1.290372e+08 1.286087e+08 1.277167e+08 1.264215e+08 1.248292e+08 1.228300e+08 1.153279e+08 9.956817e+07 7.904839e+07 6.114258e+07 4.840085e+07 3.990638e+07 1.979093e+07 1.664633e+07 1.473455e+07 1.312352e+07
1.255279e+08 1.255279e+08 1.255279e+08 1.255279e+08 1.255279e+08 1.255279e+08 1.255279e+08 1.255278e+08 1.255277e+08 1.255276e+08 1.255274e+08 1.255270e+08 1.255265e+08 1.255259e+08 1.255250e+08 1.255233e+08 1.255201e+08 1.254222e+08 1.250054e+08 1.241373e+08 1.228770e+08 1.213280e+08 1.193840e+08 1.120962e+08 9.679419e+07 7.687261e+07 5.948960e+07 4.712044e+07 3.887487e+07 1.935345e+07 1.631988e+07 1.449553e+07 1.294489e+07
1.220804e+08 1.220804e+08 1.220804e+08 1.220804e+08 1.220804e+08 1.220804e+08 1.220804e+08 1.220803e+08 1.220802e+08 1.220801e+08 1.220799e+08 1.220795e+08 1.220791e+08 1.220785e+08 1.220776e+08 1.220760e+08 1.220728e+08 1.219775e+08 1.215717e+08 1.207264e+08 1.194992e+08 1.179911e+08 1.160996e+08 1.090155e+08 9.414887e+07 7.479652e+07 5.791107e+07 4.589654e+07 3.788790e+07 1.893233e+07 1.600239e+07 1.426066e+07 1.276885e+07
1.187915e+08 1.187915e+08 1.187915e+08 1.187915e+08 1.187915e+08 1.187915e+08 1.187915e+08 1.187914e+08 1.187913e+08 1.187912e+08 1.187909e+08 1.187906e+08 1.187902e+08 1.187896e+08 1.187887e+08 1.187872e+08 1.187841e+08 1.186913e+08 1.182959e+08 1.174723e+08 1.162767e+08 1.148077e+08 1.129661e+08 1.060758e+08 9.162369e+07 7.281357e+07 5.640218e+07 4.472554e+07 3.694266e+07 1.852667e+07 1.569371e+07 1.402991e+07 1.259532e+07
1.156501e+08 1.156501e+08 1.156501e+08 1.156501e+08 1.156501e+08 1.156501e+08 1.156501e+08 1.156500e+08 1.156499e+08 1.156498e+08 1.156496e+08 1.156493e+08 1.156488e+08 1.156483e+08 1.156475e+08 1.156460e+08 1.156431e+08 1.155528e+08 1.151675e+08 1.143647e+08 1.131991e+08 1.117674e+08 1.099734e+08 1.032678e+08 8.921080e+07 7.091773e+07 5.495847e+07 4.360412e+07 3.603657e+07 1.813561e+07 1.539362e+07 1.380326e+07 1.242426e+07
1.126469e+08 1.126469e+08 1.126469e+08 1.126469e+08 1.126469e+08 1.126469e+08 1.126469e+08 1.126468e+08 1.126467e+08 1.126466e+08 1.126464e+08 1.126461e+08 1.126458e+08 1.126453e+08 1.126445e+08 1.126431e+08 1.126403e+08 1.125525e+08 1.121769e+08 1.113940e+08 1.102572e+08 1.088610e+08 1.071123e+08 1.005829e+08 8.690300e+07 6.910349e+07 5.357587e+07 4.252922e+07 3.516725e+07 1.775837e+07 1.510192e+07 1.358069e+07 1.225562e+07
1.097740e+08 1.097740e+08 1.097740e+08 1.097740e+08 1.097740e+08 1.097740e+08 1.097740e+08 1.097739e+08 1.097738e+08 1.097737e+08 1.097735e+08 1.097733e+08 1.097729e+08 1.097724e+08 1.097717e+08 1.097704e+08 1.097677e+08 1.096821e+08 1.093157e+08 1.085516e+08 1.074423e+08 1.060800e+08 1.043746e+08 9.801342e+07 8.469367e+07 6.736575e+07 5.225061e+07 4.149801e+07 3.433251e+07 1.739420e+07 1.481840e+07 1.336219e+07 1.208935e+07
1.070231e+08 1.070231e+08 1.070231e+08 1.070231e+08 1.070231e+08 1.070231e+08 1.070231e+08 1.070230e+08 1.070230e+08 1.070229e+08 1.070227e+08 1.070224e+08 1.070221e+08 1.070216e+08 1.070209e+08 1.070196e+08 1.070170e+08 1.069335e+08 1.065757e+08 1.058296e+08 1.047465e+08 1.034166e+08 1.017525e+08 9.555203e+07 8.257672e+07 6.569984e+07 5.097924e+07 4.050790e+07 3.353031e+07 1.704241e+07 1.454283e+07 1.314774e+07 1.192541e+07
1.043865e+08 1.043865e+08 1.043865e+08 1.043865e+08 1.043865e+08 1.043865e+08 1.043865e+08 1.043864e+08 1.043863e+08 1.043862e+08 1.043860e+08 1.043858e+08 1.043854e+08 1.043850e+08 1.043843e+08 1.043830e+08 1.043804e+08 1.042988e+08 1.039492e+08 1.032204e+08 1.021623e+08 1.008633e+08 9.923883e+07 9.319215e+07 8.054652e+07 6.410144e+07 4.975854e+07 3.955648e+07 3.275878e+07 1.670235e+07 1.427500e+07 1.293731e+07 1.176378e+07
1.018563e+08 1.018563e+08 1.018563e+08 1.018563e+08 1.018563e+08 1.018563e+08 1.018563e+08 1.018562e+08 1.018561e+08 1.018560e+08 1.018559e+08 1.018556e+08 1.018553e+08 1.018548e+08 1.018542e+08 1.018529e+08 1.018504e+08 1.017708e+08 1.014292e+08 1.007169e+08 9.968283e+07 9.841356e+07 9.682695e+07 9.092763e+07 7.859789e+07 6.256654e+07 4.858557e+07 3.864152e+07 3.201618e+07 1.637342e+07 1.401467e+07 1.273090e+07 1.160442e+07
9.942641e+07 9.942641e+07 9.942641e+07 9.942641e+07 9.942641e+07 9.942640e+07 9.942639e+07 9.942632e+07 9.942627e+07 9.942620e+07 9.942603e+07 9.942579e+07 9.942548e+07 9.942508e+07 9.942444e+07 9.942325e+07 9.942081e+07 9.934305e+07 9.900912e+07 9.831274e+07 9.730175e+07 9.606101e+07 9.451079e+07 8.875283e+07 7.672604e+07 6.109146e+07 4.745759e+07 3.776097e+07 3.130092e+07 1.605506e+07 1.376161e+07 1.252848e+07 1.144731e+07
9.709147e+07 9.709147e+07 9.709147e+07 9.709147e+07 9.709147e+07 9.709146e+07 9.709144e+07 9.709137e+07 9.709131e+07 9.709124e+07 9.709105e+07 9.709080e+07 9.709048e+07 9.709006e+07 9.708942e+07 9.708823e+07 9.708583e+07 9.700970e+07 9.668307e+07 9.600198e+07 9.501323e+07 9.379996e+07 9.228474e+07 8.666255e+07 7.492656e+07 5.967281e+07 4.637206e+07 3.691291e+07 3.061150e+07 1.574675e+07 1.351560e+07 1.233002e+07 1.129243e+07
9.484478e+07 9.484478e+07 9.484478e+07 9.484478e+07 9.484478e+07 9.484477e+07 9.484476e+07 9.484468e+07 9.484463e+07 9.484455e+07 9.484437e+07 9.484412e+07 9.484380e+07 9.484339e+07 9.484276e+07 9.484160e+07 9.483926e+07 9.476487e+07 9.444541e+07 9.377917e+07 9.281193e+07 9.162517e+07 9.014368e+07 8.465204e+07 7.319541e+07 5.830744e+07 4.532666e+07 3.609560e+07 2.994655e+07 1.544801e+07 1.327640e+07 1.213550e+07 1.113976e+07
9.268105e+07 9.268105e+07 9.268105e+07 9.268105e+07 9.268105e+07 9.268105e+07 9.268104e+07 9.268099e+07 9.268094e+07 9.268089e+07 9.268075e+07 9.268056e+07 9.268031e+07 9.267997e+07 9.267942e+07 9.267836e+07 9.267614e+07 9.260367e+07 9.229131e+07 9.163950e+07 9.069308e+07 8.953193e+07 8.808295e+07 8.271692e+07 7.152885e+07 5.699248e+07 4.431925e+07 3.530742e+07 2.930481e+07 1.515839e+07 1.304380e+07 1.194488e+07 1.098928e+07
9.059797e+07 9.059797e+07 9.059797e+07 9.059797e+07 9.059797e+07 9.059797e+07 9.059796e+07 9.059790e+07 9.059786e+07 9.059781e+07 9.059767e+07 9.059748e+07 9.059724e+07 9.059691e+07 9.059639e+07 9.059535e+07 9.059320e+07 9.052235e+07 9.021670e+07 8.957874e+07 8.865236e+07 8.751590e+07 8.609827e+07 8.085316e+07 6.992345e+07 5.572527e+07 4.334784e+07 3.454688e+07 2.868511e+07 1.487747e+07 1.281758e+07 1.175813e+07 1.084098e+07
8.859106e+07 8.859106e+07 8.859106e+07 8.859106e+07 8.859106e+07 8.859105e+07 8.859104e+07 8.859098e+07 8.859093e+07 8.859087e+07 8.859072e+07 8.859052e+07 8.859026e+07 8.858991e+07 8.858938e+07 8.858834e+07 8.858621e+07 8.851677e+07 8.821746e+07 8.759279e+07 8.668573e+07 8.557308e+07 8.418567e+07 7.905705e+07 6.837604e+07 5.450335e+07 4.241062e+07 3.381259e+07 2.808638e+07 1.460487e+07 1.259753e+07 1.157520e+07 1.069486e+07
8.665505e+07 8.665505e+07 8.665505e+07 8.665505e+07 8.665505e+07 8.665505e+07 8.665503e+07 8.665497e+07 8.665493e+07 8.665487e+07 8.665473e+07 8.665454e+07 8.665429e+07 8.665397e+07 8.665346e+07 8.665247e+07 8.665040e+07 8.658252e+07 8.628946e+07 8.567770e+07 8.478934e+07 8.369970e+07 8.234148e+07 7.732514e+07 6.688369e+07 5.332447e+07 4.150590e+07 3.310331e+07 2.750763e+07 1.434024e+07 1.238343e+07 1.139606e+07 1.055089e+07
8.478664e+07 8.478664e+07 8.478664e+07 8.478664e+07 8.478664e+07 8.478663e+07 8.478662e+07 8.478658e+07 8.478654e+07 8.478650e+07 8.478638e+07 8.478623e+07 8.478602e+07 8.478575e+07 8.478529e+07 8.478436e+07 8.478238e+07 8.471609e+07 8.442917e+07 8.382993e+07 8.295967e+07 8.189229e+07 8.056225e+07 7.565422e+07 6.544366e+07 5.218651e+07 4.063213e+07 3.241785e+07 2.694793e+07 1.408322e+07 1.217508e+07 1.122065e+07 1.040908e+07
8.298365e+07 8.298365e+07 8.298365e+07 8.298365e+07 8.298365e+07 8.298365e+07 8.298364e+07 8.298359e+07 8.298356e+07 8.298352e+07 8.298340e+07 8.298324e+07 8.298304e+07 8.298277e+07 8.298233e+07 8.298142e+07 8.297948e+07 8.291459e+07 8.263348e+07 8.204630e+07 8.119351e+07 8.014763e+07 7.884483e+07 7.404131e+07 6.405343e+07 5.108754e+07 3.978785e+07 3.175512e+07 2.640645e+07 1.383351e+07 1.197229e+07 1.104893e+07 1.026941e+07
8.124251e+07 8.124251e+07 8.124251e+07 8.124251e+07 8.124251e+07 8.124251e+07 8.124250e+07 8.124246e+07 8.124242e+07 8.124238e+07 8.124226e+07 8.124211e+07 8.124191e+07 8.124164e+07 8.124120e+07 8.124031e+07 8.123841e+07 8.117481e+07 8.089927e+07 8.032371e+07 7.948780e+07 7.846271e+07 7.718623e+07 7.248364e+07 6.271062e+07 5.002572e+07 3.897173e+07 3.111410e+07 2.588238e+07 1.359083e+07 1.177487e+07 1.088085e+07 1.013188e+07
7.955982e+07 7.955982e+07 7.955982e+07 7.955982e+07 7.955982e+07 7.955981e+07 7.955980e+07 7.955976e+07 7.955973e+07 7.955968e+07 7.955957e+07 7.955943e+07 7.955924e+07 7.955899e+07 7.955857e+07 7.955771e+07 7.955586e+07 7.949358e+07 7.922350e+07 7.865921e+07 7.783964e+07 7.683468e+07 7.558367e+07 7.097861e+07 6.141304e+07 4.899935e+07 3.818250e+07 3.049386e+07 2.537498e+07 1.335488e+07 1.158264e+07 1.071635e+07 9.996472e+06
7.793291e+07 7.793291e+07 7.793291e+07 7.793291e+07 7.793291e+07 7.793290e+07 7.793290e+07 7.793286e+07 7.793283e+07 7.793279e+07 7.793270e+07 7.793256e+07 7.793240e+07 7.793216e+07 7.793177e+07 7.793095e+07 7.792916e+07 7.786819e+07 7.760341e+07 7.705007e+07 7.624636e+07 7.526090e+07 7.403456e+07 6.952378e+07 6.015861e+07 4.800685e+07 3.741897e+07 2.989350e+07 2.488355e+07 1.312543e+07 1.139542e+07 1.055538e+07 9.863188e+06
7.635958e+07 7.635958e+07 7.635958e+07 7.635958e+07 7.635958e+07 7.635958e+07 7.635957e+07 7.635954e+07 7.635951e+07 7.635947e+07 7.635938e+07 7.635925e+07 7.635908e+07 7.635886e+07 7.635848e+07 7.635768e+07 7.635593e+07 7.629618e+07 7.603651e+07 7.549378e+07 7.470544e+07 7.373889e+07 7.253645e+07 6.811689e+07 5.894539e+07 4.704670e+07 3.668003e+07 2.931216e+07 2.440743e+07 1.290221e+07 1.121304e+07 1.039786e+07 9.732016e+06
7.483722e+07 7.483722e+07 7.483722e+07 7.483722e+07 7.483722e+07 7.483721e+07 7.483721e+07 7.483717e+07 7.483714e+07 7.483711e+07 7.483702e+07 7.483690e+07 7.483674e+07 7.483653e+07 7.483616e+07 7.483538e+07 7.483368e+07 7.477511e+07 7.452041e+07 7.398797e+07 7.321455e+07 7.226636e+07 7.108708e+07 6.675579e+07 5.777156e+07 4.611751e+07 3.596462e+07 2.874907e+07 2.394600e+07 1.268502e+07 1.103533e+07 1.024375e+07 9.602948e+06
7.336344e+07 7.336344e+07 7.336344e+07 7.336344e+07 7.336344e+07 7.336343e+07 7.336343e+07 7.336339e+07 7.336336e+07 7.336333e+07 7.336325e+07 7.336313e+07 7.336299e+07 7.336279e+07 7.336244e+07 7.336170e+07 7.336005e+07 7.330270e+07 7.305288e+07 7.253047e+07 7.177155e+07 7.084116e+07 6.968435e+07 6.543850e+07 5.663542e+07 4.521793e+07 3.527176e+07 2.820346e+07 2.349866e+07 1.247363e+07 1.086214e+07 1.009298e+07 9.475973e+06
7.193632e+07 7.193632e+07 7.193632e+07 7.193632e+07 7.193632e+07 7.193631e+07 7.193631e+07 7.193628e+07 7.193626e+07 7.193624e+07 7.193618e+07 7.193609e+07 7.193597e+07 7.193581e+07 7.193550e+07 7.193480e+07 7.193321e+07 7.187709e+07 7.163201e+07 7.111933e+07 7.037445e+07 6.946131e+07 6.832625e+07 6.416313e+07 5.553533e+07 4.434670e+07 3.460050e+07 2.767461e+07 2.306485e+07 1.226784e+07 1.069333e+07 9.945487e+06 9.351080e+06
7.055474e+07 7.055474e+07 7.055474e+07 7.055474e+07 7.055474e+07 7.055473e+07 7.055473e+07 7.055470e+07 7.055469e+07 7.055466e+07 7.055460e+07 7.055451e+07 7.055440e+07 7.055423e+07 7.055393e+07 7.055325e+07 7.055169e+07 7.049662e+07 7.025602e+07 6.975267e+07 6.902135e+07 6.812491e+07 6.701091e+07 6.292790e+07 5.446977e+07 4.350264e+07 3.394993e+07 2.716184e+07 2.264402e+07 1.206745e+07 1.052874e+07 9.801202e+06 9.228258e+06
6.921646e+07 6.921646e+07 6.921646e+07 6.921646e+07 6.921646e+07 6.921645e+07 6.921645e+07 6.921642e+07 6.921640e+07 6.921637e+07 6.921630e+07 6.921621e+07 6.921608e+07 6.921591e+07 6.921561e+07 6.921492e+07 6.921338e+07 6.915925e+07 6.892292e+07 6.842858e+07 6.771037e+07 6.683009e+07 6.573652e+07 6.173111e+07 5.343728e+07 4.268459e+07 3.331921e+07 2.666450e+07 2.223565e+07 1.187228e+07 1.036824e+07 9.660061e+06 9.107492e+06
6.791899e+07 6.791899e+07 6.791899e+07 6.791899e+07 6.791899e+07 6.791899e+07 6.791898e+07 6.791895e+07 6.791893e+07 6.791891e+07 6.791884e+07 6.791874e+07 6.791862e+07 6.791846e+07 6.791815e+07 6.791748e+07 6.791597e+07 6.786281e+07 6.763068e+07 6.714510e+07 6.643965e+07 6.557507e+07 6.450130e+07 6.057113e+07 5.243647e+07 4.189149e+07 3.270751e+07 2.618196e+07 2.183927e+07 1.168216e+07 1.021170e+07 9.521998e+06 8.988769e+06
6.666042e+07 6.666042e+07 6.666042e+07 6.666042e+07 6.666042e+07 6.666042e+07 6.666041e+07 6.666039e+07 6.666037e+07 6.666035e+07 6.666030e+07 6.666022e+07 6.666012e+07 6.665997e+07 6.665970e+07 6.665906e+07 6.665759e+07 6.660547e+07 6.637749e+07 6.590048e+07 6.520744e+07 6.435814e+07 6.330363e+07 5.944643e+07 5.146603e+07 4.112230e+07 3.211407e+07 2.571364e+07 2.145439e+07 1.149691e+07 1.005898e+07 9.386948e+06 8.872072e+06
6.543967e+07 6.543967e+07 6.543967e+07 6.543967e+07 6.543967e+07 6.543967e+07 6.543967e+07 6.543965e+07 6.543963e+07 6.543961e+07 6.543956e+07 6.543948e+07 6.543939e+07 6.543925e+07 6.543898e+07 6.543836e+07 6.543694e+07 6.538578e+07 6.516183e+07 6.469315e+07 6.401219e+07 6.317774e+07 6.214194e+07 5.835556e+07 5.052472e+07 4.037605e+07 3.153815e+07 2.525896e+07 2.108057e+07 1.131638e+07 9.909963e+06 9.254842e+06 8.757386e+06
6.425523e+07 6.425523e+07 6.425523e+07 6.425523e+07 6.425523e+07 6.425523e+07 6.425523e+07 6.425521e+07 6.425519e+07 6.425517e+07 6.425512e+07 6.425505e+07 6.425496e+07 6.425482e+07 6.425457e+07 6.425396e+07 6.425256e+07 6.420232e+07 6.398225e+07 6.352165e+07 6.285243e+07 6.203241e+07 6.101480e+07 5.729715e+07 4.961136e+07 3.965182e+07 3.097905e+07 2.481740e+07 2.071738e+07 1.114042e+07 9.764537e+06 9.125614e+06 8.644691e+06
6.310556e+07 6.310556e+07 6.310556e+07 6.310556e+07 6.310556e+07 6.310556e+07 6.310556e+07 6.310554e+07 6.310553e+07 6.310551e+07 6.310546e+07 6.310539e+07 6.310530e+07 6.310517e+07 6.310492e+07 6.310433e+07 6.310296e+07 6.305360e+07 6.283729e+07 6.238455e+07 6.172674e+07 6.092077e+07 5.992083e+07 5.626992e+07 4.872485e+07 3.894875e+07 3.043611e+07 2.438845e+07 2.036442e+07 1.096888e+07 9.622586e+06 8.999200e+06 8.533969e+06
6.198922e+07 6.198922e+07 6.198922e+07 6.198922e+07 6.198922e+07 6.198922e+07 6.198922e+07 6.198920e+07 6.198918e+07 6.198916e+07 6.198912e+07 6.198905e+07 6.198897e+07 6.198884e+07 6.198860e+07 6.198803e+07 6.198669e+07 6.193821e+07 6.172558e+07 6.128050e+07 6.063380e+07 5.984149e+07 5.885874e+07 5.527265e+07 4.786413e+07 3.826599e+07 2.990872e+07 2.397162e+07 2.002132e+07 1.080162e+07 9.484002e+06 8.875532e+06 8.425198e+06
