2.652459e+06 1.294560e+06 9.911776e+05 6.095345e+05 5.111369e+05 3.400934e+05 2.863377e+05 2.386164e+05 2.251570e+05 2.151919e+05 2.017951e+05 1.937149e+05 1.887796e+05 1.857260e+05 1.836324e+05 1.817163e+05 1.792937e+05 1.477677e+05 1.010535e+05 6.924917e+04 5.175880e+04 4.205308e+04 3.632196e+04 3.029615e+04 2.740889e+04 2.592661e+04 2.532822e+04 2.549283e+04 2.645009e+04 9.239285e+04 2.332621e+05 3.752295e+05 4.846201e+05
2.697735e+05 2.697737e+05 2.697738e+05 2.697552e+05 2.696227e+05 2.626638e+05 2.493036e+05 2.225323e+05 2.136404e+05 2.065618e+05 1.965200e+05 1.902765e+05 1.864689e+05 1.841580e+05 1.825725e+05 1.810078e+05 1.788244e+05 1.476071e+05 1.008309e+05 6.904054e+04 5.159599e+04 4.193176e+04 3.623138e+04 3.024247e+04 2.737434e+04 2.590389e+04 2.531496e+04 2.548906e+04 2.645707e+04 9.259028e+04 2.336175e+05 3.756136e+05 4.849575e+05
2.216436e+05 2.216437e+05 2.216438e+05 2.216427e+05 2.216286e+05 2.200276e+05 2.162443e+05 2.067501e+05 2.007766e+05 1.963380e+05 1.902730e+05 1.863143e+05 1.838825e+05 1.824517e+05 1.814510e+05 1.802791e+05 1.783549e+05 1.474361e+05 1.005865e+05 6.881596e+04 5.142347e+04 4.180460e+04 3.613715e+04 3.018714e+04 2.733891e+04 2.588068e+04 2.530148e+04 2.548532e+04 2.646430e+04 9.278994e+04 2.339753e+05 3.759996e+05 4.852961e+05
1.982481e+05 1.982481e+05 1.982482e+05 1.982501e+05 1.982528e+05 1.979675e+05 1.961010e+05 1.940451e+05 1.920216e+05 1.892193e+05 1.846003e+05 1.823416e+05 1.812408e+05 1.807186e+05 1.803304e+05 1.795671e+05 1.779071e+05 1.472534e+05 1.003183e+05 6.857463e+04 5.124096e+04 4.167150e+04 3.603924e+04 3.013014e+04 2.730260e+04 2.585698e+04 2.528780e+04 2.548161e+04 2.647179e+04 9.299183e+04 2.343355e+05 3.763873e+05 4.856357e+05
1.854890e+05 1.854890e+05 1.854891e+05 1.854909e+05 1.854949e+05 1.854940e+05 1.849086e+05 1.836784e+05 1.839107e+05 1.835927e+05 1.814119e+05 1.795404e+05 1.789876e+05 1.791555e+05 1.793076e+05 1.789226e+05 1.775083e+05 1.470566e+05 1.000241e+05 6.831571e+04 5.104820e+04 4.153239e+04 3.593763e+04 3.007149e+04 2.726541e+04 2.583280e+04 2.527390e+04 2.547793e+04 2.647955e+04 9.319599e+04 2.346982e+05 3.767768e+05 4.859765e+05
1.784104e+05 1.784104e+05 1.784105e+05 1.784124e+05 1.784175e+05 1.784935e+05 1.784127e+05 1.775537e+05 1.779012e+05 1.785742e+05 1.790367e+05 1.783904e+05 1.779576e+05 1.781405e+05 1.785582e+05 1.784331e+05 1.772025e+05 1.468424e+05 9.970131e+04 6.803835e+04 5.084494e+04 4.138720e+04 3.583231e+04 3.001118e+04 2.722733e+04 2.580814e+04 2.525980e+04 2.547429e+04 2.648759e+04 9.340242e+04 2.350635e+05 3.771681e+05 4.863183e+05
1.746962e+05 1.746962e+05 1.746963e+05 1.746978e+05 1.747023e+05 1.747920e+05 1.748783e+05 1.744486e+05 1.745429e+05 1.751721e+05 1.768930e+05 1.777656e+05 1.780013e+05 1.782068e+05 1.784124e+05 1.782526e+05 1.770675e+05 1.466087e+05 9.934732e+04 6.774168e+04 5.063094e+04 4.123588e+04 3.572326e+04 2.994921e+04 2.718837e+04 2.578299e+04 2.524550e+04 2.547069e+04 2.649591e+04 9.361115e+04 2.354312e+05 3.775612e+05 4.866613e+05
1.729406e+05 1.729406e+05 1.729406e+05 1.729420e+05 1.729459e+05 1.730364e+05 1.731919e+05 1.731425e+05 1.731418e+05 1.735288e+05 1.753696e+05 1.772727e+05 1.784168e+05 1.789786e+05 1.791202e+05 1.786618e+05 1.772373e+05 1.463556e+05 9.895969e+04 6.742494e+04 5.040602e+04 4.107838e+04 3.561049e+04 2.988558e+04 2.714852e+04 2.575735e+04 2.523100e+04 2.546715e+04 2.650453e+04 9.382220e+04 2.358014e+05 3.779562e+05 4.870054e+05
1.724957e+05 1.724957e+05 1.724957e+05 1.724969e+05 1.725004e+05 1.725859e+05 1.727660e+05 1.729773e+05 1.730131e+05 1.732507e+05 1.747726e+05 1.770391e+05 1.789275e+05 1.800185e+05 1.803013e+05 1.796886e+05 1.779283e+05 1.460879e+05 9.853647e+04 6.708745e+04 5.017002e+04 4.091469e+04 3.549399e+04 2.982031e+04 2.710779e+04 2.573124e+04 2.521631e+04 2.546368e+04 2.651346e+04 9.403560e+04 2.361742e+05 3.783529e+05 4.873505e+05
1.729684e+05 1.729684e+05 1.729684e+05 1.729695e+05 1.729726e+05 1.730534e+05 1.732419e+05 1.736161e+05 1.737342e+05 1.739310e+05 1.751071e+05 1.772855e+05 1.795516e+05 1.811202e+05 1.816613e+05 1.810240e+05 1.790297e+05 1.458169e+05 9.807655e+04 6.672878e+04 4.992287e+04 4.074482e+04 3.537380e+04 2.975338e+04 2.706618e+04 2.570465e+04 2.520143e+04 2.546026e+04 2.652271e+04 9.425135e+04 2.365494e+05 3.787514e+05 4.876968e+05
1.741279e+05 1.741279e+05 1.741279e+05 1.741289e+05 1.741317e+05 1.742082e+05 1.743984e+05 1.748708e+05 1.750704e+05 1.752891e+05 1.762276e+05 1.781194e+05 1.804137e+05 1.822511e+05 1.830347e+05 1.824506e+05 1.803077e+05 1.455641e+05 9.758010e+04 6.634877e+04 4.966458e+04 4.056881e+04 3.524994e+04 2.968482e+04 2.702369e+04 2.567758e+04 2.518636e+04 2.545693e+04 2.653228e+04 9.446948e+04 2.369272e+05 3.791518e+05 4.880441e+05
2.064369e+05 2.064369e+05 2.064369e+05 2.064376e+05 2.064396e+05 2.063739e+05 2.059735e+05 2.045779e+05 2.037131e+05 2.027710e+05 2.006874e+05 1.983678e+05 1.958613e+05 1.931820e+05 1.902111e+05 1.866730e+05 1.822047e+05 1.405262e+05 9.140163e+04 6.172633e+04 4.658348e+04 3.851945e+04 3.383212e+04 2.891471e+04 2.655196e+04 2.538152e+04 2.502676e+04 2.542946e+04 2.664840e+04 9.678634e+04 2.408477e+05 3.832561e+05 4.915781e+05
1.644344e+05 1.644344e+05 1.644344e+05 1.644343e+05 1.644339e+05 1.644243e+05 1.643962e+05 1.642712e+05 1.641658e+05 1.640280e+05 1.636420e+05 1.630770e+05 1.622667e+05 1.610897e+05 1.593634e+05 1.568670e+05 1.533852e+05 1.199588e+05 8.076443e+04 5.634466e+04 4.342680e+04 3.639795e+04 3.229623e+04 2.803813e+04 2.600918e+04 2.504617e+04 2.485701e+04 2.542002e+04 2.681052e+04 9.936444e+04 2.450344e+05 3.875456e+05 4.952218e+05
1.276843e+05 1.276843e+05 1.276843e+05 1.276843e+05 1.276843e+05 1.276827e+05 1.276766e+05 1.276442e+05 1.276140e+05 1.275724e+05 1.274508e+05 1.272676e+05 1.269865e+05 1.265162e+05 1.256984e+05 1.243284e+05 1.221979e+05 9.829401e+04 6.870521e+04 5.010073e+04 4.008185e+04 3.443167e+04 3.098569e+04 2.722383e+04 2.544995e+04 2.469634e+04 2.469392e+04 2.544411e+04 2.703505e+04 1.022256e+05 2.494980e+05 3.920230e+05 4.989748e+05
1.027155e+05 1.027155e+05 1.027155e+05 1.027155e+05 1.027155e+05 1.027145e+05 1.027107e+05 1.026908e+05 1.026738e+05 1.026517e+05 1.025912e+05 1.025033e+05 1.023624e+05 1.021009e+05 1.015992e+05 1.006990e+05 9.923462e+04 8.160981e+04 5.893071e+04 4.450112e+04 3.674544e+04 3.236955e+04 2.965399e+04 2.654531e+04 2.499409e+04 2.438981e+04 2.457157e+04 2.552783e+04 2.734565e+04 1.053924e+05 2.542484e+05 3.966904e+05 5.028364e+05
8.508790e+04 8.508790e+04 8.508790e+04 8.508789e+04 8.508786e+04 8.508679e+04 8.508329e+04 8.506907e+04 8.505831e+04 8.504505e+04 8.501051e+04 8.496141e+04 8.487846e+04 8.470955e+04 8.436208e+04 8.371267e+04 8.263112e+04 6.917629e+04 5.147111e+04 4.002956e+04 3.384385e+04 3.038305e+04 2.826667e+04 2.585198e+04 2.463243e+04 2.421426e+04 2.455313e+04 2.571346e+04 2.777683e+04 1.088883e+05 2.592953e+05 4.015495e+05 5.068053e+05
7.209818e+04 7.209818e+04 7.209818e+04 7.209818e+04 7.209817e+04 7.209780e+04 7.209654e+04 7.209117e+04 7.208700e+04 7.208179e+04 7.206786e+04 7.204621e+04 7.200155e+04 7.189251e+04 7.164542e+04 7.116188e+04 7.033760e+04 5.979985e+04 4.571856e+04 3.649889e+04 3.145786e+04 2.863842e+04 2.694937e+04 2.512515e+04 2.429380e+04 2.414283e+04 2.469919e+04 2.606943e+04 2.837885e+04 1.127378e+05 2.646474e+05 4.066011e+05 5.108800e+05
6.252552e+04 6.252552e+04 6.252552e+04 6.252552e+04 6.252551e+04 6.252545e+04 6.252516e+04 6.252353e+04 6.252205e+04 6.252008e+04 6.251436e+04 6.250406e+04 6.247705e+04 6.239994e+04 6.221286e+04 6.183557e+04 6.118277e+04 5.269017e+04 4.123761e+04 3.368294e+04 2.951747e+04 2.718048e+04 2.580233e+04 2.443309e+04 2.398037e+04 2.415132e+04 2.499226e+04 2.663660e+04 2.922397e+04 1.169670e+05 2.703129e+05 4.118456e+05 5.150585e+05
5.538062e+04 5.538062e+04 5.538062e+04 5.538062e+04 5.538063e+04 5.538084e+04 5.538134e+04 5.538286e+04 5.538374e+04 5.538459e+04 5.538580e+04 5.538417e+04 5.536938e+04 5.531346e+04 5.516640e+04 5.486119e+04 5.432645e+04 4.728287e+04 3.774017e+04 3.143439e+04 2.795280e+04 2.600248e+04 2.487077e+04 2.385809e+04 2.374205e+04 2.425533e+04 2.543408e+04 2.741383e+04 3.034101e+04 1.216037e+05 2.762995e+05 4.172827e+05 5.193385e+05
5.004625e+04 5.004625e+04 5.004625e+04 5.004626e+04 5.004626e+04 5.004631e+04 5.004643e+04 5.004668e+04 5.004677e+04 5.004680e+04 5.004665e+04 5.004468e+04 5.003237e+04 4.998592e+04 4.986256e+04 4.960489e+04 4.915173e+04 4.315430e+04 3.502226e+04 2.966389e+04 2.672363e+04 2.509464e+04 2.417365e+04 2.346364e+04 2.364539e+04 2.449922e+04 2.605018e+04 2.841880e+04 3.174412e+04 1.266780e+05 2.826138e+05 4.229113e+05 5.237172e+05
4.596640e+04 4.596640e+04 4.596640e+04 4.596640e+04 4.596640e+04 4.596655e+04 4.596697e+04 4.596839e+04 4.596935e+04 4.597048e+04 4.597306e+04 4.597467e+04 4.596768e+04 4.593117e+04 4.582767e+04 4.560695e+04 4.521553e+04 4.000250e+04 3.294023e+04 2.831628e+04 2.581210e+04 2.445650e+04 2.372461e+04 2.329469e+04 2.375405e+04 2.494256e+04 2.688593e+04 2.968552e+04 3.346196e+04 1.322232e+05 2.892620e+05 4.287296e+05 5.281915e+05
4.289869e+04 4.289869e+04 4.289869e+04 4.289869e+04 4.289869e+04 4.289878e+04 4.289904e+04 4.289998e+04 4.290064e+04 4.290142e+04 4.290326e+04 4.290434e+04 4.289802e+04 4.286583e+04 4.277449e+04 4.257939e+04 4.223307e+04 3.762036e+04 3.139490e+04 2.735749e+04 2.521365e+04 2.409640e+04 2.354021e+04 2.338740e+04 2.412453e+04 2.564992e+04 2.800064e+04 3.126325e+04 3.553555e+04 1.382770e+05 2.962497e+05 4.347353e+05 5.327579e+05
4.054884e+04 4.054884e+04 4.054884e+04 4.054885e+04 4.054885e+04 4.054910e+04 4.054984e+04 4.055275e+04 4.055487e+04 4.055737e+04 4.056331e+04 4.056923e+04 4.056893e+04 4.054558e+04 4.046904e+04 4.029902e+04 3.999273e+04 3.587152e+04 3.032424e+04 2.676997e+04 2.493311e+04 2.403025e+04 2.364301e+04 2.377793e+04 2.481012e+04 2.668714e+04 2.946239e+04 3.321401e+04 3.801817e+04 1.448823e+05 3.035819e+05 4.409253e+05 5.374124e+05
3.892617e+04 3.892617e+04 3.892617e+04 3.892617e+04 3.892618e+04 3.892629e+04 3.892663e+04 3.892842e+04 3.893003e+04 3.893216e+04 3.893787e+04 3.894436e+04 3.894590e+04 3.892692e+04 3.885976e+04 3.870746e+04 3.843093e+04 3.469565e+04 2.969915e+04 2.655104e+04 2.498463e+04 2.428251e+04 2.406430e+04 2.450890e+04 2.586677e+04 2.812252e+04 3.134537e+04 3.560983e+04 4.097433e+04 1.520909e+05 3.112632e+05 4.472958e+05 5.421507e+05
3.793246e+04 3.793246e+04 3.793246e+04 3.793247e+04 3.793247e+04 3.793260e+04 3.793310e+04 3.793518e+04 3.793676e+04 3.793874e+04 3.794391e+04 3.794991e+04 3.795165e+04 3.793478e+04 3.787361e+04 3.773391e+04 3.747955e+04 3.404891e+04 2.950709e+04 2.671134e+04 2.539424e+04 2.488963e+04 2.484778e+04 2.563444e+04 2.735851e+04 3.002977e+04 3.372946e+04 3.853061e+04 4.447807e+04 1.599726e+05 3.192981e+05 4.538427e+05 5.469683e+05
3.746351e+04 3.746351e+04 3.746351e+04 3.746351e+04 3.746352e+04 3.746381e+04 3.746464e+04 3.746771e+04 3.746992e+04 3.747260e+04 3.747946e+04 3.748767e+04 3.749251e+04 3.748053e+04 3.742755e+04 3.730143e+04 3.706840e+04 3.390193e+04 2.975483e+04 2.728030e+04 2.620584e+04 2.590540e+04 2.605419e+04 2.722405e+04 2.936136e+04 3.249097e+04 3.670094e+04 4.206281e+04 4.861098e+04 1.685681e+05 3.276910e+05 4.605609e+05 5.518602e+05
3.754505e+04 3.754505e+04 3.754505e+04 3.754506e+04 3.754507e+04 3.754556e+04 3.754707e+04 3.755310e+04 3.755758e+04 3.756301e+04 3.757643e+04 3.759215e+04 3.760521e+04 3.760243e+04 3.756062e+04 3.744918e+04 3.723622e+04 3.429210e+04 3.048865e+04 2.831662e+04 2.748848e+04 2.740648e+04 2.776537e+04 2.936516e+04 3.196544e+04 3.559831e+04 4.035321e+04 4.629862e+04 5.346042e+04 1.778764e+05 3.364467e+05 4.674453e+05 5.568211e+05
3.837508e+04 3.837508e+04 3.837508e+04 3.837508e+04 3.837509e+04 3.837546e+04 3.837650e+04 3.838042e+04 3.838329e+04 3.838680e+04 3.839592e+04 3.840744e+04 3.841722e+04 3.841296e+04 3.837246e+04 3.826631e+04 3.806398e+04 3.528800e+04 3.178795e+04 2.991095e+04 2.934018e+04 2.949524e+04 3.008608e+04 3.216362e+04 3.527535e+04 3.945453e+04 4.478677e+04 5.133514e+04 5.911777e+04 1.879000e+05 3.455706e+05 4.744902e+05 5.618455e+05
3.975974e+04 3.975974e+04 3.975974e+04 3.975975e+04 3.975977e+04 3.976058e+04 3.976309e+04 3.977304e+04 3.978045e+04 3.978943e+04 3.981184e+04 3.983894e+04 3.986573e+04 3.987941e+04 3.985771e+04 3.977165e+04 3.959149e+04 3.699165e+04 3.377386e+04 3.218953e+04 3.188826e+04 3.229867e+04 3.314228e+04 3.574186e+04 3.940867e+04 4.417184e+04 5.010833e+04 5.727310e+04 6.567659e+04 1.986389e+05 3.550691e+05 4.816895e+05 5.669277e+05
4.229295e+04 4.229295e+04 4.229295e+04 4.229295e+04 4.229297e+04 4.229334e+04 4.229449e+04 4.229939e+04 4.230355e+04 4.230916e+04 4.232541e+04 4.234828e+04 4.237348e+04 4.238835e+04 4.237036e+04 4.229024e+04 4.211823e+04 3.961538e+04 3.661980e+04 3.530995e+04 3.528278e+04 3.596229e+04 3.707597e+04 4.023523e+04 4.449316e+04 4.986972e+04 5.642892e+04 6.421505e+04 7.323063e+04 2.100892e+05 3.649511e+05 4.890370e+05 5.720617e+05
4.591977e+04 4.591977e+04 4.591977e+04 4.591978e+04 4.591980e+04 4.592066e+04 4.592336e+04 4.593478e+04 4.594375e+04 4.595495e+04 4.598394e+04 4.602050e+04 4.605933e+04 4.608681e+04 4.607951e+04 4.600741e+04 4.584053e+04 4.335979e+04 4.050565e+04 3.943874e+04 3.968322e+04 4.064113e+04 4.203859e+04 4.578753e+04 5.066323e+04 5.667192e+04 6.386132e+04 7.226303e+04 8.187145e+04 2.222430e+05 3.752292e+05 4.965266e+05 5.772415e+05
5.100402e+04 5.100402e+04 5.100402e+04 5.100403e+04 5.100405e+04 5.100467e+04 5.100665e+04 5.101548e+04 5.102285e+04 5.103240e+04 5.105831e+04 5.109264e+04 5.113039e+04 5.115746e+04 5.114922e+04 5.107416e+04 5.090114e+04 4.836790e+04 4.558655e+04 4.473515e+04 4.524916e+04 4.649357e+04 4.818616e+04 5.254701e+04 5.805609e+04 6.470285e+04 7.251677e+04 8.151567e+04 9.168584e+04 2.350879e+05 3.859271e+05 5.041519e+05 5.824610e+05
5.742186e+04 5.742186e+04 5.742186e+04 5.742188e+04 5.742191e+04 5.742312e+04 5.742689e+04 5.744225e+04 5.745404e+04 5.746863e+04 5.750619e+04 5.755366e+04 5.760506e+04 5.764472e+04 5.764592e+04 5.757490e+04 5.739882e+04 5.477497e+04 5.201180e+04 5.135601e+04 5.214072e+04 5.367988e+04 5.567678e+04 6.066263e+04 6.680757e+04 7.408347e+04 8.250126e+04 9.206484e+04 1.027528e+05 2.486076e+05 3.970571e+05 5.119071e+05 5.877139e+05
6.562175e+04 6.562175e+04 6.562175e+04 6.562176e+04 6.562179e+04 6.562276e+04 6.562578e+04 6.563813e+04 6.564775e+04 6.565988e+04 6.569208e+04 6.573431e+04 6.578079e+04 6.581501e+04 6.580827e+04 6.572435e+04 6.552836e+04 6.273010e+04 5.993335e+04 5.946106e+04 6.052071e+04 6.236183e+04 6.466844e+04 7.027984e+04 7.704728e+04 8.492657e+04 9.391125e+04 1.039920e+05 1.151405e+05 2.627818e+05 4.085798e+05 5.197865e+05 5.929942e+05
7.529669e+04 7.529669e+04 7.529669e+04 7.529670e+04 7.529675e+04 7.529830e+04 7.530328e+04 7.532354e+04 7.533881e+04 7.535750e+04 7.540496e+04 7.546444e+04 7.552885e+04 7.557955e+04 7.558488e+04 7.550537e+04 7.530349e+04 7.235083e+04 6.950747e+04 6.921634e+04 7.055448e+04 7.269971e+04 7.531424e+04 8.153460e+04 8.889279e+04 9.733156e+04 1.068292e+05 1.173644e+05 1.289030e+05 2.775863e+05 4.204593e+05 5.277854e+05 5.982957e+05
8.707659e+04 8.707659e+04 8.707659e+04 8.707660e+04 8.707665e+04 8.707819e+04 8.708301e+04 8.710224e+04 8.711666e+04 8.713434e+04 8.717967e+04 8.723753e+04 8.730103e+04 8.735036e+04 8.735115e+04 8.726045e+04 8.703766e+04 8.385846e+04 8.092212e+04 8.079494e+04 8.240345e+04 8.484378e+04 8.775352e+04 9.454540e+04 1.024429e+05 1.113789e+05 1.213189e+05 1.322314e+05 1.440773e+05 2.929928e+05 4.326604e+05 5.358997e+05 6.036125e+05
1.008198e+05 1.008198e+05 1.008198e+05 1.008198e+05 1.008199e+05 1.008224e+05 1.008301e+05 1.008608e+05 1.008835e+05 1.009109e+05 1.009785e+05 1.010606e+05 1.011477e+05 1.012169e+05 1.012298e+05 1.011390e+05 1.009006e+05 9.745109e+04 9.435458e+04 9.435277e+04 9.620668e+04 9.891925e+04 1.020995e+05 1.094045e+05 1.177711e+05 1.271248e+05 1.374213e+05 1.486208e+05 1.606807e+05 3.089692e+05 4.451464e+05 5.441274e+05 6.089389e+05
1.172672e+05 1.172672e+05 1.172672e+05 1.172672e+05 1.172672e+05 1.172686e+05 1.172729e+05 1.172912e+05 1.173056e+05 1.173237e+05 1.173714e+05 1.174331e+05 1.175004e+05 1.175488e+05 1.175364e+05 1.174113e+05 1.171255e+05 1.132735e+05 1.099293e+05 1.100004e+05 1.120618e+05 1.150125e+05 1.184287e+05 1.261706e+05 1.349196e+05 1.445968e+05 1.551511e+05 1.665365e+05 1.787083e+05 3.254789e+05 4.578791e+05 5.524689e+05 6.142695e+05
1.355873e+05 1.355873e+05 1.355873e+05 1.355874e+05 1.355874e+05 1.355897e+05 1.355968e+05 1.356250e+05 1.356461e+05 1.356719e+05 1.357372e+05 1.358191e+05 1.359072e+05 1.359739e+05 1.359725e+05 1.358459e+05 1.355411e+05 1.313462e+05 1.277127e+05 1.277997e+05 1.300206e+05 1.331666e+05 1.367766e+05 1.448647e+05 1.538961e+05 1.637905e+05 1.744936e+05 1.859560e+05 1.981319e+05 3.424814e+05 4.708185e+05 5.609306e+05 6.195992e+05
1.565681e+05 1.565681e+05 1.565681e+05 1.565681e+05 1.565682e+05 1.565711e+05 1.565799e+05 1.566144e+05 1.566396e+05 1.566701e+05 1.567466e+05 1.568415e+05 1.569430e+05 1.570201e+05 1.570209e+05 1.568817e+05 1.565436e+05 1.518718e+05 1.477881e+05 1.477848e+05 1.500971e+05 1.533849e+05 1.571383e+05 1.654686e+05 1.746710e+05 1.846673e+05 1.954037e+05 2.068297e+05 2.188990e+05 3.599316e+05 4.839232e+05 5.695221e+05 6.249234e+05
1.806687e+05 1.806687e+05 1.806687e+05 1.806687e+05 1.806687e+05 1.806706e+05 1.806765e+05 1.807006e+05 1.807192e+05 1.807423e+05 1.808027e+05 1.808802e+05 1.809625e+05 1.810158e+05 1.809823e+05 1.807908e+05 1.803758e+05 1.749529e+05 1.701776e+05 1.699458e+05 1.722657e+05 1.756306e+05 1.794681e+05 1.879228e+05 1.971760e+05 2.071537e+05 2.178054e+05 2.290805e+05 2.409332e+05 3.777800e+05 4.971509e+05 5.782120e+05 6.302382e+05
2.069727e+05 2.069727e+05 2.069727e+05 2.069727e+05 2.069728e+05 2.069757e+05 2.069847e+05 2.070203e+05 2.070467e+05 2.070785e+05 2.071578e+05 2.072542e+05 2.073525e+05 2.074136e+05 2.073718e+05 2.071471e+05 2.066656e+05 2.004171e+05 1.947921e+05 1.942109e+05 1.964508e+05 1.998196e+05 2.036735e+05 2.121236e+05 2.213030e+05 2.311415e+05 2.415923e+05 2.526054e+05 2.641355e+05 3.959731e+05 5.104589e+05 5.869687e+05 6.355402e+05
2.360140e+05 2.360140e+05 2.360140e+05 2.360140e+05 2.360141e+05 2.360158e+05 2.360209e+05 2.360417e+05 2.360575e+05 2.360773e+05 2.361291e+05 2.361955e+05 2.362615e+05 2.362847e+05 2.361927e+05 2.358964e+05 2.353133e+05 2.280892e+05 2.214847e+05 2.204475e+05 2.225177e+05 2.258107e+05 2.296083e+05 2.379212e+05 2.469051e+05 2.564899e+05 2.666307e+05 2.772777e+05 2.883862e+05 4.144534e+05 5.238043e+05 5.957639e+05 6.408271e+05
2.664686e+05 2.664686e+05 2.664686e+05 2.664686e+05 2.664687e+05 2.664713e+05 2.664797e+05 2.665127e+05 2.665373e+05 2.665669e+05 2.666407e+05 2.667298e+05 2.668155e+05 2.668502e+05 2.667530e+05 2.664252e+05 2.657755e+05 2.576621e+05 2.500372e+05 2.484548e+05 2.502647e+05 2.534010e+05 2.570705e+05 2.651223e+05 2.738015e+05 2.830302e+05 2.927631e+05 3.029505e+05 3.135482e+05 4.331597e+05 5.371444e+05 6.045707e+05 6.460978e+05
2.990901e+05 2.990901e+05 2.990901e+05 2.990902e+05 2.990902e+05 2.990920e+05 2.990976e+05 2.991201e+05 2.991373e+05 2.991585e+05 2.992135e+05 2.992823e+05 2.993462e+05 2.993537e+05 2.992170e+05 2.988279e+05 2.980857e+05 2.889837e+05 2.802244e+05 2.779791e+05 2.794314e+05 2.823339e+05 2.858125e+05 2.935011e+05 3.017862e+05 3.105733e+05 3.198147e+05 3.294612e+05 3.394703e+05 4.520280e+05 5.504377e+05 6.133627e+05 6.513529e+05
3.330348e+05 3.330348e+05 3.330348e+05 3.330348e+05 3.330349e+05 3.330373e+05 3.330446e+05 3.330738e+05 3.330953e+05 3.331214e+05 3.331866e+05 3.332651e+05 3.333357e+05 3.333420e+05 3.331882e+05 3.327559e+05 3.319345e+05 3.218123e+05 3.117686e+05 3.087210e+05 3.097207e+05 3.123251e+05 3.155657e+05 3.228170e+05 3.306408e+05 3.389182e+05 3.475991e+05 3.566366e+05 3.659912e+05 4.709916e+05 5.636436e+05 6.221138e+05 6.565965e+05
3.685797e+05 3.685797e+05 3.685797e+05 3.685798e+05 3.685798e+05 3.685817e+05 3.685877e+05 3.686121e+05 3.686306e+05 3.686535e+05 3.687121e+05 3.687836e+05 3.688453e+05 3.688358e+05 3.686506e+05 3.681599e+05 3.672411e+05 3.559300e+05 3.443783e+05 3.403781e+05 3.408421e+05 3.431006e+05 3.460707e+05 3.528341e+05 3.601463e+05 3.678599e+05 3.759242e+05 3.842968e+05 3.929432e+05 4.899822e+05 5.767231e+05 6.307985e+05 6.618382e+05
4.054353e+05 4.054353e+05 4.054353e+05 4.054353e+05 4.054354e+05 4.054372e+05 4.054427e+05 4.054650e+05 4.054817e+05 4.055022e+05 4.055539e+05 4.056156e+05 4.056625e+05 4.056280e+05 4.053977e+05 4.048292e+05 4.037873e+05 3.910660e+05 3.777751e+05 3.726893e+05 3.725506e+05 3.744256e+05 3.770996e+05 3.833329e+05 3.900905e+05 3.971951e+05 4.045966e+05 4.122594e+05 4.201555e+05 5.089304e+05 5.896387e+05 6.393918e+05 6.670642e+05
4.430073e+05 4.430073e+05 4.430073e+05 4.430073e+05 4.430074e+05 4.430091e+05 4.430143e+05 4.430356e+05 4.430517e+05 4.430713e+05 4.431213e+05 4.431807e+05 4.432223e+05 4.431729e+05 4.429073e+05 4.422687e+05 4.411070e+05 4.269021e+05 4.117274e+05 4.054548e+05 4.046544e+05 4.061077e+05 4.084563e+05 4.141104e+05 4.202691e+05 4.267230e+05 4.334234e+05 4.403417e+05 4.474564e+05 5.277669e+05 6.023552e+05 6.478695e+05 6.722536e+05
4.812258e+05 4.812258e+05 4.812258e+05 4.812258e+05 4.812259e+05 4.812277e+05 4.812335e+05 4.812566e+05 4.812736e+05 4.812943e+05 4.813454e+05 4.814039e+05 4.814398e+05 4.813731e+05 4.810671e+05 4.803500e+05 4.790569e+05 4.632565e+05 4.460656e+05 4.385143e+05 4.369902e+05 4.379746e+05 4.399584e+05 4.449698e+05 4.504805e+05 4.562452e+05 4.622137e+05 4.683628e+05 4.746763e+05 5.464227e+05 6.148394e+05 6.562081e+05 6.773895e+05
5.199367e+05 5.199367e+05 5.199367e+05 5.199368e+05 5.199368e+05 5.199379e+05 5.199412e+05 5.199546e+05 5.199645e+05 5.199768e+05 5.200078e+05 5.200425e+05 5.200496e+05 5.199436e+05 5.195765e+05 5.187622e+05 5.173205e+05 4.998588e+05 4.805916e+05 4.716961e+05 4.693847e+05 4.698432e+05 4.714136e+05 4.757077e+05 4.805206e+05 4.855637e+05 4.907790e+05 4.961452e+05 5.016493e+05 5.648305e+05 6.270603e+05 6.643852e+05 6.824570e+05
5.581142e+05 5.581142e+05 5.581142e+05 5.581142e+05 5.581143e+05 5.581158e+05 5.581207e+05 5.581401e+05 5.581546e+05 5.581722e+05 5.582161e+05 5.582653e+05 5.582850e+05 5.581824e+05 5.577979e+05 5.569298e+05 5.553825e+05 5.364261e+05 5.151059e+05 5.048052e+05 5.016318e+05 5.014983e+05 5.026018e+05 5.061060e+05 5.101809e+05 5.144817e+05 5.189354e+05 5.235175e+05 5.282161e+05 5.829250e+05 6.389893e+05 6.723797e+05 6.874419e+05
5.965073e+05 5.965073e+05 5.965073e+05 5.965073e+05 5.965073e+05 5.965086e+05 5.965125e+05 5.965285e+05 5.965407e+05 5.965556e+05 5.965937e+05 5.966361e+05 5.966462e+05 5.965251e+05 5.961021e+05 5.951608e+05 5.934893e+05 5.729422e+05 5.494399e+05 5.376087e+05 5.334770e+05 5.326834e+05 5.332732e+05 5.359351e+05 5.392521e+05 5.428081e+05 5.465069e+05 5.503174e+05 5.542264e+05 6.006441e+05 6.506003e+05 6.801716e+05 6.923311e+05
6.349191e+05 6.349191e+05 6.349191e+05 6.349191e+05 6.349192e+05 6.349204e+05 6.349243e+05 6.349388e+05 6.349491e+05 6.349615e+05 6.349915e+05 6.350217e+05 6.350133e+05 6.348611e+05 6.343829e+05 6.333475e+05 6.315270e+05 6.092059e+05 5.833110e+05 5.697990e+05 5.646198e+05 5.631158e+05 5.631650e+05 5.649682e+05 5.675348e+05 5.703640e+05 5.733309e+05 5.763951e+05 5.795418e+05 6.179292e+05 6.618693e+05 6.877425e+05 6.971118e+05
6.726654e+05 6.726654e+05 6.726654e+05 6.726654e+05 6.726654e+05 6.726660e+05 6.726679e+05 6.726754e+05 6.726811e+05 6.726879e+05 6.727052e+05 6.727203e+05 6.726923e+05 6.725098e+05 6.719789e+05 6.708523e+05 6.688849e+05 6.447435e+05 6.163307e+05 6.010393e+05 5.947622e+05 5.925293e+05 5.920370e+05 5.930033e+05 5.948529e+05 5.969911e+05 5.992625e+05 6.016172e+05 6.040383e+05 6.347259e+05 6.727752e+05 6.950753e+05 7.017719e+05
7.091492e+05 7.091492e+05 7.091492e+05 7.091492e+05 7.091492e+05 7.091503e+05 7.091534e+05 7.091659e+05 7.091753e+05 7.091866e+05 7.092148e+05 7.092419e+05 7.092237e+05 7.090407e+05 7.084857e+05 7.072933e+05 7.051995e+05 6.792358e+05 6.482060e+05 6.310707e+05 6.236767e+05 6.207209e+05 6.197047e+05 6.198815e+05 6.210632e+05 6.225579e+05 6.241792e+05 6.258685e+05 6.276078e+05 6.509846e+05 6.832989e+05 7.021548e+05 7.063001e+05
7.450830e+05 7.450830e+05 7.450830e+05 7.450830e+05 7.450830e+05 7.450832e+05 7.450838e+05 7.450867e+05 7.450894e+05 7.450931e+05 7.451033e+05 7.451089e+05 7.450635e+05 7.448405e+05 7.442194e+05 7.429169e+05 7.406492e+05 7.126030e+05 6.787780e+05 6.597387e+05 6.512249e+05 6.475645e+05 6.460500e+05 6.454924e+05 6.460596e+05 6.469613e+05 6.479812e+05 6.490534e+05 6.501592e+05 6.666607e+05 6.934239e+05 7.089671e+05 7.106856e+05
7.795373e+05 7.795373e+05 7.795373e+05 7.795373e+05 7.795373e+05 7.795374e+05 7.795379e+05 7.795398e+05 7.795410e+05 7.795424e+05 7.795448e+05 7.795378e+05 7.794721e+05 7.792132e+05 7.785271e+05 7.771120e+05 7.746652e+05 7.444906e+05 7.078573e+05 6.869348e+05 6.773310e+05 6.729955e+05 6.710103e+05 6.697688e+05 6.697688e+05 6.701243e+05 6.705908e+05 6.710950e+05 6.716178e+05 6.817152e+05 7.031360e+05 7.155004e+05 7.149185e+05
8.118277e+05 8.118277e+05 8.118277e+05 8.118277e+05 8.118277e+05 8.118275e+05 8.118268e+05 8.118241e+05 8.118220e+05 8.118195e+05 8.118125e+05 8.117939e+05 8.117120e+05 8.114256e+05 8.106875e+05 8.091788e+05 8.065782e+05 7.744897e+05 7.352693e+05 7.125912e+05 7.019631e+05 6.969902e+05 6.945598e+05 6.926728e+05 6.921420e+05 6.919913e+05 6.919488e+05 6.919336e+05 6.919246e+05 6.961146e+05 7.124231e+05 7.217443e+05 7.189893e+05
8.415940e+05 8.415940e+05 8.415940e+05 8.415940e+05 8.415940e+05 8.415941e+05 8.415944e+05 8.415953e+05 8.415958e+05 8.415963e+05 8.415964e+05 8.415856e+05 8.415096e+05 8.412203e+05 8.404589e+05 8.388908e+05 8.361779e+05 8.024868e+05 7.609795e+05 7.367056e+05 7.251256e+05 7.195491e+05 7.166913e+05 7.141815e+05 7.131447e+05 7.125210e+05 7.120111e+05 7.115239e+05 7.110350e+05 7.098311e+05 7.212756e+05 7.276901e+05 7.228896e+05
8.694053e+05 8.694053e+05 8.694053e+05 8.694053e+05 8.694053e+05 8.694053e+05 8.694056e+05 8.694064e+05 8.694070e+05 8.694078e+05 8.694094e+05 8.694010e+05 8.693263e+05 8.690317e+05 8.682480e+05 8.666266e+05 8.638138e+05 8.286851e+05 7.850876e+05 7.593262e+05 7.468399e+05 7.406771e+05 7.373985e+05 7.342742e+05 7.327488e+05 7.316822e+05 7.307451e+05 7.298338e+05 7.289174e+05 7.228428e+05 7.296858e+05 7.333307e+05 7.266115e+05
8.956272e+05 8.956272e+05 8.956272e+05 8.956272e+05 8.956272e+05 8.956274e+05 8.956279e+05 8.956299e+05 8.956313e+05 8.956331e+05 8.956369e+05 8.956308e+05 8.955565e+05 8.952549e+05 8.944474e+05 8.927720e+05 8.898606e+05 8.533388e+05 8.077157e+05 7.804996e+05 7.671153e+05 7.603646e+05 7.566618e+05 7.529243e+05 7.509277e+05 7.494501e+05 7.481286e+05 7.468429e+05 7.455528e+05 7.351331e+05 7.376480e+05 7.386609e+05 7.301483e+05
9.205051e+05 9.205051e+05 9.205051e+05 9.205051e+05 9.205051e+05 9.205053e+05 9.205058e+05 9.205077e+05 9.205092e+05 9.205109e+05 9.205145e+05 9.205078e+05 9.204307e+05 9.201188e+05 9.192837e+05 9.175502e+05 9.145357e+05 8.765943e+05 8.289187e+05 8.002248e+05 7.859245e+05 7.785740e+05 7.744417e+05 7.700980e+05 7.676568e+05 7.658080e+05 7.641502e+05 7.625431e+05 7.609348e+05 7.466913e+05 7.451587e+05 7.436766e+05 7.334936e+05
9.441337e+05 9.441337e+05 9.441337e+05 9.441337e+05 9.441337e+05 9.441338e+05 9.441343e+05 9.441361e+05 9.441373e+05 9.441387e+05 9.441410e+05 9.441314e+05 9.440475e+05 9.437191e+05 9.428478e+05 9.410450e+05 9.379135e+05 8.984596e+05 8.486528e+05 8.184366e+05 8.031988e+05 7.952419e+05 7.906837e+05 7.857615e+05 7.829189e+05 7.807502e+05 7.788114e+05 7.769394e+05 7.750696e+05 7.575114e+05 7.522159e+05 7.483754e+05 7.366424e+05
9.663792e+05 9.663792e+05 9.663792e+05 9.663792e+05 9.663791e+05 9.663787e+05 9.663774e+05 9.663723e+05 9.663683e+05 9.663635e+05 9.663508e+05 9.663227e+05 9.662157e+05 9.658544e+05 9.649309e+05 9.630433e+05 9.597801e+05 9.187530e+05 8.667762e+05 8.350206e+05 8.188470e+05 8.102986e+05 8.053377e+05 7.998949e+05 7.967139e+05 7.942882e+05 7.921293e+05 7.900514e+05 7.879769e+05 7.675927e+05 7.588197e+05 7.527562e+05 7.395902e+05
9.864741e+05 9.864741e+05 9.864741e+05 9.864741e+05 9.864741e+05 9.864737e+05 9.864723e+05 9.864671e+05 9.864632e+05 9.864584e+05 9.864455e+05 9.864166e+05 9.863058e+05 9.859325e+05 9.849789e+05 9.830303e+05 9.796605e+05 9.371856e+05 8.831141e+05 8.498652e+05 8.327995e+05 8.237050e+05 8.183867e+05 8.125097e+05 8.090681e+05 8.064552e+05 8.041396e+05 8.019140e+05 7.996891e+05 7.769386e+05 7.649716e+05 7.568193e+05 7.423333e+05
1.004482e+06 1.004482e+06 1.004482e+06 1.004482e+06 1.004482e+06 1.004482e+06 1.004481e+06 1.004476e+06 1.004472e+06 1.004468e+06 1.004455e+06 1.004427e+06 1.004314e+06 1.003931e+06 1.002952e+06 1.000948e+06 9.974790e+05 9.536305e+05 8.975719e+05 8.629299e+05 8.450562e+05 8.354861e+05 8.298712e+05 8.236607e+05 8.200402e+05 8.173089e+05 8.148965e+05 8.125769e+05 8.102512e+05 7.855568e+05 7.706746e+05 7.605660e+05 7.448692e+05
1.020551e+06 1.020551e+06 1.020551e+06 1.020551e+06 1.020551e+06 1.020550e+06 1.020548e+06 1.020539e+06 1.020532e+06 1.020525e+06 1.020505e+06 1.020466e+06 1.020340e+06 1.019937e+06 1.018919e+06 1.016848e+06 1.013271e+06 9.680721e+05 9.101698e+05 8.742813e+05 8.557087e+05 8.457437e+05 8.398949e+05 8.334461e+05 8.297194e+05 8.269294e+05 8.244712e+05 8.221031e+05 8.197182e+05 7.934583e+05 7.759332e+05 7.639987e+05 7.471957e+05
1.034332e+06 1.034332e+06 1.034332e+06 1.034332e+06 1.034332e+06 1.034331e+06 1.034329e+06 1.034320e+06 1.034313e+06 1.034305e+06 1.034283e+06 1.034242e+06 1.034112e+06 1.033697e+06 1.032654e+06 1.030533e+06 1.026870e+06 9.805243e+05 9.210365e+05 8.840838e+05 8.649251e+05 8.546388e+05 8.486087e+05 8.419962e+05 8.382178e+05 8.354130e+05 8.329470e+05 8.305645e+05 8.281528e+05 8.006573e+05 7.807532e+05 7.671209e+05 7.493120e+05
1.045846e+06 1.045846e+06 1.045846e+06 1.045846e+06 1.045846e+06 1.045846e+06 1.045845e+06 1.045841e+06 1.045838e+06 1.045834e+06 1.045824e+06 1.045796e+06 1.045679e+06 1.045273e+06 1.044229e+06 1.042087e+06 1.038372e+06 9.911635e+05 9.303889e+05 8.925530e+05 8.729066e+05 8.623568e+05 8.561834e+05 8.494556e+05 8.456580e+05 8.428642e+05 8.404131e+05 8.380381e+05 8.356214e+05 8.071704e+05 7.851415e+05 7.699369e+05 7.512174e+05
1.055851e+06 1.055851e+06 1.055851e+06 1.055851e+06 1.055851e+06 1.055851e+06 1.055850e+06 1.055846e+06 1.055843e+06 1.055839e+06 1.055829e+06 1.055802e+06 1.055686e+06 1.055279e+06 1.054226e+06 1.052058e+06 1.048295e+06 1.000348e+06 9.384895e+05 8.999078e+05 8.798490e+05 8.690771e+05 8.627845e+05 8.559660e+05 8.521611e+05 8.493866e+05 8.469586e+05 8.446006e+05 8.421906e+05 8.130165e+05 7.891061e+05 7.724519e+05 7.529125e+05
1.064591e+06 1.064591e+06 1.064591e+06 1.064591e+06 1.064591e+06 1.064591e+06 1.064590e+06 1.064588e+06 1.064586e+06 1.064584e+06 1.064577e+06 1.064555e+06 1.064443e+06 1.064036e+06 1.062975e+06 1.060785e+06 1.056978e+06 1.008377e+06 9.455708e+05 9.063407e+05 8.859234e+05 8.749573e+05 8.685585e+05 8.616548e+05 8.578374e+05 8.550755e+05 8.526661e+05 8.503244e+05 8.479242e+05 8.182158e+05 7.926558e+05 7.746718e+05 7.543983e+05
1.072343e+06 1.072343e+06 1.072343e+06 1.072343e+06 1.072343e+06 1.072342e+06 1.072342e+06 1.072339e+06 1.072338e+06 1.072336e+06 1.072330e+06 1.072308e+06 1.072196e+06 1.071786e+06 1.070715e+06 1.068504e+06 1.064655e+06 1.015466e+06 9.518150e+05 9.120093e+05 8.912713e+05 8.801272e+05 8.736263e+05 8.666275e+05 8.627795e+05 8.600125e+05 8.576080e+05 8.552737e+05 8.528798e+05 8.227900e+05 7.958005e+05 7.766030e+05 7.556765e+05
1.079226e+06 1.079226e+06 1.079226e+06 1.079226e+06 1.079226e+06 1.079226e+06 1.079226e+06 1.079225e+06 1.079223e+06 1.079222e+06 1.079218e+06 1.079198e+06 1.079088e+06 1.078677e+06 1.077599e+06 1.075368e+06 1.071483e+06 1.021767e+06 9.573612e+05 9.170359e+05 8.960020e+05 8.846862e+05 8.780793e+05 8.709637e+05 8.670584e+05 8.642620e+05 8.618431e+05 8.595031e+05 8.571080e+05 8.267614e+05 7.985506e+05 7.782524e+05 7.567493e+05
1.085400e+06 1.085400e+06 1.085400e+06 1.085400e+06 1.085400e+06 1.085400e+06 1.085400e+06 1.085398e+06 1.085397e+06 1.085396e+06 1.085392e+06 1.085372e+06 1.085261e+06 1.084847e+06 1.083759e+06 1.081510e+06 1.077590e+06 1.027399e+06 9.623096e+05 9.215060e+05 9.001894e+05 8.886996e+05 8.819767e+05 8.747152e+05 8.707222e+05 8.678701e+05 8.654163e+05 8.630560e+05 8.606508e+05 8.301532e+05 8.009173e+05 7.796277e+05 7.576197e+05
1.090911e+06 1.090911e+06 1.090911e+06 1.090911e+06 1.090911e+06 1.090911e+06 1.090911e+06 1.090909e+06 1.090909e+06 1.090907e+06 1.090903e+06 1.090884e+06 1.090772e+06 1.090356e+06 1.089260e+06 1.086994e+06 1.083044e+06 1.032428e+06 9.667180e+05 9.254645e+05 9.038687e+05 8.921965e+05 8.853440e+05 8.779059e+05 8.737966e+05 8.708653e+05 8.683587e+05 8.659657e+05 8.635428e+05 8.329886e+05 8.029123e+05 7.807366e+05 7.582911e+05
1.095810e+06 1.095810e+06 1.095810e+06 1.095810e+06 1.095810e+06 1.095810e+06 1.095810e+06 1.095808e+06 1.095807e+06 1.095806e+06 1.095802e+06 1.095782e+06 1.095669e+06 1.095250e+06 1.094148e+06 1.091866e+06 1.087890e+06 1.036894e+06 9.706074e+05 9.289181e+05 9.070382e+05 8.951717e+05 8.881760e+05 8.805354e+05 8.762888e+05 8.732618e+05 8.706906e+05 8.682567e+05 8.658118e+05 8.352914e+05 8.045477e+05 7.815873e+05 7.587672e+05
1.100122e+06 1.100122e+06 1.100122e+06 1.100122e+06 1.100122e+06 1.100122e+06 1.100121e+06 1.100120e+06 1.100119e+06 1.100118e+06 1.100114e+06 1.100094e+06 1.099980e+06 1.099559e+06 1.098450e+06 1.096155e+06 1.092155e+06 1.040806e+06 9.739652e+05 9.318388e+05 9.096644e+05 8.975923e+05 8.904435e+05 8.825862e+05 8.781928e+05 8.750641e+05 8.724244e+05 8.699479e+05 8.674809e+05 8.370854e+05 8.058361e+05 7.821883e+05 7.590524e+05
1.103872e+06 1.103872e+06 1.103872e+06 1.103872e+06 1.103872e+06 1.103872e+06 1.103871e+06 1.103870e+06 1.103869e+06 1.103867e+06 1.103863e+06 1.103842e+06 1.103727e+06 1.103302e+06 1.102186e+06 1.099877e+06 1.095852e+06 1.044151e+06 9.767471e+05 9.341701e+05 9.116912e+05 8.994084e+05 8.921049e+05 8.840329e+05 8.794978e+05 8.762727e+05 8.735694e+05 8.710552e+05 8.685711e+05 8.383943e+05 8.067904e+05 7.825482e+05 7.591512e+05
1.107043e+06 1.107043e+06 1.107043e+06 1.107043e+06 1.107043e+06 1.107042e+06 1.107042e+06 1.107040e+06 1.107038e+06 1.107036e+06 1.107030e+06 1.107008e+06 1.106891e+06 1.106462e+06 1.105337e+06 1.103012e+06 1.098960e+06 1.046878e+06 9.788794e+05 9.358394e+05 9.130566e+05 9.005696e+05 8.931207e+05 8.848542e+05 8.801957e+05 8.768897e+05 8.741358e+05 8.715946e+05 8.691026e+05 8.392421e+05 8.074236e+05 7.826759e+05 7.590686e+05
1.109589e+06 1.109589e+06 1.109589e+06 1.109589e+06 1.109589e+06 1.109588e+06 1.109588e+06 1.109586e+06 1.109584e+06 1.109582e+06 1.109575e+06 1.109551e+06 1.109431e+06 1.108997e+06 1.107861e+06 1.105516e+06 1.101431e+06 1.048917e+06 9.802915e+05 9.367893e+05 9.137177e+05 9.010453e+05 8.934695e+05 8.850420e+05 8.802879e+05 8.769237e+05 8.741377e+05 8.715846e+05 8.690975e+05 8.396524e+05 8.077490e+05 7.825801e+05 7.588097e+05
1.111440e+06 1.111440e+06 1.111440e+06 1.111440e+06 1.111440e+06 1.111439e+06 1.111438e+06 1.111434e+06 1.111431e+06 1.111428e+06 1.111417e+06 1.111389e+06 1.111263e+06 1.110820e+06 1.109671e+06 1.107302e+06 1.103180e+06 1.050212e+06 9.809549e+05 9.370077e+05 9.136715e+05 9.008376e+05 8.931572e+05 8.846072e+05 8.797892e+05 8.763927e+05 8.735957e+05 8.710483e+05 8.685805e+05 8.396492e+05 8.077800e+05 7.822698e+05 7.583800e+05
1.112412e+06 1.112412e+06 1.112412e+06 1.112412e+06 1.112412e+06 1.112412e+06 1.112411e+06 1.112406e+06 1.112403e+06 1.112399e+06 1.112389e+06 1.112359e+06 1.112231e+06 1.111783e+06 1.110623e+06 1.108234e+06 1.104079e+06 1.050700e+06 9.808657e+05 9.365167e+05 9.129481e+05 8.999787e+05 8.922156e+05 8.835796e+05 8.787277e+05 8.753242e+05 8.725374e+05 8.700133e+05 8.675797e+05 8.392560e+05 8.075302e+05 7.817540e+05 7.577852e+05
1.112447e+06 1.112447e+06 1.112447e+06 1.112447e+06 1.112447e+06 1.112446e+06 1.112445e+06 1.112437e+06 1.112432e+06 1.112426e+06 1.112408e+06 1.112371e+06 1.112234e+06 1.111774e+06 1.110599e+06 1.108190e+06 1.104005e+06 1.050299e+06 9.800159e+05 9.353485e+05 9.115942e+05 8.985182e+05 8.906933e+05 8.820029e+05 8.771427e+05 8.737540e+05 8.709964e+05 8.685119e+05 8.661264e+05 8.384964e+05 8.070129e+05 7.810416e+05 7.570309e+05
1.111213e+06 1.111213e+06 1.111213e+06 1.111213e+06 1.111213e+06 1.111213e+06 1.111211e+06 1.111204e+06 1.111198e+06 1.111192e+06 1.111174e+06 1.111137e+06 1.110999e+06 1.110540e+06 1.109364e+06 1.106952e+06 1.102761e+06 1.048932e+06 9.784127e+05 9.335466e+05 9.096653e+05 8.965141e+05 8.886470e+05 8.799286e+05 8.750803e+05 8.717242e+05 8.690114e+05 8.665801e+05 8.642546e+05 8.373939e+05 8.062416e+05 7.801416e+05 7.561230e+05
1.108770e+06 1.108770e+06 1.108770e+06 1.108770e+06 1.108770e+06 1.108769e+06 1.108769e+06 1.108768e+06 1.108767e+06 1.108766e+06 1.108761e+06 1.108739e+06 1.108618e+06 1.108177e+06 1.107022e+06 1.104631e+06 1.100463e+06 1.046709e+06 9.761415e+05 9.311819e+05 9.072261e+05 8.940280e+05 8.861360e+05 8.774112e+05 8.725904e+05 8.692800e+05 8.666237e+05 8.642564e+05 8.620004e+05 8.359714e+05 8.052296e+05 7.790626e+05 7.550676e+05
1.105894e+06 1.105894e+06 1.105894e+06 1.105894e+06 1.105894e+06 1.105894e+06 1.105894e+06 1.105893e+06 1.105892e+06 1.105891e+06 1.105887e+06 1.105867e+06 1.105750e+06 1.105314e+06 1.104166e+06 1.101785e+06 1.097629e+06 1.043935e+06 9.733573e+05 9.283473e+05 9.043476e+05 8.911227e+05 8.832195e+05 8.745056e+05 8.697235e+05 8.664679e+05 8.638764e+05 8.615803e+05 8.594005e+05 8.342518e+05 8.039902e+05 7.778134e+05 7.538705e+05
1.102803e+06 1.102803e+06 1.102803e+06 1.102803e+06 1.102803e+06 1.102803e+06 1.102802e+06 1.102799e+06 1.102797e+06 1.102795e+06 1.102788e+06 1.102763e+06 1.102642e+06 1.102201e+06 1.101048e+06 1.098663e+06 1.094502e+06 1.040789e+06 9.701745e+05 9.251245e+05 9.010975e+05 8.878599e+05 8.799557e+05 8.712654e+05 8.665295e+05 8.633341e+05 8.608119e+05 8.585913e+05 8.564917e+05 8.322573e+05 8.025364e+05 7.764025e+05 7.525377e+05
1.099281e+06 1.099281e+06 1.099281e+06 1.099281e+06 1.099281e+06 1.099281e+06 1.099280e+06 1.099276e+06 1.099273e+06 1.099270e+06 1.099260e+06 1.099233e+06 1.099107e+06 1.098662e+06 1.097505e+06 1.095116e+06 1.090953e+06 1.037245e+06 9.666313e+05 9.215706e+05 8.975354e+05 8.842970e+05 8.763997e+05 8.677416e+05 8.630558e+05 8.599228e+05 8.574714e+05 8.553279e+05 8.533099e+05 8.300097e+05 8.008809e+05 7.748384e+05 7.510753e+05
1.095152e+06 1.095152e+06 1.095152e+06 1.095152e+06 1.095152e+06 1.095152e+06 1.095151e+06 1.095147e+06 1.095145e+06 1.095141e+06 1.095132e+06 1.095105e+06 1.094982e+06 1.094540e+06 1.093388e+06 1.091007e+06 1.086856e+06 1.033259e+06 9.627479e+05 9.177305e+05 8.937124e+05 8.804858e+05 8.726019e+05 8.639812e+05 8.593465e+05 8.562753e+05 8.538938e+05 8.518263e+05 8.498893e+05 8.275300e+05 7.990363e+05 7.731291e+05 7.494891e+05
