2.712827e+05 1.762675e+05 1.704867e+05 1.675500e+05 1.685377e+05 1.705169e+05 1.752217e+05 1.864369e+05 1.923320e+05 1.982717e+05 2.101480e+05 2.219243e+05 2.335193e+05 2.448235e+05 2.556821e+05 2.659084e+05 2.753057e+05 3.048113e+05 3.042478e+05 2.865463e+05 2.645421e+05 2.442008e+05 2.273633e+05 2.046461e+05 1.935869e+05 1.899258e+05 1.904048e+05 1.930035e+05 1.965661e+05 2.228235e+05 2.206710e+05 2.073827e+05 1.915097e+05
1.743451e+05 1.743457e+05 1.743476e+05 1.743938e+05 1.744894e+05 1.754630e+05 1.800230e+05 1.899006e+05 1.959111e+05 2.018768e+05 2.137075e+05 2.254082e+05 2.369282e+05 2.481618e+05 2.589534e+05 2.691135e+05 2.784435e+05 3.075481e+05 3.064941e+05 2.883268e+05 2.659462e+05 2.453204e+05 2.282719e+05 2.052818e+05 1.940680e+05 1.903143e+05 1.907331e+05 1.932893e+05 1.968193e+05 2.229058e+05 2.206775e+05 2.073571e+05 1.914720e+05
1.858390e+05 1.858392e+05 1.858399e+05 1.858588e+05 1.859090e+05 1.864859e+05 1.888550e+05 1.978658e+05 2.018035e+05 2.068543e+05 2.182464e+05 2.297321e+05 2.410712e+05 2.521462e+05 2.627967e+05 2.728287e+05 2.820385e+05 3.105626e+05 3.089135e+05 2.902169e+05 2.674218e+05 2.464883e+05 2.292143e+05 2.059360e+05 1.945606e+05 1.907105e+05 1.910671e+05 1.935794e+05 1.970760e+05 2.229883e+05 2.206838e+05 2.073312e+05 1.914341e+05
1.982124e+05 1.982126e+05 1.982130e+05 1.982259e+05 1.982616e+05 1.989239e+05 1.998298e+05 2.078145e+05 2.121260e+05 2.158855e+05 2.244040e+05 2.349297e+05 2.459001e+05 2.567282e+05 2.671758e+05 2.770281e+05 2.860729e+05 3.138525e+05 3.115059e+05 2.922165e+05 2.689686e+05 2.477043e+05 2.301905e+05 2.066086e+05 1.950647e+05 1.911145e+05 1.914067e+05 1.938739e+05 1.973362e+05 2.230711e+05 2.206898e+05 2.073051e+05 1.913960e+05
2.107067e+05 2.107068e+05 2.107070e+05 2.107145e+05 2.107363e+05 2.112506e+05 2.121484e+05 2.168290e+05 2.213899e+05 2.258456e+05 2.336439e+05 2.419454e+05 2.516399e+05 2.619458e+05 2.720771e+05 2.816872e+05 2.905229e+05 3.174102e+05 3.142688e+05 2.943247e+05 2.705862e+05 2.489681e+05 2.312001e+05 2.072995e+05 1.955800e+05 1.915263e+05 1.917520e+05 1.941727e+05 1.975997e+05 2.231542e+05 2.206957e+05 2.072787e+05 1.913577e+05
2.229029e+05 2.229030e+05 2.229032e+05 2.229089e+05 2.229256e+05 2.233505e+05 2.242559e+05 2.271805e+05 2.305630e+05 2.348810e+05 2.434156e+05 2.511055e+05 2.591884e+05 2.681358e+05 2.776124e+05 2.868365e+05 2.953883e+05 3.212255e+05 3.171984e+05 2.965398e+05 2.722738e+05 2.502791e+05 2.322429e+05 2.080086e+05 1.961066e+05 1.919457e+05 1.921030e+05 1.944758e+05 1.978666e+05 2.232376e+05 2.207014e+05 2.072521e+05 1.913192e+05
2.349216e+05 2.349216e+05 2.349218e+05 2.349262e+05 2.349396e+05 2.352948e+05 2.361507e+05 2.384986e+05 2.407649e+05 2.441669e+05 2.525910e+05 2.606550e+05 2.682008e+05 2.759715e+05 2.841787e+05 2.926331e+05 3.007338e+05 3.252901e+05 3.202894e+05 2.988593e+05 2.740300e+05 2.516368e+05 2.333185e+05 2.087356e+05 1.966444e+05 1.923728e+05 1.924595e+05 1.947832e+05 1.981368e+05 2.233212e+05 2.207068e+05 2.072253e+05 1.912805e+05
2.468317e+05 2.468318e+05 2.468319e+05 2.468364e+05 2.468497e+05 2.471896e+05 2.480095e+05 2.501787e+05 2.517893e+05 2.542650e+05 2.615826e+05 2.698334e+05 2.775221e+05 2.848184e+05 2.921201e+05 2.994839e+05 3.067423e+05 3.296029e+05 3.235367e+05 3.012802e+05 2.758532e+05 2.530400e+05 2.344262e+05 2.094803e+05 1.971931e+05 1.928074e+05 1.928216e+05 1.950949e+05 1.984104e+05 2.234050e+05 2.207121e+05 2.071982e+05 1.912416e+05
2.589668e+05 2.589669e+05 2.589670e+05 2.589701e+05 2.589794e+05 2.592408e+05 2.599297e+05 2.619148e+05 2.631908e+05 2.650116e+05 2.709075e+05 2.787210e+05 2.866137e+05 2.939234e+05 3.008002e+05 3.074264e+05 3.137763e+05 3.341767e+05 3.269363e+05 3.037993e+05 2.777415e+05 2.544878e+05 2.355653e+05 2.102425e+05 1.977528e+05 1.932495e+05 1.931891e+05 1.954107e+05 1.986874e+05 2.234891e+05 2.207171e+05 2.071709e+05 1.912025e+05
2.708359e+05 2.708359e+05 2.708360e+05 2.708387e+05 2.708467e+05 2.710732e+05 2.716821e+05 2.735287e+05 2.746478e+05 2.760801e+05 2.807194e+05 2.876484e+05 2.954302e+05 3.028922e+05 3.097052e+05 3.159406e+05 3.216608e+05 3.390454e+05 3.304868e+05 3.064137e+05 2.796930e+05 2.559789e+05 2.367352e+05 2.110217e+05 1.983231e+05 1.936990e+05 1.935621e+05 1.957307e+05 1.989675e+05 2.235734e+05 2.207219e+05 2.071434e+05 1.911632e+05
2.824431e+05 2.824432e+05 2.824432e+05 2.824455e+05 2.824525e+05 2.826539e+05 2.832116e+05 2.849620e+05 2.860069e+05 2.872300e+05 2.909370e+05 2.968426e+05 3.041579e+05 3.116373e+05 3.185378e+05 3.246557e+05 3.300049e+05 3.442735e+05 3.341910e+05 3.091209e+05 2.817055e+05 2.575119e+05 2.379350e+05 2.118176e+05 1.989040e+05 1.941558e+05 1.939405e+05 1.960548e+05 1.992510e+05 2.236579e+05 2.207265e+05 2.071156e+05 1.911237e+05
3.929094e+05 3.929094e+05 3.929094e+05 3.929102e+05 3.929126e+05 3.929926e+05 3.932365e+05 3.941116e+05 3.947202e+05 3.954336e+05 3.971365e+05 3.991540e+05 4.015076e+05 4.042724e+05 4.074255e+05 4.107576e+05 4.139002e+05 4.140652e+05 3.834279e+05 3.423204e+05 3.051094e+05 2.749417e+05 2.514003e+05 2.206047e+05 2.052437e+05 1.990963e+05 1.980024e+05 1.995115e+05 2.022553e+05 2.245130e+05 2.207590e+05 2.068237e+05 1.907177e+05
4.974058e+05 4.974058e+05 4.974058e+05 4.974064e+05 4.974083e+05 4.974636e+05 4.976154e+05 4.981361e+05 4.984940e+05 4.989140e+05 4.999315e+05 5.011417e+05 5.024193e+05 5.035548e+05 5.043030e+05 5.044365e+05 5.037706e+05 4.848083e+05 4.405888e+05 3.861980e+05 3.366785e+05 2.973056e+05 2.677223e+05 2.307093e+05 2.124035e+05 2.046191e+05 2.025058e+05 2.033142e+05 2.055350e+05 2.253784e+05 2.207650e+05 2.065058e+05 1.902913e+05
5.864932e+05 5.864932e+05 5.864932e+05 5.864935e+05 5.864942e+05 5.865202e+05 5.866059e+05 5.869443e+05 5.871925e+05 5.874915e+05 5.882342e+05 5.891300e+05 5.900490e+05 5.907397e+05 5.908595e+05 5.900444e+05 5.879773e+05 5.547117e+05 4.935571e+05 4.275876e+05 3.697336e+05 3.233566e+05 2.878991e+05 2.427005e+05 2.203933e+05 2.106506e+05 2.073754e+05 2.073990e+05 2.090374e+05 2.262423e+05 2.207402e+05 2.061601e+05 1.898436e+05
6.662573e+05 6.662573e+05 6.662573e+05 6.662577e+05 6.662589e+05 6.662956e+05 6.664020e+05 6.667397e+05 6.669439e+05 6.671639e+05 6.676468e+05 6.681654e+05 6.686092e+05 6.687306e+05 6.681712e+05 6.665330e+05 6.634499e+05 6.207439e+05 5.447287e+05 4.658667e+05 3.996757e+05 3.478730e+05 3.082773e+05 2.566600e+05 2.298535e+05 2.173687e+05 2.126331e+05 2.117421e+05 2.127260e+05 2.270913e+05 2.206807e+05 2.057853e+05 1.893743e+05
7.311420e+05 7.311420e+05 7.311420e+05 7.311423e+05 7.311430e+05 7.311654e+05 7.312338e+05 7.314949e+05 7.316810e+05 7.318993e+05 7.324158e+05 7.329872e+05 7.334651e+05 7.335624e+05 7.328802e+05 7.309822e+05 7.274686e+05 6.792958e+05 5.927782e+05 5.025893e+05 4.277169e+05 3.702613e+05 3.270128e+05 2.706401e+05 2.403932e+05 2.252536e+05 2.185301e+05 2.164161e+05 2.166113e+05 2.279117e+05 2.205821e+05 2.053798e+05 1.888827e+05
7.915807e+05 7.915807e+05 7.915807e+05 7.915809e+05 7.915814e+05 7.915981e+05 7.916473e+05 7.918207e+05 7.919360e+05 7.920653e+05 7.923552e+05 7.926510e+05 7.928167e+05 7.925619e+05 7.914707e+05 7.890825e+05 7.849731e+05 7.317681e+05 6.370963e+05 5.377420e+05 4.549172e+05 3.916277e+05 3.444758e+05 2.837392e+05 2.509188e+05 2.337440e+05 2.252891e+05 2.216829e+05 2.207900e+05 2.286901e+05 2.204402e+05 2.049422e+05 1.883682e+05
8.425621e+05 8.425621e+05 8.425621e+05 8.425623e+05 8.425628e+05 8.425782e+05 8.426253e+05 8.428057e+05 8.429343e+05 8.430843e+05 8.434328e+05 8.437953e+05 8.440134e+05 8.437699e+05 8.426195e+05 8.400731e+05 8.356827e+05 7.789024e+05 6.777926e+05 5.710618e+05 4.814170e+05 4.126162e+05 3.614151e+05 2.960010e+05 2.608960e+05 2.421818e+05 2.323817e+05 2.275329e+05 2.254881e+05 2.294142e+05 2.202509e+05 2.044711e+05 1.878304e+05
8.908917e+05 8.908917e+05 8.908917e+05 8.908919e+05 8.908924e+05 8.909076e+05 8.909485e+05 8.910947e+05 8.911947e+05 8.913090e+05 8.915716e+05 8.918388e+05 8.919550e+05 8.915922e+05 8.902835e+05 8.875137e+05 8.828095e+05 8.226767e+05 7.158220e+05 6.027087e+05 5.071457e+05 4.333401e+05 3.781947e+05 3.077850e+05 2.702501e+05 2.502017e+05 2.393709e+05 2.335425e+05 2.305427e+05 2.300744e+05 2.200104e+05 2.039652e+05 1.872688e+05
9.370587e+05 9.370587e+05 9.370587e+05 9.370588e+05 9.370590e+05 9.370653e+05 9.370850e+05 9.371732e+05 9.372447e+05 9.373335e+05 9.375535e+05 9.377820e+05 9.378493e+05 9.374077e+05 9.359663e+05 9.329855e+05 9.279709e+05 8.644871e+05 7.520510e+05 6.329733e+05 5.320402e+05 4.536836e+05 3.948290e+05 3.193457e+05 2.791201e+05 2.576896e+05 2.459851e+05 2.393974e+05 2.356357e+05 2.306647e+05 2.197150e+05 2.034233e+05 1.866830e+05
9.811776e+05 9.811776e+05 9.811776e+05 9.811777e+05 9.811781e+05 9.811904e+05 9.812273e+05 9.813543e+05 9.814370e+05 9.815300e+05 9.817409e+05 9.819426e+05 9.819644e+05 9.814460e+05 9.798767e+05 9.766936e+05 9.713807e+05 9.046405e+05 7.867570e+05 6.619446e+05 5.559842e+05 4.734385e+05 4.111475e+05 3.307372e+05 2.876469e+05 2.646784e+05 2.521057e+05 2.448879e+05 2.405315e+05 2.311841e+05 2.193620e+05 2.028443e+05 1.860725e+05
1.023898e+06 1.023898e+06 1.023898e+06 1.023898e+06 1.023898e+06 1.023906e+06 1.023931e+06 1.024023e+06 1.024086e+06 1.024159e+06 1.024327e+06 1.024480e+06 1.024437e+06 1.023824e+06 1.022108e+06 1.018705e+06 1.013078e+06 9.430657e+05 8.198392e+05 6.894882e+05 5.787746e+05 4.923506e+05 4.269030e+05 3.418651e+05 2.958845e+05 2.712378e+05 2.577187e+05 2.499057e+05 2.450660e+05 2.316375e+05 2.189489e+05 2.022272e+05 1.854372e+05
1.064274e+06 1.064274e+06 1.064274e+06 1.064274e+06 1.064274e+06 1.064278e+06 1.064289e+06 1.064341e+06 1.064380e+06 1.064427e+06 1.064539e+06 1.064626e+06 1.064502e+06 1.063777e+06 1.061902e+06 1.058270e+06 1.052325e+06 9.791401e+05 8.508319e+05 7.152611e+05 6.001212e+05 5.101407e+05 4.418297e+05 3.525606e+05 3.038007e+05 2.774124e+05 2.628560e+05 2.544199e+05 2.491466e+05 2.320372e+05 2.184744e+05 2.015714e+05 1.847766e+05
1.100763e+06 1.100763e+06 1.100763e+06 1.100763e+06 1.100763e+06 1.100768e+06 1.100783e+06 1.100837e+06 1.100873e+06 1.100912e+06 1.100996e+06 1.101040e+06 1.100853e+06 1.100038e+06 1.098026e+06 1.094193e+06 1.087969e+06 1.011961e+06 8.790998e+05 7.388307e+05 6.197059e+05 5.265411e+05 4.556830e+05 3.626389e+05 3.113101e+05 2.832047e+05 2.675527e+05 2.584433e+05 2.527394e+05 2.324067e+05 2.179379e+05 2.008764e+05 1.840908e+05
1.132721e+06 1.132721e+06 1.132721e+06 1.132721e+06 1.132722e+06 1.132724e+06 1.132732e+06 1.132760e+06 1.132779e+06 1.132802e+06 1.132852e+06 1.132861e+06 1.132633e+06 1.131756e+06 1.129649e+06 1.125671e+06 1.119233e+06 1.040913e+06 9.041840e+05 7.598642e+05 6.372789e+05 5.413436e+05 4.682720e+05 3.719373e+05 3.183102e+05 2.885851e+05 2.718291e+05 2.620046e+05 2.558487e+05 2.327913e+05 2.173399e+05 2.001418e+05 1.833794e+05
1.160266e+06 1.160266e+06 1.160266e+06 1.160266e+06 1.160266e+06 1.160267e+06 1.160270e+06 1.160285e+06 1.160296e+06 1.160309e+06 1.160338e+06 1.160320e+06 1.160055e+06 1.159124e+06 1.156932e+06 1.152824e+06 1.146201e+06 1.065919e+06 9.259390e+05 7.782140e+05 6.527095e+05 5.544285e+05 4.794781e+05 3.803358e+05 3.247059e+05 2.935081e+05 2.756875e+05 2.651313e+05 2.584986e+05 2.331870e+05 2.166823e+05 1.993677e+05 1.826427e+05
1.183291e+06 1.183291e+06 1.183291e+06 1.183291e+06 1.183291e+06 1.183293e+06 1.183299e+06 1.183318e+06 1.183332e+06 1.183346e+06 1.183375e+06 1.183352e+06 1.183072e+06 1.182108e+06 1.179855e+06 1.175647e+06 1.168875e+06 1.086988e+06 9.443554e+05 7.938599e+05 6.659721e+05 5.657620e+05 4.892545e+05 3.877622e+05 3.304246e+05 2.979268e+05 2.791182e+05 2.678428e+05 2.607187e+05 2.335355e+05 2.159681e+05 1.985544e+05 1.818806e+05
1.202345e+06 1.202345e+06 1.202345e+06 1.202345e+06 1.202345e+06 1.202345e+06 1.202344e+06 1.202336e+06 1.202329e+06 1.202321e+06 1.202295e+06 1.202210e+06 1.201862e+06 1.200822e+06 1.198478e+06 1.194158e+06 1.187246e+06 1.104103e+06 9.594787e+05 8.068729e+05 6.771296e+05 5.753849e+05 4.976164e+05 3.941888e+05 3.354195e+05 3.018023e+05 2.821065e+05 2.701508e+05 2.625366e+05 2.337955e+05 2.152018e+05 1.977026e+05 1.810934e+05
1.215975e+06 1.215975e+06 1.215975e+06 1.215975e+06 1.215975e+06 1.215976e+06 1.215978e+06 1.215988e+06 1.215996e+06 1.216005e+06 1.216024e+06 1.215991e+06 1.215699e+06 1.214712e+06 1.212409e+06 1.208112e+06 1.201197e+06 1.117515e+06 9.716106e+05 8.174913e+05 6.863458e+05 5.834019e+05 5.046254e+05 3.996213e+05 3.396690e+05 3.051084e+05 2.846387e+05 2.720613e+05 2.639757e+05 2.339336e+05 2.143895e+05 1.968131e+05 1.802813e+05
1.227572e+06 1.227572e+06 1.227572e+06 1.227572e+06 1.227572e+06 1.227573e+06 1.227576e+06 1.227587e+06 1.227594e+06 1.227602e+06 1.227615e+06 1.227575e+06 1.227272e+06 1.226268e+06 1.223943e+06 1.219610e+06 1.212643e+06 1.128375e+06 9.814062e+05 8.260857e+05 6.938359e+05 5.899432e+05 5.103622e+05 4.040865e+05 3.431717e+05 3.078329e+05 2.867063e+05 2.735785e+05 2.650548e+05 2.339234e+05 2.135391e+05 1.958872e+05 1.794448e+05
1.237147e+06 1.237147e+06 1.237147e+06 1.237147e+06 1.237147e+06 1.237148e+06 1.237151e+06 1.237161e+06 1.237167e+06 1.237172e+06 1.237178e+06 1.237124e+06 1.236802e+06 1.235770e+06 1.233403e+06 1.229015e+06 1.221976e+06 1.137071e+06 9.891514e+05 8.328513e+05 6.997348e+05 5.951056e+05 5.148983e+05 4.076223e+05 3.459422e+05 3.099770e+05 2.883077e+05 2.747074e+05 2.657895e+05 2.337451e+05 2.126615e+05 1.949268e+05 1.785844e+05
1.244221e+06 1.244221e+06 1.244221e+06 1.244221e+06 1.244221e+06 1.244219e+06 1.244215e+06 1.244199e+06 1.244186e+06 1.244171e+06 1.244130e+06 1.244025e+06 1.243648e+06 1.242560e+06 1.240136e+06 1.235686e+06 1.228579e+06 1.143232e+06 9.947156e+05 8.377866e+05 7.040918e+05 5.989520e+05 5.182955e+05 4.102750e+05 3.480082e+05 3.115537e+05 2.894493e+05 2.754554e+05 2.661940e+05 2.333852e+05 2.117732e+05 1.939338e+05 1.777007e+05
1.247235e+06 1.247235e+06 1.247235e+06 1.247235e+06 1.247235e+06 1.247235e+06 1.247238e+06 1.247244e+06 1.247248e+06 1.247251e+06 1.247252e+06 1.247195e+06 1.246869e+06 1.245832e+06 1.243458e+06 1.239056e+06 1.231994e+06 1.146758e+06 9.981413e+05 8.409744e+05 7.069949e+05 6.015655e+05 5.206290e+05 4.121012e+05 3.494081e+05 3.125863e+05 2.901450e+05 2.758339e+05 2.662825e+05 2.328368e+05 2.108841e+05 1.929106e+05 1.767945e+05
1.248827e+06 1.248827e+06 1.248827e+06 1.248827e+06 1.248827e+06 1.248828e+06 1.248830e+06 1.248838e+06 1.248843e+06 1.248848e+06 1.248853e+06 1.248800e+06 1.248480e+06 1.247450e+06 1.245084e+06 1.240693e+06 1.233642e+06 1.148468e+06 9.998696e+05 8.426657e+05 7.086063e+05 6.030643e+05 5.219921e+05 4.131661e+05 3.501881e+05 3.131060e+05 2.904150e+05 2.758576e+05 2.660695e+05 2.320987e+05 2.099775e+05 1.918601e+05 1.758668e+05
1.249390e+06 1.249390e+06 1.249390e+06 1.249390e+06 1.249390e+06 1.249390e+06 1.249390e+06 1.249385e+06 1.249380e+06 1.249374e+06 1.249354e+06 1.249272e+06 1.248918e+06 1.247853e+06 1.245451e+06 1.241022e+06 1.233937e+06 1.148665e+06 1.000117e+06 8.430260e+05 7.090581e+05 6.035570e+05 5.224760e+05 4.135372e+05 3.503985e+05 3.131486e+05 2.902843e+05 2.755447e+05 2.655710e+05 2.311748e+05 2.090416e+05 1.907857e+05 1.749185e+05
1.247760e+06 1.247760e+06 1.247760e+06 1.247760e+06 1.247760e+06 1.247758e+06 1.247751e+06 1.247726e+06 1.247707e+06 1.247685e+06 1.247628e+06 1.247506e+06 1.247114e+06 1.246013e+06 1.243581e+06 1.239132e+06 1.232038e+06 1.146915e+06 9.987480e+05 8.420624e+05 7.084114e+05 6.031193e+05 5.221566e+05 4.132786e+05 3.500901e+05 3.127526e+05 2.897810e+05 2.749159e+05 2.648037e+05 2.300731e+05 2.080676e+05 1.896911e+05 1.739509e+05
1.242766e+06 1.242766e+06 1.242766e+06 1.242766e+06 1.242766e+06 1.242767e+06 1.242768e+06 1.242771e+06 1.242774e+06 1.242776e+06 1.242773e+06 1.242711e+06 1.242380e+06 1.241342e+06 1.238978e+06 1.234604e+06 1.227595e+06 1.143101e+06 9.957580e+05 8.398228e+05 7.067345e+05 6.018249e+05 5.211056e+05 4.124517e+05 3.493127e+05 3.119573e+05 2.889347e+05 2.739935e+05 2.637855e+05 2.288046e+05 2.070486e+05 1.885808e+05 1.729651e+05
1.236886e+06 1.236886e+06 1.236886e+06 1.236886e+06 1.236886e+06 1.236885e+06 1.236883e+06 1.236874e+06 1.236868e+06 1.236861e+06 1.236838e+06 1.236757e+06 1.236411e+06 1.235369e+06 1.233015e+06 1.228671e+06 1.221715e+06 1.137845e+06 9.914940e+05 8.365142e+05 7.041659e+05 5.997766e+05 5.194055e+05 4.111171e+05 3.481147e+05 3.108013e+05 2.877757e+05 2.728008e+05 2.625349e+05 2.273828e+05 2.059792e+05 1.874600e+05 1.719627e+05
1.229760e+06 1.229760e+06 1.229760e+06 1.229760e+06 1.229760e+06 1.229760e+06 1.229760e+06 1.229761e+06 1.229761e+06 1.229761e+06 1.229758e+06 1.229699e+06 1.229381e+06 1.228371e+06 1.226059e+06 1.221769e+06 1.214883e+06 1.131670e+06 9.863444e+05 8.323938e+05 7.008749e+05 5.970919e+05 5.171435e+05 4.093333e+05 3.465414e+05 3.093215e+05 2.863336e+05 2.713613e+05 2.610704e+05 2.258222e+05 2.048550e+05 1.863359e+05 1.709452e+05
1.222666e+06 1.222666e+06 1.222666e+06 1.222666e+06 1.222666e+06 1.222665e+06 1.222661e+06 1.222647e+06 1.222639e+06 1.222629e+06 1.222600e+06 1.222513e+06 1.222166e+06 1.221130e+06 1.218799e+06 1.214506e+06 1.207637e+06 1.124889e+06 9.805255e+05 8.276199e+05 6.969799e+05 5.938613e+05 5.143920e+05 4.071521e+05 3.446346e+05 3.075525e+05 2.846372e+05 2.696982e+05 2.594108e+05 2.241380e+05 2.036731e+05 1.852164e+05 1.699142e+05
1.214201e+06 1.214201e+06 1.214201e+06 1.214201e+06 1.214201e+06 1.214200e+06 1.214199e+06 1.214194e+06 1.214190e+06 1.214184e+06 1.214162e+06 1.214080e+06 1.213736e+06 1.212707e+06 1.210392e+06 1.206128e+06 1.199308e+06 1.117187e+06 9.739320e+05 8.221868e+05 6.925150e+05 5.901320e+05 5.111995e+05 4.046164e+05 3.424310e+05 3.055262e+05 2.827135e+05 2.678337e+05 2.575743e+05 2.223452e+05 2.024316e+05 1.840959e+05 1.688717e+05
1.204426e+06 1.204426e+06 1.204426e+06 1.204426e+06 1.204426e+06 1.204425e+06 1.204424e+06 1.204417e+06 1.204413e+06 1.204407e+06 1.204387e+06 1.204311e+06 1.203978e+06 1.202970e+06 1.200691e+06 1.196483e+06 1.189744e+06 1.108453e+06 9.665122e+05 8.160896e+05 6.875016e+05 5.859368e+05 5.076031e+05 4.017626e+05 3.399634e+05 3.032718e+05 2.805878e+05 2.657895e+05 2.555789e+05 2.204583e+05 2.011296e+05 1.829693e+05 1.678197e+05
1.193946e+06 1.193946e+06 1.193946e+06 1.193946e+06 1.193946e+06 1.193946e+06 1.193946e+06 1.193946e+06 1.193946e+06 1.193945e+06 1.193938e+06 1.193876e+06 1.193560e+06 1.192575e+06 1.190330e+06 1.186173e+06 1.179508e+06 1.099023e+06 9.584370e+05 8.094164e+05 6.819944e+05 5.813182e+05 5.036402e+05 3.986236e+05 3.372618e+05 3.008159e+05 2.782837e+05 2.635859e+05 2.534417e+05 2.184911e+05 1.997675e+05 1.818332e+05 1.667602e+05
1.183381e+06 1.183381e+06 1.183381e+06 1.183381e+06 1.183381e+06 1.183380e+06 1.183376e+06 1.183360e+06 1.183349e+06 1.183335e+06 1.183297e+06 1.183200e+06 1.182851e+06 1.181838e+06 1.179578e+06 1.175428e+06 1.168798e+06 1.089009e+06 9.497838e+05 8.022262e+05 6.760410e+05 5.763171e+05 4.993475e+05 3.952309e+05 3.343538e+05 2.981835e+05 2.758233e+05 2.612421e+05 2.511791e+05 2.164563e+05 1.983466e+05 1.806851e+05 1.656959e+05
1.171221e+06 1.171221e+06 1.171221e+06 1.171221e+06 1.171221e+06 1.171221e+06 1.171221e+06 1.171218e+06 1.171215e+06 1.171211e+06 1.171196e+06 1.171123e+06 1.170801e+06 1.169822e+06 1.167609e+06 1.163525e+06 1.156987e+06 1.078150e+06 9.404822e+05 7.945260e+05 6.696740e+05 5.709715e+05 4.947619e+05 3.916153e+05 3.312656e+05 2.953975e+05 2.732271e+05 2.587762e+05 2.488066e+05 2.143655e+05 1.968688e+05 1.795228e+05 1.646294e+05
1.158485e+06 1.158485e+06 1.158485e+06 1.158485e+06 1.158485e+06 1.158484e+06 1.158483e+06 1.158478e+06 1.158474e+06 1.158469e+06 1.158453e+06 1.158382e+06 1.158068e+06 1.157108e+06 1.154931e+06 1.150910e+06 1.144466e+06 1.066652e+06 9.306565e+05 7.864031e+05 6.629599e+05 5.653341e+05 4.899261e+05 3.878076e+05 3.280219e+05 2.924792e+05 2.705140e+05 2.562048e+05 2.463390e+05 2.122292e+05 1.953371e+05 1.783448e+05 1.635643e+05
1.145491e+06 1.145491e+06 1.145491e+06 1.145491e+06 1.145491e+06 1.145491e+06 1.145492e+06 1.145492e+06 1.145492e+06 1.145491e+06 1.145485e+06 1.145426e+06 1.145128e+06 1.144192e+06 1.142055e+06 1.138094e+06 1.131740e+06 1.054909e+06 9.205578e+05 7.780090e+05 6.559927e+05 5.594675e+05 4.848853e+05 3.838371e+05 3.246457e+05 2.894482e+05 2.677015e+05 2.535437e+05 2.437900e+05 2.100567e+05 1.937550e+05 1.771498e+05 1.625052e+05
1.132803e+06 1.132803e+06 1.132803e+06 1.132803e+06 1.132803e+06 1.132803e+06 1.132801e+06 1.132796e+06 1.132792e+06 1.132788e+06 1.132772e+06 1.132703e+06 1.132395e+06 1.131456e+06 1.129330e+06 1.125401e+06 1.119107e+06 1.043121e+06 9.103202e+05 7.694327e+05 6.488337e+05 5.534164e+05 4.796748e+05 3.797290e+05 3.211572e+05 2.863223e+05 2.648053e+05 2.508071e+05 2.411724e+05 2.078565e+05 1.921264e+05 1.759367e+05 1.614509e+05
1.119829e+06 1.119829e+06 1.119829e+06 1.119829e+06 1.119829e+06 1.119828e+06 1.119826e+06 1.119816e+06 1.119809e+06 1.119800e+06 1.119775e+06 1.119695e+06 1.119378e+06 1.118436e+06 1.116321e+06 1.112425e+06 1.106193e+06 1.031073e+06 8.998495e+05 7.606472e+05 6.414871e+05 5.471979e+05 4.743154e+05 3.755037e+05 3.175745e+05 2.831174e+05 2.618401e+05 2.480083e+05 2.384981e+05 2.056358e+05 1.904557e+05 1.747049e+05 1.603985e+05
1.106002e+06 1.106002e+06 1.106002e+06 1.106002e+06 1.106002e+06 1.106001e+06 1.106000e+06 1.105995e+06 1.105991e+06 1.105986e+06 1.105970e+06 1.105902e+06 1.105602e+06 1.104687e+06 1.102614e+06 1.098785e+06 1.092650e+06 1.018564e+06 8.890500e+05 7.516188e+05 6.339508e+05 5.408239e+05 4.688247e+05 3.711796e+05 3.139140e+05 2.798483e+05 2.588192e+05 2.451595e+05 2.357781e+05 2.034012e+05 1.887475e+05 1.734541e+05 1.593463e+05
1.091995e+06 1.091995e+06 1.091995e+06 1.091995e+06 1.091995e+06 1.091995e+06 1.091994e+06 1.091992e+06 1.091990e+06 1.091987e+06 1.091976e+06 1.091915e+06 1.091625e+06 1.090729e+06 1.088691e+06 1.084920e+06 1.078874e+06 1.005808e+06 8.780274e+05 7.424045e+05 6.262613e+05 5.343223e+05 4.632257e+05 3.667751e+05 3.101912e+05 2.765285e+05 2.557548e+05 2.422719e+05 2.330228e+05 2.011584e+05 1.870064e+05 1.721841e+05 1.582930e+05
1.078067e+06 1.078067e+06 1.078067e+06 1.078067e+06 1.078067e+06 1.078067e+06 1.078065e+06 1.078059e+06 1.078055e+06 1.078049e+06 1.078031e+06 1.077962e+06 1.077667e+06 1.076774e+06 1.074754e+06 1.071026e+06 1.065055e+06 9.929536e+05 8.668851e+05 7.330719e+05 6.184638e+05 5.277250e+05 4.575433e+05 3.623078e+05 3.064205e+05 2.731704e+05 2.526582e+05 2.393557e+05 2.302416e+05 1.989124e+05 1.852374e+05 1.708952e+05 1.572375e+05
1.063823e+06 1.063823e+06 1.063823e+06 1.063823e+06 1.063823e+06 1.063823e+06 1.063822e+06 1.063819e+06 1.063816e+06 1.063813e+06 1.063799e+06 1.063737e+06 1.063451e+06 1.062575e+06 1.060589e+06 1.056919e+06 1.051035e+06 9.799551e+05 8.556315e+05 7.236454e+05 6.105843e+05 5.210559e+05 4.517985e+05 3.577943e+05 3.026154e+05 2.697858e+05 2.495399e+05 2.364206e+05 2.274432e+05 1.966676e+05 1.834450e+05 1.695878e+05 1.561791e+05
1.049501e+06 1.049501e+06 1.049501e+06 1.049501e+06 1.049501e+06 1.049501e+06 1.049500e+06 1.049497e+06 1.049495e+06 1.049492e+06 1.049480e+06 1.049421e+06 1.049143e+06 1.048285e+06 1.046333e+06 1.042720e+06 1.036927e+06 9.668771e+05 8.443055e+05 7.141534e+05 6.026466e+05 5.143361e+05 4.460103e+05 3.532499e+05 2.987885e+05 2.663855e+05 2.464094e+05 2.334753e+05 2.246357e+05 1.944279e+05 1.816340e+05 1.682625e+05 1.551170e+05
1.035301e+06 1.035301e+06 1.035301e+06 1.035301e+06 1.035301e+06 1.035300e+06 1.035300e+06 1.035297e+06 1.035295e+06 1.035292e+06 1.035282e+06 1.035224e+06 1.034950e+06 1.034104e+06 1.032180e+06 1.028618e+06 1.022905e+06 9.538339e+05 8.329751e+05 7.046390e+05 5.946820e+05 5.075905e+05 4.401993e+05 3.486898e+05 2.949518e+05 2.629794e+05 2.432755e+05 2.305278e+05 2.218264e+05 1.921967e+05 1.798087e+05 1.669202e+05 1.540508e+05
1.021223e+06 1.021223e+06 1.021223e+06 1.021223e+06 1.021223e+06 1.021223e+06 1.021222e+06 1.021217e+06 1.021214e+06 1.021210e+06 1.021196e+06 1.021135e+06 1.020861e+06 1.020022e+06 1.018119e+06 1.014602e+06 1.008964e+06 9.408422e+05 8.216729e+05 6.951380e+05 5.867221e+05 5.008454e+05 4.343871e+05 3.441290e+05 2.911167e+05 2.595768e+05 2.401463e+05 2.275853e+05 2.190220e+05 1.899769e+05 1.779734e+05 1.655619e+05 1.529800e+05
1.007067e+06 1.007067e+06 1.007067e+06 1.007067e+06 1.007067e+06 1.007066e+06 1.007066e+06 1.007063e+06 1.007061e+06 1.007059e+06 1.007048e+06 1.006992e+06 1.006725e+06 1.005903e+06 1.004031e+06 1.000569e+06 9.950156e+05 9.278822e+05 8.104168e+05 6.856796e+05 5.787961e+05 4.941257e+05 4.285942e+05 3.395814e+05 2.872934e+05 2.561860e+05 2.370291e+05 2.246544e+05 2.162285e+05 1.877712e+05 1.761320e+05 1.641888e+05 1.519042e+05
9.930098e+05 9.930098e+05 9.930098e+05 9.930098e+05 9.930098e+05 9.930096e+05 9.930090e+05 9.930066e+05 9.930048e+05 9.930025e+05 9.929935e+05 9.929398e+05 9.926799e+05 9.918725e+05 9.900325e+05 9.866247e+05 9.811572e+05 9.150166e+05 7.992503e+05 6.762974e+05 5.709306e+05 4.874529e+05 4.228380e+05 3.350589e+05 2.834908e+05 2.528146e+05 2.339302e+05 2.217411e+05 2.134515e+05 1.855819e+05 1.742882e+05 1.628023e+05 1.508233e+05
9.791849e+05 9.791849e+05 9.791849e+05 9.791849e+05 9.791849e+05 9.791848e+05 9.791844e+05 9.791827e+05 9.791814e+05 9.791798e+05 9.791722e+05 9.791209e+05 9.788665e+05 9.780726e+05 9.762611e+05 9.729042e+05 9.675173e+05 9.023341e+05 7.882266e+05 6.670234e+05 5.631467e+05 4.808425e+05 4.171306e+05 3.305707e+05 2.797166e+05 2.494689e+05 2.308556e+05 2.188505e+05 2.106958e+05 1.834109e+05 1.724452e+05 1.614039e+05 1.497371e+05
9.656507e+05 9.656507e+05 9.656507e+05 9.656507e+05 9.656507e+05 9.656505e+05 9.656498e+05 9.656470e+05 9.656449e+05 9.656424e+05 9.656326e+05 9.655794e+05 9.653257e+05 9.645399e+05 9.627510e+05 9.594389e+05 9.541257e+05 8.898579e+05 7.773622e+05 6.578684e+05 5.554521e+05 4.743009e+05 4.114787e+05 3.261231e+05 2.759767e+05 2.461544e+05 2.278102e+05 2.159873e+05 2.079657e+05 1.812600e+05 1.706063e+05 1.599950e+05 1.486457e+05
9.522582e+05 9.522582e+05 9.522582e+05 9.522582e+05 9.522582e+05 9.522579e+05 9.522572e+05 9.522544e+05 9.522522e+05 9.522495e+05 9.522395e+05 9.521863e+05 9.519353e+05 9.511598e+05 9.493953e+05 9.461292e+05 9.408905e+05 8.775314e+05 7.666257e+05 6.488164e+05 5.478401e+05 4.678273e+05 4.058844e+05 3.217212e+05 2.722763e+05 2.428760e+05 2.247983e+05 2.131556e+05 2.052650e+05 1.791308e+05 1.687742e+05 1.585773e+05 1.475489e+05
9.389568e+05 9.389568e+05 9.389568e+05 9.389568e+05 9.389568e+05 9.389566e+05 9.389560e+05 9.389535e+05 9.389517e+05 9.389493e+05 9.389402e+05 9.388886e+05 9.386424e+05 9.378792e+05 9.361414e+05 9.329236e+05 9.277617e+05 8.653155e+05 7.559922e+05 6.398551e+05 5.403071e+05 4.614228e+05 4.003516e+05 3.173701e+05 2.686204e+05 2.396379e+05 2.218238e+05 2.103587e+05 2.025968e+05 1.770244e+05 1.669512e+05 1.571525e+05 1.464470e+05
9.257868e+05 9.257868e+05 9.257868e+05 9.257868e+05 9.257868e+05 9.257867e+05 9.257864e+05 9.257852e+05 9.257841e+05 9.257827e+05 9.257760e+05 9.257278e+05 9.254881e+05 9.247391e+05 9.230297e+05 9.198617e+05 9.147772e+05 8.532388e+05 7.454825e+05 6.310005e+05 5.328659e+05 4.550982e+05 3.948891e+05 3.130762e+05 2.650137e+05 2.364440e+05 2.188899e+05 2.075996e+05 1.999638e+05 1.749421e+05 1.651398e+05 1.557221e+05 1.453403e+05
9.128737e+05 9.128737e+05 9.128737e+05 9.128737e+05 9.128737e+05 9.128736e+05 9.128733e+05 9.128720e+05 9.128710e+05 9.128698e+05 9.128635e+05 9.128167e+05 9.125813e+05 9.118442e+05 9.101605e+05 9.070391e+05 9.020285e+05 8.413715e+05 7.351473e+05 6.222878e+05 5.255407e+05 4.488702e+05 3.895088e+05 3.088460e+05 2.614606e+05 2.332976e+05 2.159995e+05 2.048807e+05 1.973684e+05 1.728846e+05 1.633417e+05 1.542877e+05 1.442288e+05
9.002503e+05 9.002503e+05 9.002503e+05 9.002503e+05 9.002503e+05 9.002502e+05 9.002498e+05 9.002481e+05 9.002469e+05 9.002453e+05 9.002382e+05 9.001911e+05 8.999579e+05 8.992300e+05 8.975690e+05 8.944905e+05 8.895497e+05 8.297444e+05 7.250132e+05 6.137381e+05 5.183475e+05 4.427508e+05 3.842199e+05 3.046850e+05 2.579644e+05 2.302012e+05 2.131544e+05 2.022039e+05 1.948122e+05 1.708529e+05 1.615587e+05 1.528512e+05 1.431131e+05
8.878495e+05 8.878495e+05 8.878495e+05 8.878495e+05 8.878495e+05 8.878494e+05 8.878490e+05 8.878474e+05 8.878462e+05 8.878447e+05 8.878380e+05 8.877917e+05 8.875621e+05 8.868449e+05 8.852075e+05 8.821727e+05 8.773017e+05 8.183367e+05 7.150717e+05 6.053506e+05 5.112892e+05 4.367438e+05 3.790259e+05 3.005959e+05 2.545274e+05 2.271565e+05 2.103564e+05 1.995706e+05 1.922966e+05 1.688475e+05 1.597922e+05 1.514139e+05 1.419935e+05
8.756737e+05 8.756737e+05 8.756737e+05 8.756737e+05 8.756737e+05 8.756736e+05 8.756733e+05 8.756720e+05 8.756710e+05 8.756697e+05 8.756635e+05 8.756185e+05 8.753928e+05 8.746864e+05 8.730729e+05 8.700815e+05 8.652797e+05 8.071425e+05 7.053186e+05 5.971225e+05 5.043640e+05 4.308486e+05 3.739270e+05 2.965795e+05 2.511504e+05 2.241644e+05 2.076062e+05 1.969816e+05 1.898225e+05 1.668688e+05 1.580435e+05 1.499775e+05 1.408704e+05
8.637422e+05 8.637422e+05 8.637422e+05 8.637422e+05 8.637422e+05 8.637421e+05 8.637419e+05 8.637410e+05 8.637403e+05 8.637393e+05 8.637339e+05 8.636905e+05 8.634689e+05 8.627734e+05 8.611834e+05 8.582348e+05 8.535008e+05 7.961744e+05 6.957598e+05 5.890546e+05 4.975705e+05 4.250630e+05 3.689214e+05 2.926352e+05 2.478337e+05 2.212255e+05 2.049045e+05 1.944376e+05 1.873905e+05 1.649173e+05 1.563136e+05 1.485434e+05 1.397445e+05
8.520838e+05 8.520838e+05 8.520838e+05 8.520838e+05 8.520838e+05 8.520838e+05 8.520835e+05 8.520826e+05 8.520819e+05 8.520809e+05 8.520757e+05 8.520328e+05 8.518143e+05 8.511284e+05 8.495602e+05 8.466520e+05 8.419828e+05 7.854401e+05 6.863953e+05 5.811435e+05 4.909044e+05 4.193835e+05 3.640063e+05 2.887620e+05 2.445769e+05 2.183397e+05 2.022513e+05 1.919388e+05 1.850009e+05 1.629932e+05 1.546034e+05 1.471130e+05 1.386161e+05
8.406854e+05 8.406854e+05 8.406854e+05 8.406854e+05 8.406854e+05 8.406853e+05 8.406849e+05 8.406833e+05 8.406821e+05 8.406805e+05 8.406739e+05 8.406298e+05 8.404123e+05 8.397335e+05 8.381845e+05 8.353134e+05 8.307053e+05 7.749186e+05 6.772081e+05 5.733773e+05 4.843582e+05 4.138056e+05 3.591793e+05 2.849589e+05 2.413797e+05 2.155070e+05 1.996467e+05 1.894852e+05 1.826538e+05 1.610966e+05 1.529135e+05 1.456877e+05 1.374860e+05
8.294475e+05 8.294475e+05 8.294475e+05 8.294475e+05 8.294475e+05 8.294474e+05 8.294470e+05 8.294453e+05 8.294441e+05 8.294426e+05 8.294360e+05 8.293926e+05 8.291782e+05 8.285087e+05 8.269806e+05 8.241485e+05 8.196026e+05 7.645682e+05 6.681750e+05 5.657446e+05 4.779266e+05 4.083267e+05 3.544391e+05 2.812255e+05 2.382419e+05 2.127270e+05 1.970904e+05 1.870766e+05 1.803490e+05 1.592276e+05 1.512446e+05 1.442687e+05 1.363547e+05
8.183709e+05 8.183709e+05 8.183709e+05 8.183709e+05 8.183709e+05 8.183708e+05 8.183706e+05 8.183699e+05 8.183693e+05 8.183685e+05 8.183637e+05 8.183230e+05 8.181138e+05 8.174558e+05 8.159507e+05 8.131590e+05 8.086765e+05 7.543908e+05 6.592987e+05 5.582478e+05 4.716115e+05 4.029482e+05 3.497865e+05 2.775621e+05 2.351633e+05 2.099995e+05 1.945820e+05 1.847126e+05 1.780862e+05 1.573861e+05 1.495970e+05 1.428571e+05 1.352228e+05
8.075481e+05 8.075481e+05 8.075481e+05 8.075481e+05 8.075481e+05 8.075480e+05 8.075478e+05 8.075470e+05 8.075464e+05 8.075456e+05 8.075407e+05 8.075004e+05 8.072938e+05 8.066444e+05 8.051594e+05 8.024049e+05 7.979823e+05 7.444217e+05 6.505994e+05 5.508977e+05 4.654186e+05 3.976732e+05 3.452232e+05 2.739690e+05 2.321437e+05 2.073240e+05 1.921211e+05 1.823927e+05 1.758648e+05 1.555721e+05 1.479711e+05 1.414540e+05 1.340911e+05
7.969593e+05 7.969593e+05 7.969593e+05 7.969593e+05 7.969593e+05 7.969592e+05 7.969589e+05 7.969579e+05 7.969571e+05 7.969561e+05 7.969509e+05 7.969106e+05 7.967061e+05 7.960647e+05 7.945986e+05 7.918800e+05 7.875152e+05 7.346609e+05 6.420786e+05 5.436962e+05 4.593494e+05 3.925027e+05 3.407498e+05 2.704460e+05 2.291825e+05 2.046999e+05 1.897068e+05 1.801163e+05 1.736844e+05 1.537854e+05 1.463671e+05 1.400604e+05 1.329600e+05
7.865652e+05 7.865652e+05 7.865652e+05 7.865652e+05 7.865652e+05 7.865652e+05 7.865649e+05 7.865639e+05 7.865632e+05 7.865622e+05 7.865572e+05 7.865177e+05 7.863162e+05 7.856835e+05 7.842371e+05 7.815545e+05 7.772475e+05 7.250893e+05 6.337256e+05 5.366380e+05 4.534016e+05 3.874356e+05 3.363656e+05 2.669924e+05 2.262790e+05 2.021261e+05 1.873383e+05 1.778824e+05 1.715442e+05 1.520258e+05 1.447851e+05 1.386771e+05 1.318304e+05
7.763719e+05 7.763719e+05 7.763719e+05 7.763719e+05 7.763719e+05 7.763718e+05 7.763716e+05 7.763709e+05 7.763703e+05 7.763696e+05 7.763651e+05 7.763266e+05 7.761284e+05 7.755046e+05 7.740778e+05 7.714309e+05 7.671807e+05 7.157068e+05 6.255390e+05 5.297214e+05 4.475735e+05 3.824704e+05 3.320690e+05 2.636070e+05 2.234319e+05 1.996018e+05 1.850147e+05 1.756902e+05 1.694432e+05 1.502931e+05 1.432252e+05 1.373050e+05 1.307029e+05
7.663977e+05 7.663977e+05 7.663977e+05 7.663977e+05 7.663977e+05 7.663976e+05 7.663974e+05 7.663967e+05 7.663961e+05 7.663954e+05 7.663910e+05 7.663529e+05 7.661573e+05 7.655416e+05 7.641333e+05 7.615209e+05 7.573260e+05 7.065204e+05 6.175222e+05 5.229469e+05 4.418641e+05 3.776055e+05 3.278586e+05 2.602883e+05 2.206401e+05 1.971257e+05 1.827349e+05 1.735388e+05 1.673808e+05 1.485869e+05 1.416873e+05 1.359448e+05 1.295780e+05
7.566319e+05 7.566319e+05 7.566319e+05 7.566319e+05 7.566319e+05 7.566318e+05 7.566316e+05 7.566309e+05 7.566304e+05 7.566297e+05 7.566253e+05 7.565878e+05 7.563947e+05 7.557871e+05 7.543970e+05 7.518182e+05 7.476774e+05 6.975256e+05 6.096714e+05 5.163115e+05 4.362707e+05 3.728384e+05 3.237321e+05 2.570345e+05 2.179019e+05 1.946965e+05 1.804977e+05 1.714271e+05 1.653559e+05 1.469070e+05 1.401713e+05 1.345971e+05 1.284565e+05
7.470662e+05 7.470662e+05 7.470662e+05 7.470662e+05 7.470662e+05 7.470661e+05 7.470660e+05 7.470652e+05 7.470647e+05 7.470640e+05 7.470598e+05 7.470228e+05 7.468323e+05 7.462325e+05 7.448603e+05 7.423145e+05 7.382266e+05 6.887143e+05 6.019801e+05 5.098101e+05 4.307896e+05 3.681663e+05 3.196869e+05 2.538437e+05 2.152159e+05 1.923129e+05 1.783020e+05 1.693541e+05 1.633677e+05 1.452531e+05 1.386773e+05 1.332626e+05 1.273389e+05
7.376977e+05 7.376977e+05 7.376977e+05 7.376977e+05 7.376977e+05 7.376977e+05 7.376976e+05 7.376970e+05 7.376965e+05 7.376960e+05 7.376920e+05 7.376559e+05 7.374680e+05 7.368762e+05 7.355215e+05 7.330081e+05 7.289720e+05 6.800850e+05 5.944461e+05 5.034403e+05 4.254180e+05 3.635864e+05 3.157207e+05 2.507140e+05 2.125804e+05 1.899736e+05 1.761466e+05 1.673188e+05 1.614152e+05 1.436247e+05 1.372049e+05 1.319416e+05 1.262259e+05
7.285320e+05 7.285320e+05 7.285320e+05 7.285320e+05 7.285320e+05 7.285320e+05 7.285318e+05 7.285312e+05 7.285308e+05 7.285302e+05 7.285262e+05 7.284903e+05 7.283046e+05 7.277199e+05 7.263819e+05 7.238997e+05 7.199137e+05 6.716363e+05 5.870670e+05 4.971987e+05 4.201526e+05 3.590956e+05 3.118308e+05 2.476433e+05 2.099939e+05 1.876773e+05 1.740304e+05 1.653201e+05 1.594975e+05 1.420215e+05 1.357540e+05 1.306346e+05 1.251180e+05
7.195491e+05 7.195491e+05 7.195491e+05 7.195491e+05 7.195491e+05 7.195490e+05 7.195488e+05 7.195481e+05 7.195475e+05 7.195467e+05 7.195424e+05 7.195066e+05 7.193227e+05 7.187448e+05 7.174229e+05 7.149708e+05 7.110338e+05 6.633531e+05 5.798315e+05 4.910776e+05 4.149881e+05 3.546902e+05 3.080142e+05 2.446296e+05 2.074550e+05 1.854227e+05 1.719523e+05 1.633570e+05 1.576137e+05 1.404432e+05 1.343243e+05 1.293419e+05 1.240158e+05
7.107192e+05 7.107192e+05 7.107192e+05 7.107192e+05 7.107192e+05 7.107191e+05 7.107189e+05 7.107182e+05 7.107176e+05 7.107168e+05 7.107126e+05 7.106772e+05 7.104957e+05 7.099249e+05 7.086195e+05 7.061979e+05 7.023095e+05 6.552179e+05 5.727275e+05 4.850693e+05 4.099193e+05 3.503666e+05 3.042683e+05 2.416712e+05 2.049620e+05 1.832086e+05 1.699113e+05 1.614288e+05 1.557631e+05 1.388894e+05 1.329157e+05 1.280639e+05 1.229197e+05
7.020415e+05 7.020415e+05 7.020415e+05 7.020415e+05 7.020415e+05 7.020414e+05 7.020413e+05 7.020409e+05 7.020406e+05 7.020402e+05 7.020367e+05 7.020027e+05 7.018244e+05 7.012617e+05 6.999733e+05 6.975824e+05 6.937427e+05 6.472320e+05 5.657549e+05 4.791726e+05 4.049445e+05 3.461227e+05 3.005911e+05 2.387665e+05 2.025139e+05 1.810340e+05 1.679064e+05 1.595345e+05 1.539448e+05 1.373596e+05 1.315279e+05 1.268009e+05 1.218304e+05
6.935532e+05 6.935532e+05 6.935532e+05 6.935532e+05 6.935532e+05 6.935531e+05 6.935530e+05 6.935526e+05 6.935523e+05 6.935518e+05 6.935484e+05 6.935148e+05 6.933387e+05 6.927828e+05 6.915101e+05 6.891483e+05 6.853552e+05 6.394090e+05 5.589209e+05 4.733898e+05 4.000636e+05 3.419575e+05 2.969811e+05 2.359139e+05 2.001093e+05 1.788979e+05 1.659369e+05 1.576733e+05 1.521581e+05 1.358537e+05 1.301605e+05 1.255529e+05 1.207483e+05
6.852475e+05 6.852475e+05 6.852475e+05 6.852475e+05 6.852475e+05 6.852474e+05 6.852473e+05 6.852466e+05 6.852462e+05 6.852455e+05 6.852417e+05 6.852080e+05 6.850334e+05 6.844836e+05 6.832255e+05 6.808914e+05 6.771432e+05 6.317459e+05 5.522223e+05 4.677179e+05 3.952738e+05 3.378686e+05 2.934365e+05 2.331124e+05 1.977474e+05 1.767994e+05 1.640018e+05 1.558446e+05 1.504024e+05 1.343711e+05 1.288134e+05 1.243201e+05 1.196737e+05
6.770907e+05 6.770907e+05 6.770907e+05 6.770907e+05 6.770907e+05 6.770907e+05 6.770905e+05 6.770899e+05 6.770894e+05 6.770888e+05 6.770849e+05 6.770515e+05 6.768788e+05 6.763354e+05 6.750920e+05 6.727853e+05 6.690814e+05 6.242227e+05 5.456453e+05 4.621485e+05 3.905704e+05 3.338532e+05 2.899554e+05 2.303607e+05 1.954273e+05 1.747379e+05 1.621007e+05 1.540478e+05 1.486771e+05 1.329115e+05 1.274861e+05 1.231028e+05 1.186072e+05
6.690677e+05 6.690677e+05 6.690677e+05 6.690677e+05 6.690677e+05 6.690676e+05 6.690675e+05 6.690670e+05 6.690666e+05 6.690661e+05 6.690626e+05 6.690299e+05 6.688597e+05 6.683230e+05 6.670947e+05 6.648156e+05 6.611557e+05 6.168283e+05 5.391822e+05 4.566770e+05 3.859505e+05 3.299097e+05 2.865369e+05 2.276584e+05 1.931485e+05 1.727129e+05 1.602329e+05 1.522823e+05 1.469817e+05 1.314746e+05 1.261785e+05 1.219008e+05 1.175490e+05
6.611917e+05 6.611917e+05 6.611917e+05 6.611917e+05 6.611917e+05 6.611917e+05 6.611916e+05 6.611912e+05 6.611909e+05 6.611904e+05 6.611872e+05 6.611551e+05 6.609872e+05 6.604572e+05 6.592436e+05 6.569916e+05 6.533749e+05 6.095692e+05 5.328378e+05 4.513063e+05 3.814160e+05 3.260390e+05 2.831812e+05 2.250053e+05 1.909108e+05 1.707238e+05 1.583981e+05 1.505476e+05 1.453156e+05 1.300600e+05 1.248902e+05 1.207143e+05 1.164996e+05
6.534729e+05 6.534729e+05 6.534729e+05 6.534729e+05 6.534729e+05 6.534729e+05 6.534728e+05 6.534724e+05 6.534720e+05 6.534716e+05 6.534684e+05 6.534367e+05 6.532708e+05 6.527470e+05 6.515477e+05 6.493220e+05 6.457477e+05 6.024540e+05 5.266195e+05 4.460417e+05 3.769701e+05 3.222431e+05 2.798896e+05 2.224015e+05 1.887137e+05 1.687705e+05 1.565957e+05 1.488433e+05 1.436784e+05 1.286673e+05 1.236209e+05 1.195432e+05 1.154593e+05
