1.899474e+08 1.198282e+08 9.636789e+07 5.665118e+07 4.711580e+07 3.805917e+07 3.699633e+07 3.585945e+07 3.550940e+07 3.528196e+07 3.512076e+07 3.524848e+07 3.557759e+07 3.605195e+07 3.663551e+07 3.730438e+07 3.804172e+07 4.238049e+07 4.718554e+07 5.203770e+07 5.688029e+07 6.180797e+07 6.692693e+07 7.789830e+07 8.952274e+07 1.009739e+08 1.114701e+08 1.205477e+08 1.280373e+08 1.383128e+08 1.052722e+08 7.546114e+07 5.524651e+07
3.675129e+07 3.675137e+07 3.675159e+07 3.675569e+07 3.675850e+07 3.645551e+07 3.616522e+07 3.527171e+07 3.509338e+07 3.498699e+07 3.498478e+07 3.521189e+07 3.560810e+07 3.613001e+07 3.674826e+07 3.744266e+07 3.819857e+07 4.256419e+07 4.734414e+07 5.216374e+07 5.698082e+07 6.189133e+07 6.699942e+07 7.796014e+07 8.958060e+07 1.010289e+08 1.115205e+08 1.205908e+08 1.280709e+08 1.382535e+08 1.052033e+08 7.540847e+07 5.520895e+07
3.535563e+07 3.535565e+07 3.535572e+07 3.535717e+07 3.536001e+07 3.525196e+07 3.507096e+07 3.489424e+07 3.463197e+07 3.458134e+07 3.479249e+07 3.516181e+07 3.564700e+07 3.622723e+07 3.688525e+07 3.760723e+07 3.838204e+07 4.276701e+07 4.751340e+07 5.229535e+07 5.708436e+07 6.197649e+07 6.707316e+07 7.802287e+07 8.963927e+07 1.010846e+08 1.115714e+08 1.206343e+08 1.281046e+08 1.381934e+08 1.051340e+08 7.535558e+07 5.517128e+07
3.446921e+07 3.446922e+07 3.446926e+07 3.447018e+07 3.447252e+07 3.448130e+07 3.432997e+07 3.462963e+07 3.470200e+07 3.465349e+07 3.471424e+07 3.513852e+07 3.570630e+07 3.634790e+07 3.704835e+07 3.779908e+07 3.859271e+07 4.298870e+07 4.769280e+07 5.243205e+07 5.719054e+07 6.206319e+07 6.714796e+07 7.808642e+07 8.969873e+07 1.011410e+08 1.116228e+08 1.206781e+08 1.281385e+08 1.381326e+08 1.050642e+08 7.530246e+07 5.513349e+07
3.414526e+07 3.414527e+07 3.414530e+07 3.414599e+07 3.414788e+07 3.417854e+07 3.415982e+07 3.428832e+07 3.458839e+07 3.482105e+07 3.504185e+07 3.532383e+07 3.584394e+07 3.651306e+07 3.724576e+07 3.802145e+07 3.883176e+07 4.322855e+07 4.788153e+07 5.257321e+07 5.729894e+07 6.215114e+07 6.722363e+07 7.815069e+07 8.975893e+07 1.011981e+08 1.116749e+08 1.207223e+08 1.281724e+08 1.380709e+08 1.049939e+08 7.524911e+07 5.509558e+07
3.422125e+07 3.422126e+07 3.422128e+07 3.422183e+07 3.422340e+07 3.425631e+07 3.429455e+07 3.434547e+07 3.457454e+07 3.489746e+07 3.543427e+07 3.579211e+07 3.620849e+07 3.678519e+07 3.750363e+07 3.828600e+07 3.910438e+07 4.348565e+07 4.807856e+07 5.271807e+07 5.740905e+07 6.224003e+07 6.729998e+07 7.821559e+07 8.981983e+07 1.012559e+08 1.117274e+08 1.207667e+08 1.282064e+08 1.380085e+08 1.049232e+08 7.519554e+07 5.505757e+07
3.456272e+07 3.456273e+07 3.456274e+07 3.456319e+07 3.456447e+07 3.459488e+07 3.465077e+07 3.471626e+07 3.484571e+07 3.510387e+07 3.576800e+07 3.631170e+07 3.676346e+07 3.726714e+07 3.788468e+07 3.862073e+07 3.942428e+07 4.375941e+07 4.828273e+07 5.286580e+07 5.752033e+07 6.232951e+07 6.737677e+07 7.828102e+07 8.988138e+07 1.013143e+08 1.117804e+08 1.208115e+08 1.282404e+08 1.379453e+08 1.048520e+08 7.514174e+07 5.501943e+07
3.507759e+07 3.507759e+07 3.507760e+07 3.507797e+07 3.507904e+07 3.510624e+07 3.516539e+07 3.526375e+07 3.534294e+07 3.551695e+07 3.612623e+07 3.679750e+07 3.736120e+07 3.787905e+07 3.844013e+07 3.908444e+07 3.981974e+07 4.405016e+07 4.849286e+07 5.301548e+07 5.763220e+07 6.241920e+07 6.745377e+07 7.834689e+07 8.994354e+07 1.013733e+08 1.118340e+08 1.208565e+08 1.282745e+08 1.378812e+08 1.047803e+08 7.508772e+07 5.498119e+07
3.570788e+07 3.570789e+07 3.570790e+07 3.570821e+07 3.570913e+07 3.573334e+07 3.579081e+07 3.591382e+07 3.597923e+07 3.609812e+07 3.658698e+07 3.727584e+07 3.794134e+07 3.852766e+07 3.908957e+07 3.968455e+07 4.034029e+07 4.435993e+07 4.870792e+07 5.316619e+07 5.774403e+07 6.250872e+07 6.753072e+07 7.841309e+07 9.000624e+07 1.014329e+08 1.118879e+08 1.209018e+08 1.283086e+08 1.378163e+08 1.047082e+08 7.503347e+07 5.494283e+07
3.641736e+07 3.641737e+07 3.641737e+07 3.641765e+07 3.641845e+07 3.644019e+07 3.649459e+07 3.663136e+07 3.669881e+07 3.679152e+07 3.716833e+07 3.779819e+07 3.850762e+07 3.916870e+07 3.977056e+07 4.035584e+07 4.096427e+07 4.469321e+07 4.892726e+07 5.331707e+07 5.785524e+07 6.259768e+07 6.760739e+07 7.847950e+07 9.006945e+07 1.014930e+08 1.119424e+08 1.209473e+08 1.283427e+08 1.377506e+08 1.046356e+08 7.497900e+07 5.490435e+07
3.718413e+07 3.718413e+07 3.718414e+07 3.718437e+07 3.718508e+07 3.720477e+07 3.725590e+07 3.739874e+07 3.747243e+07 3.755677e+07 3.785409e+07 3.839545e+07 3.908989e+07 3.979691e+07 4.044933e+07 4.105331e+07 4.164260e+07 4.505801e+07 4.915075e+07 5.346738e+07 5.796526e+07 6.268571e+07 6.768351e+07 7.854602e+07 9.013310e+07 1.015537e+08 1.119972e+08 1.209930e+08 1.283767e+08 1.376840e+08 1.045626e+08 7.492430e+07 5.486576e+07
4.662531e+07 4.662532e+07 4.662532e+07 4.662544e+07 4.662582e+07 4.663710e+07 4.667021e+07 4.679062e+07 4.687149e+07 4.695941e+07 4.713304e+07 4.727700e+07 4.739057e+07 4.750178e+07 4.764305e+07 4.783323e+07 4.807450e+07 4.972573e+07 5.194550e+07 5.504433e+07 5.897189e+07 6.347201e+07 6.837937e+07 7.919745e+07 9.078333e+07 1.021820e+08 1.125622e+08 1.214556e+08 1.287099e+08 1.369703e+08 1.038060e+08 7.436487e+07 5.447360e+07
5.176017e+07 5.176017e+07 5.176017e+07 5.176017e+07 5.176017e+07 5.175960e+07 5.175660e+07 5.173774e+07 5.171804e+07 5.168896e+07 5.159921e+07 5.146795e+07 5.130105e+07 5.110917e+07 5.090924e+07 5.072415e+07 5.057925e+07 5.103466e+07 5.338419e+07 5.661660e+07 6.030120e+07 6.445265e+07 6.911898e+07 7.984123e+07 9.145103e+07 1.028354e+08 1.131406e+08 1.219102e+08 1.290113e+08 1.361639e+08 1.030013e+08 7.378280e+07 5.407012e+07
4.910880e+07 4.910880e+07 4.910880e+07 4.910882e+07 4.910887e+07 4.911061e+07 4.911569e+07 4.913412e+07 4.914686e+07 4.916156e+07 4.919562e+07 4.923349e+07 4.927216e+07 4.931005e+07 4.934914e+07 4.939592e+07 4.946086e+07 5.047759e+07 5.310712e+07 5.688929e+07 6.115594e+07 6.565052e+07 7.039590e+07 8.083935e+07 9.225007e+07 1.035436e+08 1.137277e+08 1.223369e+08 1.292553e+08 1.352572e+08 1.021476e+08 7.317810e+07 5.365543e+07
4.931620e+07 4.931620e+07 4.931620e+07 4.931621e+07 4.931623e+07 4.931711e+07 4.932001e+07 4.933012e+07 4.933650e+07 4.934350e+07 4.935898e+07 4.937576e+07 4.939346e+07 4.941348e+07 4.944022e+07 4.948136e+07 4.954673e+07 5.056374e+07 5.309189e+07 5.690048e+07 6.148129e+07 6.644330e+07 7.160324e+07 8.238403e+07 9.355805e+07 1.044636e+08 1.143754e+08 1.227426e+08 1.294289e+08 1.342432e+08 1.012442e+08 7.255089e+07 5.322968e+07
4.994888e+07 4.994888e+07 4.994888e+07 4.994888e+07 4.994888e+07 4.994880e+07 4.994830e+07 4.994552e+07 4.994347e+07 4.994116e+07 4.993596e+07 4.993015e+07 4.992442e+07 4.992132e+07 4.992655e+07 4.994895e+07 4.999932e+07 5.099779e+07 5.352223e+07 5.730798e+07 6.195175e+07 6.713544e+07 7.263083e+07 8.400556e+07 9.529700e+07 1.058743e+08 1.152473e+08 1.231849e+08 1.295462e+08 1.331158e+08 1.002906e+08 7.190138e+07 5.279305e+07
4.995725e+07 4.995725e+07 4.995725e+07 4.995726e+07 4.995729e+07 4.995823e+07 4.996099e+07 4.997071e+07 4.997728e+07 4.998482e+07 5.000239e+07 5.002279e+07 5.004617e+07 5.007468e+07 5.011380e+07 5.017239e+07 5.026137e+07 5.149002e+07 5.425231e+07 5.818628e+07 6.289451e+07 6.814676e+07 7.378030e+07 8.557218e+07 9.710121e+07 1.075332e+08 1.164673e+08 1.238157e+08 1.296670e+08 1.318706e+08 9.928681e+07 7.122985e+07 5.234576e+07
5.064442e+07 5.064442e+07 5.064442e+07 5.064443e+07 5.064445e+07 5.064531e+07 5.064790e+07 5.065790e+07 5.066519e+07 5.067392e+07 5.069546e+07 5.072213e+07 5.075432e+07 5.079446e+07 5.084842e+07 5.092547e+07 5.103696e+07 5.244340e+07 5.544902e+07 5.958400e+07 6.439224e+07 6.966920e+07 7.531053e+07 8.719146e+07 9.881721e+07 1.091514e+08 1.177525e+08 1.246161e+08 1.299154e+08 1.305052e+08 9.823314e+07 7.053672e+07 5.188804e+07
5.217134e+07 5.217134e+07 5.217134e+07 5.217135e+07 5.217138e+07 5.217218e+07 5.217470e+07 5.218466e+07 5.219207e+07 5.220111e+07 5.222404e+07 5.225342e+07 5.228973e+07 5.233551e+07 5.239670e+07 5.248278e+07 5.260539e+07 5.410594e+07 5.726015e+07 6.154447e+07 6.644530e+07 7.173442e+07 7.731941e+07 8.900112e+07 1.004377e+08 1.105673e+08 1.188706e+08 1.253356e+08 1.301804e+08 1.290203e+08 9.713032e+07 6.982247e+07 5.142018e+07
5.456146e+07 5.456146e+07 5.456146e+07 5.456146e+07 5.456148e+07 5.456211e+07 5.456405e+07 5.457210e+07 5.457836e+07 5.458617e+07 5.460643e+07 5.463294e+07 5.466633e+07 5.470933e+07 5.476812e+07 5.485241e+07 5.497407e+07 5.648767e+07 5.969178e+07 6.405355e+07 6.901806e+07 7.430536e+07 7.979498e+07 9.105917e+07 1.020002e+08 1.117184e+08 1.196742e+08 1.257921e+08 1.302683e+08 1.274195e+08 9.597954e+07 6.908773e+07 5.094248e+07
5.753275e+07 5.753275e+07 5.753275e+07 5.753276e+07 5.753278e+07 5.753364e+07 5.753628e+07 5.754665e+07 5.755430e+07 5.756356e+07 5.758674e+07 5.761597e+07 5.765169e+07 5.769648e+07 5.775638e+07 5.784100e+07 5.796216e+07 5.946455e+07 6.266885e+07 6.706499e+07 7.206502e+07 7.732300e+07 8.267120e+07 9.333372e+07 1.035131e+08 1.125907e+08 1.200906e+08 1.258671e+08 1.300433e+08 1.257105e+08 9.478249e+07 6.833320e+07 5.045530e+07
6.108600e+07 6.108600e+07 6.108600e+07 6.108600e+07 6.108603e+07 6.108669e+07 6.108875e+07 6.109679e+07 6.110275e+07 6.110999e+07 6.112827e+07 6.115173e+07 6.118112e+07 6.121923e+07 6.127225e+07 6.134985e+07 6.146387e+07 6.293200e+07 6.612468e+07 7.054041e+07 7.554369e+07 8.071793e+07 8.585134e+07 9.572652e+07 1.049320e+08 1.131750e+08 1.200965e+08 1.255020e+08 1.294198e+08 1.239048e+08 9.354139e+07 6.755972e+07 4.995900e+07
6.491410e+07 6.491410e+07 6.491410e+07 6.491411e+07 6.491413e+07 6.491484e+07 6.491703e+07 6.492555e+07 6.493183e+07 6.493944e+07 6.495863e+07 6.498312e+07 6.501363e+07 6.505295e+07 6.510728e+07 6.518636e+07 6.530207e+07 6.678565e+07 7.001022e+07 7.444833e+07 7.940194e+07 8.439886e+07 8.920862e+07 9.809643e+07 1.061692e+08 1.134456e+08 1.196916e+08 1.246846e+08 1.283610e+08 1.220184e+08 9.225898e+07 6.676822e+07 4.945399e+07
6.906702e+07 6.906702e+07 6.906702e+07 6.906703e+07 6.906705e+07 6.906787e+07 6.907038e+07 6.908037e+07 6.908783e+07 6.909690e+07 6.911985e+07 6.914915e+07 6.918542e+07 6.923136e+07 6.929317e+07 6.938061e+07 6.950565e+07 7.105123e+07 7.433787e+07 7.876297e+07 8.356042e+07 8.823682e+07 9.258135e+07 1.002780e+08 1.071146e+08 1.133618e+08 1.188814e+08 1.234312e+08 1.268692e+08 1.200731e+08 9.093856e+07 6.595975e+07 4.894072e+07
7.379211e+07 7.379211e+07 7.379211e+07 7.379212e+07 7.379215e+07 7.379299e+07 7.379560e+07 7.380591e+07 7.381359e+07 7.382294e+07 7.384661e+07 7.387697e+07 7.391474e+07 7.396281e+07 7.402759e+07 7.411914e+07 7.424967e+07 7.583997e+07 7.913511e+07 8.341877e+07 8.787796e+07 9.204607e+07 9.576863e+07 1.020974e+08 1.076563e+08 1.128787e+08 1.176728e+08 1.217725e+08 1.249738e+08 1.181011e+08 8.958397e+07 6.513549e+07 4.841965e+07
7.911244e+07 7.911244e+07 7.911244e+07 7.911245e+07 7.911248e+07 7.911338e+07 7.911617e+07 7.912712e+07 7.913527e+07 7.914518e+07 7.917027e+07 7.920246e+07 7.924245e+07 7.929313e+07 7.936090e+07 7.945565e+07 7.958932e+07 8.116833e+07 8.431334e+07 8.822430e+07 9.210691e+07 9.556954e+07 9.853362e+07 1.033890e+08 1.076988e+08 1.119605e+08 1.160761e+08 1.197467e+08 1.227200e+08 1.161087e+08 8.819954e+07 6.429668e+07 4.789128e+07
8.507895e+07 8.507895e+07 8.507895e+07 8.507896e+07 8.507899e+07 8.507996e+07 8.508297e+07 8.509485e+07 8.510367e+07 8.511439e+07 8.514133e+07 8.517531e+07 8.521646e+07 8.526681e+07 8.533159e+07 8.541928e+07 8.554024e+07 8.692500e+07 8.960901e+07 9.283191e+07 9.589519e+07 9.849895e+07 1.006288e+08 1.040153e+08 1.071778e+08 1.105905e+08 1.141094e+08 1.173956e+08 1.201598e+08 1.140759e+08 8.679014e+07 6.344472e+07 4.735615e+07
9.171884e+07 9.171884e+07 9.171884e+07 9.171883e+07 9.171882e+07 9.171854e+07 9.171823e+07 9.171855e+07 9.171920e+07 9.172010e+07 9.172241e+07 9.172494e+07 9.172770e+07 9.173243e+07 9.174365e+07 9.176865e+07 9.181636e+07 9.264375e+07 9.448972e+07 9.674550e+07 9.883686e+07 1.005306e+08 1.018419e+08 1.038892e+08 1.060689e+08 1.087766e+08 1.118019e+08 1.147644e+08 1.173476e+08 1.119927e+08 8.536108e+07 6.258106e+07 4.681481e+07
9.729920e+07 9.729920e+07 9.729919e+07 9.729918e+07 9.729915e+07 9.729798e+07 9.729430e+07 9.727944e+07 9.726825e+07 9.725459e+07 9.722015e+07 9.717685e+07 9.712589e+07 9.706966e+07 9.701249e+07 9.696063e+07 9.692149e+07 9.712863e+07 9.809154e+07 9.938190e+07 1.005573e+08 1.014362e+08 1.020443e+08 1.029899e+08 1.043922e+08 1.065528e+08 1.091947e+08 1.119010e+08 1.143372e+08 1.098543e+08 8.391817e+07 6.170727e+07 4.626785e+07
9.976121e+07 9.976121e+07 9.976121e+07 9.976120e+07 9.976116e+07 9.976010e+07 9.975674e+07 9.974331e+07 9.973326e+07 9.972101e+07 9.968988e+07 9.964996e+07 9.960163e+07 9.954613e+07 9.948618e+07 9.942597e+07 9.937064e+07 9.932267e+07 9.974442e+07 1.003607e+08 1.008659e+08 1.011411e+08 1.012288e+08 1.013674e+08 1.022077e+08 1.039750e+08 1.063390e+08 1.088556e+08 1.111802e+08 1.076600e+08 8.246774e+07 6.082500e+07 4.571586e+07
9.966984e+07 9.966984e+07 9.966984e+07 9.966983e+07 9.966981e+07 9.966913e+07 9.966698e+07 9.965809e+07 9.965126e+07 9.964280e+07 9.962100e+07 9.959271e+07 9.955813e+07 9.951803e+07 9.947410e+07 9.942905e+07 9.938624e+07 9.930618e+07 9.949493e+07 9.974832e+07 9.985664e+07 9.975686e+07 9.951351e+07 9.913114e+07 9.960556e+07 1.011143e+08 1.032923e+08 1.056786e+08 1.079248e+08 1.054123e+08 8.101689e+07 5.993595e+07 4.515949e+07
9.799209e+07 9.799209e+07 9.799209e+07 9.799208e+07 9.799207e+07 9.799154e+07 9.798990e+07 9.798338e+07 9.797857e+07 9.797272e+07 9.795789e+07 9.793880e+07 9.791548e+07 9.788838e+07 9.785863e+07 9.782809e+07 9.779905e+07 9.774219e+07 9.784199e+07 9.792279e+07 9.782669e+07 9.752550e+07 9.710006e+07 9.642572e+07 9.669111e+07 9.804860e+07 1.001142e+08 1.024188e+08 1.046151e+08 1.031167e+08 7.957458e+07 5.904193e+07 4.459937e+07
9.542148e+07 9.542148e+07 9.542148e+07 9.542147e+07 9.542146e+07 9.542115e+07 9.542014e+07 9.541602e+07 9.541286e+07 9.540893e+07 9.539879e+07 9.538558e+07 9.536938e+07 9.535055e+07 9.532994e+07 9.530891e+07 9.528910e+07 9.525395e+07 9.531484e+07 9.531329e+07 9.511934e+07 9.472262e+07 9.421192e+07 9.340272e+07 9.357072e+07 9.485452e+07 9.686179e+07 9.912147e+07 1.012902e+08 1.007811e+08 7.814679e+07 5.814478e+07 4.403617e+07
9.238127e+07 9.238127e+07 9.238127e+07 9.238127e+07 9.238126e+07 9.238101e+07 9.238023e+07 9.237706e+07 9.237469e+07 9.237180e+07 9.236446e+07 9.235501e+07 9.234349e+07 9.233015e+07 9.231562e+07 9.230091e+07 9.228727e+07 9.226747e+07 9.230768e+07 9.226406e+07 9.202486e+07 9.158905e+07 9.104794e+07 9.019874e+07 9.034037e+07 9.160127e+07 9.358645e+07 9.582660e+07 9.798350e+07 9.841522e+07 7.672933e+07 5.724640e+07 4.347059e+07
8.912344e+07 8.912344e+07 8.912344e+07 8.912344e+07 8.912344e+07 8.912329e+07 8.912282e+07 8.912081e+07 8.911928e+07 8.911738e+07 8.911248e+07 8.910608e+07 8.909822e+07 8.908909e+07 8.907917e+07 8.906924e+07 8.906022e+07 8.905255e+07 8.908067e+07 8.901361e+07 8.875376e+07 8.830621e+07 8.776244e+07 8.692402e+07 8.707945e+07 8.834702e+07 9.033176e+07 9.256803e+07 9.472314e+07 9.602983e+07 7.532006e+07 5.634876e+07 4.290331e+07
8.582652e+07 8.582652e+07 8.582652e+07 8.582652e+07 8.582652e+07 8.582641e+07 8.582607e+07 8.582467e+07 8.582360e+07 8.582226e+07 8.581877e+07 8.581418e+07 8.580853e+07 8.580198e+07 8.579491e+07 8.578793e+07 8.578177e+07 8.578062e+07 8.579875e+07 8.571586e+07 8.544586e+07 8.499841e+07 8.446431e+07 8.366028e+07 8.384891e+07 8.513766e+07 8.713269e+07 8.937305e+07 9.153145e+07 9.363628e+07 7.391794e+07 5.545387e+07 4.233504e+07
8.258397e+07 8.258397e+07 8.258397e+07 8.258397e+07 8.258396e+07 8.258388e+07 8.258362e+07 8.258255e+07 8.258173e+07 8.258073e+07 8.257813e+07 8.257474e+07 8.257056e+07 8.256572e+07 8.256051e+07 8.255542e+07 8.255101e+07 8.255208e+07 8.255987e+07 8.246382e+07 8.218762e+07 8.174469e+07 8.122482e+07 8.046379e+07 8.069251e+07 8.200719e+07 8.401579e+07 8.626262e+07 8.842561e+07 9.124589e+07 7.252258e+07 5.456383e+07 4.176649e+07
7.944746e+07 7.944746e+07 7.944746e+07 7.944746e+07 7.944745e+07 7.944739e+07 7.944717e+07 7.944629e+07 7.944562e+07 7.944480e+07 7.944269e+07 7.943995e+07 7.943657e+07 7.943267e+07 7.942847e+07 7.942437e+07 7.942082e+07 7.942061e+07 7.941734e+07 7.930924e+07 7.902851e+07 7.859165e+07 7.808720e+07 7.737063e+07 7.763961e+07 7.897928e+07 8.100000e+07 8.325192e+07 8.541808e+07 8.886947e+07 7.113399e+07 5.368090e+07 4.119840e+07
7.643508e+07 7.643508e+07 7.643508e+07 7.643508e+07 7.643508e+07 7.643502e+07 7.643485e+07 7.643413e+07 7.643359e+07 7.643291e+07 7.643117e+07 7.642889e+07 7.642608e+07 7.642283e+07 7.641932e+07 7.641585e+07 7.641279e+07 7.641019e+07 7.639647e+07 7.627794e+07 7.599420e+07 7.556430e+07 7.507547e+07 7.440202e+07 7.470833e+07 7.606911e+07 7.809785e+07 8.035115e+07 8.251724e+07 8.651703e+07 6.975255e+07 5.280774e+07 4.063149e+07
7.355342e+07 7.355342e+07 7.355342e+07 7.355341e+07 7.355341e+07 7.355337e+07 7.355324e+07 7.355268e+07 7.355224e+07 7.355169e+07 7.355026e+07 7.354838e+07 7.354606e+07 7.354335e+07 7.354041e+07 7.353747e+07 7.353482e+07 7.353012e+07 7.350776e+07 7.338115e+07 7.309632e+07 7.267441e+07 7.220129e+07 7.156890e+07 7.190850e+07 7.328527e+07 7.531664e+07 7.756635e+07 7.972809e+07 8.419745e+07 6.837891e+07 5.194708e+07 4.006648e+07
7.080564e+07 7.080564e+07 7.080564e+07 7.080564e+07 7.080563e+07 7.080560e+07 7.080549e+07 7.080503e+07 7.080467e+07 7.080422e+07 7.080305e+07 7.080149e+07 7.079955e+07 7.079729e+07 7.079482e+07 7.079231e+07 7.079000e+07 7.078379e+07 7.075487e+07 7.062272e+07 7.033882e+07 6.992603e+07 6.946877e+07 6.887538e+07 6.924409e+07 7.063143e+07 7.265960e+07 7.490024e+07 7.705284e+07 8.191844e+07 6.701398e+07 5.109775e+07 3.950413e+07
6.819122e+07 6.819122e+07 6.819122e+07 6.819122e+07 6.819122e+07 6.819119e+07 6.819110e+07 6.819073e+07 6.819044e+07 6.819008e+07 6.818912e+07 6.818786e+07 6.818629e+07 6.818444e+07 6.818242e+07 6.818036e+07 6.817841e+07 6.817154e+07 6.813804e+07 6.800262e+07 6.772146e+07 6.731877e+07 6.687752e+07 6.632123e+07 6.671504e+07 6.810769e+07 7.012692e+07 7.235296e+07 7.449151e+07 7.968643e+07 6.565886e+07 5.025877e+07 3.894516e+07
6.570979e+07 6.570979e+07 6.570979e+07 6.570979e+07 6.570979e+07 6.570977e+07 6.570971e+07 6.570945e+07 6.570924e+07 6.570898e+07 6.570829e+07 6.570736e+07 6.570619e+07 6.570479e+07 6.570322e+07 6.570160e+07 6.570002e+07 6.569281e+07 6.565587e+07 6.551867e+07 6.524155e+07 6.484969e+07 6.442447e+07 6.390344e+07 6.431863e+07 6.571169e+07 6.771656e+07 6.992271e+07 7.204250e+07 7.750663e+07 6.431485e+07 4.942961e+07 3.839033e+07
6.336301e+07 6.336301e+07 6.336301e+07 6.336301e+07 6.336301e+07 6.336299e+07 6.336293e+07 6.336265e+07 6.336244e+07 6.336218e+07 6.336150e+07 6.336061e+07 6.335951e+07 6.335821e+07 6.335677e+07 6.335526e+07 6.335375e+07 6.334530e+07 6.330514e+07 6.316702e+07 6.289478e+07 6.251420e+07 6.210492e+07 6.161734e+07 6.205040e+07 6.343933e+07 6.542489e+07 6.760631e+07 6.970297e+07 7.538305e+07 6.298333e+07 4.860995e+07 3.784042e+07
6.113977e+07 6.113977e+07 6.113977e+07 6.113977e+07 6.113977e+07 6.113975e+07 6.113971e+07 6.113951e+07 6.113935e+07 6.113915e+07 6.113863e+07 6.113792e+07 6.113702e+07 6.113595e+07 6.113473e+07 6.113342e+07 6.113205e+07 6.112281e+07 6.108027e+07 6.094226e+07 6.067569e+07 6.030675e+07 5.991323e+07 5.945722e+07 5.990482e+07 6.128546e+07 6.324726e+07 6.539964e+07 6.746928e+07 7.331869e+07 6.166580e+07 4.779957e+07 3.729625e+07
5.903532e+07 5.903532e+07 5.903532e+07 5.903532e+07 5.903532e+07 5.903531e+07 5.903527e+07 5.903509e+07 5.903495e+07 5.903478e+07 5.903432e+07 5.903370e+07 5.903293e+07 5.903202e+07 5.903097e+07 5.902982e+07 5.902859e+07 5.901901e+07 5.897518e+07 5.883842e+07 5.857834e+07 5.822130e+07 5.784325e+07 5.741684e+07 5.787573e+07 5.924429e+07 6.117842e+07 6.329802e+07 6.533725e+07 7.131559e+07 6.036378e+07 4.699836e+07 3.675875e+07
5.704314e+07 5.704314e+07 5.704314e+07 5.704314e+07 5.704314e+07 5.704313e+07 5.704311e+07 5.704299e+07 5.704289e+07 5.704276e+07 5.704242e+07 5.704195e+07 5.704136e+07 5.704064e+07 5.703980e+07 5.703886e+07 5.703782e+07 5.702841e+07 5.698424e+07 5.684971e+07 5.659671e+07 5.625167e+07 5.588867e+07 5.548972e+07 5.595674e+07 5.730974e+07 5.921281e+07 6.129648e+07 6.330248e+07 6.937498e+07 5.907880e+07 4.620626e+07 3.622910e+07
5.515959e+07 5.515959e+07 5.515959e+07 5.515959e+07 5.515959e+07 5.515959e+07 5.515956e+07 5.515946e+07 5.515938e+07 5.515928e+07 5.515901e+07 5.515864e+07 5.515818e+07 5.515761e+07 5.515694e+07 5.515618e+07 5.515530e+07 5.514622e+07 5.510226e+07 5.497053e+07 5.472490e+07 5.439170e+07 5.404314e+07 5.366932e+07 5.414138e+07 5.547572e+07 5.734488e+07 5.939005e+07 6.136050e+07 6.749740e+07 5.781236e+07 4.542326e+07 3.570709e+07
5.338010e+07 5.338010e+07 5.338010e+07 5.338010e+07 5.338010e+07 5.338010e+07 5.338008e+07 5.337999e+07 5.337992e+07 5.337983e+07 5.337961e+07 5.337930e+07 5.337892e+07 5.337845e+07 5.337790e+07 5.337724e+07 5.337647e+07 5.336757e+07 5.332399e+07 5.319526e+07 5.295699e+07 5.263526e+07 5.230037e+07 5.194924e+07 5.242341e+07 5.373633e+07 5.556922e+07 5.757385e+07 5.950693e+07 6.568282e+07 5.656587e+07 4.464940e+07 3.519215e+07
5.169861e+07 5.169861e+07 5.169861e+07 5.169861e+07 5.169861e+07 5.169860e+07 5.169859e+07 5.169852e+07 5.169847e+07 5.169840e+07 5.169823e+07 5.169800e+07 5.169770e+07 5.169733e+07 5.169687e+07 5.169632e+07 5.169565e+07 5.168693e+07 5.164380e+07 5.151810e+07 5.128699e+07 5.097623e+07 5.065418e+07 5.032330e+07 5.079685e+07 5.208600e+07 5.388074e+07 5.584328e+07 5.773759e+07 6.393074e+07 5.534066e+07 4.388475e+07 3.468397e+07
5.010986e+07 5.010986e+07 5.010986e+07 5.010986e+07 5.010986e+07 5.010986e+07 5.010985e+07 5.010980e+07 5.010976e+07 5.010971e+07 5.010958e+07 5.010940e+07 5.010916e+07 5.010886e+07 5.010847e+07 5.010799e+07 5.010737e+07 5.009865e+07 5.005591e+07 4.993317e+07 4.970896e+07 4.940862e+07 4.909856e+07 4.878563e+07 4.925614e+07 5.051955e+07 5.227471e+07 5.419400e+07 5.604851e+07 6.224031e+07 5.413795e+07 4.312944e+07 3.418233e+07
4.860810e+07 4.860810e+07 4.860810e+07 4.860810e+07 4.860810e+07 4.860810e+07 4.860808e+07 4.860803e+07 4.860799e+07 4.860794e+07 4.860780e+07 4.860761e+07 4.860737e+07 4.860706e+07 4.860668e+07 4.860619e+07 4.860557e+07 4.859669e+07 4.855436e+07 4.843457e+07 4.821704e+07 4.792662e+07 4.762779e+07 4.733071e+07 4.779608e+07 4.903220e+07 5.074671e+07 5.262198e+07 5.443595e+07 6.061035e+07 5.295879e+07 4.238359e+07 3.368708e+07
4.718556e+07 4.718556e+07 4.718556e+07 4.718556e+07 4.718556e+07 4.718556e+07 4.718556e+07 4.718553e+07 4.718550e+07 4.718547e+07 4.718538e+07 4.718524e+07 4.718506e+07 4.718483e+07 4.718452e+07 4.718411e+07 4.718355e+07 4.717489e+07 4.713332e+07 4.701664e+07 4.680566e+07 4.652473e+07 4.623640e+07 4.595333e+07 4.641185e+07 4.761949e+07 4.929266e+07 5.112341e+07 5.289636e+07 5.903947e+07 5.180412e+07 4.164738e+07 3.319809e+07
4.583829e+07 4.583829e+07 4.583829e+07 4.583829e+07 4.583829e+07 4.583829e+07 4.583829e+07 4.583826e+07 4.583824e+07 4.583822e+07 4.583815e+07 4.583805e+07 4.583792e+07 4.583775e+07 4.583751e+07 4.583717e+07 4.583669e+07 4.582838e+07 4.578775e+07 4.567425e+07 4.546967e+07 4.519777e+07 4.491928e+07 4.464862e+07 4.509891e+07 4.627725e+07 4.790869e+07 4.969469e+07 5.142637e+07 5.752608e+07 5.067471e+07 4.092098e+07 3.271524e+07
4.456245e+07 4.456245e+07 4.456245e+07 4.456245e+07 4.456245e+07 4.456245e+07 4.456245e+07 4.456244e+07 4.456242e+07 4.456241e+07 4.456236e+07 4.456228e+07 4.456218e+07 4.456204e+07 4.456183e+07 4.456153e+07 4.456108e+07 4.455296e+07 4.451320e+07 4.440276e+07 4.420427e+07 4.394093e+07 4.367163e+07 4.341196e+07 4.385295e+07 4.500149e+07 4.659110e+07 4.833239e+07 5.002272e+07 5.606851e+07 4.957117e+07 4.020459e+07 3.223846e+07
4.335353e+07 4.335353e+07 4.335353e+07 4.335353e+07 4.335353e+07 4.335353e+07 4.335353e+07 4.335351e+07 4.335350e+07 4.335348e+07 4.335343e+07 4.335336e+07 4.335326e+07 4.335312e+07 4.335292e+07 4.335263e+07 4.335220e+07 4.334416e+07 4.330520e+07 4.319767e+07 4.300495e+07 4.274964e+07 4.248892e+07 4.223897e+07 4.266986e+07 4.378838e+07 4.533632e+07 4.703313e+07 4.868224e+07 5.466495e+07 4.849398e+07 3.949842e+07 3.176766e+07
4.220636e+07 4.220636e+07 4.220636e+07 4.220636e+07 4.220636e+07 4.220636e+07 4.220636e+07 4.220636e+07 4.220636e+07 4.220635e+07 4.220633e+07 4.220628e+07 4.220622e+07 4.220613e+07 4.220598e+07 4.220573e+07 4.220534e+07 4.219754e+07 4.215942e+07 4.205465e+07 4.186735e+07 4.161958e+07 4.136683e+07 4.112549e+07 4.154569e+07 4.263424e+07 4.414089e+07 4.579366e+07 4.740182e+07 5.331355e+07 4.744345e+07 3.880268e+07 3.130279e+07
4.111785e+07 4.111785e+07 4.111785e+07 4.111785e+07 4.111785e+07 4.111785e+07 4.111785e+07 4.111785e+07 4.111785e+07 4.111785e+07 4.111783e+07 4.111781e+07 4.111776e+07 4.111769e+07 4.111757e+07 4.111736e+07 4.111700e+07 4.110936e+07 4.107194e+07 4.096970e+07 4.078743e+07 4.054666e+07 4.030129e+07 4.006757e+07 4.047669e+07 4.153549e+07 4.300143e+07 4.461077e+07 4.617842e+07 5.201242e+07 4.641975e+07 3.811757e+07 3.084380e+07
4.008461e+07 4.008461e+07 4.008461e+07 4.008461e+07 4.008461e+07 4.008461e+07 4.008461e+07 4.008461e+07 4.008461e+07 4.008461e+07 4.008459e+07 4.008457e+07 4.008453e+07 4.008446e+07 4.008434e+07 4.008413e+07 4.008376e+07 4.007604e+07 4.003903e+07 3.993894e+07 3.976126e+07 3.952699e+07 3.928846e+07 3.906146e+07 3.945925e+07 4.048870e+07 4.191467e+07 4.348133e+07 4.500905e+07 5.075967e+07 4.542294e+07 3.744329e+07 3.039066e+07
3.910272e+07 3.910272e+07 3.910272e+07 3.910272e+07 3.910272e+07 3.910272e+07 3.910272e+07 3.910270e+07 3.910269e+07 3.910268e+07 3.910264e+07 3.910258e+07 3.910251e+07 3.910240e+07 3.910224e+07 3.910198e+07 3.910156e+07 3.909353e+07 3.905671e+07 3.895852e+07 3.878508e+07 3.855685e+07 3.832467e+07 3.810362e+07 3.848996e+07 3.949058e+07 4.087745e+07 4.240233e+07 4.389081e+07 4.955338e+07 4.445295e+07 3.678003e+07 2.994332e+07
3.816699e+07 3.816699e+07 3.816699e+07 3.816699e+07 3.816699e+07 3.816699e+07 3.816698e+07 3.816697e+07 3.816696e+07 3.816694e+07 3.816690e+07 3.816684e+07 3.816676e+07 3.816665e+07 3.816647e+07 3.816619e+07 3.816575e+07 3.815756e+07 3.812100e+07 3.802467e+07 3.785525e+07 3.763273e+07 3.740650e+07 3.719075e+07 3.756559e+07 3.853801e+07 3.988674e+07 4.137081e+07 4.282087e+07 4.839169e+07 4.350960e+07 3.612798e+07 2.950178e+07
3.727379e+07 3.727379e+07 3.727379e+07 3.727379e+07 3.727379e+07 3.727379e+07 3.727378e+07 3.727378e+07 3.727377e+07 3.727376e+07 3.727372e+07 3.727368e+07 3.727361e+07 3.727351e+07 3.727335e+07 3.727309e+07 3.727267e+07 3.726452e+07 3.722844e+07 3.713401e+07 3.696849e+07 3.675139e+07 3.653074e+07 3.631972e+07 3.668312e+07 3.762801e+07 3.893964e+07 4.038399e+07 4.179651e+07 4.727272e+07 4.259261e+07 3.548729e+07 2.906602e+07
3.642079e+07 3.642079e+07 3.642079e+07 3.642079e+07 3.642079e+07 3.642079e+07 3.642079e+07 3.642079e+07 3.642078e+07 3.642078e+07 3.642076e+07 3.642073e+07 3.642068e+07 3.642060e+07 3.642047e+07 3.642023e+07 3.641983e+07 3.641179e+07 3.637622e+07 3.628366e+07 3.612186e+07 3.590988e+07 3.569446e+07 3.548765e+07 3.583971e+07 3.675781e+07 3.803342e+07 3.943916e+07 4.081511e+07 4.619466e+07 4.170163e+07 3.485809e+07 2.863602e+07
3.560608e+07 3.560608e+07 3.560608e+07 3.560608e+07 3.560608e+07 3.560608e+07 3.560608e+07 3.560608e+07 3.560608e+07 3.560607e+07 3.560605e+07 3.560603e+07 3.560598e+07 3.560590e+07 3.560577e+07 3.560553e+07 3.560512e+07 3.559705e+07 3.556186e+07 3.547100e+07 3.531267e+07 3.510548e+07 3.489494e+07 3.469185e+07 3.503271e+07 3.592479e+07 3.716549e+07 3.853379e+07 3.987418e+07 4.515573e+07 4.083624e+07 3.424051e+07 2.821180e+07
3.482718e+07 3.482718e+07 3.482718e+07 3.482718e+07 3.482718e+07 3.482718e+07 3.482718e+07 3.482717e+07 3.482715e+07 3.482714e+07 3.482710e+07 3.482704e+07 3.482696e+07 3.482685e+07 3.482668e+07 3.482641e+07 3.482596e+07 3.481771e+07 3.478277e+07 3.469343e+07 3.453832e+07 3.433561e+07 3.412962e+07 3.392982e+07 3.425965e+07 3.512650e+07 3.633343e+07 3.766548e+07 3.897136e+07 4.415420e+07 3.999594e+07 3.363464e+07 2.779335e+07
3.408040e+07 3.408040e+07 3.408040e+07 3.408040e+07 3.408040e+07 3.408040e+07 3.408040e+07 3.408038e+07 3.408037e+07 3.408036e+07 3.408032e+07 3.408027e+07 3.408020e+07 3.408009e+07 3.407993e+07 3.407966e+07 3.407921e+07 3.407094e+07 3.403631e+07 3.394843e+07 3.379634e+07 3.359783e+07 3.339608e+07 3.319920e+07 3.351824e+07 3.436067e+07 3.553497e+07 3.683197e+07 3.810439e+07 4.318840e+07 3.918020e+07 3.304054e+07 2.738067e+07
3.336393e+07 3.336393e+07 3.336393e+07 3.336393e+07 3.336393e+07 3.336393e+07 3.336393e+07 3.336392e+07 3.336391e+07 3.336390e+07 3.336387e+07 3.336383e+07 3.336377e+07 3.336368e+07 3.336353e+07 3.336327e+07 3.336283e+07 3.335457e+07 3.332025e+07 3.323372e+07 3.308446e+07 3.288989e+07 3.269212e+07 3.249786e+07 3.280637e+07 3.362520e+07 3.476801e+07 3.603114e+07 3.727120e+07 4.225671e+07 3.838844e+07 3.245827e+07 2.697379e+07
3.267639e+07 3.267639e+07 3.267639e+07 3.267639e+07 3.267639e+07 3.267639e+07 3.267639e+07 3.267637e+07 3.267636e+07 3.267635e+07 3.267631e+07 3.267626e+07 3.267619e+07 3.267609e+07 3.267593e+07 3.267565e+07 3.267520e+07 3.266681e+07 3.263261e+07 3.254725e+07 3.240059e+07 3.220971e+07 3.201569e+07 3.182380e+07 3.212208e+07 3.291814e+07 3.403058e+07 3.526103e+07 3.646979e+07 4.135759e+07 3.762004e+07 3.188783e+07 2.657271e+07
3.201554e+07 3.201554e+07 3.201554e+07 3.201554e+07 3.201554e+07 3.201553e+07 3.201553e+07 3.201552e+07 3.201551e+07 3.201549e+07 3.201545e+07 3.201540e+07 3.201532e+07 3.201521e+07 3.201503e+07 3.201474e+07 3.201426e+07 3.200564e+07 3.197143e+07 3.188705e+07 3.174280e+07 3.155538e+07 3.136490e+07 3.117521e+07 3.146359e+07 3.223770e+07 3.332086e+07 3.451980e+07 3.569834e+07 4.048955e+07 3.687437e+07 3.132922e+07 2.617744e+07
3.137934e+07 3.137934e+07 3.137934e+07 3.137934e+07 3.137934e+07 3.137934e+07 3.137933e+07 3.137931e+07 3.137929e+07 3.137926e+07 3.137920e+07 3.137912e+07 3.137902e+07 3.137887e+07 3.137866e+07 3.137832e+07 3.137780e+07 3.136891e+07 3.133465e+07 3.125121e+07 3.110925e+07 3.092516e+07 3.073807e+07 3.055045e+07 3.082926e+07 3.158222e+07 3.263719e+07 3.380576e+07 3.495513e+07 3.965116e+07 3.615078e+07 3.078240e+07 2.578800e+07
3.076506e+07 3.076506e+07 3.076506e+07 3.076506e+07 3.076506e+07 3.076505e+07 3.076505e+07 3.076502e+07 3.076501e+07 3.076498e+07 3.076492e+07 3.076484e+07 3.076474e+07 3.076460e+07 3.076438e+07 3.076405e+07 3.076352e+07 3.075455e+07 3.072042e+07 3.063800e+07 3.049832e+07 3.031746e+07 3.013364e+07 2.994801e+07 3.021760e+07 3.095019e+07 3.197802e+07 3.311732e+07 3.423855e+07 3.884106e+07 3.544860e+07 3.024732e+07 2.540440e+07
3.017147e+07 3.017147e+07 3.017147e+07 3.017147e+07 3.017147e+07 3.017147e+07 3.017147e+07 3.017145e+07 3.017144e+07 3.017143e+07 3.017138e+07 3.017133e+07 3.017125e+07 3.017114e+07 3.017096e+07 3.017065e+07 3.017015e+07 3.016125e+07 3.012737e+07 3.004602e+07 2.990860e+07 2.973090e+07 2.955025e+07 2.936654e+07 2.962725e+07 3.034023e+07 3.134193e+07 3.245304e+07 3.354713e+07 3.805796e+07 3.476718e+07 2.972391e+07 2.502665e+07
2.959853e+07 2.959853e+07 2.959853e+07 2.959853e+07 2.959853e+07 2.959853e+07 2.959852e+07 2.959851e+07 2.959849e+07 2.959848e+07 2.959843e+07 2.959837e+07 2.959829e+07 2.959817e+07 2.959798e+07 2.959766e+07 2.959715e+07 2.958816e+07 2.955444e+07 2.947411e+07 2.933889e+07 2.916425e+07 2.898668e+07 2.880481e+07 2.905697e+07 2.975107e+07 3.072760e+07 3.181156e+07 3.287949e+07 3.730062e+07 3.410584e+07 2.921206e+07 2.465476e+07
2.904470e+07 2.904470e+07 2.904470e+07 2.904470e+07 2.904470e+07 2.904470e+07 2.904470e+07 2.904467e+07 2.904466e+07 2.904463e+07 2.904457e+07 2.904450e+07 2.904439e+07 2.904425e+07 2.904404e+07 2.904370e+07 2.904316e+07 2.903404e+07 2.900047e+07 2.892115e+07 2.878807e+07 2.861640e+07 2.844179e+07 2.826171e+07 2.850561e+07 2.918154e+07 3.013384e+07 3.119165e+07 3.223435e+07 3.656787e+07 3.346392e+07 2.871165e+07 2.428873e+07
2.850804e+07 2.850804e+07 2.850804e+07 2.850804e+07 2.850804e+07 2.850804e+07 2.850803e+07 2.850801e+07 2.850799e+07 2.850797e+07 2.850792e+07 2.850786e+07 2.850777e+07 2.850764e+07 2.850745e+07 2.850712e+07 2.850660e+07 2.849757e+07 2.846431e+07 2.838607e+07 2.825511e+07 2.808632e+07 2.791457e+07 2.773619e+07 2.797213e+07 2.863056e+07 2.955954e+07 3.059215e+07 3.161055e+07 3.585860e+07 3.284076e+07 2.822255e+07 2.392857e+07
2.798824e+07 2.798824e+07 2.798824e+07 2.798824e+07 2.798824e+07 2.798823e+07 2.798823e+07 2.798822e+07 2.798821e+07 2.798820e+07 2.798816e+07 2.798812e+07 2.798805e+07 2.798796e+07 2.798779e+07 2.798749e+07 2.798700e+07 2.797811e+07 2.794519e+07 2.786802e+07 2.773911e+07 2.757308e+07 2.740407e+07 2.722729e+07 2.745557e+07 2.809713e+07 2.900366e+07 3.001201e+07 3.100697e+07 3.517176e+07 3.223572e+07 2.774462e+07 2.357427e+07
2.748545e+07 2.748545e+07 2.748545e+07 2.748545e+07 2.748545e+07 2.748545e+07 2.748545e+07 2.748543e+07 2.748542e+07 2.748541e+07 2.748537e+07 2.748532e+07 2.748524e+07 2.748514e+07 2.748496e+07 2.748465e+07 2.748415e+07 2.747519e+07 2.744247e+07 2.736622e+07 2.723923e+07 2.707581e+07 2.690940e+07 2.673414e+07 2.695502e+07 2.758036e+07 2.846526e+07 2.945024e+07 3.042261e+07 3.450635e+07 3.164817e+07 2.727767e+07 2.322583e+07
2.699832e+07 2.699832e+07 2.699832e+07 2.699832e+07 2.699832e+07 2.699832e+07 2.699832e+07 2.699830e+07 2.699828e+07 2.699826e+07 2.699821e+07 2.699815e+07 2.699806e+07 2.699793e+07 2.699774e+07 2.699741e+07 2.699688e+07 2.698781e+07 2.695519e+07 2.687978e+07 2.675456e+07 2.659362e+07 2.642970e+07 2.625588e+07 2.646965e+07 2.707938e+07 2.794346e+07 2.890593e+07 2.985652e+07 3.386142e+07 3.107749e+07 2.682154e+07 2.288324e+07
2.652530e+07 2.652530e+07 2.652530e+07 2.652530e+07 2.652530e+07 2.652530e+07 2.652529e+07 2.652528e+07 2.652526e+07 2.652524e+07 2.652519e+07 2.652513e+07 2.652505e+07 2.652493e+07 2.652473e+07 2.652441e+07 2.652389e+07 2.651480e+07 2.648234e+07 2.640773e+07 2.628423e+07 2.612568e+07 2.596415e+07 2.579175e+07 2.599871e+07 2.659342e+07 2.743746e+07 2.837823e+07 2.930782e+07 3.323609e+07 3.052308e+07 2.637603e+07 2.254648e+07
2.606585e+07 2.606585e+07 2.606585e+07 2.606585e+07 2.606585e+07 2.606585e+07 2.606584e+07 2.606583e+07 2.606582e+07 2.606580e+07 2.606576e+07 2.606570e+07 2.606563e+07 2.606552e+07 2.606534e+07 2.606502e+07 2.606451e+07 2.605543e+07 2.602313e+07 2.594930e+07 2.582745e+07 2.567121e+07 2.551201e+07 2.534103e+07 2.554148e+07 2.612177e+07 2.694650e+07 2.786637e+07 2.877570e+07 3.262951e+07 2.998435e+07 2.594095e+07 2.221552e+07
2.561967e+07 2.561967e+07 2.561967e+07 2.561967e+07 2.561967e+07 2.561966e+07 2.561966e+07 2.561964e+07 2.561963e+07 2.561961e+07 2.561957e+07 2.561951e+07 2.561943e+07 2.561932e+07 2.561913e+07 2.561881e+07 2.561827e+07 2.560910e+07 2.557688e+07 2.550376e+07 2.538350e+07 2.522951e+07 2.507259e+07 2.490307e+07 2.509732e+07 2.566374e+07 2.646990e+07 2.736961e+07 2.825940e+07 3.204087e+07 2.946074e+07 2.551609e+07 2.189035e+07
2.518580e+07 2.518580e+07 2.518580e+07 2.518580e+07 2.518580e+07 2.518580e+07 2.518579e+07 2.518577e+07 2.518576e+07 2.518573e+07 2.518568e+07 2.518561e+07 2.518552e+07 2.518539e+07 2.518518e+07 2.518484e+07 2.518429e+07 2.517498e+07 2.514282e+07 2.507041e+07 2.495173e+07 2.479996e+07 2.464530e+07 2.447729e+07 2.466563e+07 2.521874e+07 2.600700e+07 2.688727e+07 2.775820e+07 3.146943e+07 2.895170e+07 2.510125e+07 2.157093e+07
2.476300e+07 2.476300e+07 2.476300e+07 2.476300e+07 2.476300e+07 2.476300e+07 2.476300e+07 2.476297e+07 2.476296e+07 2.476294e+07 2.476288e+07 2.476281e+07 2.476272e+07 2.476259e+07 2.476239e+07 2.476205e+07 2.476150e+07 2.475221e+07 2.472023e+07 2.464861e+07 2.453155e+07 2.438200e+07 2.422959e+07 2.406316e+07 2.424589e+07 2.478620e+07 2.555721e+07 2.641873e+07 2.727145e+07 3.091447e+07 2.845670e+07 2.469619e+07 2.125723e+07
2.435083e+07 2.435083e+07 2.435083e+07 2.435083e+07 2.435083e+07 2.435083e+07 2.435083e+07 2.435081e+07 2.435080e+07 2.435079e+07 2.435075e+07 2.435069e+07 2.435062e+07 2.435051e+07 2.435033e+07 2.435001e+07 2.434949e+07 2.434030e+07 2.430863e+07 2.423788e+07 2.412247e+07 2.397516e+07 2.382499e+07 2.366020e+07 2.383759e+07 2.436558e+07 2.511997e+07 2.596339e+07 2.679853e+07 3.037532e+07 2.797524e+07 2.430072e+07 2.094919e+07
2.394956e+07 2.394956e+07 2.394956e+07 2.394956e+07 2.394956e+07 2.394956e+07 2.394956e+07 2.394954e+07 2.394953e+07 2.394951e+07 2.394947e+07 2.394942e+07 2.394935e+07 2.394925e+07 2.394907e+07 2.394876e+07 2.394824e+07 2.393912e+07 2.390774e+07 2.383789e+07 2.372413e+07 2.357904e+07 2.343110e+07 2.326798e+07 2.344028e+07 2.395642e+07 2.469475e+07 2.552070e+07 2.633885e+07 2.985134e+07 2.750682e+07 2.391459e+07 2.064679e+07
2.355876e+07 2.355876e+07 2.355876e+07 2.355876e+07 2.355876e+07 2.355876e+07 2.355875e+07 2.355874e+07 2.355873e+07 2.355871e+07 2.355868e+07 2.355863e+07 2.355856e+07 2.355846e+07 2.355829e+07 2.355798e+07 2.355746e+07 2.354840e+07 2.351729e+07 2.344831e+07 2.333619e+07 2.319328e+07 2.304753e+07 2.288610e+07 2.305353e+07 2.355824e+07 2.428108e+07 2.509015e+07 2.589187e+07 2.934193e+07 2.705097e+07 2.353760e+07 2.034995e+07
2.317805e+07 2.317805e+07 2.317805e+07 2.317805e+07 2.317805e+07 2.317805e+07 2.317805e+07 2.317803e+07 2.317802e+07 2.317801e+07 2.317797e+07 2.317792e+07 2.317785e+07 2.317776e+07 2.317758e+07 2.317728e+07 2.317677e+07 2.316775e+07 2.313693e+07 2.306881e+07 2.295830e+07 2.281754e+07 2.267394e+07 2.251420e+07 2.267694e+07 2.317062e+07 2.387850e+07 2.467124e+07 2.545708e+07 2.884651e+07 2.660724e+07 2.316951e+07 2.005864e+07
2.280699e+07 2.280699e+07 2.280699e+07 2.280699e+07 2.280699e+07 2.280699e+07 2.280699e+07 2.280697e+07 2.280696e+07 2.280695e+07 2.280692e+07 2.280687e+07 2.280681e+07 2.280672e+07 2.280656e+07 2.280626e+07 2.280576e+07 2.279682e+07 2.276631e+07 2.269907e+07 2.259015e+07 2.245149e+07 2.230998e+07 2.215189e+07 2.231013e+07 2.279315e+07 2.348656e+07 2.426353e+07 2.503400e+07 2.836455e+07 2.617520e+07 2.281010e+07 1.977279e+07
2.244536e+07 2.244536e+07 2.244536e+07 2.244536e+07 2.244536e+07 2.244536e+07 2.244536e+07 2.244534e+07 2.244533e+07 2.244532e+07 2.244529e+07 2.244525e+07 2.244520e+07 2.244511e+07 2.244495e+07 2.244466e+07 2.244417e+07 2.243531e+07 2.240513e+07 2.233877e+07 2.223141e+07 2.209479e+07 2.195532e+07 2.179885e+07 2.195273e+07 2.242545e+07 2.310488e+07 2.386657e+07 2.462217e+07 2.789552e+07 2.575443e+07 2.245915e+07 1.949233e+07
2.209292e+07 2.209292e+07 2.209292e+07 2.209292e+07 2.209292e+07 2.209292e+07 2.209291e+07 2.209290e+07 2.209289e+07 2.209288e+07 2.209285e+07 2.209281e+07 2.209276e+07 2.209267e+07 2.209252e+07 2.209224e+07 2.209175e+07 2.208298e+07 2.205313e+07 2.198762e+07 2.188177e+07 2.174713e+07 2.160963e+07 2.145472e+07 2.160439e+07 2.206716e+07 2.273305e+07 2.347997e+07 2.422118e+07 2.743896e+07 2.534453e+07 2.211644e+07 1.921720e+07
