6.654105e+08 6.805282e+08 6.843276e+08 6.783588e+08 6.740510e+08 6.487276e+08 6.388767e+08 6.333321e+08 6.332444e+08 6.340407e+08 6.371777e+08 6.414099e+08 6.461941e+08 6.513383e+08 6.567996e+08 6.625839e+08 6.687036e+08 7.040936e+08 7.451728e+08 7.883312e+08 8.307968e+08 8.708461e+08 9.075640e+08 9.698193e+08 1.017636e+09 1.052853e+09 1.077557e+09 1.093620e+09 1.102618e+09 1.003684e+09 8.264943e+08 6.757113e+08 5.591230e+08
6.325225e+08 6.325242e+08 6.325291e+08 6.326328e+08 6.327811e+08 6.302725e+08 6.312791e+08 6.286521e+08 6.306260e+08 6.326541e+08 6.371126e+08 6.420146e+08 6.471960e+08 6.526025e+08 6.582518e+08 6.641802e+08 6.704158e+08 7.061833e+08 7.474667e+08 7.907115e+08 8.331717e+08 8.731486e+08 9.097501e+08 9.717060e+08 1.019203e+09 1.054120e+09 1.078557e+09 1.094389e+09 1.103188e+09 1.003345e+09 8.260188e+08 6.752760e+08 5.587586e+08
6.268546e+08 6.268551e+08 6.268566e+08 6.268936e+08 6.269799e+08 6.262022e+08 6.260819e+08 6.305106e+08 6.288596e+08 6.302351e+08 6.362485e+08 6.422705e+08 6.481007e+08 6.539039e+08 6.598147e+08 6.659280e+08 6.723028e+08 7.084677e+08 7.499350e+08 7.932400e+08 8.356692e+08 8.755513e+08 9.120169e+08 9.736444e+08 1.020802e+09 1.055406e+09 1.079568e+09 1.095163e+09 1.103760e+09 1.003000e+09 8.255400e+08 6.748387e+08 5.583930e+08
6.278378e+08 6.278380e+08 6.278387e+08 6.278581e+08 6.279085e+08 6.283215e+08 6.263335e+08 6.341336e+08 6.364479e+08 6.361588e+08 6.370120e+08 6.425343e+08 6.489022e+08 6.551777e+08 6.614268e+08 6.677799e+08 6.743298e+08 7.109413e+08 7.525776e+08 7.959173e+08 8.382899e+08 8.780541e+08 9.143643e+08 9.756338e+08 1.022433e+09 1.056712e+09 1.080590e+09 1.095942e+09 1.104333e+09 1.002650e+09 8.250579e+08 6.743995e+08 5.580263e+08
6.315421e+08 6.315422e+08 6.315427e+08 6.315549e+08 6.315880e+08 6.320970e+08 6.315914e+08 6.334580e+08 6.385774e+08 6.422324e+08 6.441294e+08 6.457771e+08 6.504460e+08 6.566756e+08 6.631520e+08 6.697388e+08 6.764814e+08 7.135952e+08 7.553922e+08 7.987427e+08 8.410332e+08 8.806564e+08 9.167916e+08 9.776735e+08 1.024095e+09 1.058035e+09 1.081621e+09 1.096726e+09 1.104908e+09 1.002295e+09 8.245724e+08 6.739584e+08 5.576584e+08
6.366026e+08 6.366027e+08 6.366030e+08 6.366118e+08 6.366361e+08 6.370942e+08 6.373410e+08 6.366366e+08 6.397640e+08 6.444173e+08 6.509634e+08 6.531182e+08 6.552780e+08 6.594280e+08 6.653974e+08 6.719724e+08 6.788249e+08 7.164225e+08 7.583752e+08 8.017145e+08 8.438979e+08 8.833572e+08 9.192976e+08 9.797625e+08 1.025786e+09 1.059376e+09 1.082663e+09 1.097514e+09 1.105483e+09 1.001935e+09 8.240835e+08 6.735153e+08 5.572893e+08
6.424610e+08 6.424611e+08 6.424613e+08 6.424678e+08 6.424863e+08 6.428799e+08 6.433922e+08 6.426401e+08 6.436717e+08 6.468464e+08 6.551655e+08 6.602285e+08 6.626485e+08 6.652190e+08 6.692408e+08 6.749538e+08 6.815902e+08 7.194269e+08 7.615230e+08 8.048299e+08 8.468820e+08 8.861549e+08 9.218811e+08 9.818997e+08 1.027507e+09 1.060734e+09 1.083713e+09 1.098306e+09 1.106058e+09 1.001569e+09 8.235913e+08 6.730702e+08 5.569191e+08
6.488430e+08 6.488430e+08 6.488432e+08 6.488483e+08 6.488631e+08 6.492036e+08 6.497914e+08 6.496581e+08 6.497287e+08 6.512889e+08 6.584166e+08 6.656076e+08 6.698835e+08 6.725912e+08 6.755652e+08 6.797029e+08 6.852693e+08 7.226338e+08 7.648341e+08 8.080863e+08 8.499833e+08 8.890473e+08 9.245403e+08 9.840837e+08 1.029256e+09 1.062108e+09 1.084772e+09 1.099101e+09 1.106633e+09 1.001198e+09 8.230957e+08 6.726232e+08 5.565477e+08
6.556131e+08 6.556132e+08 6.556133e+08 6.556175e+08 6.556297e+08 6.559234e+08 6.565111e+08 6.569467e+08 6.568236e+08 6.574167e+08 6.623765e+08 6.698751e+08 6.759688e+08 6.799077e+08 6.829529e+08 6.863472e+08 6.907235e+08 7.261018e+08 7.683118e+08 8.114811e+08 8.531989e+08 8.920323e+08 9.272730e+08 9.863131e+08 1.031032e+09 1.063498e+09 1.085838e+09 1.099899e+09 1.107208e+09 1.000821e+09 8.225966e+08 6.721742e+08 5.561752e+08
6.626538e+08 6.626539e+08 6.626540e+08 6.626576e+08 6.626681e+08 6.629294e+08 6.634990e+08 6.643252e+08 6.643268e+08 6.645285e+08 6.675920e+08 6.741202e+08 6.810835e+08 6.864523e+08 6.903453e+08 6.937722e+08 6.975941e+08 7.299356e+08 7.719672e+08 8.150133e+08 8.565263e+08 8.951072e+08 9.300772e+08 9.885862e+08 1.032834e+09 1.064901e+09 1.086911e+09 1.100699e+09 1.107782e+09 1.000439e+09 8.220942e+08 6.717232e+08 5.558014e+08
6.699497e+08 6.699498e+08 6.699499e+08 6.699529e+08 6.699620e+08 6.701950e+08 6.707357e+08 6.717946e+08 6.719943e+08 6.721363e+08 6.739435e+08 6.790349e+08 6.858744e+08 6.922228e+08 6.972182e+08 7.012465e+08 7.050756e+08 7.343026e+08 7.758223e+08 8.186841e+08 8.599630e+08 8.982692e+08 9.329503e+08 9.909012e+08 1.034661e+09 1.066319e+09 1.087991e+09 1.101501e+09 1.108354e+09 1.000051e+09 8.215884e+08 6.712703e+08 5.554265e+08
7.543603e+08 7.543603e+08 7.543603e+08 7.543617e+08 7.543657e+08 7.544833e+08 7.548162e+08 7.559615e+08 7.567030e+08 7.574980e+08 7.590394e+08 7.603180e+08 7.615290e+08 7.632444e+08 7.660082e+08 7.700516e+08 7.752663e+08 8.073701e+08 8.367362e+08 8.673534e+08 9.010111e+08 9.344220e+08 9.649926e+08 1.015913e+09 1.053944e+09 1.080992e+09 1.098962e+09 1.109487e+09 1.113914e+09 9.958505e+08 8.163391e+08 6.666325e+08 5.516135e+08
8.564313e+08 8.564313e+08 8.564313e+08 8.564321e+08 8.564346e+08 8.565089e+08 8.567271e+08 8.575257e+08 8.580763e+08 8.586974e+08 8.600221e+08 8.612734e+08 8.623435e+08 8.632601e+08 8.641652e+08 8.652765e+08 8.668283e+08 8.850806e+08 9.139357e+08 9.403365e+08 9.627284e+08 9.836363e+08 1.004224e+09 1.043336e+09 1.074070e+09 1.095784e+09 1.109661e+09 1.116972e+09 1.118838e+09 9.910245e+08 8.107361e+08 6.617964e+08 5.476843e+08
9.608880e+08 9.608881e+08 9.608881e+08 9.608885e+08 9.608900e+08 9.609330e+08 9.610593e+08 9.615246e+08 9.618469e+08 9.622086e+08 9.629595e+08 9.636222e+08 9.641359e+08 9.645182e+08 9.648191e+08 9.650984e+08 9.654249e+08 9.706829e+08 9.860551e+08 1.007050e+09 1.026332e+09 1.041604e+09 1.053990e+09 1.075251e+09 1.094631e+09 1.109911e+09 1.119365e+09 1.123369e+09 1.122664e+09 9.855181e+08 8.047700e+08 6.567611e+08 5.436394e+08
1.050118e+09 1.050118e+09 1.050118e+09 1.050119e+09 1.050119e+09 1.050141e+09 1.050202e+09 1.050424e+09 1.050574e+09 1.050736e+09 1.051036e+09 1.051224e+09 1.051267e+09 1.051189e+09 1.051033e+09 1.050836e+09 1.050622e+09 1.050144e+09 1.053944e+09 1.064146e+09 1.077574e+09 1.089999e+09 1.099465e+09 1.111006e+09 1.118180e+09 1.123923e+09 1.127933e+09 1.128372e+09 1.125074e+09 9.792805e+08 7.984335e+08 6.515264e+08 5.394799e+08
1.114837e+09 1.114837e+09 1.114837e+09 1.114837e+09 1.114837e+09 1.114846e+09 1.114871e+09 1.114955e+09 1.115007e+09 1.115059e+09 1.115132e+09 1.115122e+09 1.115013e+09 1.114818e+09 1.114559e+09 1.114256e+09 1.113917e+09 1.111803e+09 1.110197e+09 1.111961e+09 1.117820e+09 1.125703e+09 1.133015e+09 1.141176e+09 1.142095e+09 1.139886e+09 1.136483e+09 1.132257e+09 1.126065e+09 9.722688e+08 7.917210e+08 6.460928e+08 5.352069e+08
1.155180e+09 1.155180e+09 1.155180e+09 1.155180e+09 1.155180e+09 1.155183e+09 1.155190e+09 1.155209e+09 1.155217e+09 1.155225e+09 1.155233e+09 1.155233e+09 1.155219e+09 1.155187e+09 1.155128e+09 1.155035e+09 1.154898e+09 1.153353e+09 1.150519e+09 1.148232e+09 1.148477e+09 1.151399e+09 1.155610e+09 1.161719e+09 1.160803e+09 1.154612e+09 1.145979e+09 1.136323e+09 1.126137e+09 9.644518e+08 7.846293e+08 6.404615e+08 5.308221e+08
1.176021e+09 1.176021e+09 1.176021e+09 1.176021e+09 1.176021e+09 1.176023e+09 1.176024e+09 1.176023e+09 1.176020e+09 1.176020e+09 1.176058e+09 1.176183e+09 1.176402e+09 1.176686e+09 1.176995e+09 1.177289e+09 1.177541e+09 1.177648e+09 1.175609e+09 1.172400e+09 1.169834e+09 1.169097e+09 1.170094e+09 1.173251e+09 1.172058e+09 1.164864e+09 1.153648e+09 1.140472e+09 1.126457e+09 9.558145e+08 7.771579e+08 6.346346e+08 5.263273e+08
1.183268e+09 1.183268e+09 1.183268e+09 1.183268e+09 1.183268e+09 1.183268e+09 1.183267e+09 1.183259e+09 1.183255e+09 1.183259e+09 1.183355e+09 1.183643e+09 1.184137e+09 1.184785e+09 1.185514e+09 1.186255e+09 1.186956e+09 1.189086e+09 1.188565e+09 1.185983e+09 1.182652e+09 1.179920e+09 1.178442e+09 1.178027e+09 1.176186e+09 1.169291e+09 1.157519e+09 1.142648e+09 1.126247e+09 9.463614e+08 7.693091e+08 6.286152e+08 5.217248e+08
1.181607e+09 1.181607e+09 1.181607e+09 1.181607e+09 1.181607e+09 1.181607e+09 1.181607e+09 1.181601e+09 1.181600e+09 1.181615e+09 1.181782e+09 1.182241e+09 1.183016e+09 1.184034e+09 1.185185e+09 1.186373e+09 1.187524e+09 1.191673e+09 1.192755e+09 1.191310e+09 1.188276e+09 1.184799e+09 1.181783e+09 1.177993e+09 1.174660e+09 1.168020e+09 1.156714e+09 1.141575e+09 1.124093e+09 9.361203e+08 7.610887e+08 6.224071e+08 5.170170e+08
1.174410e+09 1.174410e+09 1.174410e+09 1.174410e+09 1.174410e+09 1.174409e+09 1.174408e+09 1.174401e+09 1.174401e+09 1.174423e+09 1.174650e+09 1.175263e+09 1.176296e+09 1.177652e+09 1.179192e+09 1.180791e+09 1.182357e+09 1.188335e+09 1.190836e+09 1.190518e+09 1.188151e+09 1.184627e+09 1.180822e+09 1.174326e+09 1.168955e+09 1.161955e+09 1.151256e+09 1.136658e+09 1.119139e+09 9.251447e+08 7.525061e+08 6.160151e+08 5.122070e+08
1.163478e+09 1.163478e+09 1.163478e+09 1.163478e+09 1.163478e+09 1.163478e+09 1.163477e+09 1.163470e+09 1.163473e+09 1.163504e+09 1.163789e+09 1.164549e+09 1.165822e+09 1.167491e+09 1.169389e+09 1.171363e+09 1.173302e+09 1.180876e+09 1.184534e+09 1.185131e+09 1.183430e+09 1.180146e+09 1.176026e+09 1.167595e+09 1.160088e+09 1.152129e+09 1.141697e+09 1.127876e+09 1.110975e+09 9.135162e+08 7.435744e+08 6.094451e+08 5.072978e+08
1.149950e+09 1.149950e+09 1.149950e+09 1.149950e+09 1.149950e+09 1.149950e+09 1.149947e+09 1.149934e+09 1.149934e+09 1.149967e+09 1.150292e+09 1.151167e+09 1.152638e+09 1.154571e+09 1.156772e+09 1.159064e+09 1.161318e+09 1.170211e+09 1.174760e+09 1.176027e+09 1.174854e+09 1.171869e+09 1.167693e+09 1.158014e+09 1.148612e+09 1.139367e+09 1.128763e+09 1.115589e+09 1.099580e+09 9.013471e+08 7.343108e+08 6.027037e+08 5.022931e+08
1.133971e+09 1.133971e+09 1.133971e+09 1.133971e+09 1.133971e+09 1.133970e+09 1.133966e+09 1.133950e+09 1.133949e+09 1.133986e+09 1.134347e+09 1.135325e+09 1.136969e+09 1.139129e+09 1.141588e+09 1.144148e+09 1.146668e+09 1.156634e+09 1.161855e+09 1.163592e+09 1.162803e+09 1.160096e+09 1.155996e+09 1.145632e+09 1.134766e+09 1.124211e+09 1.113118e+09 1.100325e+09 1.085208e+09 8.887896e+08 7.247368e+08 5.957989e+08 4.971968e+08
1.115626e+09 1.115626e+09 1.115626e+09 1.115626e+09 1.115626e+09 1.115624e+09 1.115618e+09 1.115597e+09 1.115593e+09 1.115628e+09 1.116013e+09 1.117065e+09 1.118841e+09 1.121177e+09 1.123838e+09 1.126610e+09 1.129337e+09 1.140140e+09 1.145867e+09 1.147945e+09 1.147444e+09 1.144991e+09 1.141053e+09 1.130461e+09 1.118640e+09 1.106982e+09 1.095278e+09 1.082625e+09 1.068263e+09 8.760729e+08 7.148778e+08 5.887393e+08 4.920130e+08
1.094702e+09 1.094702e+09 1.094702e+09 1.094702e+09 1.094702e+09 1.094700e+09 1.094694e+09 1.094669e+09 1.094663e+09 1.094700e+09 1.095105e+09 1.096217e+09 1.098096e+09 1.100569e+09 1.103384e+09 1.106318e+09 1.109205e+09 1.120652e+09 1.126777e+09 1.129136e+09 1.128891e+09 1.126698e+09 1.122994e+09 1.112554e+09 1.100287e+09 1.087872e+09 1.075618e+09 1.062966e+09 1.049194e+09 8.632318e+08 7.047635e+08 5.815349e+08 4.867465e+08
1.071181e+09 1.071181e+09 1.071181e+09 1.071181e+09 1.071180e+09 1.071178e+09 1.071172e+09 1.071145e+09 1.071139e+09 1.071176e+09 1.071596e+09 1.072751e+09 1.074704e+09 1.077274e+09 1.080203e+09 1.083255e+09 1.086260e+09 1.098201e+09 1.104666e+09 1.107294e+09 1.107317e+09 1.105419e+09 1.102024e+09 1.092049e+09 1.079802e+09 1.067032e+09 1.054414e+09 1.041738e+09 1.028427e+09 8.501030e+08 6.944276e+08 5.741963e+08 4.814019e+08
1.045200e+09 1.045200e+09 1.045200e+09 1.045200e+09 1.045200e+09 1.045198e+09 1.045192e+09 1.045165e+09 1.045160e+09 1.045199e+09 1.045632e+09 1.046820e+09 1.048827e+09 1.051468e+09 1.054477e+09 1.057615e+09 1.060705e+09 1.073025e+09 1.079790e+09 1.082697e+09 1.083020e+09 1.081464e+09 1.078445e+09 1.069188e+09 1.057350e+09 1.044620e+09 1.031893e+09 1.019260e+09 1.006340e+09 8.365950e+08 6.839076e+08 5.667355e+08 4.759847e+08
1.017176e+09 1.017176e+09 1.017176e+09 1.017176e+09 1.017176e+09 1.017174e+09 1.017167e+09 1.017142e+09 1.017137e+09 1.017179e+09 1.017621e+09 1.018831e+09 1.020870e+09 1.023554e+09 1.026613e+09 1.029804e+09 1.032950e+09 1.045542e+09 1.052575e+09 1.055770e+09 1.056423e+09 1.055249e+09 1.052662e+09 1.044303e+09 1.033176e+09 1.020828e+09 1.008261e+09 9.957957e+08 9.832555e+08 8.226529e+08 6.732454e+08 5.591649e+08 4.705002e+08
9.875855e+08 9.875855e+08 9.875855e+08 9.875855e+08 9.875855e+08 9.875836e+08 9.875778e+08 9.875555e+08 9.875532e+08 9.875976e+08 9.880491e+08 9.892721e+08 9.913301e+08 9.940369e+08 9.971221e+08 1.000342e+09 1.003519e+09 1.016296e+09 1.023560e+09 1.027040e+09 1.028037e+09 1.027269e+09 1.025143e+09 1.017792e+09 1.007584e+09 9.958882e+08 9.837247e+08 9.715755e+08 9.594459e+08 8.082499e+08 6.624871e+08 5.514983e+08 4.649542e+08
9.570206e+08 9.570206e+08 9.570206e+08 9.570206e+08 9.570205e+08 9.570190e+08 9.570139e+08 9.569945e+08 9.569942e+08 9.570408e+08 9.574967e+08 9.587231e+08 9.607837e+08 9.634934e+08 9.665829e+08 9.698095e+08 9.729964e+08 9.858750e+08 9.933280e+08 9.970749e+08 9.984107e+08 9.980492e+08 9.963888e+08 9.900874e+08 9.809151e+08 9.700600e+08 9.584989e+08 9.468084e+08 9.351436e+08 7.933844e+08 6.516857e+08 5.437498e+08 4.593528e+08
9.259771e+08 9.259771e+08 9.259771e+08 9.259770e+08 9.259770e+08 9.259756e+08 9.259711e+08 9.259543e+08 9.259563e+08 9.260055e+08 9.264655e+08 9.276923e+08 9.297490e+08 9.324515e+08 9.355329e+08 9.387525e+08 9.419349e+08 9.548510e+08 9.624473e+08 9.664290e+08 9.680785e+08 9.681010e+08 9.668873e+08 9.616165e+08 9.535205e+08 9.436157e+08 9.327991e+08 9.216882e+08 9.105487e+08 7.780772e+08 6.409095e+08 5.359347e+08 4.537023e+08
8.949908e+08 8.949908e+08 8.949908e+08 8.949908e+08 8.949908e+08 8.949896e+08 8.949859e+08 8.949723e+08 8.949762e+08 8.950270e+08 8.954870e+08 8.967061e+08 8.987468e+08 9.014277e+08 9.044852e+08 9.076817e+08 9.108437e+08 9.237307e+08 9.314199e+08 9.355941e+08 9.375181e+08 9.378863e+08 9.370813e+08 9.327763e+08 9.257356e+08 9.168226e+08 9.068364e+08 8.963941e+08 8.858346e+08 7.623685e+08 6.302034e+08 5.280686e+08 4.480093e+08
8.644082e+08 8.644082e+08 8.644082e+08 8.644081e+08 8.644081e+08 8.644071e+08 8.644040e+08 8.643927e+08 8.643983e+08 8.644507e+08 8.649101e+08 8.661193e+08 8.681399e+08 8.707928e+08 8.738184e+08 8.769826e+08 8.801146e+08 8.929219e+08 9.006561e+08 9.049762e+08 9.071275e+08 9.077929e+08 9.073469e+08 9.039123e+08 8.978616e+08 8.899283e+08 8.808086e+08 8.710900e+08 8.611518e+08 7.463141e+08 6.195310e+08 5.201681e+08 4.422805e+08
8.345622e+08 8.345622e+08 8.345622e+08 8.345622e+08 8.345622e+08 8.345614e+08 8.345588e+08 8.345495e+08 8.345563e+08 8.346094e+08 8.350647e+08 8.362581e+08 8.382501e+08 8.408652e+08 8.438481e+08 8.469688e+08 8.500596e+08 8.627351e+08 8.704673e+08 8.748861e+08 8.772153e+08 8.781252e+08 8.779830e+08 8.753075e+08 8.701541e+08 8.631504e+08 8.548928e+08 8.459218e+08 8.366297e+08 7.299812e+08 6.088722e+08 5.122502e+08 4.365229e+08
8.056041e+08 8.056041e+08 8.056041e+08 8.056041e+08 8.056041e+08 8.056034e+08 8.056013e+08 8.055941e+08 8.056022e+08 8.056559e+08 8.061069e+08 8.072830e+08 8.092438e+08 8.118169e+08 8.147521e+08 8.178236e+08 8.208669e+08 8.333763e+08 8.410679e+08 8.455427e+08 8.480023e+08 8.491054e+08 8.492119e+08 8.471800e+08 8.428184e+08 8.366700e+08 8.292410e+08 8.210151e+08 8.123779e+08 7.134441e+08 5.982166e+08 5.043326e+08 4.307435e+08
7.776714e+08 7.776714e+08 7.776714e+08 7.776714e+08 7.776714e+08 7.776708e+08 7.776689e+08 7.776626e+08 7.776713e+08 7.777249e+08 7.781694e+08 7.793254e+08 7.812512e+08 7.837778e+08 7.866601e+08 7.896768e+08 7.926668e+08 8.049779e+08 8.125938e+08 8.170855e+08 8.196325e+08 8.208812e+08 8.211851e+08 8.196868e+08 8.160095e+08 8.106308e+08 8.039780e+08 7.964753e+08 7.884871e+08 6.967803e+08 5.875592e+08 4.964342e+08 4.249496e+08
7.508350e+08 7.508350e+08 7.508350e+08 7.508350e+08 7.508350e+08 7.508345e+08 7.508327e+08 7.508271e+08 7.508360e+08 7.508890e+08 7.513252e+08 7.524579e+08 7.543440e+08 7.568184e+08 7.596413e+08 7.625964e+08 7.655261e+08 7.776054e+08 7.851134e+08 7.895882e+08 7.921852e+08 7.935384e+08 7.939949e+08 7.929317e+08 7.898376e+08 7.851407e+08 7.792018e+08 7.723870e+08 7.650309e+08 6.800666e+08 5.768986e+08 4.885752e+08 4.191486e+08
7.250794e+08 7.250794e+08 7.250794e+08 7.250794e+08 7.250793e+08 7.250789e+08 7.250774e+08 7.250728e+08 7.250821e+08 7.251346e+08 7.255623e+08 7.266704e+08 7.285144e+08 7.309331e+08 7.336926e+08 7.365816e+08 7.394463e+08 7.512690e+08 7.586434e+08 7.630739e+08 7.656907e+08 7.671148e+08 7.676869e+08 7.669754e+08 7.643749e+08 7.602762e+08 7.549859e+08 7.488161e+08 7.420672e+08 6.633767e+08 5.662371e+08 4.807797e+08 4.133479e+08
7.003935e+08 7.003935e+08 7.003935e+08 7.003935e+08 7.003935e+08 7.003930e+08 7.003917e+08 7.003877e+08 7.003972e+08 7.004487e+08 7.008664e+08 7.019473e+08 7.037457e+08 7.061045e+08 7.087955e+08 7.116132e+08 7.144075e+08 7.259489e+08 7.331679e+08 7.375324e+08 7.401456e+08 7.416148e+08 7.422734e+08 7.418465e+08 7.396637e+08 7.360883e+08 7.313829e+08 7.258120e+08 7.196404e+08 6.467788e+08 5.555794e+08 4.730727e+08 4.075552e+08
6.767212e+08 6.767212e+08 6.767212e+08 6.767212e+08 6.767212e+08 6.767208e+08 6.767196e+08 6.767159e+08 6.767253e+08 6.767757e+08 6.771826e+08 6.782347e+08 6.799848e+08 6.822802e+08 6.848991e+08 6.876414e+08 6.903613e+08 7.016029e+08 7.086505e+08 7.129334e+08 7.155266e+08 7.170220e+08 7.177458e+08 7.175516e+08 7.157248e+08 7.126077e+08 7.084285e+08 7.034102e+08 6.977832e+08 6.303343e+08 5.449331e+08 4.654436e+08 4.017781e+08
6.539981e+08 6.539981e+08 6.539981e+08 6.539981e+08 6.539980e+08 6.539977e+08 6.539966e+08 6.539934e+08 6.540027e+08 6.540520e+08 6.544478e+08 6.554704e+08 6.571709e+08 6.594011e+08 6.619455e+08 6.646099e+08 6.672529e+08 6.781822e+08 6.850479e+08 6.892392e+08 6.918013e+08 6.933103e+08 6.940841e+08 6.940843e+08 6.925647e+08 6.898512e+08 6.861453e+08 6.816353e+08 6.765193e+08 6.140974e+08 5.343076e+08 4.578839e+08 3.960243e+08
6.321808e+08 6.321808e+08 6.321808e+08 6.321808e+08 6.321808e+08 6.321805e+08 6.321794e+08 6.321762e+08 6.321853e+08 6.322330e+08 6.326168e+08 6.336082e+08 6.352569e+08 6.374192e+08 6.398864e+08 6.424704e+08 6.450339e+08 6.556413e+08 6.623185e+08 6.664125e+08 6.689369e+08 6.704515e+08 6.712652e+08 6.714318e+08 6.701810e+08 6.678257e+08 6.645465e+08 6.605031e+08 6.558646e+08 5.981142e+08 5.237143e+08 4.503890e+08 3.903018e+08
6.111979e+08 6.111979e+08 6.111979e+08 6.111979e+08 6.111979e+08 6.111976e+08 6.111966e+08 6.111940e+08 6.112031e+08 6.112497e+08 6.116222e+08 6.125832e+08 6.141809e+08 6.162761e+08 6.186667e+08 6.211705e+08 6.236547e+08 6.339399e+08 6.404272e+08 6.444215e+08 6.469049e+08 6.484200e+08 6.492668e+08 6.495793e+08 6.485671e+08 6.465321e+08 6.436387e+08 6.400232e+08 6.358295e+08 5.824235e+08 5.131659e+08 4.429567e+08 3.846187e+08
5.910265e+08 5.910265e+08 5.910265e+08 5.910265e+08 5.910265e+08 5.910262e+08 5.910254e+08 5.910231e+08 5.910320e+08 5.910773e+08 5.914382e+08 5.923686e+08 5.939151e+08 5.959430e+08 5.982571e+08 6.006810e+08 6.030861e+08 6.130503e+08 6.193481e+08 6.232421e+08 6.256828e+08 6.271953e+08 6.280702e+08 6.285127e+08 6.277146e+08 6.259677e+08 6.234238e+08 6.202006e+08 6.164200e+08 5.670568e+08 5.026763e+08 4.355856e+08 3.789837e+08
5.716383e+08 5.716383e+08 5.716383e+08 5.716383e+08 5.716383e+08 5.716381e+08 5.716373e+08 5.716353e+08 5.716441e+08 5.716881e+08 5.720375e+08 5.729377e+08 5.744335e+08 5.763951e+08 5.786334e+08 5.809782e+08 5.833053e+08 5.929521e+08 5.990624e+08 6.028567e+08 6.052538e+08 6.067612e+08 6.076603e+08 6.082194e+08 6.076144e+08 6.061276e+08 6.039007e+08 6.010365e+08 5.976384e+08 5.520391e+08 4.922599e+08 4.282753e+08 3.734068e+08
5.530040e+08 5.530040e+08 5.530040e+08 5.530040e+08 5.530040e+08 5.530038e+08 5.530032e+08 5.530016e+08 5.530103e+08 5.530531e+08 5.533916e+08 5.542624e+08 5.557092e+08 5.576063e+08 5.597712e+08 5.620391e+08 5.642903e+08 5.736283e+08 5.795558e+08 5.832521e+08 5.856050e+08 5.871053e+08 5.880247e+08 5.886883e+08 5.882575e+08 5.870054e+08 5.850658e+08 5.825294e+08 5.794842e+08 5.373897e+08 4.819316e+08 4.210262e+08 3.679001e+08
5.351124e+08 5.351124e+08 5.351124e+08 5.351124e+08 5.351124e+08 5.351122e+08 5.351116e+08 5.351102e+08 5.351189e+08 5.351604e+08 5.354881e+08 5.363306e+08 5.377299e+08 5.395646e+08 5.416584e+08 5.438520e+08 5.460297e+08 5.550686e+08 5.608181e+08 5.644179e+08 5.667261e+08 5.682168e+08 5.691528e+08 5.699087e+08 5.696340e+08 5.685933e+08 5.669133e+08 5.646753e+08 5.619545e+08 5.231222e+08 4.717060e+08 4.138390e+08 3.624620e+08
5.179542e+08 5.179542e+08 5.179542e+08 5.179542e+08 5.179542e+08 5.179540e+08 5.179535e+08 5.179523e+08 5.179608e+08 5.180011e+08 5.183183e+08 5.191332e+08 5.204865e+08 5.222609e+08 5.242858e+08 5.264076e+08 5.285140e+08 5.372630e+08 5.428391e+08 5.463439e+08 5.486065e+08 5.500850e+08 5.510333e+08 5.518692e+08 5.517335e+08 5.508819e+08 5.494356e+08 5.474680e+08 5.450439e+08 5.092462e+08 4.615976e+08 4.067151e+08 3.570871e+08
5.015102e+08 5.015102e+08 5.015102e+08 5.015102e+08 5.015102e+08 5.015100e+08 5.015095e+08 5.015086e+08 5.015169e+08 5.015561e+08 5.018632e+08 5.026517e+08 5.039608e+08 5.056772e+08 5.076361e+08 5.096888e+08 5.117270e+08 5.201974e+08 5.256061e+08 5.290177e+08 5.312339e+08 5.326974e+08 5.336538e+08 5.345572e+08 5.345434e+08 5.338598e+08 5.326226e+08 5.308991e+08 5.287451e+08 4.957673e+08 4.516200e+08 3.996562e+08 3.517728e+08
4.857604e+08 4.857604e+08 4.857604e+08 4.857604e+08 4.857604e+08 4.857603e+08 4.857599e+08 4.857594e+08 4.857677e+08 4.858060e+08 4.861038e+08 4.868675e+08 4.881349e+08 4.897964e+08 4.916926e+08 4.936797e+08 4.956530e+08 5.038573e+08 5.091045e+08 5.124247e+08 5.145934e+08 5.160390e+08 5.169989e+08 5.179576e+08 5.180493e+08 5.175137e+08 5.164625e+08 5.149580e+08 5.130486e+08 4.826876e+08 4.417861e+08 3.926645e+08 3.465173e+08
4.707000e+08 4.707000e+08 4.707000e+08 4.707000e+08 4.707000e+08 4.706999e+08 4.706996e+08 4.706993e+08 4.707075e+08 4.707447e+08 4.710334e+08 4.717729e+08 4.730001e+08 4.746087e+08 4.764445e+08 4.783685e+08 4.802791e+08 4.882267e+08 4.933169e+08 4.965468e+08 4.986667e+08 5.000914e+08 5.010506e+08 5.020526e+08 5.022342e+08 5.018278e+08 5.009410e+08 4.996319e+08 4.979432e+08 4.700067e+08 4.321076e+08 3.857424e+08 3.413196e+08
4.563035e+08 4.563035e+08 4.563035e+08 4.563035e+08 4.563035e+08 4.563034e+08 4.563032e+08 4.563030e+08 4.563110e+08 4.563471e+08 4.566269e+08 4.573431e+08 4.585315e+08 4.600894e+08 4.618673e+08 4.637306e+08 4.655812e+08 4.732820e+08 4.782202e+08 4.813612e+08 4.834316e+08 4.848328e+08 4.857874e+08 4.868218e+08 4.870790e+08 4.867843e+08 4.860419e+08 4.849063e+08 4.834155e+08 4.577219e+08 4.225953e+08 3.788925e+08 3.361788e+08
4.425382e+08 4.425382e+08 4.425382e+08 4.425382e+08 4.425382e+08 4.425381e+08 4.425378e+08 4.425377e+08 4.425455e+08 4.425805e+08 4.428517e+08 4.435458e+08 4.446975e+08 4.462070e+08 4.479299e+08 4.497357e+08 4.515292e+08 4.589948e+08 4.637873e+08 4.668418e+08 4.688624e+08 4.702383e+08 4.711850e+08 4.722423e+08 4.725620e+08 4.723633e+08 4.717469e+08 4.707647e+08 4.694508e+08 4.458285e+08 4.132584e+08 3.721177e+08 3.310944e+08
4.293783e+08 4.293783e+08 4.293783e+08 4.293783e+08 4.293783e+08 4.293783e+08 4.293781e+08 4.293781e+08 4.293859e+08 4.294200e+08 4.296832e+08 4.303564e+08 4.314731e+08 4.329368e+08 4.346073e+08 4.363582e+08 4.380973e+08 4.453383e+08 4.499907e+08 4.529611e+08 4.549321e+08 4.562812e+08 4.572174e+08 4.582893e+08 4.586602e+08 4.585433e+08 4.580365e+08 4.571893e+08 4.560327e+08 4.343203e+08 4.041049e+08 3.654211e+08 3.260660e+08
4.168034e+08 4.168034e+08 4.168034e+08 4.168034e+08 4.168034e+08 4.168033e+08 4.168032e+08 4.168033e+08 4.168108e+08 4.168439e+08 4.170993e+08 4.177522e+08 4.188352e+08 4.202548e+08 4.218749e+08 4.235731e+08 4.252600e+08 4.322849e+08 4.368020e+08 4.396905e+08 4.416123e+08 4.429336e+08 4.438572e+08 4.449368e+08 4.453492e+08 4.453016e+08 4.448896e+08 4.441609e+08 4.431440e+08 4.231900e+08 3.951416e+08 3.588057e+08 3.210936e+08
4.047778e+08 4.047778e+08 4.047778e+08 4.047778e+08 4.047778e+08 4.047778e+08 4.047776e+08 4.047778e+08 4.047852e+08 4.048174e+08 4.050653e+08 4.056991e+08 4.067501e+08 4.081276e+08 4.096998e+08 4.113478e+08 4.129848e+08 4.198037e+08 4.241912e+08 4.270006e+08 4.288740e+08 4.301670e+08 4.310766e+08 4.321583e+08 4.326037e+08 4.326147e+08 4.322846e+08 4.316597e+08 4.307664e+08 4.124292e+08 3.863740e+08 3.522748e+08 3.161770e+08
3.932749e+08 3.932749e+08 3.932749e+08 3.932749e+08 3.932749e+08 3.932749e+08 3.932747e+08 3.932749e+08 3.932821e+08 3.933134e+08 3.935541e+08 3.941694e+08 3.951898e+08 3.965273e+08 3.980538e+08 3.996539e+08 4.012434e+08 4.078658e+08 4.121293e+08 4.148624e+08 4.166886e+08 4.179532e+08 4.188475e+08 4.199270e+08 4.203984e+08 4.204588e+08 4.201994e+08 4.196651e+08 4.188810e+08 4.020288e+08 3.778061e+08 3.458313e+08 3.113162e+08
3.822681e+08 3.822681e+08 3.822681e+08 3.822681e+08 3.822681e+08 3.822681e+08 3.822680e+08 3.822682e+08 3.822753e+08 3.823058e+08 3.825398e+08 3.831376e+08 3.841289e+08 3.854282e+08 3.869111e+08 3.884655e+08 3.900097e+08 3.964441e+08 4.005886e+08 4.032480e+08 4.050282e+08 4.062644e+08 4.071428e+08 4.082165e+08 4.087081e+08 4.088100e+08 4.086114e+08 4.081564e+08 4.074687e+08 3.919792e+08 3.694411e+08 3.394783e+08 3.065116e+08
3.717343e+08 3.717343e+08 3.717343e+08 3.717343e+08 3.717343e+08 3.717342e+08 3.717341e+08 3.717344e+08 3.717413e+08 3.717709e+08 3.719984e+08 3.725794e+08 3.735428e+08 3.748054e+08 3.762465e+08 3.777571e+08 3.792578e+08 3.855118e+08 3.895419e+08 3.921302e+08 3.938655e+08 3.950736e+08 3.959356e+08 3.970009e+08 3.975081e+08 3.976448e+08 3.974987e+08 3.971128e+08 3.965102e+08 3.822702e+08 3.612807e+08 3.332187e+08 3.017634e+08
3.616461e+08 3.616461e+08 3.616461e+08 3.616461e+08 3.616461e+08 3.616460e+08 3.616459e+08 3.616462e+08 3.616529e+08 3.616817e+08 3.619029e+08 3.624677e+08 3.634043e+08 3.646319e+08 3.660329e+08 3.675016e+08 3.689607e+08 3.750421e+08 3.789626e+08 3.814826e+08 3.831744e+08 3.843550e+08 3.852005e+08 3.862554e+08 3.867742e+08 3.869402e+08 3.868394e+08 3.865140e+08 3.859865e+08 3.728914e+08 3.533260e+08 3.270553e+08 2.970718e+08
3.519784e+08 3.519784e+08 3.519784e+08 3.519784e+08 3.519784e+08 3.519784e+08 3.519783e+08 3.519787e+08 3.519852e+08 3.520133e+08 3.522285e+08 3.527780e+08 3.536891e+08 3.548831e+08 3.562460e+08 3.576746e+08 3.590940e+08 3.650103e+08 3.688259e+08 3.712803e+08 3.729302e+08 3.740840e+08 3.749129e+08 3.759560e+08 3.764833e+08 3.766740e+08 3.766123e+08 3.763398e+08 3.758786e+08 3.638324e+08 3.455768e+08 3.209907e+08 2.924373e+08
3.427113e+08 3.427113e+08 3.427113e+08 3.427113e+08 3.427113e+08 3.427112e+08 3.427112e+08 3.427115e+08 3.427179e+08 3.427453e+08 3.429548e+08 3.434895e+08 3.443761e+08 3.455381e+08 3.468643e+08 3.482546e+08 3.496359e+08 3.553940e+08 3.591090e+08 3.615003e+08 3.631098e+08 3.642375e+08 3.650500e+08 3.660802e+08 3.666134e+08 3.668248e+08 3.667968e+08 3.665708e+08 3.661681e+08 3.550826e+08 3.380324e+08 3.150270e+08 2.878604e+08
3.338233e+08 3.338233e+08 3.338233e+08 3.338233e+08 3.338233e+08 3.338233e+08 3.338232e+08 3.338236e+08 3.338298e+08 3.338564e+08 3.340604e+08 3.345810e+08 3.354441e+08 3.365754e+08 3.378666e+08 3.392201e+08 3.405649e+08 3.461717e+08 3.497903e+08 3.521210e+08 3.536914e+08 3.547937e+08 3.555900e+08 3.566064e+08 3.571435e+08 3.573722e+08 3.573734e+08 3.571880e+08 3.568372e+08 3.466314e+08 3.306912e+08 3.091665e+08 2.833415e+08
3.252942e+08 3.252942e+08 3.252942e+08 3.252942e+08 3.252942e+08 3.252942e+08 3.252941e+08 3.252945e+08 3.253007e+08 3.253266e+08 3.255254e+08 3.260326e+08 3.268734e+08 3.279753e+08 3.292330e+08 3.305514e+08 3.318614e+08 3.373234e+08 3.408495e+08 3.431220e+08 3.446547e+08 3.457322e+08 3.465125e+08 3.475145e+08 3.480534e+08 3.482965e+08 3.483231e+08 3.481734e+08 3.478684e+08 3.384683e+08 3.235508e+08 3.034109e+08 2.788812e+08
3.171090e+08 3.171090e+08 3.171090e+08 3.171090e+08 3.171090e+08 3.171090e+08 3.171089e+08 3.171093e+08 3.171153e+08 3.171406e+08 3.173343e+08 3.178285e+08 3.186477e+08 3.197214e+08 3.209469e+08 3.222316e+08 3.235080e+08 3.288308e+08 3.322679e+08 3.344842e+08 3.359803e+08 3.370335e+08 3.377980e+08 3.387850e+08 3.393244e+08 3.395794e+08 3.396279e+08 3.395096e+08 3.392452e+08 3.305829e+08 3.166087e+08 2.977617e+08 2.744801e+08
3.092489e+08 3.092489e+08 3.092489e+08 3.092489e+08 3.092489e+08 3.092489e+08 3.092488e+08 3.092493e+08 3.092551e+08 3.092798e+08 3.094686e+08 3.099503e+08 3.107489e+08 3.117955e+08 3.129901e+08 3.142424e+08 3.154866e+08 3.206754e+08 3.240269e+08 3.261889e+08 3.276497e+08 3.286793e+08 3.294282e+08 3.303998e+08 3.309383e+08 3.312030e+08 3.312705e+08 3.311798e+08 3.309515e+08 3.229652e+08 3.098615e+08 2.922202e+08 2.701386e+08
3.016968e+08 3.016968e+08 3.016968e+08 3.016968e+08 3.016968e+08 3.016968e+08 3.016968e+08 3.016972e+08 3.017029e+08 3.017270e+08 3.019112e+08 3.023809e+08 3.031597e+08 3.041802e+08 3.053451e+08 3.065662e+08 3.077795e+08 3.128397e+08 3.161088e+08 3.182187e+08 3.196453e+08 3.206520e+08 3.213856e+08 3.223417e+08 3.228781e+08 3.231508e+08 3.232347e+08 3.231683e+08 3.229720e+08 3.156050e+08 3.033056e+08 2.867872e+08 2.658575e+08
2.944375e+08 2.944375e+08 2.944375e+08 2.944375e+08 2.944375e+08 2.944375e+08 2.944375e+08 2.944379e+08 2.944434e+08 2.944670e+08 2.946466e+08 2.951048e+08 2.958644e+08 2.968599e+08 2.979962e+08 2.991874e+08 3.003710e+08 3.053075e+08 3.084975e+08 3.105571e+08 3.119507e+08 3.129353e+08 3.136539e+08 3.145942e+08 3.151277e+08 3.154068e+08 3.155049e+08 3.154599e+08 3.152920e+08 3.084927e+08 2.969372e+08 2.814636e+08 2.616371e+08
2.874557e+08 2.874557e+08 2.874557e+08 2.874557e+08 2.874557e+08 2.874557e+08 2.874556e+08 2.874561e+08 2.874615e+08 2.874845e+08 2.876598e+08 2.881071e+08 2.888484e+08 2.898199e+08 2.909287e+08 2.920912e+08 2.932462e+08 2.980640e+08 3.011777e+08 3.031889e+08 3.045506e+08 3.055136e+08 3.062176e+08 3.071421e+08 3.076720e+08 3.079560e+08 3.080663e+08 3.080402e+08 3.078977e+08 3.016189e+08 2.907519e+08 2.762495e+08 2.574781e+08
2.807396e+08 2.807396e+08 2.807396e+08 2.807396e+08 2.807396e+08 2.807396e+08 2.807396e+08 2.807400e+08 2.807453e+08 2.807678e+08 2.809389e+08 2.813755e+08 2.820991e+08 2.830474e+08 2.841298e+08 2.852645e+08 2.863920e+08 2.910951e+08 2.941353e+08 2.960997e+08 2.974305e+08 2.983725e+08 2.990621e+08 2.999709e+08 3.004964e+08 3.007843e+08 3.009051e+08 3.008956e+08 3.007756e+08 2.949743e+08 2.847454e+08 2.711453e+08 2.533810e+08
2.742752e+08 2.742752e+08 2.742752e+08 2.742752e+08 2.742752e+08 2.742752e+08 2.742751e+08 2.742756e+08 2.742808e+08 2.743027e+08 2.744698e+08 2.748961e+08 2.756026e+08 2.765286e+08 2.775855e+08 2.786935e+08 2.797945e+08 2.843872e+08 2.873565e+08 2.892757e+08 2.905766e+08 2.914983e+08 2.921738e+08 2.930668e+08 2.935874e+08 2.938781e+08 2.940079e+08 2.940130e+08 2.939131e+08 2.885500e+08 2.789131e+08 2.661506e+08 2.493461e+08
2.680491e+08 2.680491e+08 2.680491e+08 2.680491e+08 2.680491e+08 2.680490e+08 2.680490e+08 2.680494e+08 2.680545e+08 2.680759e+08 2.682392e+08 2.686556e+08 2.693458e+08 2.702503e+08 2.712827e+08 2.723650e+08 2.734405e+08 2.779270e+08 2.808282e+08 2.827038e+08 2.839758e+08 2.848777e+08 2.855395e+08 2.864169e+08 2.869322e+08 2.872247e+08 2.873622e+08 2.873802e+08 2.872983e+08 2.823375e+08 2.732504e+08 2.612651e+08 2.453739e+08
2.620496e+08 2.620496e+08 2.620496e+08 2.620496e+08 2.620496e+08 2.620496e+08 2.620496e+08 2.620500e+08 2.620550e+08 2.620759e+08 2.622355e+08 2.626424e+08 2.633169e+08 2.642008e+08 2.652096e+08 2.662673e+08 2.673182e+08 2.717026e+08 2.745381e+08 2.763718e+08 2.776158e+08 2.784985e+08 2.791470e+08 2.800089e+08 2.805185e+08 2.808120e+08 2.809561e+08 2.809855e+08 2.809196e+08 2.763284e+08 2.677525e+08 2.564882e+08 2.414648e+08
2.562676e+08 2.562676e+08 2.562676e+08 2.562676e+08 2.562676e+08 2.562676e+08 2.562676e+08 2.562680e+08 2.562729e+08 2.562934e+08 2.564493e+08 2.568471e+08 2.575063e+08 2.583703e+08 2.593563e+08 2.603901e+08 2.614174e+08 2.657031e+08 2.684750e+08 2.702681e+08 2.714851e+08 2.723492e+08 2.729847e+08 2.738312e+08 2.743348e+08 2.746288e+08 2.747783e+08 2.748178e+08 2.747662e+08 2.705148e+08 2.624147e+08 2.518191e+08 2.376189e+08
2.506920e+08 2.506920e+08 2.506920e+08 2.506920e+08 2.506920e+08 2.506919e+08 2.506919e+08 2.506923e+08 2.506971e+08 2.507171e+08 2.508696e+08 2.512585e+08 2.519031e+08 2.527477e+08 2.537119e+08 2.547226e+08 2.557270e+08 2.599174e+08 2.626281e+08 2.643819e+08 2.655727e+08 2.664188e+08 2.670415e+08 2.678730e+08 2.683703e+08 2.686641e+08 2.688183e+08 2.688666e+08 2.688278e+08 2.648889e+08 2.572322e+08 2.472567e+08 2.338366e+08
2.453122e+08 2.453122e+08 2.453122e+08 2.453122e+08 2.453122e+08 2.453122e+08 2.453122e+08 2.453126e+08 2.453172e+08 2.453368e+08 2.454860e+08 2.458663e+08 2.464967e+08 2.473229e+08 2.482658e+08 2.492544e+08 2.502368e+08 2.543353e+08 2.569869e+08 2.587027e+08 2.598682e+08 2.606968e+08 2.613072e+08 2.621237e+08 2.626147e+08 2.629079e+08 2.630659e+08 2.631220e+08 2.630946e+08 2.594434e+08 2.522003e+08 2.427998e+08 2.301180e+08
2.401193e+08 2.401193e+08 2.401193e+08 2.401193e+08 2.401193e+08 2.401193e+08 2.401192e+08 2.401196e+08 2.401242e+08 2.401434e+08 2.402893e+08 2.406615e+08 2.412782e+08 2.420865e+08 2.430090e+08 2.439762e+08 2.449372e+08 2.489472e+08 2.515416e+08 2.532209e+08 2.543619e+08 2.551735e+08 2.557718e+08 2.565738e+08 2.570582e+08 2.573504e+08 2.575116e+08 2.575745e+08 2.575574e+08 2.541711e+08 2.473142e+08 2.384471e+08 2.264632e+08
2.351051e+08 2.351051e+08 2.351051e+08 2.351051e+08 2.351051e+08 2.351051e+08 2.351051e+08 2.351055e+08 2.351100e+08 2.351287e+08 2.352715e+08 2.356357e+08 2.362392e+08 2.370302e+08 2.379330e+08 2.388794e+08 2.398199e+08 2.437442e+08 2.462834e+08 2.479273e+08 2.490445e+08 2.498396e+08 2.504263e+08 2.512139e+08 2.516918e+08 2.519826e+08 2.521464e+08 2.522153e+08 2.522074e+08 2.490652e+08 2.425694e+08 2.341970e+08 2.228721e+08
2.302611e+08 2.302611e+08 2.302611e+08 2.302611e+08 2.302611e+08 2.302611e+08 2.302611e+08 2.302615e+08 2.302658e+08 2.302842e+08 2.304240e+08 2.307805e+08 2.313712e+08 2.321455e+08 2.330292e+08 2.339556e+08 2.348762e+08 2.387177e+08 2.412035e+08 2.428131e+08 2.439074e+08 2.446866e+08 2.452618e+08 2.460354e+08 2.465067e+08 2.467958e+08 2.469617e+08 2.470359e+08 2.470362e+08 2.441191e+08 2.379612e+08 2.300481e+08 2.193447e+08
2.255792e+08 2.255792e+08 2.255792e+08 2.255792e+08 2.255792e+08 2.255792e+08 2.255792e+08 2.255796e+08 2.255838e+08 2.256018e+08 2.257387e+08 2.260877e+08 2.266662e+08 2.274243e+08 2.282895e+08 2.291967e+08 2.300981e+08 2.338595e+08 2.362938e+08 2.378703e+08 2.389424e+08 2.397060e+08 2.402702e+08 2.410301e+08 2.414948e+08 2.417820e+08 2.419495e+08 2.420283e+08 2.420359e+08 2.393267e+08 2.334853e+08 2.259984e+08 2.158808e+08
2.210521e+08 2.210521e+08 2.210521e+08 2.210521e+08 2.210521e+08 2.210521e+08 2.210521e+08 2.210525e+08 2.210567e+08 2.210743e+08 2.212084e+08 2.215503e+08 2.221168e+08 2.228593e+08 2.237068e+08 2.245953e+08 2.254781e+08 2.291623e+08 2.315468e+08 2.330912e+08 2.341418e+08 2.348904e+08 2.354438e+08 2.361903e+08 2.366483e+08 2.369333e+08 2.371020e+08 2.371849e+08 2.371991e+08 2.346817e+08 2.291372e+08 2.220463e+08 2.124803e+08
2.166738e+08 2.166738e+08 2.166738e+08 2.166738e+08 2.166738e+08 2.166738e+08 2.166738e+08 2.166742e+08 2.166783e+08 2.166956e+08 2.168270e+08 2.171619e+08 2.177169e+08 2.184442e+08 2.192744e+08 2.201448e+08 2.210098e+08 2.246190e+08 2.269552e+08 2.284685e+08 2.294982e+08 2.302322e+08 2.307752e+08 2.315085e+08 2.319599e+08 2.322425e+08 2.324121e+08 2.324985e+08 2.325187e+08 2.301786e+08 2.249127e+08 2.181899e+08 2.091428e+08
2.124374e+08 2.124374e+08 2.124374e+08 2.124374e+08 2.124374e+08 2.124373e+08 2.124373e+08 2.124377e+08 2.124417e+08 2.124587e+08 2.125874e+08 2.129155e+08 2.134594e+08 2.141721e+08 2.149856e+08 2.158385e+08 2.166860e+08 2.202228e+08 2.225121e+08 2.239954e+08 2.250048e+08 2.257247e+08 2.262574e+08 2.269778e+08 2.274226e+08 2.277028e+08 2.278728e+08 2.279623e+08 2.279878e+08 2.258117e+08 2.208075e+08 2.144271e+08 2.058680e+08
2.083361e+08 2.083361e+08 2.083361e+08 2.083361e+08 2.083361e+08 2.083361e+08 2.083360e+08 2.083364e+08 2.083404e+08 2.083569e+08 2.084831e+08 2.088048e+08 2.093378e+08 2.100364e+08 2.108337e+08 2.116697e+08 2.125004e+08 2.159670e+08 2.182111e+08 2.196652e+08 2.206550e+08 2.213611e+08 2.218839e+08 2.225917e+08 2.230300e+08 2.233075e+08 2.234778e+08 2.235699e+08 2.236002e+08 2.215758e+08 2.168178e+08 2.107560e+08 2.026554e+08
2.043638e+08 2.043638e+08 2.043638e+08 2.043638e+08 2.043638e+08 2.043638e+08 2.043638e+08 2.043642e+08 2.043681e+08 2.043843e+08 2.045080e+08 2.048234e+08 2.053460e+08 2.060309e+08 2.068126e+08 2.076322e+08 2.084467e+08 2.118454e+08 2.140458e+08 2.154717e+08 2.164425e+08 2.171352e+08 2.176484e+08 2.183439e+08 2.187757e+08 2.190504e+08 2.192208e+08 2.193151e+08 2.193497e+08 2.174659e+08 2.129395e+08 2.071745e+08 1.995045e+08
2.005159e+08 2.005159e+08 2.005159e+08 2.005159e+08 2.005159e+08 2.005159e+08 2.005159e+08 2.005163e+08 2.005201e+08 2.005360e+08 2.006573e+08 2.009666e+08 2.014791e+08 2.021507e+08 2.029173e+08 2.037210e+08 2.045197e+08 2.078527e+08 2.100106e+08 2.114092e+08 2.123615e+08 2.130413e+08 2.135451e+08 2.142286e+08 2.146539e+08 2.149258e+08 2.150959e+08 2.151922e+08 2.152306e+08 2.134770e+08 2.091688e+08 2.036807e+08 1.964148e+08
1.967871e+08 1.967871e+08 1.967871e+08 1.967871e+08 1.967871e+08 1.967871e+08 1.967871e+08 1.967874e+08 1.967912e+08 1.968068e+08 1.969258e+08 1.972291e+08 1.977318e+08 1.983905e+08 1.991425e+08 1.999308e+08 2.007141e+08 2.039834e+08 2.061001e+08 2.074721e+08 2.084065e+08 2.090736e+08 2.095683e+08 2.102400e+08 2.106589e+08 2.109279e+08 2.110976e+08 2.111955e+08 2.112374e+08 2.096046e+08 2.055021e+08 2.002724e+08 1.933857e+08
1.931719e+08 1.931719e+08 1.931719e+08 1.931719e+08 1.931719e+08 1.931719e+08 1.931719e+08 1.931723e+08 1.931759e+08 1.931913e+08 1.933080e+08 1.936056e+08 1.940988e+08 1.947450e+08 1.954827e+08 1.962561e+08 1.970247e+08 2.002321e+08 2.023088e+08 2.036550e+08 2.045720e+08 2.052269e+08 2.057126e+08 2.063729e+08 2.067855e+08 2.070515e+08 2.072207e+08 2.073200e+08 2.073649e+08 2.058443e+08 2.019358e+08 1.969475e+08 1.904165e+08
1.896654e+08 1.896654e+08 1.896654e+08 1.896654e+08 1.896654e+08 1.896654e+08 1.896654e+08 1.896657e+08 1.896693e+08 1.896844e+08 1.897990e+08 1.900910e+08 1.905749e+08 1.912091e+08 1.919330e+08 1.926920e+08 1.934461e+08 1.965936e+08 1.986317e+08 1.999529e+08 2.008531e+08 2.014961e+08 2.019731e+08 2.026222e+08 2.030287e+08 2.032917e+08 2.034601e+08 2.035605e+08 2.036082e+08 2.021917e+08 1.984665e+08 1.937040e+08 1.875065e+08
