1.761191e+08 1.646679e+08 1.583570e+08 1.415753e+08 1.384180e+08 1.515415e+08 1.631867e+08 1.697034e+08 1.692594e+08 1.674793e+08 1.616824e+08 1.547423e+08 1.478107e+08 1.413541e+08 1.355214e+08 1.303251e+08 1.257229e+08 1.094961e+08 1.001980e+08 9.434731e+07 9.030890e+07 8.729201e+07 8.489985e+07 8.127042e+07 7.867381e+07 7.681686e+07 7.548809e+07 7.449492e+07 7.367226e+07 6.212698e+07 4.790238e+07 3.731519e+07 2.998637e+07
1.675317e+08 1.675323e+08 1.675339e+08 1.675708e+08 1.676400e+08 1.679442e+08 1.702273e+08 1.702559e+08 1.691124e+08 1.669170e+08 1.606966e+08 1.536063e+08 1.466546e+08 1.402403e+08 1.344778e+08 1.293618e+08 1.248411e+08 1.089501e+08 9.986028e+07 9.413691e+07 9.017770e+07 8.721048e+07 8.484942e+07 8.125113e+07 7.866608e+07 7.681329e+07 7.548587e+07 7.449277e+07 7.366937e+07 6.210376e+07 4.787450e+07 3.729162e+07 2.996784e+07
1.739396e+08 1.739398e+08 1.739401e+08 1.739473e+08 1.739616e+08 1.734511e+08 1.726475e+08 1.709484e+08 1.679446e+08 1.650398e+08 1.587156e+08 1.517680e+08 1.449911e+08 1.387503e+08 1.331491e+08 1.281785e+08 1.237869e+08 1.083438e+08 9.949771e+07 9.391541e+07 9.004136e+07 8.712652e+07 8.479779e+07 8.123145e+07 7.865808e+07 7.680945e+07 7.548338e+07 7.449034e+07 7.366621e+07 6.208023e+07 4.784642e+07 3.726795e+07 2.994926e+07
1.724776e+08 1.724777e+08 1.724778e+08 1.724806e+08 1.724866e+08 1.723521e+08 1.710378e+08 1.697097e+08 1.674794e+08 1.639383e+08 1.561954e+08 1.492492e+08 1.427921e+08 1.368595e+08 1.315192e+08 1.267655e+08 1.225547e+08 1.076777e+08 9.911098e+07 9.368329e+07 8.990017e+07 8.704029e+07 8.474506e+07 8.121140e+07 7.864981e+07 7.680534e+07 7.548060e+07 7.448764e+07 7.366277e+07 6.205638e+07 4.781815e+07 3.724417e+07 2.993062e+07
1.694746e+08 1.694747e+08 1.694747e+08 1.694763e+08 1.694796e+08 1.693762e+08 1.684130e+08 1.653841e+08 1.639186e+08 1.614823e+08 1.542804e+08 1.467590e+08 1.402706e+08 1.346437e+08 1.296192e+08 1.251375e+08 1.211525e+08 1.069537e+08 9.870115e+07 9.344115e+07 8.975445e+07 8.695197e+07 8.469132e+07 8.119097e+07 7.864124e+07 7.680093e+07 7.547753e+07 7.448463e+07 7.365903e+07 6.203221e+07 4.778969e+07 3.722029e+07 2.991192e+07
1.649051e+08 1.649051e+08 1.649050e+08 1.649045e+08 1.649021e+08 1.647403e+08 1.639731e+08 1.605763e+08 1.588484e+08 1.569513e+08 1.514815e+08 1.446154e+08 1.380332e+08 1.323628e+08 1.275653e+08 1.233529e+08 1.196126e+08 1.061763e+08 9.826973e+07 9.318968e+07 8.960456e+07 8.686175e+07 8.463666e+07 8.117020e+07 7.863238e+07 7.679621e+07 7.547414e+07 7.448132e+07 7.365498e+07 6.200771e+07 4.776103e+07 3.719631e+07 2.989316e+07
1.586982e+08 1.586982e+08 1.586982e+08 1.586980e+08 1.586970e+08 1.586167e+08 1.581904e+08 1.555405e+08 1.536957e+08 1.518356e+08 1.475370e+08 1.419801e+08 1.359868e+08 1.304267e+08 1.256078e+08 1.215329e+08 1.180013e+08 1.053532e+08 9.781880e+07 9.292972e+07 8.945090e+07 8.676981e+07 8.458118e+07 8.114908e+07 7.862320e+07 7.679116e+07 7.547042e+07 7.447768e+07 7.365061e+07 6.198289e+07 4.773218e+07 3.717223e+07 2.987435e+07
1.526590e+08 1.526590e+08 1.526590e+08 1.526590e+08 1.526589e+08 1.526228e+08 1.523931e+08 1.505304e+08 1.488417e+08 1.469905e+08 1.431592e+08 1.387278e+08 1.336777e+08 1.285984e+08 1.239498e+08 1.198936e+08 1.164313e+08 1.044963e+08 9.735125e+07 9.266230e+07 8.929391e+07 8.667636e+07 8.452495e+07 8.112762e+07 7.861368e+07 7.678576e+07 7.546635e+07 7.447369e+07 7.364590e+07 6.195775e+07 4.770313e+07 3.714803e+07 2.985547e+07
1.473192e+08 1.473192e+08 1.473192e+08 1.473193e+08 1.473195e+08 1.473030e+08 1.471697e+08 1.458377e+08 1.443897e+08 1.426311e+08 1.389540e+08 1.351821e+08 1.310272e+08 1.266326e+08 1.223663e+08 1.184828e+08 1.150714e+08 1.036234e+08 9.687092e+07 9.238869e+07 8.913411e+07 8.658162e+07 8.446808e+07 8.110582e+07 7.860382e+07 7.677998e+07 7.546191e+07 7.446936e+07 7.364085e+07 6.193227e+07 4.767389e+07 3.712374e+07 2.983654e+07
1.427021e+08 1.427021e+08 1.427021e+08 1.427022e+08 1.427023e+08 1.426887e+08 1.425948e+08 1.415825e+08 1.403563e+08 1.387428e+08 1.351683e+08 1.317009e+08 1.281846e+08 1.244734e+08 1.207143e+08 1.171336e+08 1.138787e+08 1.027585e+08 9.638295e+07 9.211047e+07 8.897209e+07 8.648585e+07 8.441067e+07 8.108368e+07 7.859357e+07 7.677381e+07 7.545708e+07 7.446464e+07 7.363543e+07 6.190645e+07 4.764445e+07 3.709934e+07 2.981756e+07
1.386355e+08 1.386355e+08 1.386355e+08 1.386356e+08 1.386356e+08 1.386270e+08 1.385619e+08 1.377636e+08 1.367192e+08 1.352657e+08 1.318323e+08 1.284957e+08 1.253555e+08 1.221914e+08 1.189524e+08 1.157549e+08 1.127408e+08 1.019335e+08 9.589392e+07 9.182959e+07 8.880857e+07 8.638932e+07 8.435283e+07 8.106120e+07 7.858293e+07 7.676721e+07 7.545184e+07 7.445954e+07 7.362964e+07 6.188030e+07 4.761481e+07 3.707484e+07 2.979851e+07
1.188086e+08 1.188086e+08 1.188086e+08 1.188087e+08 1.188090e+08 1.188182e+08 1.188384e+08 1.185622e+08 1.180077e+08 1.171517e+08 1.148369e+08 1.122003e+08 1.096121e+08 1.072689e+08 1.052560e+08 1.035769e+08 1.021819e+08 9.716830e+07 9.299877e+07 8.974288e+07 8.738806e+07 8.549577e+07 8.379397e+07 8.081942e+07 7.844893e+07 7.667201e+07 7.537167e+07 7.438282e+07 7.354770e+07 6.159943e+07 4.730746e+07 3.682407e+07 2.960490e+07
1.173587e+08 1.173587e+08 1.173587e+08 1.173587e+08 1.173590e+08 1.173658e+08 1.173818e+08 1.170571e+08 1.164359e+08 1.154943e+08 1.130195e+08 1.103063e+08 1.077137e+08 1.053639e+08 1.032801e+08 1.014552e+08 9.987508e+07 9.492072e+07 9.242730e+07 9.015533e+07 8.779479e+07 8.558574e+07 8.365367e+07 8.060346e+07 7.825878e+07 7.650675e+07 7.522469e+07 7.424559e+07 7.341064e+07 6.128113e+07 4.697976e+07 3.656283e+07 2.940556e+07
1.218617e+08 1.218617e+08 1.218617e+08 1.218617e+08 1.218619e+08 1.218672e+08 1.218788e+08 1.214853e+08 1.207654e+08 1.196854e+08 1.168735e+08 1.138231e+08 1.109423e+08 1.083634e+08 1.060970e+08 1.041117e+08 1.023683e+08 9.628623e+07 9.301135e+07 9.088073e+07 8.885301e+07 8.668104e+07 8.450599e+07 8.074178e+07 7.807960e+07 7.627452e+07 7.499814e+07 7.403233e+07 7.320374e+07 6.092215e+07 4.663119e+07 3.629109e+07 2.920055e+07
1.290070e+08 1.290070e+08 1.290070e+08 1.290071e+08 1.290072e+08 1.290120e+08 1.290216e+08 1.285564e+08 1.277242e+08 1.264822e+08 1.232601e+08 1.197717e+08 1.164777e+08 1.135269e+08 1.109311e+08 1.086543e+08 1.066496e+08 9.939817e+07 9.489962e+07 9.190350e+07 8.958874e+07 8.743830e+07 8.529025e+07 8.127272e+07 7.815934e+07 7.606032e+07 7.471493e+07 7.374466e+07 7.292092e+07 6.051946e+07 4.626138e+07 3.600889e+07 2.898993e+07
1.363029e+08 1.363029e+08 1.363029e+08 1.363028e+08 1.363028e+08 1.363003e+08 1.362870e+08 1.356753e+08 1.346817e+08 1.332230e+08 1.294744e+08 1.254358e+08 1.216326e+08 1.182344e+08 1.152538e+08 1.126486e+08 1.103637e+08 1.021395e+08 9.681954e+07 9.298488e+07 9.005534e+07 8.763213e+07 8.545592e+07 8.153222e+07 7.833859e+07 7.602975e+07 7.447149e+07 7.341757e+07 7.257394e+07 6.007044e+07 4.587003e+07 3.571629e+07 2.877378e+07
1.375938e+08 1.375938e+08 1.375938e+08 1.375939e+08 1.375939e+08 1.375954e+08 1.375945e+08 1.370183e+08 1.360397e+08 1.345938e+08 1.308678e+08 1.268511e+08 1.230669e+08 1.196817e+08 1.167061e+08 1.140973e+08 1.118008e+08 1.034324e+08 9.782820e+07 9.354412e+07 9.012631e+07 8.734977e+07 8.502795e+07 8.123410e+07 7.824163e+07 7.597768e+07 7.434128e+07 7.314537e+07 7.220301e+07 5.957308e+07 4.545700e+07 3.541340e+07 2.855221e+07
1.385091e+08 1.385091e+08 1.385091e+08 1.385091e+08 1.385091e+08 1.385079e+08 1.384984e+08 1.378807e+08 1.368651e+08 1.353732e+08 1.315409e+08 1.274136e+08 1.235252e+08 1.200460e+08 1.169878e+08 1.143075e+08 1.119494e+08 1.033854e+08 9.767124e+07 9.323366e+07 8.958844e+07 8.658561e+07 8.412541e+07 8.040681e+07 7.772130e+07 7.569624e+07 7.414806e+07 7.292576e+07 7.188689e+07 5.902630e+07 4.502231e+07 3.510038e+07 2.832532e+07
1.365922e+08 1.365922e+08 1.365922e+08 1.365922e+08 1.365921e+08 1.365913e+08 1.365833e+08 1.359758e+08 1.349714e+08 1.334940e+08 1.296952e+08 1.256021e+08 1.217462e+08 1.182978e+08 1.152689e+08 1.126170e+08 1.102868e+08 1.018622e+08 9.628984e+07 9.195903e+07 8.834583e+07 8.531546e+07 8.282222e+07 7.919052e+07 7.680423e+07 7.510419e+07 7.376924e+07 7.262905e+07 7.157685e+07 5.843017e+07 4.456617e+07 3.477743e+07 2.809325e+07
1.328343e+08 1.328343e+08 1.328343e+08 1.328343e+08 1.328343e+08 1.328333e+08 1.328248e+08 1.322306e+08 1.312505e+08 1.298094e+08 1.261047e+08 1.221149e+08 1.183602e+08 1.150081e+08 1.120702e+08 1.095046e+08 1.072567e+08 9.919870e+07 9.394445e+07 8.988817e+07 8.648502e+07 8.359264e+07 8.118725e+07 7.771799e+07 7.559584e+07 7.421830e+07 7.315402e+07 7.217623e+07 7.118333e+07 5.778616e+07 4.408899e+07 3.444480e+07 2.785614e+07
1.278496e+08 1.278496e+08 1.278496e+08 1.278495e+08 1.278495e+08 1.278487e+08 1.278411e+08 1.272731e+08 1.263351e+08 1.249557e+08 1.214096e+08 1.175926e+08 1.140046e+08 1.108068e+08 1.080102e+08 1.055742e+08 1.034458e+08 9.588155e+07 9.102257e+07 8.730902e+07 8.419854e+07 8.153878e+07 7.930797e+07 7.608746e+07 7.420569e+07 7.310628e+07 7.230952e+07 7.153198e+07 7.065224e+07 5.709732e+07 4.359138e+07 3.410281e+07 2.761417e+07
1.221437e+08 1.221437e+08 1.221437e+08 1.221437e+08 1.221437e+08 1.221433e+08 1.221372e+08 1.216042e+08 1.207212e+08 1.194226e+08 1.160852e+08 1.124961e+08 1.091273e+08 1.061305e+08 1.035156e+08 1.012433e+08 9.926306e+07 9.227531e+07 8.783942e+07 8.448015e+07 8.168145e+07 7.928933e+07 7.727693e+07 7.436775e+07 7.271675e+07 7.184427e+07 7.127656e+07 7.069736e+07 6.995775e+07 5.636842e+07 4.307420e+07 3.375183e+07 2.736750e+07
1.164338e+08 1.164338e+08 1.164338e+08 1.164338e+08 1.164338e+08 1.164334e+08 1.164275e+08 1.159255e+08 1.150961e+08 1.138775e+08 1.107491e+08 1.073889e+08 1.042396e+08 1.014433e+08 9.900873e+07 9.689821e+07 9.506353e+07 8.863606e+07 8.460416e+07 8.157981e+07 7.908001e+07 7.695542e+07 7.517348e+07 7.260652e+07 7.118263e+07 7.049430e+07 7.010569e+07 6.969675e+07 6.909830e+07 5.560619e+07 4.253856e+07 3.339226e+07 2.711634e+07
1.107010e+08 1.107010e+08 1.107010e+08 1.107010e+08 1.107010e+08 1.107005e+08 1.106945e+08 1.102235e+08 1.094488e+08 1.083127e+08 1.054009e+08 1.022789e+08 9.935858e+07 9.677151e+07 9.452477e+07 9.258230e+07 9.089835e+07 8.504192e+07 8.140780e+07 7.870275e+07 7.648380e+07 7.461327e+07 7.305643e+07 7.083658e+07 6.963489e+07 6.909856e+07 6.884200e+07 6.856402e+07 6.808911e+07 5.481989e+07 4.198582e+07 3.302458e+07 2.686091e+07
1.048654e+08 1.048654e+08 1.048654e+08 1.048654e+08 1.048654e+08 1.048651e+08 1.048601e+08 1.044258e+08 1.037122e+08 1.026673e+08 9.999391e+07 9.713373e+07 9.446478e+07 9.210663e+07 9.006449e+07 8.830407e+07 8.678235e+07 8.152792e+07 7.829625e+07 7.590125e+07 7.394673e+07 7.231275e+07 7.096711e+07 6.908067e+07 6.809100e+07 6.768223e+07 6.751905e+07 6.733238e+07 6.695393e+07 5.402358e+07 4.141759e+07 3.264931e+07 2.660143e+07
9.925421e+07 9.925421e+07 9.925421e+07 9.925421e+07 9.925420e+07 9.925403e+07 9.924963e+07 9.884958e+07 9.819481e+07 9.723810e+07 9.479646e+07 9.219110e+07 8.976657e+07 8.763076e+07 8.578708e+07 8.420298e+07 8.283822e+07 7.816474e+07 7.531869e+07 7.321626e+07 7.150634e+07 7.008810e+07 6.893458e+07 6.735465e+07 6.656002e+07 6.625837e+07 6.615877e+07 6.602922e+07 6.571830e+07 5.321945e+07 4.083571e+07 3.226704e+07 2.633814e+07
9.397280e+07 9.397280e+07 9.397280e+07 9.397280e+07 9.397279e+07 9.397258e+07 9.396836e+07 9.359978e+07 9.300020e+07 9.212671e+07 8.990415e+07 8.753991e+07 8.534648e+07 8.342059e+07 8.176390e+07 8.034561e+07 7.912816e+07 7.499741e+07 7.250914e+07 7.067550e+07 6.918704e+07 6.796134e+07 6.697777e+07 6.566870e+07 6.504592e+07 6.483239e+07 6.477388e+07 6.467474e+07 6.440542e+07 5.239755e+07 4.024229e+07 3.187840e+07 2.607132e+07
8.899298e+07 8.899298e+07 8.899298e+07 8.899298e+07 8.899297e+07 8.899285e+07 8.898910e+07 8.865126e+07 8.810475e+07 8.731119e+07 8.529892e+07 8.316599e+07 8.119402e+07 7.946896e+07 7.799081e+07 7.673047e+07 7.565301e+07 7.203396e+07 6.987770e+07 6.828926e+07 6.699911e+07 6.594259e+07 6.510595e+07 6.402776e+07 6.354932e+07 6.340531e+07 6.337087e+07 6.328279e+07 6.303450e+07 5.155249e+07 3.963967e+07 3.148408e+07 2.580124e+07
8.431166e+07 8.431166e+07 8.431166e+07 8.431166e+07 8.431166e+07 8.431154e+07 8.430811e+07 8.399931e+07 8.350338e+07 8.278613e+07 8.097497e+07 7.906340e+07 7.730330e+07 7.577017e+07 7.446236e+07 7.335236e+07 7.240777e+07 6.926998e+07 6.742051e+07 6.605473e+07 6.494122e+07 6.403195e+07 6.332011e+07 6.243218e+07 6.206868e+07 6.197597e+07 6.195266e+07 6.186262e+07 6.162067e+07 5.068122e+07 3.903040e+07 3.108479e+07 2.552819e+07
7.996524e+07 7.996524e+07 7.996524e+07 7.996524e+07 7.996524e+07 7.996516e+07 7.996206e+07 7.968042e+07 7.923178e+07 7.858591e+07 7.696275e+07 7.525779e+07 7.369494e+07 7.233990e+07 7.118960e+07 7.021818e+07 6.939571e+07 6.669764e+07 6.512674e+07 6.396174e+07 6.300505e+07 6.222311e+07 6.161563e+07 6.087902e+07 6.060129e+07 6.054259e+07 6.052059e+07 6.042061e+07 6.017572e+07 4.978255e+07 3.841734e+07 3.068132e+07 2.525246e+07
7.595483e+07 7.595483e+07 7.595483e+07 7.595483e+07 7.595483e+07 7.595477e+07 7.595190e+07 7.569489e+07 7.528933e+07 7.470851e+07 7.325674e+07 7.174004e+07 7.035674e+07 6.916365e+07 6.815644e+07 6.731081e+07 6.659911e+07 6.429974e+07 6.298152e+07 6.199768e+07 6.117993e+07 6.050709e+07 5.998509e+07 5.936359e+07 5.914421e+07 5.910377e+07 5.907577e+07 5.896171e+07 5.870905e+07 4.885686e+07 3.780370e+07 3.027448e+07 2.497438e+07
7.225108e+07 7.225108e+07 7.225108e+07 7.225108e+07 7.225107e+07 7.225102e+07 7.224834e+07 7.201373e+07 7.164743e+07 7.112589e+07 6.983027e+07 6.848504e+07 6.726521e+07 6.621950e+07 6.534245e+07 6.461118e+07 6.400017e+07 6.206304e+07 6.097381e+07 6.015234e+07 5.945592e+07 5.887441e+07 5.841995e+07 5.788025e+07 5.769465e+07 5.765896e+07 5.761987e+07 5.749042e+07 5.722857e+07 4.790602e+07 3.719359e+07 2.986512e+07 2.469427e+07
6.882395e+07 6.882395e+07 6.882395e+07 6.882395e+07 6.882395e+07 6.882393e+07 6.882153e+07 6.860789e+07 6.827790e+07 6.781108e+07 6.665938e+07 6.547199e+07 6.440245e+07 6.349202e+07 6.273425e+07 6.210759e+07 6.158851e+07 5.998014e+07 5.909599e+07 5.841676e+07 5.782289e+07 5.731460e+07 5.691044e+07 5.642265e+07 5.625012e+07 5.620849e+07 5.615531e+07 5.601128e+07 5.574130e+07 4.693309e+07 3.658976e+07 2.945412e+07 2.441247e+07
6.567677e+07 6.567677e+07 6.567677e+07 6.567677e+07 6.567677e+07 6.567675e+07 6.567450e+07 6.547963e+07 6.518249e+07 6.476523e+07 6.374394e+07 6.269949e+07 6.176588e+07 6.097759e+07 6.032728e+07 5.979465e+07 5.935798e+07 5.804201e+07 5.733683e+07 5.677800e+07 5.626701e+07 5.581407e+07 5.544432e+07 5.498341e+07 5.480820e+07 5.475343e+07 5.468532e+07 5.452914e+07 5.425374e+07 4.594211e+07 3.599024e+07 2.904239e+07 2.412931e+07
6.278328e+07 6.278328e+07 6.278328e+07 6.278328e+07 6.278327e+07 6.278325e+07 6.278116e+07 6.260333e+07 6.233596e+07 6.196357e+07 6.106012e+07 6.014453e+07 5.933310e+07 5.865425e+07 5.809990e+07 5.765096e+07 5.728738e+07 5.622788e+07 5.567527e+07 5.521477e+07 5.476769e+07 5.435418e+07 5.400591e+07 5.355393e+07 5.336653e+07 5.329550e+07 5.321383e+07 5.304916e+07 5.277212e+07 4.493781e+07 3.539396e+07 2.863089e+07 2.384517e+07
6.011132e+07 6.011132e+07 6.011132e+07 6.011132e+07 6.011132e+07 6.011129e+07 6.010931e+07 5.994676e+07 5.970605e+07 5.937376e+07 5.857550e+07 5.777477e+07 5.707208e+07 5.649045e+07 5.602113e+07 5.564608e+07 5.534673e+07 5.450804e+07 5.408042e+07 5.369659e+07 5.329716e+07 5.291144e+07 5.257669e+07 5.212526e+07 5.192329e+07 5.183715e+07 5.174539e+07 5.157680e+07 5.130245e+07 4.392530e+07 3.480040e+07 2.822059e+07 2.356038e+07
5.762867e+07 5.762867e+07 5.762867e+07 5.762867e+07 5.762867e+07 5.762865e+07 5.762680e+07 5.747821e+07 5.726152e+07 5.696526e+07 5.626113e+07 5.556260e+07 5.495597e+07 5.445940e+07 5.406357e+07 5.375147e+07 5.350600e+07 5.284484e+07 5.251244e+07 5.218683e+07 5.182475e+07 5.146194e+07 5.113921e+07 5.069040e+07 5.047829e+07 5.038195e+07 5.028521e+07 5.011780e+07 4.985058e+07 4.290984e+07 3.420935e+07 2.781251e+07 2.327533e+07
5.532602e+07 5.532602e+07 5.532602e+07 5.532602e+07 5.532602e+07 5.532602e+07 5.532430e+07 5.518772e+07 5.499138e+07 5.472536e+07 5.409934e+07 5.348444e+07 5.295520e+07 5.252604e+07 5.218756e+07 5.192390e+07 5.171940e+07 5.119109e+07 5.093192e+07 5.065530e+07 5.032854e+07 4.999061e+07 4.968393e+07 4.924759e+07 4.903434e+07 4.893505e+07 4.883926e+07 4.867807e+07 4.842213e+07 4.189655e+07 3.362076e+07 2.740777e+07 2.299037e+07
5.319432e+07 5.319432e+07 5.319432e+07 5.319432e+07 5.319432e+07 5.319431e+07 5.319269e+07 5.306539e+07 5.288426e+07 5.264042e+07 5.207085e+07 5.151582e+07 5.104175e+07 5.066058e+07 5.036298e+07 5.013397e+07 4.995894e+07 4.952925e+07 4.933003e+07 4.909870e+07 4.880863e+07 4.849968e+07 4.821449e+07 4.780230e+07 4.759792e+07 4.750326e+07 4.741413e+07 4.726362e+07 4.702246e+07 4.089028e+07 3.303476e+07 2.700770e+07 2.270589e+07
5.121629e+07 5.121629e+07 5.121629e+07 5.121629e+07 5.121629e+07 5.121629e+07 5.121475e+07 5.109502e+07 5.092576e+07 5.069887e+07 5.017155e+07 4.966047e+07 4.922630e+07 4.887940e+07 4.861061e+07 4.840578e+07 4.825116e+07 4.788970e+07 4.773508e+07 4.754188e+07 4.728628e+07 4.700725e+07 4.674638e+07 4.636629e+07 4.617858e+07 4.609467e+07 4.601672e+07 4.588031e+07 4.565650e+07 3.989545e+07 3.245161e+07 2.661364e+07 2.242225e+07
4.937837e+07 4.937837e+07 4.937837e+07 4.937837e+07 4.937837e+07 4.937836e+07 4.937689e+07 4.926359e+07 4.910414e+07 4.889103e+07 4.839740e+07 4.792072e+07 4.751722e+07 4.719615e+07 4.694866e+07 4.676129e+07 4.662106e+07 4.630530e+07 4.618064e+07 4.601596e+07 4.578907e+07 4.553710e+07 4.529986e+07 4.495422e+07 4.478722e+07 4.471777e+07 4.465382e+07 4.453359e+07 4.432866e+07 3.891594e+07 3.187168e+07 2.622497e+07 2.213984e+07
4.766263e+07 4.766263e+07 4.766263e+07 4.766263e+07 4.766263e+07 4.766262e+07 4.766121e+07 4.755353e+07 4.740247e+07 4.720098e+07 4.673539e+07 4.628693e+07 4.590828e+07 4.560786e+07 4.537713e+07 4.520328e+07 4.507398e+07 4.479103e+07 4.468690e+07 4.454308e+07 4.433883e+07 4.410955e+07 4.389314e+07 4.357992e+07 4.343419e+07 4.338040e+07 4.333150e+07 4.322819e+07 4.304262e+07 3.795509e+07 3.129545e+07 2.584116e+07 2.185905e+07
4.605373e+07 4.605373e+07 4.605373e+07 4.605373e+07 4.605373e+07 4.605373e+07 4.605240e+07 4.594986e+07 4.580630e+07 4.561508e+07 4.517398e+07 4.474994e+07 4.439260e+07 4.410974e+07 4.389313e+07 4.373052e+07 4.361020e+07 4.335290e+07 4.326380e+07 4.313563e+07 4.294912e+07 4.273825e+07 4.253922e+07 4.225414e+07 4.212784e+07 4.208898e+07 4.205468e+07 4.196789e+07 4.180127e+07 3.701562e+07 3.072347e+07 2.546190e+07 2.158026e+07
4.454920e+07 4.454920e+07 4.454920e+07 4.454920e+07 4.454920e+07 4.454920e+07 4.454792e+07 4.444995e+07 4.431303e+07 4.413087e+07 4.371125e+07 4.330846e+07 4.296952e+07 4.270168e+07 4.249702e+07 4.234384e+07 4.223091e+07 4.199382e+07 4.191578e+07 4.179944e+07 4.162682e+07 4.143067e+07 4.124575e+07 4.098385e+07 4.087394e+07 4.084806e+07 4.082690e+07 4.075537e+07 4.060659e+07 3.609972e+07 3.015632e+07 2.508697e+07 2.130389e+07
4.313914e+07 4.313914e+07 4.313914e+07 4.313914e+07 4.313914e+07 4.313914e+07 4.313793e+07 4.304423e+07 4.291343e+07 4.273956e+07 4.233947e+07 4.195586e+07 4.163343e+07 4.137900e+07 4.118491e+07 4.103995e+07 4.093342e+07 4.071286e+07 4.064304e+07 4.053566e+07 4.037393e+07 4.018952e+07 4.001590e+07 3.977254e+07 3.967568e+07 3.966030e+07 3.965026e+07 3.959223e+07 3.945970e+07 3.520904e+07 2.959465e+07 2.471623e+07 2.103037e+07
4.181888e+07 4.181888e+07 4.181888e+07 4.181888e+07 4.181888e+07 4.181888e+07 4.181771e+07 4.172787e+07 4.160262e+07 4.143626e+07 4.105376e+07 4.068736e+07 4.037968e+07 4.013714e+07 3.995235e+07 3.981458e+07 3.971354e+07 3.950652e+07 3.944275e+07 3.934219e+07 3.918911e+07 3.901415e+07 3.884964e+07 3.862097e+07 3.853408e+07 3.852669e+07 3.852557e+07 3.847902e+07 3.836092e+07 3.434476e+07 2.903913e+07 2.434957e+07 2.076021e+07
4.057860e+07 4.057860e+07 4.057860e+07 4.057860e+07 4.057860e+07 4.057860e+07 4.057748e+07 4.049129e+07 4.037120e+07 4.021180e+07 3.984555e+07 3.949497e+07 3.920079e+07 3.896905e+07 3.879266e+07 3.866130e+07 3.856512e+07 3.836939e+07 3.831010e+07 3.821488e+07 3.806891e+07 3.790184e+07 3.774488e+07 3.752798e+07 3.744853e+07 3.744686e+07 3.745252e+07 3.741543e+07 3.730985e+07 3.350760e+07 2.849039e+07 2.398691e+07 2.049404e+07
3.941113e+07 3.941113e+07 3.941113e+07 3.941113e+07 3.941113e+07 3.941113e+07 3.941004e+07 3.932720e+07 3.921189e+07 3.905889e+07 3.870755e+07 3.837144e+07 3.808952e+07 3.786757e+07 3.769873e+07 3.757309e+07 3.748120e+07 3.729509e+07 3.723940e+07 3.714873e+07 3.700902e+07 3.684889e+07 3.669847e+07 3.649131e+07 3.641732e+07 3.641946e+07 3.642998e+07 3.640043e+07 3.630551e+07 3.269793e+07 2.794910e+07 2.362820e+07 2.023172e+07
3.830884e+07 3.830884e+07 3.830884e+07 3.830884e+07 3.830884e+07 3.830884e+07 3.830779e+07 3.822807e+07 3.811717e+07 3.797007e+07 3.763243e+07 3.730954e+07 3.703882e+07 3.682577e+07 3.666379e+07 3.654334e+07 3.645532e+07 3.627789e+07 3.622552e+07 3.613915e+07 3.600527e+07 3.585153e+07 3.570699e+07 3.550813e+07 3.543810e+07 3.544249e+07 3.545623e+07 3.543249e+07 3.534649e+07 3.191581e+07 2.741584e+07 2.327341e+07 1.997292e+07
3.726617e+07 3.726617e+07 3.726617e+07 3.726617e+07 3.726617e+07 3.726617e+07 3.726517e+07 3.718840e+07 3.708162e+07 3.694002e+07 3.661508e+07 3.630445e+07 3.604410e+07 3.583929e+07 3.568366e+07 3.556801e+07 3.548357e+07 3.531420e+07 3.526497e+07 3.518265e+07 3.505424e+07 3.490639e+07 3.476719e+07 3.457545e+07 3.450818e+07 3.451355e+07 3.452912e+07 3.450969e+07 3.443104e+07 3.116102e+07 2.689118e+07 2.292253e+07 1.971744e+07
3.628181e+07 3.628181e+07 3.628181e+07 3.628181e+07 3.628181e+07 3.628181e+07 3.628085e+07 3.620680e+07 3.610384e+07 3.596733e+07 3.565414e+07 3.535481e+07 3.510398e+07 3.490671e+07 3.475686e+07 3.464554e+07 3.456433e+07 3.440195e+07 3.435530e+07 3.427653e+07 3.415302e+07 3.401046e+07 3.387599e+07 3.369026e+07 3.362473e+07 3.363004e+07 3.364629e+07 3.362989e+07 3.355722e+07 3.043314e+07 2.637564e+07 2.257557e+07 1.946514e+07
3.535187e+07 3.535187e+07 3.535187e+07 3.535187e+07 3.535187e+07 3.535187e+07 3.535094e+07 3.527944e+07 3.518004e+07 3.504828e+07 3.474602e+07 3.445719e+07 3.421519e+07 3.402490e+07 3.388036e+07 3.377303e+07 3.369475e+07 3.353851e+07 3.349387e+07 3.341804e+07 3.329873e+07 3.316076e+07 3.303036e+07 3.284950e+07 3.278481e+07 3.278924e+07 3.280524e+07 3.279080e+07 3.272293e+07 2.973156e+07 2.586966e+07 2.223256e+07 1.921589e+07
3.447145e+07 3.447145e+07 3.447145e+07 3.447145e+07 3.447145e+07 3.447145e+07 3.447055e+07 3.440147e+07 3.430545e+07 3.417817e+07 3.388624e+07 3.360732e+07 3.337366e+07 3.318993e+07 3.305041e+07 3.294682e+07 3.287127e+07 3.272062e+07 3.267753e+07 3.260402e+07 3.248822e+07 3.235411e+07 3.222711e+07 3.205010e+07 3.198552e+07 3.198841e+07 3.200346e+07 3.199011e+07 3.192603e+07 2.905556e+07 2.537363e+07 2.189354e+07 1.896961e+07
3.363791e+07 3.363791e+07 3.363791e+07 3.363791e+07 3.363791e+07 3.363791e+07 3.363704e+07 3.357022e+07 3.347736e+07 3.335428e+07 3.307201e+07 3.280235e+07 3.257645e+07 3.239884e+07 3.226395e+07 3.216379e+07 3.209074e+07 3.194488e+07 3.190277e+07 3.183095e+07 3.171798e+07 3.158710e+07 3.146296e+07 3.128897e+07 3.122396e+07 3.122486e+07 3.123842e+07 3.122551e+07 3.116439e+07 2.840432e+07 2.488785e+07 2.155855e+07 1.872622e+07
3.284707e+07 3.284707e+07 3.284707e+07 3.284707e+07 3.284707e+07 3.284707e+07 3.284622e+07 3.278153e+07 3.269162e+07 3.257248e+07 3.229926e+07 3.203823e+07 3.181955e+07 3.164759e+07 3.151696e+07 3.141992e+07 3.134911e+07 3.120722e+07 3.116553e+07 3.109492e+07 3.098431e+07 3.085622e+07 3.073456e+07 3.056308e+07 3.049734e+07 3.049600e+07 3.050773e+07 3.049473e+07 3.043591e+07 2.777694e+07 2.441259e+07 2.122767e+07 1.848563e+07
3.209344e+07 3.209344e+07 3.209344e+07 3.209344e+07 3.209344e+07 3.209343e+07 3.209261e+07 3.202992e+07 3.194282e+07 3.182739e+07 3.156267e+07 3.130975e+07 3.109782e+07 3.093111e+07 3.080442e+07 3.071025e+07 3.064147e+07 3.050298e+07 3.046149e+07 3.039192e+07 3.028350e+07 3.015806e+07 3.003875e+07 2.986961e+07 2.980307e+07 2.979939e+07 2.980909e+07 2.979564e+07 2.973858e+07 2.717248e+07 2.394801e+07 2.090095e+07 1.824780e+07
3.137291e+07 3.137291e+07 3.137291e+07 3.137291e+07 3.137291e+07 3.137291e+07 3.137210e+07 3.131129e+07 3.122679e+07 3.111480e+07 3.085796e+07 3.061252e+07 3.040680e+07 3.024492e+07 3.012183e+07 3.003029e+07 2.996336e+07 2.982802e+07 2.978688e+07 2.971853e+07 2.961243e+07 2.948969e+07 2.937277e+07 2.920605e+07 2.913878e+07 2.913279e+07 2.914036e+07 2.912620e+07 2.907047e+07 2.659000e+07 2.349423e+07 2.057847e+07 1.801266e+07
3.068121e+07 3.068121e+07 3.068121e+07 3.068121e+07 3.068121e+07 3.068121e+07 3.068043e+07 3.062140e+07 3.053936e+07 3.043064e+07 3.018124e+07 2.994286e+07 2.974302e+07 2.958572e+07 2.946606e+07 2.937703e+07 2.931189e+07 2.917980e+07 2.913931e+07 2.907243e+07 2.896882e+07 2.884890e+07 2.873445e+07 2.857027e+07 2.850239e+07 2.849416e+07 2.849956e+07 2.848450e+07 2.842977e+07 2.602851e+07 2.305132e+07 2.026032e+07 1.778018e+07
3.001658e+07 3.001658e+07 3.001658e+07 3.001658e+07 3.001658e+07 3.001658e+07 3.001583e+07 2.995853e+07 2.987886e+07 2.977326e+07 2.953101e+07 2.929944e+07 2.910527e+07 2.895239e+07 2.883608e+07 2.874950e+07 2.868613e+07 2.855735e+07 2.851765e+07 2.845233e+07 2.835123e+07 2.823410e+07 2.812210e+07 2.796046e+07 2.789204e+07 2.788165e+07 2.788488e+07 2.786878e+07 2.781478e+07 2.548706e+07 2.261928e+07 1.994656e+07 1.755031e+07
2.938057e+07 2.938057e+07 2.938057e+07 2.938057e+07 2.938057e+07 2.938057e+07 2.937985e+07 2.932416e+07 2.924671e+07 2.914405e+07 2.890849e+07 2.868327e+07 2.849438e+07 2.834563e+07 2.823241e+07 2.814808e+07 2.808633e+07 2.796044e+07 2.792131e+07 2.785735e+07 2.775856e+07 2.764405e+07 2.753434e+07 2.737508e+07 2.730610e+07 2.729358e+07 2.729463e+07 2.727741e+07 2.722392e+07 2.496472e+07 2.219805e+07 1.963728e+07 1.732302e+07
2.877237e+07 2.877237e+07 2.877237e+07 2.877237e+07 2.877237e+07 2.877237e+07 2.877167e+07 2.871749e+07 2.864213e+07 2.854221e+07 2.831292e+07 2.809362e+07 2.790965e+07 2.776470e+07 2.765431e+07 2.757204e+07 2.751172e+07 2.738821e+07 2.734934e+07 2.728645e+07 2.718967e+07 2.707750e+07 2.696985e+07 2.681268e+07 2.674305e+07 2.672841e+07 2.672729e+07 2.670886e+07 2.665570e+07 2.446055e+07 2.178756e+07 1.933254e+07 1.709829e+07
2.818961e+07 2.818961e+07 2.818961e+07 2.818961e+07 2.818961e+07 2.818961e+07 2.818892e+07 2.813616e+07 2.806276e+07 2.796544e+07 2.774204e+07 2.752832e+07 2.734896e+07 2.720757e+07 2.709983e+07 2.701946e+07 2.696048e+07 2.683907e+07 2.680030e+07 2.673826e+07 2.664322e+07 2.653310e+07 2.642727e+07 2.627185e+07 2.620147e+07 2.618470e+07 2.618140e+07 2.616173e+07 2.610875e+07 2.397367e+07 2.138767e+07 1.903243e+07 1.687609e+07
2.762861e+07 2.762861e+07 2.762861e+07 2.762861e+07 2.762861e+07 2.762861e+07 2.762794e+07 2.757657e+07 2.750510e+07 2.741030e+07 2.719265e+07 2.698439e+07 2.680955e+07 2.667169e+07 2.656657e+07 2.648811e+07 2.643047e+07 2.631125e+07 2.627257e+07 2.621124e+07 2.611771e+07 2.600940e+07 2.590516e+07 2.575122e+07 2.567998e+07 2.566109e+07 2.565565e+07 2.563469e+07 2.558178e+07 2.350323e+07 2.099821e+07 1.873700e+07 1.665641e+07
2.708966e+07 2.708966e+07 2.708966e+07 2.708966e+07 2.708966e+07 2.708966e+07 2.708901e+07 2.703896e+07 2.696930e+07 2.687690e+07 2.666472e+07 2.646162e+07 2.629107e+07 2.615652e+07 2.605388e+07 2.597719e+07 2.592078e+07 2.580345e+07 2.576466e+07 2.570382e+07 2.561159e+07 2.550489e+07 2.540208e+07 2.524942e+07 2.517729e+07 2.515633e+07 2.514878e+07 2.512652e+07 2.507360e+07 2.304841e+07 2.061901e+07 1.844630e+07 1.643924e+07
2.657158e+07 2.657158e+07 2.657158e+07 2.657158e+07 2.657158e+07 2.657158e+07 2.657094e+07 2.652212e+07 2.645418e+07 2.636403e+07 2.615696e+07 2.595870e+07 2.579213e+07 2.566063e+07 2.556023e+07 2.548513e+07 2.542982e+07 2.531391e+07 2.527479e+07 2.521431e+07 2.512325e+07 2.501806e+07 2.491660e+07 2.476518e+07 2.469220e+07 2.466924e+07 2.465965e+07 2.463610e+07 2.458310e+07 2.260843e+07 2.024985e+07 1.816040e+07 1.622457e+07
2.607057e+07 2.607057e+07 2.607057e+07 2.607057e+07 2.607057e+07 2.607057e+07 2.606994e+07 2.602232e+07 2.595602e+07 2.586803e+07 2.566587e+07 2.547223e+07 2.530947e+07 2.518090e+07 2.508266e+07 2.500911e+07 2.495485e+07 2.484039e+07 2.480106e+07 2.474102e+07 2.465120e+07 2.454754e+07 2.444746e+07 2.429732e+07 2.422358e+07 2.419874e+07 2.418719e+07 2.416238e+07 2.410925e+07 2.218255e+07 1.989049e+07 1.787932e+07 1.601240e+07
2.558530e+07 2.558530e+07 2.558530e+07 2.558530e+07 2.558530e+07 2.558530e+07 2.558469e+07 2.553821e+07 2.547347e+07 2.538754e+07 2.519005e+07 2.500081e+07 2.484168e+07 2.471591e+07 2.461974e+07 2.454766e+07 2.449442e+07 2.438150e+07 2.434216e+07 2.428275e+07 2.419427e+07 2.409224e+07 2.399359e+07 2.384484e+07 2.377047e+07 2.374385e+07 2.373042e+07 2.370439e+07 2.365110e+07 2.177007e+07 1.954069e+07 1.760309e+07 1.580274e+07
2.511494e+07 2.511494e+07 2.511494e+07 2.511494e+07 2.511494e+07 2.511494e+07 2.511435e+07 2.506897e+07 2.500574e+07 2.492178e+07 2.472877e+07 2.454376e+07 2.438812e+07 2.426505e+07 2.417088e+07 2.410025e+07 2.404803e+07 2.393673e+07 2.389752e+07 2.383884e+07 2.375178e+07 2.365140e+07 2.355420e+07 2.340691e+07 2.333199e+07 2.330368e+07 2.328845e+07 2.326123e+07 2.320776e+07 2.137035e+07 1.920021e+07 1.733174e+07 1.559558e+07
2.466032e+07 2.466032e+07 2.466032e+07 2.466032e+07 2.466032e+07 2.466032e+07 2.465974e+07 2.461540e+07 2.455359e+07 2.447149e+07 2.428272e+07 2.410170e+07 2.394935e+07 2.382882e+07 2.373653e+07 2.366724e+07 2.361596e+07 2.350610e+07 2.346696e+07 2.340896e+07 2.332325e+07 2.322446e+07 2.312868e+07 2.298280e+07 2.290734e+07 2.287742e+07 2.286046e+07 2.283208e+07 2.277842e+07 2.098274e+07 1.886877e+07 1.706528e+07 1.539094e+07
2.422114e+07 2.422114e+07 2.422114e+07 2.422114e+07 2.422114e+07 2.422114e+07 2.422058e+07 2.417722e+07 2.411676e+07 2.403644e+07 2.385168e+07 2.367444e+07 2.352519e+07 2.340705e+07 2.331652e+07 2.324848e+07 2.319805e+07 2.308940e+07 2.305020e+07 2.299274e+07 2.290825e+07 2.281094e+07 2.271646e+07 2.257184e+07 2.249583e+07 2.246432e+07 2.244567e+07 2.241617e+07 2.236232e+07 2.060668e+07 1.854610e+07 1.680370e+07 1.518882e+07
2.379613e+07 2.379613e+07 2.379613e+07 2.379613e+07 2.379613e+07 2.379613e+07 2.379558e+07 2.375318e+07 2.369402e+07 2.361540e+07 2.343450e+07 2.326089e+07 2.311464e+07 2.299880e+07 2.290995e+07 2.284312e+07 2.279351e+07 2.268599e+07 2.264666e+07 2.258964e+07 2.250623e+07 2.241023e+07 2.231692e+07 2.217338e+07 2.209674e+07 2.206366e+07 2.204337e+07 2.201278e+07 2.195874e+07 2.024162e+07 1.823195e+07 1.654700e+07 1.498924e+07
2.338454e+07 2.338454e+07 2.338454e+07 2.338454e+07 2.338454e+07 2.338453e+07 2.338400e+07 2.334251e+07 2.328460e+07 2.320763e+07 2.303045e+07 2.286034e+07 2.271696e+07 2.260333e+07 2.251612e+07 2.245044e+07 2.240162e+07 2.229517e+07 2.225567e+07 2.219899e+07 2.211652e+07 2.202168e+07 2.192939e+07 2.178674e+07 2.170940e+07 2.167477e+07 2.165288e+07 2.162124e+07 2.156703e+07 1.988703e+07 1.792605e+07 1.629516e+07 1.479221e+07
2.298619e+07 2.298619e+07 2.298619e+07 2.298619e+07 2.298619e+07 2.298618e+07 2.298566e+07 2.294504e+07 2.288832e+07 2.281290e+07 2.263923e+07 2.247242e+07 2.233175e+07 2.222019e+07 2.213449e+07 2.206988e+07 2.202179e+07 2.191624e+07 2.187647e+07 2.182004e+07 2.173838e+07 2.164457e+07 2.155317e+07 2.141124e+07 2.133314e+07 2.129698e+07 2.127357e+07 2.124094e+07 2.118657e+07 1.954245e+07 1.762812e+07 1.604816e+07 1.459773e+07
2.259995e+07 2.259995e+07 2.259995e+07 2.259995e+07 2.259995e+07 2.259995e+07 2.259943e+07 2.255964e+07 2.250405e+07 2.243012e+07 2.225980e+07 2.209612e+07 2.195802e+07 2.184843e+07 2.176416e+07 2.170055e+07 2.165314e+07 2.154836e+07 2.150827e+07 2.145198e+07 2.137101e+07 2.127810e+07 2.118750e+07 2.104616e+07 2.096732e+07 2.092970e+07 2.090484e+07 2.087129e+07 2.081681e+07 1.920742e+07 1.733791e+07 1.580596e+07 1.440581e+07
2.222432e+07 2.222432e+07 2.222432e+07 2.222432e+07 2.222432e+07 2.222432e+07 2.222381e+07 2.218482e+07 2.213033e+07 2.205784e+07 2.189078e+07 2.173017e+07 2.159458e+07 2.148690e+07 2.140404e+07 2.134142e+07 2.129466e+07 2.119062e+07 2.115014e+07 2.109392e+07 2.101356e+07 2.092148e+07 2.083162e+07 2.069085e+07 2.061131e+07 2.057233e+07 2.054614e+07 2.051177e+07 2.045723e+07 1.888153e+07 1.705516e+07 1.556853e+07 1.421648e+07
2.185862e+07 2.185862e+07 2.185862e+07 2.185862e+07 2.185862e+07 2.185862e+07 2.185812e+07 2.181991e+07 2.176648e+07 2.169538e+07 2.153146e+07 2.137378e+07 2.124060e+07 2.113476e+07 2.105324e+07 2.099155e+07 2.094542e+07 2.084203e+07 2.080115e+07 2.074498e+07 2.066520e+07 2.057393e+07 2.048481e+07 2.034467e+07 2.026457e+07 2.022438e+07 2.019698e+07 2.016188e+07 2.010734e+07 1.856438e+07 1.677962e+07 1.533580e+07 1.402974e+07
2.150228e+07 2.150228e+07 2.150228e+07 2.150228e+07 2.150228e+07 2.150228e+07 2.150179e+07 2.146432e+07 2.141189e+07 2.134211e+07 2.118115e+07 2.102625e+07 2.089533e+07 2.079120e+07 2.071092e+07 2.065009e+07 2.060453e+07 2.050169e+07 2.046042e+07 2.040434e+07 2.032519e+07 2.023479e+07 2.014647e+07 2.000711e+07 1.992660e+07 1.988536e+07 1.985691e+07 1.982119e+07 1.976671e+07 1.825560e+07 1.651105e+07 1.510773e+07 1.384559e+07
2.115432e+07 2.115432e+07 2.115432e+07 2.115432e+07 2.115432e+07 2.115432e+07 2.115384e+07 2.111707e+07 2.106561e+07 2.099707e+07 2.083894e+07 2.068666e+07 2.055788e+07 2.045538e+07 2.037626e+07 2.031625e+07 2.027121e+07 2.016888e+07 2.012729e+07 2.007140e+07 1.999299e+07 1.990355e+07 1.981612e+07 1.967772e+07 1.959700e+07 1.955490e+07 1.952553e+07 1.948930e+07 1.943495e+07 1.795485e+07 1.624921e+07 1.488426e+07 1.366405e+07
2.081359e+07 2.081359e+07 2.081359e+07 2.081359e+07 2.081359e+07 2.081359e+07 2.081312e+07 2.077704e+07 2.072651e+07 2.065919e+07 2.050380e+07 2.035409e+07 2.022740e+07 2.012649e+07 2.004854e+07 1.998934e+07 1.994486e+07 1.984318e+07 1.980144e+07 1.974587e+07 1.966829e+07 1.957990e+07 1.949346e+07 1.935621e+07 1.927546e+07 1.923265e+07 1.920251e+07 1.916586e+07 1.911170e+07 1.766182e+07 1.599387e+07 1.466532e+07 1.348511e+07
2.048039e+07 2.048039e+07 2.048039e+07 2.048039e+07 2.048039e+07 2.048039e+07 2.047993e+07 2.044452e+07 2.039489e+07 2.032876e+07 2.017602e+07 2.002880e+07 1.990415e+07 1.980480e+07 1.972799e+07 1.966959e+07 1.962566e+07 1.952469e+07 1.948288e+07 1.942770e+07 1.935102e+07 1.926374e+07 1.917833e+07 1.904234e+07 1.896170e+07 1.891833e+07 1.888753e+07 1.885056e+07 1.879664e+07 1.737620e+07 1.574481e+07 1.445085e+07 1.330879e+07
2.015559e+07 2.015559e+07 2.015559e+07 2.015559e+07 2.015559e+07 2.015559e+07 2.015514e+07 2.012036e+07 2.007160e+07 2.000659e+07 1.985638e+07 1.971151e+07 1.958879e+07 1.949091e+07 1.941516e+07 1.935751e+07 1.931407e+07 1.921371e+07 1.917179e+07 1.911698e+07 1.904118e+07 1.895499e+07 1.887063e+07 1.873597e+07 1.865552e+07 1.861169e+07 1.858033e+07 1.854310e+07 1.848946e+07 1.709771e+07 1.550182e+07 1.424076e+07 1.313508e+07
1.983875e+07 1.983875e+07 1.983875e+07 1.983875e+07 1.983875e+07 1.983875e+07 1.983830e+07 1.980414e+07 1.975620e+07 1.969228e+07 1.954451e+07 1.940192e+07 1.928106e+07 1.918459e+07 1.910987e+07 1.905295e+07 1.900999e+07 1.891020e+07 1.886815e+07 1.881369e+07 1.873873e+07 1.865361e+07 1.857026e+07 1.843692e+07 1.835673e+07 1.831250e+07 1.828064e+07 1.824321e+07 1.818988e+07 1.682609e+07 1.526470e+07 1.403500e+07 1.296398e+07
1.952941e+07 1.952941e+07 1.952941e+07 1.952941e+07 1.952941e+07 1.952941e+07 1.952897e+07 1.949540e+07 1.944828e+07 1.938541e+07 1.924003e+07 1.909968e+07 1.898064e+07 1.888557e+07 1.881187e+07 1.875566e+07 1.871318e+07 1.861399e+07 1.857184e+07 1.851771e+07 1.844356e+07 1.835947e+07 1.827711e+07 1.814505e+07 1.806511e+07 1.802053e+07 1.798822e+07 1.795063e+07 1.789764e+07 1.656109e+07 1.503324e+07 1.383347e+07 1.279549e+07
1.922727e+07 1.922727e+07 1.922727e+07 1.922727e+07 1.922727e+07 1.922727e+07 1.922685e+07 1.919386e+07 1.914753e+07 1.908570e+07 1.894267e+07 1.880451e+07 1.868728e+07 1.859359e+07 1.852090e+07 1.846540e+07 1.842342e+07 1.832488e+07 1.828267e+07 1.822887e+07 1.815551e+07 1.807241e+07 1.799099e+07 1.786016e+07 1.778047e+07 1.773556e+07 1.770284e+07 1.766512e+07 1.761249e+07 1.630248e+07 1.480726e+07 1.363611e+07 1.262961e+07
1.893247e+07 1.893247e+07 1.893247e+07 1.893247e+07 1.893247e+07 1.893247e+07 1.893206e+07 1.889963e+07 1.885407e+07 1.879325e+07 1.865248e+07 1.851645e+07 1.840097e+07 1.830861e+07 1.823691e+07 1.818211e+07 1.814060e+07 1.804270e+07 1.800043e+07 1.794697e+07 1.787436e+07 1.779221e+07 1.771169e+07 1.758203e+07 1.750258e+07 1.745736e+07 1.742427e+07 1.738645e+07 1.733419e+07 1.605004e+07 1.458659e+07 1.344282e+07 1.246632e+07
1.864470e+07 1.864470e+07 1.864470e+07 1.864470e+07 1.864470e+07 1.864470e+07 1.864429e+07 1.861241e+07 1.856759e+07 1.850774e+07 1.836918e+07 1.823522e+07 1.812144e+07 1.803039e+07 1.795964e+07 1.790552e+07 1.786448e+07 1.776722e+07 1.772491e+07 1.767177e+07 1.759988e+07 1.751863e+07 1.743898e+07 1.731044e+07 1.723121e+07 1.718570e+07 1.715227e+07 1.711439e+07 1.706251e+07 1.580356e+07 1.437104e+07 1.325352e+07 1.230561e+07
1.836363e+07 1.836363e+07 1.836363e+07 1.836363e+07 1.836363e+07 1.836362e+07 1.836322e+07 1.833187e+07 1.828778e+07 1.822889e+07 1.809248e+07 1.796054e+07 1.784842e+07 1.775864e+07 1.768884e+07 1.763539e+07 1.759480e+07 1.749819e+07 1.745585e+07 1.740300e+07 1.733181e+07 1.725143e+07 1.717260e+07 1.704514e+07 1.696613e+07 1.692036e+07 1.688662e+07 1.684871e+07 1.679723e+07 1.556286e+07 1.416046e+07 1.306814e+07 1.214747e+07
1.808893e+07 1.808893e+07 1.808893e+07 1.808893e+07 1.808893e+07 1.808893e+07 1.808853e+07 1.805770e+07 1.801432e+07 1.795635e+07 1.782205e+07 1.769209e+07 1.758160e+07 1.749308e+07 1.742420e+07 1.737141e+07 1.733128e+07 1.723533e+07 1.719294e+07 1.714039e+07 1.706986e+07 1.699031e+07 1.691228e+07 1.678587e+07 1.670710e+07 1.666112e+07 1.662712e+07 1.658920e+07 1.653816e+07 1.532774e+07 1.395467e+07 1.288659e+07 1.199189e+07
1.782034e+07 1.782034e+07 1.782034e+07 1.782034e+07 1.782034e+07 1.782034e+07 1.781995e+07 1.778962e+07 1.774693e+07 1.768987e+07 1.755761e+07 1.742959e+07 1.732069e+07 1.723339e+07 1.716542e+07 1.711327e+07 1.707359e+07 1.697829e+07 1.693588e+07 1.688361e+07 1.681373e+07 1.673499e+07 1.665775e+07 1.653238e+07 1.645390e+07 1.640775e+07 1.637355e+07 1.633568e+07 1.628508e+07 1.509803e+07 1.375355e+07 1.270878e+07 1.183885e+07
1.755760e+07 1.755760e+07 1.755760e+07 1.755760e+07 1.755760e+07 1.755760e+07 1.755721e+07 1.752738e+07 1.748536e+07 1.742917e+07 1.729891e+07 1.717276e+07 1.706540e+07 1.697930e+07 1.691220e+07 1.686068e+07 1.682143e+07 1.672676e+07 1.668433e+07 1.663234e+07 1.656311e+07 1.648519e+07 1.640874e+07 1.628446e+07 1.620631e+07 1.616007e+07 1.612573e+07 1.608794e+07 1.603782e+07 1.487358e+07 1.355693e+07 1.253463e+07 1.168833e+07
