7.002788e+04 4.908050e+04 4.174943e+04 2.505798e+04 1.982069e+04 1.214865e+04 1.017434e+04 8.808312e+03 8.479259e+03 8.250737e+03 7.976399e+03 7.850169e+03 7.798278e+03 7.753947e+03 7.650487e+03 7.432347e+03 7.072001e+03 4.231110e+03 2.436856e+03 1.716017e+03 1.437105e+03 1.348369e+03 1.356650e+03 1.535091e+03 1.867288e+03 2.357358e+03 3.052687e+03 4.026362e+03 5.365682e+03 5.169212e+04 1.440834e+05 2.348961e+05 3.028659e+05
9.437336e+03 9.437350e+03 9.437386e+03 9.437780e+03 9.436394e+03 9.282735e+03 8.994418e+03 8.373303e+03 8.183351e+03 8.038211e+03 7.857839e+03 7.783060e+03 7.762738e+03 7.738002e+03 7.645774e+03 7.432793e+03 7.073457e+03 4.223430e+03 2.430038e+03 1.712760e+03 1.436663e+03 1.349979e+03 1.359831e+03 1.540718e+03 1.875113e+03 2.367643e+03 3.066079e+03 4.043828e+03 5.388434e+03 5.182779e+04 1.443173e+05 2.351441e+05 3.030795e+05
8.306756e+03 8.306762e+03 8.306778e+03 8.307139e+03 8.307725e+03 8.273618e+03 8.196013e+03 8.016421e+03 7.878131e+03 7.793466e+03 7.718832e+03 7.707806e+03 7.725779e+03 7.723677e+03 7.643544e+03 7.435403e+03 7.076244e+03 4.214530e+03 2.422502e+03 1.709267e+03 1.436225e+03 1.351707e+03 1.363192e+03 1.546582e+03 1.883206e+03 2.378229e+03 3.079818e+03 4.061702e+03 5.411671e+03 5.196495e+04 1.445527e+05 2.353933e+05 3.032937e+05
7.822822e+03 7.822824e+03 7.822828e+03 7.822939e+03 7.823162e+03 7.815754e+03 7.757616e+03 7.752462e+03 7.725209e+03 7.671311e+03 7.608831e+03 7.639577e+03 7.693585e+03 7.713864e+03 7.645149e+03 7.440695e+03 7.080411e+03 4.204180e+03 2.414191e+03 1.705533e+03 1.435795e+03 1.353564e+03 1.366741e+03 1.552689e+03 1.891573e+03 2.389123e+03 3.093910e+03 4.079990e+03 5.435401e+03 5.210362e+04 1.447898e+05 2.356437e+05 3.035086e+05
7.533962e+03 7.533964e+03 7.533968e+03 7.534080e+03 7.534376e+03 7.539463e+03 7.527699e+03 7.520746e+03 7.563733e+03 7.591541e+03 7.598561e+03 7.623136e+03 7.681962e+03 7.714860e+03 7.653090e+03 7.449470e+03 7.085979e+03 4.192099e+03 2.405043e+03 1.701553e+03 1.435382e+03 1.355556e+03 1.370487e+03 1.559047e+03 1.900221e+03 2.400331e+03 3.108361e+03 4.098700e+03 5.459630e+03 5.224380e+04 1.450285e+05 2.358952e+05 3.037242e+05
7.414394e+03 7.414395e+03 7.414398e+03 7.414496e+03 7.414764e+03 7.419749e+03 7.422028e+03 7.415524e+03 7.455578e+03 7.516439e+03 7.617529e+03 7.677722e+03 7.724991e+03 7.741034e+03 7.673069e+03 7.463815e+03 7.093438e+03 4.177985e+03 2.395000e+03 1.697323e+03 1.434990e+03 1.357692e+03 1.374436e+03 1.565661e+03 1.909155e+03 2.411858e+03 3.123178e+03 4.117838e+03 5.484368e+03 5.238550e+04 1.452688e+05 2.361478e+05 3.039404e+05
7.379519e+03 7.379520e+03 7.379524e+03 7.379636e+03 7.379954e+03 7.386218e+03 7.396868e+03 7.410139e+03 7.438743e+03 7.495748e+03 7.642562e+03 7.755605e+03 7.815760e+03 7.814109e+03 7.717451e+03 7.488432e+03 7.104440e+03 4.161561e+03 2.384010e+03 1.692843e+03 1.434629e+03 1.359981e+03 1.378598e+03 1.572539e+03 1.918382e+03 2.423710e+03 3.138367e+03 4.137412e+03 5.509622e+03 5.252875e+04 1.455107e+05 2.364016e+05 3.041574e+05
7.413201e+03 7.413203e+03 7.413209e+03 7.413385e+03 7.413889e+03 7.423442e+03 7.441398e+03 7.475693e+03 7.500693e+03 7.546581e+03 7.693117e+03 7.839502e+03 7.922591e+03 7.916183e+03 7.795141e+03 7.533179e+03 7.122735e+03 4.142639e+03 2.372034e+03 1.688116e+03 1.434308e+03 1.362433e+03 1.382980e+03 1.579688e+03 1.927907e+03 2.435893e+03 3.153934e+03 4.157427e+03 5.535399e+03 5.267355e+04 1.457543e+05 2.366566e+05 3.043750e+05
7.531935e+03 7.531936e+03 7.531939e+03 7.532014e+03 7.532238e+03 7.538330e+03 7.554476e+03 7.597272e+03 7.622380e+03 7.659679e+03 7.784849e+03 7.933873e+03 8.030929e+03 8.025441e+03 7.887224e+03 7.597055e+03 7.155216e+03 4.121191e+03 2.359060e+03 1.683150e+03 1.434038e+03 1.365057e+03 1.387591e+03 1.587114e+03 1.937736e+03 2.448413e+03 3.169884e+03 4.177892e+03 5.561707e+03 5.281991e+04 1.459995e+05 2.369127e+05 3.045933e+05
7.693037e+03 7.693038e+03 7.693040e+03 7.693109e+03 7.693317e+03 7.699318e+03 7.715415e+03 7.761563e+03 7.787451e+03 7.819327e+03 7.918188e+03 8.046190e+03 8.137936e+03 8.128992e+03 7.977579e+03 7.664387e+03 7.195447e+03 4.097425e+03 2.345108e+03 1.677965e+03 1.433833e+03 1.367863e+03 1.392440e+03 1.594823e+03 1.947875e+03 2.461276e+03 3.186225e+03 4.198812e+03 5.588555e+03 5.296785e+04 1.462464e+05 2.371699e+05 3.048123e+05
7.890200e+03 7.890200e+03 7.890203e+03 7.890276e+03 7.890497e+03 7.896358e+03 7.911483e+03 7.957400e+03 7.983346e+03 8.011270e+03 8.084257e+03 8.177358e+03 8.244328e+03 8.220627e+03 8.055006e+03 7.722984e+03 7.231921e+03 4.071883e+03 2.330247e+03 1.672586e+03 1.433708e+03 1.370864e+03 1.397535e+03 1.602822e+03 1.958330e+03 2.474487e+03 3.202963e+03 4.220196e+03 5.615950e+03 5.311739e+04 1.464950e+05 2.374284e+05 3.050320e+05
8.192989e+03 8.192989e+03 8.192989e+03 8.192983e+03 8.192962e+03 8.192089e+03 8.188762e+03 8.170614e+03 8.152948e+03 8.128286e+03 8.057292e+03 7.956714e+03 7.819611e+03 7.627979e+03 7.355991e+03 6.981738e+03 6.501773e+03 3.681302e+03 2.174124e+03 1.625538e+03 1.443798e+03 1.415200e+03 1.464406e+03 1.700212e+03 2.081440e+03 2.626963e+03 3.393484e+03 4.461026e+03 5.921765e+03 5.470316e+04 1.490733e+05 2.400772e+05 3.072663e+05
5.829148e+03 5.829148e+03 5.829148e+03 5.829151e+03 5.829161e+03 5.829395e+03 5.829767e+03 5.829916e+03 5.829489e+03 5.828611e+03 5.824820e+03 5.814542e+03 5.785903e+03 5.717563e+03 5.583872e+03 5.365129e+03 5.058134e+03 3.104012e+03 2.028486e+03 1.634544e+03 1.510687e+03 1.507929e+03 1.572965e+03 1.834869e+03 2.242354e+03 2.820397e+03 3.630445e+03 4.755974e+03 6.291335e+03 5.646270e+04 1.518253e+05 2.428443e+05 3.095685e+05
4.780413e+03 4.780413e+03 4.780413e+03 4.780414e+03 4.780420e+03 4.780589e+03 4.781120e+03 4.783043e+03 4.784289e+03 4.785655e+03 4.788379e+03 4.788532e+03 4.777352e+03 4.738396e+03 4.651087e+03 4.498605e+03 4.276541e+03 2.798898e+03 1.981076e+03 1.702842e+03 1.637273e+03 1.664600e+03 1.744950e+03 2.021253e+03 2.449063e+03 3.061453e+03 3.920802e+03 5.112899e+03 6.733657e+03 5.840965e+04 1.547578e+05 2.457315e+05 3.119383e+05
4.413629e+03 4.413629e+03 4.413629e+03 4.413630e+03 4.413634e+03 4.413760e+03 4.414225e+03 4.416343e+03 4.417959e+03 4.419921e+03 4.424633e+03 4.428235e+03 4.423202e+03 4.395362e+03 4.326899e+03 4.203055e+03 4.019550e+03 2.774399e+03 2.081386e+03 1.856263e+03 1.821978e+03 1.872338e+03 1.969928e+03 2.269320e+03 2.716909e+03 3.360982e+03 4.274119e+03 5.541637e+03 7.259406e+03 6.055810e+04 1.578772e+05 2.487398e+05 3.143749e+05
4.473970e+03 4.473970e+03 4.473970e+03 4.473973e+03 4.473980e+03 4.474216e+03 4.474904e+03 4.477412e+03 4.479245e+03 4.481476e+03 4.486899e+03 4.491521e+03 4.488195e+03 4.463548e+03 4.400804e+03 4.286087e+03 4.115380e+03 2.953890e+03 2.307018e+03 2.097364e+03 2.070484e+03 2.129797e+03 2.239705e+03 2.569138e+03 3.050600e+03 3.736551e+03 4.706352e+03 6.056168e+03 7.882450e+03 6.292263e+04 1.611896e+05 2.518702e+05 3.168774e+05
4.806116e+03 4.806116e+03 4.806116e+03 4.806118e+03 4.806126e+03 4.806372e+03 4.807111e+03 4.809713e+03 4.811447e+03 4.813411e+03 4.817738e+03 4.820567e+03 4.814868e+03 4.787379e+03 4.721481e+03 4.603540e+03 4.429860e+03 3.263179e+03 2.617921e+03 2.406506e+03 2.376920e+03 2.437196e+03 2.554322e+03 2.916044e+03 3.445454e+03 4.191536e+03 5.236490e+03 6.678893e+03 8.622351e+03 6.551844e+04 1.647006e+05 2.551231e+05 3.194446e+05
5.237213e+03 5.237213e+03 5.237213e+03 5.237215e+03 5.237220e+03 5.237368e+03 5.237825e+03 5.239547e+03 5.240725e+03 5.242060e+03 5.244905e+03 5.245898e+03 5.237792e+03 5.206971e+03 5.136467e+03 5.012517e+03 4.831659e+03 3.631670e+03 2.974590e+03 2.760031e+03 2.729770e+03 2.792515e+03 2.917314e+03 3.314141e+03 3.902852e+03 4.727504e+03 5.869565e+03 7.428898e+03 9.508113e+03 6.836160e+04 1.684155e+05 2.584985e+05 3.220750e+05
5.677531e+03 5.677531e+03 5.677531e+03 5.677531e+03 5.677533e+03 5.677570e+03 5.677635e+03 5.677835e+03 5.678047e+03 5.678382e+03 5.679281e+03 5.678397e+03 5.668257e+03 5.634825e+03 5.560698e+03 5.431862e+03 5.244965e+03 4.016292e+03 3.353562e+03 3.144882e+03 3.123698e+03 3.197246e+03 3.335694e+03 3.774874e+03 4.431958e+03 5.351370e+03 6.612773e+03 8.314754e+03 1.055797e+04 7.146930e+04 1.723389e+05 2.619959e+05 3.247670e+05
6.080169e+03 6.080169e+03 6.080169e+03 6.080172e+03 6.080180e+03 6.080459e+03 6.081308e+03 6.084213e+03 6.086038e+03 6.088025e+03 6.092136e+03 6.094147e+03 6.086301e+03 6.054161e+03 5.979891e+03 5.849243e+03 5.659009e+03 4.413007e+03 3.756917e+03 3.566843e+03 3.566892e+03 3.661888e+03 3.822435e+03 4.314803e+03 5.048822e+03 6.076485e+03 7.477945e+03 9.348749e+03 1.178497e+04 7.486031e+04 1.764752e+05 2.656144e+05 3.275185e+05
6.551692e+03 6.551692e+03 6.551692e+03 6.551693e+03 6.551694e+03 6.551734e+03 6.551879e+03 6.552897e+03 6.553904e+03 6.555245e+03 6.558588e+03 6.560355e+03 6.552372e+03 6.519558e+03 6.443421e+03 6.309359e+03 6.114354e+03 4.850736e+03 4.210508e+03 4.049746e+03 4.081081e+03 4.206551e+03 4.396923e+03 4.953973e+03 5.774090e+03 6.922244e+03 8.482612e+03 1.054758e+04 1.320622e+04 7.855542e+04 1.808282e+05 2.693526e+05 3.303274e+05
7.112276e+03 7.112276e+03 7.112277e+03 7.112279e+03 7.112288e+03 7.112563e+03 7.113412e+03 7.116438e+03 7.118373e+03 7.120484e+03 7.124891e+03 7.127138e+03 7.118837e+03 7.084357e+03 7.004610e+03 6.864789e+03 6.662341e+03 5.373400e+03 4.753027e+03 4.627673e+03 4.695921e+03 4.857172e+03 5.082561e+03 5.714400e+03 6.631038e+03 7.912741e+03 9.650219e+03 1.193347e+04 1.484323e+04 8.257813e+04 1.854013e+05 2.732086e+05 3.331911e+05
7.780117e+03 7.780117e+03 7.780118e+03 7.780119e+03 7.780125e+03 7.780304e+03 7.780827e+03 7.782680e+03 7.784030e+03 7.785713e+03 7.789956e+03 7.792965e+03 7.785886e+03 7.752231e+03 7.672007e+03 7.529882e+03 7.323468e+03 6.021163e+03 5.424484e+03 5.335655e+03 5.441538e+03 5.640005e+03 5.903056e+03 6.618655e+03 7.644593e+03 9.075740e+03 1.100978e+04 1.353489e+04 1.672302e+04 8.695562e+04 1.901977e+05 2.771803e+05 3.361068e+05
8.655603e+03 8.655603e+03 8.655603e+03 8.655606e+03 8.655615e+03 8.655900e+03 8.656779e+03 8.660142e+03 8.662597e+03 8.665578e+03 8.672856e+03 8.679124e+03 8.674731e+03 8.641996e+03 8.559713e+03 8.411896e+03 8.196490e+03 6.850058e+03 6.261027e+03 6.201843e+03 6.342093e+03 6.577055e+03 6.879540e+03 7.689291e+03 8.841501e+03 1.044261e+04 1.259566e+04 1.538672e+04 1.887900e+04 9.172069e+04 1.952201e+05 2.812648e+05 3.390717e+05
9.858658e+03 9.858658e+03 9.858658e+03 9.858660e+03 9.858666e+03 9.858836e+03 9.859339e+03 9.861300e+03 9.862764e+03 9.864565e+03 9.868950e+03 9.871538e+03 9.862063e+03 9.821569e+03 9.727437e+03 9.562942e+03 9.326614e+03 7.883529e+03 7.279462e+03 7.241444e+03 7.412991e+03 7.684885e+03 8.030428e+03 8.949971e+03 1.025178e+04 1.204931e+04 1.444790e+04 1.753034e+04 2.135120e+04 9.691757e+04 2.004713e+05 2.854590e+05 3.420824e+05
1.119843e+04 1.119843e+04 1.119843e+04 1.119844e+04 1.119845e+04 1.119881e+04 1.119995e+04 1.120465e+04 1.120819e+04 1.121247e+04 1.122268e+04 1.123140e+04 1.122684e+04 1.118792e+04 1.108982e+04 1.091444e+04 1.066053e+04 9.112296e+03 8.481556e+03 8.460799e+03 8.664628e+03 8.978175e+03 9.374832e+03 1.042860e+04 1.191131e+04 1.393819e+04 1.661307e+04 2.001377e+04 2.418627e+04 1.025734e+05 2.059537e+05 2.897595e+05 3.451356e+05
1.289641e+04 1.289641e+04 1.289641e+04 1.289642e+04 1.289642e+04 1.289663e+04 1.289726e+04 1.289957e+04 1.290124e+04 1.290327e+04 1.290812e+04 1.291060e+04 1.289819e+04 1.284796e+04 1.273283e+04 1.253330e+04 1.224855e+04 1.054502e+04 9.871741e+03 9.868091e+03 1.011085e+04 1.047695e+04 1.093886e+04 1.216203e+04 1.386525e+04 1.616015e+04 1.914533e+04 2.289183e+04 2.743713e+04 1.086900e+05 2.116701e+05 2.941623e+05 3.482275e+05
1.472644e+04 1.472644e+04 1.472644e+04 1.472644e+04 1.472645e+04 1.472687e+04 1.472818e+04 1.473336e+04 1.473722e+04 1.474190e+04 1.475312e+04 1.476248e+04 1.475552e+04 1.470634e+04 1.458463e+04 1.436865e+04 1.405759e+04 1.218953e+04 1.146496e+04 1.148386e+04 1.177895e+04 1.221547e+04 1.276326e+04 1.420136e+04 1.617137e+04 1.877664e+04 2.210729e+04 2.622618e+04 3.116235e+04 1.152715e+05 2.176235e+05 2.986633e+05 3.513544e+05
1.698195e+04 1.698195e+04 1.698195e+04 1.698196e+04 1.698196e+04 1.698219e+04 1.698297e+04 1.698664e+04 1.698961e+04 1.699335e+04 1.700274e+04 1.701009e+04 1.699934e+04 1.694131e+04 1.680172e+04 1.655600e+04 1.620332e+04 1.409859e+04 1.330214e+04 1.335266e+04 1.371992e+04 1.425102e+04 1.491063e+04 1.661636e+04 1.890258e+04 2.186073e+04 2.557022e+04 3.008474e+04 3.542523e+04 1.223201e+05 2.238178e+05 3.032582e+05 3.545123e+05
1.964150e+04 1.964150e+04 1.964150e+04 1.964151e+04 1.964153e+04 1.964212e+04 1.964396e+04 1.965122e+04 1.965649e+04 1.966273e+04 1.967731e+04 1.968905e+04 1.967915e+04 1.961376e+04 1.945334e+04 1.916976e+04 1.876249e+04 1.634359e+04 1.545542e+04 1.555196e+04 1.601644e+04 1.667024e+04 1.747021e+04 1.949776e+04 2.214750e+04 2.549686e+04 2.961322e+04 3.454064e+04 4.029237e+04 1.298357e+05 2.302579e+05 3.079425e+05 3.576971e+05
2.283227e+04 2.283227e+04 2.283227e+04 2.283228e+04 2.283231e+04 2.283318e+04 2.283586e+04 2.284586e+04 2.285284e+04 2.286103e+04 2.288020e+04 2.289660e+04 2.288820e+04 2.281524e+04 2.263128e+04 2.230335e+04 2.183098e+04 1.903196e+04 1.803790e+04 1.819815e+04 1.878640e+04 1.959090e+04 2.055830e+04 2.295610e+04 2.600869e+04 2.977877e+04 3.432118e+04 3.967018e+04 4.583180e+04 1.378154e+05 2.369514e+05 3.127114e+05 3.609046e+05
2.682577e+04 2.682577e+04 2.682577e+04 2.682578e+04 2.682581e+04 2.682662e+04 2.682913e+04 2.683873e+04 2.684558e+04 2.685368e+04 2.687278e+04 2.688823e+04 2.687417e+04 2.678382e+04 2.656257e+04 2.617198e+04 2.561215e+04 2.232863e+04 2.120586e+04 2.144433e+04 2.217902e+04 2.315720e+04 2.431327e+04 2.711680e+04 3.059824e+04 3.480576e+04 3.978161e+04 4.555017e+04 5.211058e+04 1.462533e+05 2.439124e+05 3.175605e+05 3.641307e+05
3.159366e+04 3.159366e+04 3.159366e+04 3.159367e+04 3.159372e+04 3.159516e+04 3.159962e+04 3.161669e+04 3.162875e+04 3.164291e+04 3.167604e+04 3.170610e+04 3.170174e+04 3.160690e+04 3.135652e+04 3.090494e+04 3.025246e+04 2.641877e+04 2.514378e+04 2.546763e+04 2.636281e+04 2.752862e+04 2.888541e+04 3.211201e+04 3.603126e+04 4.067753e+04 4.608055e+04 5.225467e+04 5.919220e+04 1.551408e+05 2.511482e+05 3.224853e+05 3.673709e+05
3.780610e+04 3.780610e+04 3.780610e+04 3.780611e+04 3.780614e+04 3.780720e+04 3.781048e+04 3.782345e+04 3.783296e+04 3.784435e+04 3.787152e+04 3.789374e+04 3.787415e+04 3.774641e+04 3.743367e+04 3.688259e+04 3.609480e+04 3.153029e+04 3.004730e+04 3.044994e+04 3.150855e+04 3.286510e+04 3.442396e+04 3.807064e+04 4.241829e+04 4.748841e+04 5.329817e+04 5.985151e+04 6.713371e+04 1.644662e+05 2.586329e+05 3.274813e+05 3.706211e+05
4.515384e+04 4.515384e+04 4.515384e+04 4.515386e+04 4.515392e+04 4.515565e+04 4.516035e+04 4.517743e+04 4.518978e+04 4.520466e+04 4.524052e+04 4.527165e+04 4.525404e+04 4.510884e+04 4.474499e+04 4.409956e+04 4.317481e+04 3.781955e+04 3.609077e+04 3.655893e+04 3.777333e+04 3.931279e+04 4.106448e+04 4.510860e+04 4.985792e+04 5.532175e+04 6.150444e+04 6.839892e+04 7.598313e+04 1.742151e+05 2.663427e+05 3.325449e+05 3.738771e+05
5.416819e+04 5.416819e+04 5.416819e+04 5.416820e+04 5.416824e+04 5.416964e+04 5.417401e+04 5.419156e+04 5.420486e+04 5.422125e+04 5.426171e+04 5.429716e+04 5.427546e+04 5.410329e+04 5.367309e+04 5.291072e+04 5.181909e+04 4.550083e+04 4.344099e+04 4.394025e+04 4.528918e+04 4.699274e+04 4.891835e+04 5.332059e+04 5.843050e+04 6.424515e+04 7.075545e+04 7.794268e+04 8.577704e+04 1.843699e+05 2.742540e+05 3.376726e+05 3.771347e+05
6.517036e+04 6.517036e+04 6.517036e+04 6.517037e+04 6.517041e+04 6.517153e+04 6.517504e+04 6.518915e+04 6.519989e+04 6.521325e+04 6.524632e+04 6.527065e+04 6.522560e+04 6.500199e+04 6.447389e+04 6.355482e+04 6.224902e+04 5.472833e+04 5.222193e+04 5.270139e+04 5.415191e+04 5.599166e+04 5.806496e+04 6.277439e+04 6.819400e+04 7.430726e+04 8.109082e+04 8.851387e+04 9.653877e+04 1.949101e+05 2.823423e+05 3.428623e+05 3.803900e+05
7.770120e+04 7.770120e+04 7.770120e+04 7.770122e+04 7.770128e+04 7.770325e+04 7.770937e+04 7.773386e+04 7.775223e+04 7.777463e+04 7.782907e+04 7.787504e+04 7.784055e+04 7.759693e+04 7.699578e+04 7.593445e+04 7.441621e+04 6.557503e+04 6.250912e+04 6.290505e+04 6.441458e+04 6.635666e+04 6.854771e+04 7.350862e+04 7.918230e+04 8.553620e+04 9.253217e+04 1.001275e+05 1.082770e+05 2.058115e+05 2.905815e+05 3.481133e+05 3.836392e+05
9.280670e+04 9.280670e+04 9.280670e+04 9.280672e+04 9.280679e+04 9.280869e+04 9.281457e+04 9.283795e+04 9.285543e+04 9.287672e+04 9.292798e+04 9.296611e+04 9.290687e+04 9.259924e+04 9.186874e+04 9.059444e+04 8.877979e+04 7.818814e+04 7.434686e+04 7.456685e+04 7.608526e+04 7.809507e+04 8.037525e+04 8.553441e+04 9.140619e+04 9.793972e+04 1.050827e+05 1.127816e+05 1.209851e+05 2.170468e+05 2.989444e+05 3.534288e+05 3.868787e+05
1.101462e+05 1.101462e+05 1.101462e+05 1.101462e+05 1.101463e+05 1.101483e+05 1.101547e+05 1.101795e+05 1.101979e+05 1.102202e+05 1.102731e+05 1.103081e+05 1.102258e+05 1.098482e+05 1.089690e+05 1.074441e+05 1.052760e+05 9.254005e+04 8.769625e+04 8.764880e+04 8.913281e+04 9.118313e+04 9.352989e+04 9.884098e+04 1.048562e+05 1.115063e+05 1.187273e+05 1.264572e+05 1.346404e+05 2.285849e+05 3.074029e+05 3.588139e+05 3.901053e+05
1.296599e+05 1.296599e+05 1.296599e+05 1.296599e+05 1.296600e+05 1.296619e+05 1.296680e+05 1.296922e+05 1.297105e+05 1.297327e+05 1.297855e+05 1.298151e+05 1.297048e+05 1.292448e+05 1.281913e+05 1.263730e+05 1.237904e+05 1.085248e+05 1.024779e+05 1.020921e+05 1.035124e+05 1.055852e+05 1.079815e+05 1.134025e+05 1.195057e+05 1.262065e+05 1.334330e+05 1.411182e+05 1.492042e+05 2.403910e+05 3.159280e+05 3.642478e+05 3.933161e+05
1.512926e+05 1.512926e+05 1.512926e+05 1.512926e+05 1.512926e+05 1.512944e+05 1.512999e+05 1.513218e+05 1.513383e+05 1.513584e+05 1.514052e+05 1.514212e+05 1.512702e+05 1.507070e+05 1.494460e+05 1.472855e+05 1.442245e+05 1.260641e+05 1.186396e+05 1.178580e+05 1.191909e+05 1.212694e+05 1.236976e+05 1.291818e+05 1.353121e+05 1.419928e+05 1.491487e+05 1.567110e+05 1.646218e+05 2.524270e+05 3.244901e+05 3.697098e+05 3.965088e+05
1.745918e+05 1.745918e+05 1.745918e+05 1.745919e+05 1.745919e+05 1.745938e+05 1.745999e+05 1.746239e+05 1.746419e+05 1.746637e+05 1.747136e+05 1.747260e+05 1.745433e+05 1.738821e+05 1.724110e+05 1.698950e+05 1.663305e+05 1.450753e+05 1.361551e+05 1.349291e+05 1.361470e+05 1.382071e+05 1.406412e+05 1.461281e+05 1.522148e+05 1.587988e+05 1.658047e+05 1.731646e+05 1.808222e+05 2.646513e+05 3.330597e+05 3.751810e+05 3.996814e+05
1.996310e+05 1.996310e+05 1.996310e+05 1.996310e+05 1.996311e+05 1.996331e+05 1.996394e+05 1.996645e+05 1.996833e+05 1.997061e+05 1.997580e+05 1.997655e+05 1.995490e+05 1.987838e+05 1.970904e+05 1.941979e+05 1.900993e+05 1.655502e+05 1.550186e+05 1.532907e+05 1.543521e+05 1.563556e+05 1.587574e+05 1.641685e+05 1.701313e+05 1.765372e+05 1.833123e+05 1.903907e+05 1.977190e+05 2.770191e+05 3.416072e+05 3.806435e+05 4.028330e+05
2.265099e+05 2.265099e+05 2.265099e+05 2.265100e+05 2.265100e+05 2.265118e+05 2.265174e+05 2.265397e+05 2.265565e+05 2.265770e+05 2.266226e+05 2.266153e+05 2.263522e+05 2.254660e+05 2.235263e+05 2.202251e+05 2.155524e+05 1.874833e+05 1.752060e+05 1.728980e+05 1.737424e+05 1.756358e+05 1.779556e+05 1.831992e+05 1.889523e+05 1.950981e+05 2.015631e+05 2.082842e+05 2.152113e+05 2.894828e+05 3.501038e+05 3.860799e+05 4.059637e+05
2.548727e+05 2.548727e+05 2.548727e+05 2.548727e+05 2.548728e+05 2.548751e+05 2.548823e+05 2.549108e+05 2.549319e+05 2.549573e+05 2.550134e+05 2.550098e+05 2.547183e+05 2.537261e+05 2.515487e+05 2.478373e+05 2.425772e+05 2.108130e+05 1.966334e+05 1.936417e+05 1.941921e+05 1.959126e+05 1.980966e+05 2.030801e+05 2.085415e+05 2.143497e+05 2.204308e+05 2.267245e+05 2.331847e+05 3.019928e+05 3.585212e+05 3.914730e+05 4.090757e+05
2.852334e+05 2.852334e+05 2.852334e+05 2.852334e+05 2.852334e+05 2.852348e+05 2.852393e+05 2.852582e+05 2.852729e+05 2.852912e+05 2.853304e+05 2.852993e+05 2.849437e+05 2.838037e+05 2.813383e+05 2.771569e+05 2.712409e+05 2.354237e+05 2.191213e+05 2.153229e+05 2.155002e+05 2.169903e+05 2.189923e+05 2.236387e+05 2.287384e+05 2.341418e+05 2.397738e+05 2.455781e+05 2.515139e+05 3.144976e+05 3.668322e+05 3.968057e+05 4.121748e+05
3.166740e+05 3.166740e+05 3.166740e+05 3.166740e+05 3.166741e+05 3.166760e+05 3.166817e+05 3.167040e+05 3.167205e+05 3.167405e+05 3.167819e+05 3.167432e+05 3.163434e+05 3.150725e+05 3.123296e+05 3.076782e+05 3.010918e+05 2.609956e+05 2.423706e+05 2.376627e+05 2.374115e+05 2.386350e+05 2.404263e+05 2.446831e+05 2.493675e+05 2.543106e+05 2.594389e+05 2.647018e+05 2.700651e+05 3.269448e+05 3.750106e+05 4.020617e+05 4.152521e+05
3.492165e+05 3.492165e+05 3.492165e+05 3.492165e+05 3.492166e+05 3.492187e+05 3.492252e+05 3.492507e+05 3.492695e+05 3.492920e+05 3.493382e+05 3.492954e+05 3.488528e+05 3.474461e+05 3.444084e+05 3.392526e+05 3.319436e+05 2.872111e+05 2.660702e+05 2.603852e+05 2.596784e+05 2.606194e+05 2.621855e+05 2.660189e+05 2.702471e+05 2.746856e+05 2.792656e+05 2.839454e+05 2.886987e+05 3.392817e+05 3.830319e+05 4.072251e+05 4.182943e+05
3.831662e+05 3.831662e+05 3.831662e+05 3.831663e+05 3.831663e+05 3.831680e+05 3.831731e+05 3.831935e+05 3.832086e+05 3.832265e+05 3.832591e+05 3.831871e+05 3.826668e+05 3.810746e+05 3.776729e+05 3.719222e+05 3.637820e+05 3.138919e+05 2.900263e+05 2.833008e+05 2.821131e+05 2.827556e+05 2.840818e+05 2.874596e+05 2.911957e+05 2.950928e+05 2.990899e+05 3.031555e+05 3.072725e+05 3.514560e+05 3.908729e+05 4.122806e+05 4.212909e+05
4.173998e+05 4.173998e+05 4.173998e+05 4.173998e+05 4.173998e+05 4.174004e+05 4.174022e+05 4.174094e+05 4.174147e+05 4.174211e+05 4.174254e+05 4.173105e+05 4.167024e+05 4.149197e+05 4.111544e+05 4.048126e+05 3.958458e+05 3.407664e+05 3.140998e+05 3.062768e+05 3.045687e+05 3.048826e+05 3.059440e+05 3.088244e+05 3.120327e+05 3.153579e+05 3.187465e+05 3.221780e+05 3.256439e+05 3.634167e+05 3.985122e+05 4.172136e+05 4.242324e+05
4.506143e+05 4.506143e+05 4.506143e+05 4.506143e+05 4.506144e+05 4.506162e+05 4.506218e+05 4.506443e+05 4.506611e+05 4.506811e+05 4.507175e+05 4.506301e+05 4.500122e+05 4.481240e+05 4.440863e+05 4.372489e+05 4.275501e+05 3.675747e+05 3.381252e+05 3.291592e+05 3.268843e+05 3.268307e+05 3.275953e+05 3.299299e+05 3.325764e+05 3.353062e+05 3.380715e+05 3.408607e+05 3.436732e+05 3.751148e+05 4.059301e+05 4.220103e+05 4.271100e+05
4.846688e+05 4.846688e+05 4.846688e+05 4.846688e+05 4.846688e+05 4.846691e+05 4.846699e+05 4.846746e+05 4.846790e+05 4.846850e+05 4.846878e+05 4.845521e+05 4.838413e+05 4.817588e+05 4.773564e+05 4.699305e+05 4.594106e+05 3.942490e+05 3.619141e+05 3.517471e+05 3.488599e+05 3.484014e+05 3.488389e+05 3.505837e+05 3.526427e+05 3.547648e+05 3.569043e+05 3.590564e+05 3.612261e+05 3.865039e+05 4.131087e+05 4.266581e+05 4.299154e+05
5.178972e+05 5.178972e+05 5.178972e+05 5.178972e+05 5.178972e+05 5.178974e+05 5.178982e+05 5.179018e+05 5.179049e+05 5.179085e+05 5.179027e+05 5.177443e+05 5.169662e+05 5.147159e+05 5.099765e+05 5.019911e+05 4.906793e+05 4.204218e+05 3.851945e+05 3.737941e+05 3.702624e+05 3.693717e+05 3.694602e+05 3.705872e+05 3.720480e+05 3.735652e+05 3.750917e+05 3.766262e+05 3.781772e+05 3.975412e+05 4.200318e+05 4.311452e+05 4.326407e+05
5.496249e+05 5.496249e+05 5.496249e+05 5.496249e+05 5.496249e+05 5.496256e+05 5.496277e+05 5.496361e+05 5.496423e+05 5.496496e+05 5.496516e+05 5.494934e+05 5.486796e+05 5.463043e+05 5.412847e+05 5.328099e+05 5.207854e+05 4.457456e+05 4.076909e+05 3.950458e+05 3.908504e+05 3.895120e+05 3.892410e+05 3.897436e+05 3.906155e+05 3.915490e+05 3.924918e+05 3.934431e+05 3.944128e+05 4.081876e+05 4.266853e+05 4.354608e+05 4.352785e+05
5.805377e+05 5.805377e+05 5.805377e+05 5.805377e+05 5.805378e+05 5.805385e+05 5.805407e+05 5.805496e+05 5.805561e+05 5.805639e+05 5.805658e+05 5.803983e+05 5.795374e+05 5.770242e+05 5.717103e+05 5.627315e+05 5.499800e+05 4.700980e+05 4.291778e+05 4.152650e+05 4.103934e+05 4.086029e+05 4.079742e+05 4.078697e+05 4.081839e+05 4.085742e+05 4.089794e+05 4.093966e+05 4.098347e+05 4.184083e+05 4.330569e+05 4.395955e+05 4.378220e+05
6.107526e+05 6.107526e+05 6.107526e+05 6.107526e+05 6.107526e+05 6.107520e+05 6.107502e+05 6.107440e+05 6.107403e+05 6.107360e+05 6.107084e+05 6.104963e+05 6.095477e+05 6.068508e+05 6.011919e+05 5.916558e+05 5.781241e+05 4.932306e+05 4.494078e+05 4.342230e+05 4.286802e+05 4.264481e+05 4.254770e+05 4.248073e+05 4.246164e+05 4.245225e+05 4.244516e+05 4.243962e+05 4.243629e+05 4.281737e+05 4.391361e+05 4.435408e+05 4.402645e+05
6.386361e+05 6.386361e+05 6.386361e+05 6.386361e+05 6.386361e+05 6.386355e+05 6.386336e+05 6.386259e+05 6.386202e+05 6.386130e+05 6.385756e+05 6.383407e+05 6.373299e+05 6.344818e+05 6.285216e+05 6.184849e+05 6.042418e+05 5.146840e+05 4.681143e+05 4.517160e+05 4.455349e+05 4.428890e+05 4.416041e+05 4.404335e+05 4.398089e+05 4.393048e+05 4.388315e+05 4.383747e+05 4.379377e+05 4.374587e+05 4.449142e+05 4.472896e+05 4.426003e+05
6.635303e+05 6.635303e+05 6.635303e+05 6.635303e+05 6.635303e+05 6.635299e+05 6.635287e+05 6.635239e+05 6.635202e+05 6.635153e+05 6.634829e+05 6.632467e+05 6.622051e+05 6.592535e+05 6.530623e+05 6.426211e+05 6.277862e+05 5.341768e+05 4.851286e+05 4.676109e+05 4.608402e+05 4.578198e+05 4.562597e+05 4.546696e+05 4.536963e+05 4.528666e+05 4.520722e+05 4.512907e+05 4.505216e+05 4.462435e+05 4.503842e+05 4.508358e+05 4.448237e+05
6.859831e+05 6.859831e+05 6.859831e+05 6.859831e+05 6.859831e+05 6.859830e+05 6.859829e+05 6.859821e+05 6.859813e+05 6.859798e+05 6.859547e+05 6.857207e+05 6.846554e+05 6.816149e+05 6.752198e+05 6.644177e+05 6.490512e+05 5.517560e+05 5.004154e+05 4.818549e+05 4.745436e+05 4.711930e+05 4.694026e+05 4.674856e+05 4.662560e+05 4.651893e+05 4.641572e+05 4.631285e+05 4.620992e+05 4.545132e+05 4.555410e+05 4.541745e+05 4.469298e+05
7.066446e+05 7.066446e+05 7.066446e+05 7.066446e+05 7.066446e+05 7.066445e+05 7.066443e+05 7.066434e+05 7.066425e+05 7.066410e+05 7.066155e+05 7.063749e+05 7.052768e+05 7.021395e+05 6.955354e+05 6.843716e+05 6.684779e+05 5.675660e+05 5.140001e+05 4.944512e+05 4.866503e+05 4.830199e+05 4.810492e+05 4.789024e+05 4.775084e+05 4.762907e+05 4.751002e+05 4.738977e+05 4.726759e+05 4.622577e+05 4.603808e+05 4.573021e+05 4.489143e+05
7.256986e+05 7.256986e+05 7.256986e+05 7.256986e+05 7.256986e+05 7.256983e+05 7.256974e+05 7.256939e+05 7.256912e+05 7.256876e+05 7.256561e+05 7.254016e+05 7.242618e+05 7.210166e+05 7.141904e+05 7.026506e+05 6.862156e+05 5.816672e+05 5.259299e+05 5.054585e+05 4.972292e+05 4.933744e+05 4.912742e+05 4.889893e+05 4.875136e+05 4.862203e+05 4.849413e+05 4.836297e+05 4.822757e+05 4.694715e+05 4.649017e+05 4.602159e+05 4.507732e+05
7.429234e+05 7.429234e+05 7.429234e+05 7.429234e+05 7.429233e+05 7.429224e+05 7.429194e+05 7.429079e+05 7.428996e+05 7.428893e+05 7.428415e+05 7.425611e+05 7.413664e+05 7.380005e+05 7.309425e+05 7.190233e+05 7.020527e+05 5.940234e+05 5.362846e+05 5.149987e+05 5.064133e+05 5.023884e+05 5.002034e+05 4.978554e+05 4.963630e+05 4.950536e+05 4.937417e+05 4.923735e+05 4.909376e+05 4.761533e+05 4.691030e+05 4.629144e+05 4.525034e+05
7.574968e+05 7.574968e+05 7.574968e+05 7.574968e+05 7.574967e+05 7.574958e+05 7.574928e+05 7.574807e+05 7.574716e+05 7.574602e+05 7.574085e+05 7.571175e+05 7.558889e+05 7.524348e+05 7.451948e+05 7.329682e+05 7.155569e+05 6.046176e+05 5.452045e+05 5.232485e+05 5.143812e+05 5.102321e+05 5.079955e+05 5.056349e+05 5.041680e+05 5.028824e+05 5.015765e+05 5.001905e+05 4.987110e+05 4.823054e+05 4.729854e+05 4.653969e+05 4.541021e+05
7.693299e+05 7.693299e+05 7.693299e+05 7.693299e+05 7.693299e+05 7.693294e+05 7.693282e+05 7.693230e+05 7.693190e+05 7.693137e+05 7.692765e+05 7.689988e+05 7.677687e+05 7.642736e+05 7.569219e+05 7.444863e+05 7.267604e+05 6.136232e+05 5.529009e+05 5.304155e+05 5.213279e+05 5.170868e+05 5.148179e+05 5.124692e+05 5.110473e+05 5.098053e+05 5.085276e+05 5.071483e+05 5.056518e+05 4.879335e+05 4.765509e+05 4.676638e+05 4.555671e+05
7.794252e+05 7.794252e+05 7.794252e+05 7.794252e+05 7.794252e+05 7.794248e+05 7.794235e+05 7.794189e+05 7.794157e+05 7.794114e+05 7.793768e+05 7.791000e+05 7.778595e+05 7.743234e+05 7.668760e+05 7.542691e+05 7.362893e+05 6.213948e+05 5.596207e+05 5.367059e+05 5.274384e+05 5.231218e+05 5.208271e+05 5.184920e+05 5.171145e+05 5.159188e+05 5.146764e+05 5.133152e+05 5.118174e+05 4.930459e+05 4.798025e+05 4.697164e+05 4.568969e+05
7.882105e+05 7.882105e+05 7.882105e+05 7.882105e+05 7.882105e+05 7.882103e+05 7.882099e+05 7.882080e+05 7.882066e+05 7.882044e+05 7.881745e+05 7.879009e+05 7.866535e+05 7.830843e+05 7.755572e+05 7.628067e+05 7.446136e+05 6.282409e+05 5.655778e+05 5.422947e+05 5.328677e+05 5.284792e+05 5.261548e+05 5.238181e+05 5.224698e+05 5.213098e+05 5.200980e+05 5.187564e+05 5.172637e+05 4.976533e+05 4.827446e+05 4.715567e+05 4.580905e+05
7.960939e+05 7.960939e+05 7.960939e+05 7.960939e+05 7.960939e+05 7.960939e+05 7.960938e+05 7.960935e+05 7.960931e+05 7.960922e+05 7.960651e+05 7.957924e+05 7.945365e+05 7.909354e+05 7.833347e+05 7.704541e+05 7.520699e+05 6.343850e+05 5.709316e+05 5.473131e+05 5.377321e+05 5.332662e+05 5.309015e+05 5.285374e+05 5.271944e+05 5.260514e+05 5.248579e+05 5.235299e+05 5.220423e+05 5.017684e+05 4.853820e+05 4.731874e+05 4.591474e+05
8.033066e+05 8.033066e+05 8.033066e+05 8.033066e+05 8.033066e+05 8.033066e+05 8.033065e+05 8.033061e+05 8.033058e+05 8.033049e+05 8.032781e+05 8.030037e+05 8.017376e+05 7.981047e+05 7.904343e+05 7.774325e+05 7.588713e+05 6.399772e+05 5.757882e+05 5.518468e+05 5.421075e+05 5.375530e+05 5.351342e+05 5.327135e+05 5.313488e+05 5.302008e+05 5.290097e+05 5.276852e+05 5.261985e+05 5.054049e+05 4.877209e+05 4.746119e+05 4.600676e+05
8.099630e+05 8.099630e+05 8.099630e+05 8.099630e+05 8.099630e+05 8.099630e+05 8.099630e+05 8.099629e+05 8.099628e+05 8.099622e+05 8.099357e+05 8.096598e+05 8.083836e+05 8.047201e+05 7.969834e+05 7.838666e+05 7.651379e+05 6.450976e+05 5.802004e+05 5.559367e+05 5.460304e+05 5.413751e+05 5.388889e+05 5.363848e+05 5.349737e+05 5.337999e+05 5.325950e+05 5.312631e+05 5.297710e+05 5.085782e+05 4.897679e+05 4.758344e+05 4.608516e+05
8.161309e+05 8.161309e+05 8.161309e+05 8.161309e+05 8.161309e+05 8.161309e+05 8.161309e+05 8.161307e+05 8.161305e+05 8.161298e+05 8.161028e+05 8.158242e+05 8.145370e+05 8.108423e+05 8.030395e+05 7.898099e+05 7.709178e+05 6.497643e+05 5.841724e+05 5.595846e+05 5.495041e+05 5.447394e+05 5.421764e+05 5.395696e+05 5.380934e+05 5.368772e+05 5.356449e+05 5.342955e+05 5.327923e+05 5.113040e+05 4.915304e+05 4.768592e+05 4.615005e+05
8.218155e+05 8.218155e+05 8.218155e+05 8.218155e+05 8.218155e+05 8.218154e+05 8.218152e+05 8.218143e+05 8.218136e+05 8.218122e+05 8.217836e+05 8.215009e+05 8.202011e+05 8.164738e+05 8.086042e+05 7.952615e+05 7.762068e+05 6.539529e+05 5.876758e+05 5.627666e+05 5.525116e+05 5.476351e+05 5.449920e+05 5.422731e+05 5.407209e+05 5.394512e+05 5.381819e+05 5.368080e+05 5.352891e+05 5.135989e+05 4.930165e+05 4.776914e+05 4.620156e+05
8.269588e+05 8.269588e+05 8.269588e+05 8.269588e+05 8.269588e+05 8.269587e+05 8.269585e+05 8.269575e+05 8.269567e+05 8.269551e+05 8.269257e+05 8.266399e+05 8.253283e+05 8.215691e+05 8.136330e+05 8.001779e+05 7.809615e+05 6.576211e+05 5.906758e+05 5.654562e+05 5.550329e+05 5.500482e+05 5.473263e+05 5.444945e+05 5.428622e+05 5.415340e+05 5.402228e+05 5.388204e+05 5.372839e+05 5.154800e+05 4.942345e+05 4.783363e+05 4.623990e+05
8.315317e+05 8.315317e+05 8.315317e+05 8.315317e+05 8.315316e+05 8.315315e+05 8.315311e+05 8.315292e+05 8.315278e+05 8.315256e+05 8.314944e+05 8.312044e+05 8.298804e+05 8.260893e+05 8.180882e+05 8.045234e+05 7.851500e+05 6.607564e+05 5.931642e+05 5.676449e+05 5.570598e+05 5.519713e+05 5.491738e+05 5.462327e+05 5.445216e+05 5.431346e+05 5.417808e+05 5.403497e+05 5.387961e+05 5.169644e+05 4.951934e+05 4.787998e+05 4.626527e+05
8.354682e+05 8.354682e+05 8.354682e+05 8.354682e+05 8.354682e+05 8.354680e+05 8.354675e+05 8.354655e+05 8.354639e+05 8.354615e+05 8.354293e+05 8.351362e+05 8.338016e+05 8.299821e+05 8.219219e+05 8.082569e+05 7.887388e+05 6.633593e+05 5.951475e+05 5.693365e+05 5.585934e+05 5.534041e+05 5.505340e+05 5.474889e+05 5.457033e+05 5.442610e+05 5.428677e+05 5.414108e+05 5.398435e+05 5.180698e+05 4.959025e+05 4.790877e+05 4.627794e+05
8.387342e+05 8.387342e+05 8.387342e+05 8.387342e+05 8.387342e+05 8.387340e+05 8.387333e+05 8.387305e+05 8.387284e+05 8.387253e+05 8.386914e+05 8.383948e+05 8.370500e+05 8.332045e+05 8.250912e+05 8.113361e+05 7.916879e+05 6.654101e+05 5.966203e+05 5.705311e+05 5.596356e+05 5.543491e+05 5.514093e+05 5.482665e+05 5.464131e+05 5.449221e+05 5.434955e+05 5.420187e+05 5.404432e+05 5.188140e+05 4.963714e+05 4.792064e+05 4.627820e+05
8.412698e+05 8.412698e+05 8.412698e+05 8.412698e+05 8.412698e+05 8.412696e+05 8.412689e+05 8.412659e+05 8.412636e+05 8.412603e+05 8.412256e+05 8.409265e+05 8.395733e+05 8.357059e+05 8.275469e+05 8.137138e+05 7.939522e+05 6.668810e+05 5.975707e+05 5.712257e+05 5.601875e+05 5.548092e+05 5.518041e+05 5.485718e+05 5.466593e+05 5.451286e+05 5.436772e+05 5.421887e+05 5.406128e+05 5.192147e+05 4.966099e+05 4.791623e+05 4.626637e+05
8.430496e+05 8.430496e+05 8.430496e+05 8.430496e+05 8.430496e+05 8.430493e+05 8.430484e+05 8.430447e+05 8.430419e+05 8.430380e+05 8.430018e+05 8.426998e+05 8.413390e+05 8.374528e+05 8.292555e+05 8.153571e+05 7.955006e+05 6.677575e+05 5.979948e+05 5.714208e+05 5.602521e+05 5.547893e+05 5.517244e+05 5.484131e+05 5.464526e+05 5.448933e+05 5.434282e+05 5.419381e+05 5.403710e+05 5.192901e+05 4.966280e+05 4.789620e+05 4.624279e+05
8.440228e+05 8.440228e+05 8.440228e+05 8.440228e+05 8.440228e+05 8.440225e+05 8.440216e+05 8.440178e+05 8.440149e+05 8.440108e+05 8.439741e+05 8.436707e+05 8.423049e+05 8.384053e+05 8.301796e+05 8.162324e+05 7.963036e+05 6.680308e+05 5.978922e+05 5.711190e+05 5.598340e+05 5.542956e+05 5.511785e+05 5.478020e+05 5.458072e+05 5.442329e+05 5.427665e+05 5.412861e+05 5.397381e+05 5.190582e+05 4.964360e+05 4.786120e+05 4.620783e+05
8.441900e+05 8.441900e+05 8.441900e+05 8.441899e+05 8.441899e+05 8.441896e+05 8.441885e+05 8.441843e+05 8.441811e+05 8.441766e+05 8.441390e+05 8.438340e+05 8.424643e+05 8.385554e+05 8.303106e+05 8.163302e+05 7.963518e+05 6.676951e+05 5.972613e+05 5.703227e+05 5.589392e+05 5.533378e+05 5.501785e+05 5.467550e+05 5.447423e+05 5.431677e+05 5.417133e+05 5.402547e+05 5.387364e+05 5.185373e+05 4.960442e+05 4.781192e+05 4.616187e+05
8.435324e+05 8.435324e+05 8.435324e+05 8.435324e+05 8.435324e+05 8.435321e+05 8.435310e+05 8.435267e+05 8.435235e+05 8.435191e+05 8.434817e+05 8.431770e+05 8.418070e+05 8.378956e+05 8.296439e+05 8.156488e+05 7.956461e+05 6.667561e+05 5.961102e+05 5.690433e+05 5.575828e+05 5.519337e+05 5.487451e+05 5.452953e+05 5.432822e+05 5.417226e+05 5.402937e+05 5.388685e+05 5.373902e+05 5.177454e+05 4.954628e+05 4.774903e+05 4.610531e+05
8.421291e+05 8.421291e+05 8.421291e+05 8.421291e+05 8.421291e+05 8.421288e+05 8.421280e+05 8.421247e+05 8.421222e+05 8.421187e+05 8.420833e+05 8.417810e+05 8.404140e+05 8.365058e+05 8.282566e+05 8.142619e+05 7.942550e+05 6.652579e+05 5.944727e+05 5.673125e+05 5.557959e+05 5.501149e+05 5.469095e+05 5.434544e+05 5.414577e+05 5.399272e+05 5.385360e+05 5.371548e+05 5.357258e+05 5.167008e+05 4.947021e+05 4.767321e+05 4.603856e+05
8.401284e+05 8.401284e+05 8.401284e+05 8.401284e+05 8.401284e+05 8.401281e+05 8.401273e+05 8.401240e+05 8.401214e+05 8.401178e+05 8.400823e+05 8.397799e+05 8.384134e+05 8.345073e+05 8.262623e+05 8.122736e+05 7.922729e+05 6.632570e+05 5.923954e+05 5.651744e+05 5.536222e+05 5.479237e+05 5.447133e+05 5.412709e+05 5.393047e+05 5.378150e+05 5.364713e+05 5.351429e+05 5.337710e+05 5.154215e+05 4.937726e+05 4.758513e+05 4.596204e+05
8.375251e+05 8.375251e+05 8.375251e+05 8.375251e+05 8.375251e+05 8.375247e+05 8.375236e+05 8.375192e+05 8.375158e+05 8.375113e+05 8.374734e+05 8.371685e+05 8.358008e+05 8.318967e+05 8.236590e+05 8.096839e+05 7.897024e+05 6.607743e+05 5.899149e+05 5.626744e+05 5.511095e+05 5.454083e+05 5.422032e+05 5.387878e+05 5.368623e+05 5.354216e+05 5.341327e+05 5.328634e+05 5.315544e+05 5.139253e+05 4.926844e+05 4.748545e+05 4.587619e+05
8.342057e+05 8.342057e+05 8.342057e+05 8.342057e+05 8.342057e+05 8.342053e+05 8.342042e+05 8.341997e+05 8.341963e+05 8.341917e+05 8.341538e+05 8.338496e+05 8.324853e+05 8.285908e+05 8.203727e+05 8.064298e+05 7.864926e+05 6.578187e+05 5.870697e+05 5.598609e+05 5.483094e+05 5.426198e+05 5.394287e+05 5.360499e+05 5.341708e+05 5.327837e+05 5.315536e+05 5.303473e+05 5.291049e+05 5.122297e+05 4.914476e+05 4.737484e+05 4.578142e+05
8.302023e+05 8.302023e+05 8.302023e+05 8.302023e+05 8.302023e+05 8.302021e+05 8.302016e+05 8.301997e+05 8.301981e+05 8.301957e+05 8.301633e+05 8.298666e+05 8.285142e+05 8.246408e+05 8.164585e+05 8.025700e+05 7.827060e+05 6.544623e+05 5.839282e+05 5.567961e+05 5.452784e+05 5.396104e+05 5.364383e+05 5.331004e+05 5.312693e+05 5.299368e+05 5.287668e+05 5.276251e+05 5.264509e+05 5.103521e+05 4.900723e+05 4.725395e+05 4.567818e+05
8.258502e+05 8.258502e+05 8.258502e+05 8.258502e+05 8.258502e+05 8.258501e+05 8.258496e+05 8.258476e+05 8.258461e+05 8.258438e+05 8.258118e+05 8.255172e+05 8.241722e+05 8.203175e+05 8.121729e+05 7.983460e+05 7.785680e+05 6.508514e+05 5.805858e+05 5.535497e+05 5.420730e+05 5.364294e+05 5.332771e+05 5.299790e+05 5.281940e+05 5.269145e+05 5.258034e+05 5.247257e+05 5.236197e+05 5.083092e+05 4.885681e+05 4.712341e+05 4.556690e+05
8.212451e+05 8.212451e+05 8.212451e+05 8.212451e+05 8.212451e+05 8.212449e+05 8.212443e+05 8.212417e+05 8.212398e+05 8.212370e+05 8.212041e+05 8.209097e+05 8.195700e+05 8.157334e+05 8.076284e+05 7.938692e+05 7.741875e+05 6.470690e+05 5.771040e+05 5.501717e+05 5.387368e+05 5.331164e+05 5.299819e+05 5.267194e+05 5.249764e+05 5.237465e+05 5.226919e+05 5.216762e+05 5.206371e+05 5.061172e+05 4.869447e+05 4.698385e+05 4.544801e+05
8.163197e+05 8.163197e+05 8.163197e+05 8.163197e+05 8.163197e+05 8.163195e+05 8.163188e+05 8.163159e+05 8.163138e+05 8.163107e+05 8.162770e+05 8.159832e+05 8.146499e+05 8.108343e+05 8.027748e+05 7.890934e+05 7.695228e+05 6.431017e+05 5.734927e+05 5.466827e+05 5.352949e+05 5.296980e+05 5.265800e+05 5.233488e+05 5.216435e+05 5.204593e+05 5.194577e+05 5.185014e+05 5.175268e+05 5.037919e+05 4.852114e+05 4.683587e+05 4.532194e+05
8.110198e+05 8.110198e+05 8.110198e+05 8.110198e+05 8.110198e+05 8.110196e+05 8.110189e+05 8.110160e+05 8.110139e+05 8.110109e+05 8.109779e+05 8.106869e+05 8.093638e+05 8.055748e+05 7.975700e+05 7.839800e+05 7.645388e+05 6.389342e+05 5.697519e+05 5.430918e+05 5.317612e+05 5.261911e+05 5.230901e+05 5.198883e+05 5.182175e+05 5.170756e+05 5.161237e+05 5.152236e+05 5.143108e+05 5.013482e+05 4.833773e+05 4.668007e+05 4.518912e+05
