4.444036e+03 2.436700e+03 1.805812e+03 8.426430e+02 6.102859e+02 2.820995e+02 2.062055e+02 1.566674e+02 1.455541e+02 1.382205e+02 1.301190e+02 1.272805e+02 1.279845e+02 1.324258e+02 1.434416e+02 1.671260e+02 2.118994e+02 8.951362e+02 1.680472e+03 1.877341e+03 1.784687e+03 1.669543e+03 1.617788e+03 1.737204e+03 2.083471e+03 2.565189e+03 3.116739e+03 3.697912e+03 4.287560e+03 1.078299e+04 1.952513e+04 2.807101e+04 3.454480e+04
1.791709e+02 1.792511e+02 1.792511e+02 1.792343e+02 1.791320e+02 1.738609e+02 1.628086e+02 1.421311e+02 1.359707e+02 1.315729e+02 1.266928e+02 1.255634e+02 1.273635e+02 1.327067e+02 1.448052e+02 1.701722e+02 2.176097e+02 9.277511e+02 1.727631e+03 1.916925e+03 1.813183e+03 1.690178e+03 1.633895e+03 1.750199e+03 2.096707e+03 2.579476e+03 3.131991e+03 3.713803e+03 4.303770e+03 1.080049e+04 1.954762e+04 2.809437e+04 3.456509e+04
1.378582e+02 1.378580e+02 1.378581e+02 1.378599e+02 1.378587e+02 1.370438e+02 1.350238e+02 1.298688e+02 1.267002e+02 1.246963e+02 1.231529e+02 1.239349e+02 1.269721e+02 1.333499e+02 1.467347e+02 1.741343e+02 2.247743e+02 9.656644e+02 1.780335e+03 1.960025e+03 1.843635e+03 1.711936e+03 1.650729e+03 1.763658e+03 2.110354e+03 2.594151e+03 3.147605e+03 3.730023e+03 4.320276e+03 1.081815e+04 1.957024e+04 2.811783e+04 3.458544e+04
1.226564e+02 1.226654e+02 1.226655e+02 1.226679e+02 1.226734e+02 1.226179e+02 1.218289e+02 1.218939e+02 1.215422e+02 1.208558e+02 1.206453e+02 1.228232e+02 1.270290e+02 1.345071e+02 1.493824e+02 1.792134e+02 2.336791e+02 1.009586e+03 1.839103e+03 2.006861e+03 1.876121e+03 1.734843e+03 1.668297e+03 1.777586e+03 2.124417e+03 2.609220e+03 3.163586e+03 3.746578e+03 4.337082e+03 1.083597e+04 1.959301e+04 2.814139e+04 3.460586e+04
1.161489e+02 1.161489e+02 1.161490e+02 1.161514e+02 1.161578e+02 1.162849e+02 1.162744e+02 1.168275e+02 1.179414e+02 1.189056e+02 1.204439e+02 1.230650e+02 1.278893e+02 1.363876e+02 1.529372e+02 1.856489e+02 2.446601e+02 1.060305e+03 1.904483e+03 2.057658e+03 1.910712e+03 1.758921e+03 1.686608e+03 1.791988e+03 2.138903e+03 2.624688e+03 3.179937e+03 3.763469e+03 4.354189e+03 1.085393e+04 1.961592e+04 2.816506e+04 3.462634e+04
1.141804e+02 1.141800e+02 1.141801e+02 1.141823e+02 1.141886e+02 1.143340e+02 1.145788e+02 1.152633e+02 1.164429e+02 1.180658e+02 1.214334e+02 1.250304e+02 1.301978e+02 1.393488e+02 1.576767e+02 1.937584e+02 2.581373e+02 1.118709e+03 1.977055e+03 2.112637e+03 1.947476e+03 1.784187e+03 1.705667e+03 1.806870e+03 2.153818e+03 2.640560e+03 3.196664e+03 3.780701e+03 4.371600e+03 1.087205e+04 1.963897e+04 2.818884e+04 3.464689e+04
1.146916e+02 1.146930e+02 1.146930e+02 1.146951e+02 1.147012e+02 1.148604e+02 1.152301e+02 1.162124e+02 1.172430e+02 1.188684e+02 1.231820e+02 1.279765e+02 1.339228e+02 1.439140e+02 1.640667e+02 2.040007e+02 2.746715e+02 1.185811e+03 2.057436e+03 2.172018e+03 1.986472e+03 1.810652e+03 1.725475e+03 1.822234e+03 2.169166e+03 2.656842e+03 3.213770e+03 3.798276e+03 4.389318e+03 1.089033e+04 1.966217e+04 2.821272e+04 3.466750e+04
1.170204e+02 1.170205e+02 1.170206e+02 1.170225e+02 1.170284e+02 1.171939e+02 1.176259e+02 1.189107e+02 1.199111e+02 1.214180e+02 1.259404e+02 1.316364e+02 1.386133e+02 1.499334e+02 1.725954e+02 2.171019e+02 2.950534e+02 1.262793e+03 2.146288e+03 2.236020e+03 2.027751e+03 1.838323e+03 1.746031e+03 1.838082e+03 2.184953e+03 2.673539e+03 3.231260e+03 3.816198e+03 4.407343e+03 1.090876e+04 1.968550e+04 2.823671e+04 3.468818e+04
1.208287e+02 1.208288e+02 1.208288e+02 1.208308e+02 1.208367e+02 1.210060e+02 1.214742e+02 1.229998e+02 1.240670e+02 1.255222e+02 1.299594e+02 1.361180e+02 1.441111e+02 1.572035e+02 1.832410e+02 2.336639e+02 3.204384e+02 1.351056e+03 2.244322e+03 2.304857e+03 2.071356e+03 1.867202e+03 1.767331e+03 1.854418e+03 2.201184e+03 2.690656e+03 3.249138e+03 3.834469e+03 4.425679e+03 1.092735e+04 1.970899e+04 2.826080e+04 3.470892e+04
1.259444e+02 1.259444e+02 1.259445e+02 1.259464e+02 1.259522e+02 1.261246e+02 1.266185e+02 1.283288e+02 1.295017e+02 1.309840e+02 1.353135e+02 1.416251e+02 1.504883e+02 1.657183e+02 1.961007e+02 2.540033e+02 3.516912e+02 1.452296e+03 2.352313e+03 2.378738e+03 2.117320e+03 1.897282e+03 1.789369e+03 1.871242e+03 2.217863e+03 2.708198e+03 3.267406e+03 3.853091e+03 4.444327e+03 1.094610e+04 1.973262e+04 2.828500e+04 3.472972e+04
1.322814e+02 1.322814e+02 1.322814e+02 1.322833e+02 1.322892e+02 1.324658e+02 1.329822e+02 1.348407e+02 1.361257e+02 1.376839e+02 1.419767e+02 1.483037e+02 1.579308e+02 1.756615e+02 2.114712e+02 2.786635e+02 3.896426e+02 1.568606e+03 2.471113e+03 2.457869e+03 2.165666e+03 1.928554e+03 1.812134e+03 1.888555e+03 2.234995e+03 2.726168e+03 3.286070e+03 3.872068e+03 4.463288e+03 1.096500e+04 1.975639e+04 2.830931e+04 3.475059e+04
2.593374e+02 2.593374e+02 2.593374e+02 2.593380e+02 2.593398e+02 2.593724e+02 2.594226e+02 2.595121e+02 2.596240e+02 2.599789e+02 2.651907e+02 2.934103e+02 3.767067e+02 5.471033e+02 8.241281e+02 1.209701e+03 1.688054e+03 4.175139e+03 4.496366e+03 3.581248e+03 2.777019e+03 2.299905e+03 2.075549e+03 2.088252e+03 2.432045e+03 2.930376e+03 3.495131e+03 4.081807e+03 4.670441e+03 1.116281e+04 2.000225e+04 2.855830e+04 3.496287e+04
3.304803e+02 3.304803e+02 3.304803e+02 3.304808e+02 3.304822e+02 3.305686e+02 3.484192e+02 8.540309e+02 1.414904e+03 2.113752e+03 3.699875e+03 5.306928e+03 6.804075e+03 8.141948e+03 9.299673e+03 1.026304e+04 1.101780e+04 1.140107e+04 8.123092e+03 5.198820e+03 3.554903e+03 2.743754e+03 2.387670e+03 2.335402e+03 2.678372e+03 3.181581e+03 3.746655e+03 4.328820e+03 4.909927e+03 1.137685e+04 2.026319e+04 2.881814e+04 3.518163e+04
3.093867e+04 3.093867e+04 3.093867e+04 3.093860e+04 3.093841e+04 3.093200e+04 3.091018e+04 3.080258e+04 3.070603e+04 3.057408e+04 3.019809e+04 2.969038e+04 2.908535e+04 2.840432e+04 2.764529e+04 2.678826e+04 2.580592e+04 1.872064e+04 1.103927e+04 6.402006e+03 4.177424e+03 3.162115e+03 2.730690e+03 2.639386e+03 2.980437e+03 3.483526e+03 4.042390e+03 4.613573e+03 5.181479e+03 1.160750e+04 2.053969e+04 2.908900e+04 3.540683e+04
2.605469e+04 2.605469e+04 2.605469e+04 2.605469e+04 2.605468e+04 2.605434e+04 2.605298e+04 2.604706e+04 2.604247e+04 2.603658e+04 2.601953e+04 2.599036e+04 2.593431e+04 2.582339e+04 2.561790e+04 2.527244e+04 2.474374e+04 1.890668e+04 1.135536e+04 6.679229e+03 4.463701e+03 3.477351e+03 3.073292e+03 3.013014e+03 3.354805e+03 3.843154e+03 4.384447e+03 4.935955e+03 5.484012e+03 1.185505e+04 2.083220e+04 2.937099e+04 3.563843e+04
2.208953e+04 2.208953e+04 2.208953e+04 2.208953e+04 2.208953e+04 2.208963e+04 2.208992e+04 2.209070e+04 2.209085e+04 2.209073e+04 2.208953e+04 2.208506e+04 2.206854e+04 2.201997e+04 2.190810e+04 2.169449e+04 2.133977e+04 1.686011e+04 1.056893e+04 6.530871e+03 4.601868e+03 3.759196e+03 3.436333e+03 3.450736e+03 3.804829e+03 4.272429e+03 4.778289e+03 5.296611e+03 5.816403e+03 1.211979e+04 2.114112e+04 2.966422e+04 3.587635e+04
1.957676e+04 1.957676e+04 1.957676e+04 1.957676e+04 1.957675e+04 1.957644e+04 1.957554e+04 1.957337e+04 1.957270e+04 1.957259e+04 1.957427e+04 1.957679e+04 1.957226e+04 1.954308e+04 1.946204e+04 1.929576e+04 1.901008e+04 1.526246e+04 9.910327e+03 6.454250e+03 4.810886e+03 4.111912e+03 3.867848e+03 3.953137e+03 4.318029e+03 4.762467e+03 5.227978e+03 5.699796e+03 6.178850e+03 1.240205e+04 2.146687e+04 2.996873e+04 3.612051e+04
1.822759e+04 1.822759e+04 1.822759e+04 1.822759e+04 1.822760e+04 1.822779e+04 1.822840e+04 1.823112e+04 1.823361e+04 1.823706e+04 1.824681e+04 1.825848e+04 1.826463e+04 1.824904e+04 1.818678e+04 1.804737e+04 1.779971e+04 1.446421e+04 9.690308e+03 6.627011e+03 5.188463e+03 4.592711e+03 4.401216e+03 4.523235e+03 4.881851e+03 5.296081e+03 5.718159e+03 6.142264e+03 6.574798e+03 1.270224e+04 2.180981e+04 3.028456e+04 3.637078e+04
1.793095e+04 1.793095e+04 1.793095e+04 1.793096e+04 1.793098e+04 1.793155e+04 1.793324e+04 1.793957e+04 1.794398e+04 1.794912e+04 1.796136e+04 1.797486e+04 1.798322e+04 1.797149e+04 1.791608e+04 1.778792e+04 1.755732e+04 1.441836e+04 9.935299e+03 7.083755e+03 5.760422e+03 5.219166e+03 5.047519e+03 5.159826e+03 5.483887e+03 5.855307e+03 6.230699e+03 6.607768e+03 6.996330e+03 1.302102e+04 2.217033e+04 3.061170e+04 3.662702e+04
1.845434e+04 1.845434e+04 1.845434e+04 1.845434e+04 1.845435e+04 1.845471e+04 1.845586e+04 1.846191e+04 1.846747e+04 1.847486e+04 1.849485e+04 1.851951e+04 1.854118e+04 1.854384e+04 1.850302e+04 1.838903e+04 1.817167e+04 1.508270e+04 1.064343e+04 7.832685e+03 6.531100e+03 5.989638e+03 5.800771e+03 5.852450e+03 6.109923e+03 6.422733e+03 6.747706e+03 7.080310e+03 7.429673e+03 1.335931e+04 2.254877e+04 3.095012e+04 3.688907e+04
2.010043e+04 2.010043e+04 2.010043e+04 2.010042e+04 2.010041e+04 2.010007e+04 2.009912e+04 2.009853e+04 2.010034e+04 2.010404e+04 2.011731e+04 2.013660e+04 2.015419e+04 2.015323e+04 2.010776e+04 1.998616e+04 1.975629e+04 1.650232e+04 1.183564e+04 8.878819e+03 7.491412e+03 6.885515e+03 6.637905e+03 6.578840e+03 6.741644e+03 6.981895e+03 7.253464e+03 7.545569e+03 7.862672e+03 1.371846e+04 2.294552e+04 3.129974e+04 3.715674e+04
2.256880e+04 2.256880e+04 2.256880e+04 2.256881e+04 2.256884e+04 2.256980e+04 2.257276e+04 2.258454e+04 2.259330e+04 2.260398e+04 2.263101e+04 2.266379e+04 2.269409e+04 2.270326e+04 2.266238e+04 2.253613e+04 2.228870e+04 1.869962e+04 1.351604e+04 1.019994e+04 8.603737e+03 7.863582e+03 7.516298e+03 7.305904e+03 7.356821e+03 7.517515e+03 7.735734e+03 7.992662e+03 8.285716e+03 1.410033e+04 2.336094e+04 3.166046e+04 3.742982e+04
2.630554e+04 2.630554e+04 2.630554e+04 2.630554e+04 2.630556e+04 2.630618e+04 2.630822e+04 2.631732e+04 2.632468e+04 2.633410e+04 2.635920e+04 2.639040e+04 2.641780e+04 2.641957e+04 2.636217e+04 2.620490e+04 2.590658e+04 2.169267e+04 1.563330e+04 1.172126e+04 9.792815e+03 8.856385e+03 8.378534e+03 7.995687e+03 7.932783e+03 8.016770e+03 8.186513e+03 8.415236e+03 8.692945e+03 1.450745e+04 2.379544e+04 3.203214e+04 3.770808e+04
3.105445e+04 3.105445e+04 3.105445e+04 3.105445e+04 3.105444e+04 3.105423e+04 3.105363e+04 3.105338e+04 3.105492e+04 3.105810e+04 3.106968e+04 3.108544e+04 3.109356e+04 3.106842e+04 3.097098e+04 3.075406e+04 3.037008e+04 2.525664e+04 1.800755e+04 1.330787e+04 1.095805e+04 9.788180e+03 9.167072e+03 8.615032e+03 8.451717e+03 8.471435e+03 8.602596e+03 8.811773e+03 9.082781e+03 1.494331e+04 2.424947e+04 3.241463e+04 3.799127e+04
3.597171e+04 3.597171e+04 3.597171e+04 3.597170e+04 3.597169e+04 3.597163e+04 3.597181e+04 3.597304e+04 3.597414e+04 3.597563e+04 3.597968e+04 3.598229e+04 3.597074e+04 3.591642e+04 3.577509e+04 3.549288e+04 3.501535e+04 2.891747e+04 2.036078e+04 1.480222e+04 1.200484e+04 1.059841e+04 9.841253e+03 9.144506e+03 8.905288e+03 8.879827e+03 8.985895e+03 9.185313e+03 9.457756e+03 1.541319e+04 2.472352e+04 3.280772e+04 3.827909e+04
4.032711e+04 4.032711e+04 4.032711e+04 4.032712e+04 4.032715e+04 4.032815e+04 4.033075e+04 4.033802e+04 4.034227e+04 4.034677e+04 4.035582e+04 4.036097e+04 4.034723e+04 4.028188e+04 4.011475e+04 3.978500e+04 3.923133e+04 3.223454e+04 2.244720e+04 1.608322e+04 1.287405e+04 1.125783e+04 1.038686e+04 9.582493e+03 9.296645e+03 9.247563e+03 9.343261e+03 9.542763e+03 9.823799e+03 1.591952e+04 2.521816e+04 3.321121e+04 3.857127e+04
4.423506e+04 4.423506e+04 4.423506e+04 4.423505e+04 4.423502e+04 4.423409e+04 4.423126e+04 4.422075e+04 4.421325e+04 4.420437e+04 4.418269e+04 4.415301e+04 4.410062e+04 4.399103e+04 4.377031e+04 4.337260e+04 4.273131e+04 3.492603e+04 2.411517e+04 1.709215e+04 1.355070e+04 1.177024e+04 1.081543e+04 9.943850e+03 9.639485e+03 9.586822e+03 9.685661e+03 9.893916e+03 1.018926e+04 1.646109e+04 2.573402e+04 3.362486e+04 3.886748e+04
4.636220e+04 4.636220e+04 4.636220e+04 4.636220e+04 4.636222e+04 4.636274e+04 4.636380e+04 4.636632e+04 4.636771e+04 4.636910e+04 4.637118e+04 4.636763e+04 4.634096e+04 4.625328e+04 4.604657e+04 4.565050e+04 4.499404e+04 3.679010e+04 2.531783e+04 1.783712e+04 1.406053e+04 1.216642e+04 1.115804e+04 1.025539e+04 9.955145e+03 9.914465e+03 1.002681e+04 1.025027e+04 1.056380e+04 1.703748e+04 2.627186e+04 3.404842e+04 3.916740e+04
4.802759e+04 4.802759e+04 4.802759e+04 4.802759e+04 4.802759e+04 4.802749e+04 4.802709e+04 4.802510e+04 4.802346e+04 4.802143e+04 4.801617e+04 4.800581e+04 4.797357e+04 4.788097e+04 4.766809e+04 4.726171e+04 4.658753e+04 3.811094e+04 2.619362e+04 1.839976e+04 1.446361e+04 1.249632e+04 1.145813e+04 1.055055e+04 1.026892e+04 1.024958e+04 1.038151e+04 1.062377e+04 1.095738e+04 1.764854e+04 2.683259e+04 3.448163e+04 3.947067e+04
4.925453e+04 4.925453e+04 4.925453e+04 4.925454e+04 4.925456e+04 4.925507e+04 4.925666e+04 4.926279e+04 4.926702e+04 4.927177e+04 4.928170e+04 4.928713e+04 4.926959e+04 4.918883e+04 4.898296e+04 4.857661e+04 4.789330e+04 3.919817e+04 2.692366e+04 1.888784e+04 1.483453e+04 1.281804e+04 1.176381e+04 1.086429e+04 1.060639e+04 1.061094e+04 1.076392e+04 1.102566e+04 1.137934e+04 1.829424e+04 2.741731e+04 3.492422e+04 3.977694e+04
5.061545e+04 5.061545e+04 5.061545e+04 5.061545e+04 5.061546e+04 5.061550e+04 5.061562e+04 5.061601e+04 5.061628e+04 5.061663e+04 5.061740e+04 5.061435e+04 5.058957e+04 5.050221e+04 5.028872e+04 4.987143e+04 4.917134e+04 4.025574e+04 2.765194e+04 1.940026e+04 1.524577e+04 1.318818e+04 1.212102e+04 1.122839e+04 1.099000e+04 1.101467e+04 1.118606e+04 1.146545e+04 1.183773e+04 1.897467e+04 2.802745e+04 3.537592e+04 4.008585e+04
5.196887e+04 5.196887e+04 5.196887e+04 5.196888e+04 5.196890e+04 5.196958e+04 5.197167e+04 5.197941e+04 5.198470e+04 5.199077e+04 5.200445e+04 5.201521e+04 5.200374e+04 5.192750e+04 5.172087e+04 5.130382e+04 5.059495e+04 4.146293e+04 2.851030e+04 2.002818e+04 1.576292e+04 1.365610e+04 1.256814e+04 1.166746e+04 1.143635e+04 1.147247e+04 1.165672e+04 1.195032e+04 1.233891e+04 1.969005e+04 2.866528e+04 3.583647e+04 4.039701e+04
5.382764e+04 5.382764e+04 5.382764e+04 5.382765e+04 5.382767e+04 5.382820e+04 5.382986e+04 5.383610e+04 5.384046e+04 5.384558e+04 5.385777e+04 5.386824e+04 5.385777e+04 5.378273e+04 5.357514e+04 5.315179e+04 5.242787e+04 4.302321e+04 2.963404e+04 2.085613e+04 1.644051e+04 1.425868e+04 1.313113e+04 1.219578e+04 1.195431e+04 1.199061e+04 1.218096e+04 1.248488e+04 1.288743e+04 2.044067e+04 2.933223e+04 3.630561e+04 4.071006e+04
5.631485e+04 5.631485e+04 5.631485e+04 5.631486e+04 5.631490e+04 5.631613e+04 5.631995e+04 5.633489e+04 5.634558e+04 5.635812e+04 5.638751e+04 5.641679e+04 5.642457e+04 5.636423e+04 5.616398e+04 5.573627e+04 5.499199e+04 4.518127e+04 3.115838e+04 2.195249e+04 1.731352e+04 1.501404e+04 1.381932e+04 1.281554e+04 1.254453e+04 1.256992e+04 1.276032e+04 1.307145e+04 1.348632e+04 2.122693e+04 3.002592e+04 3.678314e+04 4.102461e+04
6.010792e+04 6.010792e+04 6.010792e+04 6.010793e+04 6.010795e+04 6.010866e+04 6.011055e+04 6.011737e+04 6.012229e+04 6.012821e+04 6.014274e+04 6.015595e+04 6.014641e+04 6.006545e+04 5.983723e+04 5.936885e+04 5.856555e+04 4.809383e+04 3.315765e+04 2.334430e+04 1.838642e+04 1.591683e+04 1.462361e+04 1.351760e+04 1.320067e+04 1.320698e+04 1.339372e+04 1.371073e+04 1.413760e+04 2.204929e+04 3.074432e+04 3.726887e+04 4.134029e+04
6.451764e+04 6.451764e+04 6.451764e+04 6.451765e+04 6.451769e+04 6.451888e+04 6.452260e+04 6.453735e+04 6.454824e+04 6.456130e+04 6.459287e+04 6.462511e+04 6.463336e+04 6.456389e+04 6.433410e+04 6.384337e+04 6.298932e+04 5.172711e+04 3.561249e+04 2.500511e+04 1.963000e+04 1.693919e+04 1.551940e+04 1.428489e+04 1.391215e+04 1.389610e+04 1.407893e+04 1.440284e+04 1.484291e+04 2.290823e+04 3.148548e+04 3.776268e+04 4.165674e+04
7.033007e+04 7.033007e+04 7.033007e+04 7.033007e+04 7.033007e+04 7.033027e+04 7.033086e+04 7.033325e+04 7.033513e+04 7.033760e+04 7.034424e+04 7.034778e+04 7.032316e+04 7.021321e+04 6.992903e+04 6.936182e+04 6.840083e+04 5.602608e+04 3.843475e+04 2.686211e+04 2.098873e+04 1.803866e+04 1.647391e+04 1.509795e+04 1.466804e+04 1.463193e+04 1.481423e+04 1.514837e+04 1.560430e+04 2.380415e+04 3.224738e+04 3.826455e+04 4.197358e+04
7.626887e+04 7.626887e+04 7.626887e+04 7.626887e+04 7.626889e+04 7.626939e+04 7.627095e+04 7.627684e+04 7.628098e+04 7.628583e+04 7.629690e+04 7.630286e+04 7.627544e+04 7.615195e+04 7.583557e+04 7.520827e+04 7.415009e+04 6.061204e+04 4.142154e+04 2.880285e+04 2.239426e+04 1.917026e+04 1.745601e+04 1.594098e+04 1.546075e+04 1.541182e+04 1.559997e+04 1.594943e+04 1.642480e+04 2.473736e+04 3.302790e+04 3.877465e+04 4.229050e+04
8.226858e+04 8.226858e+04 8.226858e+04 8.226858e+04 8.226858e+04 8.226861e+04 8.226860e+04 8.226840e+04 8.226820e+04 8.226792e+04 8.226649e+04 8.225678e+04 8.220887e+04 8.205571e+04 8.169342e+04 8.099520e+04 7.983209e+04 6.513098e+04 4.436617e+04 3.071993e+04 2.378858e+04 2.030055e+04 1.844553e+04 1.680666e+04 1.628889e+04 1.623748e+04 1.643956e+04 1.681021e+04 1.730885e+04 2.570794e+04 3.382479e+04 3.929352e+04 4.260715e+04
8.758239e+04 8.758239e+04 8.758239e+04 8.758239e+04 8.758240e+04 8.758260e+04 8.758318e+04 8.758490e+04 8.758586e+04 8.758684e+04 8.758807e+04 8.758057e+04 8.753217e+04 8.737110e+04 8.698640e+04 8.624269e+04 8.500236e+04 6.930944e+04 4.713180e+04 3.255121e+04 2.514415e+04 2.141814e+04 1.943909e+04 1.769843e+04 1.715833e+04 1.711574e+04 1.733989e+04 1.773724e+04 1.826233e+04 2.671567e+04 3.463569e+04 3.982191e+04 4.292326e+04
9.241212e+04 9.241212e+04 9.241212e+04 9.241212e+04 9.241212e+04 9.241208e+04 9.241196e+04 9.241157e+04 9.241139e+04 9.241127e+04 9.241058e+04 9.240135e+04 9.234986e+04 9.218050e+04 9.177615e+04 9.099378e+04 8.968785e+04 7.313497e+04 4.971131e+04 3.430074e+04 2.647116e+04 2.253586e+04 2.045046e+04 1.863001e+04 1.808188e+04 1.805811e+04 1.831109e+04 1.873913e+04 1.929237e+04 2.775999e+04 3.545810e+04 4.035770e+04 4.323855e+04
9.683729e+04 9.683729e+04 9.683730e+04 9.683730e+04 9.683731e+04 9.683769e+04 9.683888e+04 9.684350e+04 9.684682e+04 9.685069e+04 9.685908e+04 9.685958e+04 9.681643e+04 9.665008e+04 9.623751e+04 9.542853e+04 9.407028e+04 7.675311e+04 5.219355e+04 3.602346e+04 2.780853e+04 2.368472e+04 2.150626e+04 1.962299e+04 1.907772e+04 1.907985e+04 1.936568e+04 1.982595e+04 2.040685e+04 2.883982e+04 3.628947e+04 4.089870e+04 4.355282e+04
1.013451e+05 1.013451e+05 1.013451e+05 1.013451e+05 1.013452e+05 1.013454e+05 1.013463e+05 1.013498e+05 1.013525e+05 1.013557e+05 1.013634e+05 1.013637e+05 1.013197e+05 1.011485e+05 1.007212e+05 9.988076e+04 9.846685e+04 8.038831e+04 5.471152e+04 3.779826e+04 2.920943e+04 2.490550e+04 2.264051e+04 2.070395e+04 2.016748e+04 2.019843e+04 2.051750e+04 2.100834e+04 2.161367e+04 2.995359e+04 3.712715e+04 4.144299e+04 4.386590e+04
1.060633e+05 1.060633e+05 1.060633e+05 1.060633e+05 1.060634e+05 1.060640e+05 1.060660e+05 1.060741e+05 1.060800e+05 1.060871e+05 1.061039e+05 1.061143e+05 1.060791e+05 1.059113e+05 1.054756e+05 1.046075e+05 1.031388e+05 8.426007e+04 5.740218e+04 3.970880e+04 3.073170e+04 2.624323e+04 2.389099e+04 2.190203e+04 2.137427e+04 2.143195e+04 2.178035e+04 2.229646e+04 2.291997e+04 3.109910e+04 3.796846e+04 4.198869e+04 4.417772e+04
1.114632e+05 1.114632e+05 1.114632e+05 1.114632e+05 1.114632e+05 1.114637e+05 1.114652e+05 1.114713e+05 1.114759e+05 1.114816e+05 1.114953e+05 1.115026e+05 1.114628e+05 1.112844e+05 1.108260e+05 1.099144e+05 1.083733e+05 8.856603e+04 6.038793e+04 4.183468e+04 3.243361e+04 2.774457e+04 2.529696e+04 2.324680e+04 2.272069e+04 2.279740e+04 2.316656e+04 2.369881e+04 2.433117e+04 3.227353e+04 3.881065e+04 4.253398e+04 4.448831e+04
1.174624e+05 1.174624e+05 1.174624e+05 1.174624e+05 1.174624e+05 1.174632e+05 1.174658e+05 1.174757e+05 1.174831e+05 1.174919e+05 1.175128e+05 1.175276e+05 1.174930e+05 1.173127e+05 1.168371e+05 1.158839e+05 1.142671e+05 9.342744e+04 6.376753e+04 4.424986e+04 3.437243e+04 2.945576e+04 2.689684e+04 2.476584e+04 2.422670e+04 2.430885e+04 2.468558e+04 2.522119e+04 2.585018e+04 3.347340e+04 3.965100e+04 4.307702e+04 4.479792e+04
1.243907e+05 1.243907e+05 1.243907e+05 1.243907e+05 1.243907e+05 1.243914e+05 1.243936e+05 1.244024e+05 1.244091e+05 1.244174e+05 1.244374e+05 1.244515e+05 1.244140e+05 1.242231e+05 1.237208e+05 1.227143e+05 1.210067e+05 9.898759e+04 6.764685e+04 4.703056e+04 3.660473e+04 3.142041e+04 2.872525e+04 2.648194e+04 2.590735e+04 2.597579e+04 2.634266e+04 2.686561e+04 2.747662e+04 3.469456e+04 4.048674e+04 4.361601e+04 4.510720e+04
1.322408e+05 1.322408e+05 1.322408e+05 1.322408e+05 1.322408e+05 1.322420e+05 1.322455e+05 1.322590e+05 1.322690e+05 1.322812e+05 1.323109e+05 1.323364e+05 1.323089e+05 1.321201e+05 1.316020e+05 1.305490e+05 1.287516e+05 1.054281e+05 7.215849e+04 5.026099e+04 3.918534e+04 3.367640e+04 3.080959e+04 2.841035e+04 2.777077e+04 2.780150e+04 2.813767e+04 2.862953e+04 2.920626e+04 3.593222e+04 4.131518e+04 4.414914e+04 4.541517e+04
1.416158e+05 1.416158e+05 1.416158e+05 1.416158e+05 1.416158e+05 1.416172e+05 1.416216e+05 1.416392e+05 1.416525e+05 1.416688e+05 1.417092e+05 1.417476e+05 1.417317e+05 1.415451e+05 1.410072e+05 1.398975e+05 1.379907e+05 1.130855e+05 7.748030e+04 5.402936e+04 4.216106e+04 3.625062e+04 3.316603e+04 3.055627e+04 2.981650e+04 2.978206e+04 3.006443e+04 3.050535e+04 3.103067e+04 3.718106e+04 4.213363e+04 4.467468e+04 4.572037e+04
1.532044e+05 1.532044e+05 1.532044e+05 1.532044e+05 1.532045e+05 1.532060e+05 1.532107e+05 1.532296e+05 1.532436e+05 1.532606e+05 1.533017e+05 1.533387e+05 1.533150e+05 1.531048e+05 1.525131e+05 1.513018e+05 1.492281e+05 1.222483e+05 8.373951e+04 5.838822e+04 4.555373e+04 3.915104e+04 3.579526e+04 3.291321e+04 3.203460e+04 3.190568e+04 3.211034e+04 3.248024e+04 3.293719e+04 3.843520e+04 4.293946e+04 4.519092e+04 4.602164e+04
1.667458e+05 1.667458e+05 1.667458e+05 1.667458e+05 1.667458e+05 1.667468e+05 1.667498e+05 1.667619e+05 1.667709e+05 1.667820e+05 1.668089e+05 1.668280e+05 1.667787e+05 1.665248e+05 1.658552e+05 1.645114e+05 1.622301e+05 1.327909e+05 9.088642e+04 6.331512e+04 4.934728e+04 4.236196e+04 3.868061e+04 3.546251e+04 3.440547e+04 3.415286e+04 3.425652e+04 3.453635e+04 3.490919e+04 3.968842e+04 4.373015e+04 4.569620e+04 4.631791e+04
1.813702e+05 1.813702e+05 1.813702e+05 1.813702e+05 1.813702e+05 1.813714e+05 1.813753e+05 1.813905e+05 1.814020e+05 1.814159e+05 1.814496e+05 1.814751e+05 1.814259e+05 1.811534e+05 1.804274e+05 1.789668e+05 1.764847e+05 1.444340e+05 9.879664e+04 6.874826e+04 5.350075e+04 4.584930e+04 4.179037e+04 3.817413e+04 3.690057e+04 3.649693e+04 3.647852e+04 3.665147e+04 3.692661e+04 4.093420e+04 4.450324e+04 4.618896e+04 4.660820e+04
1.973682e+05 1.973682e+05 1.973682e+05 1.973682e+05 1.973683e+05 1.973696e+05 1.973738e+05 1.973904e+05 1.974028e+05 1.974179e+05 1.974543e+05 1.974820e+05 1.974285e+05 1.971323e+05 1.963427e+05 1.947534e+05 1.920523e+05 1.571514e+05 1.074183e+05 7.463585e+04 5.796596e+04 4.956763e+04 4.508117e+04 4.100819e+04 3.948361e+04 3.890532e+04 3.874734e+04 3.879995e+04 3.896683e+04 4.216591e+04 4.525640e+04 4.666769e+04 4.689158e+04
2.149065e+05 2.149065e+05 2.149065e+05 2.149065e+05 2.149065e+05 2.149079e+05 2.149121e+05 2.149281e+05 2.149397e+05 2.149536e+05 2.149867e+05 2.150078e+05 2.149383e+05 2.146026e+05 2.137282e+05 2.119820e+05 2.090243e+05 1.709368e+05 1.166964e+05 8.091445e+04 6.268140e+04 5.345891e+04 4.849840e+04 4.391655e+04 4.211239e+04 4.134120e+04 4.103097e+04 4.095396e+04 4.100565e+04 4.337689e+04 4.598741e+04 4.713101e+04 4.716715e+04
2.336134e+05 2.336134e+05 2.336134e+05 2.336134e+05 2.336134e+05 2.336143e+05 2.336170e+05 2.336279e+05 2.336361e+05 2.336460e+05 2.336694e+05 2.336773e+05 2.335844e+05 2.332003e+05 2.322290e+05 2.303089e+05 2.270713e+05 1.855541e+05 1.264803e+05 8.747796e+04 6.756229e+04 5.745017e+04 5.197699e+04 4.684527e+04 4.474126e+04 4.376569e+04 4.329612e+04 4.308495e+04 4.301848e+04 4.456066e+04 4.669421e+04 4.757762e+04 4.743409e+04
2.528665e+05 2.528665e+05 2.528665e+05 2.528665e+05 2.528666e+05 2.528675e+05 2.528704e+05 2.528818e+05 2.528904e+05 2.529008e+05 2.529252e+05 2.529321e+05 2.528288e+05 2.524087e+05 2.513510e+05 2.492638e+05 2.457476e+05 2.006960e+05 1.365771e+05 9.419573e+04 7.250904e+04 6.145936e+04 5.544637e+04 4.973855e+04 4.732429e+04 4.614028e+04 4.551022e+04 4.516516e+04 4.498155e+04 4.571102e+04 4.737490e+04 4.800633e+04 4.769158e+04
2.726999e+05 2.726999e+05 2.726999e+05 2.726999e+05 2.726999e+05 2.727002e+05 2.727013e+05 2.727060e+05 2.727099e+05 2.727150e+05 2.727265e+05 2.727161e+05 2.725845e+05 2.721090e+05 2.709444e+05 2.686682e+05 2.648497e+05 2.161146e+05 1.467913e+05 1.009283e+05 7.741734e+04 6.540330e+04 5.883685e+04 5.254318e+04 4.981848e+04 4.842930e+04 4.764324e+04 4.716908e+04 4.687303e+04 4.682220e+04 4.802773e+04 4.841607e+04 4.793889e+04
2.923411e+05 2.923411e+05 2.923411e+05 2.923411e+05 2.923411e+05 2.923415e+05 2.923425e+05 2.923465e+05 2.923494e+05 2.923528e+05 2.923585e+05 2.923373e+05 2.921824e+05 2.916554e+05 2.903865e+05 2.879233e+05 2.838040e+05 2.313900e+05 1.568634e+05 1.075166e+05 8.218003e+04 6.920204e+04 6.208422e+04 5.521214e+04 5.218646e+04 5.060191e+04 4.966925e+04 4.907463e+04 4.867395e+04 4.788893e+04 4.865115e+04 4.880592e+04 4.817531e+04
3.112109e+05 3.112109e+05 3.112109e+05 3.112109e+05 3.112109e+05 3.112109e+05 3.112108e+05 3.112106e+05 3.112104e+05 3.112102e+05 3.112069e+05 3.111731e+05 3.109954e+05 3.104200e+05 3.090532e+05 3.064133e+05 3.020085e+05 2.460669e+05 1.665208e+05 1.138026e+05 8.669625e+04 7.278398e+04 6.513324e+04 5.770699e+04 5.439832e+04 5.263359e+04 5.156753e+04 5.086401e+04 5.036886e+04 4.890656e+04 4.924378e+04 4.917503e+04 4.840021e+04
3.288574e+05 3.288574e+05 3.288574e+05 3.288574e+05 3.288574e+05 3.288571e+05 3.288563e+05 3.288530e+05 3.288506e+05 3.288477e+05 3.288381e+05 3.287947e+05 3.285979e+05 3.279796e+05 3.265236e+05 3.237205e+05 3.190505e+05 2.598080e+05 1.755477e+05 1.196568e+05 9.088345e+04 7.609188e+04 6.794113e+04 5.999959e+04 5.643278e+04 5.450691e+04 5.332319e+04 5.252423e+04 5.194625e+04 4.987112e+04 4.980446e+04 4.952273e+04 4.861301e+04
3.449787e+05 3.449787e+05 3.449787e+05 3.449787e+05 3.449787e+05 3.449784e+05 3.449775e+05 3.449739e+05 3.449710e+05 3.449674e+05 3.449548e+05 3.449051e+05 3.446926e+05 3.440361e+05 3.424988e+05 3.395462e+05 3.346328e+05 2.723638e+05 1.837830e+05 1.249839e+05 9.468293e+04 7.908687e+04 7.048029e+04 6.207325e+04 5.827762e+04 5.621177e+04 5.492731e+04 5.404711e+04 5.339857e+04 5.077934e+04 5.033220e+04 4.984845e+04 4.881317e+04
3.593423e+05 3.593423e+05 3.593423e+05 3.593423e+05 3.593423e+05 3.593418e+05 3.593400e+05 3.593328e+05 3.593274e+05 3.593207e+05 3.593008e+05 3.592411e+05 3.590109e+05 3.583174e+05 3.567058e+05 3.536193e+05 3.484893e+05 2.835345e+05 1.911139e+05 1.297256e+05 9.806342e+04 8.175108e+04 7.273983e+04 6.392292e+04 5.992941e+04 5.774496e+04 5.637649e+04 5.542905e+04 5.472206e+04 5.162868e+04 5.082624e+04 5.015174e+04 4.900024e+04
3.716446e+05 3.716446e+05 3.716446e+05 3.716445e+05 3.716445e+05 3.716440e+05 3.716424e+05 3.716357e+05 3.716306e+05 3.716244e+05 3.716053e+05 3.715452e+05 3.713090e+05 3.705935e+05 3.689283e+05 3.657373e+05 3.604316e+05 2.932095e+05 1.974928e+05 1.338658e+05 1.010222e+05 8.408725e+04 7.472461e+04 6.555384e+04 6.139221e+04 5.910913e+04 5.767213e+04 5.667041e+04 5.591627e+04 5.241732e+04 5.128600e+04 5.043228e+04 4.917381e+04
3.820488e+05 3.820488e+05 3.820488e+05 3.820488e+05 3.820488e+05 3.820483e+05 3.820466e+05 3.820398e+05 3.820347e+05 3.820285e+05 3.820098e+05 3.819498e+05 3.817098e+05 3.809784e+05 3.792719e+05 3.759977e+05 3.705501e+05 3.014478e+05 2.029576e+05 1.374326e+05 1.035822e+05 8.611504e+04 7.645168e+04 6.697889e+04 6.267565e+04 6.031137e+04 5.881931e+04 5.777472e+04 5.698352e+04 5.314412e+04 5.171109e+04 5.068987e+04 4.933355e+04
3.907864e+05 3.907864e+05 3.907864e+05 3.907863e+05 3.907863e+05 3.907861e+05 3.907852e+05 3.907817e+05 3.907790e+05 3.907757e+05 3.907640e+05 3.907115e+05 3.904760e+05 3.897388e+05 3.880050e+05 3.846680e+05 3.791075e+05 3.084443e+05 2.076200e+05 1.404899e+05 1.057853e+05 8.786523e+04 7.794540e+04 6.821516e+04 6.379256e+04 6.136155e+04 5.982566e+04 5.874781e+04 5.792821e+04 5.380857e+04 5.210132e+04 5.092441e+04 4.947918e+04
3.983523e+05 3.983523e+05 3.983523e+05 3.983523e+05 3.983523e+05 3.983520e+05 3.983511e+05 3.983476e+05 3.983450e+05 3.983418e+05 3.983304e+05 3.982779e+05 3.980394e+05 3.972905e+05 3.955265e+05 3.921293e+05 3.864662e+05 3.144461e+05 2.116193e+05 1.431157e+05 1.076800e+05 8.937173e+04 7.923172e+04 6.928062e+04 6.475684e+04 6.227083e+04 6.070023e+04 5.959701e+04 5.875620e+04 5.441074e+04 5.245668e+04 5.113592e+04 4.961051e+04
4.048854e+05 4.048854e+05 4.048854e+05 4.048854e+05 4.048854e+05 4.048852e+05 4.048844e+05 4.048813e+05 4.048789e+05 4.048760e+05 4.048652e+05 4.048128e+05 4.045717e+05 4.038121e+05 4.020213e+05 3.985709e+05 3.928178e+05 3.196203e+05 2.150640e+05 1.453751e+05 1.093079e+05 9.066400e+04 8.033353e+04 7.019197e+04 6.558212e+04 6.305071e+04 6.145273e+04 6.033047e+04 5.947431e+04 5.495124e+04 5.277732e+04 5.132450e+04 4.972737e+04
4.104904e+05 4.104904e+05 4.104904e+05 4.104904e+05 4.104904e+05 4.104902e+05 4.104896e+05 4.104872e+05 4.104853e+05 4.104830e+05 4.104735e+05 4.104222e+05 4.101798e+05 4.094122e+05 4.075995e+05 4.041046e+05 3.982753e+05 3.240702e+05 2.180251e+05 1.473124e+05 1.106989e+05 9.176439e+04 8.126933e+04 7.096398e+04 6.628121e+04 6.371246e+04 6.209302e+04 6.095672e+04 6.008981e+04 5.543109e+04 5.306356e+04 5.149037e+04 4.982970e+04
4.152995e+05 4.152995e+05 4.152995e+05 4.152995e+05 4.152995e+05 4.152993e+05 4.152986e+05 4.152962e+05 4.152943e+05 4.152920e+05 4.152826e+05 4.152312e+05 4.149869e+05 4.142115e+05 4.123794e+05 4.088458e+05 4.029509e+05 3.278799e+05 2.205540e+05 1.489597e+05 1.118756e+05 9.269137e+04 8.205527e+04 7.161040e+04 6.686635e+04 6.426698e+04 6.263076e+04 6.148425e+04 6.061013e+04 5.585172e+04 5.331586e+04 5.163381e+04 4.991746e+04
4.193940e+05 4.193940e+05 4.193940e+05 4.193940e+05 4.193940e+05 4.193939e+05 4.193934e+05 4.193913e+05 4.193898e+05 4.193878e+05 4.193794e+05 4.193286e+05 4.190833e+05 4.183019e+05 4.164536e+05 4.128873e+05 4.069363e+05 3.311228e+05 2.226982e+05 1.503482e+05 1.128616e+05 9.346424e+04 8.270808e+04 7.214495e+04 6.734938e+04 6.472476e+04 6.307528e+04 6.192135e+04 6.104260e+04 5.621484e+04 5.353482e+04 5.175520e+04 4.999068e+04
4.228648e+05 4.228648e+05 4.228648e+05 4.228648e+05 4.228648e+05 4.228646e+05 4.228641e+05 4.228620e+05 4.228604e+05 4.228584e+05 4.228500e+05 4.227992e+05 4.225525e+05 4.217658e+05 4.199037e+05 4.163096e+05 4.103113e+05 3.338678e+05 2.245081e+05 1.515140e+05 1.136840e+05 9.410457e+04 8.324577e+04 7.258139e+04 6.774173e+04 6.509568e+04 6.343533e+04 6.227585e+04 6.139422e+04 5.652241e+04 5.372115e+04 5.185496e+04 5.004947e+04
4.257798e+05 4.257798e+05 4.257798e+05 4.257798e+05 4.257798e+05 4.257797e+05 4.257794e+05 4.257782e+05 4.257772e+05 4.257760e+05 4.257695e+05 4.257206e+05 4.254748e+05 4.246855e+05 4.228136e+05 4.191978e+05 4.131610e+05 3.361890e+05 2.260370e+05 1.524943e+05 1.143699e+05 9.463352e+04 8.368558e+04 7.293248e+04 6.805376e+04 6.538869e+04 6.371887e+04 6.255493e+04 6.167153e+04 5.677660e+04 5.387567e+04 5.193361e+04 5.009395e+04
4.282746e+05 4.282746e+05 4.282746e+05 4.282746e+05 4.282746e+05 4.282745e+05 4.282742e+05 4.282729e+05 4.282720e+05 4.282708e+05 4.282644e+05 4.282155e+05 4.279688e+05 4.271757e+05 4.252940e+05 4.216586e+05 4.155880e+05 3.381636e+05 2.273348e+05 1.533210e+05 1.149419e+05 9.506821e+04 8.404146e+04 7.320870e+04 6.829419e+04 6.561145e+04 6.393287e+04 6.276501e+04 6.188045e+04 5.697967e+04 5.399932e+04 5.199169e+04 5.012433e+04
4.303964e+05 4.303964e+05 4.303964e+05 4.303964e+05 4.303964e+05 4.303963e+05 4.303961e+05 4.303952e+05 4.303945e+05 4.303935e+05 4.303877e+05 4.303394e+05 4.300924e+05 4.292965e+05 4.274068e+05 4.237548e+05 4.176555e+05 3.398453e+05 2.284362e+05 1.540155e+05 1.154144e+05 9.541973e+04 8.432267e+04 7.341753e+04 6.846970e+04 6.577018e+04 6.408318e+04 6.291165e+04 6.202627e+04 5.713403e+04 5.409308e+04 5.202983e+04 5.014083e+04
4.322023e+05 4.322023e+05 4.322023e+05 4.322023e+05 4.322023e+05 4.322022e+05 4.322020e+05 4.322010e+05 4.322002e+05 4.321991e+05 4.321929e+05 4.321438e+05 4.318953e+05 4.310954e+05 4.291974e+05 4.255298e+05 4.194048e+05 3.412624e+05 2.293572e+05 1.545872e+05 1.157938e+05 9.569331e+04 8.453399e+04 7.356365e+04 6.858503e+04 6.586965e+04 6.417458e+04 6.299958e+04 6.211363e+04 5.724210e+04 5.415804e+04 5.204866e+04 5.014372e+04
4.336756e+05 4.336756e+05 4.336756e+05 4.336756e+05 4.336755e+05 4.336754e+05 4.336751e+05 4.336736e+05 4.336726e+05 4.336712e+05 4.336641e+05 4.336140e+05 4.333635e+05 4.325599e+05 4.306545e+05 4.269737e+05 4.208273e+05 3.424114e+05 2.300965e+05 1.550356e+05 1.160805e+05 9.588992e+04 8.467702e+04 7.364959e+04 6.864336e+04 6.591346e+04 6.421093e+04 6.303280e+04 6.214656e+04 5.730635e+04 5.419532e+04 5.204888e+04 5.013334e+04
4.347825e+05 4.347825e+05 4.347825e+05 4.347825e+05 4.347825e+05 4.347824e+05 4.347820e+05 4.347805e+05 4.347793e+05 4.347777e+05 4.347703e+05 4.347194e+05 4.344677e+05 4.336614e+05 4.317505e+05 4.280597e+05 4.218972e+05 3.432736e+05 2.306434e+05 1.553551e+05 1.162716e+05 9.600843e+04 8.475171e+04 7.367669e+04 6.864690e+04 6.590440e+04 6.419539e+04 6.301470e+04 6.212861e+04 5.732927e+04 5.420610e+04 5.203119e+04 5.011001e+04
4.355051e+05 4.355051e+05 4.355051e+05 4.355051e+05 4.355051e+05 4.355049e+05 4.355044e+05 4.355025e+05 4.355010e+05 4.354991e+05 4.354908e+05 4.354389e+05 4.351857e+05 4.343770e+05 4.324620e+05 4.287644e+05 4.225910e+05 3.438300e+05 2.309865e+05 1.555397e+05 1.163640e+05 9.604741e+04 8.475770e+04 7.364593e+04 6.859741e+04 6.584477e+04 6.413066e+04 6.294826e+04 6.206294e+04 5.731333e+04 5.419159e+04 5.199633e+04 5.007413e+04
4.358100e+05 4.358100e+05 4.358100e+05 4.358100e+05 4.358100e+05 4.358099e+05 4.358094e+05 4.358074e+05 4.358058e+05 4.358039e+05 4.357953e+05 4.357430e+05 4.354892e+05 4.346796e+05 4.327629e+05 4.290626e+05 4.228848e+05 3.440636e+05 2.311161e+05 1.555846e+05 1.163557e+05 9.600624e+04 8.469519e+04 7.355841e+04 6.849657e+04 6.573666e+04 6.401917e+04 6.283620e+04 6.195248e+04 5.726098e+04 5.415303e+04 5.194507e+04 5.002609e+04
4.356935e+05 4.356935e+05 4.356935e+05 4.356935e+05 4.356935e+05 4.356933e+05 4.356927e+05 4.356904e+05 4.356886e+05 4.356864e+05 4.356773e+05 4.356244e+05 4.353699e+05 4.345599e+05 4.326433e+05 4.289436e+05 4.227675e+05 3.439649e+05 2.310276e+05 1.554883e+05 1.162467e+05 9.588564e+04 8.456533e+04 7.341570e+04 6.834621e+04 6.558219e+04 6.386327e+04 6.268108e+04 6.179997e+04 5.717465e+04 5.409170e+04 5.187817e+04 4.996632e+04
4.351388e+05 4.351388e+05 4.351388e+05 4.351388e+05 4.351388e+05 4.351386e+05 4.351380e+05 4.351357e+05 4.351339e+05 4.351317e+05 4.351226e+05 4.350698e+05 4.348159e+05 4.340073e+05 4.320938e+05 4.283997e+05 4.222326e+05 3.435328e+05 2.307222e+05 1.552529e+05 1.160392e+05 9.568790e+04 8.437031e+04 7.321986e+04 6.814841e+04 6.538353e+04 6.366533e+04 6.248544e+04 6.160811e+04 5.705673e+04 5.400886e+04 5.179641e+04 4.989527e+04
4.341735e+05 4.341735e+05 4.341735e+05 4.341735e+05 4.341735e+05 4.341734e+05 4.341729e+05 4.341708e+05 4.341692e+05 4.341672e+05 4.341586e+05 4.341066e+05 4.338539e+05 4.330480e+05 4.311399e+05 4.274556e+05 4.213038e+05 3.427845e+05 2.302107e+05 1.548853e+05 1.157381e+05 9.541676e+04 8.411321e+04 7.297336e+04 6.790547e+04 6.514304e+04 6.342780e+04 6.225186e+04 6.137958e+04 5.690958e+04 5.390579e+04 5.170057e+04 4.981339e+04
4.328440e+05 4.328440e+05 4.328440e+05 4.328440e+05 4.328440e+05 4.328438e+05 4.328433e+05 4.328412e+05 4.328396e+05 4.328376e+05 4.328290e+05 4.327772e+05 4.325257e+05 4.317229e+05 4.298216e+05 4.261501e+05 4.200191e+05 3.417493e+05 2.295114e+05 1.543963e+05 1.153503e+05 9.507705e+04 8.379778e+04 7.267902e+04 6.761997e+04 6.486326e+04 6.315329e+04 6.198303e+04 6.111715e+04 5.673551e+04 5.378377e+04 5.159144e+04 4.972116e+04
4.311810e+05 4.311810e+05 4.311810e+05 4.311810e+05 4.311810e+05 4.311809e+05 4.311805e+05 4.311791e+05 4.311780e+05 4.311766e+05 4.311696e+05 4.311197e+05 4.308712e+05 4.300737e+05 4.281824e+05 4.245277e+05 4.184233e+05 3.404650e+05 2.286473e+05 1.537989e+05 1.148837e+05 9.467412e+04 8.342808e+04 7.233989e+04 6.729472e+04 6.454700e+04 6.284463e+04 6.168183e+04 6.082370e+04 5.653680e+04 5.364407e+04 5.146978e+04 4.961907e+04
4.292825e+05 4.292825e+05 4.292825e+05 4.292825e+05 4.292825e+05 4.292824e+05 4.292820e+05 4.292806e+05 4.292794e+05 4.292780e+05 4.292710e+05 4.292214e+05 4.289742e+05 4.281807e+05 4.262985e+05 4.226611e+05 4.165851e+05 3.389774e+05 2.276439e+05 1.531069e+05 1.143464e+05 9.421355e+04 8.300846e+04 7.195946e+04 6.693299e+04 6.419744e+04 6.250496e+04 6.135130e+04 6.050223e+04 5.631564e+04 5.348793e+04 5.133638e+04 4.950759e+04
4.271683e+05 4.271683e+05 4.271683e+05 4.271683e+05 4.271683e+05 4.271682e+05 4.271679e+05 4.271666e+05 4.271657e+05 4.271644e+05 4.271578e+05 4.271090e+05 4.268636e+05 4.260747e+05 4.242026e+05 4.205843e+05 4.145395e+05 3.373180e+05 2.265214e+05 1.523321e+05 1.137462e+05 9.370113e+04 8.254376e+04 7.154183e+04 6.653858e+04 6.381820e+04 6.213771e+04 6.099476e+04 6.015590e+04 5.607421e+04 5.331660e+04 5.119200e+04 4.938722e+04
4.248708e+05 4.248708e+05 4.248708e+05 4.248708e+05 4.248708e+05 4.248707e+05 4.248703e+05 4.248691e+05 4.248681e+05 4.248669e+05 4.248603e+05 4.248117e+05 4.245677e+05 4.237834e+05 4.219218e+05 4.183236e+05 4.123122e+05 3.355088e+05 2.252954e+05 1.514852e+05 1.130910e+05 9.314336e+04 8.203977e+04 7.109199e+04 6.611600e+04 6.341336e+04 6.174665e+04 6.061568e+04 5.978798e+04 5.581460e+04 5.313129e+04 5.103739e+04 4.925844e+04
4.224016e+05 4.224016e+05 4.224016e+05 4.224016e+05 4.224016e+05 4.224016e+05 4.224013e+05 4.224003e+05 4.223995e+05 4.223985e+05 4.223925e+05 4.223449e+05 4.221032e+05 4.213243e+05 4.194748e+05 4.158988e+05 4.099238e+05 3.335690e+05 2.239798e+05 1.505767e+05 1.123895e+05 9.254801e+04 8.150351e+04 7.061585e+04 6.567031e+04 6.298736e+04 6.133574e+04 6.021766e+04 5.940178e+04 5.553883e+04 5.293317e+04 5.087327e+04 4.912175e+04
4.198051e+05 4.198051e+05 4.198051e+05 4.198051e+05 4.198051e+05 4.198050e+05 4.198048e+05 4.198039e+05 4.198033e+05 4.198024e+05 4.197969e+05 4.197501e+05 4.195105e+05 4.187373e+05 4.169000e+05 4.133471e+05 4.074098e+05 3.315235e+05 2.225907e+05 1.496184e+05 1.116518e+05 9.192389e+04 8.094282e+04 7.011976e+04 6.520680e+04 6.254475e+04 6.090896e+04 5.980429e+04 5.900058e+04 5.524886e+04 5.272339e+04 5.070038e+04 4.897763e+04
4.171177e+05 4.171177e+05 4.171177e+05 4.171177e+05 4.171177e+05 4.171176e+05 4.171174e+05 4.171165e+05 4.171159e+05 4.171150e+05 4.171095e+05 4.170631e+05 4.168251e+05 4.160571e+05 4.142318e+05 4.107017e+05 4.048025e+05 3.293962e+05 2.211442e+05 1.486225e+05 1.108878e+05 9.127952e+04 8.036520e+04 6.960975e+04 6.473050e+04 6.208985e+04 6.047015e+04 5.937900e+04 5.858753e+04 5.494654e+04 5.250307e+04 5.051940e+04 4.882655e+04
