5.761559e+04 3.945571e+04 3.394731e+04 2.057142e+04 1.588226e+04 9.584685e+03 7.836109e+03 6.239000e+03 5.794798e+03 5.468112e+03 5.025220e+03 4.743651e+03 4.553027e+03 4.419511e+03 4.325020e+03 4.258999e+03 4.214822e+03 4.203654e+03 4.397502e+03 4.703195e+03 5.070672e+03 5.462361e+03 5.846587e+03 6.507023e+03 6.988742e+03 7.356879e+03 7.708004e+03 8.121319e+03 8.654175e+03 2.532224e+04 6.142219e+04 1.051314e+05 1.455221e+05
7.295839e+03 7.295838e+03 7.295829e+03 7.294770e+03 7.289282e+03 7.054098e+03 6.594100e+03 5.711726e+03 5.419868e+03 5.188784e+03 4.854369e+03 4.629434e+03 4.472059e+03 4.359861e+03 4.280015e+03 4.224620e+03 4.188495e+03 4.199518e+03 4.403557e+03 4.714847e+03 5.085430e+03 5.478614e+03 5.863221e+03 6.522494e+03 7.002232e+03 7.368777e+03 7.719123e+03 8.132539e+03 8.666332e+03 2.537019e+04 6.151032e+04 1.052406e+05 1.456329e+05
5.664962e+03 5.664962e+03 5.664963e+03 5.664885e+03 5.664372e+03 5.616224e+03 5.493883e+03 5.187532e+03 5.006406e+03 4.865449e+03 4.655477e+03 4.498331e+03 4.380511e+03 4.293368e+03 4.230520e+03 4.187310e+03 4.160314e+03 4.195810e+03 4.410591e+03 4.727573e+03 5.101206e+03 5.495773e+03 5.880631e+03 6.538504e+03 7.016092e+03 7.380944e+03 7.730460e+03 8.143962e+03 8.678697e+03 2.541865e+04 6.159906e+04 1.053504e+05 1.457440e+05
4.882620e+03 4.882620e+03 4.882621e+03 4.882616e+03 4.882523e+03 4.875739e+03 4.835297e+03 4.779025e+03 4.716343e+03 4.629756e+03 4.471768e+03 4.364776e+03 4.284488e+03 4.223070e+03 4.178250e+03 4.148139e+03 4.131000e+03 4.192737e+03 4.418706e+03 4.741435e+03 5.118038e+03 5.513860e+03 5.898833e+03 6.555059e+03 7.030322e+03 7.393379e+03 7.742016e+03 8.155587e+03 8.691271e+03 2.546762e+04 6.168840e+04 1.054606e+05 1.458556e+05
4.529574e+03 4.529575e+03 4.529576e+03 4.529602e+03 4.529647e+03 4.527819e+03 4.511765e+03 4.472227e+03 4.466518e+03 4.443249e+03 4.350217e+03 4.257715e+03 4.195014e+03 4.153984e+03 4.125803e+03 4.108601e+03 4.101490e+03 4.190515e+03 4.428002e+03 4.756488e+03 5.135959e+03 5.532898e+03 5.917841e+03 6.572162e+03 7.044924e+03 7.406083e+03 7.753791e+03 8.167417e+03 8.704057e+03 2.551711e+04 6.177834e+04 1.055714e+05 1.459676e+05
4.335124e+03 4.335124e+03 4.335125e+03 4.335148e+03 4.335199e+03 4.334716e+03 4.325589e+03 4.282314e+03 4.276295e+03 4.275822e+03 4.247572e+03 4.187555e+03 4.131624e+03 4.095186e+03 4.077609e+03 4.071107e+03 4.073206e+03 4.189389e+03 4.438575e+03 4.772784e+03 5.155001e+03 5.552906e+03 5.937665e+03 6.589818e+03 7.059899e+03 7.419056e+03 7.765785e+03 8.179451e+03 8.717055e+03 2.556712e+04 6.186890e+04 1.056827e+05 1.460800e+05
4.192254e+03 4.192255e+03 4.192255e+03 4.192278e+03 4.192335e+03 4.192689e+03 4.188988e+03 4.157284e+03 4.145248e+03 4.144056e+03 4.147692e+03 4.126792e+03 4.090477e+03 4.059062e+03 4.041590e+03 4.039642e+03 4.048420e+03 4.189665e+03 4.450523e+03 4.790371e+03 5.175190e+03 5.573899e+03 5.958314e+03 6.608028e+03 7.075245e+03 7.432298e+03 7.777998e+03 8.191690e+03 8.730266e+03 2.561765e+04 6.196007e+04 1.057946e+05 1.461928e+05
4.086371e+03 4.086371e+03 4.086372e+03 4.086388e+03 4.086431e+03 4.086989e+03 4.085858e+03 4.066894e+03 4.054564e+03 4.049473e+03 4.059477e+03 4.066468e+03 4.055492e+03 4.037148e+03 4.023727e+03 4.021046e+03 4.030750e+03 4.191769e+03 4.463958e+03 4.809294e+03 5.196550e+03 5.595890e+03 5.979795e+03 6.626793e+03 7.090963e+03 7.445806e+03 7.790430e+03 8.204134e+03 8.743692e+03 2.566871e+04 6.205186e+04 1.059070e+05 1.463060e+05
4.006475e+03 4.006475e+03 4.006476e+03 4.006491e+03 4.006532e+03 4.007461e+03 4.008376e+03 3.999603e+03 3.990443e+03 3.984133e+03 3.990956e+03 4.010481e+03 4.021116e+03 4.020066e+03 4.015881e+03 4.016441e+03 4.025698e+03 4.196296e+03 4.479018e+03 4.829601e+03 5.219103e+03 5.618891e+03 6.002114e+03 6.646113e+03 7.107050e+03 7.459580e+03 7.803080e+03 8.216785e+03 8.757334e+03 2.572030e+04 6.214426e+04 1.060199e+05 1.464196e+05
3.951901e+03 3.951901e+03 3.951901e+03 3.951905e+03 3.951918e+03 3.952279e+03 3.953371e+03 3.951009e+03 3.945650e+03 3.940405e+03 3.943280e+03 3.964886e+03 3.988760e+03 4.004048e+03 4.012194e+03 4.019557e+03 4.031415e+03 4.204077e+03 4.495876e+03 4.851346e+03 5.242869e+03 5.642909e+03 6.025273e+03 6.665986e+03 7.123504e+03 7.473618e+03 7.815946e+03 8.229641e+03 8.771192e+03 2.577242e+04 6.223729e+04 1.061334e+05 1.465336e+05
3.912647e+03 3.912647e+03 3.912648e+03 3.912661e+03 3.912700e+03 3.913905e+03 3.916446e+03 3.918544e+03 3.916333e+03 3.913047e+03 3.913838e+03 3.932858e+03 3.962153e+03 3.989369e+03 4.009952e+03 4.026434e+03 4.043456e+03 4.216269e+03 4.514766e+03 4.874595e+03 5.267870e+03 5.667952e+03 6.049275e+03 6.686411e+03 7.140323e+03 7.487918e+03 7.829029e+03 8.242702e+03 8.785269e+03 2.582509e+04 6.233094e+04 1.062474e+05 1.466480e+05
4.091893e+03 4.091893e+03 4.091894e+03 4.091902e+03 4.091929e+03 4.092737e+03 4.095082e+03 4.103547e+03 4.109330e+03 4.115918e+03 4.130846e+03 4.147609e+03 4.167308e+03 4.192527e+03 4.225539e+03 4.267016e+03 4.315952e+03 4.604204e+03 4.897577e+03 5.225909e+03 5.596845e+03 5.978031e+03 6.336041e+03 6.919963e+03 7.327568e+03 7.644647e+03 7.971385e+03 8.384570e+03 8.938181e+03 2.638235e+04 6.330242e+04 1.074179e+05 1.478145e+05
4.818737e+03 4.818737e+03 4.818737e+03 4.818745e+03 4.818770e+03 4.819541e+03 4.821856e+03 4.830488e+03 4.836450e+03 4.843237e+03 4.858617e+03 4.875668e+03 4.893902e+03 4.913265e+03 4.934239e+03 4.957791e+03 4.985101e+03 5.200166e+03 5.508610e+03 5.828857e+03 6.139008e+03 6.439777e+03 6.724427e+03 7.205300e+03 7.545961e+03 7.823636e+03 8.133173e+03 8.546428e+03 9.113597e+03 2.699810e+04 6.433932e+04 1.086442e+05 1.490223e+05
5.654846e+03 5.654846e+03 5.654846e+03 5.654851e+03 5.654867e+03 5.655409e+03 5.657173e+03 5.663749e+03 5.668250e+03 5.673440e+03 5.685730e+03 5.700462e+03 5.717558e+03 5.736905e+03 5.758347e+03 5.781763e+03 5.807157e+03 5.972714e+03 6.217468e+03 6.507524e+03 6.789055e+03 7.036048e+03 7.244619e+03 7.561134e+03 7.796108e+03 8.022727e+03 8.312778e+03 8.727850e+03 9.312273e+03 2.767646e+04 6.544428e+04 1.099276e+05 1.502718e+05
6.621751e+03 6.621751e+03 6.621751e+03 6.621755e+03 6.621767e+03 6.622174e+03 6.623553e+03 6.629198e+03 6.633356e+03 6.638367e+03 6.650839e+03 6.666255e+03 6.684103e+03 6.703832e+03 6.724938e+03 6.746997e+03 6.769692e+03 6.890384e+03 7.039897e+03 7.232307e+03 7.443727e+03 7.637962e+03 7.792842e+03 7.983406e+03 8.097766e+03 8.248295e+03 8.512382e+03 8.930416e+03 9.536181e+03 2.842163e+04 6.661988e+04 1.112694e+05 1.515633e+05
7.779240e+03 7.779240e+03 7.779240e+03 7.779236e+03 7.779224e+03 7.778839e+03 7.777681e+03 7.774120e+03 7.772237e+03 7.770515e+03 7.767859e+03 7.766431e+03 7.766263e+03 7.767327e+03 7.769572e+03 7.772928e+03 7.777303e+03 7.811393e+03 7.866968e+03 7.955408e+03 8.073127e+03 8.196060e+03 8.297792e+03 8.400082e+03 8.432198e+03 8.517541e+03 8.743527e+03 9.160324e+03 9.790081e+03 2.923790e+04 6.786856e+04 1.126708e+05 1.528972e+05
8.485673e+03 8.485673e+03 8.485673e+03 8.485676e+03 8.485683e+03 8.485925e+03 8.486643e+03 8.489122e+03 8.490744e+03 8.492559e+03 8.496650e+03 8.501190e+03 8.506006e+03 8.510958e+03 8.515952e+03 8.520936e+03 8.525880e+03 8.549412e+03 8.571925e+03 8.602228e+03 8.647303e+03 8.700056e+03 8.744629e+03 8.771873e+03 8.756358e+03 8.808617e+03 9.017352e+03 9.432745e+03 1.008362e+04 3.012972e+04 6.919270e+04 1.141327e+05 1.542737e+05
9.099873e+03 9.099873e+03 9.099873e+03 9.099873e+03 9.099872e+03 9.099849e+03 9.099767e+03 9.099482e+03 9.099369e+03 9.099343e+03 9.099703e+03 9.100758e+03 9.102553e+03 9.105038e+03 9.108112e+03 9.111650e+03 9.115522e+03 9.135528e+03 9.148387e+03 9.151901e+03 9.151173e+03 9.148136e+03 9.139047e+03 9.093068e+03 9.049314e+03 9.097732e+03 9.316292e+03 9.752809e+03 1.043384e+04 3.110179e+04 7.059458e+04 1.156561e+05 1.556930e+05
9.594536e+03 9.594536e+03 9.594536e+03 9.594535e+03 9.594534e+03 9.594515e+03 9.594511e+03 9.594658e+03 9.594886e+03 9.595257e+03 9.596450e+03 9.598185e+03 9.600340e+03 9.602796e+03 9.605453e+03 9.608231e+03 9.611062e+03 9.623590e+03 9.626603e+03 9.613324e+03 9.583322e+03 9.539833e+03 9.486583e+03 9.372947e+03 9.309482e+03 9.374497e+03 9.628167e+03 1.010952e+04 1.084172e+04 3.215919e+04 7.207639e+04 1.172419e+05 1.571551e+05
1.001767e+04 1.001767e+04 1.001767e+04 1.001767e+04 1.001767e+04 1.001765e+04 1.001758e+04 1.001737e+04 1.001730e+04 1.001726e+04 1.001731e+04 1.001756e+04 1.001801e+04 1.001862e+04 1.001937e+04 1.002020e+04 1.002106e+04 1.002386e+04 1.001741e+04 9.992569e+03 9.944367e+03 9.874256e+03 9.789290e+03 9.622029e+03 9.546050e+03 9.640499e+03 9.949293e+03 1.049788e+04 1.130222e+04 3.330754e+04 7.364027e+04 1.188907e+05 1.586601e+05
1.033713e+04 1.033713e+04 1.033713e+04 1.033713e+04 1.033713e+04 1.033708e+04 1.033694e+04 1.033651e+04 1.033632e+04 1.033619e+04 1.033612e+04 1.033628e+04 1.033660e+04 1.033697e+04 1.033733e+04 1.033765e+04 1.033787e+04 1.033622e+04 1.032477e+04 1.029423e+04 1.023706e+04 1.015262e+04 1.004904e+04 9.848595e+03 9.771294e+03 9.905245e+03 1.028399e+04 1.091876e+04 1.181503e+04 3.455319e+04 7.528830e+04 1.206033e+05 1.602077e+05
1.057823e+04 1.057823e+04 1.057823e+04 1.057823e+04 1.057823e+04 1.057818e+04 1.057804e+04 1.057749e+04 1.057713e+04 1.057673e+04 1.057589e+04 1.057508e+04 1.057435e+04 1.057375e+04 1.057327e+04 1.057288e+04 1.057256e+04 1.056987e+04 1.055862e+04 1.052821e+04 1.046968e+04 1.038108e+04 1.027082e+04 1.006002e+04 9.997194e+03 1.018183e+04 1.064259e+04 1.137872e+04 1.238405e+04 3.590345e+04 7.702258e+04 1.223800e+05 1.617978e+05
1.073066e+04 1.073066e+04 1.073066e+04 1.073066e+04 1.073066e+04 1.073068e+04 1.073073e+04 1.073120e+04 1.073163e+04 1.073219e+04 1.073359e+04 1.073524e+04 1.073699e+04 1.073872e+04 1.074036e+04 1.074184e+04 1.074315e+04 1.074592e+04 1.073821e+04 1.071125e+04 1.065628e+04 1.057087e+04 1.046359e+04 1.026444e+04 1.023503e+04 1.048435e+04 1.103897e+04 1.188901e+04 1.301738e+04 3.736700e+04 7.884523e+04 1.242215e+05 1.634302e+05
1.089907e+04 1.089907e+04 1.089907e+04 1.089907e+04 1.089907e+04 1.089901e+04 1.089885e+04 1.089821e+04 1.089777e+04 1.089727e+04 1.089616e+04 1.089500e+04 1.089390e+04 1.089292e+04 1.089212e+04 1.089150e+04 1.089105e+04 1.088987e+04 1.088371e+04 1.086139e+04 1.081307e+04 1.073607e+04 1.063925e+04 1.047149e+04 1.049600e+04 1.082697e+04 1.148872e+04 1.246410e+04 1.372676e+04 3.895462e+04 8.075849e+04 1.261280e+05 1.651044e+05
1.098124e+04 1.098124e+04 1.098124e+04 1.098124e+04 1.098125e+04 1.098133e+04 1.098157e+04 1.098248e+04 1.098314e+04 1.098391e+04 1.098573e+04 1.098780e+04 1.098999e+04 1.099222e+04 1.099444e+04 1.099662e+04 1.099875e+04 1.100772e+04 1.100959e+04 1.099536e+04 1.095662e+04 1.089189e+04 1.081128e+04 1.069226e+04 1.079189e+04 1.122404e+04 1.200820e+04 1.312040e+04 1.452660e+04 4.068155e+04 8.276475e+04 1.280998e+05 1.668201e+05
1.111658e+04 1.111658e+04 1.111658e+04 1.111658e+04 1.111658e+04 1.111656e+04 1.111648e+04 1.111624e+04 1.111609e+04 1.111595e+04 1.111574e+04 1.111578e+04 1.111614e+04 1.111688e+04 1.111799e+04 1.111944e+04 1.112120e+04 1.113210e+04 1.113931e+04 1.113252e+04 1.110399e+04 1.105379e+04 1.099373e+04 1.093909e+04 1.113552e+04 1.169046e+04 1.261433e+04 1.387533e+04 1.543302e+04 4.255541e+04 8.486664e+04 1.301372e+05 1.685766e+05
1.124584e+04 1.124584e+04 1.124584e+04 1.124584e+04 1.124584e+04 1.124585e+04 1.124592e+04 1.124639e+04 1.124683e+04 1.124741e+04 1.124893e+04 1.125084e+04 1.125305e+04 1.125545e+04 1.125800e+04 1.126065e+04 1.126339e+04 1.127754e+04 1.128832e+04 1.128777e+04 1.126965e+04 1.123586e+04 1.120036e+04 1.122536e+04 1.154110e+04 1.224216e+04 1.332458e+04 1.474687e+04 1.646298e+04 4.457342e+04 8.706713e+04 1.322405e+05 1.703734e+05
1.143183e+04 1.143183e+04 1.143183e+04 1.143183e+04 1.143183e+04 1.143181e+04 1.143175e+04 1.143157e+04 1.143145e+04 1.143132e+04 1.143109e+04 1.143101e+04 1.143119e+04 1.143172e+04 1.143265e+04 1.143399e+04 1.143573e+04 1.144893e+04 1.146366e+04 1.147096e+04 1.146542e+04 1.145109e+04 1.144482e+04 1.156568e+04 1.202448e+04 1.289633e+04 1.415704e+04 1.575315e+04 1.763358e+04 4.673405e+04 8.936963e+04 1.344098e+05 1.722099e+05
1.159439e+04 1.159439e+04 1.159439e+04 1.159439e+04 1.159440e+04 1.159454e+04 1.159498e+04 1.159653e+04 1.159761e+04 1.159886e+04 1.160182e+04 1.160522e+04 1.160892e+04 1.161283e+04 1.161691e+04 1.162115e+04 1.162555e+04 1.164992e+04 1.167506e+04 1.169440e+04 1.170485e+04 1.171379e+04 1.174200e+04 1.197628e+04 1.260333e+04 1.367158e+04 1.513044e+04 1.691222e+04 1.896148e+04 4.903566e+04 9.177816e+04 1.366454e+05 1.740852e+05
1.186503e+04 1.186503e+04 1.186503e+04 1.186503e+04 1.186503e+04 1.186498e+04 1.186482e+04 1.186424e+04 1.186394e+04 1.186371e+04 1.186364e+04 1.186430e+04 1.186578e+04 1.186810e+04 1.187123e+04 1.187510e+04 1.187965e+04 1.190972e+04 1.194487e+04 1.197721e+04 1.200542e+04 1.204073e+04 1.210871e+04 1.247530e+04 1.329725e+04 1.458781e+04 1.626386e+04 1.824166e+04 2.046238e+04 5.147618e+04 9.429765e+04 1.389475e+05 1.759986e+05
1.217993e+04 1.217993e+04 1.217993e+04 1.217993e+04 1.217993e+04 1.217998e+04 1.218015e+04 1.218102e+04 1.218179e+04 1.218281e+04 1.218553e+04 1.218904e+04 1.219318e+04 1.219785e+04 1.220299e+04 1.220858e+04 1.221462e+04 1.225115e+04 1.229451e+04 1.233891e+04 1.238547e+04 1.244985e+04 1.256320e+04 1.308280e+04 1.412758e+04 1.566593e+04 1.757637e+04 1.975811e+04 2.215046e+04 5.405323e+04 9.693438e+04 1.413166e+05 1.779493e+05
1.261824e+04 1.261824e+04 1.261824e+04 1.261824e+04 1.261823e+04 1.261815e+04 1.261790e+04 1.261728e+04 1.261711e+04 1.261712e+04 1.261781e+04 1.261950e+04 1.262224e+04 1.262601e+04 1.263075e+04 1.263641e+04 1.264291e+04 1.268544e+04 1.273817e+04 1.279554e+04 1.286208e+04 1.295927e+04 1.312485e+04 1.382077e+04 1.511728e+04 1.692739e+04 1.908639e+04 2.147666e+04 2.403786e+04 5.676419e+04 9.969785e+04 1.437530e+05 1.799365e+05
1.313951e+04 1.313951e+04 1.313951e+04 1.313951e+04 1.313952e+04 1.313956e+04 1.313970e+04 1.314046e+04 1.314120e+04 1.314223e+04 1.314516e+04 1.314920e+04 1.315419e+04 1.316002e+04 1.316660e+04 1.317388e+04 1.318183e+04 1.323106e+04 1.329267e+04 1.336380e+04 1.345302e+04 1.358839e+04 1.381492e+04 1.471349e+04 1.629061e+04 1.839352e+04 2.081098e+04 2.341018e+04 2.613409e+04 5.960640e+04 1.025950e+05 1.462574e+05 1.819592e+05
1.381683e+04 1.381683e+04 1.381683e+04 1.381683e+04 1.381682e+04 1.381675e+04 1.381653e+04 1.381577e+04 1.381540e+04 1.381517e+04 1.381537e+04 1.381672e+04 1.381938e+04 1.382342e+04 1.382883e+04 1.383556e+04 1.384354e+04 1.389892e+04 1.397250e+04 1.406117e+04 1.417829e+04 1.435965e+04 1.465812e+04 1.578796e+04 1.767282e+04 2.008476e+04 2.276497e+04 2.556863e+04 2.844553e+04 6.257730e+04 1.056199e+05 1.488306e+05 1.840166e+05
1.456550e+04 1.456550e+04 1.456550e+04 1.456550e+04 1.456550e+04 1.456561e+04 1.456611e+04 1.456850e+04 1.457039e+04 1.457275e+04 1.457878e+04 1.458641e+04 1.459536e+04 1.460541e+04 1.461636e+04 1.462808e+04 1.464050e+04 1.471250e+04 1.480133e+04 1.491184e+04 1.506396e+04 1.530141e+04 1.568453e+04 1.707443e+04 1.928956e+04 2.201977e+04 2.496017e+04 2.795846e+04 3.097506e+04 6.567463e+04 1.087679e+05 1.514736e+05 1.861077e+05
1.561814e+04 1.561814e+04 1.561814e+04 1.561814e+04 1.561813e+04 1.561809e+04 1.561793e+04 1.561734e+04 1.561695e+04 1.561654e+04 1.561590e+04 1.561588e+04 1.561690e+04 1.561928e+04 1.562326e+04 1.562900e+04 1.563658e+04 1.570148e+04 1.580550e+04 1.594650e+04 1.614483e+04 1.645064e+04 1.693153e+04 1.860637e+04 2.116606e+04 2.421443e+04 2.740454e+04 3.058210e+04 3.372187e+04 6.889645e+04 1.120349e+05 1.541879e+05 1.882318e+05
1.661795e+04 1.661795e+04 1.661795e+04 1.661795e+04 1.661796e+04 1.661839e+04 1.661970e+04 1.662492e+04 1.662877e+04 1.663334e+04 1.664439e+04 1.665751e+04 1.667231e+04 1.668859e+04 1.670625e+04 1.672528e+04 1.674571e+04 1.686871e+04 1.702400e+04 1.721541e+04 1.747240e+04 1.785655e+04 1.844462e+04 2.041931e+04 2.332569e+04 2.668076e+04 3.010163e+04 3.343777e+04 3.668143e+04 7.224131e+04 1.154168e+05 1.569753e+05 1.903878e+05
1.810490e+04 1.810490e+04 1.810490e+04 1.810490e+04 1.810490e+04 1.810507e+04 1.810559e+04 1.810802e+04 1.811010e+04 1.811284e+04 1.812041e+04 1.813091e+04 1.814440e+04 1.816089e+04 1.818027e+04 1.820239e+04 1.822705e+04 1.838104e+04 1.857261e+04 1.880456e+04 1.911493e+04 1.957636e+04 2.027302e+04 2.254795e+04 2.578833e+04 2.942612e+04 3.305023e+04 3.651952e+04 3.984586e+04 7.570827e+04 1.189094e+05 1.598385e+05 1.925751e+05
2.005695e+04 2.005695e+04 2.005695e+04 2.005695e+04 2.005697e+04 2.005737e+04 2.005854e+04 2.006303e+04 2.006636e+04 2.007040e+04 2.008058e+04 2.009345e+04 2.010880e+04 2.012640e+04 2.014608e+04 2.016768e+04 2.019114e+04 2.033525e+04 2.052459e+04 2.077268e+04 2.112419e+04 2.165779e+04 2.246025e+04 2.502289e+04 2.856886e+04 3.245254e+04 3.624446e+04 3.981768e+04 4.320452e+04 7.929693e+04 1.225084e+05 1.627822e+05 1.947928e+05
2.249820e+04 2.249820e+04 2.249820e+04 2.249820e+04 2.249820e+04 2.249813e+04 2.249797e+04 2.249761e+04 2.249753e+04 2.249753e+04 2.249790e+04 2.249911e+04 2.250169e+04 2.250626e+04 2.251337e+04 2.252343e+04 2.253673e+04 2.265334e+04 2.284726e+04 2.312316e+04 2.352529e+04 2.413603e+04 2.504307e+04 2.786969e+04 3.167646e+04 3.575677e+04 3.967421e+04 4.331955e+04 4.674474e+04 8.300748e+04 1.262094e+05 1.658117e+05 1.970404e+05
2.479125e+04 2.479125e+04 2.479125e+04 2.479126e+04 2.479129e+04 2.479231e+04 2.479548e+04 2.480761e+04 2.481610e+04 2.482595e+04 2.484922e+04 2.487651e+04 2.490708e+04 2.494033e+04 2.497583e+04 2.501331e+04 2.505261e+04 2.527574e+04 2.554737e+04 2.589005e+04 2.636225e+04 2.705576e+04 2.806118e+04 3.110983e+04 3.511452e+04 3.933052e+04 4.332586e+04 4.701038e+04 5.045286e+04 8.684063e+04 1.300078e+05 1.689207e+05 1.993171e+05
2.815956e+04 2.815956e+04 2.815956e+04 2.815956e+04 2.815955e+04 2.815945e+04 2.815913e+04 2.815807e+04 2.815766e+04 2.815761e+04 2.815927e+04 2.816431e+04 2.817369e+04 2.818806e+04 2.820776e+04 2.823288e+04 2.826329e+04 2.848377e+04 2.879168e+04 2.918486e+04 2.971597e+04 3.047730e+04 3.155823e+04 3.475937e+04 3.888003e+04 4.316088e+04 4.718321e+04 5.087438e+04 5.431522e+04 9.079763e+04 1.338991e+05 1.721023e+05 2.016228e+05
3.172366e+04 3.172366e+04 3.172367e+04 3.172368e+04 3.172371e+04 3.172486e+04 3.172845e+04 3.174264e+04 3.175296e+04 3.176515e+04 3.179433e+04 3.182867e+04 3.186698e+04 3.190843e+04 3.195251e+04 3.199898e+04 3.204775e+04 3.232663e+04 3.266697e+04 3.308887e+04 3.365206e+04 3.444931e+04 3.556676e+04 3.882413e+04 4.296254e+04 4.723073e+04 5.122845e+04 5.489580e+04 5.831908e+04 9.488021e+04 1.378787e+05 1.753508e+05 2.039571e+05
3.656684e+04 3.656684e+04 3.656684e+04 3.656684e+04 3.656684e+04 3.656667e+04 3.656614e+04 3.656420e+04 3.656306e+04 3.656209e+04 3.656152e+04 3.656403e+04 3.657087e+04 3.658293e+04 3.660073e+04 3.662450e+04 3.665420e+04 3.688128e+04 3.720920e+04 3.763088e+04 3.819549e+04 3.898999e+04 4.009580e+04 4.329526e+04 4.734327e+04 5.151931e+04 5.544310e+04 5.905995e+04 6.245359e+04 9.909048e+04 1.419420e+05 1.786606e+05 2.063203e+05
4.139332e+04 4.139332e+04 4.139332e+04 4.139333e+04 4.139337e+04 4.139461e+04 4.139849e+04 4.141378e+04 4.142482e+04 4.143780e+04 4.146876e+04 4.150519e+04 4.154594e+04 4.159018e+04 4.163733e+04 4.168704e+04 4.173910e+04 4.203209e+04 4.237804e+04 4.279433e+04 4.333607e+04 4.408816e+04 4.512989e+04 4.814833e+04 5.199537e+04 5.600303e+04 5.980900e+04 6.335401e+04 6.671041e+04 1.034309e+05 1.460845e+05 1.820258e+05 2.087129e+05
4.753960e+04 4.753960e+04 4.753960e+04 4.753960e+04 4.753960e+04 4.753940e+04 4.753879e+04 4.753686e+04 4.753608e+04 4.753578e+04 4.753726e+04 4.754234e+04 4.755173e+04 4.756596e+04 4.758538e+04 4.761015e+04 4.764026e+04 4.786259e+04 4.817460e+04 4.855849e+04 4.904672e+04 4.971255e+04 5.063381e+04 5.334485e+04 5.688501e+04 6.065658e+04 6.430925e+04 6.776781e+04 7.108425e+04 1.079040e+05 1.503014e+05 1.854406e+05 2.111366e+05
5.366378e+04 5.366378e+04 5.366378e+04 5.366380e+04 5.366383e+04 5.366489e+04 5.366814e+04 5.367974e+04 5.368749e+04 5.369633e+04 5.371704e+04 5.374163e+04 5.376999e+04 5.380217e+04 5.383824e+04 5.387826e+04 5.392224e+04 5.419460e+04 5.452231e+04 5.487782e+04 5.528495e+04 5.581546e+04 5.655507e+04 5.883350e+04 6.197268e+04 6.545410e+04 6.892905e+04 7.229435e+04 7.557320e+04 1.125126e+05 1.545884e+05 1.888990e+05 2.135948e+05
6.051445e+04 6.051445e+04 6.051445e+04 6.051445e+04 6.051447e+04 6.051516e+04 6.051751e+04 6.052721e+04 6.053456e+04 6.054357e+04 6.056654e+04 6.059602e+04 6.063175e+04 6.067331e+04 6.072017e+04 6.077173e+04 6.082733e+04 6.114142e+04 6.145841e+04 6.173785e+04 6.200226e+04 6.232936e+04 6.281931e+04 6.454951e+04 6.721444e+04 7.037044e+04 7.365657e+04 7.693025e+04 8.017889e+04 1.172590e+05 1.589408e+05 1.923948e+05 2.160832e+05
6.844821e+04 6.844821e+04 6.844822e+04 6.844822e+04 6.844824e+04 6.844878e+04 6.845045e+04 6.845664e+04 6.846094e+04 6.846597e+04 6.847812e+04 6.849302e+04 6.851073e+04 6.853136e+04 6.855500e+04 6.858169e+04 6.861130e+04 6.878771e+04 6.895232e+04 6.904718e+04 6.908203e+04 6.913391e+04 6.931492e+04 7.041398e+04 7.256404e+04 7.538291e+04 7.848388e+04 8.167611e+04 8.490651e+04 1.221456e+05 1.633539e+05 1.959217e+05 2.185951e+05
7.653673e+04 7.653673e+04 7.653673e+04 7.653674e+04 7.653674e+04 7.653684e+04 7.653714e+04 7.653834e+04 7.653925e+04 7.654037e+04 7.654330e+04 7.654726e+04 7.655240e+04 7.655887e+04 7.656676e+04 7.657605e+04 7.658657e+04 7.664086e+04 7.663745e+04 7.651777e+04 7.629174e+04 7.604145e+04 7.589300e+04 7.634048e+04 7.797765e+04 8.047371e+04 8.340794e+04 8.653677e+04 8.976472e+04 1.271739e+05 1.678227e+05 1.994732e+05 2.211249e+05
8.424320e+04 8.424320e+04 8.424320e+04 8.424320e+04 8.424321e+04 8.424335e+04 8.424379e+04 8.424557e+04 8.424688e+04 8.424845e+04 8.425220e+04 8.425642e+04 8.426071e+04 8.426474e+04 8.426827e+04 8.427107e+04 8.427289e+04 8.425118e+04 8.412172e+04 8.382711e+04 8.337615e+04 8.285549e+04 8.240593e+04 8.225223e+04 8.342128e+04 8.563296e+04 8.843167e+04 9.152147e+04 9.476534e+04 1.323451e+05 1.723424e+05 2.030428e+05 2.236673e+05
9.155102e+04 9.155102e+04 9.155102e+04 9.155101e+04 9.155100e+04 9.155059e+04 9.154930e+04 9.154413e+04 9.154029e+04 9.153566e+04 9.152434e+04 9.151085e+04 9.149591e+04 9.148023e+04 9.146436e+04 9.144866e+04 9.143318e+04 9.134300e+04 9.115152e+04 9.076420e+04 9.016801e+04 8.944748e+04 8.875778e+04 8.810195e+04 8.887808e+04 9.086114e+04 9.356456e+04 9.664372e+04 9.992305e+04 1.376591e+05 1.769077e+05 2.066239e+05 2.262174e+05
9.767118e+04 9.767118e+04 9.767118e+04 9.767119e+04 9.767120e+04 9.767177e+04 9.767351e+04 9.767963e+04 9.768353e+04 9.768780e+04 9.769718e+04 9.770747e+04 9.771853e+04 9.773029e+04 9.774265e+04 9.775542e+04 9.776824e+04 9.780471e+04 9.769156e+04 9.731368e+04 9.665227e+04 9.579990e+04 9.493140e+04 9.388156e+04 9.435154e+04 9.616996e+04 9.882258e+04 1.019209e+05 1.052547e+05 1.431148e+05 1.815129e+05 2.102098e+05 2.287700e+05
1.038063e+05 1.038063e+05 1.038063e+05 1.038063e+05 1.038063e+05 1.038068e+05 1.038086e+05 1.038153e+05 1.038201e+05 1.038258e+05 1.038401e+05 1.038580e+05 1.038793e+05 1.039038e+05 1.039309e+05 1.039599e+05 1.039900e+05 1.041106e+05 1.040476e+05 1.036666e+05 1.029456e+05 1.019840e+05 1.009719e+05 9.961582e+04 9.986309e+04 1.015810e+05 1.042272e+05 1.073732e+05 1.107785e+05 1.487099e+05 1.861523e+05 2.137939e+05 2.313202e+05
1.104762e+05 1.104762e+05 1.104762e+05 1.104762e+05 1.104762e+05 1.104765e+05 1.104776e+05 1.104816e+05 1.104846e+05 1.104881e+05 1.104967e+05 1.105067e+05 1.105176e+05 1.105291e+05 1.105409e+05 1.105528e+05 1.105643e+05 1.105857e+05 1.104307e+05 1.099627e+05 1.091465e+05 1.080737e+05 1.069381e+05 1.053465e+05 1.054463e+05 1.071233e+05 1.098039e+05 1.130228e+05 1.165133e+05 1.544403e+05 1.908194e+05 2.173696e+05 2.338629e+05
1.171255e+05 1.171255e+05 1.171255e+05 1.171255e+05 1.171255e+05 1.171250e+05 1.171235e+05 1.171174e+05 1.171129e+05 1.171074e+05 1.170939e+05 1.170778e+05 1.170602e+05 1.170419e+05 1.170240e+05 1.170068e+05 1.169906e+05 1.168999e+05 1.166709e+05 1.161428e+05 1.152598e+05 1.141058e+05 1.128789e+05 1.111223e+05 1.111417e+05 1.128303e+05 1.155804e+05 1.188925e+05 1.224774e+05 1.603004e+05 1.955075e+05 2.209301e+05 2.363932e+05
1.225399e+05 1.225399e+05 1.225399e+05 1.225399e+05 1.225399e+05 1.225407e+05 1.225432e+05 1.225521e+05 1.225579e+05 1.225643e+05 1.225786e+05 1.225947e+05 1.226123e+05 1.226314e+05 1.226519e+05 1.226735e+05 1.226957e+05 1.227781e+05 1.226705e+05 1.222038e+05 1.213277e+05 1.201402e+05 1.188580e+05 1.169990e+05 1.169940e+05 1.187375e+05 1.215850e+05 1.250045e+05 1.286874e+05 1.662828e+05 2.002097e+05 2.244690e+05 2.389062e+05
1.283270e+05 1.283270e+05 1.283270e+05 1.283270e+05 1.283271e+05 1.283279e+05 1.283304e+05 1.283405e+05 1.283480e+05 1.283569e+05 1.283791e+05 1.284068e+05 1.284394e+05 1.284767e+05 1.285181e+05 1.285627e+05 1.286095e+05 1.288192e+05 1.288099e+05 1.283910e+05 1.275147e+05 1.262936e+05 1.249641e+05 1.230369e+05 1.230492e+05 1.248807e+05 1.278449e+05 1.313789e+05 1.351576e+05 1.723782e+05 2.049182e+05 2.279799e+05 2.413969e+05
1.351971e+05 1.351971e+05 1.351971e+05 1.351971e+05 1.351971e+05 1.351975e+05 1.351988e+05 1.352040e+05 1.352079e+05 1.352126e+05 1.352247e+05 1.352401e+05 1.352588e+05 1.352807e+05 1.353055e+05 1.353328e+05 1.353619e+05 1.354845e+05 1.353964e+05 1.349027e+05 1.339521e+05 1.326601e+05 1.312711e+05 1.292912e+05 1.293513e+05 1.312939e+05 1.343853e+05 1.380330e+05 1.418986e+05 1.785752e+05 2.096250e+05 2.314564e+05 2.438606e+05
1.424823e+05 1.424823e+05 1.424823e+05 1.424823e+05 1.424823e+05 1.424822e+05 1.424817e+05 1.424801e+05 1.424791e+05 1.424781e+05 1.424764e+05 1.424753e+05 1.424750e+05 1.424758e+05 1.424777e+05 1.424806e+05 1.424842e+05 1.424727e+05 1.422580e+05 1.416553e+05 1.406141e+05 1.392499e+05 1.378102e+05 1.358072e+05 1.359414e+05 1.380086e+05 1.412278e+05 1.449799e+05 1.489168e+05 1.848608e+05 2.143218e+05 2.348922e+05 2.462924e+05
1.493365e+05 1.493365e+05 1.493365e+05 1.493365e+05 1.493365e+05 1.493363e+05 1.493359e+05 1.493341e+05 1.493331e+05 1.493320e+05 1.493299e+05 1.493284e+05 1.493277e+05 1.493278e+05 1.493290e+05 1.493312e+05 1.493339e+05 1.493186e+05 1.490990e+05 1.484881e+05 1.474342e+05 1.460558e+05 1.446073e+05 1.426313e+05 1.428600e+05 1.450533e+05 1.483895e+05 1.522276e+05 1.562129e+05 1.912197e+05 2.189997e+05 2.382815e+05 2.486879e+05
1.557659e+05 1.557659e+05 1.557659e+05 1.557659e+05 1.557659e+05 1.557662e+05 1.557674e+05 1.557719e+05 1.557753e+05 1.557795e+05 1.557900e+05 1.558036e+05 1.558203e+05 1.558401e+05 1.558630e+05 1.558887e+05 1.559167e+05 1.560419e+05 1.559617e+05 1.554641e+05 1.544888e+05 1.531590e+05 1.517415e+05 1.498263e+05 1.501498e+05 1.524532e+05 1.558820e+05 1.597778e+05 1.637818e+05 1.976351e+05 2.236496e+05 2.416182e+05 2.510425e+05
1.625530e+05 1.625530e+05 1.625530e+05 1.625530e+05 1.625530e+05 1.625541e+05 1.625573e+05 1.625698e+05 1.625789e+05 1.625896e+05 1.626159e+05 1.626483e+05 1.626867e+05 1.627310e+05 1.627807e+05 1.628355e+05 1.628944e+05 1.631895e+05 1.632748e+05 1.629095e+05 1.620228e+05 1.607429e+05 1.593503e+05 1.574697e+05 1.578524e+05 1.602272e+05 1.637096e+05 1.676249e+05 1.716114e+05 2.040883e+05 2.282620e+05 2.448967e+05 2.533519e+05
1.706403e+05 1.706403e+05 1.706403e+05 1.706403e+05 1.706403e+05 1.706414e+05 1.706446e+05 1.706576e+05 1.706673e+05 1.706791e+05 1.707086e+05 1.707457e+05 1.707902e+05 1.708416e+05 1.708995e+05 1.709632e+05 1.710317e+05 1.713806e+05 1.715164e+05 1.711825e+05 1.703000e+05 1.689995e+05 1.675726e+05 1.656317e+05 1.659997e+05 1.683844e+05 1.718670e+05 1.757550e+05 1.796823e+05 2.105595e+05 2.328273e+05 2.481116e+05 2.556119e+05
1.802518e+05 1.802518e+05 1.802518e+05 1.802518e+05 1.802518e+05 1.802525e+05 1.802544e+05 1.802621e+05 1.802679e+05 1.802749e+05 1.802930e+05 1.803166e+05 1.803459e+05 1.803810e+05 1.804220e+05 1.804685e+05 1.805196e+05 1.807848e+05 1.808403e+05 1.804198e+05 1.794369e+05 1.780240e+05 1.764826e+05 1.743510e+05 1.746039e+05 1.769194e+05 1.803380e+05 1.841449e+05 1.879675e+05 2.170273e+05 2.373356e+05 2.512575e+05 2.578185e+05
1.906663e+05 1.906663e+05 1.906663e+05 1.906663e+05 1.906663e+05 1.906669e+05 1.906688e+05 1.906761e+05 1.906815e+05 1.906880e+05 1.907044e+05 1.907252e+05 1.907506e+05 1.907804e+05 1.908147e+05 1.908530e+05 1.908947e+05 1.910955e+05 1.910597e+05 1.905174e+05 1.893817e+05 1.877941e+05 1.860723e+05 1.836228e+05 1.836523e+05 1.858106e+05 1.890943e+05 1.927625e+05 1.964330e+05 2.234696e+05 2.417771e+05 2.543294e+05 2.599679e+05
2.016525e+05 2.016525e+05 2.016525e+05 2.016525e+05 2.016525e+05 2.016530e+05 2.016545e+05 2.016604e+05 2.016648e+05 2.016701e+05 2.016839e+05 2.017017e+05 2.017239e+05 2.017507e+05 2.017822e+05 2.018182e+05 2.018578e+05 2.020459e+05 2.019659e+05 2.013208e+05 2.000217e+05 1.982268e+05 1.962785e+05 1.934046e+05 1.931073e+05 1.950199e+05 1.980962e+05 2.015673e+05 2.050384e+05 2.298636e+05 2.461421e+05 2.573225e+05 2.620567e+05
2.130432e+05 2.130432e+05 2.130432e+05 2.130432e+05 2.130432e+05 2.130441e+05 2.130470e+05 2.130582e+05 2.130664e+05 2.130762e+05 2.131006e+05 2.131311e+05 2.131674e+05 2.132093e+05 2.132565e+05 2.133082e+05 2.133631e+05 2.136030e+05 2.135014e+05 2.127457e+05 2.112583e+05 2.092227e+05 2.070098e+05 2.036253e+05 2.029114e+05 2.044955e+05 2.072946e+05 2.105118e+05 2.137380e+05 2.361862e+05 2.504206e+05 2.602324e+05 2.640815e+05
2.254495e+05 2.254495e+05 2.254495e+05 2.254496e+05 2.254496e+05 2.254505e+05 2.254533e+05 2.254647e+05 2.254732e+05 2.254834e+05 2.255089e+05 2.255401e+05 2.255760e+05 2.256159e+05 2.256588e+05 2.257038e+05 2.257494e+05 2.259040e+05 2.256553e+05 2.246973e+05 2.229630e+05 2.206496e+05 2.181446e+05 2.141935e+05 2.129932e+05 2.141764e+05 2.166338e+05 2.195439e+05 2.224827e+05 2.424144e+05 2.546032e+05 2.630547e+05 2.660391e+05
2.387769e+05 2.387769e+05 2.387769e+05 2.387769e+05 2.387769e+05 2.387765e+05 2.387753e+05 2.387704e+05 2.387667e+05 2.387624e+05 2.387521e+05 2.387406e+05 2.387288e+05 2.387173e+05 2.387066e+05 2.386968e+05 2.386872e+05 2.385741e+05 2.380785e+05 2.368805e+05 2.348972e+05 2.323185e+05 2.295332e+05 2.250091e+05 2.232766e+05 2.239974e+05 2.260545e+05 2.286088e+05 2.312216e+05 2.485256e+05 2.586807e+05 2.657856e+05 2.679268e+05
2.509521e+05 2.509521e+05 2.509521e+05 2.509521e+05 2.509521e+05 2.509517e+05 2.509504e+05 2.509454e+05 2.509419e+05 2.509377e+05 2.509283e+05 2.509180e+05 2.509076e+05 2.508976e+05 2.508881e+05 2.508789e+05 2.508694e+05 2.507441e+05 2.502065e+05 2.489264e+05 2.468139e+05 2.440567e+05 2.410476e+05 2.359863e+05 2.336907e+05 2.338947e+05 2.354977e+05 2.376514e+05 2.399035e+05 2.544978e+05 2.626441e+05 2.684213e+05 2.697419e+05
2.621116e+05 2.621116e+05 2.621116e+05 2.621116e+05 2.621116e+05 2.621122e+05 2.621142e+05 2.621221e+05 2.621279e+05 2.621351e+05 2.621531e+05 2.621755e+05 2.622016e+05 2.622309e+05 2.622626e+05 2.622958e+05 2.623290e+05 2.624045e+05 2.620144e+05 2.608061e+05 2.586818e+05 2.558288e+05 2.526468e+05 2.470734e+05 2.441782e+05 2.438098e+05 2.449066e+05 2.466181e+05 2.484787e+05 2.603100e+05 2.664850e+05 2.709584e+05 2.714822e+05
2.738778e+05 2.738778e+05 2.738778e+05 2.738778e+05 2.738778e+05 2.738784e+05 2.738804e+05 2.738882e+05 2.738940e+05 2.739011e+05 2.739190e+05 2.739418e+05 2.739695e+05 2.740019e+05 2.740388e+05 2.740792e+05 2.741220e+05 2.742712e+05 2.739668e+05 2.728117e+05 2.706764e+05 2.677311e+05 2.643731e+05 2.582516e+05 2.546948e+05 2.536902e+05 2.542281e+05 2.554582e+05 2.568997e+05 2.659427e+05 2.701956e+05 2.733940e+05 2.731455e+05
2.863164e+05 2.863164e+05 2.863164e+05 2.863164e+05 2.863165e+05 2.863170e+05 2.863187e+05 2.863257e+05 2.863308e+05 2.863372e+05 2.863532e+05 2.863739e+05 2.863992e+05 2.864290e+05 2.864631e+05 2.865009e+05 2.865411e+05 2.866820e+05 2.863700e+05 2.851844e+05 2.829679e+05 2.798704e+05 2.762825e+05 2.695121e+05 2.652025e+05 2.634878e+05 2.634126e+05 2.641241e+05 2.651224e+05 2.713776e+05 2.737683e+05 2.757253e+05 2.747302e+05
2.992987e+05 2.992987e+05 2.992987e+05 2.992988e+05 2.992988e+05 2.992993e+05 2.993010e+05 2.993078e+05 2.993128e+05 2.993189e+05 2.993343e+05 2.993539e+05 2.993777e+05 2.994056e+05 2.994375e+05 2.994726e+05 2.995096e+05 2.996247e+05 2.992601e+05 2.979786e+05 2.956060e+05 2.922795e+05 2.883870e+05 2.808324e+05 2.756610e+05 2.731562e+05 2.724136e+05 2.725720e+05 2.731063e+05 2.765984e+05 2.771967e+05 2.779499e+05 2.762345e+05
3.127392e+05 3.127392e+05 3.127392e+05 3.127392e+05 3.127392e+05 3.127397e+05 3.127412e+05 3.127471e+05 3.127515e+05 3.127569e+05 3.127706e+05 3.127882e+05 3.128096e+05 3.128347e+05 3.128632e+05 3.128944e+05 3.129266e+05 3.130008e+05 3.125513e+05 3.111241e+05 3.085331e+05 3.049089e+05 3.006406e+05 2.921664e+05 2.860225e+05 2.826486e+05 2.811874e+05 2.807616e+05 2.808149e+05 2.815904e+05 2.804747e+05 2.800657e+05 2.776573e+05
3.265234e+05 3.265234e+05 3.265234e+05 3.265234e+05 3.265234e+05 3.265239e+05 3.265253e+05 3.265306e+05 3.265343e+05 3.265386e+05 3.265491e+05 3.265620e+05 3.265773e+05 3.265949e+05 3.266146e+05 3.266355e+05 3.266563e+05 3.266531e+05 3.260815e+05 3.244700e+05 3.216183e+05 3.176485e+05 3.129517e+05 3.034469e+05 2.962326e+05 2.919184e+05 2.896931e+05 2.886569e+05 2.882160e+05 2.863412e+05 2.835970e+05 2.820711e+05 2.789975e+05
3.403491e+05 3.403491e+05 3.403491e+05 3.403491e+05 3.403491e+05 3.403492e+05 3.403495e+05 3.403509e+05 3.403519e+05 3.403532e+05 3.403564e+05 3.403605e+05 3.403657e+05 3.403720e+05 3.403793e+05 3.403869e+05 3.403935e+05 3.403036e+05 3.396063e+05 3.378081e+05 3.346892e+05 3.303583e+05 3.252070e+05 3.145969e+05 3.062344e+05 3.009203e+05 2.978930e+05 2.962259e+05 2.952819e+05 2.908401e+05 2.865591e+05 2.839646e+05 2.802543e+05
3.537669e+05 3.537669e+05 3.537669e+05 3.537669e+05 3.537669e+05 3.537670e+05 3.537674e+05 3.537687e+05 3.537696e+05 3.537706e+05 3.537733e+05 3.537765e+05 3.537803e+05 3.537847e+05 3.537894e+05 3.537936e+05 3.537958e+05 3.536673e+05 3.528901e+05 3.509466e+05 3.475907e+05 3.429130e+05 3.373039e+05 3.255441e+05 3.159739e+05 3.096125e+05 3.057538e+05 3.034411e+05 3.019896e+05 2.950786e+05 2.893573e+05 2.857452e+05 2.814272e+05
3.667463e+05 3.667463e+05 3.667463e+05 3.667463e+05 3.667463e+05 3.667464e+05 3.667465e+05 3.667471e+05 3.667475e+05 3.667480e+05 3.667492e+05 3.667508e+05 3.667529e+05 3.667555e+05 3.667584e+05 3.667612e+05 3.667624e+05 3.666312e+05 3.658313e+05 3.637994e+05 3.602481e+05 3.552438e+05 3.491775e+05 3.362314e+05 3.254042e+05 3.179581e+05 3.132468e+05 3.102798e+05 3.083205e+05 2.990504e+05 2.919886e+05 2.874121e+05 2.825159e+05
3.792286e+05 3.792286e+05 3.792286e+05 3.792286e+05 3.792286e+05 3.792286e+05 3.792287e+05 3.792294e+05 3.792302e+05 3.792315e+05 3.792355e+05 3.792421e+05 3.792514e+05 3.792633e+05 3.792777e+05 3.792937e+05 3.793096e+05 3.792589e+05 3.785035e+05 3.764218e+05 3.726868e+05 3.673476e+05 3.608029e+05 3.466156e+05 3.344846e+05 3.259251e+05 3.203479e+05 3.167239e+05 3.142604e+05 3.027509e+05 2.944510e+05 2.889651e+05 2.835203e+05
3.916192e+05 3.916192e+05 3.916192e+05 3.916192e+05 3.916192e+05 3.916199e+05 3.916220e+05 3.916304e+05 3.916367e+05 3.916444e+05 3.916638e+05 3.916886e+05 3.917183e+05 3.917522e+05 3.917897e+05 3.918291e+05 3.918683e+05 3.919087e+05 3.911607e+05 3.889656e+05 3.849768e+05 3.792378e+05 3.721600e+05 3.566537e+05 3.431766e+05 3.334850e+05 3.270371e+05 3.227592e+05 3.197994e+05 3.061776e+05 2.967429e+05 2.904039e+05 2.844404e+05
4.048273e+05 4.048273e+05 4.048273e+05 4.048273e+05 4.048273e+05 4.048280e+05 4.048301e+05 4.048385e+05 4.048447e+05 4.048520e+05 4.048696e+05 4.048900e+05 4.049120e+05 4.049348e+05 4.049577e+05 4.049791e+05 4.049970e+05 4.048897e+05 4.039287e+05 4.014455e+05 3.970752e+05 3.908472e+05 3.831758e+05 3.662858e+05 3.514395e+05 3.406120e+05 3.332985e+05 3.283759e+05 3.249310e+05 3.093298e+05 2.988638e+05 2.917288e+05 2.852767e+05
4.183662e+05 4.183662e+05 4.183662e+05 4.183661e+05 4.183661e+05 4.183653e+05 4.183627e+05 4.183523e+05 4.183445e+05 4.183350e+05 4.183116e+05 4.182828e+05 4.182497e+05 4.182131e+05 4.181734e+05 4.181302e+05 4.180822e+05 4.176411e+05 4.163457e+05 4.135038e+05 4.087143e+05 4.019790e+05 3.937068e+05 3.754352e+05 3.592317e+05 3.472833e+05 3.391197e+05 3.335676e+05 3.296526e+05 3.122084e+05 3.008137e+05 2.929404e+05 2.860296e+05
4.298746e+05 4.298746e+05 4.298746e+05 4.298746e+05 4.298746e+05 4.298738e+05 4.298711e+05 4.298606e+05 4.298527e+05 4.298431e+05 4.298189e+05 4.297886e+05 4.297531e+05 4.297129e+05 4.296685e+05 4.296196e+05 4.295648e+05 4.290713e+05 4.276751e+05 4.246516e+05 4.195702e+05 4.124169e+05 4.036066e+05 3.840318e+05 3.665181e+05 3.534816e+05 3.444928e+05 3.383318e+05 3.339644e+05 3.148159e+05 3.025935e+05 2.940395e+05 2.866999e+05
4.392864e+05 4.392864e+05 4.392864e+05 4.392864e+05 4.392864e+05 4.392868e+05 4.392879e+05 4.392923e+05 4.392954e+05 4.392989e+05 4.393066e+05 4.393143e+05 4.393213e+05 4.393271e+05 4.393310e+05 4.393317e+05 4.393271e+05 4.390655e+05 4.378139e+05 4.347983e+05 4.295639e+05 4.220931e+05 4.128181e+05 3.920386e+05 3.732778e+05 3.591966e+05 3.494146e+05 3.426692e+05 3.378699e+05 3.171563e+05 3.042047e+05 2.950272e+05 2.872885e+05
4.485225e+05 4.485225e+05 4.485225e+05 4.485225e+05 4.485225e+05 4.485229e+05 4.485240e+05 4.485284e+05 4.485317e+05 4.485358e+05 4.485461e+05 4.485592e+05 4.485748e+05 4.485923e+05 4.486109e+05 4.486288e+05 4.486433e+05 4.484866e+05 4.473026e+05 4.442596e+05 4.388663e+05 4.310907e+05 4.213750e+05 3.994523e+05 3.795036e+05 3.644252e+05 3.538859e+05 3.465839e+05 3.413748e+05 3.192347e+05 3.056491e+05 2.959048e+05 2.877963e+05
4.581024e+05 4.581024e+05 4.581024e+05 4.581024e+05 4.581024e+05 4.581020e+05 4.581013e+05 4.580997e+05 4.580988e+05 4.580978e+05 4.580957e+05 4.580934e+05 4.580909e+05 4.580881e+05 4.580844e+05 4.580788e+05 4.580691e+05 4.577876e+05 4.564703e+05 4.532544e+05 4.476115e+05 4.394852e+05 4.293155e+05 4.062785e+05 3.851953e+05 3.691690e+05 3.579111e+05 3.500822e+05 3.444870e+05 3.210577e+05 3.069296e+05 2.966740e+05 2.882246e+05
4.671725e+05 4.671725e+05 4.671725e+05 4.671725e+05 4.671725e+05 4.671721e+05 4.671709e+05 4.671660e+05 4.671623e+05 4.671578e+05 4.671463e+05 4.671316e+05 4.671138e+05 4.670931e+05 4.670692e+05 4.670414e+05 4.670077e+05 4.665859e+05 4.650963e+05 4.616630e+05 4.557364e+05 4.472431e+05 4.366216e+05 4.125121e+05 3.903533e+05 3.734322e+05 3.614971e+05 3.531731e+05 3.472165e+05 3.226326e+05 3.080493e+05 2.973366e+05 2.885747e+05
4.750352e+05 4.750352e+05 4.750352e+05 4.750352e+05 4.750352e+05 4.750348e+05 4.750336e+05 4.750286e+05 4.750249e+05 4.750204e+05 4.750091e+05 4.749947e+05 4.749772e+05 4.749567e+05 4.749327e+05 4.749041e+05 4.748686e+05 4.744162e+05 4.728429e+05 4.692565e+05 4.630946e+05 4.542755e+05 4.432416e+05 4.181392e+05 3.949781e+05 3.772209e+05 3.646530e+05 3.558671e+05 3.495749e+05 3.239675e+05 3.090118e+05 2.978947e+05 2.888480e+05
