4.312148e+06 2.076925e+06 1.554354e+06 8.803956e+05 7.163348e+05 4.305027e+05 3.488293e+05 2.864792e+05 2.693345e+05 2.561929e+05 2.369633e+05 2.232987e+05 2.129149e+05 2.046228e+05 1.977338e+05 1.918296e+05 1.866491e+05 1.673802e+05 1.548233e+05 1.465945e+05 1.415667e+05 1.390503e+05 1.385871e+05 1.426776e+05 1.524131e+05 1.673300e+05 1.876402e+05 2.141224e+05 2.479668e+05 1.071747e+06 1.921898e+06 2.170488e+06 2.099860e+06
3.206306e+05 3.206308e+05 3.206314e+05 3.206225e+05 3.205058e+05 3.131886e+05 2.983092e+05 2.663174e+05 2.548413e+05 2.451110e+05 2.296778e+05 2.180231e+05 2.088518e+05 2.013500e+05 1.950033e+05 1.894864e+05 1.845927e+05 1.660874e+05 1.539155e+05 1.459490e+05 1.411153e+05 1.387476e+05 1.384020e+05 1.426674e+05 1.525293e+05 1.675453e+05 1.879412e+05 2.145057e+05 2.484379e+05 1.073475e+06 1.923575e+06 2.171384e+06 2.100181e+06
2.660625e+05 2.660625e+05 2.660626e+05 2.660624e+05 2.660488e+05 2.641366e+05 2.594304e+05 2.468319e+05 2.385053e+05 2.316970e+05 2.207304e+05 2.116547e+05 2.040399e+05 1.975364e+05 1.918628e+05 1.868196e+05 1.822727e+05 1.646739e+05 1.529447e+05 1.452699e+05 1.406461e+05 1.384366e+05 1.382142e+05 1.426605e+05 1.526514e+05 1.677680e+05 1.882502e+05 2.148977e+05 2.489183e+05 1.075219e+06 1.925261e+06 2.172282e+06 2.100502e+06
2.380089e+05 2.380089e+05 2.380090e+05 2.380093e+05 2.380076e+05 2.375208e+05 2.347231e+05 2.301074e+05 2.262024e+05 2.211706e+05 2.118103e+05 2.047373e+05 1.987045e+05 1.932905e+05 1.883697e+05 1.838612e+05 1.797077e+05 1.631422e+05 1.519124e+05 1.445582e+05 1.401602e+05 1.381178e+05 1.380242e+05 1.426573e+05 1.527797e+05 1.679982e+05 1.885675e+05 2.152985e+05 2.494082e+05 1.076979e+06 1.926956e+06 2.173182e+06 2.100822e+06
2.200676e+05 2.200676e+05 2.200677e+05 2.200681e+05 2.200678e+05 2.198683e+05 2.185368e+05 2.148117e+05 2.135563e+05 2.114613e+05 2.050590e+05 1.986010e+05 1.933464e+05 1.888344e+05 1.846334e+05 1.806695e+05 1.769305e+05 1.614968e+05 1.508206e+05 1.438153e+05 1.396583e+05 1.377920e+05 1.378325e+05 1.426579e+05 1.529145e+05 1.682360e+05 1.888931e+05 2.157083e+05 2.499076e+05 1.078755e+06 1.928659e+06 2.174084e+06 2.101142e+06
2.071391e+05 2.071392e+05 2.071392e+05 2.071398e+05 2.071406e+05 2.070608e+05 2.064312e+05 2.034506e+05 2.024887e+05 2.016962e+05 1.986142e+05 1.937928e+05 1.888905e+05 1.845905e+05 1.808539e+05 1.773482e+05 1.739986e+05 1.597448e+05 1.496721e+05 1.430429e+05 1.391418e+05 1.374599e+05 1.376398e+05 1.426629e+05 1.530560e+05 1.684817e+05 1.892272e+05 2.161271e+05 2.504167e+05 1.080548e+06 1.930371e+06 2.174988e+06 2.101461e+06
1.973973e+05 1.973973e+05 1.973973e+05 1.973978e+05 1.973987e+05 1.973683e+05 1.970547e+05 1.949782e+05 1.939456e+05 1.933078e+05 1.919923e+05 1.891333e+05 1.851882e+05 1.811241e+05 1.773839e+05 1.740699e+05 1.710071e+05 1.578977e+05 1.484710e+05 1.422431e+05 1.386118e+05 1.371224e+05 1.374465e+05 1.426725e+05 1.532044e+05 1.687355e+05 1.895701e+05 2.165550e+05 2.509355e+05 1.082358e+06 1.932091e+06 2.175894e+06 2.101781e+06
1.898217e+05 1.898217e+05 1.898217e+05 1.898221e+05 1.898231e+05 1.898198e+05 1.896665e+05 1.883264e+05 1.873792e+05 1.866588e+05 1.857938e+05 1.843004e+05 1.815336e+05 1.780502e+05 1.744749e+05 1.711222e+05 1.681051e+05 1.559730e+05 1.472225e+05 1.414183e+05 1.380697e+05 1.367805e+05 1.372534e+05 1.426872e+05 1.533601e+05 1.689975e+05 1.899217e+05 2.169923e+05 2.514642e+05 1.084184e+06 1.933820e+06 2.176803e+06 2.102099e+06
1.838495e+05 1.838495e+05 1.838495e+05 1.838499e+05 1.838509e+05 1.838550e+05 1.837772e+05 1.829289e+05 1.821593e+05 1.814145e+05 1.804407e+05 1.795130e+05 1.776919e+05 1.749462e+05 1.717536e+05 1.685349e+05 1.655119e+05 1.539955e+05 1.459336e+05 1.405715e+05 1.375171e+05 1.364350e+05 1.370611e+05 1.427072e+05 1.535232e+05 1.692679e+05 1.902822e+05 2.174389e+05 2.520028e+05 1.086027e+06 1.935557e+06 2.177713e+06 2.102418e+06
1.790350e+05 1.790350e+05 1.790350e+05 1.790354e+05 1.790363e+05 1.790464e+05 1.790121e+05 1.784671e+05 1.778660e+05 1.771562e+05 1.759446e+05 1.750275e+05 1.737187e+05 1.716376e+05 1.689536e+05 1.660258e+05 1.631354e+05 1.519997e+05 1.446132e+05 1.397063e+05 1.369559e+05 1.360871e+05 1.368703e+05 1.427331e+05 1.536939e+05 1.695469e+05 1.906518e+05 2.178950e+05 2.525515e+05 1.087887e+06 1.937303e+06 2.178625e+06 2.102735e+06
1.751030e+05 1.751030e+05 1.751030e+05 1.751034e+05 1.751044e+05 1.751183e+05 1.751038e+05 1.747145e+05 1.742182e+05 1.735418e+05 1.720959e+05 1.709234e+05 1.697466e+05 1.681223e+05 1.659512e+05 1.634217e+05 1.607844e+05 1.500315e+05 1.432728e+05 1.388269e+05 1.363880e+05 1.357379e+05 1.366818e+05 1.427651e+05 1.538726e+05 1.698346e+05 1.910306e+05 2.183607e+05 2.531103e+05 1.089763e+06 1.939057e+06 2.179538e+06 2.103053e+06
1.365804e+05 1.365804e+05 1.365804e+05 1.365804e+05 1.365806e+05 1.365848e+05 1.365919e+05 1.365886e+05 1.365650e+05 1.365170e+05 1.363197e+05 1.359726e+05 1.355279e+05 1.350929e+05 1.347616e+05 1.345703e+05 1.344972e+05 1.340470e+05 1.322103e+05 1.308751e+05 1.310321e+05 1.325251e+05 1.351250e+05 1.435173e+05 1.561492e+05 1.732282e+05 1.953508e+05 2.235676e+05 2.592760e+05 1.109468e+06 1.957069e+06 2.188775e+06 2.106199e+06
1.204500e+05 1.204500e+05 1.204500e+05 1.204501e+05 1.204503e+05 1.204564e+05 1.204677e+05 1.204791e+05 1.204785e+05 1.204741e+05 1.204560e+05 1.204312e+05 1.204088e+05 1.203983e+05 1.204127e+05 1.204704e+05 1.205911e+05 1.223805e+05 1.250376e+05 1.271800e+05 1.291614e+05 1.317196e+05 1.352368e+05 1.454501e+05 1.595095e+05 1.776756e+05 2.007165e+05 2.298347e+05 2.665453e+05 1.130927e+06 1.975920e+06 2.198177e+06 2.109286e+06
1.141991e+05 1.141991e+05 1.141991e+05 1.141992e+05 1.141993e+05 1.142028e+05 1.142127e+05 1.142482e+05 1.142724e+05 1.143002e+05 1.143685e+05 1.144621e+05 1.145951e+05 1.147774e+05 1.150120e+05 1.152969e+05 1.156286e+05 1.179909e+05 1.215663e+05 1.257820e+05 1.299836e+05 1.341410e+05 1.385933e+05 1.495813e+05 1.643737e+05 1.833858e+05 2.072489e+05 2.372447e+05 2.749862e+05 1.154196e+06 1.995589e+06 2.207716e+06 2.112297e+06
1.135989e+05 1.135989e+05 1.135989e+05 1.135990e+05 1.135991e+05 1.136032e+05 1.136156e+05 1.136629e+05 1.136964e+05 1.137362e+05 1.138376e+05 1.139805e+05 1.141833e+05 1.144596e+05 1.148139e+05 1.152421e+05 1.157355e+05 1.188644e+05 1.228111e+05 1.275671e+05 1.328746e+05 1.384023e+05 1.440600e+05 1.564147e+05 1.715448e+05 1.907438e+05 2.151410e+05 2.459098e+05 2.846771e+05 1.179316e+06 2.016048e+06 2.217367e+06 2.115217e+06
1.176056e+05 1.176056e+05 1.176056e+05 1.176057e+05 1.176058e+05 1.176093e+05 1.176200e+05 1.176610e+05 1.176909e+05 1.177272e+05 1.178235e+05 1.179671e+05 1.181810e+05 1.184824e+05 1.188779e+05 1.193647e+05 1.199336e+05 1.235925e+05 1.279459e+05 1.328756e+05 1.384686e+05 1.446108e+05 1.511180e+05 1.650386e+05 1.809598e+05 2.003526e+05 2.247890e+05 2.560353e+05 2.957467e+05 1.206316e+06 2.037260e+06 2.227097e+06 2.118030e+06
1.245907e+05 1.245907e+05 1.245907e+05 1.245907e+05 1.245908e+05 1.245947e+05 1.246066e+05 1.246541e+05 1.246894e+05 1.247325e+05 1.248462e+05 1.250127e+05 1.252565e+05 1.255960e+05 1.260386e+05 1.265817e+05 1.272157e+05 1.313014e+05 1.360733e+05 1.412027e+05 1.468492e+05 1.531231e+05 1.599739e+05 1.750226e+05 1.919349e+05 2.118537e+05 2.365481e+05 2.680426e+05 3.084345e+05 1.235217e+06 2.059178e+06 2.236874e+06 2.120719e+06
1.346017e+05 1.346017e+05 1.346017e+05 1.346018e+05 1.346019e+05 1.346055e+05 1.346166e+05 1.346601e+05 1.346925e+05 1.347322e+05 1.348393e+05 1.350017e+05 1.352459e+05 1.355924e+05 1.360494e+05 1.366144e+05 1.372775e+05 1.415972e+05 1.466742e+05 1.520213e+05 1.577207e+05 1.639650e+05 1.708430e+05 1.863753e+05 2.041019e+05 2.247290e+05 2.499691e+05 2.820348e+05 3.231716e+05 1.266035e+06 2.081749e+06 2.246661e+06 2.123268e+06
1.470158e+05 1.470158e+05 1.470158e+05 1.470159e+05 1.470160e+05 1.470204e+05 1.470336e+05 1.470851e+05 1.471223e+05 1.471670e+05 1.472831e+05 1.474524e+05 1.477017e+05 1.480520e+05 1.485126e+05 1.490818e+05 1.497507e+05 1.541517e+05 1.594158e+05 1.649669e+05 1.707615e+05 1.769660e+05 1.837409e+05 1.992385e+05 2.173665e+05 2.386497e+05 2.646364e+05 2.975851e+05 3.398524e+05 1.298783e+06 2.104911e+06 2.256421e+06 2.125656e+06
1.616014e+05 1.616014e+05 1.616014e+05 1.616015e+05 1.616016e+05 1.616046e+05 1.616140e+05 1.616518e+05 1.616805e+05 1.617161e+05 1.618135e+05 1.619646e+05 1.621969e+05 1.625323e+05 1.629811e+05 1.635422e+05 1.642075e+05 1.686665e+05 1.740989e+05 1.798467e+05 1.857561e+05 1.919328e+05 1.985578e+05 2.136857e+05 2.317674e+05 2.534669e+05 2.802555e+05 3.143491e+05 3.581162e+05 1.333479e+06 2.128597e+06 2.266113e+06 2.127868e+06
1.776718e+05 1.776718e+05 1.776718e+05 1.776718e+05 1.776720e+05 1.776766e+05 1.776912e+05 1.777479e+05 1.777896e+05 1.778399e+05 1.779713e+05 1.781599e+05 1.784314e+05 1.788059e+05 1.792926e+05 1.798902e+05 1.805904e+05 1.852055e+05 1.907783e+05 1.966413e+05 2.025952e+05 2.086996e+05 2.151282e+05 2.296709e+05 2.473376e+05 2.691437e+05 2.966587e+05 3.320697e+05 3.776777e+05 1.370157e+06 2.152734e+06 2.275697e+06 2.129884e+06
1.968512e+05 1.968512e+05 1.968512e+05 1.968512e+05 1.968513e+05 1.968553e+05 1.968674e+05 1.969154e+05 1.969509e+05 1.969944e+05 1.971103e+05 1.972822e+05 1.975362e+05 1.978928e+05 1.983612e+05 1.989400e+05 1.996208e+05 2.041290e+05 2.095838e+05 2.153298e+05 2.211535e+05 2.270744e+05 2.332362e+05 2.470434e+05 2.640363e+05 2.856698e+05 3.137739e+05 3.505883e+05 3.983207e+05 1.408867e+06 2.177245e+06 2.285130e+06 2.131685e+06
2.184541e+05 2.184541e+05 2.184541e+05 2.184542e+05 2.184543e+05 2.184590e+05 2.184733e+05 2.185293e+05 2.185701e+05 2.186193e+05 2.187460e+05 2.189239e+05 2.191747e+05 2.195162e+05 2.199563e+05 2.204935e+05 2.211207e+05 2.252443e+05 2.302694e+05 2.356432e+05 2.411547e+05 2.467771e+05 2.526037e+05 2.655761e+05 2.817392e+05 3.030032e+05 3.315709e+05 3.698289e+05 4.199095e+05 1.449696e+06 2.202053e+06 2.294369e+06 2.133255e+06
2.423815e+05 2.423815e+05 2.423815e+05 2.423815e+05 2.423816e+05 2.423851e+05 2.423959e+05 2.424349e+05 2.424614e+05 2.424922e+05 2.425697e+05 2.426822e+05 2.428512e+05 2.430947e+05 2.434224e+05 2.438357e+05 2.443304e+05 2.477578e+05 2.521718e+05 2.570662e+05 2.621927e+05 2.674633e+05 2.729165e+05 2.849968e+05 3.002523e+05 3.210472e+05 3.500176e+05 3.897666e+05 4.423827e+05 1.492792e+06 2.227078e+06 2.303370e+06 2.134573e+06
2.656107e+05 2.656107e+05 2.656107e+05 2.656107e+05 2.656108e+05 2.656136e+05 2.656223e+05 2.656571e+05 2.656830e+05 2.657145e+05 2.657966e+05 2.659139e+05 2.660825e+05 2.663161e+05 2.666223e+05 2.670019e+05 2.674518e+05 2.705488e+05 2.745846e+05 2.791237e+05 2.839094e+05 2.888232e+05 2.938764e+05 3.050098e+05 3.193278e+05 3.396479e+05 3.690542e+05 4.103946e+05 4.657338e+05 1.538443e+06 2.252243e+06 2.312092e+06 2.135624e+06
2.889725e+05 2.889725e+05 2.889725e+05 2.889725e+05 2.889726e+05 2.889750e+05 2.889828e+05 2.890149e+05 2.890393e+05 2.890696e+05 2.891502e+05 2.892666e+05 2.894329e+05 2.896607e+05 2.899559e+05 2.903190e+05 2.907465e+05 2.936654e+05 2.974562e+05 3.016989e+05 3.061291e+05 3.106255e+05 3.152044e+05 3.252879e+05 3.386690e+05 3.586006e+05 3.885863e+05 4.317040e+05 4.899881e+05 1.586622e+06 2.277476e+06 2.320494e+06 2.136390e+06
3.132536e+05 3.132536e+05 3.132536e+05 3.132536e+05 3.132537e+05 3.132570e+05 3.132671e+05 3.133069e+05 3.133364e+05 3.133721e+05 3.134633e+05 3.135866e+05 3.137522e+05 3.139693e+05 3.142430e+05 3.145746e+05 3.149619e+05 3.175945e+05 3.210085e+05 3.247906e+05 3.286827e+05 3.325861e+05 3.365460e+05 3.454338e+05 3.579278e+05 3.776614e+05 4.084925e+05 4.536770e+05 5.151868e+05 1.636897e+06 2.302711e+06 2.328536e+06 2.136855e+06
3.387195e+05 3.387195e+05 3.387195e+05 3.387195e+05 3.387196e+05 3.387225e+05 3.387312e+05 3.387639e+05 3.387880e+05 3.388172e+05 3.388926e+05 3.389962e+05 3.391366e+05 3.393214e+05 3.395541e+05 3.398346e+05 3.401603e+05 3.423253e+05 3.450568e+05 3.480361e+05 3.510850e+05 3.541603e+05 3.573444e+05 3.649485e+05 3.767139e+05 3.965694e+05 4.286416e+05 4.762923e+05 5.413786e+05 1.688887e+06 2.327892e+06 2.336181e+06 2.137004e+06
3.649559e+05 3.649559e+05 3.649559e+05 3.649559e+05 3.649560e+05 3.649591e+05 3.649683e+05 3.650031e+05 3.650282e+05 3.650583e+05 3.651327e+05 3.652258e+05 3.653382e+05 3.654709e+05 3.656235e+05 3.657948e+05 3.659833e+05 3.671488e+05 3.686468e+05 3.704057e+05 3.723439e+05 3.744484e+05 3.768114e+05 3.832581e+05 3.946329e+05 4.150816e+05 4.489201e+05 4.995391e+05 5.686197e+05 1.742211e+06 2.352976e+06 2.343395e+06 2.136823e+06
3.912113e+05 3.912113e+05 3.912113e+05 3.912113e+05 3.912112e+05 3.912077e+05 3.911968e+05 3.911536e+05 3.911223e+05 3.910856e+05 3.909988e+05 3.908974e+05 3.907842e+05 3.906622e+05 3.905342e+05 3.904036e+05 3.902741e+05 3.897705e+05 3.897274e+05 3.901949e+05 3.910858e+05 3.923575e+05 3.940815e+05 3.998238e+05 4.113580e+05 4.330201e+05 4.692618e+05 5.234337e+05 5.969779e+05 1.796481e+06 2.377941e+06 2.350149e+06 2.136299e+06
4.091592e+05 4.091592e+05 4.091592e+05 4.091592e+05 4.091592e+05 4.091582e+05 4.091549e+05 4.091399e+05 4.091273e+05 4.091109e+05 4.090647e+05 4.089959e+05 4.088979e+05 4.087664e+05 4.086007e+05 4.084035e+05 4.081807e+05 4.069489e+05 4.060685e+05 4.058166e+05 4.061539e+05 4.070324e+05 4.085189e+05 4.142967e+05 4.267112e+05 4.503174e+05 4.896749e+05 5.480341e+05 6.265372e+05 1.851305e+06 2.402793e+06 2.356417e+06 2.135421e+06
4.208775e+05 4.208775e+05 4.208775e+05 4.208775e+05 4.208775e+05 4.208760e+05 4.208713e+05 4.208520e+05 4.208373e+05 4.208191e+05 4.207702e+05 4.206986e+05 4.205947e+05 4.204512e+05 4.202656e+05 4.200400e+05 4.197809e+05 4.183063e+05 4.172184e+05 4.168756e+05 4.172385e+05 4.182463e+05 4.199685e+05 4.266303e+05 4.407176e+05 4.670440e+05 5.102562e+05 5.734474e+05 6.573992e+05 1.906293e+06 2.427612e+06 2.362178e+06 2.134180e+06
4.276272e+05 4.276272e+05 4.276272e+05 4.276272e+05 4.276272e+05 4.276266e+05 4.276247e+05 4.276161e+05 4.276088e+05 4.275991e+05 4.275696e+05 4.275179e+05 4.274310e+05 4.272983e+05 4.271156e+05 4.268856e+05 4.266160e+05 4.250854e+05 4.240923e+05 4.240414e+05 4.248443e+05 4.263980e+05 4.287620e+05 4.370871e+05 4.536076e+05 4.834083e+05 5.311902e+05 5.998275e+05 6.896800e+05 1.961065e+06 2.452408e+06 2.367419e+06 2.132568e+06
4.311942e+05 4.311942e+05 4.311942e+05 4.311942e+05 4.311942e+05 4.311937e+05 4.311923e+05 4.311862e+05 4.311815e+05 4.311756e+05 4.311567e+05 4.311183e+05 4.310443e+05 4.309215e+05 4.307442e+05 4.305152e+05 4.302433e+05 4.287290e+05 4.279578e+05 4.283859e+05 4.298667e+05 4.322386e+05 4.355383e+05 4.461536e+05 4.657725e+05 4.997304e+05 5.527325e+05 6.273642e+05 7.235017e+05 2.015258e+06 2.476878e+06 2.372132e+06 2.130581e+06
4.329573e+05 4.329573e+05 4.329573e+05 4.329573e+05 4.329573e+05 4.329576e+05 4.329580e+05 4.329586e+05 4.329587e+05 4.329583e+05 4.329528e+05 4.329288e+05 4.328673e+05 4.327522e+05 4.325765e+05 4.323431e+05 4.320624e+05 4.305323e+05 4.299892e+05 4.309629e+05 4.332446e+05 4.366027e+05 4.410404e+05 4.544265e+05 4.776980e+05 5.164019e+05 5.751836e+05 6.562652e+05 7.589804e+05 2.068526e+06 2.500772e+06 2.376315e+06 2.128214e+06
4.340555e+05 4.340555e+05 4.340555e+05 4.340555e+05 4.340555e+05 4.340551e+05 4.340538e+05 4.340484e+05 4.340445e+05 4.340398e+05 4.340245e+05 4.339888e+05 4.339117e+05 4.337759e+05 4.335738e+05 4.333094e+05 4.329953e+05 4.313660e+05 4.310389e+05 4.326054e+05 4.357798e+05 4.402505e+05 4.459812e+05 4.625202e+05 4.899023e+05 5.338428e+05 5.988588e+05 6.867358e+05 7.962124e+05 2.120546e+06 2.523868e+06 2.379976e+06 2.125468e+06
4.343411e+05 4.343411e+05 4.343411e+05 4.343411e+05 4.343411e+05 4.343412e+05 4.343415e+05 4.343427e+05 4.343436e+05 4.343445e+05 4.343423e+05 4.343199e+05 4.342534e+05 4.341228e+05 4.339198e+05 4.336487e+05 4.333243e+05 4.316954e+05 4.316755e+05 4.339343e+05 4.381142e+05 4.438244e+05 4.509898e+05 4.710115e+05 5.028887e+05 5.524646e+05 6.240608e+05 7.189585e+05 8.352605e+05 2.171016e+06 2.545963e+06 2.383136e+06 2.122342e+06
4.346270e+05 4.346270e+05 4.346270e+05 4.346270e+05 4.346270e+05 4.346278e+05 4.346301e+05 4.346388e+05 4.346450e+05 4.346519e+05 4.346635e+05 4.346552e+05 4.346007e+05 4.344777e+05 4.342769e+05 4.340032e+05 4.336733e+05 4.320839e+05 4.324392e+05 4.354871e+05 4.407893e+05 4.478680e+05 4.566062e+05 4.804134e+05 5.171151e+05 5.726424e+05 6.510554e+05 7.530750e+05 8.761416e+05 2.219661e+06 2.566869e+06 2.385827e+06 2.118842e+06
4.357090e+05 4.357090e+05 4.357090e+05 4.357090e+05 4.357090e+05 4.357096e+05 4.357115e+05 4.357192e+05 4.357250e+05 4.357317e+05 4.357430e+05 4.357335e+05 4.356746e+05 4.355422e+05 4.353263e+05 4.350328e+05 4.346808e+05 4.330714e+05 4.338099e+05 4.377180e+05 4.442524e+05 4.528287e+05 4.632778e+05 4.911599e+05 5.329749e+05 5.946940e+05 6.800545e+05 7.891723e+05 9.188179e+05 2.266230e+06 2.586418e+06 2.388110e+06 2.114974e+06
4.377003e+05 4.377003e+05 4.377003e+05 4.377003e+05 4.377003e+05 4.377007e+05 4.377019e+05 4.377075e+05 4.377120e+05 4.377174e+05 4.377255e+05 4.377109e+05 4.376424e+05 4.374943e+05 4.372563e+05 4.369354e+05 4.365538e+05 4.349056e+05 4.360667e+05 4.409302e+05 4.488250e+05 4.590415e+05 4.713488e+05 5.035973e+05 5.507846e+05 6.188675e+05 7.112025e+05 8.272730e+05 9.631912e+05 2.310497e+06 2.604460e+06 2.390061e+06 2.110747e+06
4.404521e+05 4.404521e+05 4.404521e+05 4.404521e+05 4.404521e+05 4.404532e+05 4.404567e+05 4.404700e+05 4.404795e+05 4.404903e+05 4.405097e+05 4.405050e+05 4.404420e+05 4.402927e+05 4.400459e+05 4.397100e+05 4.393101e+05 4.376806e+05 4.393538e+05 4.453028e+05 4.547129e+05 4.667341e+05 4.810637e+05 5.179844e+05 5.707807e+05 6.453340e+05 7.445701e+05 8.673304e+05 1.009101e+06 2.352262e+06 2.620864e+06 2.391584e+06 2.106174e+06
4.444242e+05 4.444242e+05 4.444242e+05 4.444242e+05 4.444243e+05 4.444249e+05 4.444271e+05 4.444356e+05 4.444420e+05 4.444495e+05 4.444621e+05 4.444491e+05 4.443745e+05 4.442084e+05 4.439394e+05 4.435773e+05 4.431503e+05 4.415351e+05 4.437896e+05 4.509549e+05 4.620478e+05 4.760550e+05 4.925874e+05 5.345019e+05 5.931220e+05 6.741866e+05 7.801515e+05 9.092271e+05 1.056327e+06 2.391354e+06 2.635523e+06 2.392591e+06 2.101270e+06
4.494374e+05 4.494374e+05 4.494374e+05 4.494374e+05 4.494374e+05 4.494385e+05 4.494420e+05 4.494556e+05 4.494656e+05 4.494771e+05 4.494982e+05 4.494919e+05 4.494190e+05 4.492472e+05 4.489644e+05 4.485820e+05 4.481319e+05 4.465483e+05 4.494495e+05 4.579625e+05 4.709136e+05 4.871003e+05 5.060277e+05 5.532660e+05 6.178955e+05 7.054421e+05 8.178658e+05 9.527782e+05 1.104593e+06 2.427627e+06 2.648351e+06 2.393019e+06 2.096055e+06
4.557788e+05 4.557788e+05 4.557788e+05 4.557788e+05 4.557788e+05 4.557797e+05 4.557823e+05 4.557926e+05 4.558002e+05 4.558092e+05 4.558239e+05 4.558087e+05 4.557220e+05 4.555294e+05 4.552185e+05 4.548028e+05 4.543180e+05 4.527437e+05 4.563536e+05 4.663552e+05 4.813525e+05 4.999237e+05 5.214466e+05 5.743358e+05 6.451209e+05 7.390443e+05 8.575609e+05 9.977378e+05 1.153577e+06 2.460969e+06 2.659287e+06 2.392814e+06 2.090552e+06
4.631752e+05 4.631752e+05 4.631752e+05 4.631752e+05 4.631752e+05 4.631761e+05 4.631790e+05 4.631902e+05 4.631985e+05 4.632080e+05 4.632232e+05 4.632054e+05 4.631100e+05 4.629002e+05 4.625633e+05 4.621151e+05 4.615958e+05 4.600498e+05 4.644611e+05 4.761171e+05 4.933665e+05 5.145379e+05 5.388612e+05 5.977154e+05 6.747531e+05 7.748681e+05 8.990203e+05 1.043807e+06 1.202923e+06 2.491294e+06 2.668291e+06 2.391934e+06 2.084791e+06
4.715469e+05 4.715469e+05 4.715469e+05 4.715469e+05 4.715470e+05 4.715479e+05 4.715508e+05 4.715623e+05 4.715708e+05 4.715806e+05 4.715959e+05 4.715759e+05 4.714728e+05 4.712476e+05 4.708872e+05 4.704098e+05 4.698605e+05 4.683925e+05 4.737241e+05 4.872147e+05 5.069284e+05 5.309184e+05 5.582457e+05 6.233568e+05 7.066869e+05 8.127261e+05 9.419722e+05 1.090648e+06 1.252251e+06 2.518549e+06 2.675348e+06 2.390341e+06 2.078811e+06
4.809180e+05 4.809180e+05 4.809180e+05 4.809180e+05 4.809180e+05 4.809192e+05 4.809229e+05 4.809374e+05 4.809479e+05 4.809600e+05 4.809803e+05 4.809634e+05 4.808581e+05 4.806226e+05 4.802432e+05 4.797404e+05 4.791644e+05 4.778035e+05 4.841428e+05 4.996216e+05 5.219961e+05 5.490144e+05 5.795421e+05 6.511696e+05 7.407661e+05 8.523788e+05 9.861014e+05 1.137893e+06 1.301173e+06 2.542712e+06 2.680462e+06 2.388008e+06 2.072668e+06
4.915888e+05 4.915888e+05 4.915888e+05 4.915889e+05 4.915889e+05 4.915898e+05 4.915926e+05 4.916044e+05 4.916131e+05 4.916231e+05 4.916378e+05 4.916113e+05 4.914892e+05 4.912270e+05 4.908112e+05 4.902650e+05 4.896446e+05 4.883326e+05 4.957113e+05 5.133023e+05 5.385202e+05 5.687687e+05 6.026821e+05 6.810378e+05 7.767955e+05 8.935455e+05 1.031061e+06 1.185160e+06 1.349303e+06 2.563793e+06 2.683658e+06 2.384912e+06 2.066346e+06
5.032062e+05 5.032062e+05 5.032062e+05 5.032062e+05 5.032062e+05 5.032070e+05 5.032093e+05 5.032190e+05 5.032267e+05 5.032355e+05 5.032473e+05 5.032149e+05 5.030802e+05 5.027959e+05 5.023482e+05 5.017631e+05 5.011027e+05 4.998711e+05 5.083715e+05 5.282224e+05 5.564730e+05 5.901461e+05 6.276103e+05 7.128315e+05 8.145476e+05 9.359115e+05 1.076480e+06 1.232062e+06 1.396267e+06 2.581830e+06 2.684980e+06 2.381037e+06 2.059804e+06
5.156878e+05 5.156878e+05 5.156878e+05 5.156878e+05 5.156878e+05 5.156891e+05 5.156931e+05 5.157089e+05 5.157205e+05 5.157338e+05 5.157548e+05 5.157291e+05 5.155940e+05 5.152990e+05 5.148292e+05 5.142139e+05 5.135211e+05 5.124145e+05 5.221350e+05 5.444029e+05 5.758698e+05 6.131390e+05 6.542801e+05 7.463967e+05 8.537563e+05 9.791265e+05 1.121968e+06 1.278209e+06 1.441710e+06 2.596889e+06 2.684484e+06 2.376375e+06 2.053019e+06
5.294841e+05 5.294841e+05 5.294841e+05 5.294842e+05 5.294842e+05 5.294851e+05 5.294878e+05 5.294986e+05 5.295066e+05 5.295156e+05 5.295256e+05 5.294838e+05 5.293244e+05 5.289943e+05 5.284792e+05 5.278119e+05 5.270675e+05 5.260498e+05 5.370645e+05 5.618934e+05 5.967341e+05 6.377275e+05 6.826148e+05 7.815262e+05 8.940995e+05 1.022798e+06 1.167114e+06 1.323213e+06 1.485295e+06 2.609064e+06 2.682243e+06 2.370921e+06 2.045974e+06
5.440530e+05 5.440530e+05 5.440530e+05 5.440530e+05 5.440530e+05 5.440544e+05 5.440587e+05 5.440757e+05 5.440882e+05 5.441026e+05 5.441249e+05 5.440941e+05 5.439391e+05 5.436031e+05 5.430710e+05 5.423788e+05 5.416085e+05 5.407953e+05 5.532244e+05 5.807393e+05 6.190598e+05 6.638386e+05 7.124684e+05 8.179332e+05 9.351848e+05 1.066483e+06 1.211479e+06 1.366683e+06 1.526704e+06 2.618469e+06 2.678340e+06 2.364681e+06 2.038657e+06
5.600957e+05 5.600957e+05 5.600957e+05 5.600958e+05 5.600958e+05 5.600976e+05 5.601031e+05 5.601249e+05 5.601408e+05 5.601591e+05 5.601899e+05 5.601660e+05 5.600116e+05 5.596659e+05 5.591129e+05 5.583917e+05 5.575912e+05 5.569599e+05 5.707929e+05 6.009971e+05 6.427965e+05 6.913284e+05 7.436127e+05 8.552448e+05 9.765443e+05 1.109684e+06 1.254597e+06 1.408226e+06 1.565636e+06 2.625241e+06 2.672865e+06 2.357661e+06 2.031057e+06
5.782413e+05 5.782413e+05 5.782413e+05 5.782413e+05 5.782414e+05 5.782432e+05 5.782487e+05 5.782693e+05 5.782840e+05 5.783004e+05 5.783249e+05 5.782878e+05 5.781083e+05 5.777221e+05 5.771127e+05 5.763235e+05 5.754511e+05 5.747929e+05 5.898642e+05 6.226418e+05 6.678222e+05 7.199861e+05 7.757500e+05 8.930092e+05 1.017635e+06 1.151850e+06 1.295975e+06 1.447448e+06 1.601810e+06 2.629530e+06 2.665917e+06 2.349875e+06 2.023166e+06
5.979344e+05 5.979344e+05 5.979344e+05 5.979344e+05 5.979344e+05 5.979353e+05 5.979380e+05 5.979486e+05 5.979565e+05 5.979652e+05 5.979710e+05 5.979085e+05 5.976928e+05 5.972561e+05 5.965820e+05 5.957177e+05 5.947677e+05 5.940501e+05 6.102996e+05 6.455575e+05 6.939794e+05 7.495692e+05 8.085331e+05 9.306899e+05 1.057831e+06 1.192372e+06 1.335099e+06 1.483962e+06 1.634968e+06 2.631502e+06 2.657599e+06 2.341343e+06 2.014978e+06
6.183166e+05 6.183166e+05 6.183166e+05 6.183166e+05 6.183167e+05 6.183188e+05 6.183254e+05 6.183518e+05 6.183714e+05 6.183941e+05 6.184330e+05 6.184048e+05 6.182167e+05 6.177944e+05 6.171187e+05 6.162387e+05 6.152652e+05 6.146645e+05 6.321136e+05 6.697345e+05 7.211491e+05 7.798025e+05 8.415258e+05 9.676223e+05 1.096408e+06 1.230598e+06 1.371452e+06 1.517405e+06 1.664896e+06 2.631332e+06 2.648014e+06 2.332088e+06 2.006490e+06
6.413035e+05 6.413035e+05 6.413035e+05 6.413035e+05 6.413035e+05 6.413053e+05 6.413108e+05 6.413330e+05 6.413498e+05 6.413692e+05 6.413996e+05 6.413571e+05 6.411432e+05 6.406788e+05 6.399437e+05 6.389905e+05 6.379371e+05 6.371993e+05 6.555905e+05 6.952069e+05 7.491034e+05 8.102144e+05 8.740658e+05 1.002965e+06 1.132560e+06 1.265866e+06 1.404554e+06 1.547474e+06 1.691440e+06 2.629202e+06 2.637268e+06 2.322135e+06 1.997701e+06
6.665836e+05 6.665836e+05 6.665836e+05 6.665836e+05 6.665837e+05 6.665855e+05 6.665909e+05 6.666128e+05 6.666288e+05 6.666469e+05 6.666711e+05 6.666129e+05 6.663662e+05 6.658463e+05 6.650316e+05 6.639782e+05 6.628120e+05 6.616964e+05 6.806104e+05 7.215805e+05 7.771746e+05 8.399382e+05 9.051812e+05 1.035757e+06 1.165498e+06 1.297602e+06 1.434035e+06 1.573972e+06 1.714538e+06 2.625296e+06 2.625467e+06 2.311515e+06 1.988610e+06
6.935207e+05 6.935207e+05 6.935207e+05 6.935207e+05 6.935207e+05 6.935220e+05 6.935260e+05 6.935417e+05 6.935533e+05 6.935661e+05 6.935761e+05 6.934947e+05 6.932089e+05 6.926281e+05 6.917290e+05 6.905702e+05 6.892835e+05 6.876130e+05 7.064962e+05 7.479750e+05 8.043472e+05 8.679226e+05 9.338628e+05 1.065193e+06 1.194653e+06 1.325454e+06 1.459717e+06 1.596854e+06 1.734249e+06 2.619799e+06 2.612711e+06 2.300261e+06 1.979218e+06
7.213841e+05 7.213841e+05 7.213841e+05 7.213841e+05 7.213842e+05 7.213863e+05 7.213928e+05 7.214186e+05 7.214374e+05 7.214585e+05 7.214867e+05 7.214198e+05 7.211357e+05 7.205362e+05 7.195934e+05 7.183651e+05 7.169848e+05 7.146290e+05 7.328289e+05 7.738814e+05 8.300899e+05 8.936717e+05 9.596820e+05 1.091004e+06 1.219904e+06 1.349413e+06 1.481682e+06 1.616272e+06 1.750770e+06 2.612895e+06 2.599101e+06 2.288407e+06 1.969529e+06
7.512862e+05 7.512862e+05 7.512862e+05 7.512862e+05 7.512863e+05 7.512884e+05 7.512949e+05 7.513210e+05 7.513402e+05 7.513622e+05 7.513920e+05 7.513217e+05 7.510208e+05 7.503836e+05 7.493774e+05 7.480580e+05 7.465591e+05 7.432438e+05 7.601122e+05 7.998340e+05 8.549461e+05 9.177163e+05 9.831462e+05 1.113645e+06 1.241661e+06 1.369862e+06 1.500290e+06 1.632568e+06 1.764431e+06 2.604762e+06 2.584732e+06 2.275991e+06 1.959548e+06
7.836025e+05 7.836025e+05 7.836025e+05 7.836025e+05 7.836026e+05 7.836046e+05 7.836110e+05 7.836364e+05 7.836552e+05 7.836765e+05 7.837029e+05 7.836208e+05 7.832909e+05 7.825994e+05 7.815092e+05 7.800741e+05 7.784276e+05 7.739268e+05 7.890196e+05 8.267397e+05 8.799758e+05 9.411743e+05 1.005361e+06 1.134097e+06 1.260753e+06 1.387494e+06 1.516128e+06 1.646248e+06 1.775675e+06 2.595569e+06 2.569692e+06 2.263049e+06 1.949279e+06
8.181520e+05 8.181520e+05 8.181520e+05 8.181521e+05 8.181521e+05 8.181541e+05 8.181601e+05 8.181841e+05 8.182020e+05 8.182220e+05 8.182436e+05 8.181477e+05 8.177854e+05 8.170348e+05 8.158533e+05 8.142928e+05 8.124863e+05 8.066880e+05 8.197776e+05 8.551175e+05 9.059714e+05 9.650322e+05 1.027419e+06 1.153468e+06 1.278173e+06 1.403157e+06 1.529908e+06 1.657910e+06 1.785009e+06 2.585479e+06 2.554066e+06 2.249620e+06 1.938731e+06
8.546877e+05 8.546877e+05 8.546877e+05 8.546877e+05 8.546878e+05 8.546897e+05 8.546957e+05 8.547197e+05 8.547373e+05 8.547567e+05 8.547741e+05 8.546632e+05 8.542650e+05 8.534484e+05 8.521658e+05 8.504672e+05 8.484856e+05 8.412916e+05 8.522551e+05 8.850401e+05 9.332570e+05 9.898502e+05 1.050062e+06 1.172682e+06 1.294848e+06 1.417695e+06 1.542364e+06 1.668178e+06 1.792962e+06 2.574641e+06 2.537934e+06 2.235742e+06 1.927912e+06
8.927910e+05 8.927910e+05 8.927910e+05 8.927910e+05 8.927910e+05 8.927923e+05 8.927960e+05 8.928111e+05 8.928221e+05 8.928336e+05 8.928293e+05 8.926842e+05 8.922302e+05 8.913282e+05 8.899261e+05 8.880725e+05 8.859007e+05 8.772679e+05 8.860998e+05 9.163188e+05 9.618390e+05 1.015837e+06 1.073682e+06 1.192382e+06 1.311517e+06 1.431835e+06 1.554158e+06 1.677633e+06 1.800033e+06 2.563191e+06 2.521366e+06 2.221453e+06 1.916830e+06
9.313173e+05 9.313173e+05 9.313173e+05 9.313173e+05 9.313174e+05 9.313186e+05 9.313224e+05 9.313387e+05 9.313509e+05 9.313639e+05 9.313618e+05 9.312114e+05 9.307343e+05 9.297825e+05 9.282983e+05 9.263279e+05 9.240043e+05 9.141144e+05 9.209682e+05 9.487376e+05 9.916266e+05 1.043031e+06 1.098449e+06 1.212956e+06 1.328697e+06 1.446138e+06 1.565835e+06 1.686772e+06 1.806660e+06 2.551252e+06 2.504430e+06 2.206791e+06 1.905497e+06
9.705660e+05 9.705660e+05 9.705660e+05 9.705660e+05 9.705661e+05 9.705678e+05 9.705730e+05 9.705938e+05 9.706090e+05 9.706254e+05 9.706296e+05 9.704787e+05 9.699848e+05 9.689910e+05 9.674343e+05 9.653585e+05 9.628965e+05 9.518360e+05 9.568170e+05 9.822412e+05 1.022583e+06 1.071441e+06 1.124433e+06 1.234618e+06 1.346715e+06 1.460992e+06 1.577800e+06 1.695986e+06 1.813202e+06 2.538930e+06 2.487184e+06 2.191792e+06 1.893923e+06
1.011074e+06 1.011074e+06 1.011074e+06 1.011074e+06 1.011074e+06 1.011076e+06 1.011081e+06 1.011100e+06 1.011115e+06 1.011130e+06 1.011129e+06 1.010965e+06 1.010439e+06 1.009388e+06 1.007743e+06 1.005546e+06 1.002931e+06 9.906489e+05 9.937555e+05 1.016869e+06 1.054711e+06 1.101063e+06 1.151647e+06 1.257456e+06 1.365746e+06 1.476639e+06 1.590326e+06 1.705552e+06 1.819925e+06 2.526318e+06 2.469683e+06 2.176492e+06 1.882120e+06
1.052664e+06 1.052664e+06 1.052664e+06 1.052664e+06 1.052664e+06 1.052665e+06 1.052670e+06 1.052690e+06 1.052704e+06 1.052719e+06 1.052715e+06 1.052539e+06 1.051983e+06 1.050874e+06 1.049140e+06 1.046821e+06 1.044051e+06 1.030535e+06 1.031766e+06 1.052590e+06 1.087965e+06 1.131846e+06 1.180045e+06 1.281463e+06 1.385846e+06 1.493190e+06 1.603568e+06 1.715648e+06 1.827010e+06 2.513493e+06 2.451975e+06 2.160924e+06 1.870101e+06
1.095170e+06 1.095170e+06 1.095170e+06 1.095170e+06 1.095170e+06 1.095171e+06 1.095175e+06 1.095190e+06 1.095202e+06 1.095213e+06 1.095199e+06 1.095002e+06 1.094407e+06 1.093234e+06 1.091406e+06 1.088961e+06 1.086032e+06 1.071290e+06 1.070678e+06 1.089256e+06 1.122214e+06 1.163666e+06 1.209512e+06 1.306555e+06 1.406977e+06 1.510660e+06 1.617580e+06 1.726357e+06 1.834559e+06 2.500515e+06 2.434101e+06 2.145121e+06 1.857878e+06
1.138087e+06 1.138087e+06 1.138087e+06 1.138087e+06 1.138087e+06 1.138088e+06 1.138092e+06 1.138107e+06 1.138118e+06 1.138129e+06 1.138112e+06 1.137904e+06 1.137281e+06 1.136055e+06 1.134145e+06 1.131586e+06 1.128514e+06 1.112619e+06 1.110243e+06 1.126652e+06 1.157259e+06 1.196339e+06 1.239873e+06 1.332586e+06 1.429029e+06 1.528981e+06 1.632339e+06 1.737688e+06 1.842604e+06 2.487432e+06 2.416097e+06 2.129114e+06 1.845465e+06
1.181283e+06 1.181283e+06 1.181283e+06 1.181283e+06 1.181283e+06 1.181284e+06 1.181287e+06 1.181301e+06 1.181311e+06 1.181321e+06 1.181299e+06 1.181079e+06 1.180427e+06 1.179150e+06 1.177161e+06 1.174495e+06 1.171287e+06 1.154300e+06 1.150234e+06 1.164548e+06 1.192872e+06 1.229638e+06 1.270910e+06 1.359355e+06 1.451836e+06 1.548029e+06 1.647758e+06 1.749591e+06 1.851123e+06 2.474279e+06 2.397997e+06 2.112932e+06 1.832876e+06
1.224606e+06 1.224606e+06 1.224606e+06 1.224606e+06 1.224606e+06 1.224607e+06 1.224611e+06 1.224625e+06 1.224634e+06 1.224643e+06 1.224617e+06 1.224384e+06 1.223704e+06 1.222376e+06 1.220308e+06 1.217537e+06 1.214194e+06 1.196137e+06 1.190423e+06 1.202694e+06 1.228792e+06 1.263300e+06 1.302364e+06 1.386626e+06 1.475194e+06 1.567634e+06 1.663708e+06 1.761971e+06 1.860049e+06 2.461079e+06 2.379826e+06 2.096601e+06 1.820123e+06
1.267798e+06 1.267798e+06 1.267798e+06 1.267798e+06 1.267798e+06 1.267799e+06 1.267801e+06 1.267810e+06 1.267816e+06 1.267821e+06 1.267784e+06 1.267532e+06 1.266819e+06 1.265435e+06 1.263287e+06 1.260408e+06 1.256931e+06 1.237819e+06 1.230489e+06 1.240768e+06 1.264703e+06 1.297020e+06 1.333941e+06 1.414137e+06 1.498873e+06 1.587605e+06 1.680028e+06 1.774700e+06 1.869286e+06 2.447843e+06 2.361609e+06 2.080148e+06 1.807221e+06
1.310357e+06 1.310357e+06 1.310357e+06 1.310357e+06 1.310357e+06 1.310358e+06 1.310360e+06 1.310368e+06 1.310372e+06 1.310375e+06 1.310329e+06 1.310059e+06 1.309311e+06 1.307871e+06 1.305642e+06 1.302656e+06 1.299044e+06 1.278896e+06 1.270003e+06 1.278371e+06 1.300235e+06 1.330457e+06 1.365328e+06 1.441616e+06 1.522637e+06 1.607733e+06 1.696544e+06 1.787633e+06 1.878715e+06 2.434577e+06 2.343363e+06 2.063595e+06 1.794184e+06
1.351670e+06 1.351670e+06 1.351670e+06 1.351670e+06 1.351670e+06 1.351670e+06 1.351669e+06 1.351668e+06 1.351667e+06 1.351663e+06 1.351600e+06 1.351303e+06 1.350515e+06 1.349016e+06 1.346706e+06 1.343616e+06 1.339879e+06 1.318783e+06 1.308468e+06 1.315079e+06 1.335023e+06 1.363289e+06 1.396229e+06 1.468807e+06 1.546256e+06 1.627816e+06 1.713076e+06 1.800616e+06 1.888206e+06 2.421276e+06 2.325105e+06 2.046965e+06 1.781025e+06
1.390814e+06 1.390814e+06 1.390814e+06 1.390814e+06 1.390814e+06 1.390814e+06 1.390814e+06 1.390814e+06 1.390813e+06 1.390809e+06 1.390748e+06 1.390449e+06 1.389650e+06 1.388127e+06 1.385776e+06 1.382626e+06 1.378810e+06 1.357017e+06 1.345521e+06 1.350589e+06 1.368797e+06 1.395263e+06 1.426409e+06 1.495488e+06 1.569522e+06 1.647660e+06 1.729450e+06 1.813493e+06 1.897624e+06 2.407931e+06 2.306848e+06 2.030277e+06 1.767758e+06
1.428159e+06 1.428159e+06 1.428159e+06 1.428159e+06 1.428159e+06 1.428159e+06 1.428160e+06 1.428163e+06 1.428165e+06 1.428164e+06 1.428108e+06 1.427813e+06 1.427010e+06 1.425472e+06 1.423092e+06 1.419897e+06 1.416020e+06 1.393657e+06 1.381133e+06 1.384813e+06 1.401434e+06 1.426234e+06 1.455704e+06 1.521484e+06 1.592256e+06 1.667088e+06 1.745497e+06 1.826112e+06 1.906835e+06 2.394530e+06 2.288602e+06 2.013550e+06 1.754396e+06
1.464224e+06 1.464224e+06 1.464224e+06 1.464224e+06 1.464224e+06 1.464224e+06 1.464225e+06 1.464228e+06 1.464229e+06 1.464227e+06 1.464168e+06 1.463866e+06 1.463047e+06 1.461481e+06 1.459061e+06 1.455811e+06 1.451865e+06 1.428917e+06 1.415403e+06 1.417769e+06 1.432891e+06 1.456119e+06 1.484005e+06 1.546651e+06 1.614300e+06 1.685942e+06 1.761064e+06 1.838329e+06 1.915708e+06 2.381054e+06 2.270376e+06 1.996801e+06 1.740951e+06
1.498864e+06 1.498864e+06 1.498864e+06 1.498864e+06 1.498864e+06 1.498864e+06 1.498864e+06 1.498864e+06 1.498863e+06 1.498858e+06 1.498792e+06 1.498478e+06 1.497641e+06 1.496046e+06 1.493585e+06 1.490281e+06 1.486267e+06 1.462762e+06 1.448303e+06 1.449415e+06 1.463109e+06 1.484839e+06 1.511215e+06 1.570866e+06 1.635514e+06 1.704075e+06 1.776008e+06 1.850009e+06 1.924119e+06 2.367488e+06 2.252175e+06 1.980045e+06 1.727438e+06
1.531774e+06 1.531774e+06 1.531774e+06 1.531774e+06 1.531774e+06 1.531774e+06 1.531774e+06 1.531773e+06 1.531772e+06 1.531768e+06 1.531700e+06 1.531382e+06 1.530534e+06 1.528921e+06 1.526430e+06 1.523087e+06 1.519020e+06 1.495038e+06 1.479719e+06 1.479658e+06 1.491999e+06 1.512302e+06 1.537234e+06 1.594010e+06 1.655769e+06 1.721353e+06 1.790196e+06 1.861025e+06 1.931953e+06 2.353811e+06 2.234004e+06 1.963295e+06 1.713867e+06
1.562977e+06 1.562977e+06 1.562977e+06 1.562977e+06 1.562977e+06 1.562976e+06 1.562976e+06 1.562974e+06 1.562973e+06 1.562967e+06 1.562897e+06 1.562574e+06 1.561717e+06 1.560087e+06 1.557570e+06 1.554191e+06 1.550078e+06 1.525675e+06 1.509567e+06 1.508406e+06 1.519465e+06 1.538407e+06 1.561955e+06 1.615969e+06 1.674943e+06 1.737652e+06 1.803505e+06 1.871261e+06 1.939102e+06 2.340005e+06 2.215869e+06 1.946564e+06 1.700250e+06
1.592450e+06 1.592450e+06 1.592450e+06 1.592450e+06 1.592450e+06 1.592450e+06 1.592450e+06 1.592448e+06 1.592446e+06 1.592440e+06 1.592369e+06 1.592043e+06 1.591177e+06 1.589532e+06 1.586993e+06 1.583581e+06 1.579426e+06 1.554630e+06 1.537778e+06 1.535574e+06 1.545411e+06 1.563049e+06 1.585271e+06 1.636628e+06 1.692917e+06 1.752853e+06 1.815822e+06 1.880611e+06 1.945468e+06 2.326053e+06 2.197770e+06 1.929864e+06 1.686600e+06
1.620179e+06 1.620179e+06 1.620179e+06 1.620179e+06 1.620179e+06 1.620178e+06 1.620177e+06 1.620172e+06 1.620168e+06 1.620160e+06 1.620081e+06 1.619745e+06 1.618865e+06 1.617200e+06 1.614633e+06 1.611187e+06 1.606989e+06 1.581815e+06 1.564257e+06 1.561062e+06 1.569731e+06 1.586122e+06 1.607070e+06 1.655872e+06 1.709579e+06 1.766849e+06 1.827044e+06 1.888981e+06 1.950967e+06 2.311938e+06 2.179711e+06 1.913205e+06 1.672926e+06
1.645862e+06 1.645862e+06 1.645862e+06 1.645862e+06 1.645862e+06 1.645861e+06 1.645860e+06 1.645855e+06 1.645851e+06 1.645842e+06 1.645763e+06 1.645424e+06 1.644538e+06 1.642862e+06 1.640278e+06 1.636808e+06 1.632577e+06 1.607083e+06 1.588880e+06 1.584752e+06 1.592312e+06 1.607512e+06 1.627240e+06 1.673590e+06 1.724822e+06 1.779539e+06 1.837080e+06 1.896285e+06 1.955521e+06 2.297647e+06 2.161694e+06 1.896596e+06 1.659240e+06
1.669508e+06 1.669508e+06 1.669508e+06 1.669508e+06 1.669508e+06 1.669508e+06 1.669506e+06 1.669500e+06 1.669494e+06 1.669484e+06 1.669401e+06 1.669057e+06 1.668163e+06 1.666474e+06 1.663874e+06 1.660381e+06 1.656122e+06 1.630343e+06 1.611546e+06 1.606542e+06 1.613048e+06 1.627109e+06 1.645670e+06 1.689679e+06 1.738551e+06 1.790837e+06 1.845851e+06 1.902457e+06 1.959072e+06 2.283167e+06 2.143720e+06 1.880046e+06 1.645551e+06
1.691008e+06 1.691008e+06 1.691008e+06 1.691008e+06 1.691008e+06 1.691008e+06 1.691006e+06 1.690999e+06 1.690994e+06 1.690983e+06 1.690900e+06 1.690553e+06 1.689655e+06 1.687959e+06 1.685347e+06 1.681837e+06 1.677555e+06 1.651525e+06 1.632173e+06 1.626336e+06 1.631836e+06 1.644812e+06 1.662261e+06 1.704046e+06 1.750684e+06 1.800672e+06 1.853298e+06 1.907441e+06 1.961571e+06 2.268490e+06 2.125790e+06 1.863561e+06 1.631868e+06
1.710382e+06 1.710382e+06 1.710382e+06 1.710382e+06 1.710382e+06 1.710381e+06 1.710379e+06 1.710369e+06 1.710362e+06 1.710350e+06 1.710261e+06 1.709908e+06 1.709000e+06 1.707292e+06 1.704665e+06 1.701135e+06 1.696828e+06 1.670549e+06 1.650664e+06 1.644030e+06 1.648575e+06 1.660522e+06 1.676922e+06 1.716616e+06 1.761161e+06 1.808995e+06 1.859377e+06 1.911203e+06 1.962987e+06 2.253610e+06 2.107906e+06 1.847150e+06 1.618201e+06
1.727386e+06 1.727386e+06 1.727386e+06 1.727386e+06 1.727386e+06 1.727385e+06 1.727383e+06 1.727372e+06 1.727364e+06 1.727350e+06 1.727258e+06 1.726899e+06 1.725984e+06 1.724266e+06 1.721625e+06 1.718079e+06 1.713751e+06 1.687253e+06 1.666880e+06 1.659511e+06 1.663167e+06 1.674159e+06 1.689587e+06 1.727346e+06 1.769950e+06 1.815782e+06 1.864070e+06 1.913725e+06 1.963307e+06 2.238524e+06 2.090070e+06 1.830817e+06 1.604558e+06
1.741832e+06 1.741832e+06 1.741832e+06 1.741832e+06 1.741832e+06 1.741831e+06 1.741828e+06 1.741817e+06 1.741809e+06 1.741795e+06 1.741702e+06 1.741342e+06 1.740425e+06 1.738704e+06 1.736059e+06 1.732505e+06 1.728166e+06 1.701507e+06 1.680721e+06 1.672701e+06 1.675561e+06 1.685689e+06 1.700234e+06 1.736227e+06 1.777052e+06 1.821036e+06 1.867381e+06 1.915012e+06 1.962531e+06 2.223232e+06 2.072283e+06 1.814569e+06 1.590946e+06
