1.243907e+02 1.171732e+01 4.312911e+00 5.188360e-01 2.919437e-01 1.869384e-01 1.947270e-01 2.635649e-01 3.146042e-01 3.795338e-01 5.662790e-01 8.599968e-01 1.308770e+00 1.976275e+00 2.944879e+00 4.319964e+00 6.234455e+00 2.991619e+01 8.003410e+01 1.204414e+02 1.396784e+02 1.533534e+02 1.700387e+02 2.236409e+02 3.123040e+02 4.420829e+02 6.165345e+02 8.368906e+02 1.102439e+03 5.630146e+03 1.172388e+04 1.748130e+04 2.199583e+04
1.827136e-01 1.828528e-01 1.828575e-01 1.829891e-01 1.833527e-01 1.926541e-01 2.172579e-01 2.927014e-01 3.480761e-01 4.184435e-01 6.202589e-01 9.355452e-01 1.413792e+00 2.120481e+00 3.139658e+00 4.577623e+00 6.566907e+00 3.068412e+01 8.089207e+01 1.210563e+02 1.401650e+02 1.538738e+02 1.706923e+02 2.247375e+02 3.140102e+02 4.445267e+02 6.198111e+02 8.410619e+02 1.107535e+03 5.642798e+03 1.173969e+04 1.749704e+04 2.200961e+04
2.498073e-01 2.500746e-01 2.500798e-01 2.501556e-01 2.503809e-01 2.561624e-01 2.749811e-01 3.512136e-01 4.073895e-01 4.823834e-01 7.020570e-01 1.043684e+00 1.557547e+00 2.310985e+00 3.389730e+00 4.900810e+00 6.975966e+00 3.157419e+01 8.185576e+01 1.217317e+02 1.406895e+02 1.544271e+02 1.713812e+02 2.258814e+02 3.157780e+02 4.470463e+02 6.231764e+02 8.453330e+02 1.112740e+03 5.655576e+03 1.175560e+04 1.751286e+04 2.202343e+04
3.353914e-01 3.360356e-01 3.360975e-01 3.361677e-01 3.363737e-01 3.423319e-01 3.592205e-01 4.398677e-01 5.036000e-01 5.850481e-01 8.216088e-01 1.192978e+00 1.748815e+00 2.557258e+00 3.705474e+00 5.300901e+00 7.473989e+00 3.260081e+01 8.293474e+01 1.224716e+02 1.412538e+02 1.550148e+02 1.721069e+02 2.270741e+02 3.176089e+02 4.496432e+02 6.266321e+02 8.497057e+02 1.118057e+03 5.668481e+03 1.177161e+04 1.752874e+04 2.203730e+04
4.488521e-01 4.488557e-01 4.488580e-01 4.489289e-01 4.491464e-01 4.554297e-01 4.738365e-01 5.585817e-01 6.328745e-01 7.287660e-01 9.952152e-01 1.398538e+00 1.999600e+00 2.870829e+00 4.098854e+00 5.790636e+00 8.074575e+00 3.377914e+01 8.413871e+01 1.232802e+02 1.418597e+02 1.556381e+02 1.728706e+02 2.283171e+02 3.195049e+02 4.523193e+02 6.301800e+02 8.541819e+02 1.123486e+03 5.681514e+03 1.178771e+04 1.754469e+04 2.205121e+04
5.930247e-01 5.928876e-01 5.928907e-01 5.929769e-01 5.932487e-01 6.017128e-01 6.253295e-01 7.230686e-01 8.074106e-01 9.186460e-01 1.226318e+00 1.676386e+00 2.330379e+00 3.268603e+00 4.585444e+00 6.385495e+00 8.793537e+00 3.512522e+01 8.547744e+01 1.241613e+02 1.425090e+02 1.562983e+02 1.736736e+02 2.296119e+02 3.214673e+02 4.550764e+02 6.338218e+02 8.587634e+02 1.129029e+03 5.694675e+03 1.180392e+04 1.756072e+04 2.206517e+04
7.968450e-01 7.968606e-01 7.968623e-01 7.969402e-01 7.971817e-01 8.047549e-01 8.310371e-01 9.501463e-01 1.046234e+00 1.171601e+00 1.521789e+00 2.030973e+00 2.755659e+00 3.776101e+00 5.188790e+00 7.106234e+00 9.650664e+00 3.665632e+01 8.696082e+01 1.251187e+02 1.432034e+02 1.569966e+02 1.745172e+02 2.309601e+02 3.234981e+02 4.579163e+02 6.375595e+02 8.634518e+02 1.134689e+03 5.707965e+03 1.182023e+04 1.757681e+04 2.207917e+04
1.045508e+00 1.045719e+00 1.045723e+00 1.045818e+00 1.046256e+00 1.066898e+00 1.113905e+00 1.260496e+00 1.367626e+00 1.505487e+00 1.895485e+00 2.470471e+00 3.282409e+00 4.406540e+00 5.937283e+00 7.984153e+00 1.067275e+01 3.839157e+01 8.859896e+01 1.261559e+02 1.439443e+02 1.577343e+02 1.754025e+02 2.323631e+02 3.255989e+02 4.608407e+02 6.413948e+02 8.682490e+02 1.140467e+03 5.721385e+03 1.183663e+04 1.759297e+04 2.209321e+04
1.480347e+00 1.480186e+00 1.480186e+00 1.480288e+00 1.480599e+00 1.489595e+00 1.521620e+00 1.666969e+00 1.782524e+00 1.932929e+00 2.363976e+00 3.009454e+00 3.922101e+00 5.170895e+00 6.844413e+00 9.047378e+00 1.189837e+01 4.035279e+01 9.040238e+01 1.272765e+02 1.447333e+02 1.585125e+02 1.763309e+02 2.338224e+02 3.277713e+02 4.638514e+02 6.453296e+02 8.731569e+02 1.146364e+03 5.734936e+03 1.185314e+04 1.760920e+04 2.210730e+04
1.950782e+00 1.950026e+00 1.950020e+00 1.950164e+00 1.950600e+00 1.963874e+00 2.003154e+00 2.165163e+00 2.295454e+00 2.464348e+00 2.945524e+00 3.668454e+00 4.692823e+00 6.084757e+00 7.925259e+00 1.031108e+01 1.335250e+01 4.256570e+01 9.238226e+01 1.284840e+02 1.455717e+02 1.593323e+02 1.773036e+02 2.353397e+02 3.300171e+02 4.669504e+02 6.493657e+02 8.781772e+02 1.152383e+03 5.748619e+03 1.186975e+04 1.762550e+04 2.212143e+04
2.514302e+00 2.514534e+00 2.514538e+00 2.514672e+00 2.515085e+00 2.527743e+00 2.571169e+00 2.769220e+00 2.923525e+00 3.118582e+00 3.662411e+00 4.472826e+00 5.619564e+00 7.170128e+00 9.199265e+00 1.179368e+01 1.505246e+01 4.506170e+01 9.455076e+01 1.297819e+02 1.464609e+02 1.601948e+02 1.783217e+02 2.369163e+02 3.323381e+02 4.701393e+02 6.535050e+02 8.833117e+02 1.158525e+03 5.762433e+03 1.188646e+04 1.764187e+04 2.213561e+04
2.290650e+01 2.290651e+01 2.290652e+01 2.290695e+01 2.290829e+01 2.295657e+01 2.312921e+01 2.385132e+01 2.439979e+01 2.507713e+01 2.683806e+01 2.919152e+01 3.221880e+01 3.599748e+01 4.057103e+01 4.593682e+01 5.205265e+01 9.104454e+01 1.298695e+02 1.488682e+02 1.585544e+02 1.714688e+02 1.913140e+02 2.563115e+02 3.600774e+02 5.073921e+02 7.009864e+02 9.413455e+02 1.227103e+03 5.908012e+03 1.205916e+04 1.780940e+04 2.227976e+04
1.042743e+02 1.042744e+02 1.042745e+02 1.042783e+02 1.042902e+02 1.046291e+02 1.054948e+02 1.082907e+02 1.101579e+02 1.123145e+02 1.173774e+02 1.231637e+02 1.293252e+02 1.355786e+02 1.417376e+02 1.477044e+02 1.534407e+02 1.775321e+02 1.848370e+02 1.783569e+02 1.783229e+02 1.895723e+02 2.111020e+02 2.837429e+02 3.974670e+02 5.557997e+02 7.609085e+02 1.012856e+03 1.309943e+03 6.067592e+03 1.224226e+04 1.798399e+04 2.242829e+04
3.057401e+02 3.057401e+02 3.057401e+02 3.057385e+02 3.057335e+02 3.055961e+02 3.051874e+02 3.033950e+02 3.020330e+02 3.004421e+02 2.968409e+02 2.930149e+02 2.892128e+02 2.855620e+02 2.821174e+02 2.788894e+02 2.758546e+02 2.600468e+02 2.316456e+02 2.058816e+02 2.022019e+02 2.156957e+02 2.410995e+02 3.227178e+02 4.472264e+02 6.177456e+02 8.354421e+02 1.099837e+03 1.408874e+03 6.241818e+03 1.243600e+04 1.816569e+04 2.258118e+04
2.995448e+02 2.995448e+02 2.995448e+02 2.995447e+02 2.995443e+02 2.995300e+02 2.994900e+02 2.993691e+02 2.992942e+02 2.992086e+02 2.989946e+02 2.986947e+02 2.982670e+02 2.976730e+02 2.968853e+02 2.958835e+02 2.946411e+02 2.819087e+02 2.514421e+02 2.270566e+02 2.287401e+02 2.490805e+02 2.816210e+02 3.769336e+02 5.139426e+02 6.966822e+02 9.273444e+02 1.204614e+03 1.525905e+03 6.431266e+03 1.264058e+04 1.835455e+04 2.273839e+04
2.822689e+02 2.822689e+02 2.822689e+02 2.822690e+02 2.822693e+02 2.822792e+02 2.823007e+02 2.823115e+02 2.822904e+02 2.822530e+02 2.821387e+02 2.819812e+02 2.817853e+02 2.815500e+02 2.812688e+02 2.809271e+02 2.804955e+02 2.743362e+02 2.570338e+02 2.485081e+02 2.625628e+02 2.928944e+02 3.346795e+02 4.476503e+02 6.007857e+02 7.976931e+02 1.040728e+03 1.330232e+03 1.663456e+03 6.636441e+03 1.285615e+04 1.855059e+04 2.289989e+04
2.646680e+02 2.646680e+02 2.646680e+02 2.646679e+02 2.646676e+02 2.646577e+02 2.646313e+02 2.645822e+02 2.645682e+02 2.645590e+02 2.645475e+02 2.645406e+02 2.645383e+02 2.645416e+02 2.645492e+02 2.645561e+02 2.645510e+02 2.635703e+02 2.635152e+02 2.782794e+02 3.096103e+02 3.523017e+02 4.045429e+02 5.372375e+02 7.091740e+02 9.229244e+02 1.180267e+03 1.481301e+03 1.824784e+03 6.857787e+03 1.308285e+04 1.875381e+04 2.306561e+04
2.527926e+02 2.527926e+02 2.527926e+02 2.527926e+02 2.527927e+02 2.527953e+02 2.528029e+02 2.528399e+02 2.528791e+02 2.529366e+02 2.531055e+02 2.533328e+02 2.536021e+02 2.539021e+02 2.542277e+02 2.545790e+02 2.549637e+02 2.590351e+02 2.790531e+02 3.226525e+02 3.754518e+02 4.327167e+02 4.963574e+02 6.493674e+02 8.411974e+02 1.073618e+03 1.347127e+03 1.661283e+03 2.014657e+03 7.095706e+03 1.332076e+04 1.896418e+04 2.323550e+04
2.534144e+02 2.534144e+02 2.534144e+02 2.534143e+02 2.534139e+02 2.534103e+02 2.534222e+02 2.535116e+02 2.535841e+02 2.536703e+02 2.538751e+02 2.541184e+02 2.544049e+02 2.547434e+02 2.551455e+02 2.556283e+02 2.562253e+02 2.653867e+02 3.090394e+02 3.872527e+02 4.655360e+02 5.393998e+02 6.152184e+02 7.883535e+02 9.997022e+02 1.251341e+03 1.542177e+03 1.870620e+03 2.234914e+03 7.350586e+03 1.356994e+04 1.918168e+04 2.340947e+04
2.627587e+02 2.627587e+02 2.627587e+02 2.627592e+02 2.627609e+02 2.628130e+02 2.629711e+02 2.634758e+02 2.637617e+02 2.640526e+02 2.646493e+02 2.652903e+02 2.660031e+02 2.668030e+02 2.677001e+02 2.687143e+02 2.698984e+02 2.861980e+02 3.585249e+02 4.776440e+02 5.850814e+02 6.771356e+02 7.656500e+02 9.583764e+02 1.188009e+03 1.458132e+03 1.766405e+03 2.109700e+03 2.485479e+03 7.622839e+03 1.383041e+04 1.940622e+04 2.358743e+04
2.992451e+02 2.992451e+02 2.992451e+02 2.992451e+02 2.992452e+02 2.992468e+02 2.992507e+02 2.992665e+02 2.992936e+02 2.993457e+02 2.995483e+02 2.999033e+02 3.004202e+02 3.011027e+02 3.019594e+02 3.030213e+02 3.043734e+02 3.274376e+02 4.329560e+02 5.987773e+02 7.383438e+02 8.497104e+02 9.512477e+02 1.163042e+03 1.409466e+03 1.696436e+03 2.021098e+03 2.378902e+03 2.766206e+03 7.912954e+03 1.410219e+04 1.963773e+04 2.376927e+04
3.505149e+02 3.505149e+02 3.505149e+02 3.505147e+02 3.505140e+02 3.504933e+02 3.504310e+02 3.503099e+02 3.503347e+02 3.504470e+02 3.509413e+02 3.517526e+02 3.528219e+02 3.541108e+02 3.556107e+02 3.573588e+02 3.594770e+02 3.924731e+02 5.365860e+02 7.541095e+02 9.281562e+02 1.059761e+03 1.174685e+03 1.405323e+03 1.667147e+03 1.968842e+03 2.307852e+03 2.678761e+03 3.076854e+03 8.221561e+03 1.438526e+04 1.987611e+04 2.395487e+04
4.305038e+02 4.305038e+02 4.305038e+02 4.305049e+02 4.305083e+02 4.306154e+02 4.309184e+02 4.318593e+02 4.324285e+02 4.330350e+02 4.343279e+02 4.357329e+02 4.372901e+02 4.390431e+02 4.410369e+02 4.433497e+02 4.461549e+02 4.895150e+02 6.744377e+02 9.463733e+02 1.156573e+03 1.309321e+03 1.438142e+03 1.687748e+03 1.963747e+03 2.277801e+03 2.628382e+03 3.009990e+03 3.417213e+03 8.549528e+03 1.467963e+04 2.012123e+04 2.414410e+04
5.541862e+02 5.541862e+02 5.541863e+02 5.541876e+02 5.541916e+02 5.543193e+02 5.547089e+02 5.560239e+02 5.568154e+02 5.576384e+02 5.593255e+02 5.610907e+02 5.630123e+02 5.651617e+02 5.675986e+02 5.704157e+02 5.738199e+02 6.264887e+02 8.512529e+02 1.178227e+03 1.425677e+03 1.600451e+03 1.743777e+03 2.012615e+03 2.301555e+03 2.625385e+03 2.984238e+03 3.373326e+03 3.787132e+03 8.898146e+03 1.498530e+04 2.037298e+04 2.433682e+04
7.312986e+02 7.312986e+02 7.312987e+02 7.313003e+02 7.313050e+02 7.313880e+02 7.315770e+02 7.322222e+02 7.326710e+02 7.331985e+02 7.344783e+02 7.360461e+02 7.378894e+02 7.399990e+02 7.423886e+02 7.451439e+02 7.485089e+02 8.069251e+02 1.069435e+03 1.451769e+03 1.737630e+03 1.935463e+03 2.093959e+03 2.382084e+03 2.682383e+03 3.013077e+03 3.376507e+03 3.769290e+03 4.186425e+03 9.269661e+03 1.530231e+04 2.063120e+04 2.453287e+04
9.547809e+02 9.547809e+02 9.547808e+02 9.547795e+02 9.547753e+02 9.546443e+02 9.543188e+02 9.535005e+02 9.530800e+02 9.526891e+02 9.521000e+02 9.518906e+02 9.521391e+02 9.528724e+02 9.541129e+02 9.559509e+02 9.586562e+02 1.022557e+03 1.325928e+03 1.767555e+03 2.094648e+03 2.317113e+03 2.491383e+03 2.798063e+03 3.107367e+03 3.441536e+03 3.805551e+03 4.197926e+03 4.614692e+03 9.664537e+03 1.563073e+04 2.089575e+04 2.473209e+04
1.169232e+03 1.169232e+03 1.169232e+03 1.169232e+03 1.169232e+03 1.169226e+03 1.169251e+03 1.169712e+03 1.170206e+03 1.170872e+03 1.172648e+03 1.174871e+03 1.177411e+03 1.180211e+03 1.183299e+03 1.186820e+03 1.191139e+03 1.269144e+03 1.620887e+03 2.128460e+03 2.500606e+03 2.749032e+03 2.938903e+03 3.261734e+03 3.576586e+03 3.910336e+03 4.270790e+03 4.658595e+03 5.071154e+03 1.008086e+04 1.597069e+04 2.116647e+04 2.493432e+04
1.437985e+03 1.437985e+03 1.437985e+03 1.437987e+03 1.437993e+03 1.438157e+03 1.438561e+03 1.439858e+03 1.440740e+03 1.441772e+03 1.444266e+03 1.447294e+03 1.450818e+03 1.454814e+03 1.459287e+03 1.464348e+03 1.470346e+03 1.563275e+03 1.965107e+03 2.542168e+03 2.960933e+03 3.234614e+03 3.438245e+03 3.772658e+03 4.088609e+03 4.417749e+03 4.770574e+03 5.149855e+03 5.554522e+03 1.051704e+04 1.632240e+04 2.144322e+04 2.513937e+04
1.809351e+03 1.809351e+03 1.809351e+03 1.809352e+03 1.809355e+03 1.809444e+03 1.809696e+03 1.810529e+03 1.811086e+03 1.811734e+03 1.813304e+03 1.815222e+03 1.817456e+03 1.819985e+03 1.822835e+03 1.826168e+03 1.830421e+03 1.922445e+03 2.367615e+03 3.013818e+03 3.477647e+03 3.773612e+03 3.987748e+03 4.327899e+03 4.640191e+03 4.960675e+03 5.302185e+03 5.669455e+03 6.062964e+03 1.097152e+04 1.668618e+04 2.172585e+04 2.534706e+04
2.222399e+03 2.222399e+03 2.222399e+03 2.222398e+03 2.222393e+03 2.222254e+03 2.221820e+03 2.220193e+03 2.219149e+03 2.218064e+03 2.216025e+03 2.214419e+03 2.213398e+03 2.213016e+03 2.213318e+03 2.214467e+03 2.216934e+03 2.313364e+03 2.814253e+03 3.536512e+03 4.044656e+03 4.359885e+03 4.581402e+03 4.922004e+03 5.226448e+03 5.534814e+03 5.861975e+03 6.214433e+03 6.594144e+03 1.144278e+04 1.706252e+04 2.201421e+04 2.555720e+04
2.570534e+03 2.570534e+03 2.570534e+03 2.570534e+03 2.570535e+03 2.570555e+03 2.570626e+03 2.571155e+03 2.571712e+03 2.572482e+03 2.574615e+03 2.577377e+03 2.580582e+03 2.584120e+03 2.588008e+03 2.592480e+03 2.598160e+03 2.720638e+03 3.295199e+03 4.100095e+03 4.651848e+03 4.984173e+03 5.210911e+03 5.548109e+03 5.841454e+03 6.135035e+03 6.445624e+03 6.781290e+03 7.145339e+03 1.192933e+04 1.745212e+04 2.230818e+04 2.576961e+04
3.003070e+03 3.003070e+03 3.003070e+03 3.003068e+03 3.003064e+03 3.002915e+03 3.002467e+03 3.001241e+03 3.000766e+03 3.000508e+03 3.000833e+03 3.002436e+03 3.005370e+03 3.009601e+03 3.015104e+03 3.022014e+03 3.030874e+03 3.183429e+03 3.827543e+03 4.704778e+03 5.293448e+03 5.639307e+03 5.868958e+03 6.199304e+03 6.478904e+03 6.755779e+03 7.048425e+03 7.366218e+03 7.713597e+03 1.242980e+04 1.785627e+04 2.260765e+04 2.598409e+04
3.548948e+03 3.548948e+03 3.548948e+03 3.548949e+03 3.548951e+03 3.549015e+03 3.549222e+03 3.550325e+03 3.551393e+03 3.552863e+03 3.557001e+03 3.562550e+03 3.569210e+03 3.576718e+03 3.584944e+03 3.594030e+03 3.604610e+03 3.766496e+03 4.442486e+03 5.359708e+03 5.969423e+03 6.321545e+03 6.550113e+03 6.869065e+03 7.132437e+03 7.391355e+03 7.665566e+03 7.965336e+03 8.295929e+03 1.294296e+04 1.827575e+04 2.291256e+04 2.620046e+04
4.328035e+03 4.328035e+03 4.328035e+03 4.328033e+03 4.328026e+03 4.327806e+03 4.327120e+03 4.324557e+03 4.322894e+03 4.321134e+03 4.317693e+03 4.314787e+03 4.312746e+03 4.311764e+03 4.312015e+03 4.313815e+03 4.317884e+03 4.459873e+03 5.138039e+03 6.065448e+03 6.678083e+03 7.026771e+03 7.248707e+03 7.550658e+03 7.795632e+03 8.036155e+03 8.292390e+03 8.574936e+03 8.889510e+03 1.346777e+04 1.870904e+04 2.322283e+04 2.641853e+04
4.981490e+03 4.981490e+03 4.981490e+03 4.981490e+03 4.981490e+03 4.981542e+03 4.981875e+03 4.983610e+03 4.985017e+03 4.986779e+03 4.991327e+03 4.997115e+03 5.003953e+03 5.011661e+03 5.020151e+03 5.029585e+03 5.040608e+03 5.207506e+03 5.893847e+03 6.812958e+03 7.411804e+03 7.747064e+03 7.956675e+03 8.236596e+03 8.462089e+03 8.684916e+03 8.924683e+03 9.191741e+03 9.491884e+03 1.400341e+04 1.915489e+04 2.353848e+04 2.663812e+04
5.863529e+03 5.863529e+03 5.863529e+03 5.863531e+03 5.863534e+03 5.863646e+03 5.863995e+03 5.865369e+03 5.866365e+03 5.867545e+03 5.870409e+03 5.873912e+03 5.878062e+03 5.882903e+03 5.888544e+03 5.895278e+03 5.903818e+03 6.058967e+03 6.717310e+03 7.593873e+03 8.159034e+03 8.471234e+03 8.663968e+03 8.919174e+03 9.125947e+03 9.333156e+03 9.559019e+03 9.813166e+03 1.010116e+04 1.454925e+04 1.961214e+04 2.385955e+04 2.685905e+04
6.816435e+03 6.816435e+03 6.816435e+03 6.816436e+03 6.816439e+03 6.816548e+03 6.816886e+03 6.818222e+03 6.819187e+03 6.820315e+03 6.822972e+03 6.826056e+03 6.829517e+03 6.833376e+03 6.837756e+03 6.842981e+03 6.849782e+03 6.988567e+03 7.592687e+03 8.393777e+03 8.906644e+03 9.188068e+03 9.361267e+03 9.592027e+03 9.782774e+03 9.977714e+03 1.019310e+04 1.043755e+04 1.071618e+04 1.510486e+04 2.007967e+04 2.418617e+04 2.708117e+04
7.801181e+03 7.801181e+03 7.801181e+03 7.801180e+03 7.801178e+03 7.801112e+03 7.800917e+03 7.800456e+03 7.800362e+03 7.800427e+03 7.801145e+03 7.802764e+03 7.805366e+03 7.808994e+03 7.813709e+03 7.819718e+03 7.827577e+03 7.962792e+03 8.501674e+03 9.201137e+03 9.645991e+03 9.890763e+03 1.004317e+04 1.025174e+04 1.043040e+04 1.061720e+04 1.082603e+04 1.106432e+04 1.133661e+04 1.566997e+04 2.055638e+04 2.451858e+04 2.730431e+04
8.820175e+03 8.820175e+03 8.820175e+03 8.820178e+03 8.820186e+03 8.820380e+03 8.820918e+03 8.822965e+03 8.824472e+03 8.826296e+03 8.830880e+03 8.836640e+03 8.843461e+03 8.851218e+03 8.859839e+03 8.869415e+03 8.880354e+03 9.009746e+03 9.454209e+03 1.001746e+04 1.037679e+04 1.057893e+04 1.070946e+04 1.089845e+04 1.106923e+04 1.125214e+04 1.145838e+04 1.169402e+04 1.196295e+04 1.624447e+04 2.104113e+04 2.485733e+04 2.752835e+04
1.004195e+04 1.004195e+04 1.004195e+04 1.004195e+04 1.004195e+04 1.004201e+04 1.004219e+04 1.004288e+04 1.004338e+04 1.004397e+04 1.004545e+04 1.004734e+04 1.004967e+04 1.005252e+04 1.005597e+04 1.006022e+04 1.006568e+04 1.014948e+04 1.045453e+04 1.084495e+04 1.110209e+04 1.125604e+04 1.136363e+04 1.153530e+04 1.170196e+04 1.188484e+04 1.209206e+04 1.232822e+04 1.259648e+04 1.682832e+04 2.153280e+04 2.520305e+04 2.775316e+04
1.124018e+04 1.124018e+04 1.124018e+04 1.124018e+04 1.124018e+04 1.124021e+04 1.124032e+04 1.124074e+04 1.124108e+04 1.124149e+04 1.124259e+04 1.124405e+04 1.124589e+04 1.124811e+04 1.125074e+04 1.125390e+04 1.125780e+04 1.130818e+04 1.146918e+04 1.167472e+04 1.182271e+04 1.192613e+04 1.201067e+04 1.216727e+04 1.233298e+04 1.251898e+04 1.273008e+04 1.296934e+04 1.323911e+04 1.742152e+04 2.203026e+04 2.555461e+04 2.797864e+04
1.240572e+04 1.240572e+04 1.240572e+04 1.240572e+04 1.240572e+04 1.240577e+04 1.240592e+04 1.240652e+04 1.240697e+04 1.240750e+04 1.240883e+04 1.241049e+04 1.241247e+04 1.241477e+04 1.241741e+04 1.242042e+04 1.242387e+04 1.244840e+04 1.247338e+04 1.249841e+04 1.253921e+04 1.259350e+04 1.265631e+04 1.280046e+04 1.296771e+04 1.315913e+04 1.337618e+04 1.362034e+04 1.389317e+04 1.802410e+04 2.253241e+04 2.591083e+04 2.820473e+04
1.354830e+04 1.354830e+04 1.354830e+04 1.354830e+04 1.354830e+04 1.354833e+04 1.354843e+04 1.354885e+04 1.354916e+04 1.354954e+04 1.355054e+04 1.355186e+04 1.355352e+04 1.355554e+04 1.355793e+04 1.356068e+04 1.356371e+04 1.356487e+04 1.346159e+04 1.331560e+04 1.325541e+04 1.326407e+04 1.330729e+04 1.344158e+04 1.361208e+04 1.381029e+04 1.403443e+04 1.428449e+04 1.456119e+04 1.863604e+04 2.303816e+04 2.627070e+04 2.843140e+04
1.466124e+04 1.466124e+04 1.466124e+04 1.466124e+04 1.466124e+04 1.466130e+04 1.466149e+04 1.466224e+04 1.466279e+04 1.466345e+04 1.466509e+04 1.466713e+04 1.466956e+04 1.467234e+04 1.467547e+04 1.467886e+04 1.468229e+04 1.466398e+04 1.444027e+04 1.413349e+04 1.397909e+04 1.394572e+04 1.397131e+04 1.409754e+04 1.427208e+04 1.447747e+04 1.470892e+04 1.496501e+04 1.524566e+04 1.925724e+04 2.354644e+04 2.663327e+04 2.865866e+04
1.578033e+04 1.578033e+04 1.578033e+04 1.578033e+04 1.578033e+04 1.578038e+04 1.578051e+04 1.578103e+04 1.578143e+04 1.578192e+04 1.578319e+04 1.578486e+04 1.578695e+04 1.578946e+04 1.579236e+04 1.579554e+04 1.579861e+04 1.575918e+04 1.542042e+04 1.496210e+04 1.471941e+04 1.464682e+04 1.465601e+04 1.477487e+04 1.495322e+04 1.516527e+04 1.540340e+04 1.566487e+04 1.594884e+04 1.988749e+04 2.405620e+04 2.699758e+04 2.888659e+04
1.689587e+04 1.689587e+04 1.689587e+04 1.689587e+04 1.689587e+04 1.689594e+04 1.689614e+04 1.689695e+04 1.689755e+04 1.689827e+04 1.690004e+04 1.690224e+04 1.690482e+04 1.690773e+04 1.691088e+04 1.691409e+04 1.691686e+04 1.685611e+04 1.640883e+04 1.580897e+04 1.548369e+04 1.537418e+04 1.536773e+04 1.547902e+04 1.566019e+04 1.587759e+04 1.612102e+04 1.638651e+04 1.667255e+04 2.052646e+04 2.456644e+04 2.736269e+04 2.911544e+04
1.803247e+04 1.803247e+04 1.803247e+04 1.803247e+04 1.803247e+04 1.803242e+04 1.803230e+04 1.803189e+04 1.803167e+04 1.803146e+04 1.803106e+04 1.803076e+04 1.803062e+04 1.803073e+04 1.803114e+04 1.803172e+04 1.803196e+04 1.794697e+04 1.740302e+04 1.667611e+04 1.627570e+04 1.613211e+04 1.611087e+04 1.621413e+04 1.639660e+04 1.661744e+04 1.686415e+04 1.713173e+04 1.741805e+04 2.117366e+04 2.507616e+04 2.772768e+04 2.934568e+04
1.906544e+04 1.906544e+04 1.906544e+04 1.906544e+04 1.906545e+04 1.906560e+04 1.906598e+04 1.906731e+04 1.906828e+04 1.906943e+04 1.907234e+04 1.907601e+04 1.908040e+04 1.908541e+04 1.909089e+04 1.909650e+04 1.910145e+04 1.902088e+04 1.840264e+04 1.756552e+04 1.709817e+04 1.692363e+04 1.688852e+04 1.698309e+04 1.716489e+04 1.738676e+04 1.763424e+04 1.790149e+04 1.818591e+04 2.182843e+04 2.558442e+04 2.809161e+04 2.957673e+04
2.021471e+04 2.021471e+04 2.021471e+04 2.021471e+04 2.021472e+04 2.021495e+04 2.021566e+04 2.021799e+04 2.021938e+04 2.022084e+04 2.022387e+04 2.022695e+04 2.022999e+04 2.023298e+04 2.023588e+04 2.023847e+04 2.024006e+04 2.013108e+04 1.942835e+04 1.848568e+04 1.795579e+04 1.775206e+04 1.770337e+04 1.778783e+04 1.796643e+04 1.818640e+04 1.843171e+04 1.869589e+04 1.897595e+04 2.248995e+04 2.609028e+04 2.845357e+04 2.980769e+04
2.139135e+04 2.139135e+04 2.139135e+04 2.139135e+04 2.139134e+04 2.139111e+04 2.139039e+04 2.138755e+04 2.138555e+04 2.138329e+04 2.137836e+04 2.137337e+04 2.136881e+04 2.136503e+04 2.136225e+04 2.136035e+04 2.135860e+04 2.123735e+04 2.047635e+04 1.944282e+04 1.885400e+04 1.862110e+04 1.855784e+04 1.862934e+04 1.880138e+04 1.901604e+04 1.925593e+04 1.951410e+04 1.978719e+04 2.315721e+04 2.659282e+04 2.881266e+04 3.003784e+04
2.230938e+04 2.230938e+04 2.230938e+04 2.230939e+04 2.230940e+04 2.230979e+04 2.231101e+04 2.231591e+04 2.231956e+04 2.232400e+04 2.233506e+04 2.234861e+04 2.236408e+04 2.238098e+04 2.239881e+04 2.241696e+04 2.243428e+04 2.237891e+04 2.158565e+04 2.045699e+04 1.980176e+04 1.953483e+04 1.945373e+04 1.950728e+04 1.966850e+04 1.987402e+04 2.010513e+04 2.035433e+04 2.061791e+04 2.382905e+04 2.709117e+04 2.916799e+04 3.026654e+04
2.383313e+04 2.383313e+04 2.383313e+04 2.383313e+04 2.383313e+04 2.383321e+04 2.383346e+04 2.383446e+04 2.383522e+04 2.383620e+04 2.383890e+04 2.384278e+04 2.384799e+04 2.385457e+04 2.386243e+04 2.387114e+04 2.387956e+04 2.377076e+04 2.284436e+04 2.155612e+04 2.080750e+04 2.049547e+04 2.039074e+04 2.041936e+04 2.056484e+04 2.075731e+04 2.097641e+04 2.121394e+04 2.146568e+04 2.450414e+04 2.758443e+04 2.951870e+04 3.049315e+04
2.550333e+04 2.550333e+04 2.550333e+04 2.550333e+04 2.550333e+04 2.550329e+04 2.550318e+04 2.550281e+04 2.550262e+04 2.550244e+04 2.550216e+04 2.550201e+04 2.550207e+04 2.550241e+04 2.550305e+04 2.550369e+04 2.550323e+04 2.532290e+04 2.421944e+04 2.273055e+04 2.186701e+04 2.149925e+04 2.136463e+04 2.136069e+04 2.148557e+04 2.166151e+04 2.186590e+04 2.208952e+04 2.232747e+04 2.518102e+04 2.807176e+04 2.986397e+04 3.071710e+04
2.705802e+04 2.705802e+04 2.705802e+04 2.705802e+04 2.705802e+04 2.705798e+04 2.705787e+04 2.705777e+04 2.705788e+04 2.705813e+04 2.705910e+04 2.706071e+04 2.706301e+04 2.706599e+04 2.706957e+04 2.707327e+04 2.707570e+04 2.688328e+04 2.564089e+04 2.395549e+04 2.296874e+04 2.253744e+04 2.236727e+04 2.232383e+04 2.242425e+04 2.258119e+04 2.276902e+04 2.297716e+04 2.319990e+04 2.585810e+04 2.855230e+04 3.020300e+04 3.093778e+04
2.861458e+04 2.861458e+04 2.861458e+04 2.861458e+04 2.861459e+04 2.861479e+04 2.861542e+04 2.861792e+04 2.861979e+04 2.862206e+04 2.862779e+04 2.863499e+04 2.864353e+04 2.865323e+04 2.866384e+04 2.867465e+04 2.868398e+04 2.849782e+04 2.712189e+04 2.522713e+04 2.410300e+04 2.359894e+04 2.338774e+04 2.329958e+04 2.337350e+04 2.351042e+04 2.368091e+04 2.387275e+04 2.407938e+04 2.653367e+04 2.902520e+04 3.053502e+04 3.115466e+04
3.044996e+04 3.044996e+04 3.044996e+04 3.044997e+04 3.044997e+04 3.045009e+04 3.045048e+04 3.045201e+04 3.045316e+04 3.045456e+04 3.045817e+04 3.046285e+04 3.046859e+04 3.047533e+04 3.048288e+04 3.049053e+04 3.049648e+04 3.026479e+04 2.869627e+04 2.654337e+04 2.525732e+04 2.467008e+04 2.441356e+04 2.427854e+04 2.432624e+04 2.444362e+04 2.459694e+04 2.477232e+04 2.496239e+04 2.720596e+04 2.948965e+04 3.085932e+04 3.136719e+04
3.242849e+04 3.242849e+04 3.242849e+04 3.242849e+04 3.242849e+04 3.242847e+04 3.242842e+04 3.242832e+04 3.242834e+04 3.242844e+04 3.242889e+04 3.242972e+04 3.243096e+04 3.243264e+04 3.243463e+04 3.243628e+04 3.243565e+04 3.213561e+04 3.033243e+04 2.788136e+04 2.641426e+04 2.573728e+04 2.543393e+04 2.525336e+04 2.527692e+04 2.537624e+04 2.551318e+04 2.567231e+04 2.584564e+04 2.787310e+04 2.994482e+04 3.117523e+04 3.157484e+04
3.433858e+04 3.433858e+04 3.433858e+04 3.433858e+04 3.433858e+04 3.433856e+04 3.433850e+04 3.433828e+04 3.433819e+04 3.433815e+04 3.433836e+04 3.433909e+04 3.434044e+04 3.434245e+04 3.434500e+04 3.434729e+04 3.434709e+04 3.401134e+04 3.198189e+04 2.922048e+04 2.756353e+04 2.679415e+04 2.644416e+04 2.622063e+04 2.622241e+04 2.630520e+04 2.642654e+04 2.656966e+04 2.672611e+04 2.853319e+04 3.038990e+04 3.148210e+04 3.177712e+04
3.620103e+04 3.620103e+04 3.620103e+04 3.620103e+04 3.620103e+04 3.620123e+04 3.620185e+04 3.620431e+04 3.620615e+04 3.620839e+04 3.621406e+04 3.622117e+04 3.622955e+04 3.623898e+04 3.624906e+04 3.625871e+04 3.626530e+04 3.591663e+04 3.365818e+04 3.056860e+04 2.871060e+04 2.784458e+04 2.744684e+04 2.718086e+04 2.716187e+04 2.722878e+04 2.733477e+04 2.746178e+04 2.760106e+04 2.918430e+04 3.082408e+04 3.177936e+04 3.197355e+04
3.832568e+04 3.832568e+04 3.832568e+04 3.832568e+04 3.832568e+04 3.832573e+04 3.832591e+04 3.832665e+04 3.832726e+04 3.832807e+04 3.833033e+04 3.833352e+04 3.833767e+04 3.834276e+04 3.834851e+04 3.835387e+04 3.835594e+04 3.794253e+04 3.540240e+04 3.194470e+04 2.986698e+04 2.889658e+04 2.844761e+04 2.813640e+04 2.809555e+04 2.814591e+04 2.823598e+04 2.834635e+04 2.846789e+04 2.982446e+04 3.124661e+04 3.206646e+04 3.216368e+04
4.051623e+04 4.051623e+04 4.051623e+04 4.051623e+04 4.051623e+04 4.051629e+04 4.051646e+04 4.051715e+04 4.051768e+04 4.051831e+04 4.051995e+04 4.052208e+04 4.052469e+04 4.052778e+04 4.053104e+04 4.053332e+04 4.053144e+04 4.004479e+04 3.719626e+04 3.334504e+04 3.103445e+04 2.995329e+04 2.944942e+04 2.908867e+04 2.902336e+04 2.905543e+04 2.912830e+04 2.922102e+04 2.932401e+04 3.045174e+04 3.165671e+04 3.234293e+04 3.234709e+04
4.269203e+04 4.269203e+04 4.269203e+04 4.269203e+04 4.269203e+04 4.269210e+04 4.269230e+04 4.269309e+04 4.269368e+04 4.269440e+04 4.269621e+04 4.269841e+04 4.270089e+04 4.270343e+04 4.270557e+04 4.270591e+04 4.270088e+04 4.214030e+04 3.898320e+04 3.474292e+04 3.220211e+04 3.101024e+04 3.045025e+04 3.003664e+04 2.994393e+04 2.995544e+04 3.000941e+04 3.008320e+04 3.016665e+04 3.106421e+04 3.205364e+04 3.260832e+04 3.252339e+04
4.485503e+04 4.485503e+04 4.485503e+04 4.485503e+04 4.485502e+04 4.485479e+04 4.485407e+04 4.485135e+04 4.484947e+04 4.484732e+04 4.484227e+04 4.483636e+04 4.482968e+04 4.482226e+04 4.481388e+04 4.480329e+04 4.478684e+04 4.413131e+04 4.069232e+04 3.610428e+04 3.335467e+04 3.205949e+04 3.144510e+04 3.097717e+04 3.085446e+04 3.084313e+04 3.087643e+04 3.092994e+04 3.099287e+04 3.165996e+04 3.243672e+04 3.286224e+04 3.269220e+04
4.660274e+04 4.660274e+04 4.660274e+04 4.660274e+04 4.660273e+04 4.660250e+04 4.660177e+04 4.659887e+04 4.659676e+04 4.659428e+04 4.658853e+04 4.658219e+04 4.657567e+04 4.656925e+04 4.656279e+04 4.655500e+04 4.654199e+04 4.588142e+04 4.227170e+04 3.741402e+04 3.448574e+04 3.309619e+04 3.242942e+04 3.190602e+04 3.175104e+04 3.171486e+04 3.172588e+04 3.175793e+04 3.179946e+04 3.223718e+04 3.280526e+04 3.310435e+04 3.285320e+04
4.799460e+04 4.799460e+04 4.799460e+04 4.799460e+04 4.799462e+04 4.799500e+04 4.799618e+04 4.800091e+04 4.800445e+04 4.800876e+04 4.801952e+04 4.803282e+04 4.804824e+04 4.806529e+04 4.808321e+04 4.810016e+04 4.811167e+04 4.753573e+04 4.381561e+04 3.871125e+04 3.560726e+04 3.412176e+04 3.340064e+04 3.281859e+04 3.262909e+04 3.256636e+04 3.255386e+04 3.256352e+04 3.258301e+04 3.279409e+04 3.315863e+04 3.333435e+04 3.300609e+04
4.999052e+04 4.999052e+04 4.999052e+04 4.999052e+04 4.999054e+04 4.999091e+04 4.999204e+04 4.999601e+04 4.999877e+04 5.000202e+04 5.001000e+04 5.001993e+04 5.003177e+04 5.004540e+04 5.006034e+04 5.007482e+04 5.008421e+04 4.946687e+04 4.550640e+04 4.006004e+04 3.673760e+04 3.513921e+04 3.435635e+04 3.370989e+04 3.348358e+04 3.339305e+04 3.335619e+04 3.334291e+04 3.334005e+04 3.332902e+04 3.349624e+04 3.355201e+04 3.315060e+04
5.240519e+04 5.240519e+04 5.240519e+04 5.240519e+04 5.240519e+04 5.240528e+04 5.240556e+04 5.240668e+04 5.240752e+04 5.240854e+04 5.241114e+04 5.241451e+04 5.241871e+04 5.242373e+04 5.242922e+04 5.243345e+04 5.243160e+04 5.170184e+04 4.737526e+04 4.147396e+04 3.787862e+04 3.614539e+04 3.529156e+04 3.457426e+04 3.430926e+04 3.419019e+04 3.412864e+04 3.409227e+04 3.406707e+04 3.384041e+04 3.381757e+04 3.375711e+04 3.328650e+04
5.487096e+04 5.487096e+04 5.487096e+04 5.487096e+04 5.487096e+04 5.487100e+04 5.487111e+04 5.487159e+04 5.487197e+04 5.487245e+04 5.487375e+04 5.487552e+04 5.487777e+04 5.488044e+04 5.488303e+04 5.488360e+04 5.487688e+04 5.405217e+04 4.932694e+04 4.291503e+04 3.901306e+04 3.712975e+04 3.619821e+04 3.540558e+04 3.510094e+04 3.495321e+04 3.486710e+04 3.480791e+04 3.476072e+04 3.432683e+04 3.412212e+04 3.394950e+04 3.341360e+04
5.730998e+04 5.730998e+04 5.730998e+04 5.730998e+04 5.730998e+04 5.731002e+04 5.731013e+04 5.731058e+04 5.731092e+04 5.731132e+04 5.731233e+04 5.731357e+04 5.731502e+04 5.731657e+04 5.731769e+04 5.731626e+04 5.730657e+04 5.639809e+04 5.127458e+04 4.433846e+04 4.011855e+04 3.807933e+04 3.706746e+04 3.619803e+04 3.585385e+04 3.567791e+04 3.556777e+04 3.548635e+04 3.541785e+04 3.478698e+04 3.440946e+04 3.412906e+04 3.353172e+04
5.968302e+04 5.968302e+04 5.968302e+04 5.968302e+04 5.968302e+04 5.968301e+04 5.968299e+04 5.968292e+04 5.968286e+04 5.968279e+04 5.968265e+04 5.968250e+04 5.968238e+04 5.968222e+04 5.968143e+04 5.967778e+04 5.966513e+04 5.867698e+04 5.316524e+04 4.571268e+04 4.117782e+04 3.898377e+04 3.789217e+04 3.694690e+04 3.656401e+04 3.636066e+04 3.622728e+04 3.612448e+04 3.603558e+04 3.521974e+04 3.467925e+04 3.429573e+04 3.364076e+04
6.192891e+04 6.192891e+04 6.192891e+04 6.192891e+04 6.192891e+04 6.192891e+04 6.192888e+04 6.192880e+04 6.192873e+04 6.192864e+04 6.192841e+04 6.192810e+04 6.192771e+04 6.192713e+04 6.192574e+04 6.192116e+04 6.190683e+04 6.084789e+04 5.496769e+04 4.701956e+04 4.218087e+04 3.983692e+04 3.866792e+04 3.764882e+04 3.722826e+04 3.699836e+04 3.684269e+04 3.671955e+04 3.661141e+04 3.562414e+04 3.493118e+04 3.444947e+04 3.374060e+04
6.404008e+04 6.404008e+04 6.404008e+04 6.404008e+04 6.404008e+04 6.404007e+04 6.404003e+04 6.403987e+04 6.403975e+04 6.403960e+04 6.403922e+04 6.403874e+04 6.403813e+04 6.403731e+04 6.403562e+04 6.403051e+04 6.401506e+04 6.289266e+04 5.666735e+04 4.825075e+04 4.312320e+04 4.063587e+04 3.939230e+04 3.830141e+04 3.784403e+04 3.758841e+04 3.741147e+04 3.726921e+04 3.714318e+04 3.599941e+04 3.516503e+04 3.459028e+04 3.383119e+04
6.601559e+04 6.601559e+04 6.601559e+04 6.601559e+04 6.601559e+04 6.601557e+04 6.601553e+04 6.601536e+04 6.601524e+04 6.601509e+04 6.601471e+04 6.601423e+04 6.601364e+04 6.601283e+04 6.601110e+04 6.600578e+04 6.598958e+04 6.480948e+04 5.826154e+04 4.940421e+04 4.400331e+04 4.137917e+04 4.006369e+04 3.890258e+04 3.840900e+04 3.812850e+04 3.793145e+04 3.777149e+04 3.762913e+04 3.634498e+04 3.538063e+04 3.471821e+04 3.391249e+04
6.786405e+04 6.786405e+04 6.786405e+04 6.786405e+04 6.786405e+04 6.786404e+04 6.786401e+04 6.786389e+04 6.786380e+04 6.786369e+04 6.786340e+04 6.786302e+04 6.786254e+04 6.786185e+04 6.786021e+04 6.785482e+04 6.783805e+04 6.660456e+04 5.975395e+04 5.048106e+04 4.482069e+04 4.206538e+04 4.068010e+04 3.944993e+04 3.892083e+04 3.861653e+04 3.840083e+04 3.822484e+04 3.806794e+04 3.666046e+04 3.557791e+04 3.483334e+04 3.398451e+04
6.959764e+04 6.959764e+04 6.959764e+04 6.959764e+04 6.959764e+04 6.959763e+04 6.959760e+04 6.959747e+04 6.959738e+04 6.959727e+04 6.959698e+04 6.959661e+04 6.959614e+04 6.959546e+04 6.959382e+04 6.958828e+04 6.957090e+04 6.828689e+04 6.115018e+04 5.148258e+04 4.557388e+04 4.269175e+04 4.123832e+04 3.994045e+04 3.937712e+04 3.905065e+04 3.881819e+04 3.862819e+04 3.845879e+04 3.694568e+04 3.575685e+04 3.493578e+04 3.404727e+04
7.122354e+04 7.122354e+04 7.122354e+04 7.122354e+04 7.122354e+04 7.122353e+04 7.122351e+04 7.122340e+04 7.122332e+04 7.122322e+04 7.122297e+04 7.122263e+04 7.122220e+04 7.122157e+04 7.121993e+04 7.121425e+04 7.119630e+04 6.986425e+04 6.245444e+04 5.240788e+04 4.625910e+04 4.325368e+04 4.173394e+04 4.037089e+04 3.977573e+04 3.942955e+04 3.918274e+04 3.898105e+04 3.880138e+04 3.720065e+04 3.591750e+04 3.502568e+04 3.410084e+04
7.274952e+04 7.274952e+04 7.274952e+04 7.274952e+04 7.274952e+04 7.274951e+04 7.274948e+04 7.274937e+04 7.274929e+04 7.274918e+04 7.274892e+04 7.274857e+04 7.274813e+04 7.274748e+04 7.274580e+04 7.273994e+04 7.272139e+04 7.134284e+04 6.366830e+04 5.325308e+04 4.687059e+04 4.374568e+04 4.216241e+04 4.073870e+04 4.011547e+04 3.975282e+04 3.949450e+04 3.928368e+04 3.909606e+04 3.742558e+04 3.606000e+04 3.510319e+04 3.414528e+04
7.418060e+04 7.418060e+04 7.418060e+04 7.418060e+04 7.418060e+04 7.418060e+04 7.418057e+04 7.418046e+04 7.418038e+04 7.418028e+04 7.418002e+04 7.417968e+04 7.417924e+04 7.417858e+04 7.417685e+04 7.417080e+04 7.415163e+04 7.272675e+04 6.479043e+04 5.401291e+04 4.740304e+04 4.416383e+04 4.252125e+04 4.104331e+04 4.039675e+04 4.002129e+04 3.975446e+04 3.953706e+04 3.934380e+04 3.762087e+04 3.618454e+04 3.516854e+04 3.418071e+04
7.552203e+04 7.552203e+04 7.552203e+04 7.552203e+04 7.552203e+04 7.552202e+04 7.552200e+04 7.552188e+04 7.552178e+04 7.552166e+04 7.552133e+04 7.552090e+04 7.552034e+04 7.551953e+04 7.551759e+04 7.551117e+04 7.549117e+04 7.401834e+04 6.581995e+04 5.468574e+04 4.785612e+04 4.450907e+04 4.281224e+04 4.128717e+04 4.062200e+04 4.023719e+04 3.996460e+04 3.974296e+04 3.954614e+04 3.778709e+04 3.629138e+04 3.522194e+04 3.420726e+04
7.677270e+04 7.677270e+04 7.677270e+04 7.677270e+04 7.677270e+04 7.677268e+04 7.677263e+04 7.677243e+04 7.677228e+04 7.677210e+04 7.677162e+04 7.677100e+04 7.677023e+04 7.676917e+04 7.676691e+04 7.675999e+04 7.673901e+04 7.521737e+04 6.675961e+04 5.527747e+04 4.823689e+04 4.478842e+04 4.304186e+04 4.147552e+04 4.079544e+04 4.040395e+04 4.012774e+04 3.990376e+04 3.970514e+04 3.792496e+04 3.638083e+04 3.526365e+04 3.422507e+04
7.792787e+04 7.792787e+04 7.792787e+04 7.792787e+04 7.792787e+04 7.792785e+04 7.792780e+04 7.792759e+04 7.792741e+04 7.792719e+04 7.792658e+04 7.792573e+04 7.792464e+04 7.792314e+04 7.792031e+04 7.791259e+04 7.789030e+04 7.631960e+04 6.761168e+04 5.579692e+04 4.855600e+04 4.501203e+04 4.321915e+04 4.161521e+04 4.092227e+04 4.052563e+04 4.024720e+04 4.002224e+04 3.982318e+04 3.803535e+04 3.645329e+04 3.529393e+04 3.423431e+04
7.897555e+04 7.897555e+04 7.897555e+04 7.897555e+04 7.897555e+04 7.897551e+04 7.897538e+04 7.897485e+04 7.897445e+04 7.897396e+04 7.897272e+04 7.897113e+04 7.896919e+04 7.896676e+04 7.896292e+04 7.895402e+04 7.893014e+04 7.731285e+04 6.837292e+04 5.624953e+04 4.882223e+04 4.518896e+04 4.335249e+04 4.171279e+04 4.100761e+04 4.060636e+04 4.032639e+04 4.010130e+04 3.990282e+04 3.811926e+04 3.650918e+04 3.531309e+04 3.423516e+04
7.988378e+04 7.988378e+04 7.988378e+04 7.988378e+04 7.988378e+04 7.988374e+04 7.988360e+04 7.988307e+04 7.988266e+04 7.988217e+04 7.988094e+04 7.987939e+04 7.987753e+04 7.987522e+04 7.987150e+04 7.986263e+04 7.983845e+04 7.818504e+04 6.904003e+04 5.663844e+04 4.904118e+04 4.532537e+04 4.344782e+04 4.177333e+04 4.105569e+04 4.064975e+04 4.036849e+04 4.014380e+04 3.994662e+04 3.817778e+04 3.654898e+04 3.532143e+04 3.422784e+04
8.066466e+04 8.066466e+04 8.066466e+04 8.066466e+04 8.066466e+04 8.066464e+04 8.066459e+04 8.066437e+04 8.066421e+04 8.066401e+04 8.066348e+04 8.066277e+04 8.066185e+04 8.066055e+04 8.065787e+04 8.064997e+04 8.062647e+04 7.894541e+04 6.961973e+04 5.696839e+04 4.921669e+04 4.542465e+04 4.350835e+04 4.179987e+04 4.106951e+04 4.065871e+04 4.037629e+04 4.015240e+04 3.995711e+04 3.821210e+04 3.657320e+04 3.531927e+04 3.421254e+04
8.136392e+04 8.136392e+04 8.136392e+04 8.136392e+04 8.136392e+04 8.136390e+04 8.136385e+04 8.136362e+04 8.136346e+04 8.136325e+04 8.136273e+04 8.136205e+04 8.136122e+04 8.136006e+04 8.135758e+04 8.134986e+04 8.132636e+04 7.961778e+04 7.012596e+04 5.724534e+04 4.935104e+04 4.548790e+04 4.353497e+04 4.179374e+04 4.105092e+04 4.063547e+04 4.035219e+04 4.012954e+04 3.993669e+04 3.822347e+04 3.658242e+04 3.530697e+04 3.418949e+04
8.199036e+04 8.199036e+04 8.199036e+04 8.199036e+04 8.199036e+04 8.199034e+04 8.199031e+04 8.199015e+04 8.199003e+04 8.198988e+04 8.198950e+04 8.198899e+04 8.198834e+04 8.198738e+04 8.198508e+04 8.197748e+04 8.195384e+04 8.021815e+04 7.056919e+04 5.747283e+04 4.944439e+04 4.551435e+04 4.352701e+04 4.175530e+04 4.100120e+04 4.058188e+04 4.029838e+04 4.007754e+04 3.988772e+04 3.821319e+04 3.657720e+04 3.528487e+04 3.415893e+04
8.255512e+04 8.255512e+04 8.255512e+04 8.255512e+04 8.255512e+04 8.255511e+04 8.255507e+04 8.255491e+04 8.255478e+04 8.255463e+04 8.255425e+04 8.255374e+04 8.255310e+04 8.255213e+04 8.254979e+04 8.254203e+04 8.251794e+04 8.075419e+04 7.095326e+04 5.765071e+04 4.949514e+04 4.550253e+04 4.348364e+04 4.168496e+04 4.092165e+04 4.049980e+04 4.021700e+04 3.999870e+04 3.981254e+04 3.818263e+04 3.655817e+04 3.525332e+04 3.412110e+04
8.306254e+04 8.306254e+04 8.306254e+04 8.306254e+04 8.306254e+04 8.306250e+04 8.306238e+04 8.306197e+04 8.306166e+04 8.306130e+04 8.306040e+04 8.305924e+04 8.305783e+04 8.305598e+04 8.305266e+04 8.304375e+04 8.301821e+04 8.122288e+04 7.127437e+04 5.777612e+04 4.950194e+04 4.545224e+04 4.340541e+04 4.158419e+04 4.081419e+04 4.039139e+04 4.011038e+04 3.989541e+04 3.971351e+04 3.813312e+04 3.652597e+04 3.521271e+04 3.407626e+04
8.347952e+04 8.347952e+04 8.347952e+04 8.347952e+04 8.347951e+04 8.347947e+04 8.347933e+04 8.347878e+04 8.347836e+04 8.347784e+04 8.347654e+04 8.347486e+04 8.347280e+04 8.347022e+04 8.346605e+04 8.345617e+04 8.342939e+04 8.160552e+04 7.152191e+04 5.784590e+04 4.946545e+04 4.536563e+04 4.329498e+04 4.145573e+04 4.068150e+04 4.025929e+04 3.998108e+04 3.977016e+04 3.959305e+04 3.806605e+04 3.648122e+04 3.516339e+04 3.402465e+04
8.377926e+04 8.377926e+04 8.377926e+04 8.377926e+04 8.377926e+04 8.377922e+04 8.377908e+04 8.377852e+04 8.377811e+04 8.377762e+04 8.377643e+04 8.377498e+04 8.377329e+04 8.377120e+04 8.376763e+04 8.375838e+04 8.373211e+04 8.189069e+04 7.169227e+04 5.786192e+04 4.938966e+04 4.524712e+04 4.315663e+04 4.130333e+04 4.052689e+04 4.010650e+04 3.983191e+04 3.962558e+04 3.945366e+04 3.798276e+04 3.642460e+04 3.510576e+04 3.396653e+04
