7.053101e+02 3.036478e+02 2.154842e+02 9.726467e+01 7.297525e+01 3.911891e+01 3.021940e+01 2.410585e+01 2.279574e+01 2.203739e+01 2.152699e+01 2.184536e+01 2.272049e+01 2.404932e+01 2.580043e+01 2.797667e+01 3.059871e+01 5.126944e+01 8.113695e+01 1.020461e+02 1.080445e+02 1.091785e+02 1.110019e+02 1.203879e+02 1.376196e+02 1.639383e+02 2.024392e+02 2.575146e+02 3.342179e+02 3.047656e+03 8.877458e+03 1.527473e+04 2.064173e+04
2.710313e+01 2.711629e+01 2.711634e+01 2.711542e+01 2.710502e+01 2.642375e+01 2.494049e+01 2.226066e+01 2.161731e+01 2.127465e+01 2.123880e+01 2.181458e+01 2.285544e+01 2.430828e+01 2.616400e+01 2.843625e+01 3.115104e+01 5.225476e+01 8.228283e+01 1.029313e+02 1.086120e+02 1.095681e+02 1.113198e+02 1.207045e+02 1.380128e+02 1.644559e+02 2.031334e+02 2.584487e+02 3.354658e+02 3.055579e+03 8.891995e+03 1.529148e+04 2.065743e+04
2.154598e+01 2.155141e+01 2.155144e+01 2.155192e+01 2.155241e+01 2.145082e+01 2.120231e+01 2.076261e+01 2.055509e+01 2.056520e+01 2.101870e+01 2.186976e+01 2.308708e+01 2.467134e+01 2.663772e+01 2.901149e+01 3.182423e+01 5.337820e+01 8.354676e+01 1.038859e+02 1.092139e+02 1.099767e+02 1.116509e+02 1.210323e+02 1.384184e+02 1.649883e+02 2.038455e+02 2.594048e+02 3.367405e+02 3.063590e+03 8.906632e+03 1.530830e+04 2.067318e+04
1.955297e+01 1.955450e+01 1.955452e+01 1.955511e+01 1.955662e+01 1.956630e+01 1.953190e+01 2.001836e+01 2.026165e+01 2.045726e+01 2.105261e+01 2.207722e+01 2.344895e+01 2.516072e+01 2.723916e+01 2.971777e+01 3.263256e+01 5.465125e+01 8.493581e+01 1.049128e+02 1.098511e+02 1.104044e+02 1.119954e+02 1.213714e+02 1.388367e+02 1.655356e+02 2.045757e+02 2.603831e+02 3.380424e+02 3.071688e+03 8.921371e+03 1.532520e+04 2.068899e+04
1.892847e+01 1.892854e+01 1.892856e+01 1.892903e+01 1.893097e+01 1.907779e+01 1.934344e+01 1.993467e+01 2.035602e+01 2.076106e+01 2.154573e+01 2.257287e+01 2.399666e+01 2.580638e+01 2.798854e+01 3.057122e+01 3.359027e+01 5.608498e+01 8.645673e+01 1.060143e+02 1.105240e+02 1.108514e+02 1.123533e+02 1.217221e+02 1.392678e+02 1.660982e+02 2.053244e+02 2.613840e+02 3.393720e+02 3.079875e+03 8.936211e+03 1.534219e+04 2.070485e+04
2.032119e+01 2.031988e+01 2.031990e+01 2.032040e+01 2.032186e+01 2.034053e+01 2.034040e+01 2.050491e+01 2.082002e+01 2.126229e+01 2.227371e+01 2.341435e+01 2.484332e+01 2.666544e+01 2.891821e+01 3.159388e+01 3.471460e+01 5.769038e+01 8.811587e+01 1.071928e+02 1.112333e+02 1.113178e+02 1.127247e+02 1.220845e+02 1.397121e+02 1.666764e+02 2.060919e+02 2.624079e+02 3.407296e+02 3.088151e+03 8.951152e+03 1.535925e+04 2.072076e+04
2.100471e+01 2.100476e+01 2.100477e+01 2.100514e+01 2.100628e+01 2.103558e+01 2.107168e+01 2.126838e+01 2.154943e+01 2.198305e+01 2.313617e+01 2.445898e+01 2.598043e+01 2.782810e+01 3.009029e+01 3.282187e+01 3.603067e+01 5.947897e+01 8.991931e+01 1.084501e+02 1.119791e+02 1.118036e+02 1.131096e+02 1.224588e+02 1.401697e+02 1.672703e+02 2.068786e+02 2.634553e+02 3.421158e+02 3.096517e+03 8.966197e+03 1.537640e+04 2.073673e+04
2.153677e+01 2.153658e+01 2.153659e+01 2.153697e+01 2.153814e+01 2.157606e+01 2.171557e+01 2.222364e+01 2.256338e+01 2.300183e+01 2.419031e+01 2.565446e+01 2.731807e+01 2.925417e+01 3.156387e+01 3.432125e+01 3.757885e+01 6.146377e+01 9.187301e+01 1.097877e+02 1.127617e+02 1.123086e+02 1.135080e+02 1.228451e+02 1.406409e+02 1.678803e+02 2.076847e+02 2.645264e+02 3.435310e+02 3.104973e+03 8.981344e+03 1.539362e+04 2.075275e+04
2.250366e+01 2.250367e+01 2.250380e+01 2.250756e+01 2.251733e+01 2.269749e+01 2.300295e+01 2.363316e+01 2.396876e+01 2.437308e+01 2.550001e+01 2.701900e+01 2.881852e+01 3.088696e+01 3.329417e+01 3.611992e+01 3.942481e+01 6.366063e+01 9.398312e+01 1.112073e+02 1.135809e+02 1.128326e+02 1.139198e+02 1.232434e+02 1.411259e+02 1.685067e+02 2.085106e+02 2.656216e+02 3.449755e+02 3.113522e+03 8.996594e+03 1.541093e+04 2.076883e+04
2.514341e+01 2.514341e+01 2.514342e+01 2.514377e+01 2.514485e+01 2.514952e+01 2.515825e+01 2.542608e+01 2.568042e+01 2.602607e+01 2.706665e+01 2.858588e+01 3.048697e+01 3.270128e+01 3.524540e+01 3.818113e+01 4.157120e+01 6.608986e+01 9.625632e+01 1.127100e+02 1.144367e+02 1.133756e+02 1.143450e+02 1.236540e+02 1.416248e+02 1.691498e+02 2.093567e+02 2.667414e+02 3.464500e+02 3.122162e+03 9.011949e+03 1.542832e+04 2.078496e+04
2.682639e+01 2.682639e+01 2.682641e+01 2.682688e+01 2.682835e+01 2.687109e+01 2.694186e+01 2.723000e+01 2.749224e+01 2.784207e+01 2.886522e+01 3.038168e+01 3.235281e+01 3.470183e+01 3.740188e+01 4.048158e+01 4.399163e+01 6.877871e+01 9.870024e+01 1.142972e+02 1.153289e+02 1.139372e+02 1.147834e+02 1.240769e+02 1.421380e+02 1.698097e+02 2.102232e+02 2.678862e+02 3.479548e+02 3.130896e+03 9.027408e+03 1.544579e+04 2.080114e+04
5.932303e+01 5.932303e+01 5.932305e+01 5.932359e+01 5.932530e+01 5.939875e+01 5.964657e+01 6.048922e+01 6.104876e+01 6.170395e+01 6.332338e+01 6.538433e+01 6.793300e+01 7.103043e+01 7.472415e+01 7.902138e+01 8.388127e+01 1.128519e+02 1.349615e+02 1.354294e+02 1.262538e+02 1.205290e+02 1.198748e+02 1.290079e+02 1.480940e+02 1.773971e+02 2.200858e+02 2.807928e+02 3.647733e+02 3.223517e+03 9.187835e+03 1.562501e+04 2.096599e+04
1.352363e+02 1.352363e+02 1.352363e+02 1.352373e+02 1.352402e+02 1.353229e+02 1.355567e+02 1.365547e+02 1.373405e+02 1.383116e+02 1.407810e+02 1.438873e+02 1.475097e+02 1.515005e+02 1.557218e+02 1.600670e+02 1.644595e+02 1.843374e+02 1.869215e+02 1.644214e+02 1.410755e+02 1.293216e+02 1.265235e+02 1.353843e+02 1.557245e+02 1.869846e+02 2.323697e+02 2.966427e+02 3.851512e+02 3.326295e+03 9.359204e+03 1.581258e+04 2.113632e+04
2.843792e+02 2.843792e+02 2.843792e+02 2.843790e+02 2.843784e+02 2.843092e+02 2.840013e+02 2.827313e+02 2.818561e+02 2.808854e+02 2.787997e+02 2.766669e+02 2.745772e+02 2.725672e+02 2.706469e+02 2.688128e+02 2.670506e+02 2.570925e+02 2.315871e+02 1.880188e+02 1.546490e+02 1.393572e+02 1.354146e+02 1.439856e+02 1.654808e+02 1.989618e+02 2.474867e+02 3.159027e+02 4.096220e+02 3.440027e+03 9.541964e+03 1.600866e+04 2.131213e+04
2.995040e+02 2.995040e+02 2.995040e+02 2.995037e+02 2.995028e+02 2.994758e+02 2.994205e+02 2.993405e+02 2.993063e+02 2.992577e+02 2.990678e+02 2.986920e+02 2.980828e+02 2.972246e+02 2.961257e+02 2.948047e+02 2.932746e+02 2.808496e+02 2.484396e+02 1.987960e+02 1.633693e+02 1.482963e+02 1.451857e+02 1.553756e+02 1.783562e+02 2.140177e+02 2.660298e+02 3.391720e+02 4.388278e+02 3.565536e+03 9.736552e+03 1.621339e+04 2.149344e+04
2.783244e+02 2.783244e+02 2.783244e+02 2.783247e+02 2.783254e+02 2.783484e+02 2.784020e+02 2.784768e+02 2.784871e+02 2.784854e+02 2.784564e+02 2.783977e+02 2.783063e+02 2.781759e+02 2.779967e+02 2.777533e+02 2.774186e+02 2.715559e+02 2.453330e+02 2.009957e+02 1.693125e+02 1.567694e+02 1.556106e+02 1.689429e+02 1.946536e+02 2.332625e+02 2.889897e+02 3.673058e+02 4.736065e+02 3.703673e+03 9.943387e+03 1.642690e+04 2.168024e+04
2.612522e+02 2.612522e+02 2.612522e+02 2.612522e+02 2.612522e+02 2.612533e+02 2.612581e+02 2.613013e+02 2.613382e+02 2.613793e+02 2.614619e+02 2.615382e+02 2.616075e+02 2.616705e+02 2.617251e+02 2.617635e+02 2.617663e+02 2.587608e+02 2.384076e+02 2.017366e+02 1.757121e+02 1.664997e+02 1.675841e+02 1.846527e+02 2.141263e+02 2.568941e+02 3.175202e+02 4.016599e+02 5.151349e+02 3.855324e+03 1.016287e+04 1.664928e+04 2.187251e+04
2.519409e+02 2.519409e+02 2.519409e+02 2.519408e+02 2.519406e+02 2.519334e+02 2.519106e+02 2.518341e+02 2.517986e+02 2.517745e+02 2.517685e+02 2.518135e+02 2.518954e+02 2.520017e+02 2.521223e+02 2.522463e+02 2.523555e+02 2.505602e+02 2.343622e+02 2.046785e+02 1.844004e+02 1.786830e+02 1.820688e+02 2.030218e+02 2.369393e+02 2.850158e+02 3.519117e+02 4.433726e+02 5.651433e+02 4.021423e+03 1.039537e+04 1.688062e+04 2.207021e+04
2.486572e+02 2.486572e+02 2.486572e+02 2.486573e+02 2.486574e+02 2.486578e+02 2.486491e+02 2.485982e+02 2.485629e+02 2.485278e+02 2.484725e+02 2.484494e+02 2.484620e+02 2.485089e+02 2.485857e+02 2.486847e+02 2.487900e+02 2.475532e+02 2.344884e+02 2.108874e+02 1.960774e+02 1.939344e+02 1.997626e+02 2.248354e+02 2.636851e+02 3.180594e+02 3.925998e+02 4.929523e+02 6.247104e+02 4.202974e+03 1.064126e+04 1.712097e+04 2.227328e+04
2.473714e+02 2.473714e+02 2.473714e+02 2.473717e+02 2.473724e+02 2.473953e+02 2.474645e+02 2.476812e+02 2.478022e+02 2.479236e+02 2.481618e+02 2.483932e+02 2.486207e+02 2.488482e+02 2.490784e+02 2.493108e+02 2.495370e+02 2.490894e+02 2.387747e+02 2.206426e+02 2.110982e+02 2.126980e+02 2.212574e+02 2.509765e+02 2.952940e+02 3.568321e+02 4.403090e+02 5.511440e+02 6.946130e+02 4.401065e+03 1.090087e+04 1.737036e+04 2.248166e+04
2.533266e+02 2.533266e+02 2.533267e+02 2.533269e+02 2.533275e+02 2.533492e+02 2.534139e+02 2.536086e+02 2.537089e+02 2.538020e+02 2.539670e+02 2.541194e+02 2.542804e+02 2.544650e+02 2.546803e+02 2.549259e+02 2.551910e+02 2.553606e+02 2.474306e+02 2.342767e+02 2.299175e+02 2.355399e+02 2.472440e+02 2.824204e+02 3.329285e+02 4.024974e+02 4.961148e+02 6.189667e+02 7.758753e+02 4.616906e+03 1.117451e+04 1.762879e+04 2.269526e+04
2.639516e+02 2.639516e+02 2.639516e+02 2.639517e+02 2.639518e+02 2.639562e+02 2.639699e+02 2.640352e+02 2.640943e+02 2.641732e+02 2.643860e+02 2.646568e+02 2.649675e+02 2.653046e+02 2.656592e+02 2.660237e+02 2.663870e+02 2.669849e+02 2.608691e+02 2.522952e+02 2.532224e+02 2.632724e+02 2.786278e+02 3.202858e+02 3.779341e+02 4.565183e+02 5.614579e+02 6.977759e+02 8.697830e+02 4.851865e+03 1.146251e+04 1.789625e+04 2.291397e+04
2.834945e+02 2.834945e+02 2.834945e+02 2.834943e+02 2.834939e+02 2.834808e+02 2.834426e+02 2.833167e+02 2.832403e+02 2.831629e+02 2.830234e+02 2.829210e+02 2.828644e+02 2.828569e+02 2.829001e+02 2.829934e+02 2.831295e+02 2.833527e+02 2.790058e+02 2.752835e+02 2.819619e+02 2.969837e+02 3.165630e+02 3.658785e+02 4.318411e+02 5.206161e+02 6.381234e+02 7.892953e+02 9.779408e+02 5.107523e+03 1.176515e+04 1.817270e+04 2.313768e+04
2.987024e+02 2.987024e+02 2.987024e+02 2.987022e+02 2.987018e+02 2.986881e+02 2.986474e+02 2.985362e+02 2.984946e+02 2.984757e+02 2.985255e+02 2.987009e+02 2.989950e+02 2.993936e+02 2.998809e+02 3.004408e+02 3.010532e+02 3.036452e+02 3.025559e+02 3.044575e+02 3.174702e+02 3.380389e+02 3.624422e+02 4.207202e+02 4.963962e+02 5.967675e+02 7.282174e+02 8.956144e+02 1.102306e+03 5.385794e+03 1.208272e+04 1.845808e+04 2.336625e+04
3.263380e+02 3.263380e+02 3.263380e+02 3.263382e+02 3.263387e+02 3.263521e+02 3.263902e+02 3.265368e+02 3.266456e+02 3.267786e+02 3.271190e+02 3.275568e+02 3.280840e+02 3.286890e+02 3.293588e+02 3.300795e+02 3.308342e+02 3.340490e+02 3.348260e+02 3.418052e+02 3.613666e+02 3.880060e+02 4.178685e+02 4.865807e+02 5.736137e+02 6.872338e+02 8.341626e+02 1.019173e+03 1.245192e+03 5.689261e+03 1.241552e+04 1.875229e+04 2.359953e+04
3.721432e+02 3.721432e+02 3.721432e+02 3.721432e+02 3.721433e+02 3.721446e+02 3.721500e+02 3.721770e+02 3.721978e+02 3.722213e+02 3.722698e+02 3.723165e+02 3.723696e+02 3.724466e+02 3.725674e+02 3.727473e+02 3.729921e+02 3.745580e+02 3.763706e+02 3.885380e+02 4.152006e+02 4.485974e+02 4.846736e+02 5.655389e+02 6.658449e+02 7.946124e+02 9.587131e+02 1.162746e+03 1.409242e+03 6.019510e+03 1.276387e+04 1.905524e+04 2.383737e+04
4.086717e+02 4.086717e+02 4.086717e+02 4.086721e+02 4.086735e+02 4.087172e+02 4.088415e+02 4.092321e+02 4.094775e+02 4.097502e+02 4.103647e+02 4.110578e+02 4.118199e+02 4.126474e+02 4.135403e+02 4.144980e+02 4.155150e+02 4.207714e+02 4.270029e+02 4.461254e+02 4.808708e+02 5.218604e+02 5.650364e+02 6.600757e+02 7.758632e+02 9.218984e+02 1.104978e+03 1.329426e+03 1.597400e+03 6.376656e+03 1.312809e+04 1.936681e+04 2.407959e+04
4.688217e+02 4.688217e+02 4.688217e+02 4.688217e+02 4.688219e+02 4.688287e+02 4.688541e+02 4.689677e+02 4.690578e+02 4.691735e+02 4.695001e+02 4.699861e+02 4.706598e+02 4.715327e+02 4.726015e+02 4.738506e+02 4.752536e+02 4.831675e+02 4.929778e+02 5.182800e+02 5.611144e+02 6.103473e+02 6.615997e+02 7.731845e+02 9.069569e+02 1.072545e+03 1.276444e+03 1.522611e+03 1.812859e+03 6.760944e+03 1.350857e+04 1.968686e+04 2.432599e+04
5.524740e+02 5.524740e+02 5.524740e+02 5.524744e+02 5.524757e+02 5.525172e+02 5.526391e+02 5.530751e+02 5.533803e+02 5.537394e+02 5.546040e+02 5.556357e+02 5.568039e+02 5.580848e+02 5.594610e+02 5.609184e+02 5.624402e+02 5.700276e+02 5.795441e+02 6.083681e+02 6.587767e+02 7.169836e+02 7.775304e+02 9.084972e+02 1.063021e+03 1.250505e+03 1.476969e+03 1.745960e+03 2.058996e+03 7.172547e+03 1.390573e+04 2.001526e+04 2.457639e+04
6.711459e+02 6.711459e+02 6.711459e+02 6.711460e+02 6.711461e+02 6.711505e+02 6.711641e+02 6.712103e+02 6.712339e+02 6.712524e+02 6.712695e+02 6.712749e+02 6.713083e+02 6.714198e+02 6.716551e+02 6.720453e+02 6.726002e+02 6.768388e+02 6.851448e+02 7.175203e+02 7.764598e+02 8.451545e+02 9.167069e+02 1.070439e+03 1.248627e+03 1.460239e+03 1.710752e+03 2.003331e+03 2.339294e+03 7.611514e+03 1.432012e+04 2.035187e+04 2.483057e+04
7.693365e+02 7.693365e+02 7.693365e+02 7.693373e+02 7.693400e+02 7.694249e+02 7.696849e+02 7.706018e+02 7.712041e+02 7.718813e+02 7.734219e+02 7.751628e+02 7.770612e+02 7.790855e+02 7.812122e+02 7.834212e+02 7.856882e+02 7.964671e+02 8.089380e+02 8.479441e+02 9.178514e+02 9.993574e+02 1.084107e+03 1.264369e+03 1.469035e+03 1.706650e+03 1.982231e+03 2.298673e+03 2.657225e+03 8.077760e+03 1.475245e+04 2.069652e+04 2.508832e+04
9.295215e+02 9.295215e+02 9.295216e+02 9.295218e+02 9.295227e+02 9.295507e+02 9.296361e+02 9.299110e+02 9.300672e+02 9.302268e+02 9.305649e+02 9.309763e+02 9.315342e+02 9.323051e+02 9.333351e+02 9.346432e+02 9.362179e+02 9.459840e+02 9.599436e+02 1.005871e+03 1.088869e+03 1.185765e+03 1.286101e+03 1.496598e+03 1.730084e+03 1.994929e+03 2.295920e+03 2.635871e+03 3.016117e+03 8.571077e+03 1.520391e+04 2.104910e+04 2.534941e+04
1.090648e+03 1.090648e+03 1.090648e+03 1.090649e+03 1.090653e+03 1.090764e+03 1.091109e+03 1.092377e+03 1.093226e+03 1.094181e+03 1.096340e+03 1.098745e+03 1.101334e+03 1.104067e+03 1.106925e+03 1.109894e+03 1.112951e+03 1.127651e+03 1.144523e+03 1.198654e+03 1.297210e+03 1.412164e+03 1.530359e+03 1.774157e+03 2.037915e+03 2.330287e+03 2.656177e+03 3.018550e+03 3.418988e+03 9.091137e+03 1.567523e+04 2.140945e+04 2.561363e+04
1.331409e+03 1.331409e+03 1.331409e+03 1.331409e+03 1.331410e+03 1.331431e+03 1.331498e+03 1.331743e+03 1.331901e+03 1.332073e+03 1.332467e+03 1.332968e+03 1.333653e+03 1.334600e+03 1.335871e+03 1.337503e+03 1.339497e+03 1.352345e+03 1.371352e+03 1.435525e+03 1.552278e+03 1.687627e+03 1.825415e+03 2.104325e+03 2.398538e+03 2.717593e+03 3.066912e+03 3.449853e+03 3.868379e+03 9.637504e+03 1.616515e+04 2.177747e+04 2.588075e+04
1.569186e+03 1.569186e+03 1.569186e+03 1.569188e+03 1.569193e+03 1.569341e+03 1.569689e+03 1.570808e+03 1.571575e+03 1.572479e+03 1.574691e+03 1.577411e+03 1.580598e+03 1.584215e+03 1.588238e+03 1.592645e+03 1.597397e+03 1.622863e+03 1.651684e+03 1.728902e+03 1.865227e+03 2.021961e+03 2.179962e+03 2.493965e+03 2.817303e+03 3.160966e+03 3.531282e+03 3.932212e+03 4.366191e+03 1.020964e+04 1.667254e+04 2.215307e+04 2.615055e+04
1.917457e+03 1.917457e+03 1.917457e+03 1.917457e+03 1.917457e+03 1.917474e+03 1.917527e+03 1.917769e+03 1.918007e+03 1.918365e+03 1.919561e+03 1.921543e+03 1.924412e+03 1.928194e+03 1.932863e+03 1.938347e+03 1.944530e+03 1.978871e+03 2.012662e+03 2.096472e+03 2.248413e+03 2.424801e+03 2.601982e+03 2.948825e+03 3.298351e+03 3.663364e+03 4.051406e+03 4.467161e+03 4.913553e+03 1.080692e+04 1.719630e+04 2.253622e+04 2.642279e+04
2.374870e+03 2.374870e+03 2.374870e+03 2.374872e+03 2.374876e+03 2.375022e+03 2.375479e+03 2.377297e+03 2.378638e+03 2.380242e+03 2.384150e+03 2.388850e+03 2.394206e+03 2.400114e+03 2.406499e+03 2.413293e+03 2.420404e+03 2.453989e+03 2.477257e+03 2.553191e+03 2.712396e+03 2.904198e+03 3.097807e+03 3.472867e+03 3.844118e+03 4.226255e+03 4.628148e+03 5.055197e+03 5.510742e+03 1.142860e+04 1.773529e+04 2.292695e+04 2.669728e+04
3.006913e+03 3.006913e+03 3.006913e+03 3.006914e+03 3.006916e+03 3.006984e+03 3.007193e+03 3.007871e+03 3.008259e+03 3.008651e+03 3.009422e+03 3.010213e+03 3.011150e+03 3.012402e+03 3.014143e+03 3.016501e+03 3.019514e+03 3.037406e+03 3.043835e+03 3.104889e+03 3.264206e+03 3.465803e+03 3.671429e+03 4.067707e+03 4.454977e+03 4.849415e+03 5.261022e+03 5.695742e+03 6.157171e+03 1.207388e+04 1.828829e+04 2.332539e+04 2.697379e+04
3.596786e+03 3.596786e+03 3.596786e+03 3.596785e+03 3.596783e+03 3.596848e+03 3.597180e+03 3.598707e+03 3.599905e+03 3.601394e+03 3.605250e+03 3.610261e+03 3.616389e+03 3.623583e+03 3.631786e+03 3.640916e+03 3.650834e+03 3.699459e+03 3.714331e+03 3.761626e+03 3.911382e+03 4.113539e+03 4.324241e+03 4.732276e+03 5.129102e+03 5.530922e+03 5.948246e+03 6.387215e+03 6.851460e+03 1.274182e+04 1.885404e+04 2.373193e+04 2.725214e+04
4.405076e+03 4.405076e+03 4.405076e+03 4.405077e+03 4.405078e+03 4.405130e+03 4.405324e+03 4.406566e+03 4.407749e+03 4.409340e+03 4.413794e+03 4.419985e+03 4.427930e+03 4.437609e+03 4.448951e+03 4.461824e+03 4.475986e+03 4.545780e+03 4.551841e+03 4.553255e+03 4.664819e+03 4.849659e+03 5.054727e+03 5.462796e+03 5.862657e+03 6.267396e+03 6.686960e+03 7.127210e+03 7.591567e+03 1.343140e+04 1.943119e+04 2.414712e+04 2.753215e+04
5.502536e+03 5.502536e+03 5.502536e+03 5.502539e+03 5.502549e+03 5.502869e+03 5.503867e+03 5.507720e+03 5.510460e+03 5.513678e+03 5.521423e+03 5.530746e+03 5.541503e+03 5.553593e+03 5.566947e+03 5.581466e+03 5.596930e+03 5.662999e+03 5.612706e+03 5.504655e+03 5.530678e+03 5.672249e+03 5.857909e+03 6.253248e+03 6.650354e+03 7.054477e+03 7.473589e+03 7.912758e+03 8.374981e+03 1.414149e+04 2.001835e+04 2.456973e+04 2.781366e+04
6.955765e+03 6.955765e+03 6.955765e+03 6.955766e+03 6.955767e+03 6.955812e+03 6.955954e+03 6.956577e+03 6.957139e+03 6.957933e+03 6.960383e+03 6.964201e+03 6.969580e+03 6.976640e+03 6.985415e+03 6.995811e+03 7.007518e+03 7.047526e+03 6.898504e+03 6.615093e+03 6.503878e+03 6.573882e+03 6.725728e+03 7.096389e+03 7.486315e+03 7.887450e+03 8.304282e+03 8.740630e+03 9.198926e+03 1.487086e+04 2.061411e+04 2.499853e+04 2.809653e+04
8.537473e+03 8.537473e+03 8.537473e+03 8.537476e+03 8.537484e+03 8.537757e+03 8.538610e+03 8.541990e+03 8.544467e+03 8.547419e+03 8.554605e+03 8.563302e+03 8.573331e+03 8.584577e+03 8.596952e+03 8.610300e+03 8.624232e+03 8.652236e+03 8.382286e+03 7.868077e+03 7.571977e+03 7.543970e+03 7.648937e+03 7.985142e+03 8.365042e+03 8.761887e+03 9.175330e+03 9.607609e+03 1.006054e+04 1.561816e+04 2.121703e+04 2.543240e+04 2.838068e+04
1.040579e+04 1.040579e+04 1.040579e+04 1.040580e+04 1.040580e+04 1.040589e+04 1.040618e+04 1.040738e+04 1.040831e+04 1.040951e+04 1.041283e+04 1.041752e+04 1.042375e+04 1.043162e+04 1.044114e+04 1.045210e+04 1.046397e+04 1.046603e+04 1.004577e+04 9.246696e+03 8.721667e+03 8.572244e+03 8.619414e+03 8.913899e+03 9.282183e+03 9.674111e+03 1.008345e+04 1.051067e+04 1.095699e+04 1.638195e+04 2.182565e+04 2.587029e+04 2.866607e+04
1.240460e+04 1.240460e+04 1.240460e+04 1.240460e+04 1.240461e+04 1.240489e+04 1.240575e+04 1.240918e+04 1.241170e+04 1.241471e+04 1.242208e+04 1.243107e+04 1.244148e+04 1.245313e+04 1.246583e+04 1.247927e+04 1.249273e+04 1.247039e+04 1.186947e+04 1.073340e+04 9.940598e+03 9.650564e+03 9.631564e+03 9.879233e+03 1.023489e+04 1.062137e+04 1.102587e+04 1.144703e+04 1.188553e+04 1.716068e+04 2.243852e+04 2.631113e+04 2.895271e+04
1.468932e+04 1.468932e+04 1.468932e+04 1.468932e+04 1.468932e+04 1.468930e+04 1.468922e+04 1.468903e+04 1.468903e+04 1.468915e+04 1.468995e+04 1.469164e+04 1.469440e+04 1.469833e+04 1.470345e+04 1.470950e+04 1.471565e+04 1.463466e+04 1.381723e+04 1.230350e+04 1.121612e+04 1.077299e+04 1.068247e+04 1.087979e+04 1.122161e+04 1.160167e+04 1.200024e+04 1.241410e+04 1.284344e+04 1.795269e+04 2.305423e+04 2.675384e+04 2.924080e+04
1.692203e+04 1.692203e+04 1.692203e+04 1.692203e+04 1.692204e+04 1.692230e+04 1.692309e+04 1.692594e+04 1.692787e+04 1.693008e+04 1.693528e+04 1.694144e+04 1.694841e+04 1.695599e+04 1.696394e+04 1.697177e+04 1.697840e+04 1.685855e+04 1.582372e+04 1.392414e+04 1.253560e+04 1.193558e+04 1.177131e+04 1.191555e+04 1.224152e+04 1.261337e+04 1.300432e+04 1.340929e+04 1.382795e+04 1.875623e+04 2.367134e+04 2.719736e+04 2.953075e+04
1.928934e+04 1.928934e+04 1.928934e+04 1.928934e+04 1.928932e+04 1.928913e+04 1.928877e+04 1.928768e+04 1.928695e+04 1.928609e+04 1.928400e+04 1.928144e+04 1.927849e+04 1.927532e+04 1.927208e+04 1.926859e+04 1.926397e+04 1.907332e+04 1.783028e+04 1.556810e+04 1.389109e+04 1.313739e+04 1.289890e+04 1.298680e+04 1.329372e+04 1.365465e+04 1.403570e+04 1.442984e+04 1.483615e+04 1.956947e+04 2.428849e+04 2.764063e+04 2.982193e+04
2.132935e+04 2.132935e+04 2.132935e+04 2.132934e+04 2.132933e+04 2.132896e+04 2.132783e+04 2.132441e+04 2.132264e+04 2.132100e+04 2.131835e+04 2.131678e+04 2.131653e+04 2.131774e+04 2.132048e+04 2.132439e+04 2.132824e+04 2.116878e+04 1.980784e+04 1.723746e+04 1.528910e+04 1.438303e+04 1.406773e+04 1.409338e+04 1.437659e+04 1.472306e+04 1.509148e+04 1.547263e+04 1.586485e+04 2.039050e+04 2.490432e+04 2.808259e+04 3.011340e+04
2.323393e+04 2.323393e+04 2.323393e+04 2.323394e+04 2.323396e+04 2.323461e+04 2.323667e+04 2.324482e+04 2.325084e+04 2.325806e+04 2.327580e+04 2.329744e+04 2.332238e+04 2.335002e+04 2.337970e+04 2.341045e+04 2.344044e+04 2.337155e+04 2.190477e+04 1.900361e+04 1.675810e+04 1.568312e+04 1.528119e+04 1.523385e+04 1.548729e+04 1.581524e+04 1.616814e+04 1.653414e+04 1.691057e+04 2.121733e+04 2.551752e+04 2.852218e+04 3.040436e+04
2.610340e+04 2.610340e+04 2.610340e+04 2.610340e+04 2.610341e+04 2.610362e+04 2.610427e+04 2.610687e+04 2.610882e+04 2.611120e+04 2.611725e+04 2.612508e+04 2.613479e+04 2.614646e+04 2.616002e+04 2.617492e+04 2.618954e+04 2.602887e+04 2.429958e+04 2.093932e+04 1.832320e+04 1.704506e+04 1.653994e+04 1.640480e+04 1.662155e+04 1.692686e+04 1.726148e+04 1.761040e+04 1.796959e+04 2.204793e+04 2.612681e+04 2.895840e+04 3.069412e+04
2.919558e+04 2.919558e+04 2.919558e+04 2.919558e+04 2.919558e+04 2.919559e+04 2.919562e+04 2.919574e+04 2.919584e+04 2.919598e+04 2.919652e+04 2.919759e+04 2.919943e+04 2.920228e+04 2.920621e+04 2.921078e+04 2.921432e+04 2.896159e+04 2.692273e+04 2.302489e+04 1.997814e+04 1.846428e+04 1.783898e+04 1.760048e+04 1.777373e+04 1.805271e+04 1.836683e+04 1.869716e+04 1.903801e+04 2.288019e+04 2.673096e+04 2.939022e+04 3.098198e+04
3.215478e+04 3.215478e+04 3.215478e+04 3.215478e+04 3.215479e+04 3.215511e+04 3.215609e+04 3.215977e+04 3.216231e+04 3.216526e+04 3.217229e+04 3.218078e+04 3.219067e+04 3.220192e+04 3.221432e+04 3.222713e+04 3.223827e+04 3.197706e+04 2.966821e+04 2.521518e+04 2.170340e+04 1.992923e+04 1.916914e+04 1.881324e+04 1.893719e+04 1.918711e+04 1.947924e+04 1.979006e+04 2.011191e+04 2.371201e+04 2.732878e+04 2.981670e+04 3.126728e+04
3.533774e+04 3.533774e+04 3.533774e+04 3.533774e+04 3.533775e+04 3.533807e+04 3.533906e+04 3.534286e+04 3.534563e+04 3.534894e+04 3.535723e+04 3.536769e+04 3.538026e+04 3.539481e+04 3.541101e+04 3.542791e+04 3.544302e+04 3.515991e+04 3.255718e+04 2.750401e+04 2.348689e+04 2.142796e+04 2.051960e+04 2.003441e+04 2.010496e+04 2.032432e+04 2.059389e+04 2.088492e+04 2.118751e+04 2.454122e+04 2.791911e+04 3.023689e+04 3.154940e+04
3.886794e+04 3.886794e+04 3.886794e+04 3.886794e+04 3.886795e+04 3.886816e+04 3.886881e+04 3.887140e+04 3.887334e+04 3.887568e+04 3.888151e+04 3.888874e+04 3.889723e+04 3.890690e+04 3.891749e+04 3.892807e+04 3.893606e+04 3.857136e+04 3.560703e+04 2.988421e+04 2.531492e+04 2.294709e+04 2.187865e+04 2.125540e+04 2.127054e+04 2.145919e+04 2.170646e+04 2.197793e+04 2.226134e+04 2.536568e+04 2.850085e+04 3.064991e+04 3.182770e+04
4.252812e+04 4.252812e+04 4.252812e+04 4.252812e+04 4.252812e+04 4.252811e+04 4.252808e+04 4.252794e+04 4.252785e+04 4.252774e+04 4.252760e+04 4.252774e+04 4.252842e+04 4.252986e+04 4.253204e+04 4.253413e+04 4.253342e+04 4.208346e+04 3.874302e+04 3.231662e+04 2.716506e+04 2.447156e+04 2.323511e+04 2.246907e+04 2.242879e+04 2.258762e+04 2.281343e+04 2.306585e+04 2.333032e+04 2.618321e+04 2.907292e+04 3.105492e+04 3.210158e+04
4.598164e+04 4.598164e+04 4.598164e+04 4.598164e+04 4.598165e+04 4.598195e+04 4.598285e+04 4.598622e+04 4.598854e+04 4.599121e+04 4.599755e+04 4.600515e+04 4.601396e+04 4.602391e+04 4.603472e+04 4.604525e+04 4.605232e+04 4.558648e+04 4.190383e+04 3.476871e+04 2.901889e+04 2.598976e+04 2.458100e+04 2.367086e+04 2.357648e+04 2.370691e+04 2.391222e+04 2.414611e+04 2.439179e+04 2.699165e+04 2.963430e+04 3.145113e+04 3.237048e+04
4.959527e+04 4.959527e+04 4.959527e+04 4.959527e+04 4.959528e+04 4.959557e+04 4.959649e+04 4.960013e+04 4.960280e+04 4.960601e+04 4.961395e+04 4.962378e+04 4.963540e+04 4.964861e+04 4.966297e+04 4.967706e+04 4.968724e+04 4.918122e+04 4.512048e+04 3.723773e+04 3.086770e+04 2.749506e+04 2.591215e+04 2.485905e+04 2.471241e+04 2.481569e+04 2.500115e+04 2.521669e+04 2.544347e+04 2.778887e+04 3.018401e+04 3.183780e+04 3.263381e+04
5.349581e+04 5.349581e+04 5.349581e+04 5.349581e+04 5.349582e+04 5.349595e+04 5.349636e+04 5.349800e+04 5.349922e+04 5.350071e+04 5.350445e+04 5.350904e+04 5.351424e+04 5.351975e+04 5.352499e+04 5.352845e+04 5.352623e+04 5.289214e+04 4.837120e+04 3.969572e+04 3.269504e+04 2.898025e+04 2.722613e+04 2.603402e+04 2.583688e+04 2.591359e+04 2.607912e+04 2.627591e+04 2.648325e+04 2.857275e+04 3.072111e+04 3.221426e+04 3.289107e+04
5.739527e+04 5.739527e+04 5.739527e+04 5.739527e+04 5.739525e+04 5.739472e+04 5.739307e+04 5.738666e+04 5.738213e+04 5.737686e+04 5.736442e+04 5.734980e+04 5.733330e+04 5.731517e+04 5.729539e+04 5.727292e+04 5.724405e+04 5.643668e+04 5.146898e+04 4.205609e+04 3.447023e+04 3.043661e+04 2.852185e+04 2.719767e+04 2.695106e+04 2.700067e+04 2.714527e+04 2.732221e+04 2.750907e+04 2.934121e+04 3.124472e+04 3.257987e+04 3.314172e+04
6.034445e+04 6.034445e+04 6.034445e+04 6.034444e+04 6.034443e+04 6.034389e+04 6.034222e+04 6.033585e+04 6.033151e+04 6.032666e+04 6.031593e+04 6.030437e+04 6.029238e+04 6.028023e+04 6.026779e+04 6.025379e+04 6.023417e+04 5.944407e+04 5.423564e+04 4.426065e+04 3.618181e+04 3.186564e+04 2.980351e+04 2.835321e+04 2.805637e+04 2.807687e+04 2.819847e+04 2.835372e+04 2.851862e+04 3.009223e+04 3.175399e+04 3.293408e+04 3.338531e+04
6.263797e+04 6.263797e+04 6.263797e+04 6.263797e+04 6.263799e+04 6.263850e+04 6.264011e+04 6.264651e+04 6.265131e+04 6.265717e+04 6.267193e+04 6.269040e+04 6.271200e+04 6.273607e+04 6.276163e+04 6.278663e+04 6.280622e+04 6.217160e+04 5.684739e+04 4.640325e+04 3.787428e+04 3.328937e+04 3.108299e+04 2.950458e+04 2.915361e+04 2.914137e+04 2.923692e+04 2.936807e+04 2.950918e+04 3.082383e+04 3.224813e+04 3.327638e+04 3.362138e+04
6.578249e+04 6.578249e+04 6.578249e+04 6.578249e+04 6.578250e+04 6.578280e+04 6.578372e+04 6.578755e+04 6.579053e+04 6.579428e+04 6.580417e+04 6.581729e+04 6.583367e+04 6.585323e+04 6.587548e+04 6.589861e+04 6.591774e+04 6.526637e+04 5.968443e+04 4.866086e+04 3.962083e+04 3.473904e+04 3.237454e+04 3.065455e+04 3.024206e+04 3.019198e+04 3.025776e+04 3.036211e+04 3.047752e+04 3.153414e+04 3.272642e+04 3.360631e+04 3.384952e+04
6.949842e+04 6.949842e+04 6.949842e+04 6.949843e+04 6.949843e+04 6.949873e+04 6.949966e+04 6.950337e+04 6.950615e+04 6.950951e+04 6.951798e+04 6.952870e+04 6.954160e+04 6.955663e+04 6.957337e+04 6.959009e+04 6.960179e+04 6.886255e+04 6.288424e+04 5.111896e+04 4.146236e+04 3.623251e+04 3.368523e+04 3.180226e+04 3.131853e+04 3.122477e+04 3.125691e+04 3.133183e+04 3.141981e+04 3.222138e+04 3.318818e+04 3.392348e+04 3.406935e+04
7.357671e+04 7.357671e+04 7.357671e+04 7.357672e+04 7.357672e+04 7.357691e+04 7.357752e+04 7.357992e+04 7.358173e+04 7.358394e+04 7.358958e+04 7.359691e+04 7.360597e+04 7.361675e+04 7.362881e+04 7.364030e+04 7.364589e+04 7.281421e+04 6.637749e+04 5.375623e+04 4.339272e+04 3.776570e+04 3.501033e+04 3.294173e+04 3.237688e+04 3.223395e+04 3.222905e+04 3.227244e+04 3.233175e+04 3.288388e+04 3.363280e+04 3.422757e+04 3.428053e+04
7.784111e+04 7.784111e+04 7.784111e+04 7.784111e+04 7.784111e+04 7.784131e+04 7.784190e+04 7.784418e+04 7.784585e+04 7.784788e+04 7.785299e+04 7.785949e+04 7.786739e+04 7.787661e+04 7.788667e+04 7.789558e+04 7.789764e+04 7.698138e+04 7.005967e+04 5.651302e+04 4.537987e+04 3.931863e+04 3.633501e+04 3.406224e+04 3.340834e+04 3.321213e+04 3.316791e+04 3.317856e+04 3.320872e+04 3.352014e+04 3.405972e+04 3.451827e+04 3.448274e+04
8.222747e+04 8.222747e+04 8.222747e+04 8.222747e+04 8.222747e+04 8.222762e+04 8.222808e+04 8.222991e+04 8.223128e+04 8.223295e+04 8.223719e+04 8.224264e+04 8.224928e+04 8.225704e+04 8.226540e+04 8.227221e+04 8.227138e+04 8.127214e+04 7.384583e+04 5.932707e+04 4.738282e+04 4.086315e+04 3.763832e+04 3.514988e+04 3.440248e+04 3.415104e+04 3.406676e+04 3.404464e+04 3.404607e+04 3.412879e+04 3.446846e+04 3.479538e+04 3.467573e+04
8.667651e+04 8.667651e+04 8.667651e+04 8.667651e+04 8.667651e+04 8.667663e+04 8.667700e+04 8.667849e+04 8.667961e+04 8.668099e+04 8.668455e+04 8.668916e+04 8.669481e+04 8.670136e+04 8.670818e+04 8.671288e+04 8.670885e+04 8.561708e+04 7.765793e+04 6.213196e+04 4.935453e+04 4.236652e+04 3.889630e+04 3.618961e+04 3.534849e+04 3.504238e+04 3.491902e+04 3.486535e+04 3.483944e+04 3.470869e+04 3.485861e+04 3.505870e+04 3.485924e+04
9.114782e+04 9.114782e+04 9.114782e+04 9.114782e+04 9.114783e+04 9.114795e+04 9.114831e+04 9.114978e+04 9.115085e+04 9.115212e+04 9.115502e+04 9.115801e+04 9.116062e+04 9.116243e+04 9.116259e+04 9.115853e+04 9.114330e+04 8.990762e+04 8.137334e+04 6.483382e+04 5.123630e+04 4.379207e+04 4.008420e+04 3.716720e+04 3.623649e+04 3.587871e+04 3.571887e+04 3.563604e+04 3.558506e+04 3.525886e+04 3.522982e+04 3.530810e+04 3.503310e+04
9.546988e+04 9.546988e+04 9.546988e+04 9.546988e+04 9.546986e+04 9.546934e+04 9.546770e+04 9.546115e+04 9.545627e+04 9.545035e+04 9.543568e+04 9.541763e+04 9.539666e+04 9.537306e+04 9.534656e+04 9.531491e+04 9.527117e+04 9.383733e+04 8.475381e+04 6.729494e+04 5.295878e+04 4.510296e+04 4.117976e+04 3.807115e+04 3.705872e+04 3.665422e+04 3.646177e+04 3.635312e+04 3.628002e+04 3.577857e+04 3.558182e+04 3.554351e+04 3.519713e+04
9.864932e+04 9.864932e+04 9.864932e+04 9.864931e+04 9.864929e+04 9.864876e+04 9.864711e+04 9.864051e+04 9.863564e+04 9.862980e+04 9.861552e+04 9.859812e+04 9.857796e+04 9.855518e+04 9.852940e+04 9.849820e+04 9.845437e+04 9.697267e+04 8.754383e+04 6.939545e+04 5.447056e+04 4.627478e+04 4.216911e+04 3.889440e+04 3.781032e+04 3.736522e+04 3.714484e+04 3.701430e+04 3.692251e+04 3.626728e+04 3.591440e+04 3.576487e+04 3.535121e+04
1.007841e+05 1.007841e+05 1.007841e+05 1.007841e+05 1.007841e+05 1.007841e+05 1.007841e+05 1.007840e+05 1.007839e+05 1.007839e+05 1.007835e+05 1.007827e+05 1.007812e+05 1.007786e+05 1.007742e+05 1.007652e+05 1.007440e+05 9.934662e+04 8.976751e+04 7.114992e+04 5.577813e+04 4.730946e+04 4.305200e+04 3.963538e+04 3.848971e+04 3.801037e+04 3.776700e+04 3.761871e+04 3.751182e+04 3.672468e+04 3.622743e+04 3.597220e+04 3.549526e+04
1.027215e+05 1.027215e+05 1.027215e+05 1.027215e+05 1.027215e+05 1.027215e+05 1.027215e+05 1.027216e+05 1.027218e+05 1.027223e+05 1.027239e+05 1.027267e+05 1.027306e+05 1.027356e+05 1.027409e+05 1.027438e+05 1.027364e+05 1.014055e+05 9.171294e+04 7.270187e+04 5.694281e+04 4.823334e+04 4.384063e+04 4.029763e+04 3.909843e+04 3.859062e+04 3.832895e+04 3.816693e+04 3.804842e+04 3.715069e+04 3.652084e+04 3.616553e+04 3.562920e+04
1.047532e+05 1.047532e+05 1.047532e+05 1.047532e+05 1.047532e+05 1.047535e+05 1.047545e+05 1.047583e+05 1.047612e+05 1.047648e+05 1.047738e+05 1.047852e+05 1.047988e+05 1.048143e+05 1.048308e+05 1.048451e+05 1.048492e+05 1.035469e+05 9.367327e+04 7.420907e+04 5.803626e+04 4.907952e+04 4.455202e+04 4.088780e+04 3.964045e+04 3.910887e+04 3.883298e+04 3.866078e+04 3.853378e+04 3.754542e+04 3.679464e+04 3.634493e+04 3.575303e+04
1.073096e+05 1.073096e+05 1.073096e+05 1.073096e+05 1.073096e+05 1.073100e+05 1.073109e+05 1.073142e+05 1.073164e+05 1.073188e+05 1.073246e+05 1.073315e+05 1.073394e+05 1.073482e+05 1.073572e+05 1.073634e+05 1.073587e+05 1.059764e+05 9.579091e+04 7.575176e+04 5.909918e+04 4.987009e+04 4.519990e+04 4.141354e+04 4.012126e+04 3.956944e+04 3.928258e+04 3.910311e+04 3.897023e+04 3.790914e+04 3.704888e+04 3.651051e+04 3.586674e+04
1.100835e+05 1.100835e+05 1.100835e+05 1.100835e+05 1.100835e+05 1.100834e+05 1.100832e+05 1.100825e+05 1.100820e+05 1.100813e+05 1.100796e+05 1.100775e+05 1.100751e+05 1.100725e+05 1.100690e+05 1.100620e+05 1.100431e+05 1.085450e+05 9.798678e+04 7.730278e+04 6.012820e+04 5.060964e+04 4.579115e+04 4.188192e+04 4.054703e+04 3.997753e+04 3.968205e+04 3.949746e+04 3.936068e+04 3.824233e+04 3.728369e+04 3.666242e+04 3.597037e+04
1.126023e+05 1.126023e+05 1.126023e+05 1.126023e+05 1.126023e+05 1.126023e+05 1.126021e+05 1.126014e+05 1.126008e+05 1.126002e+05 1.125985e+05 1.125964e+05 1.125938e+05 1.125906e+05 1.125862e+05 1.125774e+05 1.125557e+05 1.109927e+05 1.000961e+05 7.878479e+04 6.109569e+04 5.129157e+04 4.632746e+04 4.229904e+04 4.092400e+04 4.033864e+04 4.003608e+04 3.984775e+04 3.970839e+04 3.854558e+04 3.749927e+04 3.680083e+04 3.606398e+04
1.148798e+05 1.148798e+05 1.148798e+05 1.148798e+05 1.148798e+05 1.148798e+05 1.148796e+05 1.148790e+05 1.148785e+05 1.148780e+05 1.148765e+05 1.148746e+05 1.148722e+05 1.148691e+05 1.148646e+05 1.148554e+05 1.148326e+05 1.132196e+05 1.020214e+05 8.013734e+04 6.197503e+04 5.190746e+04 4.680882e+04 4.267018e+04 4.125805e+04 4.065815e+04 4.034932e+04 4.015793e+04 4.001670e+04 3.881958e+04 3.769584e+04 3.692592e+04 3.614767e+04
1.169393e+05 1.169393e+05 1.169393e+05 1.169393e+05 1.169393e+05 1.169392e+05 1.169390e+05 1.169382e+05 1.169374e+05 1.169363e+05 1.169332e+05 1.169287e+05 1.169230e+05 1.169157e+05 1.169062e+05 1.168912e+05 1.168618e+05 1.151782e+05 1.037015e+05 8.131709e+04 6.274583e+04 5.245075e+04 4.723542e+04 4.300003e+04 4.155444e+04 4.094097e+04 4.062607e+04 4.043172e+04 4.028880e+04 3.906515e+04 3.787369e+04 3.703794e+04 3.622154e+04
1.186229e+05 1.186229e+05 1.186229e+05 1.186229e+05 1.186229e+05 1.186226e+05 1.186217e+05 1.186183e+05 1.186157e+05 1.186125e+05 1.186045e+05 1.185942e+05 1.185818e+05 1.185672e+05 1.185500e+05 1.185270e+05 1.184893e+05 1.167418e+05 1.050508e+05 8.228197e+04 6.339278e+04 5.291805e+04 4.760879e+04 4.329291e+04 4.181769e+04 4.119125e+04 4.087006e+04 4.067242e+04 4.052759e+04 3.928314e+04 3.803316e+04 3.713711e+04 3.628572e+04
1.196491e+05 1.196491e+05 1.196491e+05 1.196491e+05 1.196491e+05 1.196488e+05 1.196479e+05 1.196445e+05 1.196421e+05 1.196393e+05 1.196324e+05 1.196242e+05 1.196147e+05 1.196039e+05 1.195910e+05 1.195728e+05 1.195402e+05 1.178057e+05 1.060215e+05 8.301960e+04 6.391681e+04 5.331369e+04 4.793377e+04 4.355315e+04 4.205157e+04 4.141236e+04 4.108430e+04 4.088274e+04 4.073554e+04 3.947447e+04 3.817461e+04 3.722370e+04 3.634038e+04
1.202069e+05 1.202069e+05 1.202069e+05 1.202069e+05 1.202069e+05 1.202069e+05 1.202069e+05 1.202069e+05 1.202069e+05 1.202069e+05 1.202069e+05 1.202068e+05 1.202064e+05 1.202055e+05 1.202034e+05 1.201965e+05 1.201757e+05 1.184988e+05 1.067079e+05 8.358621e+04 6.434770e+04 5.365379e+04 4.821988e+04 4.378522e+04 4.225909e+04 4.160677e+04 4.127107e+04 4.106482e+04 4.091468e+04 3.964007e+04 3.829846e+04 3.729800e+04 3.638569e+04
1.207138e+05 1.207138e+05 1.207138e+05 1.207138e+05 1.207138e+05 1.207138e+05 1.207138e+05 1.207138e+05 1.207139e+05 1.207139e+05 1.207143e+05 1.207153e+05 1.207170e+05 1.207195e+05 1.207220e+05 1.207213e+05 1.207081e+05 1.190812e+05 1.073006e+05 8.408957e+04 6.473744e+04 5.396336e+04 4.847991e+04 4.399351e+04 4.244250e+04 4.177620e+04 4.143194e+04 4.122025e+04 4.106657e+04 3.978091e+04 3.840515e+04 3.736029e+04 3.642183e+04
1.212864e+05 1.212864e+05 1.212864e+05 1.212864e+05 1.212864e+05 1.212867e+05 1.212876e+05 1.212913e+05 1.212941e+05 1.212975e+05 1.213059e+05 1.213165e+05 1.213290e+05 1.213432e+05 1.213580e+05 1.213700e+05 1.213698e+05 1.197998e+05 1.079976e+05 8.464411e+04 6.514041e+04 5.426755e+04 4.872602e+04 4.418139e+04 4.260315e+04 4.192160e+04 4.156791e+04 4.135011e+04 4.119243e+04 3.989794e+04 3.849514e+04 3.741090e+04 3.644901e+04
1.223841e+05 1.223841e+05 1.223841e+05 1.223841e+05 1.223841e+05 1.223844e+05 1.223854e+05 1.223891e+05 1.223919e+05 1.223953e+05 1.224038e+05 1.224146e+05 1.224274e+05 1.224419e+05 1.224571e+05 1.224696e+05 1.224695e+05 1.208834e+05 1.089502e+05 8.532864e+04 6.559189e+04 5.458188e+04 4.896521e+04 4.435040e+04 4.274149e+04 4.204333e+04 4.167950e+04 4.145515e+04 4.129317e+04 3.999213e+04 3.856892e+04 3.745016e+04 3.646744e+04
1.240064e+05 1.240064e+05 1.240064e+05 1.240064e+05 1.240064e+05 1.240064e+05 1.240064e+05 1.240063e+05 1.240062e+05 1.240062e+05 1.240066e+05 1.240076e+05 1.240095e+05 1.240121e+05 1.240148e+05 1.240142e+05 1.240007e+05 1.223232e+05 1.101530e+05 8.614139e+04 6.609133e+04 5.490588e+04 4.919690e+04 4.449994e+04 4.285715e+04 4.214134e+04 4.176696e+04 4.153589e+04 4.136953e+04 4.006445e+04 3.862702e+04 3.747838e+04 3.647735e+04
1.256616e+05 1.256616e+05 1.256616e+05 1.256616e+05 1.256616e+05 1.256616e+05 1.256616e+05 1.256615e+05 1.256614e+05 1.256612e+05 1.256609e+05 1.256605e+05 1.256599e+05 1.256592e+05 1.256575e+05 1.256515e+05 1.256314e+05 1.238830e+05 1.114600e+05 8.701146e+04 6.660831e+04 5.522599e+04 4.941440e+04 4.462781e+04 4.294927e+04 4.221539e+04 4.183047e+04 4.159276e+04 4.142214e+04 4.011584e+04 3.866996e+04 3.749592e+04 3.647898e+04
1.272172e+05 1.272172e+05 1.272172e+05 1.272172e+05 1.272172e+05 1.272171e+05 1.272170e+05 1.272167e+05 1.272164e+05 1.272161e+05 1.272154e+05 1.272144e+05 1.272132e+05 1.272116e+05 1.272089e+05 1.272015e+05 1.271795e+05 1.253889e+05 1.127392e+05 8.786446e+04 6.710754e+04 5.552552e+04 4.960930e+04 4.473145e+04 4.301698e+04 4.226531e+04 4.187021e+04 4.162623e+04 4.145166e+04 4.014726e+04 3.869828e+04 3.750314e+04 3.647257e+04
1.286478e+05 1.286478e+05 1.286478e+05 1.286478e+05 1.286478e+05 1.286477e+05 1.286476e+05 1.286471e+05 1.286468e+05 1.286464e+05 1.286452e+05 1.286438e+05 1.286421e+05 1.286398e+05 1.286363e+05 1.286280e+05 1.286047e+05 1.267803e+05 1.139270e+05 8.865604e+04 6.756476e+04 5.579193e+04 4.977497e+04 4.480886e+04 4.305976e+04 4.229118e+04 4.188658e+04 4.163687e+04 4.145881e+04 4.015966e+04 3.871256e+04 3.750038e+04 3.645838e+04
1.299332e+05 1.299332e+05 1.299332e+05 1.299332e+05 1.299332e+05 1.299332e+05 1.299331e+05 1.299326e+05 1.299322e+05 1.299317e+05 1.299305e+05 1.299288e+05 1.299267e+05 1.299239e+05 1.299197e+05 1.299104e+05 1.298858e+05 1.280304e+05 1.149935e+05 8.936295e+04 6.796609e+04 5.601764e+04 4.990738e+04 4.485903e+04 4.307763e+04 4.229341e+04 4.188019e+04 4.162542e+04 4.144440e+04 4.015397e+04 3.871335e+04 3.748801e+04 3.643665e+04
