1.058391e+06 9.774154e+05 1.003255e+06 1.033374e+06 1.034126e+06 9.893964e+05 9.597966e+05 9.240376e+05 9.107849e+05 8.979141e+05 8.675807e+05 8.304411e+05 7.942706e+05 7.653574e+05 7.447678e+05 7.310968e+05 7.226149e+05 7.215545e+05 7.505675e+05 7.908728e+05 8.353694e+05 8.805424e+05 9.245935e+05 1.006354e+06 1.078472e+06 1.141523e+06 1.196694e+06 1.245156e+06 1.287912e+06 1.524819e+06 1.584927e+06 1.568971e+06 1.519290e+06
9.490555e+05 9.490576e+05 9.490637e+05 9.491779e+05 9.492720e+05 9.416447e+05 9.335852e+05 9.068364e+05 8.978214e+05 8.876589e+05 8.605804e+05 8.253872e+05 7.905509e+05 7.626270e+05 7.428072e+05 7.297535e+05 7.217772e+05 7.222912e+05 7.521185e+05 7.928815e+05 8.376194e+05 8.828950e+05 9.269606e+05 1.008610e+06 1.080543e+06 1.143396e+06 1.198381e+06 1.246676e+06 1.289284e+06 1.525362e+06 1.585120e+06 1.568981e+06 1.519202e+06
9.113016e+05 9.113022e+05 9.113038e+05 9.113409e+05 9.114139e+05 9.085601e+05 9.033194e+05 8.938834e+05 8.820066e+05 8.726943e+05 8.502961e+05 8.183457e+05 7.856166e+05 7.591467e+05 7.403879e+05 7.281407e+05 7.207963e+05 7.231287e+05 7.538158e+05 7.950359e+05 8.400010e+05 8.853617e+05 9.294251e+05 1.010936e+06 1.082664e+06 1.145307e+06 1.200097e+06 1.248218e+06 1.290674e+06 1.525909e+06 1.585314e+06 1.568990e+06 1.519112e+06
8.867741e+05 8.867743e+05 8.867750e+05 8.867924e+05 8.868325e+05 8.864325e+05 8.806681e+05 8.810171e+05 8.768772e+05 8.670768e+05 8.405260e+05 8.100726e+05 7.796376e+05 7.549563e+05 7.375209e+05 7.262646e+05 7.196790e+05 7.240755e+05 7.556659e+05 7.973403e+05 8.425166e+05 8.879440e+05 9.319877e+05 1.013332e+06 1.084835e+06 1.147254e+06 1.201840e+06 1.249782e+06 1.292080e+06 1.526457e+06 1.585507e+06 1.568999e+06 1.519021e+06
8.692564e+05 8.692565e+05 8.692569e+05 8.692674e+05 8.692932e+05 8.693706e+05 8.667630e+05 8.620537e+05 8.634348e+05 8.605853e+05 8.380782e+05 8.047033e+05 7.738917e+05 7.505205e+05 7.343980e+05 7.242136e+05 7.184708e+05 7.251400e+05 7.576737e+05 7.997979e+05 8.451682e+05 8.906428e+05 9.346488e+05 1.015798e+06 1.087057e+06 1.149239e+06 1.203612e+06 1.251367e+06 1.293504e+06 1.527008e+06 1.585700e+06 1.569007e+06 1.518930e+06
8.562084e+05 8.562085e+05 8.562088e+05 8.562165e+05 8.562361e+05 8.564243e+05 8.554141e+05 8.492524e+05 8.491264e+05 8.488273e+05 8.347501e+05 8.039275e+05 7.716506e+05 7.472074e+05 7.316093e+05 7.222703e+05 7.173171e+05 7.263351e+05 7.598437e+05 8.024108e+05 8.479568e+05 8.934585e+05 9.374083e+05 1.018333e+06 1.089329e+06 1.151261e+06 1.205411e+06 1.252974e+06 1.294944e+06 1.527561e+06 1.585893e+06 1.569014e+06 1.518838e+06
8.462163e+05 8.462164e+05 8.462166e+05 8.462220e+05 8.462364e+05 8.464436e+05 8.461495e+05 8.413314e+05 8.393046e+05 8.379755e+05 8.280888e+05 8.026803e+05 7.722049e+05 7.471912e+05 7.304694e+05 7.210447e+05 7.165379e+05 7.276865e+05 7.621807e+05 8.051809e+05 8.508830e+05 8.963911e+05 9.402660e+05 1.020937e+06 1.091650e+06 1.153318e+06 1.207238e+06 1.254601e+06 1.296401e+06 1.528116e+06 1.586086e+06 1.569021e+06 1.518746e+06
8.386135e+05 8.386135e+05 8.386137e+05 8.386181e+05 8.386302e+05 8.388492e+05 8.389201e+05 8.359168e+05 8.332935e+05 8.305720e+05 8.206729e+05 7.994752e+05 7.726236e+05 7.489481e+05 7.320385e+05 7.217110e+05 7.167204e+05 7.292416e+05 7.646922e+05 8.081094e+05 8.539468e+05 8.994401e+05 9.432211e+05 1.023610e+06 1.094019e+06 1.155412e+06 1.209092e+06 1.256250e+06 1.297873e+06 1.528674e+06 1.586279e+06 1.569026e+06 1.518652e+06
8.332076e+05 8.332077e+05 8.332078e+05 8.332116e+05 8.332219e+05 8.334317e+05 8.336659e+05 8.320589e+05 8.296578e+05 8.262285e+05 8.147979e+05 7.953431e+05 7.719507e+05 7.507849e+05 7.348571e+05 7.244643e+05 7.188190e+05 7.310812e+05 7.673904e+05 8.111985e+05 8.571478e+05 9.026045e+05 9.462725e+05 1.026350e+06 1.096437e+06 1.157540e+06 1.210972e+06 1.257919e+06 1.299362e+06 1.529233e+06 1.586472e+06 1.569032e+06 1.518558e+06
8.296080e+05 8.296081e+05 8.296082e+05 8.296115e+05 8.296206e+05 8.298201e+05 8.301322e+05 8.294551e+05 8.275448e+05 8.240197e+05 8.112001e+05 7.917514e+05 7.705720e+05 7.520445e+05 7.378713e+05 7.281800e+05 7.224977e+05 7.333303e+05 7.702949e+05 8.144512e+05 8.604858e+05 9.058833e+05 9.494192e+05 1.029156e+06 1.098902e+06 1.159703e+06 1.212878e+06 1.259607e+06 1.300867e+06 1.529795e+06 1.586664e+06 1.569036e+06 1.518463e+06
8.275121e+05 8.275122e+05 8.275123e+05 8.275151e+05 8.275232e+05 8.277105e+05 8.280559e+05 8.279772e+05 8.265622e+05 8.232744e+05 8.097261e+05 7.895889e+05 7.693372e+05 7.528326e+05 7.406009e+05 7.321438e+05 7.269562e+05 7.361740e+05 7.734359e+05 8.178729e+05 8.639608e+05 9.092752e+05 9.526594e+05 1.032027e+06 1.101413e+06 1.161901e+06 1.214809e+06 1.261316e+06 1.302387e+06 1.530358e+06 1.586856e+06 1.569040e+06 1.518367e+06
8.693800e+05 8.693800e+05 8.693801e+05 8.693818e+05 8.693870e+05 8.695414e+05 8.699862e+05 8.715112e+05 8.719343e+05 8.709282e+05 8.608199e+05 8.403157e+05 8.173867e+05 7.988879e+05 7.868473e+05 7.806341e+05 7.788872e+05 7.994047e+05 8.304421e+05 8.664389e+05 9.073377e+05 9.494227e+05 9.899206e+05 1.063979e+06 1.128822e+06 1.185562e+06 1.235407e+06 1.279395e+06 1.318373e+06 1.536094e+06 1.588762e+06 1.569034e+06 1.517365e+06
9.947501e+05 9.947501e+05 9.947501e+05 9.947499e+05 9.947491e+05 9.947372e+05 9.947597e+05 9.948914e+05 9.943085e+05 9.919455e+05 9.777821e+05 9.521879e+05 9.245603e+05 9.020902e+05 8.863248e+05 8.762474e+05 8.705047e+05 8.785970e+05 9.111655e+05 9.447306e+05 9.757742e+05 1.006392e+06 1.037691e+06 1.101160e+06 1.159607e+06 1.211660e+06 1.257860e+06 1.298929e+06 1.335522e+06 1.541977e+06 1.590626e+06 1.568946e+06 1.516280e+06
1.092796e+06 1.092796e+06 1.092796e+06 1.092796e+06 1.092798e+06 1.092844e+06 1.092988e+06 1.093473e+06 1.093156e+06 1.091217e+06 1.078649e+06 1.055340e+06 1.029762e+06 1.008579e+06 9.933131e+05 9.830336e+05 9.764340e+05 9.725244e+05 9.925772e+05 1.021656e+06 1.050475e+06 1.076237e+06 1.099934e+06 1.146207e+06 1.193684e+06 1.239619e+06 1.281588e+06 1.319431e+06 1.353443e+06 1.547949e+06 1.592430e+06 1.568767e+06 1.515107e+06
1.180756e+06 1.180756e+06 1.180756e+06 1.180756e+06 1.180756e+06 1.180764e+06 1.180784e+06 1.180732e+06 1.180044e+06 1.177753e+06 1.164922e+06 1.142299e+06 1.118089e+06 1.098415e+06 1.084472e+06 1.075216e+06 1.069311e+06 1.063318e+06 1.073519e+06 1.092831e+06 1.116594e+06 1.140232e+06 1.161630e+06 1.198907e+06 1.234191e+06 1.270296e+06 1.306613e+06 1.340688e+06 1.371873e+06 1.553947e+06 1.594154e+06 1.568489e+06 1.513843e+06
1.229508e+06 1.229508e+06 1.229508e+06 1.229509e+06 1.229509e+06 1.229520e+06 1.229563e+06 1.229678e+06 1.229257e+06 1.227596e+06 1.217857e+06 1.200483e+06 1.181823e+06 1.166643e+06 1.155906e+06 1.148840e+06 1.144420e+06 1.140584e+06 1.146970e+06 1.158745e+06 1.175552e+06 1.195174e+06 1.214911e+06 1.249514e+06 1.278621e+06 1.306284e+06 1.334383e+06 1.363124e+06 1.390879e+06 1.559907e+06 1.595776e+06 1.568102e+06 1.512484e+06
1.264147e+06 1.264147e+06 1.264147e+06 1.264147e+06 1.264147e+06 1.264146e+06 1.264140e+06 1.264033e+06 1.263545e+06 1.262053e+06 1.254093e+06 1.240566e+06 1.226591e+06 1.215703e+06 1.208425e+06 1.204015e+06 1.201613e+06 1.202614e+06 1.209225e+06 1.217640e+06 1.229183e+06 1.244042e+06 1.260834e+06 1.293668e+06 1.320944e+06 1.344166e+06 1.366190e+06 1.388391e+06 1.411121e+06 1.565771e+06 1.597275e+06 1.567597e+06 1.511024e+06
1.278233e+06 1.278233e+06 1.278233e+06 1.278233e+06 1.278234e+06 1.278260e+06 1.278337e+06 1.278577e+06 1.278485e+06 1.277814e+06 1.273607e+06 1.266304e+06 1.258898e+06 1.253371e+06 1.249982e+06 1.248294e+06 1.247813e+06 1.253335e+06 1.261551e+06 1.269368e+06 1.278105e+06 1.289100e+06 1.302394e+06 1.331799e+06 1.358459e+06 1.380188e+06 1.398837e+06 1.416464e+06 1.434109e+06 1.571491e+06 1.598629e+06 1.566964e+06 1.509459e+06
1.300586e+06 1.300586e+06 1.300586e+06 1.300586e+06 1.300586e+06 1.300589e+06 1.300595e+06 1.300574e+06 1.300379e+06 1.299777e+06 1.296770e+06 1.292222e+06 1.288250e+06 1.285938e+06 1.285205e+06 1.285618e+06 1.286789e+06 1.296891e+06 1.307117e+06 1.315442e+06 1.322975e+06 1.331339e+06 1.341439e+06 1.365980e+06 1.391124e+06 1.412500e+06 1.429849e+06 1.444818e+06 1.458908e+06 1.577040e+06 1.599817e+06 1.566195e+06 1.507784e+06
1.318449e+06 1.318449e+06 1.318449e+06 1.318449e+06 1.318449e+06 1.318461e+06 1.318497e+06 1.318635e+06 1.318669e+06 1.318576e+06 1.317950e+06 1.317334e+06 1.317469e+06 1.318472e+06 1.320123e+06 1.322198e+06 1.324542e+06 1.337415e+06 1.348762e+06 1.357467e+06 1.364403e+06 1.371032e+06 1.378569e+06 1.397844e+06 1.420117e+06 1.440831e+06 1.457882e+06 1.471715e+06 1.483664e+06 1.582412e+06 1.600822e+06 1.565281e+06 1.505997e+06
1.346012e+06 1.346012e+06 1.346012e+06 1.346012e+06 1.346012e+06 1.346012e+06 1.346013e+06 1.346004e+06 1.345955e+06 1.345847e+06 1.345681e+06 1.346313e+06 1.348119e+06 1.350770e+06 1.353836e+06 1.357057e+06 1.360307e+06 1.375430e+06 1.387359e+06 1.396113e+06 1.402605e+06 1.408067e+06 1.413691e+06 1.428129e+06 1.446654e+06 1.465811e+06 1.482596e+06 1.496148e+06 1.507110e+06 1.587639e+06 1.601627e+06 1.564213e+06 1.504092e+06
1.365459e+06 1.365459e+06 1.365459e+06 1.365459e+06 1.365460e+06 1.365488e+06 1.365575e+06 1.365888e+06 1.366130e+06 1.366530e+06 1.368417e+06 1.372228e+06 1.377233e+06 1.382363e+06 1.387116e+06 1.391418e+06 1.395343e+06 1.411373e+06 1.423126e+06 1.431561e+06 1.437600e+06 1.442242e+06 1.446505e+06 1.456951e+06 1.471511e+06 1.488295e+06 1.504313e+06 1.517784e+06 1.528478e+06 1.592791e+06 1.602221e+06 1.562983e+06 1.502066e+06
1.395943e+06 1.395943e+06 1.395943e+06 1.395943e+06 1.395943e+06 1.395940e+06 1.395931e+06 1.395905e+06 1.395942e+06 1.396160e+06 1.397932e+06 1.402105e+06 1.407806e+06 1.413699e+06 1.419118e+06 1.423939e+06 1.428235e+06 1.444675e+06 1.455949e+06 1.463856e+06 1.469413e+06 1.473446e+06 1.476769e+06 1.484156e+06 1.495037e+06 1.508991e+06 1.523623e+06 1.536771e+06 1.547462e+06 1.597987e+06 1.602594e+06 1.561585e+06 1.499914e+06
1.416943e+06 1.416943e+06 1.416943e+06 1.416943e+06 1.416944e+06 1.416963e+06 1.417021e+06 1.417246e+06 1.417508e+06 1.418111e+06 1.421362e+06 1.427707e+06 1.435480e+06 1.442875e+06 1.449219e+06 1.454543e+06 1.459071e+06 1.475190e+06 1.485728e+06 1.493031e+06 1.498120e+06 1.501691e+06 1.504377e+06 1.509553e+06 1.517308e+06 1.528348e+06 1.541112e+06 1.553513e+06 1.564118e+06 1.603421e+06 1.602747e+06 1.560012e+06 1.497635e+06
1.443922e+06 1.443922e+06 1.443922e+06 1.443922e+06 1.443922e+06 1.443920e+06 1.443911e+06 1.443893e+06 1.443996e+06 1.444433e+06 1.447415e+06 1.453691e+06 1.461601e+06 1.469243e+06 1.475848e+06 1.481395e+06 1.486087e+06 1.502279e+06 1.512356e+06 1.519172e+06 1.523867e+06 1.527090e+06 1.529354e+06 1.533010e+06 1.538281e+06 1.546597e+06 1.557236e+06 1.568472e+06 1.578714e+06 1.609433e+06 1.602681e+06 1.558260e+06 1.495224e+06
1.462752e+06 1.462752e+06 1.462752e+06 1.462752e+06 1.462752e+06 1.462756e+06 1.462769e+06 1.462858e+06 1.463081e+06 1.463739e+06 1.467609e+06 1.475193e+06 1.484337e+06 1.492859e+06 1.499992e+06 1.505817e+06 1.510629e+06 1.526577e+06 1.536149e+06 1.542518e+06 1.546870e+06 1.549826e+06 1.551814e+06 1.554480e+06 1.557883e+06 1.563826e+06 1.572294e+06 1.582055e+06 1.591605e+06 1.616024e+06 1.602410e+06 1.556325e+06 1.492679e+06
1.482870e+06 1.482870e+06 1.482870e+06 1.482870e+06 1.482870e+06 1.482866e+06 1.482853e+06 1.482830e+06 1.482975e+06 1.483561e+06 1.487384e+06 1.495123e+06 1.504576e+06 1.513446e+06 1.520892e+06 1.526964e+06 1.531953e+06 1.548038e+06 1.557263e+06 1.563269e+06 1.567346e+06 1.570111e+06 1.571933e+06 1.574000e+06 1.576069e+06 1.580048e+06 1.586455e+06 1.594572e+06 1.603132e+06 1.622809e+06 1.601953e+06 1.554207e+06 1.489999e+06
1.495133e+06 1.495133e+06 1.495133e+06 1.495133e+06 1.495133e+06 1.495136e+06 1.495147e+06 1.495234e+06 1.495504e+06 1.496330e+06 1.501149e+06 1.510397e+06 1.521307e+06 1.531246e+06 1.539361e+06 1.545811e+06 1.550992e+06 1.567022e+06 1.575906e+06 1.581641e+06 1.585536e+06 1.588189e+06 1.589930e+06 1.591674e+06 1.592833e+06 1.595251e+06 1.599801e+06 1.606228e+06 1.613581e+06 1.629514e+06 1.601338e+06 1.551906e+06 1.487182e+06
1.509359e+06 1.509359e+06 1.509359e+06 1.509359e+06 1.509359e+06 1.509357e+06 1.509350e+06 1.509354e+06 1.509570e+06 1.510357e+06 1.515227e+06 1.524737e+06 1.536033e+06 1.546366e+06 1.554826e+06 1.561556e+06 1.566952e+06 1.583417e+06 1.592291e+06 1.597935e+06 1.601751e+06 1.604356e+06 1.606068e+06 1.607654e+06 1.608209e+06 1.609419e+06 1.612357e+06 1.617145e+06 1.623164e+06 1.635911e+06 1.600606e+06 1.549424e+06 1.484227e+06
1.516098e+06 1.516098e+06 1.516098e+06 1.516098e+06 1.516099e+06 1.516107e+06 1.516134e+06 1.516280e+06 1.516636e+06 1.517673e+06 1.523535e+06 1.534553e+06 1.547351e+06 1.558846e+06 1.568100e+06 1.575345e+06 1.581072e+06 1.598082e+06 1.607003e+06 1.612606e+06 1.616366e+06 1.618928e+06 1.620612e+06 1.622104e+06 1.622253e+06 1.622542e+06 1.624116e+06 1.627379e+06 1.632018e+06 1.641808e+06 1.599808e+06 1.546766e+06 1.481134e+06
1.526328e+06 1.526328e+06 1.526328e+06 1.526328e+06 1.526328e+06 1.526325e+06 1.526315e+06 1.526326e+06 1.526606e+06 1.527599e+06 1.533592e+06 1.545068e+06 1.558476e+06 1.570553e+06 1.580290e+06 1.587912e+06 1.593926e+06 1.611550e+06 1.620514e+06 1.626025e+06 1.629679e+06 1.632154e+06 1.633778e+06 1.635167e+06 1.635026e+06 1.634615e+06 1.635059e+06 1.636945e+06 1.640224e+06 1.647053e+06 1.599017e+06 1.543940e+06 1.477904e+06
1.531931e+06 1.531931e+06 1.531931e+06 1.531931e+06 1.531931e+06 1.531937e+06 1.531958e+06 1.532087e+06 1.532492e+06 1.533725e+06 1.540723e+06 1.553724e+06 1.568608e+06 1.581779e+06 1.592217e+06 1.600256e+06 1.606504e+06 1.624288e+06 1.633055e+06 1.638359e+06 1.641837e+06 1.644174e+06 1.645698e+06 1.646951e+06 1.646585e+06 1.645638e+06 1.645156e+06 1.645829e+06 1.647815e+06 1.651527e+06 1.598350e+06 1.540954e+06 1.474538e+06
1.541039e+06 1.541039e+06 1.541039e+06 1.541039e+06 1.541039e+06 1.541036e+06 1.541027e+06 1.541050e+06 1.541399e+06 1.542607e+06 1.549750e+06 1.563174e+06 1.578594e+06 1.592257e+06 1.603087e+06 1.611417e+06 1.617871e+06 1.635943e+06 1.644541e+06 1.649613e+06 1.652882e+06 1.655051e+06 1.656447e+06 1.657531e+06 1.656975e+06 1.655615e+06 1.654381e+06 1.654004e+06 1.654795e+06 1.655148e+06 1.597874e+06 1.537822e+06 1.471039e+06
1.545759e+06 1.545759e+06 1.545759e+06 1.545759e+06 1.545759e+06 1.545765e+06 1.545783e+06 1.545916e+06 1.546380e+06 1.547803e+06 1.555831e+06 1.570584e+06 1.587282e+06 1.601885e+06 1.613312e+06 1.621989e+06 1.628629e+06 1.646728e+06 1.655029e+06 1.659813e+06 1.662844e+06 1.664823e+06 1.666074e+06 1.666964e+06 1.666236e+06 1.664550e+06 1.662709e+06 1.661437e+06 1.661146e+06 1.657871e+06 1.597452e+06 1.534560e+06 1.467409e+06
1.553906e+06 1.553906e+06 1.553906e+06 1.553906e+06 1.553906e+06 1.553904e+06 1.553897e+06 1.553940e+06 1.554353e+06 1.555744e+06 1.563849e+06 1.578898e+06 1.595999e+06 1.610980e+06 1.622706e+06 1.631596e+06 1.638375e+06 1.656517e+06 1.664505e+06 1.668976e+06 1.671751e+06 1.673528e+06 1.674622e+06 1.675297e+06 1.674403e+06 1.672452e+06 1.670119e+06 1.668091e+06 1.666839e+06 1.659677e+06 1.596982e+06 1.531187e+06 1.463654e+06
1.557277e+06 1.557277e+06 1.557277e+06 1.557277e+06 1.557277e+06 1.557283e+06 1.557299e+06 1.557435e+06 1.557942e+06 1.559511e+06 1.568345e+06 1.584513e+06 1.602726e+06 1.618561e+06 1.630854e+06 1.640093e+06 1.647070e+06 1.665270e+06 1.672943e+06 1.677107e+06 1.679627e+06 1.681200e+06 1.682130e+06 1.682572e+06 1.681507e+06 1.679331e+06 1.676598e+06 1.673935e+06 1.671841e+06 1.660574e+06 1.596384e+06 1.527725e+06 1.459778e+06
1.563569e+06 1.563569e+06 1.563569e+06 1.563569e+06 1.563569e+06 1.563567e+06 1.563561e+06 1.563613e+06 1.564076e+06 1.565624e+06 1.574579e+06 1.591082e+06 1.609695e+06 1.625871e+06 1.638409e+06 1.647806e+06 1.654876e+06 1.673024e+06 1.680389e+06 1.684249e+06 1.686513e+06 1.687874e+06 1.688631e+06 1.688821e+06 1.687576e+06 1.685198e+06 1.682134e+06 1.678939e+06 1.676116e+06 1.660589e+06 1.595589e+06 1.524204e+06 1.455788e+06
1.568152e+06 1.568152e+06 1.568152e+06 1.568152e+06 1.568152e+06 1.568154e+06 1.568162e+06 1.568265e+06 1.568776e+06 1.570408e+06 1.579699e+06 1.596725e+06 1.615868e+06 1.632448e+06 1.645250e+06 1.654796e+06 1.661934e+06 1.679911e+06 1.686910e+06 1.690441e+06 1.692431e+06 1.693570e+06 1.694146e+06 1.694065e+06 1.692627e+06 1.690061e+06 1.686717e+06 1.683079e+06 1.679631e+06 1.659763e+06 1.594537e+06 1.520657e+06 1.451691e+06
1.573691e+06 1.573691e+06 1.573691e+06 1.573691e+06 1.573691e+06 1.573690e+06 1.573687e+06 1.573750e+06 1.574239e+06 1.575861e+06 1.585199e+06 1.602361e+06 1.621668e+06 1.638388e+06 1.651285e+06 1.660886e+06 1.668043e+06 1.685814e+06 1.692452e+06 1.695650e+06 1.697367e+06 1.698283e+06 1.698675e+06 1.698312e+06 1.696673e+06 1.693925e+06 1.690340e+06 1.686333e+06 1.682355e+06 1.658147e+06 1.593178e+06 1.517138e+06 1.447496e+06
1.575226e+06 1.575226e+06 1.575226e+06 1.575226e+06 1.575226e+06 1.575229e+06 1.575238e+06 1.575347e+06 1.575885e+06 1.577606e+06 1.587380e+06 1.605236e+06 1.625247e+06 1.642513e+06 1.655777e+06 1.665599e+06 1.672878e+06 1.690601e+06 1.696925e+06 1.699824e+06 1.701289e+06 1.701994e+06 1.702208e+06 1.701564e+06 1.699716e+06 1.696791e+06 1.692997e+06 1.688682e+06 1.684261e+06 1.655797e+06 1.591468e+06 1.513703e+06 1.443212e+06
1.577273e+06 1.577273e+06 1.577273e+06 1.577273e+06 1.577273e+06 1.577271e+06 1.577265e+06 1.577326e+06 1.577848e+06 1.579585e+06 1.589549e+06 1.607780e+06 1.628199e+06 1.645793e+06 1.659283e+06 1.669248e+06 1.676607e+06 1.694276e+06 1.700326e+06 1.702956e+06 1.704190e+06 1.704698e+06 1.704741e+06 1.703819e+06 1.701759e+06 1.698660e+06 1.694682e+06 1.690114e+06 1.685328e+06 1.652768e+06 1.589372e+06 1.510300e+06 1.438850e+06
1.577583e+06 1.577583e+06 1.577583e+06 1.577583e+06 1.577583e+06 1.577585e+06 1.577592e+06 1.577708e+06 1.578285e+06 1.580124e+06 1.590509e+06 1.609362e+06 1.630361e+06 1.648363e+06 1.662091e+06 1.672172e+06 1.679570e+06 1.697011e+06 1.702729e+06 1.705079e+06 1.706083e+06 1.706398e+06 1.706273e+06 1.705072e+06 1.702796e+06 1.699529e+06 1.695391e+06 1.690618e+06 1.685538e+06 1.649118e+06 1.586863e+06 1.506880e+06 1.434423e+06
1.578931e+06 1.578931e+06 1.578931e+06 1.578931e+06 1.578931e+06 1.578929e+06 1.578923e+06 1.578990e+06 1.579541e+06 1.581369e+06 1.591820e+06 1.610848e+06 1.632044e+06 1.650199e+06 1.664023e+06 1.674149e+06 1.681553e+06 1.698750e+06 1.704134e+06 1.706200e+06 1.706973e+06 1.707091e+06 1.706797e+06 1.705313e+06 1.702822e+06 1.699395e+06 1.695120e+06 1.690189e+06 1.684884e+06 1.644900e+06 1.583923e+06 1.503410e+06 1.429946e+06
1.577921e+06 1.577921e+06 1.577921e+06 1.577921e+06 1.577921e+06 1.577923e+06 1.577928e+06 1.578041e+06 1.578641e+06 1.580560e+06 1.591371e+06 1.610917e+06 1.632580e+06 1.651046e+06 1.665033e+06 1.675219e+06 1.682620e+06 1.699496e+06 1.704525e+06 1.706304e+06 1.706842e+06 1.706761e+06 1.706294e+06 1.704526e+06 1.701826e+06 1.698254e+06 1.693873e+06 1.688829e+06 1.683362e+06 1.640164e+06 1.580540e+06 1.499858e+06 1.425434e+06
1.577673e+06 1.577673e+06 1.577673e+06 1.577673e+06 1.577673e+06 1.577671e+06 1.577665e+06 1.577736e+06 1.578310e+06 1.580210e+06 1.591027e+06 1.610633e+06 1.632371e+06 1.650896e+06 1.664915e+06 1.675110e+06 1.682498e+06 1.699132e+06 1.703850e+06 1.705353e+06 1.705655e+06 1.705373e+06 1.704731e+06 1.702688e+06 1.699799e+06 1.696109e+06 1.691655e+06 1.686546e+06 1.680979e+06 1.634955e+06 1.576710e+06 1.496201e+06 1.420909e+06
1.574928e+06 1.574928e+06 1.574928e+06 1.574928e+06 1.574928e+06 1.574929e+06 1.574934e+06 1.575045e+06 1.575660e+06 1.577634e+06 1.588741e+06 1.608757e+06 1.630859e+06 1.649620e+06 1.663756e+06 1.673986e+06 1.681361e+06 1.697690e+06 1.702076e+06 1.703295e+06 1.703356e+06 1.702872e+06 1.702064e+06 1.699776e+06 1.696737e+06 1.692970e+06 1.688486e+06 1.683361e+06 1.677752e+06 1.629316e+06 1.572436e+06 1.492417e+06 1.416396e+06
1.572459e+06 1.572459e+06 1.572459e+06 1.572459e+06 1.572459e+06 1.572457e+06 1.572451e+06 1.572529e+06 1.573126e+06 1.575089e+06 1.586211e+06 1.606278e+06 1.628433e+06 1.647226e+06 1.661374e+06 1.671596e+06 1.678948e+06 1.695036e+06 1.699109e+06 1.700040e+06 1.699867e+06 1.699201e+06 1.698254e+06 1.695786e+06 1.692656e+06 1.688863e+06 1.684397e+06 1.679303e+06 1.673707e+06 1.623283e+06 1.567726e+06 1.488487e+06 1.411932e+06
1.568118e+06 1.568118e+06 1.568118e+06 1.568118e+06 1.568118e+06 1.568118e+06 1.568118e+06 1.568211e+06 1.568825e+06 1.570822e+06 1.582087e+06 1.602365e+06 1.624711e+06 1.643629e+06 1.657838e+06 1.668074e+06 1.675405e+06 1.691162e+06 1.694855e+06 1.695497e+06 1.695128e+06 1.694333e+06 1.693302e+06 1.690747e+06 1.687599e+06 1.683836e+06 1.679433e+06 1.674416e+06 1.668884e+06 1.616893e+06 1.562594e+06 1.484393e+06 1.407504e+06
1.562625e+06 1.562625e+06 1.562625e+06 1.562625e+06 1.562625e+06 1.562626e+06 1.562628e+06 1.562737e+06 1.563370e+06 1.565407e+06 1.576844e+06 1.597371e+06 1.619931e+06 1.638969e+06 1.653207e+06 1.663408e+06 1.670664e+06 1.685900e+06 1.689216e+06 1.689658e+06 1.689189e+06 1.688346e+06 1.687295e+06 1.684746e+06 1.681644e+06 1.677958e+06 1.673658e+06 1.668755e+06 1.663327e+06 1.610175e+06 1.557057e+06 1.480124e+06 1.403082e+06
1.557661e+06 1.557661e+06 1.557661e+06 1.557661e+06 1.557661e+06 1.557661e+06 1.557659e+06 1.557749e+06 1.558365e+06 1.560372e+06 1.571676e+06 1.591965e+06 1.614244e+06 1.633024e+06 1.647052e+06 1.657090e+06 1.664220e+06 1.679144e+06 1.682362e+06 1.682768e+06 1.682288e+06 1.681448e+06 1.680410e+06 1.677912e+06 1.674891e+06 1.671312e+06 1.667142e+06 1.662382e+06 1.657090e+06 1.603157e+06 1.551136e+06 1.475666e+06 1.398649e+06
1.550821e+06 1.550821e+06 1.550821e+06 1.550821e+06 1.550821e+06 1.550820e+06 1.550815e+06 1.550895e+06 1.551502e+06 1.553492e+06 1.564727e+06 1.584898e+06 1.607049e+06 1.625725e+06 1.639684e+06 1.649682e+06 1.656794e+06 1.671722e+06 1.674916e+06 1.675270e+06 1.674747e+06 1.673883e+06 1.672842e+06 1.670385e+06 1.667449e+06 1.663988e+06 1.659963e+06 1.655364e+06 1.650233e+06 1.595866e+06 1.544854e+06 1.471012e+06 1.394189e+06
1.541548e+06 1.541548e+06 1.541548e+06 1.541548e+06 1.541548e+06 1.541549e+06 1.541553e+06 1.541667e+06 1.542313e+06 1.544382e+06 1.555945e+06 1.576618e+06 1.599249e+06 1.618268e+06 1.632428e+06 1.642522e+06 1.649661e+06 1.664342e+06 1.667230e+06 1.667373e+06 1.666722e+06 1.665789e+06 1.664718e+06 1.662275e+06 1.659415e+06 1.656073e+06 1.652197e+06 1.647768e+06 1.642813e+06 1.588326e+06 1.538237e+06 1.466155e+06 1.389690e+06
1.533821e+06 1.533821e+06 1.533821e+06 1.533821e+06 1.533821e+06 1.533821e+06 1.533820e+06 1.533921e+06 1.534563e+06 1.536637e+06 1.548268e+06 1.569062e+06 1.591803e+06 1.610882e+06 1.625048e+06 1.635106e+06 1.642183e+06 1.656439e+06 1.659001e+06 1.658951e+06 1.658189e+06 1.657196e+06 1.656096e+06 1.653661e+06 1.650869e+06 1.647641e+06 1.643914e+06 1.639660e+06 1.634890e+06 1.580557e+06 1.531311e+06 1.461092e+06 1.385142e+06
1.526672e+06 1.526672e+06 1.526672e+06 1.526672e+06 1.526672e+06 1.526672e+06 1.526672e+06 1.526768e+06 1.527401e+06 1.529450e+06 1.540944e+06 1.561485e+06 1.583935e+06 1.602755e+06 1.616719e+06 1.626627e+06 1.633592e+06 1.647599e+06 1.650077e+06 1.649973e+06 1.649170e+06 1.648146e+06 1.647030e+06 1.644605e+06 1.641878e+06 1.638759e+06 1.635180e+06 1.631100e+06 1.626519e+06 1.572581e+06 1.524102e+06 1.455820e+06 1.380533e+06
1.518454e+06 1.518454e+06 1.518454e+06 1.518454e+06 1.518454e+06 1.518452e+06 1.518449e+06 1.518536e+06 1.519157e+06 1.521182e+06 1.532565e+06 1.552917e+06 1.575165e+06 1.593820e+06 1.607666e+06 1.617497e+06 1.624414e+06 1.638347e+06 1.640784e+06 1.640627e+06 1.639774e+06 1.638715e+06 1.637580e+06 1.635164e+06 1.632499e+06 1.629487e+06 1.626051e+06 1.622144e+06 1.617755e+06 1.564416e+06 1.516639e+06 1.450339e+06 1.375857e+06
1.508643e+06 1.508643e+06 1.508643e+06 1.508643e+06 1.508643e+06 1.508644e+06 1.508646e+06 1.508754e+06 1.509396e+06 1.511458e+06 1.522980e+06 1.543538e+06 1.565979e+06 1.584764e+06 1.598678e+06 1.608527e+06 1.615429e+06 1.629113e+06 1.631309e+06 1.630996e+06 1.630052e+06 1.628944e+06 1.627787e+06 1.625383e+06 1.622782e+06 1.619875e+06 1.616581e+06 1.612845e+06 1.608646e+06 1.556081e+06 1.508947e+06 1.444653e+06 1.371105e+06
1.499923e+06 1.499923e+06 1.499923e+06 1.499923e+06 1.499923e+06 1.499923e+06 1.499922e+06 1.500021e+06 1.500656e+06 1.502707e+06 1.514193e+06 1.534691e+06 1.557054e+06 1.575756e+06 1.589583e+06 1.599346e+06 1.606163e+06 1.619468e+06 1.621427e+06 1.620988e+06 1.619983e+06 1.618847e+06 1.617683e+06 1.615305e+06 1.612773e+06 1.609974e+06 1.606819e+06 1.603251e+06 1.599240e+06 1.547593e+06 1.501051e+06 1.438765e+06 1.366272e+06
1.491532e+06 1.491532e+06 1.491532e+06 1.491532e+06 1.491532e+06 1.491532e+06 1.491531e+06 1.491628e+06 1.492254e+06 1.494277e+06 1.505606e+06 1.525812e+06 1.547841e+06 1.566248e+06 1.579846e+06 1.589439e+06 1.596131e+06 1.609173e+06 1.611076e+06 1.610623e+06 1.609612e+06 1.608475e+06 1.607317e+06 1.604978e+06 1.602519e+06 1.599828e+06 1.596812e+06 1.593409e+06 1.589582e+06 1.538966e+06 1.492977e+06 1.432682e+06 1.361351e+06
1.482397e+06 1.482397e+06 1.482397e+06 1.482397e+06 1.482397e+06 1.482396e+06 1.482393e+06 1.482478e+06 1.483090e+06 1.485081e+06 1.496260e+06 1.516211e+06 1.537966e+06 1.556148e+06 1.569588e+06 1.579076e+06 1.585704e+06 1.598665e+06 1.600562e+06 1.600090e+06 1.599058e+06 1.597908e+06 1.596751e+06 1.594447e+06 1.592065e+06 1.589482e+06 1.586603e+06 1.583359e+06 1.579711e+06 1.530217e+06 1.484747e+06 1.426409e+06 1.356339e+06
1.471470e+06 1.471470e+06 1.471470e+06 1.471470e+06 1.471470e+06 1.471471e+06 1.471474e+06 1.471583e+06 1.472217e+06 1.474249e+06 1.485584e+06 1.505758e+06 1.527715e+06 1.546031e+06 1.559536e+06 1.569042e+06 1.575656e+06 1.588397e+06 1.590085e+06 1.589478e+06 1.588370e+06 1.587185e+06 1.586020e+06 1.583754e+06 1.581453e+06 1.578980e+06 1.576233e+06 1.573144e+06 1.569667e+06 1.521358e+06 1.476383e+06 1.419956e+06 1.351232e+06
1.461451e+06 1.461451e+06 1.461451e+06 1.461451e+06 1.461451e+06 1.461451e+06 1.461454e+06 1.461564e+06 1.462200e+06 1.464238e+06 1.475599e+06 1.495804e+06 1.517778e+06 1.536084e+06 1.549555e+06 1.559009e+06 1.565561e+06 1.577959e+06 1.579404e+06 1.578668e+06 1.577503e+06 1.576303e+06 1.575147e+06 1.572938e+06 1.570725e+06 1.568361e+06 1.565742e+06 1.562799e+06 1.559484e+06 1.512404e+06 1.467906e+06 1.413333e+06 1.346027e+06
1.452637e+06 1.452637e+06 1.452637e+06 1.452637e+06 1.452637e+06 1.452637e+06 1.452636e+06 1.452729e+06 1.453345e+06 1.455342e+06 1.466507e+06 1.486377e+06 1.507977e+06 1.525962e+06 1.539186e+06 1.548458e+06 1.554875e+06 1.566974e+06 1.568354e+06 1.567617e+06 1.566472e+06 1.565301e+06 1.564179e+06 1.562047e+06 1.559924e+06 1.557665e+06 1.555166e+06 1.552358e+06 1.549195e+06 1.503365e+06 1.459335e+06 1.406549e+06 1.340722e+06
1.443209e+06 1.443209e+06 1.443209e+06 1.443209e+06 1.443209e+06 1.443209e+06 1.443209e+06 1.443307e+06 1.443917e+06 1.445882e+06 1.456848e+06 1.476345e+06 1.497535e+06 1.515182e+06 1.528171e+06 1.537294e+06 1.543625e+06 1.555689e+06 1.557163e+06 1.556499e+06 1.555405e+06 1.554276e+06 1.553191e+06 1.551135e+06 1.549094e+06 1.546927e+06 1.544535e+06 1.541850e+06 1.538826e+06 1.494254e+06 1.450687e+06 1.399616e+06 1.335317e+06
1.433877e+06 1.433877e+06 1.433877e+06 1.433877e+06 1.433877e+06 1.433878e+06 1.433878e+06 1.433975e+06 1.434577e+06 1.436516e+06 1.447329e+06 1.466542e+06 1.487413e+06 1.504789e+06 1.517578e+06 1.526563e+06 1.532800e+06 1.544705e+06 1.546164e+06 1.545505e+06 1.544425e+06 1.543313e+06 1.542250e+06 1.540246e+06 1.538269e+06 1.536178e+06 1.533878e+06 1.531300e+06 1.528401e+06 1.485082e+06 1.441978e+06 1.392544e+06 1.329811e+06
1.424921e+06 1.424921e+06 1.424921e+06 1.424921e+06 1.424921e+06 1.424921e+06 1.424921e+06 1.425014e+06 1.425611e+06 1.427533e+06 1.438251e+06 1.457281e+06 1.477928e+06 1.495090e+06 1.507691e+06 1.516517e+06 1.522620e+06 1.534104e+06 1.535387e+06 1.534661e+06 1.533558e+06 1.532443e+06 1.531384e+06 1.529406e+06 1.527470e+06 1.525437e+06 1.523211e+06 1.520726e+06 1.517938e+06 1.475858e+06 1.433223e+06 1.385345e+06 1.324204e+06
1.416019e+06 1.416019e+06 1.416019e+06 1.416019e+06 1.416019e+06 1.416019e+06 1.416018e+06 1.416109e+06 1.416696e+06 1.418591e+06 1.429162e+06 1.447923e+06 1.468271e+06 1.485172e+06 1.497573e+06 1.506250e+06 1.512242e+06 1.523463e+06 1.524664e+06 1.523905e+06 1.522785e+06 1.521660e+06 1.520597e+06 1.518621e+06 1.516706e+06 1.514713e+06 1.512546e+06 1.510140e+06 1.507450e+06 1.466592e+06 1.424434e+06 1.378032e+06 1.318498e+06
1.406592e+06 1.406592e+06 1.406592e+06 1.406592e+06 1.406592e+06 1.406591e+06 1.406589e+06 1.406673e+06 1.407250e+06 1.409123e+06 1.419584e+06 1.438154e+06 1.458293e+06 1.475019e+06 1.487290e+06 1.495875e+06 1.501803e+06 1.512894e+06 1.514051e+06 1.513259e+06 1.512109e+06 1.510960e+06 1.509879e+06 1.507887e+06 1.505977e+06 1.504010e+06 1.501890e+06 1.499550e+06 1.496947e+06 1.457292e+06 1.415624e+06 1.370616e+06 1.312696e+06
1.396018e+06 1.396018e+06 1.396018e+06 1.396018e+06 1.396018e+06 1.396019e+06 1.396021e+06 1.396121e+06 1.396713e+06 1.398610e+06 1.409160e+06 1.427855e+06 1.448105e+06 1.464903e+06 1.477207e+06 1.485796e+06 1.491709e+06 1.502630e+06 1.503630e+06 1.502731e+06 1.501514e+06 1.500320e+06 1.499211e+06 1.497188e+06 1.495275e+06 1.493325e+06 1.491242e+06 1.488961e+06 1.486436e+06 1.447966e+06 1.406803e+06 1.363109e+06 1.306798e+06
1.386173e+06 1.386173e+06 1.386173e+06 1.386173e+06 1.386173e+06 1.386173e+06 1.386175e+06 1.386276e+06 1.386869e+06 1.388767e+06 1.399317e+06 1.418003e+06 1.438231e+06 1.454997e+06 1.467261e+06 1.475805e+06 1.481672e+06 1.492365e+06 1.493201e+06 1.492202e+06 1.490924e+06 1.489692e+06 1.488558e+06 1.486508e+06 1.484589e+06 1.482653e+06 1.480602e+06 1.478374e+06 1.475921e+06 1.438624e+06 1.397982e+06 1.355521e+06 1.300809e+06
1.377540e+06 1.377540e+06 1.377540e+06 1.377540e+06 1.377540e+06 1.377539e+06 1.377538e+06 1.377625e+06 1.378201e+06 1.380061e+06 1.390435e+06 1.408821e+06 1.428725e+06 1.445218e+06 1.457276e+06 1.465671e+06 1.471429e+06 1.481873e+06 1.482633e+06 1.481599e+06 1.480298e+06 1.479049e+06 1.477900e+06 1.475832e+06 1.473910e+06 1.471987e+06 1.469968e+06 1.467789e+06 1.465406e+06 1.429271e+06 1.389168e+06 1.347865e+06 1.294732e+06
1.368514e+06 1.368514e+06 1.368514e+06 1.368514e+06 1.368514e+06 1.368514e+06 1.368513e+06 1.368598e+06 1.369163e+06 1.370990e+06 1.381181e+06 1.399253e+06 1.418833e+06 1.435073e+06 1.446959e+06 1.455244e+06 1.460934e+06 1.471278e+06 1.472023e+06 1.470977e+06 1.469661e+06 1.468397e+06 1.467236e+06 1.465153e+06 1.463231e+06 1.461324e+06 1.459337e+06 1.457208e+06 1.454892e+06 1.419916e+06 1.380369e+06 1.340150e+06 1.288571e+06
1.359077e+06 1.359077e+06 1.359077e+06 1.359077e+06 1.359077e+06 1.359077e+06 1.359078e+06 1.359168e+06 1.359728e+06 1.361528e+06 1.371553e+06 1.389347e+06 1.408658e+06 1.424708e+06 1.436482e+06 1.444709e+06 1.450372e+06 1.460710e+06 1.461440e+06 1.460364e+06 1.459020e+06 1.457735e+06 1.456560e+06 1.454466e+06 1.452548e+06 1.450661e+06 1.448709e+06 1.446631e+06 1.444384e+06 1.410564e+06 1.371592e+06 1.332388e+06 1.282330e+06
1.350114e+06 1.350114e+06 1.350114e+06 1.350114e+06 1.350114e+06 1.350115e+06 1.350115e+06 1.350204e+06 1.350755e+06 1.352526e+06 1.362397e+06 1.379924e+06 1.398950e+06 1.414767e+06 1.426373e+06 1.434481e+06 1.440059e+06 1.450190e+06 1.450836e+06 1.449713e+06 1.448343e+06 1.447044e+06 1.445860e+06 1.443764e+06 1.441859e+06 1.439997e+06 1.438086e+06 1.436063e+06 1.433886e+06 1.401224e+06 1.362844e+06 1.324587e+06 1.276015e+06
1.341386e+06 1.341386e+06 1.341386e+06 1.341386e+06 1.341386e+06 1.341386e+06 1.341385e+06 1.341467e+06 1.342007e+06 1.343749e+06 1.353464e+06 1.370710e+06 1.389420e+06 1.404961e+06 1.416350e+06 1.424295e+06 1.429750e+06 1.439582e+06 1.440139e+06 1.438991e+06 1.437614e+06 1.436314e+06 1.435133e+06 1.433048e+06 1.431164e+06 1.429336e+06 1.427470e+06 1.425507e+06 1.423404e+06 1.391902e+06 1.354129e+06 1.316758e+06 1.269629e+06
1.332285e+06 1.332285e+06 1.332285e+06 1.332285e+06 1.332285e+06 1.332285e+06 1.332284e+06 1.332366e+06 1.332896e+06 1.334606e+06 1.344141e+06 1.361060e+06 1.379414e+06 1.394664e+06 1.405848e+06 1.413659e+06 1.419031e+06 1.428761e+06 1.429339e+06 1.428212e+06 1.426849e+06 1.425559e+06 1.424387e+06 1.422323e+06 1.420470e+06 1.418682e+06 1.416869e+06 1.414971e+06 1.412944e+06 1.382604e+06 1.345453e+06 1.308907e+06 1.263179e+06
1.323090e+06 1.323090e+06 1.323090e+06 1.323090e+06 1.323090e+06 1.323090e+06 1.323091e+06 1.323174e+06 1.323697e+06 1.325377e+06 1.334727e+06 1.351312e+06 1.369306e+06 1.384267e+06 1.395253e+06 1.402939e+06 1.408236e+06 1.417909e+06 1.418525e+06 1.417423e+06 1.416075e+06 1.414796e+06 1.413636e+06 1.411600e+06 1.409784e+06 1.408044e+06 1.406290e+06 1.404462e+06 1.402516e+06 1.373337e+06 1.336819e+06 1.301045e+06 1.256669e+06
1.314245e+06 1.314245e+06 1.314245e+06 1.314245e+06 1.314245e+06 1.314245e+06 1.314246e+06 1.314327e+06 1.314841e+06 1.316493e+06 1.325689e+06 1.341991e+06 1.359667e+06 1.374353e+06 1.385127e+06 1.392656e+06 1.397838e+06 1.407239e+06 1.407779e+06 1.406657e+06 1.405308e+06 1.404038e+06 1.402890e+06 1.400888e+06 1.399117e+06 1.397432e+06 1.395744e+06 1.393991e+06 1.392131e+06 1.364107e+06 1.328232e+06 1.293177e+06 1.250104e+06
1.305470e+06 1.305470e+06 1.305470e+06 1.305470e+06 1.305470e+06 1.305469e+06 1.305469e+06 1.305546e+06 1.306049e+06 1.307674e+06 1.316720e+06 1.332752e+06 1.350122e+06 1.364539e+06 1.375101e+06 1.382468e+06 1.387527e+06 1.396614e+06 1.397053e+06 1.395903e+06 1.394553e+06 1.393293e+06 1.392161e+06 1.390201e+06 1.388483e+06 1.386861e+06 1.385244e+06 1.383572e+06 1.381800e+06 1.354919e+06 1.319694e+06 1.285312e+06 1.243491e+06
1.296345e+06 1.296345e+06 1.296345e+06 1.296345e+06 1.296345e+06 1.296344e+06 1.296343e+06 1.296419e+06 1.296914e+06 1.298509e+06 1.307383e+06 1.323104e+06 1.340137e+06 1.354277e+06 1.364643e+06 1.371881e+06 1.376856e+06 1.385830e+06 1.386279e+06 1.385147e+06 1.383816e+06 1.382575e+06 1.381464e+06 1.379556e+06 1.377898e+06 1.376346e+06 1.374806e+06 1.373217e+06 1.371536e+06 1.345781e+06 1.311208e+06 1.277455e+06 1.236834e+06
1.287105e+06 1.287105e+06 1.287105e+06 1.287105e+06 1.287105e+06 1.287105e+06 1.287105e+06 1.287183e+06 1.287670e+06 1.289235e+06 1.297933e+06 1.313335e+06 1.330024e+06 1.343887e+06 1.354062e+06 1.361179e+06 1.366083e+06 1.375005e+06 1.375503e+06 1.374413e+06 1.373113e+06 1.371901e+06 1.370820e+06 1.368973e+06 1.367383e+06 1.365906e+06 1.364446e+06 1.362944e+06 1.361354e+06 1.336698e+06 1.302776e+06 1.269612e+06 1.230139e+06
1.278164e+06 1.278164e+06 1.278164e+06 1.278164e+06 1.278164e+06 1.278164e+06 1.278164e+06 1.278241e+06 1.278719e+06 1.280257e+06 1.288800e+06 1.303920e+06 1.320295e+06 1.333892e+06 1.343866e+06 1.350839e+06 1.355641e+06 1.364357e+06 1.364830e+06 1.363757e+06 1.362486e+06 1.361306e+06 1.360257e+06 1.358478e+06 1.356961e+06 1.355561e+06 1.354184e+06 1.352768e+06 1.351269e+06 1.327673e+06 1.294401e+06 1.261788e+06 1.223411e+06
1.269334e+06 1.269334e+06 1.269334e+06 1.269334e+06 1.269334e+06 1.269334e+06 1.269333e+06 1.269405e+06 1.269874e+06 1.271384e+06 1.279783e+06 1.294648e+06 1.310742e+06 1.324098e+06 1.333887e+06 1.340723e+06 1.345423e+06 1.353898e+06 1.354311e+06 1.353237e+06 1.351985e+06 1.350832e+06 1.349813e+06 1.348100e+06 1.346656e+06 1.345333e+06 1.344036e+06 1.342705e+06 1.341293e+06 1.318713e+06 1.286084e+06 1.253988e+06 1.216655e+06
1.260188e+06 1.260188e+06 1.260188e+06 1.260188e+06 1.260188e+06 1.260188e+06 1.260187e+06 1.260257e+06 1.260717e+06 1.262201e+06 1.270455e+06 1.285074e+06 1.300917e+06 1.314078e+06 1.323737e+06 1.330490e+06 1.335140e+06 1.343544e+06 1.343954e+06 1.342887e+06 1.341650e+06 1.340516e+06 1.339522e+06 1.337868e+06 1.336492e+06 1.335242e+06 1.334023e+06 1.332771e+06 1.331442e+06 1.309821e+06 1.277825e+06 1.246217e+06 1.209877e+06
1.250846e+06 1.250846e+06 1.250846e+06 1.250846e+06 1.250846e+06 1.250847e+06 1.250847e+06 1.250921e+06 1.251376e+06 1.252835e+06 1.260949e+06 1.275332e+06 1.290944e+06 1.303942e+06 1.313506e+06 1.320211e+06 1.324842e+06 1.333288e+06 1.333745e+06 1.332704e+06 1.331486e+06 1.330373e+06 1.329402e+06 1.327803e+06 1.326489e+06 1.325307e+06 1.324159e+06 1.322980e+06 1.321726e+06 1.301001e+06 1.269627e+06 1.238478e+06 1.203080e+06
1.241947e+06 1.241947e+06 1.241947e+06 1.241947e+06 1.241947e+06 1.241947e+06 1.241948e+06 1.242020e+06 1.242467e+06 1.243900e+06 1.251871e+06 1.266011e+06 1.281372e+06 1.294174e+06 1.303604e+06 1.310226e+06 1.314806e+06 1.323200e+06 1.323688e+06 1.322681e+06 1.321495e+06 1.320410e+06 1.319466e+06 1.317923e+06 1.316666e+06 1.315544e+06 1.314457e+06 1.313343e+06 1.312156e+06 1.292254e+06 1.261489e+06 1.230774e+06 1.196270e+06
1.233489e+06 1.233489e+06 1.233489e+06 1.233489e+06 1.233489e+06 1.233489e+06 1.233488e+06 1.233554e+06 1.233990e+06 1.235396e+06 1.243231e+06 1.257137e+06 1.272246e+06 1.284837e+06 1.294111e+06 1.300622e+06 1.305123e+06 1.313366e+06 1.313848e+06 1.312867e+06 1.311710e+06 1.310654e+06 1.309737e+06 1.308244e+06 1.307036e+06 1.305963e+06 1.304929e+06 1.303868e+06 1.302738e+06 1.283584e+06 1.253412e+06 1.223108e+06 1.189452e+06
1.224770e+06 1.224770e+06 1.224770e+06 1.224770e+06 1.224770e+06 1.224770e+06 1.224769e+06 1.224834e+06 1.225267e+06 1.226663e+06 1.234438e+06 1.248234e+06 1.263218e+06 1.275701e+06 1.284889e+06 1.291333e+06 1.295784e+06 1.303893e+06 1.304329e+06 1.303339e+06 1.302188e+06 1.301144e+06 1.300242e+06 1.298781e+06 1.297609e+06 1.296573e+06 1.295579e+06 1.294561e+06 1.293477e+06 1.274992e+06 1.245396e+06 1.215483e+06 1.182629e+06
1.215605e+06 1.215605e+06 1.215605e+06 1.215605e+06 1.215605e+06 1.215605e+06 1.215605e+06 1.215675e+06 1.216112e+06 1.217515e+06 1.225315e+06 1.239147e+06 1.254164e+06 1.266666e+06 1.275861e+06 1.282302e+06 1.286744e+06 1.294775e+06 1.295143e+06 1.294112e+06 1.292941e+06 1.291890e+06 1.290988e+06 1.289540e+06 1.288387e+06 1.287375e+06 1.286408e+06 1.285422e+06 1.284373e+06 1.266478e+06 1.237441e+06 1.207901e+06 1.175806e+06
1.206645e+06 1.206645e+06 1.206645e+06 1.206645e+06 1.206645e+06 1.206645e+06 1.206646e+06 1.206719e+06 1.207158e+06 1.208565e+06 1.216382e+06 1.230237e+06 1.245274e+06 1.257786e+06 1.266983e+06 1.273421e+06 1.277855e+06 1.285832e+06 1.286160e+06 1.285105e+06 1.283920e+06 1.282861e+06 1.281957e+06 1.280510e+06 1.279365e+06 1.278365e+06 1.277414e+06 1.276447e+06 1.275423e+06 1.258041e+06 1.229546e+06 1.200364e+06 1.168986e+06
1.198426e+06 1.198426e+06 1.198426e+06 1.198426e+06 1.198426e+06 1.198426e+06 1.198427e+06 1.198499e+06 1.198934e+06 1.200330e+06 1.208080e+06 1.221814e+06 1.236717e+06 1.249116e+06 1.258228e+06 1.264606e+06 1.268999e+06 1.276920e+06 1.277268e+06 1.276237e+06 1.275067e+06 1.274017e+06 1.273117e+06 1.271673e+06 1.270529e+06 1.269533e+06 1.268587e+06 1.267631e+06 1.266621e+06 1.249682e+06 1.221711e+06 1.192873e+06 1.162173e+06
