1.262256e+03 1.246771e+03 1.224154e+03 1.108226e+03 1.081809e+03 9.149927e+02 8.306813e+02 7.589688e+02 7.453835e+02 7.403261e+02 7.461406e+02 7.639647e+02 7.880260e+02 8.157234e+02 8.459338e+02 8.781872e+02 9.122773e+02 1.105706e+03 1.315040e+03 1.487093e+03 1.572471e+03 1.571017e+03 1.520804e+03 1.405526e+03 1.356200e+03 1.398140e+03 1.542294e+03 1.801834e+03 2.191322e+03 1.488638e+04 3.901963e+04 6.304838e+04 8.139749e+04
8.071316e+02 8.071291e+02 8.071307e+02 8.071150e+02 8.068450e+02 7.917964e+02 7.691775e+02 7.341280e+02 7.305917e+02 7.320715e+02 7.454996e+02 7.672569e+02 7.934824e+02 8.224439e+02 8.534434e+02 8.862207e+02 9.206725e+02 1.114570e+03 1.322877e+03 1.493012e+03 1.576304e+03 1.573179e+03 1.521896e+03 1.405863e+03 1.356801e+03 1.399560e+03 1.544951e+03 1.806105e+03 2.197562e+03 1.492362e+04 3.908108e+04 6.311400e+04 8.145492e+04
7.138629e+02 7.138617e+02 7.138620e+02 7.139098e+02 7.141324e+02 7.147448e+02 7.153288e+02 7.191444e+02 7.193709e+02 7.254245e+02 7.467166e+02 7.725982e+02 8.009131e+02 8.309884e+02 8.626268e+02 8.957961e+02 9.304950e+02 1.124416e+03 1.331335e+03 1.499277e+03 1.580299e+03 1.575402e+03 1.523004e+03 1.406199e+03 1.357421e+03 1.401028e+03 1.547685e+03 1.810485e+03 2.203945e+03 1.496127e+04 3.914295e+04 6.317993e+04 8.151253e+04
7.050212e+02 7.050212e+02 7.050216e+02 7.050286e+02 7.050396e+02 7.043594e+02 7.016717e+02 7.179735e+02 7.273780e+02 7.350239e+02 7.542702e+02 7.811308e+02 8.106475e+02 8.414536e+02 8.735137e+02 9.069267e+02 9.417569e+02 1.135255e+03 1.340414e+03 1.505879e+03 1.584450e+03 1.577681e+03 1.524123e+03 1.406534e+03 1.358061e+03 1.402543e+03 1.550499e+03 1.814978e+03 2.210475e+03 1.499933e+04 3.920523e+04 6.324616e+04 8.157034e+04
6.986566e+02 6.986567e+02 6.986570e+02 6.986636e+02 6.986946e+02 7.018893e+02 7.075048e+02 7.250494e+02 7.396380e+02 7.530298e+02 7.744633e+02 7.966834e+02 8.237898e+02 8.541716e+02 8.861949e+02 9.196277e+02 9.544523e+02 1.147082e+03 1.350101e+03 1.512806e+03 1.588746e+03 1.580010e+03 1.525251e+03 1.406868e+03 1.358721e+03 1.404107e+03 1.553394e+03 1.819585e+03 2.217154e+03 1.503780e+04 3.926794e+04 6.331270e+04 8.162832e+04
7.330793e+02 7.330794e+02 7.330798e+02 7.330914e+02 7.331251e+02 7.343083e+02 7.377375e+02 7.489561e+02 7.600667e+02 7.736015e+02 7.988581e+02 8.203910e+02 8.433823e+02 8.703500e+02 9.011307e+02 9.340820e+02 9.686512e+02 1.159879e+03 1.360380e+03 1.520045e+03 1.593178e+03 1.582382e+03 1.526383e+03 1.407200e+03 1.359401e+03 1.405722e+03 1.556372e+03 1.824310e+03 2.223984e+03 1.507668e+04 3.933107e+04 6.337955e+04 8.168650e+04
7.712407e+02 7.712412e+02 7.712425e+02 7.712853e+02 7.714048e+02 7.731352e+02 7.757689e+02 7.818605e+02 7.882525e+02 7.981964e+02 8.229043e+02 8.461746e+02 8.681949e+02 8.921857e+02 9.196689e+02 9.508705e+02 9.846313e+02 1.173637e+03 1.371224e+03 1.527574e+03 1.597732e+03 1.584789e+03 1.527514e+03 1.407528e+03 1.360103e+03 1.407390e+03 1.559436e+03 1.829155e+03 2.230970e+03 1.511599e+04 3.939463e+04 6.344670e+04 8.174486e+04
8.093581e+02 8.093581e+02 8.093584e+02 8.093653e+02 8.093853e+02 8.099414e+02 8.114125e+02 8.155357e+02 8.193076e+02 8.259285e+02 8.469338e+02 8.712076e+02 8.943631e+02 9.176053e+02 9.429596e+02 9.713747e+02 1.003053e+03 1.188368e+03 1.382607e+03 1.535371e+03 1.602394e+03 1.587224e+03 1.528642e+03 1.407853e+03 1.360828e+03 1.409112e+03 1.562587e+03 1.834122e+03 2.238113e+03 1.515571e+04 3.945861e+04 6.351416e+04 8.180341e+04
8.405031e+02 8.405032e+02 8.405035e+02 8.405117e+02 8.405347e+02 8.411273e+02 8.428067e+02 8.474275e+02 8.504627e+02 8.552308e+02 8.721281e+02 8.955858e+02 9.201264e+02 9.442114e+02 9.689971e+02 9.957757e+02 1.025161e+03 1.204130e+03 1.394505e+03 1.543415e+03 1.607150e+03 1.589678e+03 1.529760e+03 1.408173e+03 1.361575e+03 1.410889e+03 1.565828e+03 1.839214e+03 2.245417e+03 1.519586e+04 3.952302e+04 6.358192e+04 8.186215e+04
8.706501e+02 8.706502e+02 8.706504e+02 8.706566e+02 8.706749e+02 8.712524e+02 8.730391e+02 8.783702e+02 8.814283e+02 8.854033e+02 8.990498e+02 9.204310e+02 9.454231e+02 9.708267e+02 9.962100e+02 1.022463e+03 1.050446e+03 1.221051e+03 1.406902e+03 1.551680e+03 1.611983e+03 1.592142e+03 1.530865e+03 1.408487e+03 1.362346e+03 1.412723e+03 1.569161e+03 1.844433e+03 2.252884e+03 1.523644e+04 3.958786e+04 6.365000e+04 8.192107e+04
9.008660e+02 9.008662e+02 9.008668e+02 9.008852e+02 9.009411e+02 9.020391e+02 9.041076e+02 9.095432e+02 9.126464e+02 9.162926e+02 9.277211e+02 9.466487e+02 9.709993e+02 9.973005e+02 1.023751e+03 1.050322e+03 1.077696e+03 1.239361e+03 1.419798e+03 1.560148e+03 1.616881e+03 1.594607e+03 1.531951e+03 1.408795e+03 1.363142e+03 1.414617e+03 1.572588e+03 1.849783e+03 2.260518e+03 1.527745e+04 3.965313e+04 6.371838e+04 8.198019e+04
1.278169e+03 1.278169e+03 1.278169e+03 1.278173e+03 1.278183e+03 1.278527e+03 1.279644e+03 1.284487e+03 1.288134e+03 1.292386e+03 1.301893e+03 1.311786e+03 1.321887e+03 1.332898e+03 1.345678e+03 1.360708e+03 1.377963e+03 1.482144e+03 1.586423e+03 1.658953e+03 1.668525e+03 1.618359e+03 1.541197e+03 1.411504e+03 1.372719e+03 1.437208e+03 1.612570e+03 1.911058e+03 2.346704e+03 1.571208e+04 4.032999e+04 6.441934e+04 8.258161e+04
1.613620e+03 1.613620e+03 1.613620e+03 1.613623e+03 1.613631e+03 1.613841e+03 1.614261e+03 1.615415e+03 1.616118e+03 1.616850e+03 1.618287e+03 1.619636e+03 1.620944e+03 1.622343e+03 1.624103e+03 1.626637e+03 1.630425e+03 1.676692e+03 1.745715e+03 1.776012e+03 1.737020e+03 1.649219e+03 1.551564e+03 1.415096e+03 1.386729e+03 1.468148e+03 1.664864e+03 1.988627e+03 2.453136e+03 1.619369e+04 4.105197e+04 6.515180e+04 8.320175e+04
1.800725e+03 1.800725e+03 1.800725e+03 1.800726e+03 1.800728e+03 1.800766e+03 1.800822e+03 1.801295e+03 1.801773e+03 1.802384e+03 1.803880e+03 1.805567e+03 1.807288e+03 1.808932e+03 1.810450e+03 1.811878e+03 1.813343e+03 1.827877e+03 1.854391e+03 1.853403e+03 1.791175e+03 1.684780e+03 1.574020e+03 1.428164e+03 1.409749e+03 1.511096e+03 1.732995e+03 2.086110e+03 2.583586e+03 1.672577e+04 4.182077e+04 6.591624e+04 8.384053e+04
1.947147e+03 1.947147e+03 1.947147e+03 1.947146e+03 1.947144e+03 1.947057e+03 1.946858e+03 1.946358e+03 1.946060e+03 1.945721e+03 1.944892e+03 1.943837e+03 1.942550e+03 1.941055e+03 1.939410e+03 1.937702e+03 1.936030e+03 1.930997e+03 1.927398e+03 1.897027e+03 1.817507e+03 1.705395e+03 1.595106e+03 1.456983e+03 1.451257e+03 1.572387e+03 1.822076e+03 2.208220e+03 2.742641e+03 1.731182e+04 4.263800e+04 6.671302e+04 8.449784e+04
1.975974e+03 1.975974e+03 1.975974e+03 1.975973e+03 1.975973e+03 1.975958e+03 1.975906e+03 1.975744e+03 1.975663e+03 1.975592e+03 1.975480e+03 1.975382e+03 1.975267e+03 1.975117e+03 1.974942e+03 1.974779e+03 1.974673e+03 1.975322e+03 1.967721e+03 1.924660e+03 1.834194e+03 1.719791e+03 1.614970e+03 1.497330e+03 1.514910e+03 1.661446e+03 1.940065e+03 2.361451e+03 2.936170e+03 1.795542e+04 4.350516e+04 6.754243e+04 8.517349e+04
1.983027e+03 1.983027e+03 1.983027e+03 1.983028e+03 1.983030e+03 1.983104e+03 1.983320e+03 1.984004e+03 1.984415e+03 1.984852e+03 1.985776e+03 1.986748e+03 1.987763e+03 1.988834e+03 1.989988e+03 1.991265e+03 1.992703e+03 2.001693e+03 1.999373e+03 1.954995e+03 1.860362e+03 1.745279e+03 1.645854e+03 1.552159e+03 1.600809e+03 1.781128e+03 2.095945e+03 2.555493e+03 3.172115e+03 1.866023e+04 4.442367e+04 6.840467e+04 8.586721e+04
2.016772e+03 2.016772e+03 2.016772e+03 2.016773e+03 2.016774e+03 2.016829e+03 2.016994e+03 2.017608e+03 2.018016e+03 2.018469e+03 2.019488e+03 2.020661e+03 2.022009e+03 2.023560e+03 2.025343e+03 2.027390e+03 2.029726e+03 2.044449e+03 2.047612e+03 2.005402e+03 1.910163e+03 1.795579e+03 1.700751e+03 1.629701e+03 1.713051e+03 1.934138e+03 2.293010e+03 2.798541e+03 3.461693e+03 1.943002e+04 4.539482e+04 6.929982e+04 8.657870e+04
2.086131e+03 2.086131e+03 2.086131e+03 2.086132e+03 2.086134e+03 2.086186e+03 2.086317e+03 2.086784e+03 2.087130e+03 2.087562e+03 2.088693e+03 2.090175e+03 2.091990e+03 2.094126e+03 2.096583e+03 2.099372e+03 2.102503e+03 2.121647e+03 2.128958e+03 2.088985e+03 1.994157e+03 1.880646e+03 1.790008e+03 1.739861e+03 1.858949e+03 2.125723e+03 2.535730e+03 3.094793e+03 3.811945e+03 2.026879e+04 4.641980e+04 7.022784e+04 8.730758e+04
2.203293e+03 2.203293e+03 2.203293e+03 2.203293e+03 2.203293e+03 2.203306e+03 2.203348e+03 2.203619e+03 2.203903e+03 2.204301e+03 2.205437e+03 2.207002e+03 2.208965e+03 2.211319e+03 2.214069e+03 2.217231e+03 2.220818e+03 2.243200e+03 2.254000e+03 2.215973e+03 2.121620e+03 2.009250e+03 1.922599e+03 1.892548e+03 2.047886e+03 2.363634e+03 2.830482e+03 3.449895e+03 4.227890e+03 2.118083e+04 4.749970e+04 7.118861e+04 8.805339e+04
2.362619e+03 2.362619e+03 2.362619e+03 2.362620e+03 2.362623e+03 2.362716e+03 2.363002e+03 2.364022e+03 2.364696e+03 2.365464e+03 2.367293e+03 2.369560e+03 2.372305e+03 2.375543e+03 2.379281e+03 2.383518e+03 2.388247e+03 2.416719e+03 2.432634e+03 2.397024e+03 2.302832e+03 2.191017e+03 2.107885e+03 2.097857e+03 2.290558e+03 2.657852e+03 3.185774e+03 3.871007e+03 4.715760e+03 2.217088e+04 4.863550e+04 7.218189e+04 8.881561e+04
2.597154e+03 2.597154e+03 2.597154e+03 2.597154e+03 2.597156e+03 2.597201e+03 2.597340e+03 2.597928e+03 2.598404e+03 2.599015e+03 2.600658e+03 2.602877e+03 2.605701e+03 2.609162e+03 2.613288e+03 2.618092e+03 2.623567e+03 2.657683e+03 2.679300e+03 2.645927e+03 2.550543e+03 2.437568e+03 2.356797e+03 2.366936e+03 2.598975e+03 3.020296e+03 3.612257e+03 4.367027e+03 5.282896e+03 2.324433e+04 4.982814e+04 7.320733e+04 8.959367e+04
2.888007e+03 2.888007e+03 2.888007e+03 2.888009e+03 2.888017e+03 2.888259e+03 2.888977e+03 2.891509e+03 2.893227e+03 2.895189e+03 2.899713e+03 2.904892e+03 2.910633e+03 2.916901e+03 2.923692e+03 2.931012e+03 2.938858e+03 2.983058e+03 3.011499e+03 2.979449e+03 2.880259e+03 2.763147e+03 2.682755e+03 2.713044e+03 2.986949e+03 3.464709e+03 4.122509e+03 4.948595e+03 5.937876e+03 2.440744e+04 5.107847e+04 7.426447e+04 9.038691e+04
3.331804e+03 3.331804e+03 3.331804e+03 3.331805e+03 3.331808e+03 3.331917e+03 3.332252e+03 3.333488e+03 3.334333e+03 3.335307e+03 3.337639e+03 3.340554e+03 3.344180e+03 3.348642e+03 3.354034e+03 3.360409e+03 3.367767e+03 3.414985e+03 3.449213e+03 3.417308e+03 3.310994e+03 3.185740e+03 3.102920e+03 3.152661e+03 3.470724e+03 4.006690e+03 4.730719e+03 5.627809e+03 6.690442e+03 2.566797e+04 5.238735e+04 7.535276e+04 9.119462e+04
3.833272e+03 3.833272e+03 3.833272e+03 3.833274e+03 3.833278e+03 3.833447e+03 3.834014e+03 3.836333e+03 3.838076e+03 3.840195e+03 3.845489e+03 3.852080e+03 3.859847e+03 3.868699e+03 3.878570e+03 3.889405e+03 3.901148e+03 3.968312e+03 4.016169e+03 3.985394e+03 3.867986e+03 3.729172e+03 3.639827e+03 3.706475e+03 4.069418e+03 4.663624e+03 5.452260e+03 6.417725e+03 7.551168e+03 2.703672e+04 5.375561e+04 7.647155e+04 9.201604e+04
4.559791e+03 4.559791e+03 4.559791e+03 4.559792e+03 4.559793e+03 4.559845e+03 4.560051e+03 4.561120e+03 4.562021e+03 4.563192e+03 4.566433e+03 4.571028e+03 4.577130e+03 4.584841e+03 4.594202e+03 4.605201e+03 4.617764e+03 4.696014e+03 4.755191e+03 4.721473e+03 4.585440e+03 4.424827e+03 4.322585e+03 4.399852e+03 4.804991e+03 5.454315e+03 6.303095e+03 7.331697e+03 8.530921e+03 2.851963e+04 5.518416e+04 7.762011e+04 9.285033e+04
5.429992e+03 5.429992e+03 5.429992e+03 5.429996e+03 5.430006e+03 5.430347e+03 5.431383e+03 5.435276e+03 5.438084e+03 5.441447e+03 5.449772e+03 5.460104e+03 5.472287e+03 5.486179e+03 5.501659e+03 5.518614e+03 5.536918e+03 5.639907e+03 5.712382e+03 5.670308e+03 5.505341e+03 5.311605e+03 5.186985e+03 5.262500e+03 5.701544e+03 6.398156e+03 7.298938e+03 8.382589e+03 9.640208e+03 3.011569e+04 5.667401e+04 7.879763e+04 9.369662e+04
6.667031e+03 6.667031e+03 6.667031e+03 6.667032e+03 6.667035e+03 6.667129e+03 6.667538e+03 6.669495e+03 6.671057e+03 6.673021e+03 6.678218e+03 6.685243e+03 6.694260e+03 6.705400e+03 6.718739e+03 6.734281e+03 6.751945e+03 6.861118e+03 6.940385e+03 6.882946e+03 6.677049e+03 6.435654e+03 6.274947e+03 6.327239e+03 6.783879e+03 7.513823e+03 8.454188e+03 9.581920e+03 1.088850e+04 3.182460e+04 5.822631e+04 8.000326e+04 9.455398e+04
8.102833e+03 8.102833e+03 8.102833e+03 8.102836e+03 8.102843e+03 8.103091e+03 8.103943e+03 8.107903e+03 8.111083e+03 8.115061e+03 8.125342e+03 8.138562e+03 8.154539e+03 8.173129e+03 8.194212e+03 8.217664e+03 8.243318e+03 8.390836e+03 8.492556e+03 8.419751e+03 8.159736e+03 7.850842e+03 7.633520e+03 7.627763e+03 8.075294e+03 8.817547e+03 9.780714e+03 1.093904e+04 1.228368e+04 3.364586e+04 5.984249e+04 8.123608e+04 9.542145e+04
1.000073e+04 1.000073e+04 1.000073e+04 1.000073e+04 1.000075e+04 1.000110e+04 1.000219e+04 1.000655e+04 1.000986e+04 1.001394e+04 1.002456e+04 1.003859e+04 1.005617e+04 1.007734e+04 1.010206e+04 1.013018e+04 1.016141e+04 1.034362e+04 1.046568e+04 1.036504e+04 1.002590e+04 9.617799e+03 9.312101e+03 9.195166e+03 9.594778e+03 1.032122e+04 1.128670e+04 1.246046e+04 1.383160e+04 3.557862e+04 6.152441e+04 8.249514e+04 9.629801e+04
1.240000e+04 1.240000e+04 1.240000e+04 1.240001e+04 1.240003e+04 1.240072e+04 1.240286e+04 1.241104e+04 1.241691e+04 1.242390e+04 1.244110e+04 1.246240e+04 1.248759e+04 1.251648e+04 1.254886e+04 1.258450e+04 1.262308e+04 1.283713e+04 1.296510e+04 1.280990e+04 1.235133e+04 1.179662e+04 1.135627e+04 1.105333e+04 1.135403e+04 1.203072e+04 1.297587e+04 1.414957e+04 1.553606e+04 3.762172e+04 6.327465e+04 8.377948e+04 9.718265e+04
1.554306e+04 1.554306e+04 1.554306e+04 1.554306e+04 1.554308e+04 1.554358e+04 1.554511e+04 1.555095e+04 1.555509e+04 1.556001e+04 1.557221e+04 1.558785e+04 1.560736e+04 1.563118e+04 1.565955e+04 1.569250e+04 1.572979e+04 1.595173e+04 1.607159e+04 1.583255e+04 1.520281e+04 1.443758e+04 1.380017e+04 1.321425e+04 1.335511e+04 1.394507e+04 1.484734e+04 1.600682e+04 1.739908e+04 3.977371e+04 6.509768e+04 8.508816e+04 9.807432e+04
1.910121e+04 1.910121e+04 1.910121e+04 1.910122e+04 1.910126e+04 1.910253e+04 1.910649e+04 1.912153e+04 1.913207e+04 1.914436e+04 1.917361e+04 1.920839e+04 1.924813e+04 1.929242e+04 1.934094e+04 1.939332e+04 1.944906e+04 1.974152e+04 1.986431e+04 1.950713e+04 1.863575e+04 1.757462e+04 1.666006e+04 1.567480e+04 1.558973e+04 1.605683e+04 1.689650e+04 1.803063e+04 1.942159e+04 4.203298e+04 6.699614e+04 8.642026e+04 9.897195e+04
2.384811e+04 2.384811e+04 2.384811e+04 2.384812e+04 2.384813e+04 2.384864e+04 2.385024e+04 2.385665e+04 2.386154e+04 2.386765e+04 2.388383e+04 2.390584e+04 2.393415e+04 2.396896e+04 2.401013e+04 2.405721e+04 2.410942e+04 2.439297e+04 2.445624e+04 2.390060e+04 2.268288e+04 2.121574e+04 1.992842e+04 1.841634e+04 1.804086e+04 1.835417e+04 1.911681e+04 2.021873e+04 2.160446e+04 4.439778e+04 6.896398e+04 8.777493e+04 9.987449e+04
2.931518e+04 2.931518e+04 2.931518e+04 2.931519e+04 2.931522e+04 2.931618e+04 2.931898e+04 2.932971e+04 2.933764e+04 2.934726e+04 2.937150e+04 2.940212e+04 2.943870e+04 2.948077e+04 2.952779e+04 2.957911e+04 2.963385e+04 2.989949e+04 2.985082e+04 2.900683e+04 2.732454e+04 2.533120e+04 2.357114e+04 2.140809e+04 2.068691e+04 2.082436e+04 2.150238e+04 2.257005e+04 2.394971e+04 4.686621e+04 7.099575e+04 8.915142e+04 1.007809e+05
3.575222e+04 3.575222e+04 3.575222e+04 3.575222e+04 3.575223e+04 3.575251e+04 3.575337e+04 3.575698e+04 3.575992e+04 3.576383e+04 3.577507e+04 3.579158e+04 3.581390e+04 3.584219e+04 3.587623e+04 3.591539e+04 3.595863e+04 3.615903e+04 3.595261e+04 3.474272e+04 3.248779e+04 2.985730e+04 2.753399e+04 2.461453e+04 2.350762e+04 2.345794e+04 2.405080e+04 2.508644e+04 2.646157e+04 4.943625e+04 7.308612e+04 9.054915e+04 1.016901e+05
4.253706e+04 4.253706e+04 4.253706e+04 4.253707e+04 4.253710e+04 4.253795e+04 4.254062e+04 4.255124e+04 4.255911e+04 4.256859e+04 4.259202e+04 4.262082e+04 4.265445e+04 4.269241e+04 4.273413e+04 4.277879e+04 4.282521e+04 4.299685e+04 4.262065e+04 4.098814e+04 3.807259e+04 3.471462e+04 3.175676e+04 2.800488e+04 2.649040e+04 2.625279e+04 2.676562e+04 2.777417e+04 2.914730e+04 5.210558e+04 7.522956e+04 9.196778e+04 1.026011e+05
5.001354e+04 5.001354e+04 5.001354e+04 5.001355e+04 5.001357e+04 5.001414e+04 5.001590e+04 5.002276e+04 5.002774e+04 5.003371e+04 5.004862e+04 5.006755e+04 5.009062e+04 5.011779e+04 5.014871e+04 5.018258e+04 5.021800e+04 5.031235e+04 4.972749e+04 4.761847e+04 4.397464e+04 3.982580e+04 3.618726e+04 3.156173e+04 2.963539e+04 2.921698e+04 2.965778e+04 3.064454e+04 3.201732e+04 5.487155e+04 7.742018e+04 9.340745e+04 1.035129e+05
5.771206e+04 5.771206e+04 5.771206e+04 5.771207e+04 5.771208e+04 5.771253e+04 5.771404e+04 5.772017e+04 5.772479e+04 5.773045e+04 5.774485e+04 5.776328e+04 5.778549e+04 5.781107e+04 5.783928e+04 5.786897e+04 5.789844e+04 5.792055e+04 5.711115e+04 5.449788e+04 5.009367e+04 4.512735e+04 4.079219e+04 3.528720e+04 3.295834e+04 3.236980e+04 3.274581e+04 3.371364e+04 3.508482e+04 5.773099e+04 7.965181e+04 9.486923e+04 1.044247e+05
6.562690e+04 6.562690e+04 6.562690e+04 6.562690e+04 6.562690e+04 6.562682e+04 6.562663e+04 6.562694e+04 6.562774e+04 6.562904e+04 6.563329e+04 6.563992e+04 6.564913e+04 6.566094e+04 6.567493e+04 6.569013e+04 6.570482e+04 6.563344e+04 6.460448e+04 6.150203e+04 5.635413e+04 5.058583e+04 4.556797e+04 3.920650e+04 3.649091e+04 3.574083e+04 3.605451e+04 3.700102e+04 3.836458e+04 6.068004e+04 8.191795e+04 9.635476e+04 1.053356e+05
7.318445e+04 7.318445e+04 7.318445e+04 7.318446e+04 7.318448e+04 7.318514e+04 7.318720e+04 7.319505e+04 7.320050e+04 7.320681e+04 7.322162e+04 7.323900e+04 7.325864e+04 7.328015e+04 7.330286e+04 7.332559e+04 7.334646e+04 7.327175e+04 7.209894e+04 6.857600e+04 6.274398e+04 5.621986e+04 5.055166e+04 4.336854e+04 4.027829e+04 3.936708e+04 3.961232e+04 4.052758e+04 4.187127e+04 6.371406e+04 8.421189e+04 9.785870e+04 1.062449e+05
8.083581e+04 8.083581e+04 8.083581e+04 8.083581e+04 8.083582e+04 8.083606e+04 8.083683e+04 8.083995e+04 8.084242e+04 8.084561e+04 8.085443e+04 8.086698e+04 8.088370e+04 8.090463e+04 8.092918e+04 8.095600e+04 8.098276e+04 8.093736e+04 7.968101e+04 7.580431e+04 6.934875e+04 6.211451e+04 5.582509e+04 4.784250e+04 4.437450e+04 4.328864e+04 4.344779e+04 4.431281e+04 4.561745e+04 6.682743e+04 8.652672e+04 9.937563e+04 1.071518e+05
8.855357e+04 8.855357e+04 8.855357e+04 8.855358e+04 8.855361e+04 8.855468e+04 8.855799e+04 8.857114e+04 8.858078e+04 8.859229e+04 8.862037e+04 8.865447e+04 8.869377e+04 8.873745e+04 8.878433e+04 8.883268e+04 8.887993e+04 8.890787e+04 8.759531e+04 8.339299e+04 7.633971e+04 6.841178e+04 6.150611e+04 5.270980e+04 4.883547e+04 4.754326e+04 4.758560e+04 4.837190e+04 4.961150e+04 7.001349e+04 8.885539e+04 1.009007e+05 1.080560e+05
9.725386e+04 9.725386e+04 9.725386e+04 9.725386e+04 9.725388e+04 9.725427e+04 9.725549e+04 9.726042e+04 9.726428e+04 9.726921e+04 9.728276e+04 9.730198e+04 9.732758e+04 9.735980e+04 9.739808e+04 9.744090e+04 9.748554e+04 9.752043e+04 9.613168e+04 9.159532e+04 8.392993e+04 7.528357e+04 6.773004e+04 5.805266e+04 5.371111e+04 5.216077e+04 5.204262e+04 5.271311e+04 5.385582e+04 7.326446e+04 9.119081e+04 1.024292e+05 1.089571e+05
1.063806e+05 1.063806e+05 1.063806e+05 1.063806e+05 1.063806e+05 1.063821e+05 1.063867e+05 1.064050e+05 1.064183e+05 1.064343e+05 1.064733e+05 1.065209e+05 1.065763e+05 1.066387e+05 1.067066e+05 1.067780e+05 1.068499e+05 1.069858e+05 1.055534e+05 1.006716e+05 9.234488e+04 8.290834e+04 7.463082e+04 6.394186e+04 5.903750e+04 5.715817e+04 5.682483e+04 5.733573e+04 5.834549e+04 7.657141e+04 9.352588e+04 1.039565e+05 1.098551e+05
1.171280e+05 1.171280e+05 1.171280e+05 1.171280e+05 1.171281e+05 1.171288e+05 1.171312e+05 1.171410e+05 1.171486e+05 1.171583e+05 1.171841e+05 1.172190e+05 1.172635e+05 1.173178e+05 1.173812e+05 1.174518e+05 1.175264e+05 1.176996e+05 1.161960e+05 1.109107e+05 1.018149e+05 9.145460e+04 8.232412e+04 7.042565e+04 6.483065e+04 6.253620e+04 6.192540e+04 6.222905e+04 6.306775e+04 7.992432e+04 9.585354e+04 1.054780e+05 1.107507e+05
1.289861e+05 1.289861e+05 1.289861e+05 1.289861e+05 1.289862e+05 1.289885e+05 1.289955e+05 1.290219e+05 1.290405e+05 1.290625e+05 1.291164e+05 1.291831e+05 1.292622e+05 1.293527e+05 1.294530e+05 1.295605e+05 1.296711e+05 1.299782e+05 1.283931e+05 1.225950e+05 1.125463e+05 1.010563e+05 9.088863e+04 7.752084e+04 7.108288e+04 6.827805e+04 6.732444e+04 6.737240e+04 6.800214e+04 8.331212e+04 9.816684e+04 1.069891e+05 1.116453e+05
1.433877e+05 1.433877e+05 1.433877e+05 1.433877e+05 1.433878e+05 1.433892e+05 1.433941e+05 1.434143e+05 1.434297e+05 1.434485e+05 1.434965e+05 1.435583e+05 1.436335e+05 1.437212e+05 1.438198e+05 1.439262e+05 1.440360e+05 1.443078e+05 1.424684e+05 1.359363e+05 1.246655e+05 1.117767e+05 1.003452e+05 8.520752e+04 7.776254e+04 7.435050e+04 7.299027e+04 7.273637e+04 7.312143e+04 8.672281e+04 1.004590e+05 1.084854e+05 1.125365e+05
1.600407e+05 1.600407e+05 1.600407e+05 1.600407e+05 1.600407e+05 1.600418e+05 1.600452e+05 1.600593e+05 1.600702e+05 1.600837e+05 1.601189e+05 1.601650e+05 1.602221e+05 1.602899e+05 1.603672e+05 1.604513e+05 1.605377e+05 1.606521e+05 1.584057e+05 1.509192e+05 1.381455e+05 1.235752e+05 1.106434e+05 9.342955e+04 8.481730e+04 8.070716e+04 7.888201e+04 7.828465e+04 7.839304e+04 9.014362e+04 1.027234e+05 1.099625e+05 1.134206e+05
1.779779e+05 1.779779e+05 1.779779e+05 1.779779e+05 1.779780e+05 1.779795e+05 1.779844e+05 1.780037e+05 1.780181e+05 1.780357e+05 1.780800e+05 1.781364e+05 1.782043e+05 1.782827e+05 1.783694e+05 1.784610e+05 1.785519e+05 1.785962e+05 1.759193e+05 1.673328e+05 1.528213e+05 1.363169e+05 1.216700e+05 1.021024e+05 9.218047e+04 8.729311e+04 8.495289e+04 8.397638e+04 8.378065e+04 9.356120e+04 1.049537e+05 1.114161e+05 1.142946e+05
1.976186e+05 1.976186e+05 1.976186e+05 1.976186e+05 1.976187e+05 1.976200e+05 1.976241e+05 1.976406e+05 1.976530e+05 1.976680e+05 1.977060e+05 1.977543e+05 1.978121e+05 1.978785e+05 1.979511e+05 1.980263e+05 1.980980e+05 1.979641e+05 1.947477e+05 1.849083e+05 1.684575e+05 1.498110e+05 1.332737e+05 1.111263e+05 9.977896e+04 9.404991e+04 9.115347e+04 8.976837e+04 8.924579e+04 9.696177e+04 1.071437e+05 1.128420e+05 1.151559e+05
2.184014e+05 2.184014e+05 2.184014e+05 2.184014e+05 2.184014e+05 2.184020e+05 2.184039e+05 2.184115e+05 2.184173e+05 2.184244e+05 2.184430e+05 2.184680e+05 2.184998e+05 2.185380e+05 2.185808e+05 2.186246e+05 2.186631e+05 2.182941e+05 2.144821e+05 2.032986e+05 1.847760e+05 1.638438e+05 1.452916e+05 1.204002e+05 1.075405e+05 1.009197e+05 9.743422e+04 9.561677e+04 9.474910e+04 1.003314e+05 1.092877e+05 1.142364e+05 1.160021e+05
2.391690e+05 2.391690e+05 2.391690e+05 2.391690e+05 2.391690e+05 2.391701e+05 2.391734e+05 2.391862e+05 2.391955e+05 2.392066e+05 2.392342e+05 2.392687e+05 2.393098e+05 2.393563e+05 2.394059e+05 2.394540e+05 2.394935e+05 2.390265e+05 2.346888e+05 2.221613e+05 2.015119e+05 1.782158e+05 1.575740e+05 1.298319e+05 1.153981e+05 1.078473e+05 1.037468e+05 1.014781e+05 1.002512e+05 1.036562e+05 1.113801e+05 1.155954e+05 1.168306e+05
2.603206e+05 2.603206e+05 2.603206e+05 2.603207e+05 2.603207e+05 2.603218e+05 2.603250e+05 2.603374e+05 2.603463e+05 2.603570e+05 2.603833e+05 2.604163e+05 2.604555e+05 2.604997e+05 2.605461e+05 2.605896e+05 2.606223e+05 2.600335e+05 2.551590e+05 2.412711e+05 2.184652e+05 1.927672e+05 1.699975e+05 1.393420e+05 1.232910e+05 1.147806e+05 1.100444e+05 1.073097e+05 1.057129e+05 1.069224e+05 1.134159e+05 1.169155e+05 1.176392e+05
2.817808e+05 2.817808e+05 2.817808e+05 2.817808e+05 2.817808e+05 2.817814e+05 2.817831e+05 2.817901e+05 2.817953e+05 2.818016e+05 2.818175e+05 2.818376e+05 2.818616e+05 2.818885e+05 2.819154e+05 2.819373e+05 2.819459e+05 2.811588e+05 2.757038e+05 2.604410e+05 2.354765e+05 2.073719e+05 1.824631e+05 1.488619e+05 1.311628e+05 1.216693e+05 1.162808e+05 1.130692e+05 1.110961e+05 1.101170e+05 1.153902e+05 1.181936e+05 1.184258e+05
3.028611e+05 3.028611e+05 3.028611e+05 3.028611e+05 3.028611e+05 3.028614e+05 3.028624e+05 3.028662e+05 3.028690e+05 3.028725e+05 3.028815e+05 3.028934e+05 3.029082e+05 3.029252e+05 3.029417e+05 3.029522e+05 3.029482e+05 3.020289e+05 2.960647e+05 2.794940e+05 2.524212e+05 2.219364e+05 1.948945e+05 1.583299e+05 1.389581e+05 1.284626e+05 1.224100e+05 1.187152e+05 1.163631e+05 1.132273e+05 1.172986e+05 1.194265e+05 1.191882e+05
3.232261e+05 3.232261e+05 3.232261e+05 3.232261e+05 3.232261e+05 3.232270e+05 3.232299e+05 3.232406e+05 3.232482e+05 3.232572e+05 3.232792e+05 3.233062e+05 3.233379e+05 3.233729e+05 3.234078e+05 3.234365e+05 3.234493e+05 3.225385e+05 3.161812e+05 2.983880e+05 2.692575e+05 2.364120e+05 2.072363e+05 1.676858e+05 1.466196e+05 1.351088e+05 1.283859e+05 1.242067e+05 1.214778e+05 1.162416e+05 1.191372e+05 1.206116e+05 1.199247e+05
3.436803e+05 3.436803e+05 3.436803e+05 3.436803e+05 3.436803e+05 3.436812e+05 3.436840e+05 3.436953e+05 3.437037e+05 3.437139e+05 3.437396e+05 3.437723e+05 3.438114e+05 3.438553e+05 3.439003e+05 3.439394e+05 3.439623e+05 3.430339e+05 3.362643e+05 3.172266e+05 2.860104e+05 2.507738e+05 2.194372e+05 1.768639e+05 1.540859e+05 1.415542e+05 1.341625e+05 1.295043e+05 1.264063e+05 1.191493e+05 1.209024e+05 1.217464e+05 1.206332e+05
3.646061e+05 3.646061e+05 3.646061e+05 3.646061e+05 3.646061e+05 3.646069e+05 3.646093e+05 3.646190e+05 3.646262e+05 3.646350e+05 3.646574e+05 3.646858e+05 3.647198e+05 3.647573e+05 3.647946e+05 3.648244e+05 3.648355e+05 3.637662e+05 3.564564e+05 3.360562e+05 3.026570e+05 2.649602e+05 2.314194e+05 1.857866e+05 1.612913e+05 1.477453e+05 1.396958e+05 1.345715e+05 1.311175e+05 1.219407e+05 1.225909e+05 1.228289e+05 1.213123e+05
3.857735e+05 3.857735e+05 3.857735e+05 3.857735e+05 3.857735e+05 3.857737e+05 3.857743e+05 3.857768e+05 3.857789e+05 3.857817e+05 3.857897e+05 3.858011e+05 3.858155e+05 3.858313e+05 3.858445e+05 3.858479e+05 3.858295e+05 3.845221e+05 3.765660e+05 3.547009e+05 3.190373e+05 2.788292e+05 2.430600e+05 1.943638e+05 1.681692e+05 1.536311e+05 1.449460e+05 1.393762e+05 1.355851e+05 1.246074e+05 1.242000e+05 1.238572e+05 1.219602e+05
4.063451e+05 4.063451e+05 4.063451e+05 4.063451e+05 4.063451e+05 4.063453e+05 4.063459e+05 4.063480e+05 4.063494e+05 4.063510e+05 4.063545e+05 4.063582e+05 4.063617e+05 4.063631e+05 4.063584e+05 4.063400e+05 4.062958e+05 4.047539e+05 3.961410e+05 3.728010e+05 3.348759e+05 2.921743e+05 2.542034e+05 2.025016e+05 1.746574e+05 1.591677e+05 1.498801e+05 1.438925e+05 1.397879e+05 1.271423e+05 1.257274e+05 1.248298e+05 1.225756e+05
4.258142e+05 4.258142e+05 4.258142e+05 4.258142e+05 4.258141e+05 4.258140e+05 4.258135e+05 4.258114e+05 4.258098e+05 4.258079e+05 4.258030e+05 4.257966e+05 4.257884e+05 4.257765e+05 4.257567e+05 4.257209e+05 4.256563e+05 4.239191e+05 4.147045e+05 3.899659e+05 3.498748e+05 3.047786e+05 2.646937e+05 2.101155e+05 1.807052e+05 1.643215e+05 1.544741e+05 1.481022e+05 1.437111e+05 1.295396e+05 1.271712e+05 1.257454e+05 1.231573e+05
4.437642e+05 4.437642e+05 4.437642e+05 4.437642e+05 4.437641e+05 4.437638e+05 4.437626e+05 4.437579e+05 4.437545e+05 4.437505e+05 4.437404e+05 4.437278e+05 4.437121e+05 4.436916e+05 4.436615e+05 4.436137e+05 4.435346e+05 4.416440e+05 4.319029e+05 4.058890e+05 3.637923e+05 3.164649e+05 2.744058e+05 2.171427e+05 1.862785e+05 1.690721e+05 1.587145e+05 1.519951e+05 1.473468e+05 1.317948e+05 1.285298e+05 1.266033e+05 1.237041e+05
4.599734e+05 4.599734e+05 4.599734e+05 4.599734e+05 4.599734e+05 4.599730e+05 4.599718e+05 4.599668e+05 4.599631e+05 4.599586e+05 4.599471e+05 4.599322e+05 4.599134e+05 4.598889e+05 4.598540e+05 4.597999e+05 4.597128e+05 4.577137e+05 4.475290e+05 4.203838e+05 3.764767e+05 3.271210e+05 2.832616e+05 2.235490e+05 1.913627e+05 1.734132e+05 1.625983e+05 1.555695e+05 1.506930e+05 1.339045e+05 1.298022e+05 1.274026e+05 1.242152e+05
4.744032e+05 4.744032e+05 4.744032e+05 4.744032e+05 4.744032e+05 4.744028e+05 4.744016e+05 4.743969e+05 4.743933e+05 4.743889e+05 4.743777e+05 4.743631e+05 4.743446e+05 4.743202e+05 4.742849e+05 4.742297e+05 4.741401e+05 4.720699e+05 4.615150e+05 4.333802e+05 3.878677e+05 3.367032e+05 2.912342e+05 2.293295e+05 1.959621e+05 1.773516e+05 1.661320e+05 1.588307e+05 1.537539e+05 1.358666e+05 1.309877e+05 1.281430e+05 1.246896e+05
4.871767e+05 4.871767e+05 4.871767e+05 4.871767e+05 4.871767e+05 4.871763e+05 4.871751e+05 4.871701e+05 4.871663e+05 4.871616e+05 4.871497e+05 4.871341e+05 4.871145e+05 4.870887e+05 4.870516e+05 4.869940e+05 4.869011e+05 4.847672e+05 4.738929e+05 4.448969e+05 3.979793e+05 3.452265e+05 2.983413e+05 2.345052e+05 2.000970e+05 1.809047e+05 1.693297e+05 1.617898e+05 1.565377e+05 1.376801e+05 1.320859e+05 1.288245e+05 1.251268e+05
4.983402e+05 4.983402e+05 4.983402e+05 4.983402e+05 4.983402e+05 4.983397e+05 4.983384e+05 4.983328e+05 4.983287e+05 4.983236e+05 4.983106e+05 4.982939e+05 4.982730e+05 4.982459e+05 4.982074e+05 4.981483e+05 4.980532e+05 4.958725e+05 4.847347e+05 4.550052e+05 4.068777e+05 3.527500e+05 3.046352e+05 2.391167e+05 2.037991e+05 1.840975e+05 1.722110e+05 1.644616e+05 1.590559e+05 1.393450e+05 1.330969e+05 1.294470e+05 1.255263e+05
5.079298e+05 5.079298e+05 5.079298e+05 5.079298e+05 5.079298e+05 5.079295e+05 5.079287e+05 5.079250e+05 5.079222e+05 5.079187e+05 5.079096e+05 5.078973e+05 5.078813e+05 5.078595e+05 5.078265e+05 5.077727e+05 5.076826e+05 5.054939e+05 4.941586e+05 4.638219e+05 4.146687e+05 3.593643e+05 3.101912e+05 2.432167e+05 2.071068e+05 1.869586e+05 1.747976e+05 1.668631e+05 1.613215e+05 1.408621e+05 1.340211e+05 1.300109e+05 1.258877e+05
5.162519e+05 5.162519e+05 5.162519e+05 5.162519e+05 5.162519e+05 5.162516e+05 5.162507e+05 5.162470e+05 5.162442e+05 5.162409e+05 5.162323e+05 5.162214e+05 5.162075e+05 5.161886e+05 5.161593e+05 5.161097e+05 5.160241e+05 5.138372e+05 5.023489e+05 4.715091e+05 4.214887e+05 3.651799e+05 3.150975e+05 2.468627e+05 2.100598e+05 1.895169e+05 1.771113e+05 1.690111e+05 1.633477e+05 1.422330e+05 1.348592e+05 1.305168e+05 1.262110e+05
5.234943e+05 5.234943e+05 5.234943e+05 5.234943e+05 5.234943e+05 5.234942e+05 5.234937e+05 5.234917e+05 5.234902e+05 5.234883e+05 5.234835e+05 5.234769e+05 5.234680e+05 5.234544e+05 5.234307e+05 5.233868e+05 5.233067e+05 5.211279e+05 5.095148e+05 4.782497e+05 4.274882e+05 3.703149e+05 3.194455e+05 2.501107e+05 2.126952e+05 1.917990e+05 1.791719e+05 1.709209e+05 1.651469e+05 1.434601e+05 1.356122e+05 1.309653e+05 1.264960e+05
5.299246e+05 5.299246e+05 5.299246e+05 5.299246e+05 5.299246e+05 5.299244e+05 5.299239e+05 5.299218e+05 5.299203e+05 5.299185e+05 5.299138e+05 5.299080e+05 5.299005e+05 5.298890e+05 5.298681e+05 5.298275e+05 5.297511e+05 5.275772e+05 5.158563e+05 4.842216e+05 4.328132e+05 3.748826e+05 3.233205e+05 2.530103e+05 2.150445e+05 1.938266e+05 1.809959e+05 1.726057e+05 1.667300e+05 1.445462e+05 1.362815e+05 1.313575e+05 1.267429e+05
5.356716e+05 5.356716e+05 5.356716e+05 5.356716e+05 5.356716e+05 5.356715e+05 5.356714e+05 5.356709e+05 5.356705e+05 5.356700e+05 5.356687e+05 5.356668e+05 5.356637e+05 5.356569e+05 5.356409e+05 5.356053e+05 5.355337e+05 5.333672e+05 5.215483e+05 4.895806e+05 4.375911e+05 3.789800e+05 3.267943e+05 2.556008e+05 2.171315e+05 1.956160e+05 1.825956e+05 1.740757e+05 1.681059e+05 1.454948e+05 1.368686e+05 1.316942e+05 1.269518e+05
5.409605e+05 5.409605e+05 5.409605e+05 5.409605e+05 5.409605e+05 5.409604e+05 5.409603e+05 5.409598e+05 5.409593e+05 5.409588e+05 5.409576e+05 5.409559e+05 5.409531e+05 5.409470e+05 5.409319e+05 5.408973e+05 5.408267e+05 5.386519e+05 5.267306e+05 4.944478e+05 4.419191e+05 3.826799e+05 3.299192e+05 2.579091e+05 2.189715e+05 1.971776e+05 1.839796e+05 1.753386e+05 1.692819e+05 1.463098e+05 1.373754e+05 1.319769e+05 1.271233e+05
5.458408e+05 5.458408e+05 5.458408e+05 5.458408e+05 5.458408e+05 5.458408e+05 5.458407e+05 5.458404e+05 5.458401e+05 5.458398e+05 5.458389e+05 5.458376e+05 5.458353e+05 5.458297e+05 5.458149e+05 5.457805e+05 5.457098e+05 5.435176e+05 5.314877e+05 4.988986e+05 4.458577e+05 3.860266e+05 3.327256e+05 2.599491e+05 2.205717e+05 1.985168e+05 1.851527e+05 1.763997e+05 1.702637e+05 1.469954e+05 1.378039e+05 1.322067e+05 1.272576e+05
5.503573e+05 5.503573e+05 5.503573e+05 5.503573e+05 5.503573e+05 5.503573e+05 5.503572e+05 5.503567e+05 5.503563e+05 5.503558e+05 5.503543e+05 5.503523e+05 5.503490e+05 5.503421e+05 5.503259e+05 5.502898e+05 5.502169e+05 5.479968e+05 5.358520e+05 5.029628e+05 4.494307e+05 3.890367e+05 3.352238e+05 2.617237e+05 2.219333e+05 1.996350e+05 1.861180e+05 1.772632e+05 1.710565e+05 1.475562e+05 1.381563e+05 1.323851e+05 1.273555e+05
5.544830e+05 5.544830e+05 5.544830e+05 5.544830e+05 5.544830e+05 5.544829e+05 5.544826e+05 5.544816e+05 5.544808e+05 5.544797e+05 5.544772e+05 5.544737e+05 5.544688e+05 5.544601e+05 5.544418e+05 5.544031e+05 5.543272e+05 5.520748e+05 5.398140e+05 5.066342e+05 4.526330e+05 3.917046e+05 3.374079e+05 2.632279e+05 2.230537e+05 2.005324e+05 1.868774e+05 1.779327e+05 1.716653e+05 1.479973e+05 1.384350e+05 1.325136e+05 1.274176e+05
5.581682e+05 5.581682e+05 5.581682e+05 5.581682e+05 5.581682e+05 5.581681e+05 5.581678e+05 5.581666e+05 5.581656e+05 5.581643e+05 5.581609e+05 5.581564e+05 5.581500e+05 5.581395e+05 5.581189e+05 5.580775e+05 5.579983e+05 5.557118e+05 5.433380e+05 5.098822e+05 4.554391e+05 3.940099e+05 3.392619e+05 2.644532e+05 2.239295e+05 2.012091e+05 1.874339e+05 1.784130e+05 1.720958e+05 1.483239e+05 1.386428e+05 1.325939e+05 1.274446e+05
5.613670e+05 5.613670e+05 5.613670e+05 5.613670e+05 5.613670e+05 5.613668e+05 5.613663e+05 5.613642e+05 5.613626e+05 5.613607e+05 5.613557e+05 5.613492e+05 5.613406e+05 5.613274e+05 5.613039e+05 5.612593e+05 5.611762e+05 5.588554e+05 5.463752e+05 5.126637e+05 4.578138e+05 3.959259e+05 3.407669e+05 2.653921e+05 2.245598e+05 2.016680e+05 1.877924e+05 1.787102e+05 1.723549e+05 1.485417e+05 1.387822e+05 1.326276e+05 1.274375e+05
5.640026e+05 5.640026e+05 5.640026e+05 5.640026e+05 5.640025e+05 5.640024e+05 5.640018e+05 5.639996e+05 5.639979e+05 5.639958e+05 5.639902e+05 5.639829e+05 5.639730e+05 5.639583e+05 5.639329e+05 5.638858e+05 5.637999e+05 5.614495e+05 5.488742e+05 5.149345e+05 4.597227e+05 3.974289e+05 3.419089e+05 2.660426e+05 2.249484e+05 2.019155e+05 1.879605e+05 1.788326e+05 1.724513e+05 1.486562e+05 1.388560e+05 1.326165e+05 1.273970e+05
5.660456e+05 5.660456e+05 5.660456e+05 5.660456e+05 5.660456e+05 5.660453e+05 5.660446e+05 5.660416e+05 5.660393e+05 5.660366e+05 5.660295e+05 5.660203e+05 5.660085e+05 5.659915e+05 5.659635e+05 5.659136e+05 5.658245e+05 5.634476e+05 5.507921e+05 5.166591e+05 4.611414e+05 3.985058e+05 3.426834e+05 2.664104e+05 2.251048e+05 2.019622e+05 1.879490e+05 1.787907e+05 1.723950e+05 1.486735e+05 1.388672e+05 1.325624e+05 1.273243e+05
5.674316e+05 5.674316e+05 5.674316e+05 5.674316e+05 5.674316e+05 5.674314e+05 5.674306e+05 5.674276e+05 5.674253e+05 5.674225e+05 5.674153e+05 5.674059e+05 5.673938e+05 5.673764e+05 5.673479e+05 5.672973e+05 5.672072e+05 5.648157e+05 5.521012e+05 5.178185e+05 4.620608e+05 3.991567e+05 3.430974e+05 2.665089e+05 2.250437e+05 2.018224e+05 1.877713e+05 1.785969e+05 1.721975e+05 1.485997e+05 1.388188e+05 1.324670e+05 1.272204e+05
5.681802e+05 5.681802e+05 5.681802e+05 5.681802e+05 5.681802e+05 5.681800e+05 5.681792e+05 5.681761e+05 5.681738e+05 5.681709e+05 5.681636e+05 5.681541e+05 5.681418e+05 5.681242e+05 5.680954e+05 5.680444e+05 5.679538e+05 5.655539e+05 5.528006e+05 5.184144e+05 4.624882e+05 3.993942e+05 3.431673e+05 2.663572e+05 2.247835e+05 2.015129e+05 1.874426e+05 1.782649e+05 1.718714e+05 1.484408e+05 1.387137e+05 1.323322e+05 1.270862e+05
5.683109e+05 5.683109e+05 5.683109e+05 5.683109e+05 5.683109e+05 5.683107e+05 5.683099e+05 5.683067e+05 5.683044e+05 5.683015e+05 5.682941e+05 5.682845e+05 5.682721e+05 5.682544e+05 5.682255e+05 5.681745e+05 5.680837e+05 5.656806e+05 5.529081e+05 5.184658e+05 4.624446e+05 3.992413e+05 3.429167e+05 2.659779e+05 2.243446e+05 2.010518e+05 1.869789e+05 1.778091e+05 1.714297e+05 1.482032e+05 1.385551e+05 1.321598e+05 1.269230e+05
5.678474e+05 5.678474e+05 5.678474e+05 5.678474e+05 5.678474e+05 5.678472e+05 5.678464e+05 5.678434e+05 5.678411e+05 5.678383e+05 5.678312e+05 5.678219e+05 5.678098e+05 5.677925e+05 5.677640e+05 5.677134e+05 5.676231e+05 5.652237e+05 5.524543e+05 5.180057e+05 4.619632e+05 3.987294e+05 3.423748e+05 2.653958e+05 2.237481e+05 2.004576e+05 1.863965e+05 1.772442e+05 1.708856e+05 1.478930e+05 1.383460e+05 1.319517e+05 1.267319e+05
5.668282e+05 5.668282e+05 5.668282e+05 5.668281e+05 5.668281e+05 5.668279e+05 5.668271e+05 5.668241e+05 5.668218e+05 5.668189e+05 5.668118e+05 5.668026e+05 5.667909e+05 5.667743e+05 5.667469e+05 5.666978e+05 5.666097e+05 5.642284e+05 5.514909e+05 5.170864e+05 4.610918e+05 3.978996e+05 3.415762e+05 2.646363e+05 2.230148e+05 1.997479e+05 1.857111e+05 1.765842e+05 1.702519e+05 1.475163e+05 1.380893e+05 1.317098e+05 1.265139e+05
5.652965e+05 5.652965e+05 5.652965e+05 5.652965e+05 5.652965e+05 5.652964e+05 5.652962e+05 5.652953e+05 5.652945e+05 5.652936e+05 5.652910e+05 5.652873e+05 5.652817e+05 5.652717e+05 5.652514e+05 5.652097e+05 5.651292e+05 5.627904e+05 5.501102e+05 5.157883e+05 4.598954e+05 3.968023e+05 3.405598e+05 2.637253e+05 2.221643e+05 1.989395e+05 1.849374e+05 1.758424e+05 1.695408e+05 1.470789e+05 1.377882e+05 1.314358e+05 1.262704e+05
5.635365e+05 5.635365e+05 5.635365e+05 5.635365e+05 5.635365e+05 5.635364e+05 5.635362e+05 5.635352e+05 5.635345e+05 5.635337e+05 5.635314e+05 5.635284e+05 5.635241e+05 5.635158e+05 5.634976e+05 5.634585e+05 5.633811e+05 5.610658e+05 5.484343e+05 5.142053e+05 4.584436e+05 3.954881e+05 3.393634e+05 2.626865e+05 2.212147e+05 1.980474e+05 1.840889e+05 1.750312e+05 1.687637e+05 1.465867e+05 1.374456e+05 1.311315e+05 1.260025e+05
5.616282e+05 5.616282e+05 5.616282e+05 5.616282e+05 5.616282e+05 5.616281e+05 5.616276e+05 5.616261e+05 5.616250e+05 5.616236e+05 5.616202e+05 5.616157e+05 5.616095e+05 5.615992e+05 5.615789e+05 5.615377e+05 5.614582e+05 5.591392e+05 5.465368e+05 5.123986e+05 4.567851e+05 3.939951e+05 3.380167e+05 2.615402e+05 2.201817e+05 1.970853e+05 1.831780e+05 1.741618e+05 1.679309e+05 1.460452e+05 1.370644e+05 1.307987e+05 1.257113e+05
5.594945e+05 5.594945e+05 5.594945e+05 5.594945e+05 5.594945e+05 5.594943e+05 5.594939e+05 5.594920e+05 5.594906e+05 5.594889e+05 5.594845e+05 5.594788e+05 5.594711e+05 5.594591e+05 5.594369e+05 5.593937e+05 5.593121e+05 5.569891e+05 5.444177e+05 5.103819e+05 4.549399e+05 3.923445e+05 3.365398e+05 2.603028e+05 2.190792e+05 1.960653e+05 1.822156e+05 1.732445e+05 1.670522e+05 1.454597e+05 1.366475e+05 1.304392e+05 1.253981e+05
5.570728e+05 5.570728e+05 5.570728e+05 5.570728e+05 5.570728e+05 5.570727e+05 5.570722e+05 5.570703e+05 5.570689e+05 5.570672e+05 5.570630e+05 5.570575e+05 5.570503e+05 5.570389e+05 5.570175e+05 5.569753e+05 5.568950e+05 5.545854e+05 5.420647e+05 5.081566e+05 4.529182e+05 3.905504e+05 3.349478e+05 2.589882e+05 2.179194e+05 1.949984e+05 1.812116e+05 1.722884e+05 1.661360e+05 1.448350e+05 1.361975e+05 1.300546e+05 1.250640e+05
