8.279363e+06 4.189454e+06 3.169287e+06 1.831600e+06 1.523543e+06 9.547574e+05 7.621720e+05 6.079918e+05 5.661582e+05 5.345603e+05 4.891645e+05 4.574592e+05 4.335057e+05 4.142495e+05 3.979541e+05 3.836021e+05 3.706007e+05 3.180515e+05 2.807047e+05 2.550318e+05 2.377346e+05 2.262081e+05 2.186642e+05 2.112013e+05 2.098662e+05 2.120586e+05 2.164357e+05 2.222899e+05 2.292854e+05 3.596584e+05 5.378360e+05 6.788654e+05 7.712046e+05
6.955902e+05 6.955904e+05 6.955906e+05 6.955384e+05 6.951824e+05 6.761491e+05 6.373317e+05 5.586549e+05 5.310124e+05 5.079550e+05 4.720062e+05 4.452480e+05 4.242663e+05 4.069589e+05 3.920198e+05 3.786534e+05 3.663925e+05 3.157875e+05 2.792752e+05 2.540783e+05 2.370909e+05 2.257800e+05 2.183926e+05 2.111368e+05 2.099278e+05 2.122012e+05 2.166320e+05 2.225225e+05 2.295433e+05 3.600189e+05 5.382177e+05 6.791972e+05 7.714620e+05
5.549334e+05 5.549335e+05 5.549337e+05 5.549318e+05 5.548994e+05 5.507645e+05 5.402082e+05 5.109042e+05 4.920029e+05 4.764302e+05 4.513360e+05 4.307371e+05 4.134684e+05 3.985647e+05 3.852721e+05 3.730838e+05 3.616963e+05 3.133291e+05 2.777502e+05 2.530750e+05 2.364211e+05 2.253389e+05 2.181156e+05 2.110741e+05 2.099937e+05 2.123489e+05 2.168336e+05 2.227605e+05 2.298062e+05 3.603827e+05 5.386015e+05 6.795303e+05 7.717201e+05
4.889191e+05 4.889191e+05 4.889192e+05 4.889192e+05 4.889116e+05 4.877753e+05 4.817714e+05 4.713132e+05 4.626122e+05 4.515662e+05 4.309725e+05 4.152071e+05 4.016625e+05 3.893428e+05 3.778637e+05 3.669839e+05 3.565680e+05 3.106842e+05 2.761322e+05 2.520234e+05 2.357263e+05 2.248856e+05 2.178336e+05 2.110133e+05 2.100642e+05 2.125021e+05 2.170408e+05 2.230038e+05 2.300742e+05 3.607495e+05 5.389875e+05 6.798646e+05 7.719789e+05
4.479174e+05 4.479174e+05 4.479175e+05 4.479182e+05 4.479168e+05 4.474880e+05 4.447011e+05 4.367558e+05 4.338983e+05 4.292685e+05 4.154258e+05 4.014672e+05 3.899365e+05 3.797926e+05 3.700512e+05 3.604962e+05 3.510919e+05 3.078636e+05 2.744245e+05 2.509254e+05 2.350078e+05 2.244209e+05 2.175475e+05 2.109550e+05 2.101394e+05 2.126607e+05 2.172536e+05 2.232525e+05 2.303473e+05 3.611196e+05 5.393756e+05 6.802002e+05 7.722384e+05
4.191998e+05 4.191998e+05 4.191998e+05 4.192008e+05 4.192018e+05 4.190222e+05 4.177112e+05 4.115237e+05 4.094260e+05 4.076217e+05 4.009047e+05 3.906528e+05 3.801990e+05 3.708042e+05 3.622681e+05 3.538526e+05 3.453998e+05 3.048824e+05 2.726312e+05 2.497829e+05 2.342667e+05 2.239458e+05 2.172577e+05 2.108995e+05 2.102196e+05 2.128251e+05 2.174721e+05 2.235067e+05 2.306256e+05 3.614929e+05 5.397658e+05 6.805370e+05 7.724985e+05
3.979147e+05 3.979148e+05 3.979148e+05 3.979156e+05 3.979171e+05 3.978516e+05 3.972111e+05 3.929141e+05 3.907244e+05 3.893061e+05 3.863781e+05 3.803810e+05 3.721710e+05 3.635424e+05 3.552484e+05 3.474192e+05 3.396960e+05 3.017626e+05 2.707582e+05 2.485987e+05 2.335048e+05 2.234613e+05 2.169650e+05 2.108470e+05 2.103050e+05 2.129952e+05 2.176964e+05 2.237664e+05 2.309091e+05 3.618693e+05 5.401582e+05 6.808752e+05 7.727594e+05
3.816443e+05 3.816444e+05 3.816444e+05 3.816451e+05 3.816466e+05 3.816189e+05 3.812558e+05 3.783915e+05 3.763845e+05 3.748399e+05 3.729913e+05 3.700047e+05 3.644549e+05 3.572617e+05 3.495213e+05 3.417889e+05 3.342893e+05 2.985360e+05 2.688132e+05 2.473760e+05 2.327237e+05 2.229685e+05 2.166701e+05 2.107981e+05 2.103959e+05 2.131713e+05 2.179265e+05 2.240318e+05 2.311979e+05 3.622490e+05 5.405527e+05 6.812146e+05 7.730209e+05
3.686325e+05 3.686325e+05 3.686325e+05 3.686332e+05 3.686347e+05 3.686296e+05 3.684273e+05 3.665631e+05 3.649431e+05 3.634107e+05 3.615523e+05 3.599789e+05 3.566107e+05 3.511440e+05 3.443630e+05 3.370388e+05 3.296262e+05 2.952475e+05 2.668065e+05 2.461187e+05 2.319254e+05 2.224685e+05 2.163738e+05 2.107530e+05 2.104924e+05 2.133534e+05 2.181627e+05 2.243029e+05 2.314920e+05 3.626319e+05 5.409494e+05 6.815553e+05 7.732831e+05
3.579998e+05 3.579998e+05 3.579998e+05 3.580005e+05 3.580020e+05 3.580097e+05 3.579005e+05 3.567046e+05 3.554985e+05 3.541470e+05 3.521026e+05 3.508602e+05 3.487920e+05 3.448710e+05 3.392607e+05 3.326175e+05 3.255293e+05 2.919583e+05 2.647519e+05 2.448318e+05 2.311123e+05 2.219626e+05 2.160769e+05 2.107122e+05 2.105947e+05 2.135418e+05 2.184050e+05 2.245797e+05 2.317914e+05 3.630180e+05 5.413482e+05 6.818972e+05 7.735460e+05
3.491753e+05 3.491753e+05 3.491753e+05 3.491759e+05 3.491772e+05 3.491906e+05 3.491386e+05 3.484072e+05 3.475560e+05 3.464490e+05 3.443121e+05 3.428794e+05 3.413115e+05 3.384640e+05 3.339775e+05 3.281813e+05 3.216172e+05 2.887507e+05 2.626670e+05 2.435212e+05 2.302871e+05 2.214524e+05 2.157803e+05 2.106760e+05 2.107031e+05 2.137365e+05 2.186534e+05 2.248623e+05 2.320963e+05 3.634074e+05 5.417492e+05 6.822404e+05 7.738096e+05
2.901731e+05 2.901731e+05 2.901731e+05 2.901731e+05 2.901732e+05 2.901728e+05 2.901608e+05 2.900573e+05 2.899350e+05 2.897425e+05 2.890835e+05 2.879892e+05 2.864766e+05 2.846657e+05 2.826823e+05 2.805816e+05 2.783419e+05 2.635606e+05 2.458354e+05 2.316793e+05 2.223808e+05 2.165880e+05 2.130881e+05 2.106692e+05 2.121689e+05 2.160598e+05 2.214936e+05 2.280197e+05 2.354511e+05 3.674817e+05 5.458783e+05 6.857427e+05 7.764826e+05
2.565164e+05 2.565164e+05 2.565164e+05 2.565164e+05 2.565166e+05 2.565219e+05 2.565345e+05 2.565852e+05 2.566247e+05 2.566689e+05 2.567447e+05 2.567340e+05 2.565232e+05 2.560061e+05 2.551298e+05 2.539100e+05 2.524130e+05 2.434363e+05 2.346678e+05 2.264552e+05 2.196815e+05 2.150101e+05 2.123934e+05 2.117718e+05 2.145164e+05 2.191579e+05 2.250320e+05 2.318106e+05 2.393835e+05 3.718901e+05 5.502259e+05 6.893719e+05 7.792224e+05
2.468448e+05 2.468448e+05 2.468448e+05 2.468450e+05 2.468455e+05 2.468586e+05 2.468912e+05 2.469875e+05 2.470442e+05 2.471041e+05 2.472231e+05 2.473016e+05 2.472592e+05 2.470050e+05 2.464717e+05 2.456327e+05 2.445023e+05 2.364871e+05 2.292029e+05 2.242219e+05 2.205631e+05 2.177686e+05 2.159205e+05 2.153055e+05 2.182127e+05 2.232255e+05 2.293597e+05 2.362821e+05 2.439205e+05 3.766386e+05 5.547934e+05 6.931270e+05 7.820275e+05
2.471771e+05 2.471771e+05 2.471771e+05 2.471771e+05 2.471772e+05 2.471813e+05 2.471931e+05 2.472431e+05 2.472869e+05 2.473448e+05 2.474941e+05 2.476454e+05 2.477150e+05 2.476112e+05 2.472657e+05 2.466468e+05 2.457567e+05 2.386231e+05 2.311982e+05 2.263139e+05 2.237030e+05 2.223522e+05 2.216595e+05 2.218255e+05 2.242253e+05 2.286772e+05 2.346560e+05 2.415183e+05 2.491036e+05 3.817313e+05 5.595810e+05 6.970067e+05 7.848960e+05
2.549288e+05 2.549288e+05 2.549288e+05 2.549289e+05 2.549292e+05 2.549392e+05 2.549676e+05 2.550572e+05 2.551134e+05 2.551762e+05 2.553158e+05 2.554421e+05 2.554837e+05 2.553573e+05 2.549995e+05 2.543812e+05 2.535050e+05 2.464868e+05 2.386994e+05 2.330312e+05 2.299426e+05 2.287568e+05 2.286569e+05 2.298953e+05 2.323657e+05 2.361756e+05 2.413211e+05 2.476978e+05 2.550216e+05 3.871706e+05 5.645881e+05 7.010091e+05 7.878260e+05
2.669257e+05 2.669257e+05 2.669257e+05 2.669257e+05 2.669258e+05 2.669292e+05 2.669399e+05 2.669910e+05 2.670345e+05 2.670904e+05 2.672321e+05 2.673733e+05 2.674311e+05 2.673125e+05 2.669487e+05 2.663087e+05 2.653962e+05 2.580652e+05 2.497645e+05 2.432700e+05 2.392694e+05 2.374548e+05 2.371687e+05 2.388641e+05 2.416883e+05 2.452358e+05 2.496954e+05 2.552016e+05 2.618575e+05 3.929588e+05 5.698131e+05 7.051316e+05 7.908151e+05
2.826289e+05 2.826289e+05 2.826289e+05 2.826289e+05 2.826291e+05 2.826334e+05 2.826466e+05 2.826965e+05 2.827314e+05 2.827722e+05 2.828648e+05 2.829364e+05 2.829067e+05 2.826837e+05 2.821990e+05 2.814235e+05 2.803641e+05 2.722596e+05 2.632650e+05 2.560231e+05 2.511376e+05 2.484505e+05 2.475043e+05 2.487544e+05 2.517253e+05 2.552343e+05 2.592687e+05 2.640928e+05 2.699459e+05 3.990991e+05 5.752536e+05 7.093713e+05 7.938609e+05
2.989981e+05 2.989981e+05 2.989981e+05 2.989981e+05 2.989983e+05 2.990042e+05 2.990197e+05 2.990766e+05 2.991191e+05 2.991722e+05 2.993036e+05 2.994269e+05 2.994495e+05 2.992665e+05 2.988003e+05 2.980168e+05 2.969220e+05 2.883390e+05 2.786883e+05 2.707485e+05 2.650581e+05 2.614795e+05 2.596792e+05 2.597781e+05 2.623926e+05 2.658156e+05 2.696065e+05 2.739462e+05 2.791609e+05 4.055980e+05 5.809064e+05 7.137250e+05 7.969605e+05
3.189838e+05 3.189838e+05 3.189838e+05 3.189838e+05 3.189839e+05 3.189861e+05 3.189927e+05 3.190210e+05 3.190448e+05 3.190763e+05 3.191580e+05 3.192234e+05 3.191772e+05 3.189094e+05 3.183381e+05 3.174275e+05 3.161845e+05 3.066641e+05 2.960408e+05 2.872285e+05 2.806876e+05 2.762125e+05 2.734965e+05 2.720366e+05 2.737797e+05 2.768592e+05 2.804343e+05 2.844442e+05 2.891804e+05 4.124668e+05 5.867684e+05 7.181887e+05 8.001110e+05
3.405423e+05 3.405423e+05 3.405423e+05 3.405424e+05 3.405425e+05 3.405468e+05 3.405598e+05 3.406076e+05 3.406411e+05 3.406808e+05 3.407723e+05 3.408356e+05 3.407690e+05 3.404550e+05 3.398061e+05 3.387840e+05 3.373972e+05 3.268292e+05 3.150238e+05 3.051577e+05 2.976759e+05 2.922885e+05 2.886528e+05 2.854693e+05 2.859736e+05 2.883880e+05 2.916337e+05 2.953757e+05 2.997669e+05 4.197240e+05 5.928360e+05 7.227584e+05 8.033090e+05
3.637618e+05 3.637618e+05 3.637618e+05 3.637619e+05 3.637619e+05 3.637629e+05 3.637661e+05 3.637863e+05 3.638089e+05 3.638418e+05 3.639299e+05 3.639931e+05 3.639137e+05 3.635596e+05 3.628332e+05 3.616928e+05 3.601476e+05 3.483833e+05 3.352151e+05 3.241514e+05 3.156534e+05 3.093470e+05 3.048207e+05 2.999145e+05 2.989924e+05 3.004701e+05 3.032010e+05 3.066392e+05 3.107579e+05 4.273983e+05 5.991064e+05 7.274297e+05 8.065513e+05
3.885522e+05 3.885522e+05 3.885522e+05 3.885523e+05 3.885524e+05 3.885551e+05 3.885634e+05 3.885939e+05 3.886154e+05 3.886407e+05 3.886923e+05 3.886905e+05 3.885153e+05 3.880304e+05 3.871362e+05 3.857917e+05 3.840100e+05 3.707885e+05 3.561414e+05 3.438211e+05 3.342851e+05 3.270792e+05 3.217143e+05 3.151843e+05 3.127961e+05 3.131632e+05 3.151907e+05 3.182220e+05 3.220703e+05 4.355318e+05 6.055770e+05 7.321982e+05 8.098342e+05
4.118695e+05 4.118695e+05 4.118695e+05 4.118695e+05 4.118697e+05 4.118751e+05 4.118920e+05 4.119583e+05 4.120066e+05 4.120635e+05 4.121889e+05 4.122646e+05 4.121548e+05 4.117078e+05 4.108122e+05 4.094211e+05 4.075470e+05 3.933519e+05 3.774138e+05 3.638963e+05 3.533481e+05 3.452791e+05 3.391345e+05 3.311206e+05 3.273213e+05 3.264994e+05 3.276732e+05 3.301674e+05 3.336888e+05 4.441877e+05 6.122468e+05 7.370593e+05 8.131541e+05
4.375695e+05 4.375695e+05 4.375695e+05 4.375695e+05 4.375695e+05 4.375715e+05 4.375776e+05 4.376016e+05 4.376195e+05 4.376416e+05 4.376879e+05 4.376747e+05 4.374616e+05 4.368885e+05 4.358370e+05 4.342570e+05 4.321621e+05 4.165540e+05 3.991316e+05 3.843455e+05 3.727706e+05 3.638588e+05 3.569826e+05 3.476228e+05 3.425119e+05 3.404923e+05 3.407119e+05 3.425425e+05 3.456452e+05 4.534739e+05 6.191162e+05 7.420084e+05 8.165072e+05
4.630829e+05 4.630829e+05 4.630829e+05 4.630829e+05 4.630829e+05 4.630835e+05 4.630861e+05 4.631030e+05 4.631179e+05 4.631374e+05 4.631783e+05 4.631528e+05 4.629086e+05 4.622724e+05 4.611166e+05 4.593879e+05 4.571016e+05 4.401260e+05 4.212080e+05 4.051469e+05 3.925521e+05 3.828184e+05 3.752475e+05 3.646536e+05 3.583354e+05 3.551483e+05 3.543569e+05 3.554169e+05 3.579961e+05 4.634064e+05 6.261875e+05 7.470413e+05 8.198897e+05
4.884174e+05 4.884174e+05 4.884174e+05 4.884174e+05 4.884175e+05 4.884197e+05 4.884272e+05 4.884620e+05 4.884901e+05 4.885251e+05 4.886012e+05 4.886081e+05 4.883792e+05 4.877262e+05 4.865113e+05 4.846769e+05 4.822393e+05 4.640423e+05 4.436987e+05 4.263917e+05 4.127889e+05 4.022422e+05 3.939925e+05 3.822300e+05 3.747865e+05 3.704739e+05 3.686445e+05 3.688511e+05 3.708042e+05 4.738898e+05 6.334658e+05 7.521539e+05 8.232977e+05
5.152669e+05 5.152669e+05 5.152669e+05 5.152669e+05 5.152670e+05 5.152682e+05 5.152733e+05 5.152974e+05 5.153165e+05 5.153401e+05 5.153871e+05 5.153547e+05 5.150686e+05 5.143305e+05 5.129943e+05 5.109990e+05 5.083620e+05 4.887841e+05 4.669288e+05 4.483182e+05 4.336642e+05 4.222734e+05 4.133268e+05 4.004034e+05 3.918803e+05 3.864777e+05 3.835998e+05 3.828917e+05 3.841273e+05 4.848519e+05 6.409595e+05 7.573425e+05 8.267274e+05
5.426208e+05 5.426208e+05 5.426208e+05 5.426209e+05 5.426211e+05 5.426275e+05 5.426462e+05 5.427113e+05 5.427561e+05 5.428079e+05 5.429144e+05 5.429347e+05 5.426776e+05 5.419280e+05 5.405290e+05 5.384153e+05 5.356064e+05 5.146340e+05 4.911568e+05 4.711345e+05 4.553440e+05 4.430453e+05 4.333571e+05 4.192336e+05 4.096412e+05 4.031695e+05 3.992383e+05 3.975708e+05 3.980118e+05 4.962286e+05 6.486809e+05 7.626043e+05 8.301752e+05
5.723673e+05 5.723673e+05 5.723673e+05 5.723673e+05 5.723674e+05 5.723703e+05 5.723792e+05 5.724146e+05 5.724411e+05 5.724727e+05 5.725343e+05 5.725001e+05 5.721681e+05 5.713104e+05 5.697599e+05 5.674474e+05 5.643942e+05 5.417549e+05 5.164791e+05 4.949228e+05 4.779073e+05 4.646347e+05 4.541547e+05 4.387708e+05 4.280930e+05 4.205566e+05 4.155672e+05 4.129068e+05 4.124900e+05 5.079605e+05 6.566481e+05 7.679368e+05 8.336374e+05
6.027904e+05 6.027904e+05 6.027904e+05 6.027904e+05 6.027905e+05 6.027928e+05 6.027999e+05 6.028295e+05 6.028525e+05 6.028808e+05 6.029350e+05 6.028872e+05 6.025218e+05 6.015948e+05 5.999271e+05 5.974444e+05 5.941687e+05 5.698906e+05 5.427784e+05 5.196403e+05 5.013553e+05 4.870676e+05 4.757577e+05 4.590514e+05 4.472548e+05 4.386428e+05 4.325855e+05 4.289058e+05 4.275806e+05 5.199940e+05 6.648877e+05 7.733386e+05 8.371105e+05
6.341503e+05 6.341503e+05 6.341503e+05 6.341504e+05 6.341505e+05 6.341538e+05 6.341640e+05 6.342027e+05 6.342302e+05 6.342620e+05 6.343186e+05 6.342595e+05 6.338558e+05 6.328491e+05 6.310507e+05 6.283830e+05 6.248712e+05 5.989198e+05 5.699754e+05 5.452598e+05 5.256961e+05 5.103712e+05 4.982008e+05 4.801054e+05 4.671400e+05 4.574260e+05 4.502851e+05 4.455634e+05 4.432894e+05 5.322817e+05 6.734463e+05 7.788092e+05 8.405915e+05
6.658602e+05 6.658602e+05 6.658602e+05 6.658602e+05 6.658604e+05 6.658652e+05 6.658803e+05 6.659379e+05 6.659786e+05 6.660258e+05 6.661173e+05 6.660910e+05 6.657021e+05 6.646746e+05 6.628065e+05 6.600139e+05 6.563222e+05 6.288936e+05 5.981859e+05 5.718933e+05 5.510207e+05 5.346153e+05 5.215361e+05 5.019587e+05 4.877545e+05 4.768972e+05 4.686500e+05 4.628653e+05 4.596109e+05 5.447833e+05 6.823510e+05 7.843495e+05 8.440773e+05
7.000596e+05 7.000596e+05 7.000596e+05 7.000596e+05 7.000597e+05 7.000628e+05 7.000725e+05 7.001111e+05 7.001401e+05 7.001750e+05 7.002415e+05 7.001850e+05 6.997470e+05 6.986348e+05 6.966332e+05 6.936524e+05 6.897186e+05 6.605262e+05 6.278282e+05 5.997872e+05 5.774751e+05 5.598858e+05 5.458133e+05 5.246232e+05 5.090912e+05 4.970378e+05 4.876561e+05 4.807889e+05 4.765295e+05 5.574657e+05 6.915421e+05 7.899617e+05 8.475655e+05
7.364728e+05 7.364728e+05 7.364728e+05 7.364729e+05 7.364730e+05 7.364761e+05 7.364861e+05 7.365263e+05 7.365563e+05 7.365922e+05 7.366579e+05 7.365882e+05 7.361068e+05 7.349017e+05 7.327446e+05 7.295405e+05 7.253185e+05 6.940506e+05 6.590556e+05 6.290285e+05 6.051012e+05 5.861968e+05 5.710295e+05 5.480800e+05 5.311239e+05 5.178169e+05 5.072705e+05 4.993039e+05 4.940215e+05 5.703028e+05 7.009718e+05 7.956496e+05 8.510537e+05
7.746140e+05 7.746140e+05 7.746140e+05 7.746140e+05 7.746141e+05 7.746168e+05 7.746252e+05 7.746586e+05 7.746835e+05 7.747132e+05 7.747624e+05 7.746631e+05 7.741224e+05 7.728091e+05 7.704807e+05 7.670367e+05 7.625080e+05 7.290410e+05 6.915968e+05 6.594390e+05 6.337739e+05 6.134537e+05 5.971087e+05 5.722729e+05 5.538055e+05 5.391912e+05 5.274526e+05 5.183733e+05 5.120568e+05 5.832750e+05 7.105991e+05 8.014192e+05 8.545403e+05
8.136589e+05 8.136589e+05 8.136589e+05 8.136589e+05 8.136590e+05 8.136622e+05 8.136721e+05 8.137113e+05 8.137402e+05 8.137741e+05 8.138301e+05 8.137253e+05 8.131475e+05 8.117444e+05 8.092582e+05 8.055826e+05 8.007510e+05 7.650572e+05 7.251074e+05 6.907596e+05 6.632989e+05 6.415076e+05 6.239333e+05 5.971206e+05 5.770734e+05 5.611080e+05 5.481557e+05 5.379558e+05 5.306002e+05 5.963678e+05 7.203855e+05 8.072794e+05 8.580240e+05
8.536801e+05 8.536801e+05 8.536801e+05 8.536801e+05 8.536802e+05 8.536822e+05 8.536886e+05 8.537146e+05 8.537346e+05 8.537585e+05 8.537908e+05 8.536505e+05 8.530083e+05 8.514917e+05 8.488284e+05 8.449059e+05 8.397598e+05 8.018147e+05 7.593513e+05 7.227987e+05 6.935180e+05 6.702250e+05 6.513880e+05 6.225346e+05 6.008569e+05 5.835086e+05 5.693289e+05 5.580071e+05 5.496140e+05 6.095714e+05 7.302944e+05 8.132433e+05 8.615039e+05
8.939334e+05 8.939334e+05 8.939334e+05 8.939334e+05 8.939335e+05 8.939366e+05 8.939463e+05 8.939851e+05 8.940141e+05 8.940483e+05 8.941032e+05 8.939785e+05 8.933242e+05 8.917448e+05 8.889507e+05 8.848219e+05 8.793950e+05 8.392773e+05 7.942898e+05 7.554933e+05 7.243491e+05 6.995139e+05 6.793785e+05 6.484284e+05 6.250829e+05 6.063320e+05 5.909205e+05 5.784818e+05 5.690587e+05 6.228786e+05 7.402911e+05 8.193329e+05 8.649801e+05
9.359246e+05 9.359246e+05 9.359246e+05 9.359247e+05 9.359247e+05 9.359267e+05 9.359329e+05 9.359596e+05 9.359804e+05 9.360053e+05 9.360363e+05 9.358724e+05 9.351452e+05 9.334381e+05 9.304465e+05 9.260444e+05 9.202714e+05 8.777031e+05 8.299991e+05 7.888279e+05 7.557300e+05 7.292898e+05 7.078125e+05 6.747143e+05 6.496778e+05 6.295177e+05 6.128794e+05 5.993358e+05 5.888957e+05 6.362844e+05 7.503427e+05 8.255744e+05 8.684531e+05
9.783674e+05 9.783674e+05 9.783674e+05 9.783674e+05 9.783675e+05 9.783708e+05 9.783812e+05 9.784218e+05 9.784512e+05 9.784852e+05 9.785335e+05 9.783745e+05 9.776174e+05 9.758213e+05 9.726635e+05 9.680109e+05 9.619052e+05 9.168432e+05 8.663036e+05 8.226486e+05 7.875184e+05 7.594221e+05 7.365715e+05 7.012989e+05 6.745689e+05 6.530083e+05 6.351580e+05 6.205277e+05 6.090877e+05 6.497848e+05 7.604181e+05 8.319347e+05 8.719243e+05
1.021965e+06 1.021965e+06 1.021965e+06 1.021965e+06 1.021965e+06 1.021966e+06 1.021968e+06 1.021977e+06 1.021985e+06 1.021994e+06 1.021983e+06 1.021747e+06 1.020877e+06 1.018911e+06 1.015513e+06 1.010542e+06 1.004044e+06 9.562948e+05 9.028371e+05 8.566630e+05 8.194868e+05 7.897325e+05 7.655141e+05 7.280878e+05 6.996891e+05 6.767523e+05 6.577141e+05 6.420202e+05 6.296005e+05 6.633758e+05 7.704890e+05 8.383817e+05 8.753962e+05
1.064091e+06 1.064091e+06 1.064091e+06 1.064091e+06 1.064091e+06 1.064093e+06 1.064102e+06 1.064134e+06 1.064158e+06 1.064184e+06 1.064210e+06 1.063999e+06 1.063119e+06 1.061083e+06 1.057536e+06 1.052332e+06 1.045519e+06 9.953593e+05 9.391440e+05 8.905562e+05 8.514102e+05 8.200562e+05 7.945160e+05 7.550042e+05 7.249850e+05 7.007087e+05 6.805128e+05 6.637812e+05 6.504034e+05 6.770533e+05 7.805292e+05 8.448890e+05 8.788721e+05
1.106205e+06 1.106205e+06 1.106205e+06 1.106205e+06 1.106205e+06 1.106206e+06 1.106208e+06 1.106219e+06 1.106227e+06 1.106236e+06 1.106221e+06 1.105954e+06 1.104989e+06 1.102818e+06 1.099071e+06 1.093597e+06 1.086444e+06 1.033905e+06 9.750655e+05 9.241959e+05 8.831866e+05 8.503149e+05 8.235156e+05 7.820063e+05 7.504241e+05 7.248493e+05 7.035274e+05 6.857841e+05 6.714691e+05 6.908120e+05 7.905155e+05 8.514332e+05 8.823573e+05
1.146922e+06 1.146922e+06 1.146922e+06 1.146922e+06 1.146922e+06 1.146925e+06 1.146934e+06 1.146969e+06 1.146995e+06 1.147024e+06 1.147051e+06 1.146821e+06 1.145863e+06 1.143645e+06 1.139781e+06 1.134112e+06 1.126687e+06 1.072013e+06 1.010698e+06 9.576524e+05 9.148603e+05 8.805334e+05 8.525245e+05 8.090893e+05 7.759938e+05 7.491573e+05 7.267384e+05 7.080072e+05 6.927738e+05 7.046457e+05 8.004270e+05 8.579919e+05 8.858591e+05
1.188418e+06 1.188418e+06 1.188418e+06 1.188418e+06 1.188418e+06 1.188419e+06 1.188422e+06 1.188436e+06 1.188448e+06 1.188461e+06 1.188452e+06 1.188173e+06 1.187136e+06 1.184792e+06 1.180739e+06 1.174812e+06 1.167063e+06 1.110119e+06 1.046310e+06 9.911045e+05 9.465521e+05 9.107921e+05 8.815942e+05 8.362703e+05 8.016938e+05 7.736235e+05 7.501314e+05 7.304320e+05 7.142961e+05 7.185468e+05 8.102456e+05 8.645441e+05 8.893890e+05
1.229370e+06 1.229370e+06 1.229370e+06 1.229370e+06 1.229370e+06 1.229373e+06 1.229382e+06 1.229415e+06 1.229438e+06 1.229464e+06 1.229482e+06 1.229219e+06 1.228169e+06 1.225761e+06 1.221575e+06 1.215440e+06 1.207412e+06 1.148321e+06 1.082047e+06 1.024677e+06 9.783547e+05 9.411554e+05 9.107673e+05 8.635637e+05 8.275240e+05 7.982398e+05 7.736932e+05 7.530418e+05 7.360159e+05 7.325064e+05 8.199560e+05 8.710694e+05 8.929661e+05
1.271104e+06 1.271104e+06 1.271104e+06 1.271104e+06 1.271104e+06 1.271105e+06 1.271110e+06 1.271132e+06 1.271149e+06 1.271168e+06 1.271167e+06 1.270875e+06 1.269765e+06 1.267246e+06 1.262884e+06 1.256501e+06 1.248154e+06 1.186781e+06 1.117968e+06 1.058392e+06 1.010277e+06 9.716263e+05 9.400430e+05 8.909645e+05 8.534759e+05 8.229951e+05 7.974101e+05 7.758199e+05 7.579138e+05 7.465144e+05 8.295448e+05 8.775486e+05 8.965770e+05
1.312893e+06 1.312893e+06 1.312893e+06 1.312893e+06 1.312893e+06 1.312894e+06 1.312896e+06 1.312908e+06 1.312917e+06 1.312928e+06 1.312906e+06 1.312577e+06 1.311399e+06 1.308760e+06 1.304212e+06 1.297571e+06 1.288899e+06 1.225225e+06 1.153882e+06 1.092118e+06 1.042226e+06 1.002138e+06 9.693735e+05 9.184450e+05 8.795306e+05 8.478733e+05 8.212660e+05 7.987488e+05 7.799700e+05 7.605592e+05 8.390011e+05 8.839634e+05 9.001990e+05
1.353605e+06 1.353605e+06 1.353605e+06 1.353605e+06 1.353605e+06 1.353607e+06 1.353612e+06 1.353635e+06 1.353652e+06 1.353670e+06 1.353665e+06 1.353343e+06 1.352145e+06 1.349437e+06 1.344756e+06 1.337912e+06 1.328968e+06 1.263229e+06 1.189515e+06 1.125668e+06 1.074071e+06 1.032599e+06 9.986915e+05 9.459674e+05 9.056636e+05 8.728554e+05 8.452435e+05 8.218104e+05 8.021648e+05 7.746282e+05 8.483159e+05 8.902963e+05 9.038150e+05
1.394214e+06 1.394214e+06 1.394214e+06 1.394214e+06 1.394214e+06 1.394215e+06 1.394219e+06 1.394231e+06 1.394239e+06 1.394249e+06 1.394219e+06 1.393861e+06 1.392597e+06 1.389777e+06 1.384926e+06 1.377848e+06 1.368608e+06 1.300787e+06 1.224783e+06 1.158949e+06 1.105733e+06 1.062943e+06 1.027945e+06 9.734977e+05 9.318508e+05 8.979218e+05 8.693242e+05 8.449858e+05 8.244776e+05 7.887080e+05 8.574818e+05 8.965311e+05 9.074102e+05
1.433659e+06 1.433659e+06 1.433659e+06 1.433659e+06 1.433659e+06 1.433660e+06 1.433665e+06 1.433683e+06 1.433697e+06 1.433712e+06 1.433694e+06 1.433340e+06 1.432057e+06 1.429174e+06 1.424202e+06 1.416939e+06 1.407453e+06 1.337772e+06 1.259642e+06 1.191939e+06 1.137189e+06 1.093148e+06 1.057111e+06 1.001015e+06 9.580738e+05 9.230550e+05 8.934902e+05 8.682558e+05 8.468876e+05 8.027841e+05 8.664927e+05 9.026527e+05 9.109710e+05
1.472770e+06 1.472770e+06 1.472770e+06 1.472770e+06 1.472770e+06 1.472772e+06 1.472776e+06 1.472794e+06 1.472807e+06 1.472822e+06 1.472802e+06 1.472438e+06 1.471121e+06 1.468163e+06 1.463063e+06 1.455613e+06 1.445880e+06 1.374384e+06 1.294196e+06 1.224690e+06 1.168466e+06 1.123224e+06 1.086191e+06 1.028512e+06 9.843200e+05 9.482398e+05 9.177242e+05 8.916012e+05 8.693738e+05 8.168414e+05 8.753439e+05 9.086470e+05 9.144844e+05
1.511743e+06 1.511743e+06 1.511743e+06 1.511743e+06 1.511743e+06 1.511745e+06 1.511749e+06 1.511766e+06 1.511778e+06 1.511791e+06 1.511765e+06 1.511385e+06 1.510024e+06 1.506981e+06 1.501740e+06 1.494091e+06 1.484102e+06 1.410758e+06 1.328525e+06 1.257252e+06 1.199594e+06 1.153189e+06 1.115194e+06 1.055986e+06 1.010580e+06 9.734621e+05 9.420086e+05 9.150017e+05 8.919139e+05 8.308643e+05 8.840314e+05 9.145013e+05 9.179383e+05
1.550242e+06 1.550242e+06 1.550242e+06 1.550242e+06 1.550242e+06 1.550243e+06 1.550246e+06 1.550258e+06 1.550267e+06 1.550276e+06 1.550240e+06 1.549839e+06 1.548435e+06 1.545308e+06 1.539933e+06 1.532093e+06 1.521860e+06 1.446760e+06 1.362577e+06 1.289615e+06 1.230581e+06 1.183057e+06 1.144132e+06 1.083438e+06 1.036846e+06 9.987070e+05 9.663246e+05 9.384361e+05 9.144849e+05 8.448368e+05 8.925520e+05 9.202040e+05 9.213210e+05
1.587919e+06 1.587919e+06 1.587919e+06 1.587919e+06 1.587919e+06 1.587920e+06 1.587925e+06 1.587943e+06 1.587956e+06 1.587971e+06 1.587948e+06 1.587553e+06 1.586136e+06 1.582960e+06 1.577486e+06 1.569493e+06 1.559054e+06 1.482380e+06 1.396383e+06 1.321817e+06 1.261460e+06 1.212849e+06 1.173016e+06 1.110865e+06 1.063105e+06 1.023957e+06 9.906512e+05 9.618812e+05 9.370623e+05 8.587425e+05 9.009028e+05 9.257448e+05 9.246214e+05
1.625657e+06 1.625657e+06 1.625657e+06 1.625657e+06 1.625657e+06 1.625659e+06 1.625664e+06 1.625683e+06 1.625697e+06 1.625712e+06 1.625689e+06 1.625288e+06 1.623844e+06 1.620604e+06 1.615019e+06 1.606864e+06 1.596211e+06 1.517944e+06 1.430129e+06 1.353958e+06 1.292280e+06 1.242585e+06 1.201849e+06 1.138252e+06 1.089336e+06 1.049188e+06 1.014963e+06 9.853114e+05 9.596200e+05 8.725648e+05 9.090814e+05 9.311143e+05 9.278289e+05
1.663715e+06 1.663715e+06 1.663715e+06 1.663715e+06 1.663715e+06 1.663717e+06 1.663721e+06 1.663740e+06 1.663753e+06 1.663767e+06 1.663739e+06 1.663323e+06 1.661838e+06 1.658517e+06 1.652800e+06 1.644458e+06 1.633565e+06 1.553577e+06 1.463855e+06 1.386034e+06 1.323014e+06 1.272231e+06 1.230595e+06 1.165567e+06 1.115510e+06 1.074372e+06 1.039233e+06 1.008699e+06 9.821304e+05 8.862873e+05 9.170854e+05 9.363047e+05 9.309334e+05
1.701585e+06 1.701585e+06 1.701585e+06 1.701585e+06 1.701585e+06 1.701586e+06 1.701587e+06 1.701593e+06 1.701596e+06 1.701599e+06 1.701543e+06 1.701085e+06 1.699535e+06 1.696112e+06 1.690245e+06 1.681701e+06 1.670558e+06 1.588850e+06 1.497265e+06 1.417841e+06 1.353521e+06 1.301685e+06 1.259177e+06 1.192758e+06 1.141586e+06 1.099474e+06 1.063429e+06 1.032014e+06 1.004565e+06 8.998934e+05 9.249124e+05 9.413090e+05 9.339256e+05
1.737805e+06 1.737805e+06 1.737805e+06 1.737805e+06 1.737805e+06 1.737806e+06 1.737809e+06 1.737820e+06 1.737828e+06 1.737836e+06 1.737791e+06 1.737338e+06 1.735775e+06 1.732306e+06 1.726350e+06 1.717670e+06 1.706342e+06 1.623230e+06 1.530022e+06 1.449159e+06 1.383652e+06 1.330839e+06 1.287513e+06 1.219774e+06 1.167525e+06 1.124461e+06 1.087520e+06 1.055225e+06 1.026893e+06 9.133665e+05 9.325600e+05 9.461212e+05 9.367966e+05
1.773133e+06 1.773133e+06 1.773133e+06 1.773133e+06 1.773134e+06 1.773134e+06 1.773137e+06 1.773149e+06 1.773157e+06 1.773165e+06 1.773121e+06 1.772665e+06 1.771082e+06 1.767565e+06 1.761522e+06 1.752712e+06 1.741214e+06 1.656816e+06 1.562133e+06 1.479960e+06 1.413364e+06 1.359649e+06 1.315561e+06 1.246573e+06 1.193291e+06 1.149297e+06 1.111471e+06 1.078302e+06 1.049086e+06 9.266906e+05 9.400258e+05 9.507364e+05 9.395380e+05
1.807984e+06 1.807984e+06 1.807984e+06 1.807984e+06 1.807984e+06 1.807985e+06 1.807988e+06 1.808000e+06 1.808009e+06 1.808018e+06 1.807973e+06 1.807511e+06 1.805905e+06 1.802335e+06 1.796201e+06 1.787257e+06 1.775584e+06 1.689903e+06 1.593774e+06 1.510337e+06 1.442700e+06 1.388127e+06 1.343314e+06 1.273135e+06 1.218855e+06 1.173953e+06 1.135254e+06 1.101213e+06 1.071112e+06 9.398495e+05 9.473070e+05 9.551504e+05 9.421423e+05
1.842488e+06 1.842488e+06 1.842488e+06 1.842488e+06 1.842488e+06 1.842489e+06 1.842492e+06 1.842502e+06 1.842509e+06 1.842516e+06 1.842466e+06 1.841992e+06 1.840356e+06 1.836726e+06 1.830495e+06 1.821413e+06 1.809562e+06 1.722594e+06 1.625035e+06 1.540354e+06 1.471699e+06 1.416291e+06 1.370777e+06 1.299444e+06 1.244192e+06 1.198400e+06 1.158836e+06 1.123928e+06 1.092944e+06 9.528275e+05 9.544006e+05 9.593601e+05 9.446024e+05
1.876446e+06 1.876446e+06 1.876446e+06 1.876446e+06 1.876446e+06 1.876447e+06 1.876449e+06 1.876459e+06 1.876466e+06 1.876472e+06 1.876420e+06 1.875936e+06 1.874274e+06 1.870591e+06 1.864269e+06 1.855056e+06 1.843036e+06 1.754837e+06 1.655895e+06 1.570006e+06 1.500360e+06 1.444138e+06 1.397940e+06 1.325481e+06 1.269278e+06 1.222608e+06 1.182188e+06 1.146417e+06 1.114549e+06 9.656094e+05 9.613035e+05 9.633628e+05 9.469120e+05
1.909785e+06 1.909785e+06 1.909785e+06 1.909785e+06 1.909785e+06 1.909786e+06 1.909789e+06 1.909798e+06 1.909805e+06 1.909811e+06 1.909758e+06 1.909268e+06 1.907584e+06 1.903851e+06 1.897446e+06 1.888113e+06 1.875934e+06 1.786569e+06 1.686305e+06 1.599253e+06 1.528651e+06 1.471640e+06 1.424776e+06 1.351219e+06 1.294083e+06 1.246548e+06 1.205278e+06 1.168648e+06 1.135900e+06 9.781803e+05 9.680123e+05 9.671565e+05 9.490654e+05
1.942567e+06 1.942567e+06 1.942567e+06 1.942567e+06 1.942567e+06 1.942568e+06 1.942570e+06 1.942579e+06 1.942585e+06 1.942590e+06 1.942532e+06 1.942030e+06 1.940319e+06 1.936534e+06 1.930042e+06 1.920585e+06 1.908248e+06 1.817741e+06 1.716203e+06 1.628038e+06 1.556520e+06 1.498753e+06 1.451248e+06 1.376626e+06 1.318576e+06 1.270187e+06 1.228075e+06 1.190590e+06 1.156966e+06 9.905256e+05 9.745234e+05 9.707401e+05 9.510574e+05
1.974565e+06 1.974565e+06 1.974565e+06 1.974565e+06 1.974565e+06 1.974566e+06 1.974567e+06 1.974573e+06 1.974577e+06 1.974579e+06 1.974515e+06 1.974000e+06 1.972262e+06 1.968424e+06 1.961850e+06 1.952277e+06 1.939792e+06 1.848220e+06 1.745497e+06 1.656293e+06 1.583915e+06 1.525432e+06 1.477316e+06 1.401665e+06 1.342722e+06 1.293491e+06 1.250546e+06 1.212213e+06 1.177717e+06 1.002632e+06 9.808329e+05 9.741124e+05 9.528836e+05
2.005497e+06 2.005497e+06 2.005497e+06 2.005497e+06 2.005497e+06 2.005498e+06 2.005500e+06 2.005510e+06 2.005517e+06 2.005524e+06 2.005468e+06 2.004958e+06 2.003213e+06 1.999348e+06 1.992717e+06 1.983057e+06 1.970452e+06 1.877961e+06 1.774165e+06 1.684000e+06 1.610813e+06 1.551650e+06 1.502948e+06 1.426301e+06 1.366485e+06 1.316426e+06 1.272657e+06 1.233484e+06 1.198125e+06 1.014485e+06 9.869370e+05 9.772731e+05 9.545403e+05
2.035974e+06 2.035974e+06 2.035974e+06 2.035974e+06 2.035974e+06 2.035975e+06 2.035978e+06 2.035988e+06 2.035995e+06 2.036002e+06 2.035946e+06 2.035433e+06 2.033672e+06 2.029771e+06 2.023076e+06 2.013320e+06 2.000590e+06 1.907169e+06 1.802308e+06 1.711197e+06 1.637219e+06 1.577393e+06 1.528120e+06 1.450502e+06 1.389831e+06 1.338958e+06 1.294376e+06 1.254374e+06 1.218161e+06 1.026072e+06 9.928313e+05 9.802220e+05 9.560242e+05
2.066167e+06 2.066167e+06 2.066167e+06 2.066167e+06 2.066167e+06 2.066168e+06 2.066169e+06 2.066174e+06 2.066178e+06 2.066180e+06 2.066113e+06 2.065582e+06 2.063790e+06 2.059834e+06 2.053057e+06 2.043188e+06 2.030317e+06 1.935900e+06 1.829944e+06 1.737878e+06 1.663114e+06 1.602633e+06 1.552800e+06 1.474233e+06 1.412725e+06 1.361052e+06 1.315671e+06 1.274851e+06 1.237797e+06 1.037381e+06 9.985117e+05 9.829593e+05 9.573327e+05
2.095511e+06 2.095511e+06 2.095511e+06 2.095511e+06 2.095511e+06 2.095512e+06 2.095513e+06 2.095518e+06 2.095522e+06 2.095524e+06 2.095455e+06 2.094919e+06 2.093108e+06 2.089113e+06 2.082269e+06 2.072304e+06 2.059306e+06 1.963963e+06 1.856961e+06 1.763975e+06 1.688447e+06 1.627330e+06 1.576952e+06 1.497458e+06 1.435132e+06 1.382675e+06 1.336510e+06 1.294888e+06 1.257009e+06 1.048401e+06 1.003974e+06 9.854855e+05 9.584638e+05
2.124032e+06 2.124032e+06 2.124032e+06 2.124032e+06 2.124032e+06 2.124032e+06 2.124034e+06 2.124042e+06 2.124047e+06 2.124051e+06 2.123987e+06 2.123452e+06 2.121630e+06 2.117605e+06 2.110704e+06 2.100653e+06 2.087540e+06 1.991328e+06 1.883328e+06 1.789455e+06 1.713187e+06 1.651452e+06 1.600543e+06 1.520147e+06 1.457020e+06 1.403797e+06 1.356864e+06 1.314458e+06 1.275770e+06 1.059121e+06 1.009214e+06 9.878010e+05 9.594160e+05
2.152080e+06 2.152080e+06 2.152080e+06 2.152080e+06 2.152080e+06 2.152081e+06 2.152083e+06 2.152090e+06 2.152094e+06 2.152098e+06 2.152031e+06 2.151486e+06 2.149644e+06 2.145576e+06 2.138606e+06 2.128456e+06 2.115217e+06 2.018094e+06 1.909078e+06 1.814317e+06 1.737318e+06 1.674975e+06 1.623546e+06 1.542266e+06 1.478359e+06 1.424388e+06 1.376706e+06 1.333534e+06 1.294058e+06 1.069530e+06 1.014226e+06 9.899067e+05 9.601883e+05
2.179464e+06 2.179464e+06 2.179464e+06 2.179464e+06 2.179464e+06 2.179464e+06 2.179465e+06 2.179467e+06 2.179469e+06 2.179469e+06 2.179392e+06 2.178833e+06 2.176962e+06 2.172846e+06 2.165802e+06 2.155550e+06 2.142183e+06 2.044153e+06 1.934139e+06 1.838510e+06 1.760796e+06 1.697861e+06 1.645925e+06 1.563785e+06 1.499117e+06 1.444418e+06 1.396008e+06 1.352093e+06 1.311852e+06 1.079618e+06 1.019008e+06 9.918036e+05 9.607802e+05
2.205719e+06 2.205719e+06 2.205719e+06 2.205719e+06 2.205719e+06 2.205719e+06 2.205720e+06 2.205723e+06 2.205724e+06 2.205724e+06 2.205647e+06 2.205083e+06 2.203198e+06 2.199049e+06 2.191948e+06 2.181613e+06 2.168138e+06 2.069307e+06 1.958381e+06 1.861944e+06 1.783558e+06 1.720059e+06 1.667637e+06 1.584668e+06 1.519264e+06 1.463860e+06 1.414747e+06 1.370114e+06 1.329134e+06 1.089378e+06 1.023555e+06 9.934925e+05 9.611915e+05
2.230932e+06 2.230932e+06 2.230932e+06 2.230932e+06 2.230932e+06 2.230932e+06 2.230933e+06 2.230936e+06 2.230938e+06 2.230938e+06 2.230861e+06 2.230294e+06 2.228396e+06 2.224218e+06 2.217066e+06 2.206656e+06 2.193082e+06 2.093518e+06 1.981753e+06 1.884569e+06 1.805554e+06 1.741524e+06 1.688642e+06 1.604880e+06 1.538768e+06 1.482687e+06 1.432899e+06 1.387577e+06 1.345886e+06 1.098800e+06 1.027862e+06 9.949747e+05 9.614228e+05
2.255226e+06 2.255226e+06 2.255226e+06 2.255226e+06 2.255226e+06 2.255227e+06 2.255227e+06 2.255230e+06 2.255232e+06 2.255231e+06 2.255153e+06 2.254579e+06 2.252666e+06 2.248455e+06 2.241250e+06 2.230764e+06 2.217092e+06 2.116818e+06 2.004252e+06 1.906361e+06 1.826753e+06 1.762223e+06 1.708905e+06 1.624388e+06 1.557603e+06 1.500877e+06 1.450445e+06 1.404466e+06 1.362094e+06 1.107877e+06 1.031926e+06 9.962514e+05 9.614747e+05
2.278532e+06 2.278532e+06 2.278532e+06 2.278532e+06 2.278532e+06 2.278533e+06 2.278533e+06 2.278534e+06 2.278535e+06 2.278533e+06 2.278451e+06 2.277870e+06 2.275940e+06 2.271697e+06 2.264441e+06 2.253883e+06 2.240117e+06 2.139170e+06 2.025851e+06 1.927293e+06 1.847127e+06 1.782124e+06 1.728394e+06 1.643165e+06 1.575743e+06 1.518407e+06 1.467368e+06 1.420766e+06 1.377748e+06 1.116603e+06 1.035743e+06 9.973238e+05 9.613483e+05
2.300722e+06 2.300722e+06 2.300722e+06 2.300722e+06 2.300722e+06 2.300722e+06 2.300722e+06 2.300724e+06 2.300724e+06 2.300722e+06 2.300640e+06 2.300057e+06 2.298116e+06 2.293849e+06 2.286551e+06 2.275930e+06 2.262083e+06 2.160532e+06 2.046519e+06 1.947340e+06 1.866649e+06 1.801201e+06 1.747084e+06 1.661185e+06 1.593168e+06 1.535264e+06 1.483656e+06 1.436469e+06 1.392839e+06 1.124972e+06 1.039310e+06 9.981933e+05 9.610451e+05
2.321909e+06 2.321909e+06 2.321909e+06 2.321909e+06 2.321909e+06 2.321909e+06 2.321909e+06 2.321911e+06 2.321913e+06 2.321912e+06 2.321831e+06 2.321246e+06 2.319297e+06 2.315008e+06 2.307671e+06 2.296993e+06 2.283070e+06 2.180944e+06 2.066267e+06 1.966494e+06 1.885304e+06 1.819434e+06 1.764952e+06 1.678432e+06 1.609864e+06 1.551437e+06 1.499302e+06 1.451569e+06 1.407363e+06 1.132977e+06 1.042623e+06 9.988612e+05 9.605667e+05
2.342260e+06 2.342260e+06 2.342260e+06 2.342260e+06 2.342260e+06 2.342260e+06 2.342261e+06 2.342263e+06 2.342264e+06 2.342262e+06 2.342179e+06 2.341589e+06 2.339625e+06 2.335309e+06 2.327926e+06 2.317183e+06 2.303177e+06 2.200450e+06 2.085106e+06 1.984749e+06 1.903077e+06 1.836809e+06 1.781987e+06 1.694895e+06 1.625828e+06 1.566923e+06 1.514305e+06 1.466066e+06 1.421319e+06 1.140615e+06 1.045680e+06 9.993291e+05 9.599152e+05
2.361655e+06 2.361655e+06 2.361655e+06 2.361655e+06 2.361655e+06 2.361655e+06 2.361655e+06 2.361653e+06 2.361652e+06 2.361648e+06 2.361558e+06 2.360957e+06 2.358974e+06 2.354626e+06 2.347193e+06 2.336383e+06 2.322291e+06 2.218973e+06 2.102983e+06 2.002072e+06 1.919951e+06 1.853315e+06 1.798184e+06 1.710577e+06 1.641062e+06 1.581727e+06 1.528670e+06 1.479963e+06 1.434711e+06 1.147880e+06 1.048479e+06 9.995985e+05 9.590928e+05
2.379768e+06 2.379768e+06 2.379768e+06 2.379768e+06 2.379768e+06 2.379768e+06 2.379767e+06 2.379766e+06 2.379764e+06 2.379760e+06 2.379670e+06 2.379066e+06 2.377073e+06 2.372704e+06 2.365236e+06 2.354374e+06 2.340214e+06 2.236395e+06 2.119843e+06 2.018443e+06 1.935922e+06 1.868960e+06 1.813555e+06 1.725492e+06 1.655582e+06 1.595862e+06 1.542406e+06 1.493268e+06 1.447544e+06 1.154770e+06 1.051016e+06 9.996710e+05 9.581019e+05
2.396684e+06 2.396684e+06 2.396684e+06 2.396684e+06 2.396684e+06 2.396684e+06 2.396684e+06 2.396684e+06 2.396685e+06 2.396682e+06 2.396596e+06 2.395995e+06 2.393999e+06 2.389617e+06 2.382123e+06 2.371220e+06 2.357006e+06 2.252765e+06 2.135727e+06 2.033899e+06 1.951028e+06 1.883778e+06 1.828132e+06 1.739671e+06 1.669410e+06 1.609348e+06 1.555529e+06 1.505993e+06 1.459826e+06 1.161282e+06 1.053290e+06 9.995482e+05 9.569451e+05
2.412715e+06 2.412715e+06 2.412715e+06 2.412715e+06 2.412715e+06 2.412715e+06 2.412715e+06 2.412716e+06 2.412716e+06 2.412713e+06 2.412626e+06 2.412022e+06 2.410019e+06 2.405620e+06 2.398097e+06 2.387151e+06 2.372881e+06 2.268233e+06 2.150739e+06 2.048517e+06 1.965329e+06 1.897822e+06 1.841962e+06 1.753148e+06 1.682579e+06 1.622208e+06 1.568057e+06 1.518151e+06 1.471566e+06 1.167412e+06 1.055300e+06 9.992321e+05 9.556253e+05
2.427908e+06 2.427908e+06 2.427908e+06 2.427908e+06 2.427908e+06 2.427908e+06 2.427908e+06 2.427907e+06 2.427906e+06 2.427902e+06 2.427811e+06 2.427201e+06 2.425186e+06 2.420766e+06 2.413211e+06 2.402221e+06 2.387895e+06 2.282856e+06 2.164937e+06 2.062355e+06 1.978879e+06 1.911143e+06 1.855093e+06 1.765965e+06 1.695117e+06 1.634465e+06 1.580008e+06 1.529755e+06 1.482775e+06 1.173158e+06 1.057044e+06 9.987243e+05 9.541453e+05
2.442107e+06 2.442107e+06 2.442107e+06 2.442107e+06 2.442107e+06 2.442107e+06 2.442106e+06 2.442105e+06 2.442104e+06 2.442100e+06 2.442008e+06 2.441396e+06 2.439373e+06 2.434939e+06 2.427359e+06 2.416334e+06 2.401963e+06 2.296601e+06 2.178327e+06 2.075441e+06 1.991720e+06 1.923784e+06 1.867566e+06 1.778158e+06 1.707056e+06 1.646143e+06 1.591399e+06 1.540818e+06 1.493459e+06 1.178519e+06 1.058522e+06 9.980269e+05 9.525082e+05
2.455290e+06 2.455290e+06 2.455290e+06 2.455290e+06 2.455290e+06 2.455290e+06 2.455291e+06 2.455291e+06 2.455291e+06 2.455288e+06 2.455200e+06 2.454590e+06 2.452568e+06 2.448128e+06 2.440535e+06 2.429490e+06 2.415090e+06 2.309497e+06 2.190951e+06 2.087821e+06 2.003896e+06 1.935788e+06 1.879422e+06 1.789757e+06 1.718418e+06 1.657260e+06 1.602243e+06 1.551349e+06 1.503628e+06 1.183494e+06 1.059733e+06 9.971420e+05 9.507173e+05
2.467741e+06 2.467741e+06 2.467741e+06 2.467741e+06 2.467741e+06 2.467741e+06 2.467742e+06 2.467743e+06 2.467744e+06 2.467742e+06 2.467656e+06 2.467048e+06 2.465026e+06 2.460581e+06 2.452978e+06 2.441915e+06 2.427490e+06 2.321700e+06 2.202917e+06 2.099571e+06 2.015460e+06 1.947195e+06 1.890690e+06 1.800783e+06 1.729217e+06 1.667826e+06 1.612549e+06 1.561355e+06 1.513284e+06 1.188081e+06 1.060678e+06 9.960716e+05 9.487758e+05
2.479693e+06 2.479693e+06 2.479693e+06 2.479693e+06 2.479693e+06 2.479694e+06 2.479694e+06 2.479695e+06 2.479696e+06 2.479693e+06 2.479606e+06 2.478995e+06 2.476966e+06 2.472508e+06 2.464886e+06 2.453797e+06 2.439340e+06 2.333321e+06 2.214288e+06 2.110723e+06 2.026431e+06 1.958013e+06 1.901377e+06 1.811240e+06 1.739459e+06 1.677844e+06 1.622320e+06 1.570838e+06 1.522430e+06 1.192280e+06 1.061356e+06 9.948182e+05 9.466871e+05
