1.268516e+05 1.172602e+05 1.030032e+05 6.115441e+04 4.687767e+04 2.849056e+04 2.638494e+04 2.651033e+04 2.682222e+04 2.711900e+04 2.763241e+04 2.808305e+04 2.852573e+04 2.899417e+04 2.950605e+04 3.006822e+04 3.067842e+04 3.369298e+04 3.288735e+04 2.661355e+04 1.976846e+04 1.502323e+04 1.211102e+04 9.228789e+03 8.093109e+03 7.724637e+03 7.822758e+03 8.305912e+03 9.171901e+03 4.416974e+04 1.196822e+05 2.037214e+05 2.753366e+05
2.522629e+04 2.522639e+04 2.522667e+04 2.523346e+04 2.524737e+04 2.536730e+04 2.586175e+04 2.657840e+04 2.695499e+04 2.726407e+04 2.776384e+04 2.820077e+04 2.863898e+04 2.911010e+04 2.962911e+04 3.020077e+04 3.082128e+04 3.386305e+04 3.300377e+04 2.664884e+04 1.975979e+04 1.500172e+04 1.208918e+04 9.214094e+03 8.085220e+03 7.722228e+03 7.825289e+03 8.313476e+03 9.184984e+03 4.427239e+04 1.198700e+05 2.039399e+05 2.755439e+05
2.631844e+04 2.631847e+04 2.631855e+04 2.632080e+04 2.632662e+04 2.636236e+04 2.654154e+04 2.714965e+04 2.723962e+04 2.742615e+04 2.788052e+04 2.831257e+04 2.875561e+04 2.923618e+04 2.976695e+04 3.035122e+04 3.098404e+04 3.405238e+04 3.312957e+04 2.668562e+04 1.974994e+04 1.497878e+04 1.206622e+04 9.198882e+03 8.077140e+03 7.719812e+03 7.827938e+03 8.321261e+03 9.198382e+03 4.437616e+04 1.200591e+05 2.041594e+05 2.757520e+05
2.740264e+04 2.740265e+04 2.740269e+04 2.740354e+04 2.740577e+04 2.742609e+04 2.735250e+04 2.775817e+04 2.789891e+04 2.792669e+04 2.805547e+04 2.842124e+04 2.887071e+04 2.936842e+04 2.991730e+04 3.051857e+04 3.116654e+04 3.426158e+04 3.326478e+04 2.672371e+04 1.973878e+04 1.495434e+04 1.204211e+04 9.183148e+03 8.068872e+03 7.717393e+03 7.830709e+03 8.329270e+03 9.212100e+03 4.448106e+04 1.202496e+05 2.043801e+05 2.759608e+05
2.797882e+04 2.797882e+04 2.797884e+04 2.797929e+04 2.798048e+04 2.799443e+04 2.794798e+04 2.797586e+04 2.818837e+04 2.834957e+04 2.847605e+04 2.865081e+04 2.901994e+04 2.951839e+04 3.008424e+04 3.070451e+04 3.136970e+04 3.449102e+04 3.340930e+04 2.676287e+04 1.972616e+04 1.492832e+04 1.201682e+04 9.166888e+03 8.060419e+03 7.714976e+03 7.833608e+03 8.337511e+03 9.226145e+03 4.458711e+04 1.204413e+05 2.046017e+05 2.761703e+05
2.826703e+04 2.826704e+04 2.826705e+04 2.826735e+04 2.826815e+04 2.827957e+04 2.826646e+04 2.818598e+04 2.831233e+04 2.851858e+04 2.885231e+04 2.905428e+04 2.931971e+04 2.973486e+04 3.028850e+04 3.091881e+04 3.159850e+04 3.474111e+04 3.356287e+04 2.680280e+04 1.971190e+04 1.490065e+04 1.199032e+04 9.150101e+03 8.051783e+03 7.712566e+03 7.836641e+03 8.345990e+03 9.240525e+03 4.469431e+04 1.206343e+05 2.048244e+05 2.763805e+05
2.841863e+04 2.841863e+04 2.841864e+04 2.841886e+04 2.841945e+04 2.843560e+04 2.846374e+04 2.844444e+04 2.850159e+04 2.866087e+04 2.909974e+04 2.945009e+04 2.974359e+04 3.010307e+04 3.058252e+04 3.118582e+04 3.186577e+04 3.501266e+04 3.372516e+04 2.684316e+04 1.969582e+04 1.487124e+04 1.196257e+04 9.132783e+03 8.042968e+03 7.710168e+03 7.839812e+03 8.354711e+03 9.255245e+03 4.480267e+04 1.208287e+05 2.050482e+05 2.765915e+05
2.867263e+04 2.867263e+04 2.867264e+04 2.867288e+04 2.867357e+04 2.869078e+04 2.872896e+04 2.876698e+04 2.879862e+04 2.890239e+04 2.931605e+04 2.978370e+04 3.017978e+04 3.056321e+04 3.101115e+04 3.155591e+04 3.219688e+04 3.530739e+04 3.389586e+04 2.688356e+04 1.967771e+04 1.484002e+04 1.193354e+04 9.114935e+03 8.033979e+03 7.707786e+03 7.843128e+03 8.363682e+03 9.270312e+03 4.491220e+04 1.210244e+05 2.052730e+05 2.768031e+05
2.903178e+04 2.903178e+04 2.903179e+04 2.903203e+04 2.903273e+04 2.904984e+04 2.908737e+04 2.915416e+04 2.918415e+04 2.925391e+04 2.959113e+04 3.009252e+04 3.058924e+04 3.104636e+04 3.151413e+04 3.203887e+04 3.263515e+04 3.562850e+04 3.407473e+04 2.692360e+04 1.965739e+04 1.480689e+04 1.190320e+04 9.096554e+03 8.024820e+03 7.705425e+03 7.846594e+03 8.372909e+03 9.285734e+03 4.502292e+04 1.212214e+05 2.054989e+05 2.770155e+05
2.944881e+04 2.944881e+04 2.944882e+04 2.944903e+04 2.944965e+04 2.946581e+04 2.950462e+04 2.959407e+04 2.963343e+04 2.969088e+04 2.995712e+04 3.043139e+04 3.098460e+04 3.152378e+04 3.204642e+04 3.258640e+04 3.316686e+04 3.598127e+04 3.426175e+04 2.696288e+04 1.963464e+04 1.477179e+04 1.187153e+04 9.077643e+03 8.015495e+03 7.703092e+03 7.850217e+03 8.382398e+03 9.301517e+03 4.513483e+04 1.214198e+05 2.057259e+05 2.772286e+05
2.992694e+04 2.992694e+04 2.992694e+04 2.992712e+04 2.992766e+04 2.994241e+04 2.998033e+04 3.008304e+04 3.013368e+04 3.019183e+04 3.041173e+04 3.083494e+04 3.139811e+04 3.199794e+04 3.258631e+04 3.316686e+04 3.375644e+04 3.637396e+04 3.445722e+04 2.700103e+04 1.960927e+04 1.473464e+04 1.183851e+04 9.058205e+03 8.006010e+03 7.700792e+03 7.854001e+03 8.392155e+03 9.317668e+03 4.524793e+04 1.216195e+05 2.059539e+05 2.774425e+05
3.770399e+04 3.770399e+04 3.770400e+04 3.770413e+04 3.770451e+04 3.771639e+04 3.775173e+04 3.788424e+04 3.797852e+04 3.808959e+04 3.835590e+04 3.867324e+04 3.904222e+04 3.947163e+04 3.996403e+04 4.050471e+04 4.106025e+04 4.225819e+04 3.709904e+04 2.733364e+04 1.919236e+04 1.424365e+04 1.143321e+04 8.836666e+03 7.904050e+03 7.681067e+03 7.902151e+03 8.505950e+03 9.501003e+03 4.644719e+04 1.236918e+05 2.082934e+05 2.796209e+05
5.099451e+04 5.099451e+04 5.099451e+04 5.099463e+04 5.099501e+04 5.100660e+04 5.104182e+04 5.115370e+04 5.120127e+04 5.122777e+04 5.120241e+04 5.107452e+04 5.085865e+04 5.057145e+04 5.022896e+04 4.984469e+04 4.942545e+04 4.622007e+04 3.827714e+04 2.709814e+04 1.854497e+04 1.361919e+04 1.093983e+04 8.583857e+03 7.798385e+03 7.673459e+03 7.974259e+03 8.654361e+03 9.729403e+03 4.777734e+04 1.259050e+05 2.107421e+05 2.818723e+05
4.884593e+04 4.884593e+04 4.884593e+04 4.884591e+04 4.884586e+04 4.884435e+04 4.883956e+04 4.881656e+04 4.879569e+04 4.876621e+04 4.867292e+04 4.852285e+04 4.831033e+04 4.803656e+04 4.770543e+04 4.731940e+04 4.687645e+04 4.326415e+04 3.536568e+04 2.504200e+04 1.730805e+04 1.287609e+04 1.046802e+04 8.362840e+03 7.714069e+03 7.691572e+03 8.080137e+03 8.846122e+03 1.001157e+04 4.924844e+04 1.282649e+05 2.133024e+05 2.841971e+05
3.895785e+04 3.895785e+04 3.895785e+04 3.895784e+04 3.895782e+04 3.895710e+04 3.895477e+04 3.894492e+04 3.893693e+04 3.892662e+04 3.889856e+04 3.885997e+04 3.880982e+04 3.874615e+04 3.866526e+04 3.856055e+04 3.842114e+04 3.647362e+04 3.047083e+04 2.205736e+04 1.565947e+04 1.197677e+04 9.969877e+03 8.213298e+03 7.696756e+03 7.758916e+03 8.234645e+03 9.093052e+03 1.035834e+04 5.087081e+04 1.307770e+05 2.159761e+05 2.865955e+05
3.177135e+04 3.177135e+04 3.177135e+04 3.177135e+04 3.177135e+04 3.177128e+04 3.177096e+04 3.176926e+04 3.176782e+04 3.176593e+04 3.176065e+04 3.175291e+04 3.174205e+04 3.172708e+04 3.170590e+04 3.167404e+04 3.162324e+04 3.046511e+04 2.598135e+04 1.929409e+04 1.410469e+04 1.110748e+04 9.486607e+03 8.104471e+03 7.751698e+03 7.908196e+03 8.461955e+03 9.412242e+03 1.078421e+04 5.265503e+04 1.334466e+05 2.187650e+05 2.890675e+05
2.694901e+04 2.694901e+04 2.694901e+04 2.694901e+04 2.694901e+04 2.694911e+04 2.694936e+04 2.695014e+04 2.695058e+04 2.695100e+04 2.695156e+04 2.695144e+04 2.695020e+04 2.694721e+04 2.694101e+04 2.692825e+04 2.690253e+04 2.607828e+04 2.255159e+04 1.712996e+04 1.286976e+04 1.040654e+04 9.092406e+03 8.037138e+03 7.860042e+03 8.134207e+03 8.785778e+03 9.830560e+03 1.130963e+04 5.461210e+04 1.362790e+05 2.216704e+05 2.916128e+05
2.368502e+04 2.368502e+04 2.368502e+04 2.368502e+04 2.368502e+04 2.368499e+04 2.368486e+04 2.368416e+04 2.368353e+04 2.368267e+04 2.368019e+04 2.367665e+04 2.367197e+04 2.366589e+04 2.365747e+04 2.364417e+04 2.362089e+04 2.294139e+04 2.002685e+04 1.551438e+04 1.195505e+04 9.901466e+03 8.823079e+03 8.029386e+03 8.020036e+03 8.429020e+03 9.201984e+03 1.036545e+04 1.196448e+04 5.675356e+04 1.392789e+05 2.246937e+05 2.942311e+05
2.119533e+04 2.119533e+04 2.119533e+04 2.119533e+04 2.119533e+04 2.119530e+04 2.119514e+04 2.119440e+04 2.119379e+04 2.119304e+04 2.119106e+04 2.118844e+04 2.118510e+04 2.118078e+04 2.117462e+04 2.116446e+04 2.114596e+04 2.057829e+04 1.811820e+04 1.430147e+04 1.129332e+04 9.567852e+03 8.679303e+03 8.098708e+03 8.242190e+03 8.795292e+03 9.711033e+03 1.101778e+04 1.276180e+04 5.909177e+04 1.424510e+05 2.278355e+05 2.969218e+05
1.923265e+04 1.923265e+04 1.923265e+04 1.923265e+04 1.923265e+04 1.923261e+04 1.923249e+04 1.923200e+04 1.923165e+04 1.923123e+04 1.923017e+04 1.922878e+04 1.922698e+04 1.922458e+04 1.922085e+04 1.921394e+04 1.920012e+04 1.872638e+04 1.663227e+04 1.337855e+04 1.082410e+04 9.374916e+03 8.649725e+03 8.256648e+03 8.543028e+03 9.245196e+03 1.032094e+04 1.179423e+04 1.370771e+04 6.164020e+04 1.457996e+05 2.310965e+05 2.996842e+05
1.766417e+04 1.766417e+04 1.766417e+04 1.766417e+04 1.766417e+04 1.766421e+04 1.766433e+04 1.766479e+04 1.766511e+04 1.766546e+04 1.766618e+04 1.766681e+04 1.766724e+04 1.766726e+04 1.766626e+04 1.766263e+04 1.765316e+04 1.725767e+04 1.546489e+04 1.267924e+04 1.050927e+04 9.301516e+03 8.724976e+03 8.511856e+03 8.941133e+03 9.798083e+03 1.104748e+04 1.270741e+04 1.481327e+04 6.441382e+04 1.493290e+05 2.344769e+05 3.025172e+05
1.644126e+04 1.644126e+04 1.644126e+04 1.644126e+04 1.644126e+04 1.644132e+04 1.644148e+04 1.644201e+04 1.644232e+04 1.644263e+04 1.644324e+04 1.644381e+04 1.644436e+04 1.644478e+04 1.644456e+04 1.644233e+04 1.643527e+04 1.610047e+04 1.455708e+04 1.216635e+04 1.032869e+04 9.337944e+03 8.902653e+03 8.874520e+03 9.456675e+03 1.047814e+04 1.191328e+04 1.377615e+04 1.609411e+04 6.742966e+04 1.530431e+05 2.379767e+05 3.054196e+05
1.547949e+04 1.547949e+04 1.547949e+04 1.547949e+04 1.547950e+04 1.547956e+04 1.547974e+04 1.548034e+04 1.548075e+04 1.548122e+04 1.548237e+04 1.548378e+04 1.548542e+04 1.548719e+04 1.548860e+04 1.548843e+04 1.548422e+04 1.520298e+04 1.387114e+04 1.181916e+04 1.027447e+04 9.484327e+03 9.188446e+03 9.359587e+03 1.011274e+04 1.131320e+04 1.294627e+04 1.502514e+04 1.757072e+04 7.070758e+04 1.569460e+05 2.415957e+05 3.083900e+05
1.475922e+04 1.475922e+04 1.475922e+04 1.475922e+04 1.475923e+04 1.475930e+04 1.475954e+04 1.476041e+04 1.476100e+04 1.476170e+04 1.476338e+04 1.476547e+04 1.476795e+04 1.477075e+04 1.477347e+04 1.477503e+04 1.477323e+04 1.453779e+04 1.338639e+04 1.162866e+04 1.034803e+04 9.749485e+03 9.596440e+03 9.988743e+03 1.093684e+04 1.233458e+04 1.417834e+04 1.648373e+04 1.926813e+04 7.427183e+04 1.610416e+05 2.453330e+05 3.114269e+05
1.425905e+04 1.425905e+04 1.425905e+04 1.425905e+04 1.425905e+04 1.425915e+04 1.425947e+04 1.426075e+04 1.426171e+04 1.426287e+04 1.426574e+04 1.426929e+04 1.427343e+04 1.427802e+04 1.428267e+04 1.428640e+04 1.428722e+04 1.409136e+04 1.309347e+04 1.159467e+04 1.055900e+04 1.015081e+04 1.014958e+04 1.079149e+04 1.196192e+04 1.357697e+04 1.564423e+04 1.818452e+04 2.121498e+04 7.815573e+04 1.653341e+05 2.491881e+05 3.145283e+05
1.400045e+04 1.400045e+04 1.400045e+04 1.400045e+04 1.400046e+04 1.400049e+04 1.400064e+04 1.400132e+04 1.400187e+04 1.400256e+04 1.400438e+04 1.400681e+04 1.400989e+04 1.401361e+04 1.401767e+04 1.402122e+04 1.402252e+04 1.385480e+04 1.298795e+04 1.172364e+04 1.092524e+04 1.071494e+04 1.088031e+04 1.180539e+04 1.322629e+04 1.507813e+04 1.738051e+04 2.016194e+04 2.344225e+04 8.237865e+04 1.698278e+05 2.531598e+05 3.176925e+05
1.389869e+04 1.389869e+04 1.389869e+04 1.389869e+04 1.389870e+04 1.389893e+04 1.389960e+04 1.390197e+04 1.390360e+04 1.390549e+04 1.391004e+04 1.391551e+04 1.392180e+04 1.392880e+04 1.393618e+04 1.394311e+04 1.394798e+04 1.381528e+04 1.307020e+04 1.203024e+04 1.147447e+04 1.147879e+04 1.183085e+04 1.307525e+04 1.477256e+04 1.687778e+04 1.942447e+04 2.245092e+04 2.598192e+04 8.694001e+04 1.745275e+05 2.572468e+05 3.209172e+05
1.405676e+04 1.405676e+04 1.405676e+04 1.405676e+04 1.405676e+04 1.405684e+04 1.405710e+04 1.405826e+04 1.405915e+04 1.406026e+04 1.406315e+04 1.406701e+04 1.407192e+04 1.407786e+04 1.408460e+04 1.409141e+04 1.409680e+04 1.398809e+04 1.335558e+04 1.254145e+04 1.224629e+04 1.249007e+04 1.305236e+04 1.465086e+04 1.664537e+04 1.901586e+04 2.181277e+04 2.508571e+04 2.886584e+04 9.184138e+04 1.794386e+05 2.614479e+05 3.242001e+05
1.439303e+04 1.439303e+04 1.439303e+04 1.439303e+04 1.439304e+04 1.439316e+04 1.439358e+04 1.439544e+04 1.439692e+04 1.439877e+04 1.440354e+04 1.440971e+04 1.441724e+04 1.442604e+04 1.443585e+04 1.444596e+04 1.445501e+04 1.438116e+04 1.386830e+04 1.329768e+04 1.329281e+04 1.380590e+04 1.460213e+04 1.658333e+04 1.888834e+04 2.153045e+04 2.458006e+04 2.809888e+04 3.212475e+04 9.708385e+04 1.845673e+05 2.657615e+05 3.275388e+05
1.499003e+04 1.499003e+04 1.499003e+04 1.499003e+04 1.499004e+04 1.499027e+04 1.499101e+04 1.499390e+04 1.499600e+04 1.499852e+04 1.500472e+04 1.501247e+04 1.502181e+04 1.503278e+04 1.504522e+04 1.505856e+04 1.507155e+04 1.503846e+04 1.465808e+04 1.435824e+04 1.467824e+04 1.548939e+04 1.653879e+04 1.892034e+04 2.154076e+04 2.445576e+04 2.775791e+04 3.152059e+04 3.578772e+04 1.026673e+05 1.899215e+05 2.701861e+05 3.309308e+05
1.587883e+04 1.587883e+04 1.587883e+04 1.587883e+04 1.587885e+04 1.587933e+04 1.588081e+04 1.588632e+04 1.589016e+04 1.589465e+04 1.590550e+04 1.591875e+04 1.593433e+04 1.595215e+04 1.597194e+04 1.599306e+04 1.601428e+04 1.603799e+04 1.580446e+04 1.580102e+04 1.647424e+04 1.760307e+04 1.891568e+04 2.170153e+04 2.463492e+04 2.782087e+04 3.137425e+04 3.537841e+04 3.988191e+04 1.085907e+05 1.955113e+05 2.747202e+05 3.343735e+05
1.729532e+04 1.729532e+04 1.729532e+04 1.729533e+04 1.729534e+04 1.729573e+04 1.729695e+04 1.730156e+04 1.730483e+04 1.730870e+04 1.731826e+04 1.733036e+04 1.734524e+04 1.736308e+04 1.738384e+04 1.740701e+04 1.743145e+04 1.749626e+04 1.740727e+04 1.771095e+04 1.874880e+04 2.019952e+04 2.177372e+04 2.495506e+04 2.819499e+04 3.164961e+04 3.545365e+04 3.969757e+04 4.443267e+04 1.148516e+05 2.013529e+05 2.793624e+05 3.378640e+05
1.914936e+04 1.914936e+04 1.914936e+04 1.914937e+04 1.914939e+04 1.915023e+04 1.915282e+04 1.916266e+04 1.916958e+04 1.917765e+04 1.919693e+04 1.921993e+04 1.924629e+04 1.927573e+04 1.930790e+04 1.934212e+04 1.937724e+04 1.950010e+04 1.955404e+04 2.015894e+04 2.155182e+04 2.331219e+04 2.513616e+04 2.869704e+04 3.223807e+04 3.596196e+04 4.001846e+04 4.450173e+04 4.946394e+04 1.214469e+05 2.074570e+05 2.841113e+05 3.413998e+05
2.185262e+04 2.185262e+04 2.185262e+04 2.185263e+04 2.185264e+04 2.185299e+04 2.185409e+04 2.185846e+04 2.186171e+04 2.186567e+04 2.187585e+04 2.188936e+04 2.190653e+04 2.192757e+04 2.195247e+04 2.198071e+04 2.201122e+04 2.213893e+04 2.230546e+04 2.318456e+04 2.490441e+04 2.695072e+04 2.900797e+04 3.293432e+04 3.677742e+04 4.077657e+04 4.509050e+04 4.981394e+04 5.499862e+04 1.283728e+05 2.138077e+05 2.889661e+05 3.449779e+05
2.498539e+04 2.498539e+04 2.498539e+04 2.498540e+04 2.498543e+04 2.498621e+04 2.498832e+04 2.499603e+04 2.500160e+04 2.500831e+04 2.502513e+04 2.504637e+04 2.507187e+04 2.510144e+04 2.513474e+04 2.517114e+04 2.520953e+04 2.538097e+04 2.566298e+04 2.678758e+04 2.879806e+04 3.110426e+04 3.338125e+04 3.767071e+04 4.182727e+04 4.611390e+04 5.069285e+04 5.565746e+04 6.105887e+04 1.356245e+05 2.203910e+05 2.939260e+05 3.485957e+05
2.886394e+04 2.886394e+04 2.886394e+04 2.886394e+04 2.886395e+04 2.886437e+04 2.886568e+04 2.887098e+04 2.887510e+04 2.888031e+04 2.889426e+04 2.891321e+04 2.893730e+04 2.896646e+04 2.900031e+04 2.903807e+04 2.907847e+04 2.927003e+04 2.963058e+04 3.094713e+04 3.320605e+04 3.575219e+04 3.824565e+04 4.291493e+04 4.740786e+04 5.199900e+04 5.685104e+04 6.205614e+04 6.766592e+04 1.431966e+05 2.271935e+05 2.989910e+05 3.522503e+05
3.341584e+04 3.341584e+04 3.341584e+04 3.341585e+04 3.341587e+04 3.341648e+04 3.341840e+04 3.342605e+04 3.343172e+04 3.343855e+04 3.345550e+04 3.347652e+04 3.350139e+04 3.352995e+04 3.356192e+04 3.359673e+04 3.363330e+04 3.380072e+04 3.417525e+04 3.561977e+04 3.809441e+04 4.087757e+04 4.360048e+04 4.868803e+04 5.354909e+04 5.846276e+04 6.359316e+04 6.903382e+04 7.483930e+04 1.510828e+05 2.342013e+05 3.041621e+05 3.559392e+05
3.853263e+04 3.853263e+04 3.853263e+04 3.853263e+04 3.853265e+04 3.853301e+04 3.853413e+04 3.853873e+04 3.854227e+04 3.854665e+04 3.855802e+04 3.857298e+04 3.859165e+04 3.861409e+04 3.864011e+04 3.866910e+04 3.869989e+04 3.883547e+04 3.919937e+04 4.074540e+04 4.343716e+04 4.648138e+04 4.946554e+04 5.502795e+04 6.029135e+04 6.554107e+04 7.094828e+04 7.661281e+04 8.259548e+04 1.592757e+05 2.413994e+05 3.094416e+05 3.596598e+05
4.394265e+04 4.394265e+04 4.394265e+04 4.394266e+04 4.394267e+04 4.394315e+04 4.394463e+04 4.395055e+04 4.395499e+04 4.396040e+04 4.397415e+04 4.399177e+04 4.401321e+04 4.403835e+04 4.406687e+04 4.409803e+04 4.413053e+04 4.426253e+04 4.462722e+04 4.629157e+04 4.924050e+04 5.259610e+04 5.588801e+04 6.198925e+04 6.768267e+04 7.327136e+04 7.894342e+04 8.481138e+04 9.094599e+04 1.677669e+05 2.487723e+05 3.148353e+05 3.634097e+05
4.975001e+04 4.975001e+04 4.975001e+04 4.975001e+04 4.975003e+04 4.975050e+04 4.975195e+04 4.975776e+04 4.976211e+04 4.976744e+04 4.978101e+04 4.979854e+04 4.982016e+04 4.984591e+04 4.987557e+04 4.990839e+04 4.994292e+04 5.008113e+04 5.046365e+04 5.228794e+04 5.555952e+04 5.929129e+04 6.294163e+04 6.963706e+04 7.577206e+04 8.168705e+04 8.759929e+04 9.364068e+04 9.989525e+04 1.765464e+05 2.563037e+05 3.203506e+05 3.671867e+05
5.593449e+04 5.593449e+04 5.593449e+04 5.593450e+04 5.593452e+04 5.593529e+04 5.593768e+04 5.594709e+04 5.595397e+04 5.596224e+04 5.598274e+04 5.600837e+04 5.603890e+04 5.607408e+04 5.611342e+04 5.615593e+04 5.619987e+04 5.637024e+04 5.679292e+04 5.882935e+04 6.249590e+04 6.666601e+04 7.071615e+04 7.803576e+04 8.460033e+04 9.081080e+04 9.692562e+04 1.031017e+05 1.094386e+05 1.856028e+05 2.639764e+05 3.259721e+05 3.709890e+05
6.286275e+04 6.286275e+04 6.286275e+04 6.286275e+04 6.286277e+04 6.286326e+04 6.286480e+04 6.287098e+04 6.287571e+04 6.288161e+04 6.289709e+04 6.291787e+04 6.294435e+04 6.297674e+04 6.301483e+04 6.305761e+04 6.310312e+04 6.328597e+04 6.375890e+04 6.605635e+04 7.017822e+04 7.482912e+04 7.929874e+04 8.723472e+04 9.419025e+04 1.006481e+05 1.069172e+05 1.131829e+05 1.195611e+05 1.949231e+05 2.717731e+05 3.316837e+05 3.748149e+05
7.034634e+04 7.034634e+04 7.034634e+04 7.034636e+04 7.034639e+04 7.034753e+04 7.035108e+04 7.036520e+04 7.037562e+04 7.038814e+04 7.041905e+04 7.045720e+04 7.050202e+04 7.055297e+04 7.060931e+04 7.066965e+04 7.073166e+04 7.097249e+04 7.152463e+04 7.412291e+04 7.873213e+04 8.387318e+04 8.875239e+04 9.725471e+04 1.045385e+05 1.111828e+05 1.175514e+05 1.238591e+05 1.302367e+05 2.044927e+05 2.796760e+05 3.374713e+05 3.786635e+05
7.909611e+04 7.909611e+04 7.909611e+04 7.909611e+04 7.909613e+04 7.909673e+04 7.909860e+04 7.910614e+04 7.911191e+04 7.911915e+04 7.913835e+04 7.916448e+04 7.919812e+04 7.923960e+04 7.928864e+04 7.934395e+04 7.940295e+04 7.964343e+04 8.026207e+04 8.316460e+04 8.824933e+04 9.384964e+04 9.909750e+04 1.080787e+05 1.156116e+05 1.223755e+05 1.287883e+05 1.350916e+05 1.414294e+05 2.142952e+05 2.876671e+05 3.433213e+05 3.825342e+05
8.861927e+04 8.861927e+04 8.861927e+04 8.861928e+04 8.861933e+04 8.862075e+04 8.862518e+04 8.864274e+04 8.865566e+04 8.867116e+04 8.870938e+04 8.875660e+04 8.881216e+04 8.887543e+04 8.894544e+04 8.902039e+04 8.909730e+04 8.939421e+04 9.008564e+04 9.326144e+04 9.876189e+04 1.047521e+05 1.103018e+05 1.196499e+05 1.273471e+05 1.341661e+05 1.405727e+05 1.468308e+05 1.530947e+05 2.243128e+05 2.957287e+05 3.492197e+05 3.864276e+05
9.975758e+04 9.975758e+04 9.975758e+04 9.975759e+04 9.975761e+04 9.975832e+04 9.976054e+04 9.976967e+04 9.977684e+04 9.978591e+04 9.981009e+04 9.984267e+04 9.988387e+04 9.993369e+04 9.999148e+04 1.000555e+05 1.001225e+05 1.003733e+05 1.010627e+05 1.044204e+05 1.102306e+05 1.165121e+05 1.222815e+05 1.318765e+05 1.396593e+05 1.464788e+05 1.528385e+05 1.590195e+05 1.651824e+05 2.345262e+05 3.038428e+05 3.551530e+05 3.903463e+05
1.118517e+05 1.118517e+05 1.118517e+05 1.118517e+05 1.118517e+05 1.118529e+05 1.118564e+05 1.118701e+05 1.118800e+05 1.118919e+05 1.119215e+05 1.119590e+05 1.120042e+05 1.120570e+05 1.121168e+05 1.121818e+05 1.122487e+05 1.124745e+05 1.131259e+05 1.165591e+05 1.225487e+05 1.290096e+05 1.349132e+05 1.446446e+05 1.524495e+05 1.592298e+05 1.655149e+05 1.715968e+05 1.776399e+05 2.449144e+05 3.119920e+05 3.611074e+05 3.942960e+05
1.249683e+05 1.249683e+05 1.249683e+05 1.249683e+05 1.249684e+05 1.249695e+05 1.249729e+05 1.249867e+05 1.249970e+05 1.250096e+05 1.250418e+05 1.250830e+05 1.251331e+05 1.251918e+05 1.252580e+05 1.253294e+05 1.254020e+05 1.256192e+05 1.261793e+05 1.295497e+05 1.355691e+05 1.420947e+05 1.480537e+05 1.578322e+05 1.656172e+05 1.723359e+05 1.785320e+05 1.845030e+05 1.904148e+05 2.554557e+05 3.201589e+05 3.670689e+05 3.982684e+05
1.393069e+05 1.393069e+05 1.393069e+05 1.393069e+05 1.393069e+05 1.393080e+05 1.393113e+05 1.393243e+05 1.393338e+05 1.393452e+05 1.393737e+05 1.394098e+05 1.394533e+05 1.395042e+05 1.395615e+05 1.396230e+05 1.396844e+05 1.398010e+05 1.401285e+05 1.432446e+05 1.491291e+05 1.556112e+05 1.615604e+05 1.713255e+05 1.790708e+05 1.857219e+05 1.918260e+05 1.976827e+05 2.034578e+05 2.661267e+05 3.283267e+05 3.730240e+05 4.022509e+05
1.544787e+05 1.544787e+05 1.544787e+05 1.544787e+05 1.544787e+05 1.544795e+05 1.544818e+05 1.544911e+05 1.544981e+05 1.545067e+05 1.545291e+05 1.545584e+05 1.545949e+05 1.546385e+05 1.546883e+05 1.547417e+05 1.547938e+05 1.547974e+05 1.547867e+05 1.574674e+05 1.630666e+05 1.694164e+05 1.753098e+05 1.850311e+05 1.927363e+05 1.993259e+05 2.053432e+05 2.110875e+05 2.167245e+05 2.769036e+05 3.364787e+05 3.789588e+05 4.062331e+05
1.701637e+05 1.701637e+05 1.701637e+05 1.701637e+05 1.701637e+05 1.701648e+05 1.701679e+05 1.701807e+05 1.701902e+05 1.702018e+05 1.702310e+05 1.702677e+05 1.703115e+05 1.703614e+05 1.704160e+05 1.704720e+05 1.705235e+05 1.704169e+05 1.699681e+05 1.720507e+05 1.772426e+05 1.833979e+05 1.892104e+05 1.988834e+05 2.065611e+05 2.131020e+05 2.190412e+05 2.246770e+05 2.301756e+05 2.877612e+05 3.445989e+05 3.848601e+05 4.102056e+05
1.866344e+05 1.866344e+05 1.866344e+05 1.866344e+05 1.866344e+05 1.866349e+05 1.866363e+05 1.866418e+05 1.866460e+05 1.866512e+05 1.866649e+05 1.866833e+05 1.867068e+05 1.867355e+05 1.867683e+05 1.868017e+05 1.868293e+05 1.865120e+05 1.855033e+05 1.868552e+05 1.915570e+05 1.974847e+05 2.032094e+05 2.128465e+05 2.205143e+05 2.270198e+05 2.328884e+05 2.384182e+05 2.437772e+05 2.986740e+05 3.526715e+05 3.907147e+05 4.141592e+05
2.030107e+05 2.030107e+05 2.030107e+05 2.030107e+05 2.030107e+05 2.030114e+05 2.030136e+05 2.030219e+05 2.030279e+05 2.030352e+05 2.030533e+05 2.030761e+05 2.031036e+05 2.031353e+05 2.031699e+05 2.032034e+05 2.032281e+05 2.027724e+05 2.012025e+05 2.017775e+05 2.059576e+05 2.116501e+05 2.172918e+05 2.269108e+05 2.345829e+05 2.410609e+05 2.468615e+05 2.522838e+05 2.574986e+05 3.096157e+05 3.606812e+05 3.965098e+05 4.180852e+05
2.194539e+05 2.194539e+05 2.194539e+05 2.194539e+05 2.194539e+05 2.194546e+05 2.194567e+05 2.194653e+05 2.194718e+05 2.194797e+05 2.194999e+05 2.195258e+05 2.195575e+05 2.195943e+05 2.196344e+05 2.196729e+05 2.197010e+05 2.191393e+05 2.170137e+05 2.167960e+05 2.204460e+05 2.259059e+05 2.314712e+05 2.410836e+05 2.487647e+05 2.552141e+05 2.609419e+05 2.662494e+05 2.713116e+05 3.205593e+05 3.686133e+05 4.022330e+05 4.219749e+05
2.361918e+05 2.361918e+05 2.361918e+05 2.361918e+05 2.361918e+05 2.361926e+05 2.361948e+05 2.362039e+05 2.362107e+05 2.362190e+05 2.362399e+05 2.362663e+05 2.362979e+05 2.363342e+05 2.363729e+05 2.364088e+05 2.364316e+05 2.357166e+05 2.329887e+05 2.319476e+05 2.350576e+05 2.402847e+05 2.457749e+05 2.553787e+05 2.630604e+05 2.694696e+05 2.751114e+05 2.802909e+05 2.851875e+05 3.314776e+05 3.764531e+05 4.078726e+05 4.258200e+05
2.532084e+05 2.532084e+05 2.532084e+05 2.532084e+05 2.532084e+05 2.532089e+05 2.532103e+05 2.532160e+05 2.532203e+05 2.532255e+05 2.532390e+05 2.532566e+05 2.532786e+05 2.533047e+05 2.533330e+05 2.533576e+05 2.533675e+05 2.524730e+05 2.491303e+05 2.472606e+05 2.498284e+05 2.548193e+05 2.602287e+05 2.698059e+05 2.774667e+05 2.838137e+05 2.893490e+05 2.943816e+05 2.990959e+05 3.423430e+05 3.841868e+05 4.134172e+05 4.296124e+05
2.700936e+05 2.700936e+05 2.700936e+05 2.700936e+05 2.700937e+05 2.700944e+05 2.700968e+05 2.701061e+05 2.701128e+05 2.701209e+05 2.701409e+05 2.701660e+05 2.701961e+05 2.702306e+05 2.702671e+05 2.702992e+05 2.703145e+05 2.693219e+05 2.654243e+05 2.627559e+05 2.647861e+05 2.695324e+05 2.748466e+05 2.843638e+05 2.919704e+05 2.982252e+05 3.036274e+05 3.084905e+05 3.130031e+05 3.531274e+05 3.918008e+05 4.188563e+05 4.333441e+05
2.872203e+05 2.872203e+05 2.872203e+05 2.872204e+05 2.872204e+05 2.872211e+05 2.872235e+05 2.872331e+05 2.872403e+05 2.872491e+05 2.872718e+05 2.873011e+05 2.873371e+05 2.873790e+05 2.874239e+05 2.874646e+05 2.874873e+05 2.864119e+05 2.819656e+05 2.784880e+05 2.799588e+05 2.844345e+05 2.896271e+05 2.990353e+05 3.065458e+05 3.126729e+05 3.179123e+05 3.225808e+05 3.268710e+05 3.638032e+05 3.992819e+05 4.241797e+05 4.370076e+05
3.048891e+05 3.048891e+05 3.048891e+05 3.048891e+05 3.048892e+05 3.048901e+05 3.048929e+05 3.049041e+05 3.049125e+05 3.049227e+05 3.049487e+05 3.049818e+05 3.050218e+05 3.050675e+05 3.051157e+05 3.051586e+05 3.051807e+05 3.039637e+05 2.988863e+05 2.945165e+05 2.953625e+05 2.995178e+05 3.045490e+05 3.137864e+05 3.211536e+05 3.271154e+05 3.321614e+05 3.366102e+05 3.406577e+05 3.743425e+05 4.066175e+05 4.293782e+05 4.405956e+05
3.232574e+05 3.232574e+05 3.232574e+05 3.232574e+05 3.232574e+05 3.232580e+05 3.232596e+05 3.232662e+05 3.232713e+05 3.232777e+05 3.232946e+05 3.233169e+05 3.233447e+05 3.233774e+05 3.234116e+05 3.234390e+05 3.234431e+05 3.219988e+05 3.161968e+05 3.108370e+05 3.109755e+05 3.147475e+05 3.195694e+05 3.285674e+05 3.357429e+05 3.415022e+05 3.463253e+05 3.505310e+05 3.543173e+05 3.847178e+05 4.137954e+05 4.344431e+05 4.441010e+05
3.417790e+05 3.417790e+05 3.417790e+05 3.417791e+05 3.417791e+05 3.417796e+05 3.417812e+05 3.417877e+05 3.417926e+05 3.417986e+05 3.418141e+05 3.418341e+05 3.418587e+05 3.418871e+05 3.419158e+05 3.419359e+05 3.419296e+05 3.402869e+05 3.337615e+05 3.273671e+05 3.267321e+05 3.300607e+05 3.346254e+05 3.433158e+05 3.502529e+05 3.557754e+05 3.603493e+05 3.642915e+05 3.678008e+05 3.949023e+05 4.208041e+05 4.393665e+05 4.475172e+05
3.602985e+05 3.602985e+05 3.602985e+05 3.602985e+05 3.602985e+05 3.602991e+05 3.603011e+05 3.603088e+05 3.603145e+05 3.603216e+05 3.603395e+05 3.603623e+05 3.603900e+05 3.604214e+05 3.604528e+05 3.604743e+05 3.604669e+05 3.586742e+05 3.514558e+05 3.440065e+05 3.425455e+05 3.453773e+05 3.496406e+05 3.579601e+05 3.646169e+05 3.698725e+05 3.741750e+05 3.778373e+05 3.810576e+05 4.048697e+05 4.276324e+05 4.441411e+05 4.508381e+05
3.789710e+05 3.789710e+05 3.789710e+05 3.789710e+05 3.789711e+05 3.789716e+05 3.789733e+05 3.789802e+05 3.789853e+05 3.789917e+05 3.790079e+05 3.790288e+05 3.790543e+05 3.790834e+05 3.791122e+05 3.791302e+05 3.791170e+05 3.771587e+05 3.692265e+05 3.606745e+05 3.583287e+05 3.606122e+05 3.645334e+05 3.724249e+05 3.787645e+05 3.837285e+05 3.877424e+05 3.911129e+05 3.940365e+05 4.145950e+05 4.342699e+05 4.487605e+05 4.540578e+05
3.977116e+05 3.977116e+05 3.977116e+05 3.977116e+05 3.977116e+05 3.977122e+05 3.977139e+05 3.977206e+05 3.977257e+05 3.977319e+05 3.977476e+05 3.977679e+05 3.977926e+05 3.978207e+05 3.978480e+05 3.978634e+05 3.978451e+05 3.957150e+05 3.870289e+05 3.773027e+05 3.740022e+05 3.756836e+05 3.792231e+05 3.866343e+05 3.926253e+05 3.972782e+05 4.009917e+05 4.040636e+05 4.066875e+05 4.240542e+05 4.407068e+05 4.532188e+05 4.571709e+05
4.164967e+05 4.164967e+05 4.164967e+05 4.164968e+05 4.164968e+05 4.164974e+05 4.164992e+05 4.165064e+05 4.165118e+05 4.165184e+05 4.165351e+05 4.165566e+05 4.165825e+05 4.166117e+05 4.166397e+05 4.166546e+05 4.166329e+05 4.143246e+05 4.048293e+05 3.938357e+05 3.894962e+05 3.905158e+05 3.936326e+05 4.005140e+05 4.061304e+05 4.104585e+05 4.138652e+05 4.166369e+05 4.189623e+05 4.332249e+05 4.469338e+05 4.575109e+05 4.601725e+05
4.353961e+05 4.353961e+05 4.353961e+05 4.353961e+05 4.353962e+05 4.353967e+05 4.353985e+05 4.354053e+05 4.354104e+05 4.354164e+05 4.354318e+05 4.354513e+05 4.354748e+05 4.355011e+05 4.355254e+05 4.355351e+05 4.355052e+05 4.329829e+05 4.225979e+05 4.102214e+05 4.047449e+05 4.050367e+05 4.076883e+05 4.139937e+05 4.192148e+05 4.232102e+05 4.263091e+05 4.287837e+05 4.308165e+05 4.420863e+05 4.529425e+05 4.616324e+05 4.630581e+05
4.543087e+05 4.543087e+05 4.543087e+05 4.543087e+05 4.543087e+05 4.543091e+05 4.543105e+05 4.543161e+05 4.543202e+05 4.543253e+05 4.543382e+05 4.543546e+05 4.543743e+05 4.543960e+05 4.544146e+05 4.544164e+05 4.543751e+05 4.516082e+05 4.402568e+05 4.263843e+05 4.196733e+05 4.191726e+05 4.213187e+05 4.270075e+05 4.318190e+05 4.354795e+05 4.382749e+05 4.404600e+05 4.422100e+05 4.506196e+05 4.587253e+05 4.655796e+05 4.658237e+05
4.730801e+05 4.730801e+05 4.730801e+05 4.730801e+05 4.730801e+05 4.730803e+05 4.730810e+05 4.730838e+05 4.730860e+05 4.730888e+05 4.730962e+05 4.731060e+05 4.731182e+05 4.731315e+05 4.731405e+05 4.731309e+05 4.730745e+05 4.700409e+05 4.576711e+05 4.422175e+05 4.341938e+05 4.328473e+05 4.344548e+05 4.394963e+05 4.438909e+05 4.472200e+05 4.497206e+05 4.516278e+05 4.531080e+05 4.588078e+05 4.642751e+05 4.693492e+05 4.684659e+05
4.914096e+05 4.914096e+05 4.914096e+05 4.914096e+05 4.914096e+05 4.914098e+05 4.914105e+05 4.914132e+05 4.914152e+05 4.914176e+05 4.914237e+05 4.914315e+05 4.914406e+05 4.914498e+05 4.914532e+05 4.914359e+05 4.913678e+05 4.880798e+05 4.746799e+05 4.576012e+05 4.482157e+05 4.459873e+05 4.470340e+05 4.514097e+05 4.553873e+05 4.583934e+05 4.606116e+05 4.622556e+05 4.634816e+05 4.666361e+05 4.695860e+05 4.729389e+05 4.709816e+05
5.091750e+05 5.091750e+05 5.091750e+05 5.091750e+05 5.091751e+05 5.091752e+05 5.091756e+05 5.091774e+05 5.091787e+05 5.091803e+05 5.091844e+05 5.091896e+05 5.091959e+05 5.092018e+05 5.092013e+05 5.091783e+05 5.091012e+05 5.055745e+05 4.911515e+05 4.724320e+05 4.616599e+05 4.585301e+05 4.590044e+05 4.627080e+05 4.662749e+05 4.689703e+05 4.709216e+05 4.723190e+05 4.733081e+05 4.740921e+05 4.746525e+05 4.763466e+05 4.733682e+05
5.262992e+05 5.262992e+05 5.262992e+05 5.262992e+05 5.262992e+05 5.262994e+05 5.262998e+05 5.263014e+05 5.263027e+05 5.263041e+05 5.263077e+05 5.263121e+05 5.263170e+05 5.263209e+05 5.263174e+05 5.262896e+05 5.262042e+05 5.224427e+05 5.069991e+05 4.866340e+05 4.744663e+05 4.704286e+05 4.703278e+05 4.733635e+05 4.765311e+05 4.789308e+05 4.806320e+05 4.818007e+05 4.825711e+05 4.811652e+05 4.794704e+05 4.795710e+05 4.756236e+05
5.427522e+05 5.427522e+05 5.427522e+05 5.427522e+05 5.427522e+05 5.427522e+05 5.427523e+05 5.427527e+05 5.427530e+05 5.427533e+05 5.427541e+05 5.427552e+05 5.427563e+05 5.427559e+05 5.427473e+05 5.427130e+05 5.426178e+05 5.386177e+05 5.221562e+05 5.001508e+05 4.865922e+05 4.816511e+05 4.809803e+05 4.833602e+05 4.861431e+05 4.882635e+05 4.897320e+05 4.906899e+05 4.912600e+05 4.878475e+05 4.840359e+05 4.826113e+05 4.777463e+05
5.584166e+05 5.584166e+05 5.584166e+05 5.584166e+05 5.584166e+05 5.584167e+05 5.584167e+05 5.584170e+05 5.584171e+05 5.584172e+05 5.584172e+05 5.584170e+05 5.584164e+05 5.584135e+05 5.584015e+05 5.583620e+05 5.582582e+05 5.540258e+05 5.365619e+05 5.129396e+05 4.980106e+05 4.921807e+05 4.909510e+05 4.926928e+05 4.951071e+05 4.969644e+05 4.982171e+05 4.989818e+05 4.993696e+05 4.941329e+05 4.883465e+05 4.854671e+05 4.797351e+05
5.732519e+05 5.732519e+05 5.732519e+05 5.732519e+05 5.732519e+05 5.732518e+05 5.732516e+05 5.732506e+05 5.732499e+05 5.732490e+05 5.732467e+05 5.732436e+05 5.732398e+05 5.732333e+05 5.732170e+05 5.731716e+05 5.730589e+05 5.686021e+05 5.501667e+05 5.249721e+05 5.087089e+05 5.020137e+05 5.002403e+05 5.013644e+05 5.034263e+05 5.050361e+05 5.060889e+05 5.066768e+05 5.068993e+05 5.000179e+05 4.924003e+05 4.881388e+05 4.815891e+05
5.871657e+05 5.871657e+05 5.871657e+05 5.871657e+05 5.871657e+05 5.871656e+05 5.871654e+05 5.871643e+05 5.871635e+05 5.871624e+05 5.871597e+05 5.871562e+05 5.871515e+05 5.871439e+05 5.871260e+05 5.870775e+05 5.869588e+05 5.822985e+05 5.629396e+05 5.362365e+05 5.186874e+05 5.111560e+05 5.088567e+05 5.093843e+05 5.111091e+05 5.124857e+05 5.133532e+05 5.137796e+05 5.138526e+05 5.055005e+05 4.961962e+05 4.906268e+05 4.833082e+05
6.001762e+05 6.001762e+05 6.001762e+05 6.001762e+05 6.001762e+05 6.001761e+05 6.001758e+05 6.001744e+05 6.001734e+05 6.001721e+05 6.001688e+05 6.001645e+05 6.001590e+05 6.001504e+05 6.001309e+05 6.000798e+05 5.999558e+05 5.951068e+05 5.748751e+05 5.467356e+05 5.279552e+05 5.196195e+05 5.168130e+05 5.167655e+05 5.181674e+05 5.193238e+05 5.200193e+05 5.202981e+05 5.202362e+05 5.105811e+05 4.997342e+05 4.929324e+05 4.848923e+05
6.122948e+05 6.122948e+05 6.122948e+05 6.122948e+05 6.122948e+05 6.122946e+05 6.122943e+05 6.122928e+05 6.122917e+05 6.122904e+05 6.122869e+05 6.122823e+05 6.122765e+05 6.122674e+05 6.122470e+05 6.121940e+05 6.120655e+05 6.070416e+05 5.859861e+05 5.564821e+05 5.365259e+05 5.274186e+05 5.241239e+05 5.235224e+05 5.246153e+05 5.255635e+05 5.260989e+05 5.262428e+05 5.260596e+05 5.152619e+05 5.030148e+05 4.950570e+05 4.863420e+05
6.235547e+05 6.235547e+05 6.235547e+05 6.235547e+05 6.235547e+05 6.235546e+05 6.235542e+05 6.235527e+05 6.235515e+05 6.235501e+05 6.235464e+05 6.235416e+05 6.235354e+05 6.235259e+05 6.235047e+05 6.234499e+05 6.233174e+05 6.181292e+05 5.962947e+05 5.654937e+05 5.444150e+05 5.345684e+05 5.308048e+05 5.296708e+05 5.304680e+05 5.312191e+05 5.316056e+05 5.316263e+05 5.313343e+05 5.195465e+05 5.060395e+05 4.970025e+05 4.876579e+05
6.339870e+05 6.339870e+05 6.339870e+05 6.339870e+05 6.339870e+05 6.339869e+05 6.339865e+05 6.339849e+05 6.339837e+05 6.339822e+05 6.339783e+05 6.339733e+05 6.339669e+05 6.339570e+05 6.339352e+05 6.338788e+05 6.337425e+05 6.283997e+05 6.058264e+05 5.737906e+05 5.516399e+05 5.410857e+05 5.368725e+05 5.352276e+05 5.357419e+05 5.363065e+05 5.365543e+05 5.364627e+05 5.360736e+05 5.234404e+05 5.088105e+05 4.987710e+05 4.888413e+05
6.436234e+05 6.436234e+05 6.436234e+05 6.436234e+05 6.436234e+05 6.436233e+05 6.436228e+05 6.436212e+05 6.436199e+05 6.436184e+05 6.436144e+05 6.436092e+05 6.436025e+05 6.435923e+05 6.435699e+05 6.435120e+05 6.433723e+05 6.378833e+05 6.146077e+05 5.813948e+05 5.582205e+05 5.469893e+05 5.423453e+05 5.402102e+05 5.404539e+05 5.408419e+05 5.409609e+05 5.407671e+05 5.402920e+05 5.269504e+05 5.113307e+05 5.003653e+05 4.898936e+05
6.524941e+05 6.524941e+05 6.524941e+05 6.524941e+05 6.524941e+05 6.524940e+05 6.524936e+05 6.524918e+05 6.524905e+05 6.524889e+05 6.524849e+05 6.524796e+05 6.524729e+05 6.524626e+05 6.524399e+05 6.523809e+05 6.522381e+05 6.466107e+05 6.226648e+05 5.883284e+05 5.641767e+05 5.522982e+05 5.472415e+05 5.446360e+05 5.446210e+05 5.448422e+05 5.448418e+05 5.445560e+05 5.440052e+05 5.300845e+05 5.136037e+05 5.017882e+05 4.908165e+05
6.606361e+05 6.606361e+05 6.606361e+05 6.606361e+05 6.606361e+05 6.606360e+05 6.606356e+05 6.606340e+05 6.606328e+05 6.606313e+05 6.606274e+05 6.606225e+05 6.606160e+05 6.606059e+05 6.605830e+05 6.605231e+05 6.603774e+05 6.546143e+05 6.300220e+05 5.946104e+05 5.695259e+05 5.570295e+05 5.515781e+05 5.485222e+05 5.482604e+05 5.483247e+05 5.482145e+05 5.478463e+05 5.472302e+05 5.328522e+05 5.156336e+05 5.030428e+05 4.916120e+05
6.680965e+05 6.680965e+05 6.680965e+05 6.680965e+05 6.680965e+05 6.680963e+05 6.680959e+05 6.680943e+05 6.680930e+05 6.680914e+05 6.680873e+05 6.680817e+05 6.680743e+05 6.680627e+05 6.680377e+05 6.679745e+05 6.678233e+05 6.619136e+05 6.366908e+05 6.002522e+05 5.742815e+05 5.611978e+05 5.553706e+05 5.518850e+05 5.513892e+05 5.513071e+05 5.510970e+05 5.506562e+05 5.499847e+05 5.352636e+05 5.174252e+05 5.041327e+05 4.922823e+05
6.748541e+05 6.748541e+05 6.748541e+05 6.748541e+05 6.748541e+05 6.748538e+05 6.748530e+05 6.748496e+05 6.748470e+05 6.748438e+05 6.748358e+05 6.748256e+05 6.748129e+05 6.747957e+05 6.747644e+05 6.746940e+05 6.745337e+05 6.684713e+05 6.426529e+05 6.052540e+05 5.784530e+05 5.648165e+05 5.586338e+05 5.547414e+05 5.540255e+05 5.538082e+05 5.535083e+05 5.530048e+05 5.522876e+05 5.373300e+05 5.189838e+05 5.050613e+05 4.928298e+05
6.807184e+05 6.807184e+05 6.807184e+05 6.807184e+05 6.807184e+05 6.807182e+05 6.807173e+05 6.807138e+05 6.807112e+05 6.807079e+05 6.806997e+05 6.806892e+05 6.806761e+05 6.806581e+05 6.806258e+05 6.805534e+05 6.803896e+05 6.742139e+05 6.478785e+05 6.096148e+05 5.820515e+05 5.679007e+05 5.613847e+05 5.571096e+05 5.561887e+05 5.558479e+05 5.554687e+05 5.549122e+05 5.541588e+05 5.390634e+05 5.203152e+05 5.058328e+05 4.932573e+05
6.857031e+05 6.857031e+05 6.857031e+05 6.857031e+05 6.857031e+05 6.857029e+05 6.857023e+05 6.856998e+05 6.856979e+05 6.856955e+05 6.856894e+05 6.856814e+05 6.856711e+05 6.856561e+05 6.856267e+05 6.855569e+05 6.853945e+05 6.791456e+05 6.523781e+05 6.133509e+05 5.850957e+05 5.704699e+05 5.636430e+05 5.590103e+05 5.578999e+05 5.574478e+05 5.569997e+05 5.563998e+05 5.556190e+05 5.404763e+05 5.214257e+05 5.064510e+05 4.935674e+05
6.899666e+05 6.899666e+05 6.899666e+05 6.899666e+05 6.899666e+05 6.899664e+05 6.899658e+05 6.899632e+05 6.899613e+05 6.899589e+05 6.899529e+05 6.899452e+05 6.899353e+05 6.899211e+05 6.898926e+05 6.898236e+05 6.896612e+05 6.833486e+05 6.562058e+05 6.164975e+05 5.876121e+05 5.725476e+05 5.654316e+05 5.604665e+05 5.591824e+05 5.586310e+05 5.581241e+05 5.574896e+05 5.566899e+05 5.415819e+05 5.223219e+05 5.069203e+05 4.937631e+05
6.935679e+05 6.935679e+05 6.935679e+05 6.935679e+05 6.935679e+05 6.935678e+05 6.935672e+05 6.935650e+05 6.935634e+05 6.935613e+05 6.935560e+05 6.935491e+05 6.935404e+05 6.935273e+05 6.935000e+05 6.934320e+05 6.932699e+05 6.869005e+05 6.594201e+05 6.190922e+05 5.896283e+05 5.741585e+05 5.667748e+05 5.615030e+05 5.600611e+05 5.594221e+05 5.588659e+05 5.582051e+05 5.573938e+05 5.423938e+05 5.230106e+05 5.072451e+05 4.938476e+05
6.965835e+05 6.965835e+05 6.965835e+05 6.965835e+05 6.965835e+05 6.965834e+05 6.965829e+05 6.965808e+05 6.965793e+05 6.965775e+05 6.965727e+05 6.965665e+05 6.965585e+05 6.965464e+05 6.965201e+05 6.964528e+05 6.962906e+05 6.898652e+05 6.620683e+05 6.211668e+05 5.911696e+05 5.753271e+05 5.676979e+05 5.621462e+05 5.605623e+05 5.598467e+05 5.592496e+05 5.585697e+05 5.577533e+05 5.429258e+05 5.234992e+05 5.074298e+05 4.938240e+05
6.990785e+05 6.990785e+05 6.990785e+05 6.990785e+05 6.990785e+05 6.990783e+05 6.990778e+05 6.990758e+05 6.990742e+05 6.990722e+05 6.990672e+05 6.990605e+05 6.990518e+05 6.990387e+05 6.990110e+05 6.989419e+05 6.987769e+05 6.922844e+05 6.641819e+05 6.227479e+05 5.922628e+05 5.760814e+05 5.682293e+05 5.624243e+05 5.607133e+05 5.599309e+05 5.593003e+05 5.586074e+05 5.577914e+05 5.431918e+05 5.237950e+05 5.074791e+05 4.936955e+05
