0.000000e+00 0.000000e+00 0.000000e+00 0.000000e+00 1.177237e-259 1.312126e-55 2.904536e-29 1.652248e-15 1.209895e-12 1.077238e-10 3.459522e-08 1.269254e-06 1.544057e-05 9.888510e-05 4.215309e-04 1.368553e-03 3.692310e-03 1.589651e-01 2.274396e+00 1.240235e+01 3.550443e+01 6.758254e+01 1.002880e+02 1.529639e+02 1.912911e+02 2.215940e+02 2.463769e+02 2.665810e+02 2.828270e+02 3.332739e+02 3.436506e+02 3.644370e+02 3.867737e+02
0.000000e+00 0.000000e+00 0.000000e+00 0.000000e+00 3.103099e-249 3.037464e-54 9.379693e-29 2.575024e-15 1.686308e-12 1.402561e-10 4.166643e-08 1.464415e-06 1.733595e-05 1.089296e-04 4.577645e-04 1.469580e-03 3.928994e-03 1.650219e-01 2.338983e+00 1.267929e+01 3.614143e+01 6.856901e+01 1.014900e+02 1.542378e+02 1.924517e+02 2.226176e+02 2.472728e+02 2.673623e+02 2.835064e+02 3.334425e+02 3.437464e+02 3.645452e+02 3.868894e+02
0.000000e+00 0.000000e+00 0.000000e+00 0.000000e+00 4.474925e-237 3.677754e-52 6.723763e-28 5.335645e-15 2.825758e-12 2.074449e-10 5.391583e-08 1.768762e-06 2.008959e-05 1.227935e-04 5.058673e-04 1.599648e-03 4.226223e-03 1.720686e-01 2.411354e+00 1.298262e+01 3.682838e+01 6.962074e+01 1.027601e+02 1.555664e+02 1.936514e+02 2.236689e+02 2.481888e+02 2.681583e+02 2.841966e+02 3.336119e+02 3.438427e+02 3.646539e+02 3.870057e+02
0.000000e+00 0.000000e+00 0.000000e+00 0.000000e+00 9.928289e-225 6.705608e-50 6.804877e-27 1.347877e-14 5.567456e-12 3.478752e-10 7.496785e-08 2.236757e-06 2.403832e-05 1.417198e-04 5.691460e-04 1.765833e-03 4.597083e-03 1.802403e-01 2.492295e+00 1.331446e+01 3.756855e+01 7.074127e+01 1.041015e+02 1.569516e+02 1.948910e+02 2.247484e+02 2.491248e+02 2.689690e+02 2.848975e+02 3.337821e+02 3.439395e+02 3.647632e+02 3.871225e+02
0.000000e+00 0.000000e+00 0.000000e+00 0.000000e+00 2.628194e-212 1.451795e-47 8.141117e-26 3.824818e-14 1.205951e-11 6.358222e-10 1.117163e-07 2.963468e-06 2.969145e-05 1.674299e-04 6.519202e-04 1.976998e-03 5.057463e-03 1.896883e-01 2.582661e+00 1.367706e+01 3.836540e+01 7.193429e+01 1.055173e+02 1.583950e+02 1.961713e+02 2.258563e+02 2.500812e+02 2.697943e+02 2.856093e+02 3.339530e+02 3.440367e+02 3.648732e+02 3.872398e+02
0.000000e+00 0.000000e+00 0.000000e+00 0.000000e+00 7.664342e-200 3.458654e-45 1.067385e-24 1.181908e-13 2.800808e-11 1.230140e-09 1.745733e-07 4.097297e-06 3.789809e-05 2.025091e-04 7.601729e-04 2.244757e-03 5.627344e-03 2.005835e-01 2.683377e+00 1.407282e+01 3.922253e+01 7.320364e+01 1.070108e+02 1.598985e+02 1.974932e+02 2.269930e+02 2.510579e+02 2.706344e+02 2.863319e+02 3.341248e+02 3.441345e+02 3.649837e+02 3.873576e+02
0.000000e+00 0.000000e+00 0.000000e+00 0.000000e+00 2.376198e-187 8.756506e-43 1.484361e-23 3.870960e-13 6.869347e-11 2.493717e-09 2.822129e-07 5.838100e-06 4.975971e-05 2.509506e-04 9.028138e-04 2.585098e-03 6.332872e-03 2.131227e-01 2.795464e+00 1.450430e+01 4.014375e+01 7.455333e+01 1.085855e+02 1.614637e+02 1.988574e+02 2.281589e+02 2.520553e+02 2.714893e+02 2.870653e+02 3.342973e+02 3.442328e+02 3.650947e+02 3.874759e+02
0.000000e+00 0.000000e+00 0.000000e+00 0.000000e+00 7.684943e-175 2.312246e-40 2.151118e-22 1.319553e-12 1.753715e-10 5.250241e-09 4.694707e-07 8.509339e-06 6.670912e-05 3.172182e-04 1.092014e-03 3.021489e-03 7.209751e-03 2.275364e-01 2.920046e+00 1.497427e+01 4.113309e+01 7.598752e+01 1.102447e+02 1.630925e+02 2.002647e+02 2.293543e+02 2.530733e+02 2.723590e+02 2.878096e+02 3.344706e+02 3.443317e+02 3.652064e+02 3.875947e+02
0.000000e+00 0.000000e+00 0.000000e+00 2.064950e-316 2.563482e-162 6.297011e-38 3.213709e-21 4.631081e-12 4.610711e-10 1.138231e-08 8.008185e-07 1.264463e-05 9.090192e-05 4.071682e-04 1.340442e-03 3.581404e-03 8.308666e-03 2.441001e-01 3.058383e+00 1.548572e+01 4.219483e+01 7.751057e+01 1.119921e+02 1.647866e+02 2.017159e+02 2.305795e+02 2.541121e+02 2.732436e+02 2.885646e+02 3.346446e+02 3.444310e+02 3.653187e+02 3.877140e+02
0.000000e+00 0.000000e+00 0.000000e+00 3.626342e-291 8.755456e-150 1.755800e-35 4.914666e-20 1.662033e-11 1.239515e-09 2.523799e-08 1.395414e-06 1.911951e-05 1.256106e-04 5.291086e-04 1.664821e-03 4.293561e-03 9.680347e-03 2.631487e-01 3.211899e+00 1.604191e+01 4.333351e+01 7.912703e+01 1.138314e+02 1.665479e+02 2.032117e+02 2.318348e+02 2.551718e+02 2.741431e+02 2.893303e+02 3.348194e+02 3.445309e+02 3.654315e+02 3.878338e+02
0.000000e+00 0.000000e+00 0.000000e+00 5.142637e-266 3.046629e-137 4.987665e-33 7.656116e-19 6.071827e-11 3.391212e-09 5.695546e-08 2.474564e-06 2.936376e-05 1.757885e-04 6.949111e-04 2.087805e-03 5.195440e-03 1.138073e-02 2.850979e-01 3.382220e+00 1.664640e+01 4.455401e+01 8.084172e+01 1.157665e+02 1.683782e+02 2.047530e+02 2.331204e+02 2.562525e+02 2.750574e+02 2.901068e+02 3.349949e+02 3.446312e+02 3.655450e+02 3.879542e+02
2.069039e-220 1.732279e-53 3.291949e-32 2.905126e-14 1.358681e-11 2.798172e-08 1.078527e-06 4.255259e-05 1.305416e-04 3.172047e-04 1.232262e-03 3.436890e-03 7.852652e-03 1.567599e-02 2.836909e-02 4.779099e-02 7.681265e-02 8.007932e-01 6.593227e+00 2.652262e+01 6.268284e+01 1.046881e+02 1.413605e+02 1.908892e+02 2.228083e+02 2.476904e+02 2.682178e+02 2.850096e+02 2.984498e+02 3.367877e+02 3.456643e+02 3.667132e+02 3.891863e+02
1.047329e-01 1.047765e-01 1.047793e-01 1.047872e-01 1.048124e-01 1.055987e-01 1.080275e-01 1.179241e-01 1.255580e-01 1.351357e-01 1.607166e-01 1.959394e-01 2.419760e-01 2.997613e-01 3.704734e-01 4.572720e-01 5.688241e-01 2.778085e+00 1.561210e+01 4.946131e+01 9.916519e+01 1.472146e+02 1.826888e+02 2.225443e+02 2.460868e+02 2.654464e+02 2.822551e+02 2.963723e+02 3.077819e+02 3.386417e+02 3.467521e+02 3.679446e+02 3.904717e+02
1.590269e+00 1.590154e+00 1.590155e+00 1.590185e+00 1.590280e+00 1.593397e+00 1.603251e+00 1.641930e+00 1.669428e+00 1.701298e+00 1.775918e+00 1.863138e+00 1.962595e+00 2.077115e+00 2.218180e+00 2.415907e+00 2.729318e+00 1.027973e+01 4.124236e+01 1.010470e+02 1.695934e+02 2.211009e+02 2.487476e+02 2.663227e+02 2.751963e+02 2.863994e+02 2.982384e+02 3.090043e+02 3.179781e+02 3.405452e+02 3.478977e+02 3.692424e+02 3.918122e+02
5.353644e+00 5.353696e+00 5.353697e+00 5.353723e+00 5.353804e+00 5.356376e+00 5.364272e+00 5.395346e+00 5.418313e+00 5.446054e+00 5.515582e+00 5.606667e+00 5.741812e+00 5.997735e+00 6.535188e+00 7.598994e+00 9.489023e+00 4.095263e+01 1.174636e+02 2.179498e+02 3.007508e+02 3.409505e+02 3.461525e+02 3.242894e+02 3.110926e+02 3.106415e+02 3.160484e+02 3.227581e+02 3.289049e+02 3.424869e+02 3.491042e+02 3.706097e+02 3.932094e+02
1.112723e+01 1.112724e+01 1.112724e+01 1.112726e+01 1.112732e+01 1.112941e+01 1.113658e+01 1.117144e+01 1.120039e+01 1.124123e+01 1.145316e+01 1.228387e+01 1.462863e+01 1.949319e+01 2.767431e+01 3.961725e+01 5.542160e+01 1.814346e+02 3.399850e+02 4.695113e+02 5.288960e+02 5.199930e+02 4.769043e+02 3.936768e+02 3.527419e+02 3.384922e+02 3.358188e+02 3.375947e+02 3.404860e+02 3.444571e+02 3.503754e+02 3.720500e+02 3.946652e+02
1.994710e+01 1.994710e+01 1.994710e+01 1.994715e+01 1.994729e+01 1.997452e+01 2.142460e+01 4.138976e+01 6.102974e+01 8.550684e+01 1.433778e+02 2.064580e+02 2.700647e+02 3.319171e+02 3.909940e+02 4.469078e+02 4.995815e+02 7.173295e+02 8.598693e+02 9.097483e+02 8.606688e+02 7.497320e+02 6.309444e+02 4.686226e+02 3.970387e+02 3.685846e+02 3.576508e+02 3.537876e+02 3.527941e+02 3.464490e+02 3.517157e+02 3.735668e+02 3.961812e+02
1.904819e+03 1.904819e+03 1.904819e+03 1.904812e+03 1.904792e+03 1.904130e+03 1.902061e+03 1.893528e+03 1.886785e+03 1.878280e+03 1.856479e+03 1.830157e+03 1.801903e+03 1.773818e+03 1.747253e+03 1.722914e+03 1.701053e+03 1.621706e+03 1.548201e+03 1.417502e+03 1.213147e+03 9.822967e+02 7.829080e+02 5.417942e+02 4.410249e+02 3.992524e+02 3.805193e+02 3.712528e+02 3.661554e+02 3.484615e+02 3.531304e+02 3.751637e+02 3.977592e+02
2.248319e+03 2.248319e+03 2.248319e+03 2.248317e+03 2.248312e+03 2.248175e+03 2.247794e+03 2.246345e+03 2.245258e+03 2.243905e+03 2.240300e+03 2.235296e+03 2.228666e+03 2.220260e+03 2.210052e+03 2.198134e+03 2.184676e+03 2.098610e+03 1.969322e+03 1.758772e+03 1.467810e+03 1.161601e+03 9.074390e+02 6.079058e+02 4.830162e+02 4.294603e+02 4.036090e+02 3.893056e+02 3.803342e+02 3.505000e+02 3.546256e+02 3.768445e+02 3.994008e+02
2.217981e+03 2.217981e+03 2.217981e+03 2.217981e+03 2.217980e+03 2.217942e+03 2.217826e+03 2.217409e+03 2.217134e+03 2.216822e+03 2.216083e+03 2.215168e+03 2.214030e+03 2.212600e+03 2.210790e+03 2.208500e+03 2.205614e+03 2.175717e+03 2.088699e+03 1.895962e+03 1.599883e+03 1.275037e+03 9.993074e+02 6.667102e+02 5.231913e+02 4.590580e+02 4.265387e+02 4.075048e+02 3.948847e+02 3.525792e+02 3.562088e+02 3.786133e+02 4.011076e+02
2.147671e+03 2.147671e+03 2.147672e+03 2.147672e+03 2.147673e+03 2.147697e+03 2.147770e+03 2.147988e+03 2.148103e+03 2.148211e+03 2.148402e+03 2.148563e+03 2.148703e+03 2.148826e+03 2.148932e+03 2.149008e+03 2.149012e+03 2.142450e+03 2.090755e+03 1.935301e+03 1.666083e+03 1.351645e+03 1.073459e+03 7.228165e+02 5.633122e+02 4.886840e+02 4.493828e+02 4.256650e+02 4.095353e+02 3.547246e+02 3.578886e+02 3.804743e+02 4.028813e+02
2.094685e+03 2.094685e+03 2.094685e+03 2.094685e+03 2.094685e+03 2.094704e+03 2.094764e+03 2.095023e+03 2.095238e+03 2.095515e+03 2.096249e+03 2.097205e+03 2.098369e+03 2.099740e+03 2.101335e+03 2.103169e+03 2.105245e+03 2.115216e+03 2.091962e+03 1.971691e+03 1.731651e+03 1.430887e+03 1.152117e+03 7.831842e+02 6.059372e+02 5.194232e+02 4.725550e+02 4.438427e+02 4.241696e+02 3.569742e+02 3.596752e+02 3.824318e+02 4.047235e+02
2.095883e+03 2.095883e+03 2.095883e+03 2.095883e+03 2.095884e+03 2.095897e+03 2.095942e+03 2.096174e+03 2.096406e+03 2.096755e+03 2.097904e+03 2.099763e+03 2.102395e+03 2.105820e+03 2.110034e+03 2.115019e+03 2.120734e+03 2.154865e+03 2.162195e+03 2.071087e+03 1.847893e+03 1.546873e+03 1.255817e+03 8.546767e+02 6.536336e+02 5.524421e+02 4.966256e+02 4.622684e+02 4.388143e+02 3.593810e+02 3.615805e+02 3.844904e+02 4.066358e+02
2.217742e+03 2.217742e+03 2.217743e+03 2.217744e+03 2.217747e+03 2.217868e+03 2.218247e+03 2.219852e+03 2.221131e+03 2.222746e+03 2.226979e+03 2.232480e+03 2.239144e+03 2.246882e+03 2.255628e+03 2.265328e+03 2.275914e+03 2.335806e+03 2.366664e+03 2.286623e+03 2.053617e+03 1.724955e+03 1.399892e+03 9.425666e+02 7.084395e+02 5.887314e+02 5.221614e+02 4.812582e+02 4.536057e+02 3.620182e+02 3.636183e+02 3.866552e+02 4.086197e+02
2.588177e+03 2.588177e+03 2.588177e+03 2.588178e+03 2.588180e+03 2.588311e+03 2.588792e+03 2.590821e+03 2.592369e+03 2.594266e+03 2.599072e+03 2.605161e+03 2.612467e+03 2.620942e+03 2.630551e+03 2.641254e+03 2.652983e+03 2.719563e+03 2.751035e+03 2.650920e+03 2.370628e+03 1.978745e+03 1.592480e+03 1.049781e+03 7.716010e+02 6.289839e+02 5.496335e+02 5.011398e+02 4.687450e+02 3.649966e+02 3.658042e+02 3.889311e+02 4.106766e+02
3.189829e+03 3.189829e+03 3.189829e+03 3.189831e+03 3.189836e+03 3.190010e+03 3.190514e+03 3.192305e+03 3.193567e+03 3.195073e+03 3.198838e+03 3.203662e+03 3.209600e+03 3.216675e+03 3.224883e+03 3.234187e+03 3.244511e+03 3.302422e+03 3.312867e+03 3.162142e+03 2.797801e+03 2.307855e+03 1.833710e+03 1.176789e+03 8.435668e+02 6.735934e+02 5.793933e+02 5.222132e+02 4.844606e+02 3.683542e+02 3.681561e+02 3.913236e+02 4.128081e+02
3.944274e+03 3.944274e+03 3.944274e+03 3.944276e+03 3.944280e+03 3.944405e+03 3.944791e+03 3.946282e+03 3.947376e+03 3.948695e+03 3.952000e+03 3.956182e+03 3.961240e+03 3.967170e+03 3.973964e+03 3.981596e+03 3.989994e+03 4.033436e+03 4.011037e+03 3.789799e+03 3.315058e+03 2.700575e+03 2.117395e+03 1.322223e+03 9.242191e+02 7.227479e+02 6.117016e+02 5.447428e+02 5.009848e+02 3.720444e+02 3.706943e+02 3.938386e+02 4.150155e+02
4.786674e+03 4.786674e+03 4.786674e+03 4.786675e+03 4.786679e+03 4.786789e+03 4.787108e+03 4.788315e+03 4.789196e+03 4.790257e+03 4.792891e+03 4.796172e+03 4.800071e+03 4.804579e+03 4.809697e+03 4.815418e+03 4.821681e+03 4.849826e+03 4.792205e+03 4.493197e+03 3.895153e+03 3.140835e+03 2.434938e+03 1.484069e+03 1.013271e+03 7.765774e+02 6.467848e+02 5.689700e+02 5.185438e+02 3.760462e+02 3.734417e+02 3.964820e+02 4.173004e+02
5.656178e+03 5.656178e+03 5.656178e+03 5.656178e+03 5.656178e+03 5.656182e+03 5.656222e+03 5.656579e+03 5.656927e+03 5.657400e+03 5.658756e+03 5.660704e+03 5.663286e+03 5.666519e+03 5.670408e+03 5.674924e+03 5.679977e+03 5.699243e+03 5.612827e+03 5.239284e+03 4.516075e+03 3.615848e+03 2.779721e+03 1.661022e+03 1.110700e+03 8.353065e+02 6.848924e+02 5.951317e+02 5.373553e+02 3.803505e+02 3.764241e+02 3.992604e+02 4.196641e+02
6.512328e+03 6.512328e+03 6.512328e+03 6.512329e+03 6.512331e+03 6.512401e+03 6.512617e+03 6.513483e+03 6.514138e+03 6.514947e+03 6.517051e+03 6.519820e+03 6.523260e+03 6.527358e+03 6.532090e+03 6.537401e+03 6.543170e+03 6.562457e+03 6.455734e+03 6.014800e+03 5.169557e+03 4.121608e+03 3.150386e+03 1.853534e+03 1.217073e+03 8.993590e+02 7.263328e+02 6.234709e+02 5.576274e+02 3.849569e+02 3.796709e+02 4.021806e+02 4.221079e+02
7.396775e+03 7.396775e+03 7.396775e+03 7.396776e+03 7.396780e+03 7.396891e+03 7.397236e+03 7.398566e+03 7.399528e+03 7.400673e+03 7.403460e+03 7.406832e+03 7.410727e+03 7.415123e+03 7.420026e+03 7.425437e+03 7.431288e+03 7.450365e+03 7.328904e+03 6.827815e+03 5.863703e+03 4.665165e+03 3.552348e+03 2.064270e+03 1.333651e+03 9.693740e+02 7.714711e+02 6.542332e+02 5.795534e+02 3.898729e+02 3.832169e+02 4.052498e+02 4.246333e+02
8.315886e+03 8.315886e+03 8.315886e+03 8.315886e+03 8.315886e+03 8.315878e+03 8.315858e+03 8.315941e+03 8.316133e+03 8.316469e+03 8.317659e+03 8.319680e+03 8.322674e+03 8.326756e+03 8.332003e+03 8.338428e+03 8.345931e+03 8.378842e+03 8.258868e+03 7.707649e+03 6.623894e+03 5.265036e+03 3.997742e+03 2.297848e+03 1.462222e+03 1.046115e+03 8.206848e+02 6.876450e+02 6.033016e+02 3.951138e+02 3.871085e+02 4.084758e+02 4.272416e+02
9.253648e+03 9.253648e+03 9.253648e+03 9.253651e+03 9.253660e+03 9.253953e+03 9.254865e+03 9.258421e+03 9.261000e+03 9.264081e+03 9.271662e+03 9.281003e+03 9.291955e+03 9.304393e+03 9.318212e+03 9.333302e+03 9.349473e+03 9.422300e+03 9.316676e+03 8.713508e+03 7.493334e+03 5.949220e+03 4.503307e+03 2.559756e+03 1.604643e+03 1.130284e+03 8.742851e+02 7.238812e+02 6.290004e+02 4.007024e+02 3.913811e+02 4.118667e+02 4.299341e+02
1.053984e+04 1.053984e+04 1.053984e+04 1.053984e+04 1.053985e+04 1.054004e+04 1.054061e+04 1.054294e+04 1.054470e+04 1.054688e+04 1.055255e+04 1.056006e+04 1.056953e+04 1.058103e+04 1.059461e+04 1.061023e+04 1.062771e+04 1.071400e+04 1.060232e+04 9.918027e+03 8.520104e+03 6.746426e+03 5.084944e+03 2.854471e+03 1.762197e+03 1.222282e+03 9.324266e+02 7.630297e+02 6.567266e+02 4.066676e+02 3.960203e+02 4.154314e+02 4.327123e+02
1.208767e+04 1.208767e+04 1.208767e+04 1.208767e+04 1.208768e+04 1.208805e+04 1.208912e+04 1.209317e+04 1.209615e+04 1.209977e+04 1.210889e+04 1.212048e+04 1.213445e+04 1.215070e+04 1.216914e+04 1.218960e+04 1.221181e+04 1.231443e+04 1.217639e+04 1.136793e+04 9.733918e+03 7.672787e+03 5.750427e+03 3.183348e+03 1.934957e+03 1.322012e+03 9.950387e+02 8.050690e+02 6.864977e+02 4.130443e+02 4.010194e+02 4.191794e+02 4.355774e+02
1.406601e+04 1.406601e+04 1.406601e+04 1.406601e+04 1.406602e+04 1.406628e+04 1.406708e+04 1.407033e+04 1.407279e+04 1.407585e+04 1.408375e+04 1.409402e+04 1.410658e+04 1.412135e+04 1.413821e+04 1.415695e+04 1.417724e+04 1.426115e+04 1.405377e+04 1.306478e+04 1.112981e+04 8.721652e+03 6.493863e+03 3.543229e+03 2.121440e+03 1.428787e+03 1.061810e+03 8.498691e+02 7.182776e+02 4.198717e+02 4.063752e+02 4.231209e+02 4.385309e+02
1.638028e+04 1.638028e+04 1.638028e+04 1.638028e+04 1.638029e+04 1.638044e+04 1.638092e+04 1.638282e+04 1.638424e+04 1.638598e+04 1.639042e+04 1.639619e+04 1.640332e+04 1.641183e+04 1.642171e+04 1.643285e+04 1.644497e+04 1.647565e+04 1.615982e+04 1.494449e+04 1.265931e+04 9.860296e+03 7.294739e+03 3.926588e+03 2.318779e+03 1.541437e+03 1.132240e+03 8.972207e+02 7.519932e+02 4.271925e+02 4.120863e+02 4.272676e+02 4.415743e+02
1.876046e+04 1.876046e+04 1.876046e+04 1.876046e+04 1.876047e+04 1.876059e+04 1.876097e+04 1.876236e+04 1.876331e+04 1.876439e+04 1.876696e+04 1.877003e+04 1.877360e+04 1.877768e+04 1.878228e+04 1.878731e+04 1.879249e+04 1.877222e+04 1.834408e+04 1.689280e+04 1.424350e+04 1.103902e+04 8.123584e+03 4.323490e+03 2.523416e+03 1.658572e+03 1.205757e+03 9.468887e+02 7.875612e+02 4.350516e+02 4.181515e+02 4.316331e+02 4.447090e+02
2.103975e+04 2.103975e+04 2.103975e+04 2.103975e+04 2.103975e+04 2.103975e+04 2.103974e+04 2.103971e+04 2.103968e+04 2.103965e+04 2.103958e+04 2.103952e+04 2.103951e+04 2.103962e+04 2.103988e+04 2.104025e+04 2.104041e+04 2.098444e+04 2.046499e+04 1.880033e+04 1.580666e+04 1.221033e+04 8.952426e+03 4.724651e+03 2.732079e+03 1.778942e+03 1.281856e+03 9.986754e+02 8.249191e+02 4.434953e+02 4.245704e+02 4.362354e+02 4.479366e+02
2.308036e+04 2.308036e+04 2.308036e+04 2.308036e+04 2.308036e+04 2.308039e+04 2.308046e+04 2.308071e+04 2.308088e+04 2.308108e+04 2.308155e+04 2.308213e+04 2.308284e+04 2.308369e+04 2.308467e+04 2.308568e+04 2.308635e+04 2.302447e+04 2.244740e+04 2.060690e+04 1.730543e+04 1.334605e+04 9.764188e+03 5.124179e+03 2.942656e+03 1.901742e+03 1.360230e+03 1.052475e+03 8.640513e+02 4.525701e+02 4.313426e+02 4.410946e+02 4.512590e+02
2.494564e+04 2.494564e+04 2.494564e+04 2.494564e+04 2.494564e+04 2.494571e+04 2.494592e+04 2.494674e+04 2.494733e+04 2.494802e+04 2.494971e+04 2.495178e+04 2.495423e+04 2.495706e+04 2.496023e+04 2.496361e+04 2.496676e+04 2.491318e+04 2.430070e+04 2.231441e+04 1.873797e+04 1.444334e+04 1.055635e+04 5.520816e+03 3.154630e+03 2.026783e+03 1.440834e+03 1.108308e+03 9.050059e+02 4.623226e+02 4.384680e+02 4.461989e+02 4.546780e+02
2.673358e+04 2.673358e+04 2.673358e+04 2.673359e+04 2.673359e+04 2.673367e+04 2.673393e+04 2.673496e+04 2.673573e+04 2.673665e+04 2.673899e+04 2.674198e+04 2.674563e+04 2.674997e+04 2.675497e+04 2.676049e+04 2.676604e+04 2.672309e+04 2.608348e+04 2.396618e+04 2.013293e+04 1.551932e+04 1.133849e+04 5.917456e+03 3.368978e+03 2.154478e+03 1.523890e+03 1.166324e+03 9.478992e+02 4.727980e+02 4.459465e+02 4.515360e+02 4.581957e+02
2.851190e+04 2.851190e+04 2.851190e+04 2.851190e+04 2.851190e+04 2.851204e+04 2.851248e+04 2.851420e+04 2.851547e+04 2.851701e+04 2.852084e+04 2.852564e+04 2.853140e+04 2.853809e+04 2.854566e+04 2.855396e+04 2.856247e+04 2.853192e+04 2.786661e+04 2.562023e+04 2.153221e+04 1.660097e+04 1.212675e+04 6.319546e+03 3.587694e+03 2.285677e+03 1.609831e+03 1.226782e+03 9.929080e+02 4.840406e+02 4.537779e+02 4.570966e+02 4.618146e+02
3.037615e+04 3.037615e+04 3.037615e+04 3.037616e+04 3.037616e+04 3.037631e+04 3.037676e+04 3.037856e+04 3.037990e+04 3.038154e+04 3.038571e+04 3.039108e+04 3.039768e+04 3.040552e+04 3.041459e+04 3.042469e+04 3.043530e+04 3.041366e+04 2.971764e+04 2.733307e+04 2.297769e+04 1.771604e+04 1.293821e+04 6.733206e+03 3.813156e+03 2.421450e+03 1.699218e+03 1.290017e+03 1.040256e+03 4.960925e+02 4.619622e+02 4.628715e+02 4.655380e+02
3.236505e+04 3.236505e+04 3.236505e+04 3.236506e+04 3.236506e+04 3.236528e+04 3.236595e+04 3.236860e+04 3.237057e+04 3.237295e+04 3.237889e+04 3.238635e+04 3.239525e+04 3.240555e+04 3.241714e+04 3.242979e+04 3.244290e+04 3.242744e+04 3.169023e+04 2.914881e+04 2.450186e+04 1.888621e+04 1.378648e+04 7.163660e+03 4.047578e+03 2.562882e+03 1.792657e+03 1.356407e+03 1.090199e+03 5.089938e+02 4.704988e+02 4.688517e+02 4.693697e+02
3.457227e+04 3.457227e+04 3.457227e+04 3.457227e+04 3.457227e+04 3.457241e+04 3.457284e+04 3.457460e+04 3.457595e+04 3.457763e+04 3.458201e+04 3.458780e+04 3.459501e+04 3.460366e+04 3.461370e+04 3.462492e+04 3.463668e+04 3.460970e+04 3.381227e+04 3.108894e+04 2.612051e+04 2.012246e+04 1.467898e+04 7.614320e+03 4.292698e+03 2.710955e+03 1.890752e+03 1.426350e+03 1.143014e+03 5.227819e+02 4.793872e+02 4.750279e+02 4.733160e+02
3.691710e+04 3.691710e+04 3.691710e+04 3.691710e+04 3.691711e+04 3.691729e+04 3.691786e+04 3.692008e+04 3.692170e+04 3.692367e+04 3.692859e+04 3.693483e+04 3.694235e+04 3.695111e+04 3.696103e+04 3.697186e+04 3.698293e+04 3.694161e+04 3.607190e+04 3.314605e+04 2.783001e+04 2.142402e+04 1.561652e+04 8.086775e+03 4.549770e+03 2.866534e+03 1.994093e+03 1.500255e+03 1.198990e+03 5.374914e+02 4.886260e+02 4.813902e+02 4.773867e+02
3.940381e+04 3.940381e+04 3.940381e+04 3.940381e+04 3.940381e+04 3.940391e+04 3.940427e+04 3.940575e+04 3.940687e+04 3.940825e+04 3.941177e+04 3.941629e+04 3.942180e+04 3.942827e+04 3.943565e+04 3.944367e+04 3.945164e+04 3.938501e+04 3.843287e+04 3.529240e+04 2.961320e+04 2.278241e+04 1.659601e+04 8.581704e+03 4.819861e+03 3.030465e+03 2.103282e+03 1.578545e+03 1.258430e+03 5.531532e+02 4.982134e+02 4.879283e+02 4.815743e+02
4.193651e+04 4.193651e+04 4.193651e+04 4.193651e+04 4.193651e+04 4.193657e+04 4.193678e+04 4.193759e+04 4.193818e+04 4.193890e+04 4.194073e+04 4.194307e+04 4.194596e+04 4.194945e+04 4.195356e+04 4.195815e+04 4.196254e+04 4.187185e+04 4.084365e+04 3.749441e+04 3.145207e+04 2.419009e+04 1.761550e+04 9.100415e+03 5.104303e+03 3.203700e+03 2.218968e+03 1.661666e+03 1.321649e+03 5.697947e+02 5.081466e+02 4.946316e+02 4.858658e+02
4.439420e+04 4.439420e+04 4.439420e+04 4.439420e+04 4.439420e+04 4.439426e+04 4.439443e+04 4.439516e+04 4.439574e+04 4.439650e+04 4.439867e+04 4.440182e+04 4.440607e+04 4.441145e+04 4.441795e+04 4.442533e+04 4.443282e+04 4.435333e+04 4.328055e+04 3.974448e+04 3.334773e+04 2.565162e+04 1.867998e+04 9.646302e+03 5.405061e+03 3.387400e+03 2.341872e+03 1.750091e+03 1.388969e+03 5.874392e+02 5.184219e+02 5.014888e+02 4.902506e+02
4.686568e+04 4.686568e+04 4.686568e+04 4.686569e+04 4.686569e+04 4.686594e+04 4.686670e+04 4.686975e+04 4.687204e+04 4.687482e+04 4.688184e+04 4.689071e+04 4.690129e+04 4.691346e+04 4.692705e+04 4.694172e+04 4.695659e+04 4.690725e+04 4.580504e+04 4.208949e+04 3.533382e+04 2.718957e+04 1.980396e+04 1.022529e+04 5.724802e+03 3.582928e+03 2.472775e+03 1.844307e+03 1.460716e+03 6.061052e+02 5.290340e+02 5.084882e+02 4.947192e+02
4.962139e+04 4.962139e+04 4.962139e+04 4.962139e+04 4.962140e+04 4.962160e+04 4.962224e+04 4.962478e+04 4.962669e+04 4.962902e+04 4.963498e+04 4.964274e+04 4.965236e+04 4.966390e+04 4.967736e+04 4.969248e+04 4.970840e+04 4.966607e+04 4.851962e+04 4.460619e+04 3.746357e+04 2.883792e+04 2.100805e+04 1.084484e+04 6.066558e+03 3.791723e+03 2.612461e+03 1.944791e+03 1.537200e+03 6.258062e+02 5.399765e+02 5.156177e+02 4.992619e+02
5.260590e+04 5.260590e+04 5.260590e+04 5.260590e+04 5.260592e+04 5.260625e+04 5.260729e+04 5.261135e+04 5.261430e+04 5.261784e+04 5.262664e+04 5.263771e+04 5.265104e+04 5.266662e+04 5.268438e+04 5.270401e+04 5.272458e+04 5.269902e+04 5.150161e+04 4.736287e+04 3.978769e+04 3.062978e+04 2.231228e+04 1.151204e+04 6.433135e+03 4.015101e+03 2.761647e+03 2.051979e+03 1.618709e+03 6.465502e+02 5.512413e+02 5.228649e+02 5.038693e+02
5.596889e+04 5.596889e+04 5.596889e+04 5.596890e+04 5.596891e+04 5.596924e+04 5.597030e+04 5.597452e+04 5.597769e+04 5.598157e+04 5.599147e+04 5.600419e+04 5.601971e+04 5.603799e+04 5.605887e+04 5.608194e+04 5.610613e+04 5.608942e+04 5.481969e+04 5.041216e+04 4.234243e+04 3.258784e+04 2.373010e+04 1.223168e+04 6.826536e+03 4.254068e+03 2.920916e+03 2.166242e+03 1.705493e+03 6.683391e+02 5.628185e+02 5.302169e+02 5.085317e+02
5.979785e+04 5.979785e+04 5.979785e+04 5.979785e+04 5.979786e+04 5.979822e+04 5.979931e+04 5.980370e+04 5.980698e+04 5.981097e+04 5.982101e+04 5.983369e+04 5.984888e+04 5.986647e+04 5.988629e+04 5.990793e+04 5.993027e+04 5.988899e+04 5.850374e+04 5.376955e+04 4.513542e+04 3.471607e+04 2.526398e+04 1.300513e+04 7.247667e+03 4.509238e+03 3.090690e+03 2.287874e+03 1.797759e+03 6.911686e+02 5.746964e+02 5.376604e+02 5.132395e+02
6.404053e+04 6.404053e+04 6.404053e+04 6.404053e+04 6.404054e+04 6.404073e+04 6.404131e+04 6.404365e+04 6.404541e+04 6.404756e+04 6.405311e+04 6.406039e+04 6.406950e+04 6.408045e+04 6.409321e+04 6.410741e+04 6.412192e+04 6.402661e+04 6.249326e+04 5.738925e+04 4.813652e+04 3.699721e+04 2.690507e+04 1.383068e+04 7.696511e+03 4.780904e+03 3.271257e+03 2.417101e+03 1.895674e+03 7.150272e+02 5.868612e+02 5.451820e+02 5.179828e+02
6.842047e+04 6.842047e+04 6.842047e+04 6.842047e+04 6.842047e+04 6.842060e+04 6.842099e+04 6.842259e+04 6.842383e+04 6.842538e+04 6.842941e+04 6.843469e+04 6.844124e+04 6.844910e+04 6.845823e+04 6.846829e+04 6.847815e+04 6.834274e+04 6.666913e+04 6.118971e+04 5.129592e+04 3.940406e+04 2.863975e+04 1.470549e+04 8.172729e+03 5.069233e+03 3.462839e+03 2.554109e+03 1.999372e+03 7.398962e+02 5.992970e+02 5.527680e+02 5.227516e+02
7.281164e+04 7.281164e+04 7.281164e+04 7.281164e+04 7.281164e+04 7.281177e+04 7.281215e+04 7.281370e+04 7.281491e+04 7.281644e+04 7.282055e+04 7.282614e+04 7.283330e+04 7.284204e+04 7.285233e+04 7.286376e+04 7.287508e+04 7.273475e+04 7.095378e+04 6.511795e+04 5.458170e+04 4.191970e+04 3.045996e+04 1.562824e+04 8.676392e+03 5.374489e+03 3.665665e+03 2.699059e+03 2.108962e+03 7.657495e+02 6.119859e+02 5.604043e+02 5.275361e+02
7.725470e+04 7.725470e+04 7.725470e+04 7.725470e+04 7.725471e+04 7.725499e+04 7.725585e+04 7.725929e+04 7.726187e+04 7.726502e+04 7.727300e+04 7.728317e+04 7.729546e+04 7.730978e+04 7.732595e+04 7.734346e+04 7.736092e+04 7.723865e+04 7.537069e+04 6.918867e+04 5.800323e+04 4.455023e+04 3.236977e+04 1.660083e+04 9.208435e+03 5.697165e+03 3.880007e+03 2.852106e+03 2.224528e+03 7.925525e+02 6.249077e+02 5.680769e+02 5.323261e+02
8.197326e+04 8.197326e+04 8.197326e+04 8.197327e+04 8.197328e+04 8.197356e+04 8.197442e+04 8.197790e+04 8.198050e+04 8.198367e+04 8.199174e+04 8.200210e+04 8.201478e+04 8.202977e+04 8.204702e+04 8.206607e+04 8.208549e+04 8.196756e+04 8.000582e+04 7.346460e+04 6.160253e+04 4.732147e+04 3.438414e+04 1.762811e+04 9.770572e+03 6.037943e+03 4.106159e+03 3.013380e+03 2.346124e+03 8.202627e+02 6.380402e+02 5.757713e+02 5.371116e+02
8.697196e+04 8.697196e+04 8.697196e+04 8.697196e+04 8.697197e+04 8.697225e+04 8.697312e+04 8.697665e+04 8.697938e+04 8.698280e+04 8.699180e+04 8.700378e+04 8.701879e+04 8.703685e+04 8.705785e+04 8.708126e+04 8.710552e+04 8.700297e+04 8.494488e+04 7.801904e+04 6.543244e+04 5.026666e+04 3.652228e+04 1.871603e+04 1.036473e+04 6.397496e+03 4.344369e+03 3.182961e+03 2.473757e+03 8.488286e+02 6.513589e+02 5.834732e+02 5.418827e+02
9.236101e+04 9.236101e+04 9.236101e+04 9.236102e+04 9.236103e+04 9.236151e+04 9.236300e+04 9.236895e+04 9.237340e+04 9.237884e+04 9.239265e+04 9.241025e+04 9.243149e+04 9.245618e+04 9.248402e+04 9.251431e+04 9.254529e+04 9.245720e+04 9.028091e+04 8.292174e+04 6.953948e+04 5.341367e+04 3.879976e+04 1.986915e+04 1.099227e+04 6.776243e+03 4.594738e+03 3.360838e+03 2.607370e+03 8.781905e+02 6.648375e+02 5.911679e+02 5.466294e+02
9.839671e+04 9.839671e+04 9.839671e+04 9.839671e+04 9.839672e+04 9.839705e+04 9.839806e+04 9.840220e+04 9.840539e+04 9.840936e+04 9.841967e+04 9.843323e+04 9.845003e+04 9.847006e+04 9.849316e+04 9.851870e+04 9.854487e+04 9.841676e+04 9.606646e+04 8.820380e+04 7.394108e+04 5.677175e+04 4.122128e+04 2.108858e+04 1.165341e+04 7.174143e+03 4.857152e+03 3.546877e+03 2.746831e+03 9.082794e+02 6.784475e+02 5.988408e+02 5.513420e+02
1.048529e+05 1.048529e+05 1.048529e+05 1.048530e+05 1.048530e+05 1.048533e+05 1.048543e+05 1.048584e+05 1.048614e+05 1.048651e+05 1.048744e+05 1.048862e+05 1.049004e+05 1.049171e+05 1.049360e+05 1.049567e+05 1.049772e+05 1.047952e+05 1.022407e+05 9.382334e+04 7.861047e+04 6.032506e+04 4.377793e+04 2.237148e+04 1.234704e+04 7.590638e+03 5.131259e+03 3.740815e+03 2.891922e+03 9.390181e+02 6.921587e+02 6.064773e+02 5.560107e+02
1.115797e+05 1.115797e+05 1.115797e+05 1.115797e+05 1.115797e+05 1.115800e+05 1.115807e+05 1.115837e+05 1.115859e+05 1.115886e+05 1.115955e+05 1.116045e+05 1.116155e+05 1.116286e+05 1.116438e+05 1.116604e+05 1.116764e+05 1.114482e+05 1.086901e+05 9.969893e+04 8.349493e+04 6.404243e+04 4.645219e+04 2.371229e+04 1.307109e+04 8.024758e+03 5.416490e+03 3.942260e+03 3.042341e+03 9.703206e+02 7.059392e+02 6.140628e+02 5.606262e+02
1.184329e+05 1.184329e+05 1.184329e+05 1.184329e+05 1.184329e+05 1.184331e+05 1.184339e+05 1.184369e+05 1.184392e+05 1.184420e+05 1.184491e+05 1.184583e+05 1.184696e+05 1.184829e+05 1.184980e+05 1.185144e+05 1.185299e+05 1.182756e+05 1.153290e+05 1.057638e+05 8.854811e+04 6.789471e+04 4.922678e+04 2.510499e+04 1.382315e+04 8.475303e+03 5.712126e+03 4.150714e+03 3.197709e+03 1.002093e+03 7.197559e+02 6.215827e+02 5.651793e+02
1.254200e+05 1.254200e+05 1.254200e+05 1.254200e+05 1.254200e+05 1.254203e+05 1.254211e+05 1.254244e+05 1.254268e+05 1.254298e+05 1.254375e+05 1.254473e+05 1.254593e+05 1.254735e+05 1.254898e+05 1.255074e+05 1.255240e+05 1.252551e+05 1.221310e+05 1.119921e+05 9.374815e+04 7.186584e+04 5.209085e+04 2.654489e+04 1.460095e+04 8.941007e+03 6.017346e+03 4.365587e+03 3.357575e+03 1.034233e+03 7.335740e+02 6.290225e+02 5.696610e+02
1.325746e+05 1.325746e+05 1.325746e+05 1.325746e+05 1.325746e+05 1.325750e+05 1.325760e+05 1.325800e+05 1.325830e+05 1.325866e+05 1.325956e+05 1.326072e+05 1.326212e+05 1.326375e+05 1.326561e+05 1.326760e+05 1.326950e+05 1.324161e+05 1.291147e+05 1.183915e+05 9.909559e+04 7.595285e+04 5.504052e+04 2.802902e+04 1.540259e+04 9.420600e+03 6.331252e+03 4.586206e+03 3.521412e+03 1.066633e+03 7.473580e+02 6.363680e+02 5.740627e+02
1.399788e+05 1.399788e+05 1.399788e+05 1.399788e+05 1.399788e+05 1.399791e+05 1.399801e+05 1.399841e+05 1.399871e+05 1.399908e+05 1.400001e+05 1.400120e+05 1.400265e+05 1.400434e+05 1.400625e+05 1.400830e+05 1.401024e+05 1.398033e+05 1.363108e+05 1.249808e+05 1.045995e+05 8.015862e+04 5.807550e+04 2.955540e+04 1.622632e+04 9.912750e+03 6.652840e+03 4.811804e+03 3.688619e+03 1.099177e+03 7.610716e+02 6.436051e+02 5.783761e+02
1.476485e+05 1.476485e+05 1.476485e+05 1.476485e+05 1.476485e+05 1.476488e+05 1.476496e+05 1.476530e+05 1.476555e+05 1.476586e+05 1.476665e+05 1.476768e+05 1.476893e+05 1.477043e+05 1.477214e+05 1.477398e+05 1.477570e+05 1.474255e+05 1.437279e+05 1.317671e+05 1.102643e+05 8.448450e+04 6.119503e+04 3.112188e+04 1.707017e+04 1.041592e+04 6.980948e+03 5.041495e+03 3.858510e+03 1.131745e+03 7.746780e+02 6.507200e+02 5.825933e+02
1.554966e+05 1.554966e+05 1.554966e+05 1.554966e+05 1.554966e+05 1.554969e+05 1.554978e+05 1.555011e+05 1.555037e+05 1.555068e+05 1.555148e+05 1.555253e+05 1.555382e+05 1.555537e+05 1.555714e+05 1.555906e+05 1.556083e+05 1.552561e+05 1.513547e+05 1.387463e+05 1.160873e+05 8.892748e+04 6.439549e+04 3.272496e+04 1.793149e+04 1.092820e+04 7.314188e+03 5.274248e+03 4.030299e+03 1.164214e+03 7.881403e+02 6.576994e+02 5.867068e+02
1.635414e+05 1.635414e+05 1.635414e+05 1.635414e+05 1.635414e+05 1.635417e+05 1.635428e+05 1.635473e+05 1.635506e+05 1.635546e+05 1.635649e+05 1.635780e+05 1.635939e+05 1.636124e+05 1.636334e+05 1.636556e+05 1.636761e+05 1.633092e+05 1.591973e+05 1.459169e+05 1.220622e+05 9.347915e+04 6.766871e+04 3.435887e+04 1.880654e+04 1.144714e+04 7.650881e+03 5.508865e+03 4.203102e+03 1.196457e+03 8.014215e+02 6.645300e+02 5.907094e+02
1.719064e+05 1.719064e+05 1.719064e+05 1.719064e+05 1.719064e+05 1.719068e+05 1.719079e+05 1.719122e+05 1.719154e+05 1.719192e+05 1.719285e+05 1.719402e+05 1.719542e+05 1.719705e+05 1.719887e+05 1.720078e+05 1.720248e+05 1.716112e+05 1.672555e+05 1.532636e+05 1.281683e+05 9.811992e+04 7.099873e+04 3.601460e+04 1.969024e+04 1.196966e+04 7.989032e+03 5.743977e+03 4.375933e+03 1.228346e+03 8.144854e+02 6.711992e+02 5.945944e+02
1.804870e+05 1.804870e+05 1.804870e+05 1.804870e+05 1.804871e+05 1.804872e+05 1.804879e+05 1.804903e+05 1.804921e+05 1.804944e+05 1.805000e+05 1.805074e+05 1.805164e+05 1.805271e+05 1.805393e+05 1.805520e+05 1.805619e+05 1.800820e+05 1.754581e+05 1.607245e+05 1.343555e+05 1.028123e+05 7.435905e+04 3.767938e+04 2.057603e+04 1.249204e+04 8.326347e+03 5.978061e+03 4.547726e+03 1.259754e+03 8.272962e+02 6.776951e+02 5.983557e+02
1.890611e+05 1.890611e+05 1.890611e+05 1.890611e+05 1.890611e+05 1.890613e+05 1.890619e+05 1.890642e+05 1.890658e+05 1.890677e+05 1.890723e+05 1.890781e+05 1.890850e+05 1.890931e+05 1.891019e+05 1.891105e+05 1.891155e+05 1.885754e+05 1.836820e+05 1.681995e+05 1.405478e+05 1.075028e+05 7.771376e+04 3.933721e+04 2.145615e+04 1.301007e+04 8.660298e+03 6.209482e+03 4.717355e+03 1.290555e+03 8.398195e+02 6.840060e+02 6.019873e+02
1.975362e+05 1.975362e+05 1.975362e+05 1.975362e+05 1.975362e+05 1.975363e+05 1.975366e+05 1.975376e+05 1.975384e+05 1.975393e+05 1.975417e+05 1.975448e+05 1.975486e+05 1.975530e+05 1.975578e+05 1.975619e+05 1.975616e+05 1.969623e+05 1.918034e+05 1.755808e+05 1.466607e+05 1.121311e+05 8.102216e+04 4.097025e+04 2.232213e+04 1.351925e+04 8.988243e+03 6.436555e+03 4.883675e+03 1.320629e+03 8.520219e+02 6.901210e+02 6.054839e+02
2.057812e+05 2.057812e+05 2.057812e+05 2.057812e+05 2.057812e+05 2.057813e+05 2.057815e+05 2.057823e+05 2.057828e+05 2.057833e+05 2.057845e+05 2.057858e+05 2.057872e+05 2.057887e+05 2.057899e+05 2.057897e+05 2.057844e+05 2.051265e+05 1.997083e+05 1.827653e+05 1.526111e+05 1.166369e+05 8.424334e+04 4.256049e+04 2.316545e+04 1.401510e+04 9.307564e+03 6.657624e+03 5.045568e+03 1.349858e+03 8.638720e+02 6.960298e+02 6.088408e+02
2.136996e+05 2.136996e+05 2.136996e+05 2.136996e+05 2.136996e+05 2.136996e+05 2.136994e+05 2.136988e+05 2.136983e+05 2.136977e+05 2.136962e+05 2.136942e+05 2.136919e+05 2.136892e+05 2.136858e+05 2.136805e+05 2.136695e+05 2.129535e+05 2.072881e+05 1.896572e+05 1.583227e+05 1.209650e+05 8.733979e+04 4.409133e+04 2.397824e+04 1.449343e+04 9.615814e+03 6.871133e+03 5.201980e+03 1.378135e+03 8.753401e+02 7.017231e+02 6.120536e+02
2.211424e+05 2.211424e+05 2.211424e+05 2.211424e+05 2.211424e+05 2.211423e+05 2.211422e+05 2.211414e+05 2.211408e+05 2.211401e+05 2.211380e+05 2.211352e+05 2.211316e+05 2.211272e+05 2.211218e+05 2.211139e+05 2.210998e+05 2.203387e+05 2.144484e+05 1.961760e+05 1.637323e+05 1.250698e+05 9.028059e+04 4.554892e+04 2.475378e+04 1.495062e+04 9.910841e+03 7.075698e+03 5.351965e+03 1.405359e+03 8.863986e+02 7.071919e+02 6.151183e+02
2.280775e+05 2.280775e+05 2.280775e+05 2.280775e+05 2.280775e+05 2.280774e+05 2.280770e+05 2.280755e+05 2.280743e+05 2.280729e+05 2.280693e+05 2.280647e+05 2.280590e+05 2.280524e+05 2.280445e+05 2.280339e+05 2.280168e+05 2.272179e+05 2.211274e+05 2.022673e+05 1.687968e+05 1.289201e+05 9.304397e+04 4.692304e+04 2.548692e+04 1.538379e+04 1.019087e+04 7.270151e+03 5.494710e+03 1.431438e+03 8.970223e+02 7.124284e+02 6.180315e+02
2.344376e+05 2.344376e+05 2.344376e+05 2.344376e+05 2.344376e+05 2.344374e+05 2.344371e+05 2.344355e+05 2.344343e+05 2.344329e+05 2.344295e+05 2.344250e+05 2.344197e+05 2.344135e+05 2.344060e+05 2.343958e+05 2.343789e+05 2.335603e+05 2.272994e+05 2.079086e+05 1.734968e+05 1.325003e+05 9.561832e+04 4.820744e+04 2.617415e+04 1.579080e+04 1.045453e+04 7.453561e+03 5.629551e+03 1.456291e+03 9.071886e+02 7.174256e+02 6.207905e+02
2.402701e+05 2.402701e+05 2.402701e+05 2.402701e+05 2.402701e+05 2.402700e+05 2.402697e+05 2.402687e+05 2.402679e+05 2.402669e+05 2.402645e+05 2.402613e+05 2.402573e+05 2.402526e+05 2.402466e+05 2.402380e+05 2.402224e+05 2.393923e+05 2.329818e+05 2.131091e+05 1.778353e+05 1.358096e+05 9.800102e+04 4.939935e+04 2.681346e+04 1.617030e+04 1.070087e+04 7.625235e+03 5.755973e+03 1.479851e+03 9.168776e+02 7.221771e+02 6.233926e+02
2.456593e+05 2.456593e+05 2.456593e+05 2.456593e+05 2.456593e+05 2.456592e+05 2.456590e+05 2.456579e+05 2.456571e+05 2.456561e+05 2.456536e+05 2.456503e+05 2.456462e+05 2.456413e+05 2.456352e+05 2.456264e+05 2.456106e+05 2.447633e+05 2.382108e+05 2.178931e+05 1.818266e+05 1.388550e+05 1.001949e+05 5.049841e+04 2.740400e+04 1.652150e+04 1.092927e+04 7.784696e+03 5.873607e+03 1.502059e+03 9.260720e+02 7.266776e+02 6.258359e+02
2.506192e+05 2.506192e+05 2.506192e+05 2.506192e+05 2.506192e+05 2.506191e+05 2.506187e+05 2.506175e+05 2.506165e+05 2.506153e+05 2.506123e+05 2.506084e+05 2.506037e+05 2.505980e+05 2.505912e+05 2.505816e+05 2.505648e+05 2.496970e+05 2.430095e+05 2.222797e+05 1.854841e+05 1.416447e+05 1.022044e+05 5.150548e+04 2.794566e+04 1.684408e+04 1.113940e+04 7.931655e+03 5.982212e+03 1.522871e+03 9.347574e+02 7.309228e+02 6.281190e+02
2.551414e+05 2.551414e+05 2.551414e+05 2.551414e+05 2.551414e+05 2.551413e+05 2.551410e+05 2.551397e+05 2.551387e+05 2.551375e+05 2.551344e+05 2.551304e+05 2.551255e+05 2.551196e+05 2.551123e+05 2.551022e+05 2.550848e+05 2.541983e+05 2.473860e+05 2.262781e+05 1.888158e+05 1.441846e+05 1.040331e+05 5.242170e+04 2.843867e+04 1.713799e+04 1.133112e+04 8.065976e+03 6.081660e+03 1.542252e+03 9.429225e+02 7.349091e+02 6.302407e+02
2.592364e+05 2.592364e+05 2.592364e+05 2.592364e+05 2.592364e+05 2.592363e+05 2.592359e+05 2.592344e+05 2.592333e+05 2.592319e+05 2.592284e+05 2.592239e+05 2.592184e+05 2.592118e+05 2.592039e+05 2.591930e+05 2.591746e+05 2.582700e+05 2.513436e+05 2.298920e+05 1.918255e+05 1.464777e+05 1.056834e+05 5.324811e+04 2.888346e+04 1.740339e+04 1.150450e+04 8.187650e+03 6.171920e+03 1.560184e+03 9.505586e+02 7.386339e+02 6.322004e+02
2.628979e+05 2.628979e+05 2.628979e+05 2.628979e+05 2.628979e+05 2.628978e+05 2.628974e+05 2.628959e+05 2.628948e+05 2.628933e+05 2.628897e+05 2.628851e+05 2.628794e+05 2.628725e+05 2.628642e+05 2.628528e+05 2.628337e+05 2.619126e+05 2.548827e+05 2.331223e+05 1.945144e+05 1.485253e+05 1.071565e+05 5.398560e+04 2.928056e+04 1.764058e+04 1.165969e+04 8.296773e+03 6.253047e+03 1.576654e+03 9.576601e+02 7.420956e+02 6.339979e+02
2.661346e+05 2.661346e+05 2.661346e+05 2.661346e+05 2.661346e+05 2.661345e+05 2.661340e+05 2.661322e+05 2.661309e+05 2.661293e+05 2.661251e+05 2.661198e+05 2.661133e+05 2.661056e+05 2.660962e+05 2.660837e+05 2.660633e+05 2.651247e+05 2.580014e+05 2.359674e+05 1.968818e+05 1.503279e+05 1.084533e+05 5.463507e+04 2.963061e+04 1.785000e+04 1.179698e+04 8.393540e+03 6.325172e+03 1.591666e+03 9.642241e+02 7.452932e+02 6.356335e+02
2.689283e+05 2.689283e+05 2.689283e+05 2.689283e+05 2.689283e+05 2.689282e+05 2.689277e+05 2.689258e+05 2.689243e+05 2.689225e+05 2.689180e+05 2.689121e+05 2.689049e+05 2.688964e+05 2.688862e+05 2.688727e+05 2.688511e+05 2.678974e+05 2.606938e+05 2.384244e+05 1.989272e+05 1.518861e+05 1.095749e+05 5.519778e+04 2.993452e+04 1.803226e+04 1.191679e+04 8.478238e+03 6.388499e+03 1.605230e+03 9.702503e+02 7.482268e+02 6.371076e+02
2.712661e+05 2.712661e+05 2.712661e+05 2.712661e+05 2.712661e+05 2.712659e+05 2.712655e+05 2.712635e+05 2.712620e+05 2.712602e+05 2.712556e+05 2.712498e+05 2.712426e+05 2.712340e+05 2.712237e+05 2.712101e+05 2.711884e+05 2.702258e+05 2.629585e+05 2.404942e+05 2.006529e+05 1.532029e+05 1.105244e+05 5.567571e+04 3.019356e+04 1.818817e+04 1.201968e+04 8.551247e+03 6.443298e+03 1.617369e+03 9.757411e+02 7.508973e+02 6.384213e+02
