2.701790e+09 2.675852e+09 2.658139e+09 2.542523e+09 2.469682e+09 2.156678e+09 1.975463e+09 1.781704e+09 1.723755e+09 1.680974e+09 1.624568e+09 1.591860e+09 1.573682e+09 1.565563e+09 1.564858e+09 1.569684e+09 1.578535e+09 1.647032e+09 1.714366e+09 1.770768e+09 1.816323e+09 1.850996e+09 1.875482e+09 1.898841e+09 1.896654e+09 1.877484e+09 1.847529e+09 1.811065e+09 1.770966e+09 1.380257e+09 1.097168e+09 8.917206e+08 7.386118e+08
1.927285e+09 1.927288e+09 1.927294e+09 1.927346e+09 1.926937e+09 1.890860e+09 1.832811e+09 1.707986e+09 1.668730e+09 1.638095e+09 1.596457e+09 1.572484e+09 1.560149e+09 1.556230e+09 1.558675e+09 1.565920e+09 1.576649e+09 1.649798e+09 1.718175e+09 1.774490e+09 1.819597e+09 1.853722e+09 1.877662e+09 1.900072e+09 1.897161e+09 1.877462e+09 1.847129e+09 1.810400e+09 1.770117e+09 1.379212e+09 1.096366e+09 8.910977e+08 7.381193e+08
1.722213e+09 1.722214e+09 1.722216e+09 1.722244e+09 1.722210e+09 1.708931e+09 1.684925e+09 1.635365e+09 1.603154e+09 1.582729e+09 1.560437e+09 1.548627e+09 1.544134e+09 1.545595e+09 1.551907e+09 1.562011e+09 1.574890e+09 1.653016e+09 1.722327e+09 1.778438e+09 1.823012e+09 1.856531e+09 1.879886e+09 1.901304e+09 1.897650e+09 1.877414e+09 1.846701e+09 1.809706e+09 1.769242e+09 1.378158e+09 1.095558e+09 8.904724e+08 7.376254e+08
1.603855e+09 1.603855e+09 1.603856e+09 1.603874e+09 1.603865e+09 1.598002e+09 1.581188e+09 1.569839e+09 1.560376e+09 1.546177e+09 1.526305e+09 1.523223e+09 1.526836e+09 1.534271e+09 1.544918e+09 1.558200e+09 1.573427e+09 1.656722e+09 1.726828e+09 1.782609e+09 1.826562e+09 1.859417e+09 1.882150e+09 1.902533e+09 1.898119e+09 1.877340e+09 1.846244e+09 1.808984e+09 1.768341e+09 1.377094e+09 1.094747e+09 8.898447e+08 7.371301e+08
1.528017e+09 1.528017e+09 1.528018e+09 1.528033e+09 1.528028e+09 1.524169e+09 1.516147e+09 1.505455e+09 1.510798e+09 1.513580e+09 1.508597e+09 1.505404e+09 1.511590e+09 1.523719e+09 1.538440e+09 1.554889e+09 1.572503e+09 1.660943e+09 1.731674e+09 1.786994e+09 1.830239e+09 1.862374e+09 1.884447e+09 1.903757e+09 1.898566e+09 1.877236e+09 1.845757e+09 1.808233e+09 1.767412e+09 1.376020e+09 1.093931e+09 8.892147e+08 7.366334e+08
1.478676e+09 1.478677e+09 1.478677e+09 1.478691e+09 1.478690e+09 1.475725e+09 1.472020e+09 1.463592e+09 1.468992e+09 1.478872e+09 1.493718e+09 1.499207e+09 1.505401e+09 1.517121e+09 1.533970e+09 1.552855e+09 1.572543e+09 1.665709e+09 1.736859e+09 1.791581e+09 1.834033e+09 1.865392e+09 1.886772e+09 1.904970e+09 1.898986e+09 1.877102e+09 1.845237e+09 1.807451e+09 1.766455e+09 1.374936e+09 1.093111e+09 8.885823e+08 7.361353e+08
1.447943e+09 1.447944e+09 1.447944e+09 1.447956e+09 1.447957e+09 1.445558e+09 1.443877e+09 1.439928e+09 1.443384e+09 1.452865e+09 1.477820e+09 1.495640e+09 1.507237e+09 1.519146e+09 1.534434e+09 1.553517e+09 1.574315e+09 1.671065e+09 1.742370e+09 1.796356e+09 1.837931e+09 1.868464e+09 1.889116e+09 1.906169e+09 1.899379e+09 1.876935e+09 1.844686e+09 1.806639e+09 1.765469e+09 1.373843e+09 1.092287e+09 8.879475e+08 7.356357e+08
1.431153e+09 1.431153e+09 1.431153e+09 1.431162e+09 1.431158e+09 1.429077e+09 1.428275e+09 1.428238e+09 1.431287e+09 1.439059e+09 1.465370e+09 1.492026e+09 1.511509e+09 1.526813e+09 1.542142e+09 1.559452e+09 1.579129e+09 1.677093e+09 1.748198e+09 1.801302e+09 1.841920e+09 1.871578e+09 1.891473e+09 1.907349e+09 1.899741e+09 1.876733e+09 1.844100e+09 1.805794e+09 1.764455e+09 1.372740e+09 1.091458e+09 8.873104e+08 7.351347e+08
1.423545e+09 1.423545e+09 1.423545e+09 1.423555e+09 1.423560e+09 1.422070e+09 1.422074e+09 1.425109e+09 1.428869e+09 1.435760e+09 1.459951e+09 1.490047e+09 1.516242e+09 1.536643e+09 1.554022e+09 1.571080e+09 1.589070e+09 1.683939e+09 1.754341e+09 1.806403e+09 1.845985e+09 1.874722e+09 1.893833e+09 1.908504e+09 1.900069e+09 1.876496e+09 1.843479e+09 1.804917e+09 1.763411e+09 1.371627e+09 1.090625e+09 8.866709e+08 7.346323e+08
1.424229e+09 1.424229e+09 1.424229e+09 1.424238e+09 1.424247e+09 1.423270e+09 1.423839e+09 1.428947e+09 1.433698e+09 1.440527e+09 1.462280e+09 1.492020e+09 1.521906e+09 1.547113e+09 1.567744e+09 1.585903e+09 1.603350e+09 1.691838e+09 1.760807e+09 1.811643e+09 1.850112e+09 1.877887e+09 1.896188e+09 1.909631e+09 1.900360e+09 1.876221e+09 1.842822e+09 1.804007e+09 1.762337e+09 1.370505e+09 1.089787e+09 8.860290e+08 7.341285e+08
1.432011e+09 1.432011e+09 1.432012e+09 1.432020e+09 1.432032e+09 1.431510e+09 1.432454e+09 1.438761e+09 1.444336e+09 1.451479e+09 1.471487e+09 1.499128e+09 1.529791e+09 1.558159e+09 1.582092e+09 1.602234e+09 1.620100e+09 1.701153e+09 1.767626e+09 1.817011e+09 1.854285e+09 1.881059e+09 1.898529e+09 1.910724e+09 1.900612e+09 1.875905e+09 1.842128e+09 1.803062e+09 1.761232e+09 1.369372e+09 1.088946e+09 8.853848e+08 7.336233e+08
1.679396e+09 1.679396e+09 1.679396e+09 1.679399e+09 1.679439e+09 1.682605e+09 1.685353e+09 1.691954e+09 1.697941e+09 1.705397e+09 1.721744e+09 1.736882e+09 1.750051e+09 1.762365e+09 1.775098e+09 1.788778e+09 1.803099e+09 1.857996e+09 1.873824e+09 1.883481e+09 1.897945e+09 1.911473e+09 1.919508e+09 1.918703e+09 1.900264e+09 1.870133e+09 1.832840e+09 1.791548e+09 1.748367e+09 1.357501e+09 1.080288e+09 8.788128e+08 7.284936e+08
1.888645e+09 1.888645e+09 1.888645e+09 1.888645e+09 1.888733e+09 1.896924e+09 1.902421e+09 1.908478e+09 1.913165e+09 1.919023e+09 1.931703e+09 1.942830e+09 1.951213e+09 1.956912e+09 1.960417e+09 1.962342e+09 1.963294e+09 1.966275e+09 1.970578e+09 1.967157e+09 1.957401e+09 1.946763e+09 1.937322e+09 1.919463e+09 1.893099e+09 1.858461e+09 1.818527e+09 1.775755e+09 1.731850e+09 1.344627e+09 1.071196e+09 8.720059e+08 7.232237e+08
1.868814e+09 1.868814e+09 1.868814e+09 1.868814e+09 1.869027e+09 1.889046e+09 1.902451e+09 1.916028e+09 1.925213e+09 1.936363e+09 1.960164e+09 1.981048e+09 1.997127e+09 2.008695e+09 2.016541e+09 2.021388e+09 2.023817e+09 2.015836e+09 2.005192e+09 2.001080e+09 1.993398e+09 1.978599e+09 1.959328e+09 1.918141e+09 1.879503e+09 1.840388e+09 1.798627e+09 1.755235e+09 1.711351e+09 1.330748e+09 1.061673e+09 8.649661e+08 7.178154e+08
1.776226e+09 1.776226e+09 1.776226e+09 1.776226e+09 1.776538e+09 1.805776e+09 1.825407e+09 1.845080e+09 1.858110e+09 1.873919e+09 1.907906e+09 1.938210e+09 1.962161e+09 1.980200e+09 1.993510e+09 2.003169e+09 2.009975e+09 2.016842e+09 2.005448e+09 1.996345e+09 1.989480e+09 1.978910e+09 1.962151e+09 1.915889e+09 1.865537e+09 1.818087e+09 1.773851e+09 1.730214e+09 1.686934e+09 1.315874e+09 1.051723e+09 8.576962e+08 7.122703e+08
1.669877e+09 1.669877e+09 1.669877e+09 1.669878e+09 1.670256e+09 1.705736e+09 1.729590e+09 1.753583e+09 1.769485e+09 1.788815e+09 1.830573e+09 1.868145e+09 1.898232e+09 1.921351e+09 1.938979e+09 1.952497e+09 1.962936e+09 1.986627e+09 1.983537e+09 1.972738e+09 1.962645e+09 1.952544e+09 1.939381e+09 1.899561e+09 1.848526e+09 1.796184e+09 1.746997e+09 1.701943e+09 1.659245e+09 1.300034e+09 1.041354e+09 8.501998e+08 7.065907e+08
1.574704e+09 1.574704e+09 1.574704e+09 1.574705e+09 1.575124e+09 1.614304e+09 1.640656e+09 1.667268e+09 1.684974e+09 1.706525e+09 1.753192e+09 1.795369e+09 1.829361e+09 1.855726e+09 1.876122e+09 1.892122e+09 1.904919e+09 1.940483e+09 1.946078e+09 1.936879e+09 1.924118e+09 1.911689e+09 1.898962e+09 1.866167e+09 1.821413e+09 1.770811e+09 1.720471e+09 1.673177e+09 1.629697e+09 1.283273e+09 1.030577e+09 8.424811e+08 7.007791e+08
1.492504e+09 1.492504e+09 1.492504e+09 1.492506e+09 1.492945e+09 1.534056e+09 1.561708e+09 1.589735e+09 1.608451e+09 1.631241e+09 1.680642e+09 1.725395e+09 1.761594e+09 1.789811e+09 1.811799e+09 1.829235e+09 1.843396e+09 1.885875e+09 1.897349e+09 1.890716e+09 1.877238e+09 1.862781e+09 1.848908e+09 1.819756e+09 1.782837e+09 1.738373e+09 1.690990e+09 1.644472e+09 1.600599e+09 1.265661e+09 1.019404e+09 8.345453e+08 6.948384e+08
1.419568e+09 1.419568e+09 1.419568e+09 1.419569e+09 1.420016e+09 1.461856e+09 1.489998e+09 1.518612e+09 1.537777e+09 1.561119e+09 1.611733e+09 1.657644e+09 1.694854e+09 1.723936e+09 1.746674e+09 1.764783e+09 1.779574e+09 1.825130e+09 1.839710e+09 1.835526e+09 1.823005e+09 1.808132e+09 1.793505e+09 1.765784e+09 1.735210e+09 1.698333e+09 1.656706e+09 1.613579e+09 1.571389e+09 1.247290e+09 1.007852e+09 8.263983e+08 6.887715e+08
1.351831e+09 1.351831e+09 1.351831e+09 1.351833e+09 1.352278e+09 1.394012e+09 1.422081e+09 1.450679e+09 1.469869e+09 1.493236e+09 1.543889e+09 1.589846e+09 1.627118e+09 1.656275e+09 1.679092e+09 1.697286e+09 1.712169e+09 1.758496e+09 1.774826e+09 1.773100e+09 1.762737e+09 1.749082e+09 1.734902e+09 1.708368e+09 1.682215e+09 1.652263e+09 1.617456e+09 1.579498e+09 1.540674e+09 1.228278e+09 9.959388e+08 8.180469e+08 6.825822e+08
1.285376e+09 1.285376e+09 1.285376e+09 1.285378e+09 1.285814e+09 1.326742e+09 1.354266e+09 1.382330e+09 1.401174e+09 1.424108e+09 1.473799e+09 1.518882e+09 1.555468e+09 1.584116e+09 1.606573e+09 1.624524e+09 1.639264e+09 1.686133e+09 1.704644e+09 1.705911e+09 1.698547e+09 1.687273e+09 1.674668e+09 1.650107e+09 1.627116e+09 1.602619e+09 1.574289e+09 1.542208e+09 1.507880e+09 1.208765e+09 9.836870e+08 8.094985e+08 6.762741e+08
1.217662e+09 1.217662e+09 1.217662e+09 1.217663e+09 1.218085e+09 1.257570e+09 1.284124e+09 1.311251e+09 1.329490e+09 1.351690e+09 1.399806e+09 1.443511e+09 1.479048e+09 1.506956e+09 1.528924e+09 1.546595e+09 1.561236e+09 1.609771e+09 1.631809e+09 1.636812e+09 1.632936e+09 1.624639e+09 1.614314e+09 1.592623e+09 1.572219e+09 1.551759e+09 1.528828e+09 1.502406e+09 1.473024e+09 1.188921e+09 9.711216e+08 8.007616e+08 6.698513e+08
1.150000e+09 1.150000e+09 1.150000e+09 1.150001e+09 1.150403e+09 1.188066e+09 1.213400e+09 1.239363e+09 1.256878e+09 1.278214e+09 1.324517e+09 1.366667e+09 1.401042e+09 1.428147e+09 1.449607e+09 1.467020e+09 1.481628e+09 1.532739e+09 1.559316e+09 1.568497e+09 1.568220e+09 1.563016e+09 1.555228e+09 1.536971e+09 1.518962e+09 1.501476e+09 1.482699e+09 1.461154e+09 1.436558e+09 1.168938e+09 9.582709e+08 7.918455e+08 6.633184e+08
1.085138e+09 1.085138e+09 1.085138e+09 1.085139e+09 1.085520e+09 1.121226e+09 1.145248e+09 1.169967e+09 1.186726e+09 1.207173e+09 1.251628e+09 1.292209e+09 1.325415e+09 1.351708e+09 1.372653e+09 1.389805e+09 1.404385e+09 1.458288e+09 1.489662e+09 1.503009e+09 1.506130e+09 1.503826e+09 1.498504e+09 1.483835e+09 1.468152e+09 1.452935e+09 1.437217e+09 1.419555e+09 1.399175e+09 1.149050e+09 9.451662e+08 7.827601e+08 6.566802e+08
1.024861e+09 1.024861e+09 1.024861e+09 1.024862e+09 1.025222e+09 1.059018e+09 1.081758e+09 1.105262e+09 1.121289e+09 1.140877e+09 1.183553e+09 1.222624e+09 1.254699e+09 1.280199e+09 1.300628e+09 1.317501e+09 1.332025e+09 1.388490e+09 1.424387e+09 1.441572e+09 1.447719e+09 1.447966e+09 1.444861e+09 1.433622e+09 1.420182e+09 1.406787e+09 1.393279e+09 1.378541e+09 1.361617e+09 1.129569e+09 9.318423e+08 7.735166e+08 6.499416e+08
9.698221e+08 9.698221e+08 9.698221e+08 9.698231e+08 9.701648e+08 1.002174e+09 1.023713e+09 1.046076e+09 1.061417e+09 1.080200e+09 1.121210e+09 1.158860e+09 1.189863e+09 1.214600e+09 1.234518e+09 1.251100e+09 1.265536e+09 1.324197e+09 1.364132e+09 1.384708e+09 1.393461e+09 1.395873e+09 1.394668e+09 1.386513e+09 1.375179e+09 1.363312e+09 1.351408e+09 1.338785e+09 1.324536e+09 1.110548e+09 9.183370e+08 7.641267e+08 6.431083e+08
9.199567e+08 9.199567e+08 9.199567e+08 9.199577e+08 9.202818e+08 9.506447e+08 9.710788e+08 9.923864e+08 1.007089e+09 1.025124e+09 1.064582e+09 1.100905e+09 1.130901e+09 1.154914e+09 1.174341e+09 1.190631e+09 1.204961e+09 1.265476e+09 1.308946e+09 1.332465e+09 1.343428e+09 1.347641e+09 1.348019e+09 1.342524e+09 1.333099e+09 1.322550e+09 1.311833e+09 1.300699e+09 1.288426e+09 1.091769e+09 9.046911e+08 7.546031e+08 6.361858e+08
8.749018e+08 8.749018e+08 8.749018e+08 8.749027e+08 8.752109e+08 9.040748e+08 9.235012e+08 9.438444e+08 9.579618e+08 9.753099e+08 1.013339e+09 1.048435e+09 1.077495e+09 1.100829e+09 1.119788e+09 1.135790e+09 1.149998e+09 1.212054e+09 1.258584e+09 1.284633e+09 1.297454e+09 1.303145e+09 1.304813e+09 1.301538e+09 1.293792e+09 1.284391e+09 1.274579e+09 1.264479e+09 1.253609e+09 1.073099e+09 8.909486e+08 7.449593e+08 6.291803e+08
8.342365e+08 8.342365e+08 8.342365e+08 8.342374e+08 8.345310e+08 8.620351e+08 8.805472e+08 9.000115e+08 9.135926e+08 9.303093e+08 9.670216e+08 1.000981e+09 1.029166e+09 1.051861e+09 1.070373e+09 1.086092e+09 1.100168e+09 1.163495e+09 1.212658e+09 1.240862e+09 1.255229e+09 1.262121e+09 1.264822e+09 1.263354e+09 1.257043e+09 1.248640e+09 1.239543e+09 1.230157e+09 1.220250e+09 1.054439e+09 8.771567e+08 7.352096e+08 6.220981e+08
7.974380e+08 7.974380e+08 7.974380e+08 7.974389e+08 7.977193e+08 8.239900e+08 8.416727e+08 8.603362e+08 8.734248e+08 8.895601e+08 9.250564e+08 9.579627e+08 9.853358e+08 1.007434e+09 1.025525e+09 1.040972e+09 1.054911e+09 1.119277e+09 1.170684e+09 1.200708e+09 1.216353e+09 1.224212e+09 1.227732e+09 1.227709e+09 1.222597e+09 1.215058e+09 1.206542e+09 1.197659e+09 1.188394e+09 1.035718e+09 8.633671e+08 7.253692e+08 6.149458e+08
7.640301e+08 7.640301e+08 7.640301e+08 7.640309e+08 7.642994e+08 7.894529e+08 8.063844e+08 8.243203e+08 8.369589e+08 8.525619e+08 8.869421e+08 9.188781e+08 9.454990e+08 9.670406e+08 9.847333e+08 9.999161e+08 1.013712e+09 1.078874e+09 1.132150e+09 1.163694e+09 1.180389e+09 1.189025e+09 1.193191e+09 1.194308e+09 1.190183e+09 1.183385e+09 1.175358e+09 1.166839e+09 1.157995e+09 1.016890e+09 8.496385e+08 7.154540e+08 6.077304e+08
7.335923e+08 7.335923e+08 7.335923e+08 7.335931e+08 7.338508e+08 7.579912e+08 7.742414e+08 7.915138e+08 8.037386e+08 8.188506e+08 8.521966e+08 8.832279e+08 9.091422e+08 9.301555e+08 9.474647e+08 9.623848e+08 9.760261e+08 1.041748e+09 1.096551e+09 1.129347e+09 1.146901e+09 1.156160e+09 1.160834e+09 1.162848e+09 1.159525e+09 1.153362e+09 1.145758e+09 1.137520e+09 1.128952e+09 9.979263e+08 8.360490e+08 7.054806e+08 6.004592e+08
7.056616e+08 7.056616e+08 7.056616e+08 7.056624e+08 7.059102e+08 7.291235e+08 7.447498e+08 7.614098e+08 7.732485e+08 7.879004e+08 8.202736e+08 8.504500e+08 8.756931e+08 8.962016e+08 9.131408e+08 9.278019e+08 9.412818e+08 1.007374e+09 1.063408e+09 1.097228e+09 1.115482e+09 1.125241e+09 1.130317e+09 1.133035e+09 1.130363e+09 1.124742e+09 1.117513e+09 1.109508e+09 1.101131e+09 9.788223e+08 8.226454e+08 6.954662e+08 5.931395e+08
6.797596e+08 6.797596e+08 6.797596e+08 6.797604e+08 6.799991e+08 7.023656e+08 7.174223e+08 7.335213e+08 7.450031e+08 7.592286e+08 7.906965e+08 8.200732e+08 8.446850e+08 8.647157e+08 8.813007e+08 8.957084e+08 9.090220e+08 9.753109e+08 1.032312e+09 1.066957e+09 1.085775e+09 1.095934e+09 1.101327e+09 1.104597e+09 1.102454e+09 1.097297e+09 1.090408e+09 1.082614e+09 1.074382e+09 9.595878e+08 8.093674e+08 6.854290e+08 5.857791e+08
6.556586e+08 6.556586e+08 6.556586e+08 6.556593e+08 6.558897e+08 6.774766e+08 6.920089e+08 7.075879e+08 7.187358e+08 7.325605e+08 7.631745e+08 7.917926e+08 8.158020e+08 8.353728e+08 8.516125e+08 8.657673e+08 8.789059e+08 9.452181e+08 1.002938e+09 1.038222e+09 1.057481e+09 1.067953e+09 1.073592e+09 1.077293e+09 1.075577e+09 1.070823e+09 1.064249e+09 1.056658e+09 1.048557e+09 9.402465e+08 7.961759e+08 6.753878e+08 5.783859e+08
6.331503e+08 6.331503e+08 6.331503e+08 6.331509e+08 6.333737e+08 6.542385e+08 6.682849e+08 6.833775e+08 6.942086e+08 7.076518e+08 7.374485e+08 7.653360e+08 7.887614e+08 8.078831e+08 8.237820e+08 8.376817e+08 8.506363e+08 9.168130e+08 9.750168e+08 1.010763e+09 1.030346e+09 1.041049e+09 1.046873e+09 1.050907e+09 1.049542e+09 1.045140e+09 1.038863e+09 1.031481e+09 1.023513e+09 9.208318e+08 7.830441e+08 6.653622e+08 5.709681e+08
6.120113e+08 6.120113e+08 6.120113e+08 6.120120e+08 6.122275e+08 6.324187e+08 6.460120e+08 6.606485e+08 6.711793e+08 6.842593e+08 7.132750e+08 7.404606e+08 7.633217e+08 7.820068e+08 7.975709e+08 8.112151e+08 8.239779e+08 8.898623e+08 9.483168e+08 9.843492e+08 1.004146e+09 1.015008e+09 1.020965e+09 1.025256e+09 1.024183e+09 1.020094e+09 1.014103e+09 1.006941e+09 9.991240e+08 9.013835e+08 7.699520e+08 6.553733e+08 5.635340e+08
5.921229e+08 5.921229e+08 5.921229e+08 5.921235e+08 5.923323e+08 6.118938e+08 6.250635e+08 6.392703e+08 6.495152e+08 6.622482e+08 6.905141e+08 7.170223e+08 7.393354e+08 7.575930e+08 7.728249e+08 7.862092e+08 7.987677e+08 8.641764e+08 9.226344e+08 9.587813e+08 9.786883e+08 9.896472e+08 9.956955e+08 1.000187e+09 9.993623e+08 9.955588e+08 9.898482e+08 9.829200e+08 9.752773e+08 8.819445e+08 7.568851e+08 6.454443e+08 5.560922e+08
5.733795e+08 5.733795e+08 5.733795e+08 5.733801e+08 5.735826e+08 5.925519e+08 6.053229e+08 6.191223e+08 6.290929e+08 6.414915e+08 6.690315e+08 6.948790e+08 7.166536e+08 7.344869e+08 7.493841e+08 7.624998e+08 7.748384e+08 8.395812e+08 8.978011e+08 9.338989e+08 9.538226e+08 9.648237e+08 9.709292e+08 9.755775e+08 9.749703e+08 9.714323e+08 9.659989e+08 9.593205e+08 9.518798e+08 8.625585e+08 7.438335e+08 6.356035e+08 5.486512e+08
5.556310e+08 5.556310e+08 5.556310e+08 5.556316e+08 5.558281e+08 5.742360e+08 5.866293e+08 6.000384e+08 6.097426e+08 6.218148e+08 6.486429e+08 6.738387e+08 6.950787e+08 7.124880e+08 7.270472e+08 7.398869e+08 7.519924e+08 8.159097e+08 8.736806e+08 9.095835e+08 9.294399e+08 9.404348e+08 9.465679e+08 9.513376e+08 9.509238e+08 9.476359e+08 9.424787e+08 9.360661e+08 9.288559e+08 8.432679e+08 7.307916e+08 6.258805e+08 5.412200e+08
5.387351e+08 5.387351e+08 5.387351e+08 5.387356e+08 5.389264e+08 5.567980e+08 5.688303e+08 5.818636e+08 5.913078e+08 6.030604e+08 6.291884e+08 6.537401e+08 6.744496e+08 6.914359e+08 7.056553e+08 7.182134e+08 7.300757e+08 7.930331e+08 8.501733e+08 8.857541e+08 9.054687e+08 9.164135e+08 9.225467e+08 9.274043e+08 9.271626e+08 9.241120e+08 9.192309e+08 9.130992e+08 9.061477e+08 8.241126e+08 7.177578e+08 6.162583e+08 5.338076e+08
5.226089e+08 5.226089e+08 5.226089e+08 5.226095e+08 5.227948e+08 5.401519e+08 5.518380e+08 5.645081e+08 5.736986e+08 5.851385e+08 6.105787e+08 6.344948e+08 6.546783e+08 6.712427e+08 6.851203e+08 6.973912e+08 7.090000e+08 7.708723e+08 8.272184e+08 8.623635e+08 8.818680e+08 8.927204e+08 8.988255e+08 9.037358e+08 9.036448e+08 9.008202e+08 8.962157e+08 8.903792e+08 8.837130e+08 8.051295e+08 7.047345e+08 6.067226e+08 5.264231e+08
5.071953e+08 5.071953e+08 5.071953e+08 5.071958e+08 5.073758e+08 5.242381e+08 5.355912e+08 5.479094e+08 5.568516e+08 5.679845e+08 5.927474e+08 6.160352e+08 6.356962e+08 6.518397e+08 6.653736e+08 6.773521e+08 6.886984e+08 7.493761e+08 8.047842e+08 8.393896e+08 8.586171e+08 8.693327e+08 8.753787e+08 8.803028e+08 8.803418e+08 8.777339e+08 8.734077e+08 8.678804e+08 8.615245e+08 7.863515e+08 6.917271e+08 5.972646e+08 5.190762e+08
4.924405e+08 4.924405e+08 4.924405e+08 4.924410e+08 4.926159e+08 5.090015e+08 5.200336e+08 5.320101e+08 5.407091e+08 5.515402e+08 5.756355e+08 5.983010e+08 6.174425e+08 6.331653e+08 6.463537e+08 6.580357e+08 6.691122e+08 7.285059e+08 7.828501e+08 8.168159e+08 8.356974e+08 8.462287e+08 8.521824e+08 8.570818e+08 8.572337e+08 8.548377e+08 8.507945e+08 8.455905e+08 8.395684e+08 7.678085e+08 6.787444e+08 5.878785e+08 5.117766e+08
4.782714e+08 4.782714e+08 4.782714e+08 4.782720e+08 4.784420e+08 4.943672e+08 5.050895e+08 5.167344e+08 5.251957e+08 5.357312e+08 5.591708e+08 5.812237e+08 5.998524e+08 6.151588e+08 6.280034e+08 6.393879e+08 6.501906e+08 7.082242e+08 7.613816e+08 7.946063e+08 8.130720e+08 8.233730e+08 8.292050e+08 8.340510e+08 8.343086e+08 8.321271e+08 8.283755e+08 8.235100e+08 8.178435e+08 7.495264e+08 6.657976e+08 5.785604e+08 5.045351e+08
4.646570e+08 4.646570e+08 4.646570e+08 4.646575e+08 4.648228e+08 4.803044e+08 4.907281e+08 5.020516e+08 5.102807e+08 5.205269e+08 5.433237e+08 5.647742e+08 5.828974e+08 5.977917e+08 6.102943e+08 6.213798e+08 6.319032e+08 6.884834e+08 7.403140e+08 7.726932e+08 7.906807e+08 8.007170e+08 8.064100e+08 8.111944e+08 8.115647e+08 8.096093e+08 8.061626e+08 8.016511e+08 7.963597e+08 7.315283e+08 6.528999e+08 5.693074e+08 4.973640e+08
4.515691e+08 4.515691e+08 4.515691e+08 4.515696e+08 4.517303e+08 4.667839e+08 4.769195e+08 4.879311e+08 4.959333e+08 5.058964e+08 5.280623e+08 5.489201e+08 5.665439e+08 5.810291e+08 5.931892e+08 6.039713e+08 6.142062e+08 6.692098e+08 7.195589e+08 7.509977e+08 7.684636e+08 7.782203e+08 7.837736e+08 7.885126e+08 7.890169e+08 7.873063e+08 7.841802e+08 7.800376e+08 7.751379e+08 7.138344e+08 6.400663e+08 5.601182e+08 4.902790e+08
4.389602e+08 4.389602e+08 4.389602e+08 4.389607e+08 4.391170e+08 4.537565e+08 4.636132e+08 4.743210e+08 4.821006e+08 4.917854e+08 5.133292e+08 5.335992e+08 5.507250e+08 5.647992e+08 5.766116e+08 5.870814e+08 5.970146e+08 6.503128e+08 6.990461e+08 7.294773e+08 7.464020e+08 7.558823e+08 7.613088e+08 7.660344e+08 7.667009e+08 7.652562e+08 7.624657e+08 7.587038e+08 7.542074e+08 6.964623e+08 6.273127e+08 5.509922e+08 4.832772e+08
4.267189e+08 4.267189e+08 4.267189e+08 4.267194e+08 4.268713e+08 4.411066e+08 4.506910e+08 4.611000e+08 4.686589e+08 4.780668e+08 4.989894e+08 5.186698e+08 5.352935e+08 5.489514e+08 5.604098e+08 5.705597e+08 5.801817e+08 6.317034e+08 6.787574e+08 7.081569e+08 7.245422e+08 7.337591e+08 7.390757e+08 7.438208e+08 7.446749e+08 7.435129e+08 7.410679e+08 7.376928e+08 7.336051e+08 6.794275e+08 6.146557e+08 5.419298e+08 4.763509e+08
4.147010e+08 4.147010e+08 4.147010e+08 4.147015e+08 4.148491e+08 4.286844e+08 4.379993e+08 4.481105e+08 4.554482e+08 4.645782e+08 4.848771e+08 5.039649e+08 5.200841e+08 5.333241e+08 5.444280e+08 5.542586e+08 5.635712e+08 6.133363e+08 6.587351e+08 6.871227e+08 7.029852e+08 7.119535e+08 7.171730e+08 7.219585e+08 7.230139e+08 7.221411e+08 7.200430e+08 7.170533e+08 7.133723e+08 6.627431e+08 6.021120e+08 5.329323e+08 4.694961e+08
4.028225e+08 4.028225e+08 4.028225e+08 4.028229e+08 4.029663e+08 4.164027e+08 4.254490e+08 4.352644e+08 4.423825e+08 4.512370e+08 4.709181e+08 4.894207e+08 5.050430e+08 5.178731e+08 5.286309e+08 5.381515e+08 5.471653e+08 5.952511e+08 6.390720e+08 6.664938e+08 6.818564e+08 6.905875e+08 6.957158e+08 7.005453e+08 7.017999e+08 7.012107e+08 6.994506e+08 6.968359e+08 6.935520e+08 6.464207e+08 5.896982e+08 5.240016e+08 4.627101e+08
3.911391e+08 3.911391e+08 3.911391e+08 3.911395e+08 3.912787e+08 4.043194e+08 4.130995e+08 4.226230e+08 4.295252e+08 4.381094e+08 4.571859e+08 4.751171e+08 4.902554e+08 5.026869e+08 5.131093e+08 5.223305e+08 5.310573e+08 5.775493e+08 6.198822e+08 6.463901e+08 6.612754e+08 6.697760e+08 6.748121e+08 6.796741e+08 6.811120e+08 6.807885e+08 6.793480e+08 6.770898e+08 6.741859e+08 6.304698e+08 5.774303e+08 5.151404e+08 4.559911e+08
3.797481e+08 3.797481e+08 3.797481e+08 3.797485e+08 3.798836e+08 3.925349e+08 4.010529e+08 4.102893e+08 4.169803e+08 4.253004e+08 4.437872e+08 4.611619e+08 4.758295e+08 4.878739e+08 4.979709e+08 5.069028e+08 5.153534e+08 5.603325e+08 6.012633e+08 6.269071e+08 6.413354e+08 6.496091e+08 6.545479e+08 6.594216e+08 6.610171e+08 6.609330e+08 6.597858e+08 6.578591e+08 6.553119e+08 6.148982e+08 5.653234e+08 5.063518e+08 4.493377e+08
3.686897e+08 3.686897e+08 3.686897e+08 3.686901e+08 3.688211e+08 3.810931e+08 3.893557e+08 3.983128e+08 4.047988e+08 4.128630e+08 4.307794e+08 4.476167e+08 4.618299e+08 4.735011e+08 4.832849e+08 4.919390e+08 5.001255e+08 5.436707e+08 5.832799e+08 6.081060e+08 6.220960e+08 6.301457e+08 6.349814e+08 6.398428e+08 6.415660e+08 6.416900e+08 6.408052e+08 6.391802e+08 6.369623e+08 5.997122e+08 5.533916e+08 4.976396e+08 4.427490e+08
3.579907e+08 3.579907e+08 3.579907e+08 3.579910e+08 3.581181e+08 3.700238e+08 3.780398e+08 3.867278e+08 3.930169e+08 4.008354e+08 4.182044e+08 4.345261e+08 4.483039e+08 4.596174e+08 4.691013e+08 4.774896e+08 4.854237e+08 5.276078e+08 5.659671e+08 5.900176e+08 6.035870e+08 6.114160e+08 6.161438e+08 6.209705e+08 6.227915e+08 6.230912e+08 6.224361e+08 6.210808e+08 6.191621e+08 5.849161e+08 5.416477e+08 4.890077e+08 4.362245e+08
3.476766e+08 3.476766e+08 3.476766e+08 3.476770e+08 3.478003e+08 3.593541e+08 3.671333e+08 3.755632e+08 3.816638e+08 3.892472e+08 4.060927e+08 4.219216e+08 4.352829e+08 4.462543e+08 4.554510e+08 4.635849e+08 4.712777e+08 5.121648e+08 5.493369e+08 5.726494e+08 5.858153e+08 5.934284e+08 5.980452e+08 6.028187e+08 6.047104e+08 6.051549e+08 6.046971e+08 6.035795e+08 6.019289e+08 5.705130e+08 5.301034e+08 4.804605e+08 4.297637e+08
3.377545e+08 3.377545e+08 3.377545e+08 3.377548e+08 3.378745e+08 3.490907e+08 3.566426e+08 3.648250e+08 3.707451e+08 3.781037e+08 3.944485e+08 4.098062e+08 4.227693e+08 4.334134e+08 4.423358e+08 4.502266e+08 4.576889e+08 4.973402e+08 5.333834e+08 5.559932e+08 5.687726e+08 5.761755e+08 5.806804e+08 5.853867e+08 5.873259e+08 5.878874e+08 5.875969e+08 5.866858e+08 5.852728e+08 5.565041e+08 5.187687e+08 4.720027e+08 4.233667e+08
3.282213e+08 3.282213e+08 3.282213e+08 3.282216e+08 3.283379e+08 3.392303e+08 3.465641e+08 3.545092e+08 3.602566e+08 3.674001e+08 3.832661e+08 3.981733e+08 4.107557e+08 4.210872e+08 4.297472e+08 4.374057e+08 4.446479e+08 4.831217e+08 5.180907e+08 5.400315e+08 5.524412e+08 5.596406e+08 5.640341e+08 5.686633e+08 5.706312e+08 5.712855e+08 5.711350e+08 5.704018e+08 5.691975e+08 5.428892e+08 5.076522e+08 4.636389e+08 4.170336e+08
3.190657e+08 3.190657e+08 3.190657e+08 3.190660e+08 3.191790e+08 3.297609e+08 3.368857e+08 3.446037e+08 3.501858e+08 3.571235e+08 3.725319e+08 3.870085e+08 3.992273e+08 4.092600e+08 4.176695e+08 4.251062e+08 4.321383e+08 4.694906e+08 5.034379e+08 5.247417e+08 5.367981e+08 5.438012e+08 5.480850e+08 5.526301e+08 5.546116e+08 5.553384e+08 5.553041e+08 5.547229e+08 5.537004e+08 5.296666e+08 4.967613e+08 4.553738e+08 4.107647e+08
3.102766e+08 3.102766e+08 3.102766e+08 3.102769e+08 3.103867e+08 3.206708e+08 3.275951e+08 3.350953e+08 3.405192e+08 3.472600e+08 3.622304e+08 3.762951e+08 3.881662e+08 3.979133e+08 4.060834e+08 4.133084e+08 4.201401e+08 4.564248e+08 4.894007e+08 5.100983e+08 5.218172e+08 5.286313e+08 5.328076e+08 5.372643e+08 5.392474e+08 5.400297e+08 5.400911e+08 5.396390e+08 5.387741e+08 5.168333e+08 4.861019e+08 4.472121e+08 4.045605e+08
3.018428e+08 3.018428e+08 3.018428e+08 3.018432e+08 3.019499e+08 3.119483e+08 3.186803e+08 3.259716e+08 3.312440e+08 3.377962e+08 3.523475e+08 3.660182e+08 3.775565e+08 3.870305e+08 3.949717e+08 4.019944e+08 4.086347e+08 4.439022e+08 4.759537e+08 4.960739e+08 5.074704e+08 5.141026e+08 5.181741e+08 5.225399e+08 5.245155e+08 5.253394e+08 5.254792e+08 5.251362e+08 5.244073e+08 5.043851e+08 4.756784e+08 4.391583e+08 3.984217e+08
2.937502e+08 2.937502e+08 2.937502e+08 2.937505e+08 2.938543e+08 3.035789e+08 3.101266e+08 3.172179e+08 3.223453e+08 3.287172e+08 3.428676e+08 3.561615e+08 3.673819e+08 3.765949e+08 3.843174e+08 3.911468e+08 3.976044e+08 4.319013e+08 4.630712e+08 4.826405e+08 4.937287e+08 5.001861e+08 5.041557e+08 5.084294e+08 5.103904e+08 5.112448e+08 5.114484e+08 5.111974e+08 5.105856e+08 4.923166e+08 4.654941e+08 4.312166e+08 3.923489e+08
2.859868e+08 2.859868e+08 2.859868e+08 2.859871e+08 2.860881e+08 2.955505e+08 3.019216e+08 3.088215e+08 3.138102e+08 3.200095e+08 3.337766e+08 3.467102e+08 3.576265e+08 3.665899e+08 3.741032e+08 3.807477e+08 3.870305e+08 4.203997e+08 4.507274e+08 4.697700e+08 4.805629e+08 4.868523e+08 4.907231e+08 4.949047e+08 4.968458e+08 4.977217e+08 4.979771e+08 4.978036e+08 4.972923e+08 4.806214e+08 4.555512e+08 4.233913e+08 3.863432e+08
2.785398e+08 2.785398e+08 2.785398e+08 2.785401e+08 2.786384e+08 2.878496e+08 2.940515e+08 3.007680e+08 3.056238e+08 3.116579e+08 3.250579e+08 3.376467e+08 3.482719e+08 3.569963e+08 3.643094e+08 3.707768e+08 3.768925e+08 4.093739e+08 4.388958e+08 4.574345e+08 4.679445e+08 4.740723e+08 4.778474e+08 4.819375e+08 4.838550e+08 4.847453e+08 4.850425e+08 4.849343e+08 4.845094e+08 4.692924e+08 4.458505e+08 4.156860e+08 3.804055e+08
2.713941e+08 2.713941e+08 2.713941e+08 2.713944e+08 2.714902e+08 2.804604e+08 2.865001e+08 2.930408e+08 2.977694e+08 3.036452e+08 3.166936e+08 3.289520e+08 3.392984e+08 3.477939e+08 3.549153e+08 3.612132e+08 3.671686e+08 3.988001e+08 4.275507e+08 4.456067e+08 4.558454e+08 4.618179e+08 4.655005e+08 4.695005e+08 4.713916e+08 4.722906e+08 4.726217e+08 4.725684e+08 4.722176e+08 4.583215e+08 4.363921e+08 4.081043e+08 3.745367e+08
2.645362e+08 2.645362e+08 2.645362e+08 2.645364e+08 2.646297e+08 2.733689e+08 2.792530e+08 2.856250e+08 2.902314e+08 2.959555e+08 3.086667e+08 3.206082e+08 3.306873e+08 3.389634e+08 3.459008e+08 3.520362e+08 3.578380e+08 3.886551e+08 4.166668e+08 4.342603e+08 4.442388e+08 4.500619e+08 4.536551e+08 4.575669e+08 4.594298e+08 4.603332e+08 4.606914e+08 4.606845e+08 4.603974e+08 4.477002e+08 4.271751e+08 4.006491e+08 3.687380e+08
2.579503e+08 2.579503e+08 2.579503e+08 2.579506e+08 2.580415e+08 2.665588e+08 2.722936e+08 2.785038e+08 2.829932e+08 2.885716e+08 3.009594e+08 3.125971e+08 3.224197e+08 3.304853e+08 3.372465e+08 3.432260e+08 3.488806e+08 3.789168e+08 4.062202e+08 4.233701e+08 4.330989e+08 4.387784e+08 4.422855e+08 4.461110e+08 4.479446e+08 4.488490e+08 4.492291e+08 4.492613e+08 4.490292e+08 4.374193e+08 4.181977e+08 3.933233e+08 3.630105e+08
2.516224e+08 2.516224e+08 2.516224e+08 2.516227e+08 2.517113e+08 2.600159e+08 2.656073e+08 2.716623e+08 2.760393e+08 2.814781e+08 2.935556e+08 3.049019e+08 3.144786e+08 3.223423e+08 3.289342e+08 3.347643e+08 3.402776e+08 3.695646e+08 3.961882e+08 4.129126e+08 4.224015e+08 4.279430e+08 4.313670e+08 4.351088e+08 4.369124e+08 4.378151e+08 4.382127e+08 4.382781e+08 4.380934e+08 4.274695e+08 4.094576e+08 3.861290e+08 3.573554e+08
2.455416e+08 2.455416e+08 2.455416e+08 2.455419e+08 2.456284e+08 2.537285e+08 2.591823e+08 2.650882e+08 2.693572e+08 2.746618e+08 2.864414e+08 2.975078e+08 3.068482e+08 3.145180e+08 3.209475e+08 3.266340e+08 3.320115e+08 3.605790e+08 3.865498e+08 4.028654e+08 4.121240e+08 4.175327e+08 4.208768e+08 4.245371e+08 4.263106e+08 4.272096e+08 4.276211e+08 4.277145e+08 4.275708e+08 4.178411e+08 4.009518e+08 3.790683e+08 3.517736e+08
2.396955e+08 2.396955e+08 2.396955e+08 2.396958e+08 2.397801e+08 2.476838e+08 2.530054e+08 2.587679e+08 2.629332e+08 2.681089e+08 2.796022e+08 2.903995e+08 2.995130e+08 3.069965e+08 3.132699e+08 3.188183e+08 3.240655e+08 3.519417e+08 3.772852e+08 3.932080e+08 4.022452e+08 4.075263e+08 4.107932e+08 4.143746e+08 4.161178e+08 4.170114e+08 4.174338e+08 4.175511e+08 4.174430e+08 4.085242e+08 3.926766e+08 3.721425e+08 3.462664e+08
2.340721e+08 2.340721e+08 2.340721e+08 2.340724e+08 2.341547e+08 2.418696e+08 2.470641e+08 2.526888e+08 2.567545e+08 2.618063e+08 2.730243e+08 2.835631e+08 2.924584e+08 2.997628e+08 3.058861e+08 3.113019e+08 3.164237e+08 3.436352e+08 3.683759e+08 3.839211e+08 3.927454e+08 3.979035e+08 4.010961e+08 4.046008e+08 4.063138e+08 4.072007e+08 4.076315e+08 4.077691e+08 4.076919e+08 3.995088e+08 3.846282e+08 3.653528e+08 3.408347e+08
2.286597e+08 2.286597e+08 2.286597e+08 2.286599e+08 2.287403e+08 2.362737e+08 2.413459e+08 2.468382e+08 2.508080e+08 2.557407e+08 2.666941e+08 2.769844e+08 2.856699e+08 2.928020e+08 2.987810e+08 3.040693e+08 3.090706e+08 3.356431e+08 3.598042e+08 3.749864e+08 3.836058e+08 3.886456e+08 3.917664e+08 3.951966e+08 3.968796e+08 3.977587e+08 3.981958e+08 3.983506e+08 3.983002e+08 3.907850e+08 3.768020e+08 3.586999e+08 3.354796e+08
2.234485e+08 2.234485e+08 2.234485e+08 2.234487e+08 2.235273e+08 2.308859e+08 2.358405e+08 2.412053e+08 2.450828e+08 2.499008e+08 2.605996e+08 2.706505e+08 2.791341e+08 2.861005e+08 2.919407e+08 2.971062e+08 3.019916e+08 3.279497e+08 3.515536e+08 3.663867e+08 3.748089e+08 3.797346e+08 3.827861e+08 3.861440e+08 3.877972e+08 3.886675e+08 3.891090e+08 3.892783e+08 3.892514e+08 3.823429e+08 3.691935e+08 3.521841e+08 3.302020e+08
2.184286e+08 2.184286e+08 2.184286e+08 2.184289e+08 2.185056e+08 2.256959e+08 2.305372e+08 2.357792e+08 2.395679e+08 2.442755e+08 2.547291e+08 2.645498e+08 2.728391e+08 2.796460e+08 2.853524e+08 2.903999e+08 2.951737e+08 3.205407e+08 3.436085e+08 3.581056e+08 3.663380e+08 3.711537e+08 3.741382e+08 3.774258e+08 3.790494e+08 3.799101e+08 3.803546e+08 3.805361e+08 3.805295e+08 3.741725e+08 3.617977e+08 3.458054e+08 3.250027e+08
2.135915e+08 2.135915e+08 2.135915e+08 2.135917e+08 2.136667e+08 2.206950e+08 2.254271e+08 2.305510e+08 2.342541e+08 2.388554e+08 2.490730e+08 2.586719e+08 2.667741e+08 2.734274e+08 2.790052e+08 2.839389e+08 2.886053e+08 3.134029e+08 3.359544e+08 3.501277e+08 3.581771e+08 3.628867e+08 3.658064e+08 3.690257e+08 3.706199e+08 3.714705e+08 3.719165e+08 3.721084e+08 3.721196e+08 3.662643e+08 3.546094e+08 3.395636e+08 3.198825e+08
2.089281e+08 2.089281e+08 2.089281e+08 2.089283e+08 2.090017e+08 2.158738e+08 2.205009e+08 2.255108e+08 2.291316e+08 2.336305e+08 2.436207e+08 2.530061e+08 2.609281e+08 2.674334e+08 2.728873e+08 2.777114e+08 2.822742e+08 3.065232e+08 3.285770e+08 3.424383e+08 3.503112e+08 3.549183e+08 3.577753e+08 3.609281e+08 3.624934e+08 3.633334e+08 3.637798e+08 3.639803e+08 3.640070e+08 3.586088e+08 3.476235e+08 3.334579e+08 3.148421e+08
2.044306e+08 2.044306e+08 2.044306e+08 2.044308e+08 2.045026e+08 2.112242e+08 2.157499e+08 2.206500e+08 2.241914e+08 2.285916e+08 2.383627e+08 2.475422e+08 2.552905e+08 2.616532e+08 2.669876e+08 2.717061e+08 2.761691e+08 2.998892e+08 3.214631e+08 3.350233e+08 3.427259e+08 3.472339e+08 3.500303e+08 3.531186e+08 3.546553e+08 3.554842e+08 3.559302e+08 3.561378e+08 3.561781e+08 3.511966e+08 3.408345e+08 3.274875e+08 3.098820e+08
2.000910e+08 2.000910e+08 2.000910e+08 2.000912e+08 2.001614e+08 2.067378e+08 2.111658e+08 2.159600e+08 2.194248e+08 2.237299e+08 2.332897e+08 2.422707e+08 2.498514e+08 2.560767e+08 2.612958e+08 2.659125e+08 2.702793e+08 2.934890e+08 3.145997e+08 3.278694e+08 3.354074e+08 3.398198e+08 3.425575e+08 3.455830e+08 3.470918e+08 3.479094e+08 3.483541e+08 3.485676e+08 3.486198e+08 3.440188e+08 3.342371e+08 3.216512e+08 3.050027e+08
1.959022e+08 1.959022e+08 1.959022e+08 1.959024e+08 1.959711e+08 2.024075e+08 2.067411e+08 2.114332e+08 2.148241e+08 2.190374e+08 2.283933e+08 2.371828e+08 2.446019e+08 2.506944e+08 2.558023e+08 2.603207e+08 2.645946e+08 2.873116e+08 3.079749e+08 3.209638e+08 3.283429e+08 3.326627e+08 3.353437e+08 3.383084e+08 3.397897e+08 3.405959e+08 3.410387e+08 3.412571e+08 3.413197e+08 3.370665e+08 3.278258e+08 3.159475e+08 3.002045e+08
1.918569e+08 1.918569e+08 1.918569e+08 1.918571e+08 1.919244e+08 1.982255e+08 2.024682e+08 2.070617e+08 2.103813e+08 2.145059e+08 2.236649e+08 2.322696e+08 2.395326e+08 2.454970e+08 2.504976e+08 2.549210e+08 2.591051e+08 2.813460e+08 3.015771e+08 3.142947e+08 3.215201e+08 3.257506e+08 3.283765e+08 3.312823e+08 3.327367e+08 3.335315e+08 3.339720e+08 3.341944e+08 3.342661e+08 3.303314e+08 3.215952e+08 3.103749e+08 2.954877e+08
1.879486e+08 1.879486e+08 1.879486e+08 1.879488e+08 1.880147e+08 1.941853e+08 1.983400e+08 2.028383e+08 2.060890e+08 2.101280e+08 2.190968e+08 2.275228e+08 2.346350e+08 2.404757e+08 2.453724e+08 2.497042e+08 2.538016e+08 2.755824e+08 2.953955e+08 3.078509e+08 3.149278e+08 3.190717e+08 3.216445e+08 3.244931e+08 3.259213e+08 3.267047e+08 3.271424e+08 3.273680e+08 3.274478e+08 3.238050e+08 3.155398e+08 3.049316e+08 2.908523e+08
1.841709e+08 1.841709e+08 1.841709e+08 1.841711e+08 1.842356e+08 1.902800e+08 1.943498e+08 1.987560e+08 2.019401e+08 2.058963e+08 2.146814e+08 2.229346e+08 2.299012e+08 2.356222e+08 2.404187e+08 2.446617e+08 2.486753e+08 2.700113e+08 2.894203e+08 3.016221e+08 3.085551e+08 3.126154e+08 3.151367e+08 3.179299e+08 3.193325e+08 3.201046e+08 3.205392e+08 3.207674e+08 3.208544e+08 3.174795e+08 3.096544e+08 2.996156e+08 2.862984e+08
1.805177e+08 1.805177e+08 1.805177e+08 1.805179e+08 1.805811e+08 1.865036e+08 1.904913e+08 1.948085e+08 1.979282e+08 2.018045e+08 2.104119e+08 2.184982e+08 2.253239e+08 2.309292e+08 2.356287e+08 2.397861e+08 2.437186e+08 2.646241e+08 2.836421e+08 2.955983e+08 3.023922e+08 3.063714e+08 3.088429e+08 3.115823e+08 3.129601e+08 3.137209e+08 3.141521e+08 3.143825e+08 3.144758e+08 3.113472e+08 3.039337e+08 2.944249e+08 2.818258e+08
1.769833e+08 1.769833e+08 1.769833e+08 1.769835e+08 1.770454e+08 1.828500e+08 1.867583e+08 1.909895e+08 1.940470e+08 1.978459e+08 2.062814e+08 2.142064e+08 2.208958e+08 2.263892e+08 2.309950e+08 2.350694e+08 2.389235e+08 2.594124e+08 2.780519e+08 2.897703e+08 2.964296e+08 3.003303e+08 3.027535e+08 3.054407e+08 3.067943e+08 3.075440e+08 3.079717e+08 3.082036e+08 3.083025e+08 3.054008e+08 2.983724e+08 2.893571e+08 2.774344e+08
1.735626e+08 1.735626e+08 1.735626e+08 1.735627e+08 1.736235e+08 1.793140e+08 1.831454e+08 1.872933e+08 1.902906e+08 1.940145e+08 2.022838e+08 2.100525e+08 2.166100e+08 2.219952e+08 2.265102e+08 2.305043e+08 2.342825e+08 2.543682e+08 2.726411e+08 2.841295e+08 2.906583e+08 2.944830e+08 2.968595e+08 2.994961e+08 3.008260e+08 3.015648e+08 3.019889e+08 3.022220e+08 3.023258e+08 2.996332e+08 2.929655e+08 2.844100e+08 2.731238e+08
1.702503e+08 1.702503e+08 1.702503e+08 1.702505e+08 1.703101e+08 1.758900e+08 1.796470e+08 1.837143e+08 1.866532e+08 1.903046e+08 1.984128e+08 2.060302e+08 2.124600e+08 2.177404e+08 2.221675e+08 2.260839e+08 2.297886e+08 2.494840e+08 2.674020e+08 2.786675e+08 2.850700e+08 2.888211e+08 2.911522e+08 2.937398e+08 2.950467e+08 2.957748e+08 2.961950e+08 2.964289e+08 2.965371e+08 2.940374e+08 2.877081e+08 2.795812e+08 2.688936e+08
1.670413e+08 1.670413e+08 1.670413e+08 1.670415e+08 1.670999e+08 1.725728e+08 1.762578e+08 1.802469e+08 1.831293e+08 1.867106e+08 1.946628e+08 2.021337e+08 2.084399e+08 2.136188e+08 2.179608e+08 2.218019e+08 2.254355e+08 2.447527e+08 2.623270e+08 2.733767e+08 2.796569e+08 2.833367e+08 2.856239e+08 2.881638e+08 2.894483e+08 2.901657e+08 2.905820e+08 2.908164e+08 2.909286e+08 2.886071e+08 2.825953e+08 2.748683e+08 2.647432e+08
1.639307e+08 1.639307e+08 1.639307e+08 1.639309e+08 1.639882e+08 1.693575e+08 1.729726e+08 1.768862e+08 1.797139e+08 1.832271e+08 1.910284e+08 1.983575e+08 2.045440e+08 2.096245e+08 2.138841e+08 2.176524e+08 2.212170e+08 2.401680e+08 2.574094e+08 2.682500e+08 2.744116e+08 2.780222e+08 2.802668e+08 2.827605e+08 2.840231e+08 2.847301e+08 2.851423e+08 2.853769e+08 2.854925e+08 2.833360e+08 2.776223e+08 2.702686e+08 2.606722e+08
1.609149e+08 1.609149e+08 1.609149e+08 1.609151e+08 1.609713e+08 1.662401e+08 1.697876e+08 1.736278e+08 1.764025e+08 1.798499e+08 1.875049e+08 1.946966e+08 2.007671e+08 2.057523e+08 2.099321e+08 2.136298e+08 2.171276e+08 2.357237e+08 2.526424e+08 2.632803e+08 2.693270e+08 2.728706e+08 2.750739e+08 2.775227e+08 2.787640e+08 2.794606e+08 2.798687e+08 2.801032e+08 2.802217e+08 2.782179e+08 2.727846e+08 2.657797e+08 2.566797e+08
1.579901e+08 1.579901e+08 1.579901e+08 1.579902e+08 1.580454e+08 1.632168e+08 1.666986e+08 1.704678e+08 1.731911e+08 1.765747e+08 1.840879e+08 1.911464e+08 1.971044e+08 2.019974e+08 2.060998e+08 2.097290e+08 2.131621e+08 2.314141e+08 2.480200e+08 2.584614e+08 2.643967e+08 2.678752e+08 2.700384e+08 2.724435e+08 2.736639e+08 2.743503e+08 2.747542e+08 2.749884e+08 2.751095e+08 2.732473e+08 2.680776e+08 2.613991e+08 2.527650e+08
