1.080312e+09 1.068954e+09 1.060942e+09 1.010653e+09 9.787640e+08 8.479524e+08 7.731979e+08 6.962829e+08 6.916717e+08 7.197122e+08 8.558354e+08 1.009635e+09 1.119418e+09 1.185879e+09 1.224382e+09 1.246636e+09 1.259614e+09 1.279085e+09 1.290124e+09 1.306352e+09 1.324470e+09 1.341353e+09 1.355345e+09 1.372576e+09 1.376073e+09 1.368467e+09 1.352659e+09 1.331127e+09 1.305798e+09 1.022232e+09 8.036809e+08 6.466703e+08 5.316956e+08
7.512285e+08 7.512294e+08 7.512316e+08 7.512408e+08 7.510618e+08 7.374097e+08 7.133442e+08 6.646997e+08 6.669909e+08 6.987767e+08 8.382221e+08 9.942108e+08 1.106386e+09 1.175210e+09 1.215812e+09 1.239834e+09 1.254270e+09 1.277911e+09 1.290554e+09 1.307395e+09 1.325692e+09 1.342548e+09 1.356418e+09 1.373308e+09 1.376461e+09 1.368558e+09 1.352508e+09 1.330787e+09 1.305314e+09 1.021459e+09 8.030636e+08 6.461926e+08 5.313223e+08
6.636405e+08 6.636407e+08 6.636413e+08 6.636482e+08 6.636380e+08 6.596111e+08 6.501237e+08 6.322987e+08 6.370065e+08 6.715250e+08 8.155450e+08 9.750759e+08 1.090755e+09 1.162765e+09 1.206044e+09 1.232231e+09 1.248398e+09 1.276727e+09 1.291057e+09 1.308512e+09 1.326969e+09 1.343783e+09 1.357516e+09 1.374045e+09 1.376842e+09 1.368635e+09 1.352341e+09 1.330430e+09 1.304815e+09 1.020679e+09 8.024428e+08 6.457130e+08 5.309480e+08
6.115420e+08 6.115421e+08 6.115423e+08 6.115470e+08 6.115520e+08 6.105494e+08 6.043302e+08 6.020509e+08 6.153817e+08 6.515333e+08 7.931073e+08 9.541774e+08 1.073416e+09 1.149020e+09 1.195360e+09 1.224010e+09 1.242121e+09 1.275558e+09 1.291639e+09 1.309701e+09 1.328302e+09 1.345054e+09 1.358637e+09 1.374785e+09 1.377216e+09 1.368699e+09 1.352158e+09 1.330057e+09 1.304298e+09 1.019891e+09 8.018186e+08 6.452317e+08 5.305726e+08
5.768771e+08 5.768771e+08 5.768773e+08 5.768797e+08 5.768829e+08 5.765440e+08 5.737248e+08 5.720569e+08 5.907135e+08 6.327470e+08 7.786208e+08 9.373602e+08 1.056799e+09 1.135117e+09 1.184352e+09 1.215500e+09 1.235636e+09 1.274428e+09 1.292300e+09 1.310960e+09 1.329685e+09 1.346359e+09 1.359777e+09 1.375527e+09 1.377580e+09 1.368748e+09 1.351958e+09 1.329666e+09 1.303764e+09 1.019096e+09 8.011911e+08 6.447485e+08 5.301961e+08
5.519902e+08 5.519903e+08 5.519904e+08 5.519941e+08 5.520028e+08 5.520028e+08 5.509743e+08 5.506219e+08 5.690178e+08 6.128911e+08 7.651559e+08 9.271874e+08 1.045853e+09 1.123478e+09 1.174212e+09 1.207335e+09 1.229296e+09 1.273365e+09 1.293041e+09 1.312285e+09 1.331116e+09 1.347695e+09 1.360934e+09 1.376267e+09 1.377933e+09 1.368782e+09 1.351741e+09 1.329257e+09 1.303213e+09 1.018293e+09 8.005601e+08 6.442635e+08 5.298186e+08
5.346215e+08 5.346215e+08 5.346217e+08 5.346251e+08 5.346341e+08 5.347578e+08 5.345405e+08 5.362315e+08 5.537347e+08 5.966729e+08 7.508984e+08 9.181230e+08 1.039853e+09 1.117567e+09 1.167202e+09 1.200645e+09 1.223727e+09 1.272419e+09 1.293862e+09 1.313671e+09 1.332588e+09 1.349056e+09 1.362105e+09 1.377004e+09 1.378274e+09 1.368799e+09 1.351505e+09 1.328829e+09 1.302643e+09 1.017483e+09 7.999256e+08 6.437767e+08 5.294400e+08
5.230155e+08 5.230156e+08 5.230157e+08 5.230187e+08 5.230273e+08 5.231922e+08 5.233213e+08 5.266426e+08 5.438691e+08 5.855878e+08 7.382395e+08 9.086027e+08 1.034937e+09 1.115157e+09 1.165063e+09 1.197429e+09 1.219965e+09 1.271670e+09 1.294768e+09 1.315112e+09 1.334097e+09 1.350439e+09 1.363285e+09 1.377735e+09 1.378601e+09 1.368798e+09 1.351250e+09 1.328382e+09 1.302055e+09 1.016665e+09 7.992878e+08 6.432880e+08 5.290603e+08
5.156502e+08 5.156502e+08 5.156503e+08 5.156532e+08 5.156613e+08 5.158403e+08 5.161321e+08 5.205242e+08 5.378749e+08 5.788593e+08 7.289777e+08 8.997077e+08 1.029795e+09 1.113698e+09 1.165439e+09 1.197984e+09 1.219622e+09 1.271250e+09 1.295768e+09 1.316605e+09 1.335637e+09 1.351838e+09 1.364471e+09 1.378457e+09 1.378912e+09 1.368778e+09 1.350974e+09 1.327915e+09 1.301447e+09 1.015839e+09 7.986466e+08 6.427976e+08 5.286797e+08
5.114973e+08 5.114974e+08 5.114974e+08 5.115000e+08 5.115074e+08 5.116864e+08 5.120543e+08 5.170691e+08 5.346336e+08 5.753086e+08 7.233420e+08 8.928193e+08 1.024780e+09 1.112113e+09 1.166580e+09 1.200385e+09 1.222071e+09 1.271359e+09 1.296884e+09 1.318145e+09 1.337201e+09 1.353248e+09 1.365659e+09 1.379169e+09 1.379207e+09 1.368738e+09 1.350678e+09 1.327427e+09 1.300821e+09 1.015006e+09 7.980019e+08 6.423054e+08 5.282979e+08
5.098423e+08 5.098424e+08 5.098424e+08 5.098447e+08 5.098515e+08 5.100242e+08 5.104180e+08 5.156612e+08 5.333384e+08 5.739126e+08 7.206950e+08 8.885545e+08 1.020762e+09 1.110391e+09 1.167612e+09 1.203364e+09 1.225883e+09 1.272294e+09 1.298154e+09 1.319734e+09 1.338785e+09 1.354664e+09 1.366843e+09 1.379867e+09 1.379482e+09 1.368677e+09 1.350360e+09 1.326919e+09 1.300174e+09 1.014165e+09 7.973538e+08 6.418113e+08 5.279151e+08
5.032442e+08 5.032442e+08 5.032442e+08 5.032444e+08 5.032450e+08 5.032556e+08 5.032679e+08 5.084664e+08 5.282057e+08 5.733715e+08 7.341433e+08 9.120839e+08 1.046253e+09 1.134688e+09 1.192251e+09 1.231179e+09 1.258876e+09 1.322174e+09 1.336517e+09 1.344664e+09 1.356534e+09 1.368689e+09 1.377823e+09 1.385516e+09 1.380782e+09 1.366616e+09 1.345795e+09 1.320542e+09 1.292524e+09 1.005329e+09 7.906847e+08 6.367716e+08 5.240293e+08
4.793275e+08 4.793275e+08 4.793275e+08 4.793275e+08 4.793272e+08 4.793171e+08 4.792794e+08 4.847490e+08 5.058621e+08 5.542406e+08 7.268974e+08 9.190749e+08 1.065118e+09 1.161707e+09 1.223719e+09 1.263980e+09 1.290872e+09 1.350374e+09 1.376845e+09 1.388043e+09 1.390275e+09 1.389926e+09 1.389523e+09 1.387943e+09 1.378479e+09 1.361160e+09 1.338154e+09 1.311415e+09 1.282432e+09 9.957036e+08 7.836734e+08 6.315523e+08 5.200393e+08
4.402791e+08 4.402791e+08 4.402791e+08 4.402791e+08 4.402789e+08 4.402728e+08 4.402537e+08 4.460283e+08 4.679854e+08 5.182428e+08 6.979399e+08 8.990412e+08 1.053426e+09 1.157282e+09 1.225622e+09 1.271300e+09 1.302583e+09 1.368074e+09 1.392072e+09 1.407994e+09 1.415290e+09 1.414354e+09 1.408394e+09 1.391262e+09 1.372946e+09 1.351919e+09 1.326962e+09 1.299136e+09 1.269585e+09 9.852780e+08 7.763218e+08 6.261553e+08 5.159465e+08
4.020800e+08 4.020800e+08 4.020800e+08 4.020800e+08 4.020799e+08 4.020768e+08 4.020681e+08 4.080053e+08 4.304348e+08 4.817833e+08 6.657843e+08 8.726507e+08 1.032664e+09 1.141579e+09 1.214490e+09 1.264363e+09 1.299496e+09 1.376867e+09 1.399627e+09 1.411691e+09 1.419588e+09 1.421723e+09 1.417501e+09 1.396160e+09 1.368430e+09 1.340308e+09 1.312586e+09 1.283743e+09 1.253927e+09 9.740520e+08 7.686335e+08 6.205833e+08 5.117527e+08
3.691897e+08 3.691897e+08 3.691897e+08 3.691897e+08 3.691897e+08 3.691879e+08 3.691845e+08 3.752370e+08 3.980370e+08 4.502540e+08 6.376522e+08 8.489343e+08 1.013060e+09 1.125461e+09 1.201336e+09 1.253795e+09 1.291235e+09 1.376803e+09 1.400825e+09 1.408692e+09 1.412444e+09 1.413615e+09 1.410925e+09 1.392426e+09 1.362577e+09 1.329446e+09 1.296871e+09 1.265992e+09 1.235809e+09 9.620386e+08 7.606145e+08 6.148393e+08 5.074597e+08
3.416044e+08 3.416044e+08 3.416044e+08 3.416044e+08 3.416043e+08 3.416032e+08 3.416021e+08 3.477286e+08 3.707851e+08 4.236079e+08 6.133576e+08 8.276282e+08 9.944367e+08 1.108999e+09 1.186598e+09 1.240462e+09 1.279075e+09 1.368562e+09 1.393781e+09 1.399355e+09 1.398856e+09 1.396573e+09 1.392722e+09 1.376885e+09 1.349620e+09 1.316112e+09 1.281346e+09 1.247742e+09 1.216142e+09 9.492664e+08 7.522729e+08 6.089271e+08 5.030697e+08
3.182301e+08 3.182301e+08 3.182301e+08 3.182301e+08 3.182300e+08 3.182291e+08 3.182290e+08 3.243776e+08 3.475113e+08 4.005255e+08 5.910801e+08 8.064656e+08 9.743445e+08 1.089799e+09 1.168108e+09 1.222524e+09 1.261564e+09 1.352157e+09 1.377703e+09 1.382261e+09 1.379075e+09 1.373528e+09 1.367286e+09 1.351499e+09 1.327890e+09 1.297222e+09 1.263302e+09 1.229223e+09 1.196515e+09 9.357814e+08 7.436191e+08 6.028511e+08 4.985852e+08
2.980652e+08 2.980652e+08 2.980652e+08 2.980652e+08 2.980652e+08 2.980643e+08 2.980647e+08 3.041774e+08 3.271764e+08 3.798937e+08 5.694634e+08 7.838763e+08 9.511250e+08 1.066231e+09 1.144339e+09 1.198615e+09 1.237530e+09 1.327469e+09 1.352640e+09 1.356809e+09 1.352462e+09 1.344963e+09 1.336695e+09 1.319470e+09 1.298574e+09 1.271967e+09 1.241097e+09 1.208585e+09 1.176395e+09 9.216492e+08 7.346659e+08 5.966166e+08 4.940088e+08
2.802895e+08 2.802895e+08 2.802895e+08 2.802894e+08 2.802894e+08 2.802887e+08 2.802894e+08 2.863074e+08 3.089504e+08 3.608608e+08 5.475945e+08 7.589069e+08 9.238280e+08 1.037384e+09 1.114453e+09 1.167989e+09 1.206340e+09 1.294599e+09 1.319182e+09 1.323406e+09 1.319042e+09 1.310997e+09 1.301767e+09 1.283261e+09 1.263966e+09 1.241200e+09 1.214388e+09 1.184936e+09 1.154644e+09 9.069555e+08 7.254289e+08 5.902292e+08 4.893435e+08
2.642534e+08 2.642534e+08 2.642534e+08 2.642534e+08 2.642534e+08 2.642526e+08 2.642530e+08 2.701151e+08 2.921786e+08 3.427700e+08 5.248220e+08 7.309465e+08 8.919245e+08 1.002844e+09 1.078171e+09 1.130520e+09 1.168025e+09 1.254313e+09 1.278573e+09 1.283320e+09 1.279757e+09 1.272277e+09 1.263186e+09 1.244471e+09 1.226252e+09 1.206570e+09 1.183827e+09 1.158166e+09 1.130770e+09 8.918069e+08 7.159259e+08 5.836954e+08 4.845925e+08
2.494449e+08 2.494449e+08 2.494449e+08 2.494449e+08 2.494448e+08 2.494441e+08 2.494448e+08 2.551032e+08 2.764005e+08 3.252451e+08 5.010896e+08 7.003323e+08 8.560920e+08 9.635519e+08 1.036637e+09 1.087507e+09 1.124012e+09 1.208424e+09 1.232798e+09 1.238497e+09 1.236258e+09 1.230058e+09 1.221930e+09 1.204229e+09 1.187101e+09 1.169792e+09 1.150586e+09 1.128767e+09 1.104764e+09 8.763306e+08 7.061776e+08 5.770224e+08 4.797593e+08
2.356822e+08 2.356822e+08 2.356822e+08 2.356822e+08 2.356822e+08 2.356817e+08 2.356827e+08 2.411073e+08 2.615246e+08 3.083622e+08 4.770686e+08 6.683894e+08 8.181392e+08 9.216227e+08 9.921487e+08 1.041359e+09 1.076773e+09 1.159453e+09 1.184290e+09 1.191204e+09 1.190529e+09 1.185948e+09 1.179245e+09 1.163479e+09 1.147703e+09 1.132288e+09 1.115934e+09 1.097564e+09 1.076986e+09 8.606754e+08 6.962071e+08 5.702179e+08 4.748476e+08
2.229246e+08 2.229246e+08 2.229246e+08 2.229246e+08 2.229246e+08 2.229241e+08 2.229254e+08 2.281029e+08 2.475915e+08 2.923102e+08 4.534780e+08 6.364310e+08 7.798393e+08 8.791420e+08 9.469990e+08 9.945019e+08 1.028819e+09 1.109956e+09 1.135430e+09 1.143607e+09 1.144484e+09 1.141552e+09 1.136411e+09 1.123061e+09 1.108894e+09 1.095093e+09 1.080969e+09 1.065462e+09 1.048010e+09 8.450189e+08 6.860402e+08 5.632905e+08 4.698613e+08
2.111629e+08 2.111629e+08 2.111629e+08 2.111629e+08 2.111629e+08 2.111626e+08 2.111642e+08 2.160986e+08 2.346718e+08 2.773024e+08 4.310423e+08 6.057513e+08 7.429132e+08 8.381003e+08 9.033333e+08 9.491616e+08 9.824061e+08 1.062053e+09 1.088109e+09 1.097405e+09 1.099644e+09 1.098193e+09 1.094527e+09 1.083677e+09 1.071254e+09 1.058901e+09 1.046514e+09 1.033270e+09 1.018472e+09 8.296012e+08 6.757053e+08 5.562491e+08 4.648045e+08
2.004167e+08 2.004167e+08 2.004167e+08 2.004167e+08 2.004167e+08 2.004165e+08 2.004182e+08 2.051235e+08 2.228359e+08 2.635027e+08 4.102523e+08 5.771925e+08 7.084541e+08 7.997394e+08 8.624716e+08 9.066922e+08 9.388962e+08 1.017002e+09 1.043469e+09 1.053659e+09 1.057002e+09 1.056778e+09 1.054382e+09 1.045856e+09 1.035166e+09 1.024138e+09 1.013121e+09 1.001613e+09 9.889496e+08 8.144680e+08 6.652331e+08 5.491037e+08 4.596817e+08
1.906393e+08 1.906393e+08 1.906393e+08 1.906393e+08 1.906393e+08 1.906391e+08 1.906409e+08 1.951344e+08 2.120522e+08 2.509063e+08 3.911972e+08 5.509470e+08 6.767343e+08 7.643873e+08 8.247811e+08 8.674896e+08 8.987074e+08 9.752774e+08 1.002002e+09 1.012869e+09 1.017063e+09 1.017805e+09 1.016442e+09 1.009928e+09 1.000853e+09 9.910317e+08 9.811173e+08 9.709186e+08 9.599070e+08 7.994704e+08 6.546564e+08 5.418645e+08 4.544976e+08
1.817294e+08 1.817294e+08 1.817294e+08 1.817294e+08 1.817294e+08 1.817293e+08 1.817311e+08 1.860307e+08 2.022208e+08 2.394140e+08 3.737850e+08 5.269404e+08 6.477022e+08 7.320157e+08 7.902542e+08 8.315636e+08 8.618631e+08 9.369378e+08 9.637875e+08 9.751464e+08 9.799771e+08 9.814555e+08 9.809015e+08 9.760504e+08 9.684057e+08 9.596660e+08 9.506540e+08 9.414395e+08 9.316700e+08 7.845212e+08 6.440105e+08 5.345425e+08 4.492569e+08
1.736102e+08 1.736102e+08 1.736102e+08 1.736102e+08 1.736102e+08 1.736101e+08 1.736119e+08 1.777349e+08 1.932629e+08 2.289447e+08 3.579261e+08 5.050710e+08 6.212439e+08 7.024987e+08 7.587540e+08 7.987669e+08 8.282067e+08 9.018008e+08 9.286561e+08 9.403583e+08 9.456588e+08 9.476908e+08 9.477575e+08 9.442394e+08 9.378153e+08 9.300257e+08 9.217626e+08 9.132913e+08 9.044371e+08 7.695610e+08 6.333330e+08 5.271494e+08 4.439648e+08
1.662025e+08 1.662025e+08 1.662025e+08 1.662025e+08 1.662025e+08 1.662024e+08 1.662042e+08 1.701663e+08 1.850906e+08 2.193940e+08 3.434561e+08 4.851071e+08 5.970753e+08 6.755168e+08 7.299378e+08 7.687424e+08 7.973728e+08 8.695140e+08 8.963017e+08 9.082493e+08 9.139018e+08 9.163505e+08 9.168883e+08 9.144141e+08 9.090004e+08 9.020279e+08 8.943915e+08 8.864887e+08 8.783018e+08 7.545498e+08 6.226647e+08 5.196972e+08 4.386264e+08
1.594289e+08 1.594289e+08 1.594289e+08 1.594289e+08 1.594289e+08 1.594288e+08 1.594306e+08 1.632443e+08 1.776126e+08 2.106461e+08 3.301726e+08 4.667521e+08 5.748331e+08 6.506692e+08 7.033882e+08 7.410696e+08 7.689462e+08 8.397199e+08 8.664141e+08 8.785427e+08 8.844594e+08 8.872183e+08 8.881069e+08 8.864304e+08 8.818304e+08 8.755468e+08 8.684373e+08 8.609780e+08 8.532780e+08 7.394652e+08 6.120509e+08 5.121986e+08 4.332473e+08
1.532011e+08 1.532011e+08 1.532011e+08 1.532011e+08 1.532011e+08 1.532010e+08 1.532027e+08 1.568792e+08 1.707333e+08 2.025922e+08 3.179235e+08 4.498122e+08 5.542978e+08 6.277238e+08 6.788678e+08 7.155086e+08 7.426852e+08 8.121673e+08 8.387312e+08 8.509737e+08 8.570740e+08 8.600519e+08 8.611916e+08 8.601053e+08 8.561437e+08 8.504305e+08 8.437661e+08 8.366630e+08 8.293244e+08 7.243002e+08 6.015511e+08 5.046665e+08 4.278330e+08
1.474543e+08 1.474543e+08 1.474543e+08 1.474543e+08 1.474543e+08 1.474543e+08 1.474559e+08 1.510061e+08 1.643873e+08 1.951659e+08 3.066367e+08 4.342036e+08 5.353700e+08 6.065638e+08 6.562416e+08 6.919063e+08 7.184196e+08 7.866178e+08 8.129820e+08 8.252629e+08 8.314711e+08 8.345902e+08 8.358990e+08 8.352331e+08 8.317608e+08 8.265149e+08 8.202299e+08 8.134243e+08 8.063648e+08 7.090616e+08 5.912014e+08 4.971145e+08 4.223894e+08
1.421144e+08 1.421144e+08 1.421144e+08 1.421144e+08 1.421144e+08 1.421143e+08 1.421159e+08 1.455501e+08 1.584955e+08 1.882779e+08 2.961841e+08 4.197523e+08 5.178369e+08 5.869473e+08 6.352460e+08 6.699833e+08 6.958577e+08 7.627551e+08 7.888535e+08 8.011088e+08 8.073639e+08 8.105628e+08 8.119768e+08 8.115992e+08 8.084968e+08 8.036334e+08 7.976779e+08 7.911333e+08 7.843041e+08 6.937677e+08 5.809611e+08 4.895565e+08 4.169223e+08
1.371358e+08 1.371358e+08 1.371358e+08 1.371358e+08 1.371358e+08 1.371358e+08 1.371373e+08 1.404628e+08 1.530014e+08 1.818530e+08 2.864245e+08 4.062429e+08 5.014283e+08 5.685694e+08 6.155567e+08 6.494049e+08 6.746610e+08 7.402545e+08 7.660409e+08 7.782215e+08 7.844759e+08 7.877073e+08 7.891789e+08 7.889922e+08 7.861706e+08 7.816260e+08 7.759653e+08 7.696632e+08 7.630408e+08 6.784453e+08 5.708048e+08 4.820071e+08 4.114379e+08
1.324572e+08 1.324572e+08 1.324572e+08 1.324572e+08 1.324572e+08 1.324571e+08 1.324586e+08 1.356820e+08 1.478369e+08 1.758105e+08 2.772328e+08 3.935037e+08 4.859390e+08 5.512050e+08 5.969368e+08 6.299278e+08 6.545823e+08 7.188620e+08 7.442870e+08 7.563443e+08 7.625555e+08 7.657821e+08 7.672768e+08 7.672152e+08 7.646147e+08 7.603463e+08 7.549604e+08 7.488961e+08 7.424757e+08 6.631274e+08 5.607154e+08 4.744810e+08 4.059422e+08
1.280384e+08 1.280384e+08 1.280384e+08 1.280384e+08 1.280384e+08 1.280383e+08 1.280398e+08 1.311664e+08 1.429581e+08 1.700999e+08 2.685346e+08 3.814328e+08 4.712447e+08 5.347129e+08 5.792321e+08 6.113870e+08 6.354470e+08 6.983675e+08 7.233633e+08 7.352447e+08 7.413754e+08 7.445703e+08 7.460671e+08 7.460949e+08 7.436828e+08 7.396674e+08 7.345492e+08 7.287287e+08 7.225187e+08 6.478503e+08 5.506811e+08 4.669941e+08 4.004416e+08
1.238508e+08 1.238508e+08 1.238508e+08 1.238508e+08 1.238508e+08 1.238507e+08 1.238521e+08 1.268866e+08 1.383321e+08 1.646805e+08 2.602612e+08 3.699287e+08 4.572163e+08 5.189430e+08 5.622761e+08 5.936024e+08 6.170641e+08 6.785498e+08 7.030467e+08 7.147100e+08 7.207374e+08 7.238889e+08 7.253816e+08 7.254901e+08 7.232566e+08 7.194871e+08 7.146391e+08 7.090753e+08 7.030921e+08 6.326515e+08 5.406935e+08 4.595636e+08 3.949425e+08
1.198704e+08 1.198704e+08 1.198704e+08 1.198704e+08 1.198704e+08 1.198704e+08 1.198717e+08 1.228173e+08 1.339289e+08 1.595112e+08 2.523310e+08 3.588622e+08 4.436874e+08 5.037030e+08 5.458600e+08 5.763558e+08 5.992105e+08 6.591961e+08 6.831497e+08 6.945753e+08 7.004944e+08 7.036051e+08 7.050993e+08 7.052995e+08 7.032498e+08 6.997295e+08 6.951602e+08 6.898693e+08 6.841334e+08 6.175675e+08 5.307473e+08 4.522102e+08 3.894512e+08
1.160624e+08 1.160624e+08 1.160624e+08 1.160624e+08 1.160624e+08 1.160624e+08 1.160636e+08 1.189225e+08 1.297079e+08 1.545414e+08 2.446577e+08 3.481104e+08 4.305101e+08 4.888329e+08 5.298202e+08 5.594851e+08 5.817286e+08 6.401819e+08 6.635726e+08 6.747555e+08 6.805702e+08 6.836485e+08 6.851541e+08 6.854638e+08 6.836091e+08 6.803455e+08 6.760648e+08 6.710630e+08 6.655953e+08 6.026332e+08 5.208402e+08 4.449553e+08 3.839744e+08
1.123967e+08 1.123967e+08 1.123967e+08 1.123967e+08 1.123967e+08 1.123966e+08 1.123979e+08 1.151721e+08 1.256387e+08 1.497394e+08 2.372072e+08 3.376380e+08 4.176503e+08 4.743010e+08 5.141277e+08 5.429641e+08 5.645952e+08 6.214948e+08 6.443067e+08 6.552411e+08 6.609528e+08 6.640039e+08 6.655278e+08 6.659606e+08 6.643101e+08 6.613092e+08 6.573251e+08 6.526257e+08 6.474446e+08 5.878800e+08 5.109724e+08 4.377875e+08 3.785186e+08
1.088677e+08 1.088677e+08 1.088677e+08 1.088677e+08 1.088677e+08 1.088677e+08 1.088689e+08 1.115606e+08 1.217160e+08 1.451017e+08 2.299821e+08 3.274553e+08 4.051254e+08 4.601301e+08 4.988097e+08 5.268232e+08 5.478429e+08 6.031721e+08 6.253878e+08 6.360639e+08 6.416685e+08 6.446917e+08 6.462351e+08 6.467946e+08 6.453505e+08 6.426135e+08 6.389293e+08 6.345412e+08 6.296612e+08 5.733363e+08 5.011466e+08 4.306965e+08 3.730906e+08
1.054687e+08 1.054687e+08 1.054687e+08 1.054687e+08 1.054687e+08 1.054687e+08 1.054699e+08 1.080813e+08 1.179341e+08 1.406236e+08 2.229825e+08 3.175690e+08 3.929478e+08 4.463375e+08 4.838873e+08 5.110871e+08 5.314995e+08 5.852524e+08 6.068595e+08 6.172677e+08 6.227579e+08 6.257475e+08 6.273059e+08 6.279852e+08 6.267418e+08 6.242637e+08 6.208775e+08 6.168041e+08 6.122348e+08 5.590266e+08 4.913676e+08 4.236766e+08 3.676971e+08
1.021939e+08 1.021939e+08 1.021939e+08 1.021939e+08 1.021939e+08 1.021939e+08 1.021950e+08 1.047284e+08 1.142869e+08 1.362993e+08 2.162035e+08 3.079760e+08 3.811174e+08 4.329266e+08 4.693680e+08 4.957672e+08 5.155804e+08 5.677673e+08 5.887615e+08 5.988942e+08 6.042610e+08 6.072080e+08 6.087727e+08 6.095566e+08 6.085013e+08 6.062721e+08 6.031773e+08 5.994174e+08 5.951633e+08 5.449719e+08 4.816420e+08 4.167237e+08 3.623454e+08
9.903684e+07 9.903684e+07 9.903684e+07 9.903684e+07 9.903684e+07 9.903680e+07 9.903793e+07 1.014955e+08 1.107683e+08 1.321228e+08 2.096409e+08 2.986758e+08 3.696379e+08 4.199053e+08 4.552637e+08 4.808791e+08 5.001046e+08 5.507472e+08 5.711280e+08 5.809767e+08 5.862091e+08 5.891016e+08 5.906614e+08 5.915302e+08 5.906472e+08 5.886538e+08 5.858406e+08 5.823889e+08 5.784502e+08 5.311897e+08 4.719780e+08 4.098352e+08 3.570430e+08
9.599375e+07 9.599375e+07 9.599375e+07 9.599375e+07 9.599374e+07 9.599371e+07 9.599482e+07 9.837905e+07 1.073750e+08 1.280921e+08 2.032969e+08 2.896756e+08 3.585211e+08 4.072893e+08 4.415927e+08 4.664433e+08 4.850940e+08 5.342146e+08 5.539778e+08 5.635312e+08 5.686162e+08 5.714421e+08 5.729859e+08 5.739213e+08 5.731952e+08 5.714243e+08 5.688812e+08 5.657296e+08 5.621027e+08 5.176943e+08 4.623850e+08 4.030091e+08 3.517987e+08
9.306499e+07 9.306499e+07 9.306499e+07 9.306499e+07 9.306499e+07 9.306496e+07 9.306604e+07 9.537926e+07 1.041072e+08 1.242074e+08 1.971725e+08 2.809781e+08 3.477711e+08 3.950833e+08 4.283599e+08 4.524639e+08 4.705516e+08 5.181652e+08 5.373023e+08 5.465492e+08 5.514770e+08 5.542281e+08 5.557490e+08 5.567391e+08 5.561587e+08 5.545983e+08 5.523139e+08 5.494525e+08 5.461309e+08 5.044973e+08 4.528730e+08 3.962443e+08 3.466235e+08
9.024825e+07 9.024825e+07 9.024825e+07 9.024825e+07 9.024825e+07 9.024822e+07 9.024927e+07 9.249370e+07 1.009622e+08 1.204647e+08 1.912591e+08 2.725682e+08 3.373673e+08 3.832618e+08 4.155359e+08 4.389084e+08 4.564422e+08 5.025586e+08 5.210662e+08 5.300044e+08 5.347745e+08 5.374509e+08 5.389487e+08 5.399908e+08 5.395499e+08 5.381907e+08 5.361535e+08 5.335714e+08 5.305461e+08 4.916077e+08 4.434529e+08 3.895404e+08 3.415153e+08
8.753668e+07 8.753668e+07 8.753668e+07 8.753668e+07 8.753667e+07 8.753664e+07 8.753766e+07 8.971514e+07 9.793104e+07 1.168515e+08 1.855305e+08 2.644046e+08 3.272561e+08 3.717638e+08 4.030554e+08 4.257097e+08 4.426991e+08 4.873420e+08 5.052344e+08 5.138761e+08 5.184987e+08 5.211081e+08 5.225884e+08 5.236871e+08 5.233828e+08 5.222167e+08 5.204156e+08 5.181004e+08 5.153602e+08 4.790323e+08 4.341356e+08 3.828975e+08 3.364687e+08
8.492050e+07 8.492050e+07 8.492050e+07 8.492050e+07 8.492050e+07 8.492046e+07 8.492145e+07 8.703341e+07 9.500208e+07 1.133528e+08 1.799605e+08 2.564495e+08 3.173932e+08 3.605425e+08 3.908724e+08 4.128246e+08 4.292827e+08 4.724981e+08 4.898051e+08 4.981711e+08 5.026610e+08 5.052138e+08 5.066834e+08 5.078443e+08 5.076741e+08 5.066927e+08 5.051155e+08 5.030534e+08 5.005852e+08 4.667759e+08 4.249318e+08 3.763163e+08 3.314808e+08
8.239311e+07 8.239311e+07 8.239311e+07 8.239311e+07 8.239311e+07 8.239308e+07 8.239406e+07 8.444202e+07 9.216889e+07 1.099624e+08 1.745450e+08 2.487037e+08 3.077849e+08 3.496100e+08 3.790041e+08 4.002747e+08 4.162182e+08 4.580619e+08 4.748148e+08 4.829241e+08 4.872929e+08 4.897965e+08 4.912595e+08 4.924838e+08 4.924422e+08 4.916351e+08 4.902679e+08 4.884437e+08 4.862322e+08 4.548415e+08 4.158520e+08 3.697977e+08 3.265494e+08
7.995859e+07 7.995859e+07 7.995859e+07 7.995859e+07 7.995859e+07 7.995857e+07 7.995953e+07 8.194524e+07 8.943699e+07 1.066888e+08 1.693034e+08 2.411988e+08 2.984728e+08 3.390143e+08 3.675025e+08 3.881144e+08 4.035616e+08 4.440882e+08 4.603130e+08 4.681784e+08 4.724324e+08 4.748891e+08 4.763452e+08 4.776279e+08 4.777051e+08 4.770589e+08 4.758859e+08 4.742824e+08 4.723108e+08 4.432307e+08 4.069061e+08 3.633433e+08 3.216733e+08
7.761879e+07 7.761879e+07 7.761879e+07 7.761879e+07 7.761879e+07 7.761877e+07 7.761972e+07 7.954522e+07 8.680965e+07 1.035378e+08 1.642504e+08 2.339593e+08 2.894882e+08 3.287913e+08 3.564064e+08 3.763841e+08 3.913541e+08 4.306178e+08 4.463370e+08 4.539677e+08 4.581093e+08 4.605178e+08 4.619639e+08 4.632947e+08 4.634771e+08 4.629759e+08 4.619796e+08 4.605783e+08 4.588283e+08 4.319437e+08 3.981034e+08 3.569551e+08 3.168512e+08
7.537377e+07 7.537377e+07 7.537377e+07 7.537377e+07 7.537377e+07 7.537375e+07 7.537467e+07 7.724214e+07 8.428758e+07 1.005113e+08 1.593922e+08 2.269959e+08 2.808455e+08 3.189576e+08 3.457336e+08 3.651025e+08 3.796148e+08 4.176697e+08 4.329049e+08 4.403089e+08 4.443393e+08 4.466973e+08 4.481288e+08 4.494949e+08 4.497671e+08 4.493936e+08 4.485552e+08 4.473370e+08 4.457895e+08 4.209795e+08 3.894521e+08 3.506350e+08 3.120825e+08
7.322324e+07 7.322324e+07 7.322324e+07 7.322324e+07 7.322324e+07 7.322322e+07 7.322413e+07 7.503588e+07 8.187093e+07 9.761006e+07 1.547313e+08 2.203131e+08 2.725501e+08 3.095191e+08 3.354903e+08 3.542755e+08 3.683493e+08 4.052475e+08 4.200194e+08 4.272044e+08 4.311251e+08 4.334303e+08 4.348427e+08 4.362312e+08 4.365774e+08 4.363141e+08 4.356149e+08 4.345603e+08 4.331960e+08 4.103361e+08 3.809598e+08 3.443855e+08 3.073665e+08
7.116619e+07 7.116619e+07 7.116619e+07 7.116618e+07 7.116618e+07 7.116617e+07 7.116705e+07 7.292533e+07 7.955858e+07 9.483290e+07 1.502665e+08 2.139091e+08 2.645999e+08 3.004729e+08 3.256727e+08 3.438987e+08 3.575526e+08 3.933442e+08 4.076724e+08 4.146462e+08 4.184590e+08 4.207097e+08 4.220993e+08 4.234987e+08 4.239042e+08 4.237343e+08 4.231563e+08 4.222465e+08 4.210465e+08 4.000103e+08 3.726328e+08 3.382092e+08 3.027028e+08
6.919665e+07 6.919665e+07 6.919665e+07 6.919665e+07 6.919665e+07 6.919665e+07 6.919750e+07 7.090456e+07 7.734445e+07 9.217342e+07 1.459900e+08 2.077747e+08 2.569843e+08 2.918075e+08 3.162687e+08 3.339594e+08 3.472114e+08 3.819445e+08 3.958481e+08 4.026187e+08 4.063260e+08 4.085215e+08 4.098855e+08 4.112864e+08 4.117381e+08 4.116465e+08 4.111731e+08 4.103903e+08 4.093367e+08 3.899983e+08 3.644766e+08 3.321087e+08 2.980911e+08
6.731151e+07 6.731151e+07 6.731151e+07 6.731151e+07 6.731151e+07 6.731150e+07 6.731233e+07 6.897029e+07 7.522495e+07 8.962729e+07 1.418950e+08 2.019003e+08 2.496913e+08 2.835094e+08 3.072634e+08 3.244417e+08 3.373091e+08 3.710296e+08 3.845267e+08 3.911019e+08 3.947067e+08 3.968472e+08 3.981838e+08 3.995788e+08 4.000660e+08 4.000395e+08 3.996556e+08 3.989837e+08 3.980596e+08 3.802954e+08 3.564956e+08 3.260868e+08 2.935315e+08
6.550696e+07 6.550696e+07 6.550696e+07 6.550696e+07 6.550696e+07 6.550695e+07 6.550776e+07 6.711869e+07 7.319588e+07 8.718948e+07 1.379733e+08 1.962741e+08 2.427065e+08 2.755621e+08 2.986391e+08 3.153269e+08 3.278263e+08 3.605781e+08 3.736861e+08 3.800737e+08 3.835792e+08 3.856654e+08 3.869737e+08 3.883575e+08 3.888717e+08 3.888991e+08 3.885915e+08 3.880160e+08 3.872059e+08 3.708962e+08 3.486933e+08 3.201462e+08 2.890238e+08
6.377897e+07 6.377897e+07 6.377897e+07 6.377897e+07 6.377897e+07 6.377897e+07 6.377976e+07 6.534560e+07 7.125268e+07 8.485453e+07 1.342162e+08 1.908837e+08 2.360143e+08 2.679480e+08 2.903765e+08 3.065948e+08 3.187419e+08 3.505670e+08 3.633030e+08 3.695109e+08 3.729209e+08 3.749541e+08 3.762339e+08 3.776029e+08 3.781371e+08 3.782091e+08 3.779667e+08 3.774747e+08 3.767648e+08 3.617948e+08 3.410721e+08 3.142896e+08 2.845681e+08
6.212308e+07 6.212308e+07 6.212308e+07 6.212308e+07 6.212308e+07 6.212307e+07 6.212384e+07 6.364647e+07 6.939049e+07 8.261682e+07 1.306154e+08 1.857173e+08 2.296002e+08 2.606503e+08 2.824576e+08 2.982261e+08 3.100358e+08 3.409741e+08 3.533545e+08 3.593907e+08 3.627091e+08 3.646912e+08 3.659427e+08 3.672947e+08 3.678436e+08 3.679525e+08 3.677655e+08 3.673459e+08 3.667238e+08 3.529848e+08 3.336337e+08 3.085195e+08 2.801649e+08
6.053532e+07 6.053532e+07 6.053532e+07 6.053532e+07 6.053532e+07 6.053532e+07 6.053607e+07 6.201727e+07 6.760494e+07 8.047121e+07 1.271627e+08 1.807636e+08 2.234504e+08 2.536536e+08 2.748654e+08 2.902029e+08 3.016894e+08 3.317790e+08 3.438196e+08 3.496919e+08 3.529226e+08 3.548554e+08 3.560794e+08 3.574126e+08 3.579721e+08 3.581116e+08 3.579719e+08 3.576149e+08 3.570696e+08 3.444593e+08 3.263788e+08 3.028385e+08 2.758142e+08
5.901276e+07 5.901276e+07 5.901276e+07 5.901276e+07 5.901276e+07 5.901276e+07 5.901349e+07 6.045495e+07 6.589266e+07 7.841356e+07 1.238515e+08 1.760128e+08 2.175527e+08 2.469438e+08 2.675850e+08 2.825095e+08 2.936864e+08 3.229636e+08 3.346793e+08 3.403948e+08 3.435416e+08 3.454269e+08 3.466238e+08 3.479371e+08 3.485037e+08 3.486684e+08 3.485691e+08 3.482662e+08 3.477882e+08 3.362110e+08 3.193076e+08 2.972488e+08 2.715165e+08
5.755225e+07 5.755225e+07 5.755225e+07 5.755225e+07 5.755225e+07 5.755225e+07 5.755296e+07 5.895629e+07 6.425015e+07 7.643980e+07 1.206754e+08 1.714561e+08 2.118962e+08 2.405088e+08 2.606028e+08 2.751315e+08 2.860117e+08 3.145109e+08 3.259157e+08 3.314809e+08 3.345470e+08 3.363863e+08 3.375567e+08 3.388492e+08 3.394200e+08 3.396054e+08 3.395404e+08 3.392845e+08 3.388653e+08 3.282325e+08 3.124193e+08 2.917525e+08 2.672723e+08
5.615058e+07 5.615058e+07 5.615058e+07 5.615058e+07 5.615058e+07 5.615058e+07 5.615128e+07 5.751804e+07 6.267390e+07 7.454577e+07 1.176281e+08 1.670846e+08 2.064698e+08 2.343359e+08 2.539054e+08 2.680546e+08 2.786506e+08 3.064044e+08 3.175111e+08 3.229321e+08 3.259205e+08 3.277152e+08 3.288594e+08 3.301303e+08 3.307028e+08 3.309052e+08 3.308695e+08 3.306542e+08 3.302865e+08 3.205160e+08 3.057127e+08 2.863513e+08 2.630820e+08
5.480538e+07 5.480538e+07 5.480538e+07 5.480538e+07 5.480538e+07 5.480537e+07 5.480605e+07 5.613772e+07 6.116118e+07 7.272818e+07 1.147040e+08 1.628901e+08 2.012634e+08 2.284132e+08 2.474796e+08 2.612648e+08 2.715882e+08 2.986271e+08 3.094479e+08 3.147304e+08 3.176438e+08 3.193953e+08 3.205139e+08 3.217625e+08 3.223347e+08 3.225508e+08 3.225400e+08 3.223599e+08 3.220374e+08 3.130537e+08 2.991860e+08 2.810470e+08 2.589461e+08
5.351344e+07 5.351344e+07 5.351344e+07 5.351344e+07 5.351344e+07 5.351344e+07 5.351410e+07 5.481208e+07 5.970846e+07 7.098280e+07 1.118965e+08 1.588631e+08 1.962652e+08 2.227276e+08 2.413112e+08 2.547472e+08 2.648089e+08 2.911620e+08 3.017086e+08 3.068581e+08 3.096994e+08 3.114089e+08 3.125025e+08 3.137284e+08 3.142986e+08 3.145257e+08 3.145362e+08 3.143867e+08 3.141037e+08 3.058377e+08 2.928369e+08 2.758409e+08 2.548652e+08
5.227179e+07 5.227179e+07 5.227179e+07 5.227179e+07 5.227179e+07 5.227178e+07 5.227243e+07 5.353806e+07 5.831238e+07 6.930566e+07 1.091993e+08 1.549949e+08 1.914642e+08 2.172667e+08 2.353866e+08 2.484873e+08 2.582979e+08 2.839930e+08 2.942764e+08 2.992982e+08 3.020701e+08 3.037391e+08 3.048083e+08 3.060115e+08 3.065783e+08 3.068142e+08 3.068428e+08 3.067198e+08 3.064715e+08 2.988599e+08 2.866627e+08 2.707341e+08 2.508398e+08
5.107766e+07 5.107766e+07 5.107766e+07 5.107766e+07 5.107766e+07 5.107766e+07 5.107829e+07 5.231284e+07 5.696992e+07 6.769321e+07 1.066070e+08 1.512777e+08 1.868510e+08 2.120194e+08 2.296940e+08 2.424727e+08 2.520420e+08 2.771050e+08 2.871357e+08 2.920348e+08 2.947398e+08 2.963698e+08 2.974152e+08 2.985957e+08 2.991582e+08 2.994009e+08 2.994450e+08 2.993451e+08 2.991273e+08 2.921126e+08 2.806604e+08 2.657274e+08 2.468704e+08
4.992847e+07 4.992847e+07 4.992847e+07 4.992847e+07 4.992847e+07 4.992847e+07 4.992909e+07 5.113378e+07 5.567819e+07 6.614202e+07 1.041142e+08 1.477038e+08 1.824161e+08 2.069752e+08 2.242217e+08 2.366909e+08 2.460283e+08 2.704838e+08 2.802716e+08 2.850527e+08 2.876935e+08 2.892857e+08 2.903080e+08 2.914660e+08 2.920234e+08 2.922714e+08 2.923286e+08 2.922489e+08 2.920580e+08 2.855877e+08 2.748267e+08 2.608214e+08 2.429577e+08
4.882250e+07 4.882250e+07 4.882250e+07 4.882250e+07 4.882250e+07 4.882250e+07 4.882310e+07 4.999907e+07 5.443513e+07 6.464946e+07 1.017161e+08 1.442661e+08 1.781504e+08 2.021235e+08 2.189585e+08 2.311301e+08 2.402446e+08 2.641160e+08 2.736702e+08 2.783378e+08 2.809166e+08 2.824724e+08 2.834723e+08 2.846081e+08 2.851597e+08 2.854117e+08 2.854802e+08 2.854182e+08 2.852511e+08 2.792775e+08 2.691580e+08 2.560163e+08 2.391020e+08
4.775735e+07 4.775735e+07 4.775735e+07 4.775735e+07 4.775735e+07 4.775735e+07 4.775793e+07 4.890627e+07 5.323807e+07 6.321233e+07 9.940774e+07 1.409575e+08 1.740452e+08 1.974546e+08 2.138937e+08 2.257790e+08 2.346790e+08 2.579887e+08 2.673183e+08 2.718766e+08 2.743958e+08 2.759163e+08 2.768945e+08 2.780085e+08 2.785538e+08 2.788087e+08 2.788869e+08 2.788404e+08 2.786944e+08 2.731743e+08 2.636505e+08 2.513124e+08 2.353039e+08
4.673051e+07 4.673051e+07 4.673051e+07 4.673051e+07 4.673051e+07 4.673051e+07 4.673108e+07 4.785282e+07 5.208429e+07 6.182753e+07 9.718450e+07 1.377717e+08 1.700927e+08 1.929597e+08 2.090177e+08 2.206274e+08 2.293211e+08 2.520900e+08 2.612034e+08 2.656565e+08 2.681181e+08 2.696046e+08 2.705617e+08 2.716542e+08 2.721930e+08 2.724500e+08 2.725365e+08 2.725036e+08 2.723763e+08 2.672706e+08 2.583003e+08 2.467093e+08 2.315639e+08
4.574004e+07 4.574004e+07 4.574004e+07 4.574004e+07 4.574004e+07 4.574004e+07 4.574060e+07 4.683674e+07 5.097161e+07 6.049238e+07 9.504202e+07 1.347023e+08 1.662852e+08 1.886298e+08 2.043210e+08 2.156653e+08 2.241603e+08 2.464086e+08 2.553136e+08 2.596653e+08 2.620714e+08 2.635251e+08 2.644619e+08 2.655334e+08 2.660654e+08 2.663237e+08 2.664174e+08 2.663966e+08 2.662860e+08 2.615590e+08 2.531033e+08 2.422067e+08 2.278822e+08
4.478439e+07 4.478439e+07 4.478439e+07 4.478439e+07 4.478439e+07 4.478439e+07 4.478494e+07 4.585640e+07 4.989819e+07 5.920464e+07 9.297645e+07 1.317438e+08 1.626154e+08 1.844568e+08 1.997945e+08 2.108832e+08 2.191868e+08 2.409335e+08 2.496379e+08 2.538919e+08 2.562446e+08 2.576666e+08 2.585836e+08 2.596348e+08 2.601598e+08 2.604189e+08 2.605187e+08 2.605086e+08 2.604128e+08 2.560325e+08 2.480556e+08 2.378041e+08 2.242592e+08
4.386155e+07 4.386155e+07 4.386155e+07 4.386155e+07 4.386155e+07 4.386155e+07 4.386209e+07 4.490977e+07 4.886184e+07 5.796171e+07 9.098381e+07 1.288905e+08 1.590766e+08 1.804330e+08 1.954300e+08 2.062724e+08 2.143914e+08 2.356547e+08 2.441658e+08 2.483258e+08 2.506269e+08 2.520183e+08 2.529163e+08 2.539475e+08 2.544656e+08 2.547249e+08 2.548300e+08 2.548293e+08 2.547469e+08 2.506839e+08 2.431530e+08 2.335006e+08 2.206953e+08
4.296958e+07 4.296958e+07 4.296958e+07 4.296958e+07 4.296958e+07 4.296958e+07 4.297010e+07 4.399486e+07 4.786044e+07 5.676115e+07 8.906044e+07 1.261373e+08 1.556626e+08 1.765512e+08 1.912198e+08 2.018247e+08 2.097658e+08 2.305631e+08 2.388879e+08 2.429571e+08 2.452085e+08 2.465704e+08 2.474499e+08 2.484618e+08 2.489727e+08 2.492318e+08 2.493414e+08 2.493492e+08 2.492787e+08 2.455066e+08 2.383912e+08 2.292952e+08 2.171905e+08
4.210731e+07 4.210731e+07 4.210731e+07 4.210731e+07 4.210731e+07 4.210731e+07 4.210783e+07 4.311047e+07 4.689262e+07 5.560120e+07 8.720324e+07 1.234796e+08 1.523674e+08 1.728050e+08 1.871567e+08 1.975325e+08 2.053020e+08 2.256499e+08 2.337949e+08 2.377767e+08 2.399801e+08 2.413135e+08 2.421751e+08 2.431681e+08 2.436719e+08 2.439304e+08 2.440439e+08 2.440590e+08 2.439993e+08 2.404940e+08 2.337661e+08 2.251870e+08 2.137451e+08
4.127395e+07 4.127395e+07 4.127395e+07 4.127395e+07 4.127395e+07 4.127395e+07 4.127446e+07 4.225576e+07 4.595738e+07 5.448052e+07 8.540957e+07 1.209133e+08 1.491858e+08 1.691880e+08 1.832340e+08 1.933887e+08 2.009927e+08 2.209069e+08 2.288785e+08 2.327759e+08 2.349330e+08 2.362388e+08 2.370831e+08 2.380576e+08 2.385543e+08 2.388118e+08 2.389285e+08 2.389503e+08 2.389001e+08 2.356399e+08 2.292737e+08 2.211745e+08 2.103590e+08
4.046813e+07 4.046813e+07 4.046813e+07 4.046813e+07 4.046813e+07 4.046812e+07 4.046862e+07 4.142931e+07 4.505317e+07 5.339726e+07 8.367653e+07 1.184343e+08 1.461127e+08 1.656946e+08 1.794454e+08 1.893866e+08 1.968308e+08 2.163264e+08 2.241307e+08 2.279465e+08 2.300588e+08 2.313380e+08 2.321654e+08 2.331219e+08 2.336114e+08 2.338676e+08 2.339871e+08 2.340147e+08 2.339731e+08 2.309380e+08 2.249097e+08 2.172564e+08 2.070324e+08
3.968861e+07 3.968861e+07 3.968861e+07 3.968861e+07 3.968861e+07 3.968860e+07 3.968909e+07 4.062987e+07 4.417864e+07 5.234981e+07 8.200152e+07 1.160389e+08 1.431436e+08 1.623195e+08 1.757851e+08 1.855202e+08 1.928100e+08 2.119012e+08 2.195438e+08 2.232808e+08 2.253498e+08 2.266031e+08 2.274143e+08 2.283530e+08 2.288353e+08 2.290900e+08 2.292117e+08 2.292444e+08 2.292107e+08 2.263826e+08 2.206703e+08 2.134313e+08 2.037650e+08
3.893427e+07 3.893427e+07 3.893427e+07 3.893427e+07 3.893427e+07 3.893427e+07 3.893475e+07 3.985630e+07 4.333250e+07 5.133658e+07 8.038193e+07 1.137232e+08 1.402735e+08 1.590571e+08 1.722473e+08 1.817832e+08 1.889238e+08 2.076243e+08 2.151106e+08 2.187713e+08 2.207985e+08 2.220267e+08 2.228220e+08 2.237435e+08 2.242186e+08 2.244715e+08 2.245949e+08 2.246322e+08 2.246054e+08 2.219680e+08 2.165513e+08 2.096975e+08 2.005569e+08
3.820432e+07 3.820432e+07 3.820432e+07 3.820432e+07 3.820432e+07 3.820432e+07 3.820478e+07 3.910774e+07 4.251380e+07 5.035634e+07 7.881547e+07 1.114838e+08 1.374981e+08 1.559025e+08 1.688263e+08 1.781697e+08 1.851661e+08 2.034889e+08 2.108240e+08 2.144111e+08 2.163977e+08 2.176016e+08 2.183815e+08 2.192862e+08 2.197540e+08 2.200049e+08 2.201297e+08 2.201710e+08 2.201505e+08 2.176887e+08 2.125489e+08 2.060534e+08 1.974076e+08
3.749755e+07 3.749755e+07 3.749755e+07 3.749755e+07 3.749755e+07 3.749755e+07 3.749801e+07 3.838298e+07 4.172118e+07 4.940750e+07 7.729965e+07 1.093171e+08 1.348130e+08 1.528507e+08 1.655170e+08 1.746741e+08 1.815310e+08 1.994886e+08 2.066776e+08 2.101934e+08 2.121407e+08 2.133211e+08 2.140860e+08 2.149742e+08 2.154348e+08 2.156835e+08 2.158094e+08 2.158542e+08 2.158394e+08 2.135396e+08 2.086593e+08 2.024972e+08 1.943170e+08
3.681266e+07 3.681266e+07 3.681266e+07 3.681266e+07 3.681266e+07 3.681266e+07 3.681311e+07 3.768068e+07 4.095325e+07 4.848843e+07 7.583211e+07 1.072199e+08 1.322144e+08 1.498972e+08 1.623143e+08 1.712913e+08 1.780133e+08 1.956174e+08 2.026650e+08 2.061118e+08 2.080210e+08 2.091786e+08 2.099289e+08 2.108010e+08 2.112546e+08 2.115009e+08 2.116275e+08 2.116754e+08 2.116657e+08 2.095156e+08 2.048788e+08 1.990271e+08 1.912847e+08
3.614860e+07 3.614860e+07 3.614860e+07 3.614860e+07 3.614860e+07 3.614860e+07 3.614904e+07 3.699977e+07 4.020883e+07 4.759774e+07 7.441062e+07 1.051890e+08 1.296982e+08 1.470377e+08 1.592136e+08 1.680162e+08 1.746075e+08 1.918696e+08 1.987802e+08 2.021602e+08 2.040326e+08 2.051680e+08 2.059042e+08 2.067607e+08 2.072072e+08 2.074511e+08 2.075782e+08 2.076288e+08 2.076237e+08 2.056119e+08 2.012038e+08 1.956413e+08 1.883103e+08
3.550448e+07 3.550448e+07 3.550448e+07 3.550448e+07 3.550448e+07 3.550448e+07 3.550491e+07 3.633934e+07 3.948689e+07 4.673418e+07 7.303309e+07 1.032214e+08 1.272607e+08 1.442677e+08 1.562101e+08 1.648438e+08 1.713088e+08 1.882396e+08 1.950176e+08 1.983328e+08 2.001695e+08 2.012835e+08 2.020060e+08 2.028472e+08 2.032868e+08 2.035282e+08 2.036555e+08 2.037086e+08 2.037077e+08 2.018239e+08 1.976307e+08 1.923380e+08 1.853933e+08
3.487941e+07 3.487941e+07 3.487941e+07 3.487941e+07 3.487941e+07 3.487941e+07 3.487983e+07 3.569847e+07 3.878643e+07 4.589652e+07 7.169752e+07 1.013143e+08 1.248984e+08 1.415833e+08 1.532995e+08 1.617697e+08 1.681122e+08 1.847222e+08 1.913719e+08 1.946244e+08 1.964265e+08 1.975196e+08 1.982289e+08 1.990552e+08 1.994880e+08 1.997268e+08 1.998543e+08 1.999095e+08 1.999123e+08 1.981472e+08 1.941561e+08 1.891151e+08 1.825331e+08
3.427262e+07 3.427262e+07 3.427262e+07 3.427262e+07 3.427262e+07 3.427262e+07 3.427303e+07 3.507637e+07 3.810659e+07 4.508374e+07 7.040227e+07 9.946516e+07 1.226082e+08 1.389810e+08 1.504780e+08 1.587898e+08 1.650136e+08 1.813128e+08 1.878380e+08 1.910297e+08 1.927983e+08 1.938713e+08 1.945676e+08 1.953795e+08 1.958056e+08 1.960418e+08 1.961693e+08 1.962263e+08 1.962326e+08 1.945775e+08 1.907767e+08 1.859709e+08 1.797292e+08
3.368337e+07 3.368337e+07 3.368337e+07 3.368337e+07 3.368337e+07 3.368337e+07 3.368378e+07 3.447228e+07 3.744655e+07 4.429483e+07 6.914572e+07 9.767176e+07 1.203872e+08 1.364575e+08 1.477421e+08 1.559002e+08 1.620089e+08 1.780067e+08 1.844113e+08 1.875441e+08 1.892801e+08 1.903335e+08 1.910174e+08 1.918152e+08 1.922347e+08 1.924683e+08 1.925956e+08 1.926543e+08 1.926637e+08 1.911108e+08 1.874893e+08 1.829035e+08 1.769810e+08
