4.371042e+04 3.030808e+04 2.635079e+04 1.774390e+04 1.527274e+04 1.004626e+04 8.026043e+03 6.598272e+03 6.305029e+03 6.123904e+03 5.938829e+03 5.877234e+03 5.882390e+03 5.931219e+03 6.013095e+03 6.122399e+03 6.255416e+03 7.128937e+03 7.678114e+03 7.203538e+03 6.237448e+03 5.420405e+03 4.873452e+03 4.327427e+03 4.182329e+03 4.300819e+03 4.687113e+03 5.400869e+03 6.521072e+03 5.001016e+04 1.350562e+05 2.179726e+05 2.805177e+05
7.268816e+03 7.268816e+03 7.268807e+03 7.267938e+03 7.263208e+03 7.059203e+03 6.727679e+03 6.177619e+03 6.039905e+03 5.947902e+03 5.854286e+03 5.835914e+03 5.865158e+03 5.929300e+03 6.022019e+03 6.139660e+03 6.279440e+03 7.171846e+03 7.716935e+03 7.225391e+03 6.246021e+03 5.422679e+03 4.873404e+03 4.326951e+03 4.183120e+03 4.303748e+03 4.693176e+03 5.411280e+03 6.537205e+03 5.013784e+04 1.352717e+05 2.181990e+05 2.807127e+05
5.997503e+03 5.997506e+03 5.997515e+03 5.997703e+03 5.998007e+03 5.976197e+03 5.941786e+03 5.875195e+03 5.806179e+03 5.773709e+03 5.766840e+03 5.794526e+03 5.850035e+03 5.930904e+03 6.035407e+03 6.162026e+03 6.309004e+03 7.220432e+03 7.759452e+03 7.248816e+03 6.255052e+03 5.425018e+03 4.873313e+03 4.326440e+03 4.183933e+03 4.306767e+03 4.699408e+03 5.421955e+03 6.553705e+03 5.026694e+04 1.354887e+05 2.184264e+05 2.809084e+05
5.656479e+03 5.656487e+03 5.656512e+03 5.657242e+03 5.658971e+03 5.672862e+03 5.660623e+03 5.723204e+03 5.733826e+03 5.720338e+03 5.712697e+03 5.762993e+03 5.840553e+03 5.937634e+03 6.054199e+03 6.190188e+03 6.344689e+03 7.275041e+03 7.805801e+03 7.273836e+03 6.264531e+03 5.427407e+03 4.873173e+03 4.325891e+03 4.184769e+03 4.309879e+03 4.705814e+03 5.432897e+03 6.570580e+03 5.039746e+04 1.357072e+05 2.186549e+05 2.811047e+05
5.605855e+03 5.605857e+03 5.605861e+03 5.605969e+03 5.606265e+03 5.610884e+03 5.607770e+03 5.630295e+03 5.678277e+03 5.713123e+03 5.738060e+03 5.771287e+03 5.846699e+03 5.953475e+03 6.080273e+03 6.225203e+03 6.387205e+03 7.335967e+03 7.856080e+03 7.300452e+03 6.274438e+03 5.429834e+03 4.872973e+03 4.325302e+03 4.185627e+03 4.313086e+03 4.712398e+03 5.444113e+03 6.587837e+03 5.052941e+04 1.359271e+05 2.188844e+05 2.813017e+05
5.613285e+03 5.613286e+03 5.613289e+03 5.613371e+03 5.613601e+03 5.618134e+03 5.621905e+03 5.622972e+03 5.656177e+03 5.704154e+03 5.781068e+03 5.829690e+03 5.892406e+03 5.988882e+03 6.118367e+03 6.269516e+03 6.437958e+03 7.403496e+03 7.910355e+03 7.328645e+03 6.284747e+03 5.432278e+03 4.872702e+03 4.324670e+03 4.186509e+03 4.316390e+03 4.719164e+03 5.455609e+03 6.605484e+03 5.066280e+04 1.361485e+05 2.191150e+05 2.814992e+05
5.652772e+03 5.652772e+03 5.652775e+03 5.652839e+03 5.653023e+03 5.657183e+03 5.663862e+03 5.666116e+03 5.682132e+03 5.718945e+03 5.817133e+03 5.898704e+03 5.971292e+03 6.060813e+03 6.179202e+03 6.328299e+03 6.499814e+03 7.477982e+03 7.968663e+03 7.358379e+03 6.295422e+03 5.434718e+03 4.872349e+03 4.323991e+03 4.187415e+03 4.319795e+03 4.726116e+03 5.467389e+03 6.623526e+03 5.079766e+04 1.363715e+05 2.193466e+05 2.816974e+05
5.713469e+03 5.713470e+03 5.713472e+03 5.713525e+03 5.713681e+03 5.717460e+03 5.725106e+03 5.734122e+03 5.742658e+03 5.766542e+03 5.858068e+03 5.963945e+03 6.059423e+03 6.156698e+03 6.271758e+03 6.411877e+03 6.578123e+03 7.559957e+03 8.031035e+03 7.389601e+03 6.306421e+03 5.437129e+03 4.871898e+03 4.323261e+03 4.188344e+03 4.323301e+03 4.733259e+03 5.479461e+03 6.641973e+03 5.093399e+04 1.365959e+05 2.195792e+05 2.818962e+05
5.789724e+03 5.789724e+03 5.789726e+03 5.789772e+03 5.789909e+03 5.793416e+03 5.801459e+03 5.816759e+03 5.824480e+03 5.840996e+03 5.916765e+03 6.030206e+03 6.147698e+03 6.262155e+03 6.383753e+03 6.522328e+03 6.681886e+03 7.650257e+03 8.097514e+03 7.422247e+03 6.317693e+03 5.439483e+03 4.871336e+03 4.322477e+03 4.189297e+03 4.326912e+03 4.740597e+03 5.491830e+03 6.660831e+03 5.107180e+04 1.368218e+05 2.198129e+05 2.820956e+05
5.879530e+03 5.879530e+03 5.879531e+03 5.879573e+03 5.879698e+03 5.883018e+03 5.891188e+03 5.910964e+03 5.920662e+03 5.934940e+03 5.997447e+03 6.107036e+03 6.237872e+03 6.371062e+03 6.506012e+03 6.649931e+03 6.808478e+03 7.750157e+03 8.168184e+03 7.456247e+03 6.329183e+03 5.441749e+03 4.870647e+03 4.321634e+03 4.190275e+03 4.330631e+03 4.748134e+03 5.504503e+03 6.680108e+03 5.121110e+04 1.370493e+05 2.200477e+05 2.822957e+05
5.982177e+03 5.982177e+03 5.982179e+03 5.982214e+03 5.982321e+03 5.985340e+03 5.993303e+03 6.016084e+03 6.028635e+03 6.043917e+03 6.099347e+03 6.201073e+03 6.336209e+03 6.483797e+03 6.634127e+03 6.788326e+03 6.950765e+03 7.861577e+03 8.243201e+03 7.491532e+03 6.340835e+03 5.443895e+03 4.869813e+03 4.320728e+03 4.191276e+03 4.334460e+03 4.755875e+03 5.517485e+03 6.699811e+03 5.135191e+04 1.372782e+05 2.202835e+05 2.824963e+05
7.929024e+03 7.929024e+03 7.929025e+03 7.929059e+03 7.929162e+03 7.932195e+03 7.941052e+03 7.974778e+03 7.999136e+03 8.028072e+03 8.098395e+03 8.183993e+03 8.285738e+03 8.406416e+03 8.547497e+03 8.706802e+03 8.878338e+03 9.591039e+03 9.303452e+03 7.921561e+03 6.457717e+03 5.453202e+03 4.850582e+03 4.307508e+03 4.202771e+03 4.379460e+03 4.845556e+03 5.665747e+03 6.922071e+03 5.284572e+04 1.396528e+05 2.226998e+05 2.845370e+05
1.141296e+04 1.141296e+04 1.141296e+04 1.141298e+04 1.141302e+04 1.141468e+04 1.142066e+04 1.144461e+04 1.146107e+04 1.147895e+04 1.151429e+04 1.154336e+04 1.156240e+04 1.157027e+04 1.156784e+04 1.155717e+04 1.154029e+04 1.130878e+04 1.027343e+04 8.338027e+03 6.575390e+03 5.453323e+03 4.817594e+03 4.288518e+03 4.218990e+03 4.439599e+03 4.961546e+03 5.852611e+03 7.196287e+03 5.450419e+04 1.421862e+05 2.252232e+05 2.866396e+05
1.294349e+04 1.294349e+04 1.294349e+04 1.294348e+04 1.294346e+04 1.294273e+04 1.294000e+04 1.292724e+04 1.291634e+04 1.290186e+04 1.286139e+04 1.280574e+04 1.273654e+04 1.265591e+04 1.256581e+04 1.246770e+04 1.236229e+04 1.166688e+04 1.028666e+04 8.249898e+03 6.504615e+03 5.411781e+03 4.794144e+03 4.284439e+03 4.249511e+03 4.522381e+03 5.111632e+03 6.086884e+03 7.532488e+03 5.634031e+04 1.448842e+05 2.278549e+05 2.888035e+05
1.123136e+04 1.123136e+04 1.123136e+04 1.123136e+04 1.123136e+04 1.123128e+04 1.123092e+04 1.122880e+04 1.122680e+04 1.122408e+04 1.121628e+04 1.120512e+04 1.119018e+04 1.117100e+04 1.114694e+04 1.111715e+04 1.108030e+04 1.068559e+04 9.546280e+03 7.759252e+03 6.225276e+03 5.271443e+03 4.736864e+03 4.308635e+03 4.317980e+03 4.642927e+03 5.308159e+03 6.380617e+03 7.943265e+03 5.836738e+04 1.477525e+05 2.305960e+05 2.910282e+05
9.746622e+03 9.746622e+03 9.746623e+03 9.746624e+03 9.746629e+03 9.746765e+03 9.747142e+03 9.748292e+03 9.748908e+03 9.749454e+03 9.750137e+03 9.750085e+03 9.749137e+03 9.747094e+03 9.743597e+03 9.737953e+03 9.728910e+03 9.527909e+03 8.669487e+03 7.190726e+03 5.892451e+03 5.089650e+03 4.653196e+03 4.344041e+03 4.430017e+03 4.824959e+03 5.571619e+03 6.751140e+03 8.445223e+03 6.059908e+04 1.507962e+05 2.334471e+05 2.933128e+05
8.778178e+03 8.778178e+03 8.778178e+03 8.778179e+03 8.778183e+03 8.778299e+03 8.778641e+03 8.779858e+03 8.780648e+03 8.781493e+03 8.783183e+03 8.784698e+03 8.785914e+03 8.786722e+03 8.786910e+03 8.786000e+03 8.783030e+03 8.648509e+03 7.958011e+03 6.714290e+03 5.609481e+03 4.933185e+03 4.582444e+03 4.395780e+03 4.581149e+03 5.072552e+03 5.925086e+03 7.224981e+03 9.061276e+03 6.304956e+04 1.540202e+05 2.364085e+05 2.956563e+05
8.152806e+03 8.152806e+03 8.152806e+03 8.152807e+03 8.152808e+03 8.152847e+03 8.152955e+03 8.153336e+03 8.153588e+03 8.153857e+03 8.154351e+03 8.154649e+03 8.154636e+03 8.154224e+03 8.153260e+03 8.151379e+03 8.147805e+03 8.028941e+03 7.431727e+03 6.355540e+03 5.404338e+03 4.833719e+03 4.556454e+03 4.483646e+03 4.779383e+03 5.390013e+03 6.375475e+03 7.824454e+03 9.824073e+03 6.573361e+04 1.574286e+05 2.394800e+05 2.980572e+05
7.685353e+03 7.685353e+03 7.685353e+03 7.685352e+03 7.685350e+03 7.685299e+03 7.685180e+03 7.684751e+03 7.684421e+03 7.684005e+03 7.682910e+03 7.681488e+03 7.679760e+03 7.677716e+03 7.675245e+03 7.672027e+03 7.667373e+03 7.555898e+03 7.027428e+03 6.089384e+03 5.273929e+03 4.801256e+03 4.593590e+03 4.630612e+03 5.042075e+03 5.789629e+03 6.933886e+03 8.561243e+03 1.075494e+04 6.866693e+04 1.610254e+05 2.426611e+05 3.005141e+05
7.265220e+03 7.265220e+03 7.265220e+03 7.265220e+03 7.265222e+03 7.265259e+03 7.265364e+03 7.265579e+03 7.265587e+03 7.265495e+03 7.264999e+03 7.264112e+03 7.262868e+03 7.261273e+03 7.259241e+03 7.256503e+03 7.252460e+03 7.154589e+03 6.695598e+03 5.893361e+03 5.213602e+03 4.841406e+03 4.706447e+03 4.857988e+03 5.391756e+03 6.290971e+03 7.617570e+03 9.452213e+03 1.187062e+04 7.186641e+04 1.648139e+05 2.459507e+05 3.030252e+05
6.887241e+03 6.887241e+03 6.887241e+03 6.887242e+03 6.887242e+03 6.887243e+03 6.887243e+03 6.887230e+03 6.887213e+03 6.887180e+03 6.887034e+03 6.886727e+03 6.886214e+03 6.885462e+03 6.884385e+03 6.882751e+03 6.880046e+03 6.800900e+03 6.419062e+03 5.761935e+03 5.226813e+03 4.963073e+03 4.907936e+03 5.185979e+03 5.853407e+03 6.919580e+03 8.450360e+03 1.051966e+04 1.319275e+04 7.535058e+04 1.687971e+05 2.493476e+05 3.055884e+05
6.556489e+03 6.556489e+03 6.556489e+03 6.556489e+03 6.556489e+03 6.556501e+03 6.556534e+03 6.556643e+03 6.556709e+03 6.556779e+03 6.556927e+03 6.557088e+03 6.557266e+03 6.557446e+03 6.557556e+03 6.557390e+03 6.556504e+03 6.500140e+03 6.203632e+03 5.703663e+03 5.325031e+03 5.179917e+03 5.213786e+03 5.635747e+03 6.454070e+03 7.705811e+03 9.462599e+03 1.179213e+04 1.474789e+04 7.914021e+04 1.729774e+05 2.528498e+05 3.082016e+05
6.294295e+03 6.294295e+03 6.294295e+03 6.294295e+03 6.294296e+03 6.294333e+03 6.294443e+03 6.294861e+03 6.295162e+03 6.295520e+03 6.296393e+03 6.297475e+03 6.298767e+03 6.300257e+03 6.301888e+03 6.303489e+03 6.304701e+03 6.272902e+03 6.067152e+03 5.735079e+03 5.525028e+03 5.509679e+03 5.643228e+03 6.231321e+03 7.223912e+03 8.684620e+03 1.069083e+04 1.330472e+04 1.656820e+04 8.325917e+04 1.773571e+05 2.564553e+05 3.108622e+05
6.128241e+03 6.128241e+03 6.128241e+03 6.128242e+03 6.128245e+03 6.128345e+03 6.128651e+03 6.129768e+03 6.130521e+03 6.131376e+03 6.133345e+03 6.135625e+03 6.138204e+03 6.141074e+03 6.144195e+03 6.147444e+03 6.150563e+03 6.142281e+03 6.029925e+03 5.875203e+03 5.846303e+03 5.973342e+03 6.219315e+03 7.001275e+03 8.197906e+03 9.896250e+03 1.217767e+04 1.509908e+04 1.869186e+04 8.773624e+04 1.819380e+05 2.601613e+05 3.135677e+05
6.086476e+03 6.086476e+03 6.086476e+03 6.086476e+03 6.086478e+03 6.086546e+03 6.086758e+03 6.087600e+03 6.088225e+03 6.088976e+03 6.090834e+03 6.093141e+03 6.095897e+03 6.099116e+03 6.102790e+03 6.106854e+03 6.111146e+03 6.124277e+03 6.108328e+03 6.142085e+03 6.309688e+03 6.595043e+03 6.969711e+03 7.980559e+03 9.417764e+03 1.138742e+04 1.397204e+04 1.722303e+04 2.116281e+04 9.261061e+04 1.867220e+05 2.639651e+05 3.163150e+05
6.150703e+03 6.150703e+03 6.150703e+03 6.150705e+03 6.150711e+03 6.150895e+03 6.151422e+03 6.153252e+03 6.154512e+03 6.155980e+03 6.159467e+03 6.163588e+03 6.168263e+03 6.173443e+03 6.179091e+03 6.185158e+03 6.191576e+03 6.228635e+03 6.314729e+03 6.552528e+03 6.937834e+03 7.403366e+03 7.928552e+03 9.212810e+03 1.093402e+04 1.321263e+04 1.612939e+04 1.973009e+04 2.403003e+04 9.790458e+04 1.917107e+05 2.678633e+05 3.191011e+05
6.381277e+03 6.381277e+03 6.381277e+03 6.381278e+03 6.381280e+03 6.381363e+03 6.381608e+03 6.382474e+03 6.383073e+03 6.383782e+03 6.385548e+03 6.387843e+03 6.390761e+03 6.394380e+03 6.398761e+03 6.403944e+03 6.409985e+03 6.464442e+03 6.659228e+03 7.124101e+03 7.757879e+03 8.434440e+03 9.139704e+03 1.075328e+04 1.280811e+04 1.543522e+04 1.871180e+04 2.267866e+04 2.734634e+04 1.036160e+05 1.969061e+05 2.718524e+05 3.219229e+05
6.691598e+03 6.691598e+03 6.691598e+03 6.691600e+03 6.691607e+03 6.691808e+03 6.692355e+03 6.694300e+03 6.695686e+03 6.697337e+03 6.701395e+03 6.706380e+03 6.712211e+03 6.718832e+03 6.726227e+03 6.734435e+03 6.743610e+03 6.829070e+03 7.151585e+03 7.879578e+03 8.806238e+03 9.736745e+03 1.066130e+04 1.267206e+04 1.511396e+04 1.812764e+04 2.178729e+04 2.613077e+04 3.116683e+04 1.097442e+05 2.023103e+05 2.759286e+05 3.247769e+05
7.189624e+03 7.189624e+03 7.189624e+03 7.189625e+03 7.189627e+03 7.189698e+03 7.189930e+03 7.190925e+03 7.191702e+03 7.192679e+03 7.195295e+03 7.198911e+03 7.203635e+03 7.209536e+03 7.216660e+03 7.225101e+03 7.235111e+03 7.347695e+03 7.815052e+03 8.853614e+03 1.013448e+04 1.137691e+04 1.257085e+04 1.505671e+04 1.793840e+04 2.137046e+04 2.542808e+04 3.015000e+04 3.554667e+04 1.162868e+05 2.079264e+05 2.800881e+05 3.276596e+05
7.824965e+03 7.824965e+03 7.824966e+03 7.824968e+03 7.824974e+03 7.825183e+03 7.825835e+03 7.828399e+03 7.830254e+03 7.832445e+03 7.837722e+03 7.844065e+03 7.851391e+03 7.859673e+03 7.868960e+03 7.879437e+03 7.891559e+03 8.036117e+03 8.675163e+03 1.009342e+04 1.181460e+04 1.344540e+04 1.496952e+04 1.801283e+04 2.137917e+04 2.524930e+04 2.970743e+04 3.479858e+04 4.053861e+04 1.232390e+05 2.137585e+05 2.843267e+05 3.305674e+05
8.665605e+03 8.665605e+03 8.665605e+03 8.665606e+03 8.665611e+03 8.665747e+03 8.666169e+03 8.667801e+03 8.668990e+03 8.670423e+03 8.674055e+03 8.678776e+03 8.684687e+03 8.691893e+03 8.700541e+03 8.710929e+03 8.723705e+03 8.904889e+03 9.761915e+03 1.166461e+04 1.394520e+04 1.606032e+04 1.798289e+04 2.166026e+04 2.553943e+04 2.984939e+04 3.469501e+04 4.013368e+04 4.618999e+04 1.305934e+05 2.198131e+05 2.886404e+05 3.334967e+05
9.644644e+03 9.644644e+03 9.644644e+03 9.644646e+03 9.644652e+03 9.644859e+03 9.645504e+03 9.648114e+03 9.650093e+03 9.652522e+03 9.658714e+03 9.666636e+03 9.676229e+03 9.687473e+03 9.700452e+03 9.715508e+03 9.733502e+03 9.978371e+03 1.112825e+04 1.366230e+04 1.665493e+04 1.936482e+04 2.175427e+04 2.612313e+04 3.051825e+04 3.524786e+04 4.045106e+04 4.620323e+04 5.253979e+04 1.383398e+05 2.261033e+05 2.930251e+05 3.364437e+05
1.090807e+04 1.090807e+04 1.090807e+04 1.090808e+04 1.090808e+04 1.090827e+04 1.090887e+04 1.091130e+04 1.091316e+04 1.091548e+04 1.092159e+04 1.092984e+04 1.094040e+04 1.095338e+04 1.096893e+04 1.098752e+04 1.101024e+04 1.133319e+04 1.286530e+04 1.621248e+04 2.009387e+04 2.351232e+04 2.642736e+04 3.151327e+04 3.639768e+04 4.150465e+04 4.702041e+04 5.304203e+04 5.961606e+04 1.464663e+05 2.326354e+05 2.974768e+05 3.394048e+05
1.248985e+04 1.248985e+04 1.248985e+04 1.248986e+04 1.248987e+04 1.249035e+04 1.249182e+04 1.249763e+04 1.250184e+04 1.250683e+04 1.251888e+04 1.253339e+04 1.255010e+04 1.256894e+04 1.259008e+04 1.261418e+04 1.264292e+04 1.306037e+04 1.508204e+04 1.945264e+04 2.440905e+04 2.863950e+04 3.211986e+04 3.791000e+04 4.322941e+04 4.865428e+04 5.442753e+04 6.066888e+04 6.743427e+04 1.549586e+05 2.393855e+05 3.019921e+05 3.423761e+05
1.457066e+04 1.457066e+04 1.457066e+04 1.457066e+04 1.457067e+04 1.457090e+04 1.457160e+04 1.457432e+04 1.457634e+04 1.457881e+04 1.458519e+04 1.459382e+04 1.460519e+04 1.461986e+04 1.463851e+04 1.466232e+04 1.469363e+04 1.523264e+04 1.788740e+04 2.351011e+04 2.971523e+04 3.483550e+04 3.889588e+04 4.534233e+04 5.102478e+04 5.670069e+04 6.267425e+04 6.908565e+04 7.599704e+04 1.638007e+05 2.463316e+05 3.065675e+05 3.453541e+05
1.690141e+04 1.690141e+04 1.690141e+04 1.690142e+04 1.690145e+04 1.690241e+04 1.690542e+04 1.691729e+04 1.692595e+04 1.693623e+04 1.696120e+04 1.699143e+04 1.702639e+04 1.706587e+04 1.711010e+04 1.716021e+04 1.721909e+04 1.799511e+04 2.144258e+04 2.850562e+04 3.607645e+04 4.212061e+04 4.674840e+04 5.378069e+04 5.975228e+04 6.561765e+04 7.174104e+04 7.827881e+04 8.529536e+04 1.729747e+05 2.534523e+05 3.112004e+05 3.483352e+05
2.043736e+04 2.043736e+04 2.043736e+04 2.043737e+04 2.043738e+04 2.043797e+04 2.043980e+04 2.044717e+04 2.045278e+04 2.045979e+04 2.047830e+04 2.050331e+04 2.053525e+04 2.057445e+04 2.062149e+04 2.067789e+04 2.074721e+04 2.171914e+04 2.598877e+04 3.454372e+04 4.349440e+04 5.044057e+04 5.559920e+04 6.314289e+04 6.934489e+04 7.535525e+04 8.159229e+04 8.822329e+04 9.531136e+04 1.824611e+05 2.607253e+05 3.158891e+05 3.513160e+05
2.505094e+04 2.505094e+04 2.505094e+04 2.505095e+04 2.505098e+04 2.505195e+04 2.505499e+04 2.506727e+04 2.507657e+04 2.508799e+04 2.511717e+04 2.515467e+04 2.520028e+04 2.525390e+04 2.531595e+04 2.538817e+04 2.547493e+04 2.664686e+04 3.169823e+04 4.166245e+04 5.190246e+04 5.967911e+04 6.531810e+04 7.331401e+04 7.971594e+04 8.585163e+04 9.218441e+04 9.888792e+04 1.060219e+05 1.922385e+05 2.681272e+05 3.206335e+05 3.542934e+05
3.120366e+04 3.120366e+04 3.120366e+04 3.120367e+04 3.120370e+04 3.120474e+04 3.120790e+04 3.122044e+04 3.122982e+04 3.124127e+04 3.127037e+04 3.130781e+04 3.135367e+04 3.140822e+04 3.147222e+04 3.154788e+04 3.164031e+04 3.294894e+04 3.865286e+04 4.982591e+04 6.118358e+04 6.968847e+04 7.575661e+04 8.417506e+04 9.077988e+04 9.704698e+04 1.034751e+05 1.102414e+05 1.174020e+05 2.022834e+05 2.756339e+05 3.254370e+05 3.572643e+05
3.875561e+04 3.875561e+04 3.875561e+04 3.875562e+04 3.875567e+04 3.875702e+04 3.876119e+04 3.877719e+04 3.878882e+04 3.880283e+04 3.883782e+04 3.888186e+04 3.893459e+04 3.899578e+04 3.906591e+04 3.914715e+04 3.924508e+04 4.064134e+04 4.682091e+04 5.893469e+04 7.120128e+04 8.032780e+04 8.678574e+04 9.563186e+04 1.024720e+05 1.088964e+05 1.154312e+05 1.222569e+05 1.294279e+05 2.125705e+05 2.832204e+05 3.303046e+05 3.602261e+05
4.790472e+04 4.790472e+04 4.790472e+04 4.790473e+04 4.790474e+04 4.790514e+04 4.790637e+04 4.791180e+04 4.791640e+04 4.792249e+04 4.793955e+04 4.796372e+04 4.799559e+04 4.803574e+04 4.808527e+04 4.814689e+04 4.822668e+04 4.959469e+04 5.605361e+04 6.884475e+04 8.183134e+04 9.149651e+04 9.832631e+04 1.076363e+05 1.147618e+05 1.213779e+05 1.280336e+05 1.349148e+05 1.420782e+05 2.230717e+05 2.908610e+05 3.352179e+05 3.631763e+05
5.765938e+04 5.765938e+04 5.765938e+04 5.765939e+04 5.765943e+04 5.766072e+04 5.766474e+04 5.768061e+04 5.769219e+04 5.770600e+04 5.773965e+04 5.778051e+04 5.782776e+04 5.788096e+04 5.794063e+04 5.800924e+04 5.809303e+04 5.946965e+04 6.610568e+04 7.939923e+04 9.298829e+04 1.031545e+05 1.103640e+05 1.201946e+05 1.276572e+05 1.344938e+05 1.412768e+05 1.482019e+05 1.553328e+05 2.337568e+05 2.985298e+05 3.401581e+05 3.661132e+05
6.854207e+04 6.854207e+04 6.854207e+04 6.854207e+04 6.854208e+04 6.854224e+04 6.854274e+04 6.854488e+04 6.854676e+04 6.854942e+04 6.855773e+04 6.857090e+04 6.858968e+04 6.861471e+04 6.864704e+04 6.868941e+04 6.874810e+04 7.002844e+04 7.675018e+04 9.047093e+04 1.046404e+05 1.153255e+05 1.229475e+05 1.333611e+05 1.411977e+05 1.482651e+05 1.551643e+05 1.621074e+05 1.691700e+05 2.445928e+05 3.062010e+05 3.451086e+05 3.690352e+05
7.937644e+04 7.937644e+04 7.937644e+04 7.937645e+04 7.937647e+04 7.937723e+04 7.937958e+04 7.938889e+04 7.939572e+04 7.940387e+04 7.942369e+04 7.944757e+04 7.947489e+04 7.950540e+04 7.953975e+04 7.958064e+04 7.963467e+04 8.087696e+04 8.773151e+04 1.019631e+05 1.168073e+05 1.280866e+05 1.361728e+05 1.472212e+05 1.554399e+05 1.627196e+05 1.697004e+05 1.766173e+05 1.835626e+05 2.555445e+05 3.138489e+05 3.500534e+05 3.719419e+05
9.043224e+04 9.043224e+04 9.043224e+04 9.043224e+04 9.043224e+04 9.043213e+04 9.043178e+04 9.043053e+04 9.042983e+04 9.042929e+04 9.042920e+04 9.043123e+04 9.043627e+04 9.044522e+04 9.045952e+04 9.048233e+04 9.052052e+04 9.174423e+04 9.887786e+04 1.138501e+05 1.295630e+05 1.415517e+05 1.501590e+05 1.618663e+05 1.704372e+05 1.778773e+05 1.848787e+05 1.917062e+05 1.984723e+05 2.665736e+05 3.214483e+05 3.549771e+05 3.748337e+05
1.008175e+05 1.008175e+05 1.008175e+05 1.008175e+05 1.008175e+05 1.008187e+05 1.008221e+05 1.008355e+05 1.008450e+05 1.008560e+05 1.008821e+05 1.009130e+05 1.009480e+05 1.009871e+05 1.010308e+05 1.010820e+05 1.011476e+05 1.025439e+05 1.102024e+05 1.262212e+05 1.430331e+05 1.558487e+05 1.650196e+05 1.773661e+05 1.862181e+05 1.937342e+05 2.006719e+05 2.073305e+05 2.138450e+05 2.776400e+05 3.289746e+05 3.598644e+05 3.777129e+05
1.118431e+05 1.118431e+05 1.118431e+05 1.118431e+05 1.118431e+05 1.118434e+05 1.118441e+05 1.118482e+05 1.118518e+05 1.118567e+05 1.118705e+05 1.118896e+05 1.119146e+05 1.119457e+05 1.119843e+05 1.120337e+05 1.121017e+05 1.136341e+05 1.219593e+05 1.392722e+05 1.573667e+05 1.710867e+05 1.808294e+05 1.937425e+05 2.027675e+05 2.102499e+05 2.170226e+05 2.234228e+05 2.296078e+05 2.887012e+05 3.364043e+05 3.647006e+05 3.805852e+05
1.230955e+05 1.230955e+05 1.230955e+05 1.230955e+05 1.230955e+05 1.230967e+05 1.230999e+05 1.231120e+05 1.231208e+05 1.231315e+05 1.231585e+05 1.231931e+05 1.232355e+05 1.232861e+05 1.233463e+05 1.234196e+05 1.235146e+05 1.253042e+05 1.344535e+05 1.532248e+05 1.726880e+05 1.873189e+05 1.975952e+05 2.109506e+05 2.200141e+05 2.273391e+05 2.338389e+05 2.398887e+05 2.456671e+05 2.997136e+05 3.437148e+05 3.694710e+05 3.834428e+05
1.353372e+05 1.353372e+05 1.353372e+05 1.353373e+05 1.353373e+05 1.353389e+05 1.353438e+05 1.353636e+05 1.353784e+05 1.353966e+05 1.354430e+05 1.355024e+05 1.355747e+05 1.356595e+05 1.357573e+05 1.358713e+05 1.360096e+05 1.381173e+05 1.481052e+05 1.682995e+05 1.890594e+05 2.045151e+05 2.152374e+05 2.288695e+05 2.378265e+05 2.448702e+05 2.509935e+05 2.566075e+05 2.619095e+05 3.106322e+05 3.508850e+05 3.741617e+05 3.862737e+05
1.499062e+05 1.499062e+05 1.499062e+05 1.499062e+05 1.499062e+05 1.499079e+05 1.499130e+05 1.499335e+05 1.499487e+05 1.499670e+05 1.500126e+05 1.500695e+05 1.501375e+05 1.502165e+05 1.503076e+05 1.504146e+05 1.505469e+05 1.527190e+05 1.632736e+05 1.846070e+05 2.064304e+05 2.225414e+05 2.335831e+05 2.473063e+05 2.560177e+05 2.626704e+05 2.683288e+05 2.734363e+05 2.782057e+05 3.214118e+05 3.578948e+05 3.787593e+05 3.890685e+05
1.663695e+05 1.663695e+05 1.663695e+05 1.663695e+05 1.663695e+05 1.663704e+05 1.663731e+05 1.663839e+05 1.663921e+05 1.664020e+05 1.664278e+05 1.664619e+05 1.665052e+05 1.665588e+05 1.666244e+05 1.667066e+05 1.668155e+05 1.689474e+05 1.798556e+05 2.020064e+05 2.245995e+05 2.411580e+05 2.523768e+05 2.660099e+05 2.743597e+05 2.805367e+05 2.856659e+05 2.902169e+05 2.944154e+05 3.320077e+05 3.647257e+05 3.832511e+05 3.918189e+05
1.836018e+05 1.836018e+05 1.836018e+05 1.836018e+05 1.836019e+05 1.836034e+05 1.836080e+05 1.836264e+05 1.836402e+05 1.836570e+05 1.836991e+05 1.837521e+05 1.838151e+05 1.838877e+05 1.839706e+05 1.840677e+05 1.841887e+05 1.863751e+05 1.975282e+05 2.201991e+05 2.432589e+05 2.600502e+05 2.713075e+05 2.846959e+05 2.926018e+05 2.982515e+05 3.028154e+05 3.067844e+05 3.103942e+05 3.423763e+05 3.713609e+05 3.876251e+05 3.945169e+05
2.024101e+05 2.024101e+05 2.024101e+05 2.024101e+05 2.024101e+05 2.024106e+05 2.024121e+05 2.024187e+05 2.024244e+05 2.024319e+05 2.024524e+05 2.024806e+05 2.025167e+05 2.025609e+05 2.026147e+05 2.026825e+05 2.027745e+05 2.048399e+05 2.160056e+05 2.388501e+05 2.620601e+05 2.788752e+05 2.900474e+05 3.030754e+05 3.104943e+05 3.155990e+05 3.195912e+05 3.229772e+05 3.260012e+05 3.524758e+05 3.777850e+05 3.918701e+05 3.971553e+05
2.215606e+05 2.215606e+05 2.215606e+05 2.215606e+05 2.215606e+05 2.215611e+05 2.215625e+05 2.215689e+05 2.215740e+05 2.215804e+05 2.215974e+05 2.216199e+05 2.216482e+05 2.216827e+05 2.217250e+05 2.217797e+05 2.218573e+05 2.238336e+05 2.348840e+05 2.575958e+05 2.806594e+05 2.973086e+05 3.082926e+05 3.208848e+05 3.278087e+05 3.323814e+05 3.358209e+05 3.386450e+05 3.411049e+05 3.622671e+05 3.839842e+05 3.959760e+05 3.997271e+05
2.406688e+05 2.406688e+05 2.406688e+05 2.406688e+05 2.406688e+05 2.406697e+05 2.406725e+05 2.406836e+05 2.406919e+05 2.407020e+05 2.407277e+05 2.407606e+05 2.408005e+05 2.408473e+05 2.409023e+05 2.409692e+05 2.410579e+05 2.430337e+05 2.538691e+05 2.761492e+05 2.987801e+05 3.150891e+05 3.257983e+05 3.379084e+05 3.443546e+05 3.484302e+05 3.513559e+05 3.536565e+05 3.555890e+05 3.717143e+05 3.899466e+05 3.999336e+05 4.022258e+05
2.602895e+05 2.602895e+05 2.602895e+05 2.602895e+05 2.602896e+05 2.602904e+05 2.602931e+05 2.603036e+05 2.603115e+05 2.603211e+05 2.603455e+05 2.603767e+05 2.604143e+05 2.604582e+05 2.605092e+05 2.605708e+05 2.606520e+05 2.625032e+05 2.728619e+05 2.943345e+05 3.162322e+05 3.320333e+05 3.423902e+05 3.539879e+05 3.599866e+05 3.636126e+05 3.660759e+05 3.679034e+05 3.693564e+05 3.807856e+05 3.956617e+05 4.037346e+05 4.046452e+05
2.803271e+05 2.803271e+05 2.803271e+05 2.803271e+05 2.803271e+05 2.803271e+05 2.803272e+05 2.803281e+05 2.803294e+05 2.803313e+05 2.803375e+05 2.803468e+05 2.803593e+05 2.803753e+05 2.803956e+05 2.804238e+05 2.804684e+05 2.820211e+05 2.916273e+05 3.119506e+05 3.328574e+05 3.480106e+05 3.579522e+05 3.690177e+05 3.746040e+05 3.778329e+05 3.798909e+05 3.813022e+05 3.823305e+05 3.894530e+05 4.011208e+05 4.073720e+05 4.069796e+05
2.996684e+05 2.996684e+05 2.996684e+05 2.996684e+05 2.996684e+05 2.996684e+05 2.996685e+05 2.996684e+05 2.996683e+05 2.996679e+05 2.996666e+05 2.996642e+05 2.996607e+05 2.996564e+05 2.996523e+05 2.996518e+05 2.996630e+05 3.009088e+05 3.096821e+05 3.287080e+05 3.484911e+05 3.629170e+05 3.724063e+05 3.829343e+05 3.881445e+05 3.910289e+05 3.927400e+05 3.937943e+05 3.944558e+05 3.976934e+05 4.063168e+05 4.108396e+05 4.092238e+05
3.175784e+05 3.175784e+05 3.175784e+05 3.175784e+05 3.175784e+05 3.175781e+05 3.175770e+05 3.175726e+05 3.175693e+05 3.175653e+05 3.175551e+05 3.175423e+05 3.175271e+05 3.175101e+05 3.174923e+05 3.174768e+05 3.174708e+05 3.185146e+05 3.265601e+05 3.443368e+05 3.629931e+05 3.766765e+05 3.857049e+05 3.957064e+05 4.005773e+05 4.031677e+05 4.045885e+05 4.053445e+05 4.056971e+05 4.054883e+05 4.112442e+05 4.141323e+05 4.113729e+05
3.336677e+05 3.336677e+05 3.336677e+05 3.336677e+05 3.336677e+05 3.336676e+05 3.336675e+05 3.336668e+05 3.336662e+05 3.336653e+05 3.336625e+05 3.336582e+05 3.336523e+05 3.336449e+05 3.336368e+05 3.336303e+05 3.336317e+05 3.346088e+05 3.420759e+05 3.587169e+05 3.762976e+05 3.892557e+05 3.978316e+05 4.073289e+05 4.118972e+05 4.142408e+05 4.154244e+05 4.159376e+05 4.160373e+05 4.128238e+05 4.158990e+05 4.172463e+05 4.134225e+05
3.484620e+05 3.484620e+05 3.484620e+05 3.484620e+05 3.484620e+05 3.484620e+05 3.484618e+05 3.484612e+05 3.484608e+05 3.484604e+05 3.484594e+05 3.484585e+05 3.484576e+05 3.484567e+05 3.484564e+05 3.484584e+05 3.484683e+05 3.494024e+05 3.563390e+05 3.718902e+05 3.884210e+05 4.006670e+05 4.088006e+05 4.178187e+05 4.221196e+05 4.242597e+05 4.252548e+05 4.255767e+05 4.254759e+05 4.196909e+05 4.202787e+05 4.201785e+05 4.153688e+05
3.623138e+05 3.623138e+05 3.623138e+05 3.623138e+05 3.623138e+05 3.623139e+05 3.623142e+05 3.623153e+05 3.623162e+05 3.623172e+05 3.623197e+05 3.623228e+05 3.623261e+05 3.623295e+05 3.623333e+05 3.623388e+05 3.623506e+05 3.631955e+05 3.695446e+05 3.839607e+05 3.994212e+05 4.109520e+05 4.186489e+05 4.272111e+05 4.312770e+05 4.332525e+05 4.341025e+05 4.342794e+05 4.340259e+05 4.260849e+05 4.243824e+05 4.229269e+05 4.172083e+05
3.754774e+05 3.754774e+05 3.754774e+05 3.754773e+05 3.754773e+05 3.754771e+05 3.754764e+05 3.754738e+05 3.754720e+05 3.754700e+05 3.754651e+05 3.754595e+05 3.754530e+05 3.754458e+05 3.754381e+05 3.754310e+05 3.754285e+05 3.760987e+05 3.817717e+05 3.949867e+05 4.093487e+05 4.201602e+05 4.274264e+05 4.355554e+05 4.394154e+05 4.412602e+05 4.420030e+05 4.420757e+05 4.417119e+05 4.320053e+05 4.282102e+05 4.254905e+05 4.189382e+05
3.875747e+05 3.875747e+05 3.875747e+05 3.875747e+05 3.875747e+05 3.875745e+05 3.875738e+05 3.875709e+05 3.875686e+05 3.875659e+05 3.875586e+05 3.875487e+05 3.875361e+05 3.875207e+05 3.875028e+05 3.874833e+05 3.874654e+05 3.879451e+05 3.929285e+05 4.049485e+05 4.182297e+05 4.283392e+05 4.351896e+05 4.429107e+05 4.465904e+05 4.483333e+05 4.490012e+05 4.490048e+05 4.485679e+05 4.374554e+05 4.317636e+05 4.278690e+05 4.205561e+05
3.983569e+05 3.983569e+05 3.983569e+05 3.983568e+05 3.983568e+05 3.983563e+05 3.983548e+05 3.983485e+05 3.983437e+05 3.983380e+05 3.983233e+05 3.983047e+05 3.982823e+05 3.982564e+05 3.982273e+05 3.981960e+05 3.981650e+05 3.984916e+05 4.028720e+05 4.138062e+05 4.260870e+05 4.355403e+05 4.420003e+05 4.493422e+05 4.528643e+05 4.545292e+05 4.551489e+05 4.551129e+05 4.546343e+05 4.424421e+05 4.350454e+05 4.300631e+05 4.220601e+05
4.074830e+05 4.074830e+05 4.074830e+05 4.074830e+05 4.074830e+05 4.074825e+05 4.074810e+05 4.074758e+05 4.074723e+05 4.074681e+05 4.074579e+05 4.074452e+05 4.074301e+05 4.074126e+05 4.073925e+05 4.073704e+05 4.073481e+05 4.076418e+05 4.115743e+05 4.215836e+05 4.329732e+05 4.418277e+05 4.479269e+05 4.549186e+05 4.583023e+05 4.599088e+05 4.605023e+05 4.604509e+05 4.599569e+05 4.469751e+05 4.380592e+05 4.320742e+05 4.234487e+05
4.153916e+05 4.153916e+05 4.153916e+05 4.153916e+05 4.153916e+05 4.153915e+05 4.153913e+05 4.153905e+05 4.153899e+05 4.153891e+05 4.153871e+05 4.153844e+05 4.153808e+05 4.153759e+05 4.153696e+05 4.153618e+05 4.153535e+05 4.156526e+05 4.192151e+05 4.284023e+05 4.389790e+05 4.472795e+05 4.530423e+05 4.597090e+05 4.629708e+05 4.645351e+05 4.651200e+05 4.650726e+05 4.645844e+05 4.510668e+05 4.408096e+05 4.339042e+05 4.247210e+05
4.226759e+05 4.226759e+05 4.226759e+05 4.226759e+05 4.226759e+05 4.226757e+05 4.226754e+05 4.226738e+05 4.226727e+05 4.226713e+05 4.226678e+05 4.226634e+05 4.226581e+05 4.226517e+05 4.226441e+05 4.226353e+05 4.226258e+05 4.228659e+05 4.260320e+05 4.344129e+05 4.442060e+05 4.519764e+05 4.574192e+05 4.637814e+05 4.669357e+05 4.684711e+05 4.690612e+05 4.690331e+05 4.685674e+05 4.547314e+05 4.433021e+05 4.355560e+05 4.258766e+05
4.292889e+05 4.292889e+05 4.292889e+05 4.292889e+05 4.292889e+05 4.292888e+05 4.292884e+05 4.292868e+05 4.292855e+05 4.292840e+05 4.292802e+05 4.292753e+05 4.292693e+05 4.292622e+05 4.292537e+05 4.292436e+05 4.292322e+05 4.293997e+05 4.321502e+05 4.397191e+05 4.487380e+05 4.559914e+05 4.611264e+05 4.672021e+05 4.702617e+05 4.717790e+05 4.723850e+05 4.723875e+05 4.719568e+05 4.579851e+05 4.455430e+05 4.370328e+05 4.269155e+05
4.352406e+05 4.352406e+05 4.352406e+05 4.352406e+05 4.352406e+05 4.352405e+05 4.352403e+05 4.352393e+05 4.352385e+05 4.352375e+05 4.352350e+05 4.352317e+05 4.352274e+05 4.352221e+05 4.352153e+05 4.352065e+05 4.351954e+05 4.352959e+05 4.376276e+05 4.443856e+05 4.526406e+05 4.593904e+05 4.642293e+05 4.700358e+05 4.730121e+05 4.745198e+05 4.751493e+05 4.751902e+05 4.748030e+05 4.608451e+05 4.475389e+05 4.383382e+05 4.278380e+05
4.406434e+05 4.406434e+05 4.406434e+05 4.406434e+05 4.406434e+05 4.406433e+05 4.406430e+05 4.406420e+05 4.406411e+05 4.406400e+05 4.406371e+05 4.406331e+05 4.406279e+05 4.406212e+05 4.406126e+05 4.406013e+05 4.405866e+05 4.406010e+05 4.425039e+05 4.484602e+05 4.559705e+05 4.622348e+05 4.667915e+05 4.723461e+05 4.752486e+05 4.767526e+05 4.774099e+05 4.774935e+05 4.771549e+05 4.633294e+05 4.492972e+05 4.394765e+05 4.286450e+05
4.454755e+05 4.454755e+05 4.454755e+05 4.454755e+05 4.454755e+05 4.454753e+05 4.454746e+05 4.454717e+05 4.454696e+05 4.454670e+05 4.454603e+05 4.454517e+05 4.454414e+05 4.454292e+05 4.454148e+05 4.453972e+05 4.453754e+05 4.452924e+05 4.467791e+05 4.519713e+05 4.587762e+05 4.645824e+05 4.688741e+05 4.741942e+05 4.770300e+05 4.785331e+05 4.792197e+05 4.793471e+05 4.790589e+05 4.654568e+05 4.508257e+05 4.404522e+05 4.293376e+05
4.495508e+05 4.495508e+05 4.495508e+05 4.495508e+05 4.495508e+05 4.495505e+05 4.495498e+05 4.495469e+05 4.495449e+05 4.495423e+05 4.495361e+05 4.495282e+05 4.495188e+05 4.495075e+05 4.494940e+05 4.494770e+05 4.494549e+05 4.493123e+05 4.504396e+05 4.549424e+05 4.611026e+05 4.664875e+05 4.705345e+05 4.756374e+05 4.784112e+05 4.799135e+05 4.806279e+05 4.807975e+05 4.805586e+05 4.672458e+05 4.521326e+05 4.412701e+05 4.299176e+05
4.529527e+05 4.529527e+05 4.529527e+05 4.529527e+05 4.529527e+05 4.529526e+05 4.529522e+05 4.529505e+05 4.529493e+05 4.529478e+05 4.529439e+05 4.529388e+05 4.529325e+05 4.529247e+05 4.529147e+05 4.529012e+05 4.528821e+05 4.527038e+05 4.535258e+05 4.574183e+05 4.629994e+05 4.680025e+05 4.718259e+05 4.767279e+05 4.794419e+05 4.809410e+05 4.816790e+05 4.818867e+05 4.816937e+05 4.687152e+05 4.532260e+05 4.419353e+05 4.303866e+05
4.558543e+05 4.558543e+05 4.558543e+05 4.558543e+05 4.558543e+05 4.558542e+05 4.558538e+05 4.558521e+05 4.558509e+05 4.558495e+05 4.558458e+05 4.558410e+05 4.558351e+05 4.558280e+05 4.558189e+05 4.558063e+05 4.557877e+05 4.555704e+05 4.561167e+05 4.594613e+05 4.645208e+05 4.691781e+05 4.727974e+05 4.775118e+05 4.801659e+05 4.816569e+05 4.824126e+05 4.826523e+05 4.825003e+05 4.698835e+05 4.541146e+05 4.424531e+05 4.307469e+05
4.583032e+05 4.583032e+05 4.583032e+05 4.583032e+05 4.583032e+05 4.583031e+05 4.583028e+05 4.583014e+05 4.583004e+05 4.582992e+05 4.582960e+05 4.582918e+05 4.582866e+05 4.582803e+05 4.582720e+05 4.582601e+05 4.582419e+05 4.579873e+05 4.582827e+05 4.611314e+05 4.657187e+05 4.700610e+05 4.734923e+05 4.780288e+05 4.806202e+05 4.820966e+05 4.828624e+05 4.831272e+05 4.830097e+05 4.707684e+05 4.548070e+05 4.428289e+05 4.310010e+05
4.603537e+05 4.603537e+05 4.603537e+05 4.603537e+05 4.603537e+05 4.603536e+05 4.603533e+05 4.603520e+05 4.603510e+05 4.603499e+05 4.603470e+05 4.603433e+05 4.603387e+05 4.603331e+05 4.603257e+05 4.603147e+05 4.602970e+05 4.600102e+05 4.600802e+05 4.624809e+05 4.666386e+05 4.706917e+05 4.739472e+05 4.783108e+05 4.808347e+05 4.822890e+05 4.830569e+05 4.833390e+05 4.832495e+05 4.713873e+05 4.553119e+05 4.430682e+05 4.311514e+05
4.620558e+05 4.620558e+05 4.620558e+05 4.620558e+05 4.620558e+05 4.620557e+05 4.620555e+05 4.620546e+05 4.620540e+05 4.620531e+05 4.620510e+05 4.620483e+05 4.620448e+05 4.620405e+05 4.620343e+05 4.620245e+05 4.620077e+05 4.616932e+05 4.615605e+05 4.635546e+05 4.673182e+05 4.711014e+05 4.741894e+05 4.783813e+05 4.808319e+05 4.822565e+05 4.830188e+05 4.833110e+05 4.832426e+05 4.717568e+05 4.556381e+05 4.431768e+05 4.312012e+05
4.634760e+05 4.634760e+05 4.634760e+05 4.634760e+05 4.634760e+05 4.634759e+05 4.634757e+05 4.634748e+05 4.634741e+05 4.634733e+05 4.634713e+05 4.634686e+05 4.634653e+05 4.634612e+05 4.634553e+05 4.634457e+05 4.634288e+05 4.630862e+05 4.627680e+05 4.643879e+05 4.677835e+05 4.713101e+05 4.742356e+05 4.782552e+05 4.806275e+05 4.820160e+05 4.827661e+05 4.830618e+05 4.830088e+05 4.718928e+05 4.557940e+05 4.431602e+05 4.311532e+05
4.646356e+05 4.646356e+05 4.646356e+05 4.646356e+05 4.646356e+05 4.646355e+05 4.646353e+05 4.646346e+05 4.646340e+05 4.646333e+05 4.646315e+05 4.646292e+05 4.646262e+05 4.646225e+05 4.646170e+05 4.646078e+05 4.645910e+05 4.642231e+05 4.637340e+05 4.650026e+05 4.680473e+05 4.713262e+05 4.740927e+05 4.779408e+05 4.802318e+05 4.815799e+05 4.823127e+05 4.826070e+05 4.825643e+05 4.718105e+05 4.557884e+05 4.430242e+05 4.310108e+05
4.655630e+05 4.655630e+05 4.655630e+05 4.655630e+05 4.655630e+05 4.655629e+05 4.655627e+05 4.655620e+05 4.655614e+05 4.655608e+05 4.655591e+05 4.655570e+05 4.655545e+05 4.655513e+05 4.655465e+05 4.655380e+05 4.655218e+05 4.651334e+05 4.644829e+05 4.654118e+05 4.681146e+05 4.711515e+05 4.737627e+05 4.774424e+05 4.796519e+05 4.809574e+05 4.816699e+05 4.819590e+05 4.819229e+05 4.715242e+05 4.556297e+05 4.427743e+05 4.307772e+05
4.662919e+05 4.662919e+05 4.662919e+05 4.662919e+05 4.662919e+05 4.662919e+05 4.662919e+05 4.662916e+05 4.662914e+05 4.662911e+05 4.662905e+05 4.662896e+05 4.662884e+05 4.662866e+05 4.662833e+05 4.662761e+05 4.662610e+05 4.658528e+05 4.650383e+05 4.656258e+05 4.679891e+05 4.707882e+05 4.732480e+05 4.767640e+05 4.788936e+05 4.801562e+05 4.808466e+05 4.811283e+05 4.810964e+05 4.710477e+05 4.553262e+05 4.424163e+05 4.304560e+05
4.668895e+05 4.668895e+05 4.668895e+05 4.668895e+05 4.668895e+05 4.668895e+05 4.668894e+05 4.668891e+05 4.668889e+05 4.668886e+05 4.668878e+05 4.668867e+05 4.668851e+05 4.668829e+05 4.668789e+05 4.668709e+05 4.668545e+05 4.664126e+05 4.654180e+05 4.656543e+05 4.676776e+05 4.702423e+05 4.725541e+05 4.759112e+05 4.779630e+05 4.791830e+05 4.798511e+05 4.801243e+05 4.800951e+05 4.703939e+05 4.548861e+05 4.419555e+05 4.300504e+05
4.673422e+05 4.673422e+05 4.673422e+05 4.673422e+05 4.673422e+05 4.673421e+05 4.673418e+05 4.673408e+05 4.673400e+05 4.673391e+05 4.673367e+05 4.673336e+05 4.673298e+05 4.673252e+05 4.673186e+05 4.673078e+05 4.672883e+05 4.668033e+05 4.656211e+05 4.655044e+05 4.671900e+05 4.695229e+05 4.716891e+05 4.748902e+05 4.768659e+05 4.780445e+05 4.786905e+05 4.789553e+05 4.789284e+05 4.695752e+05 4.543173e+05 4.413976e+05 4.295643e+05
4.675629e+05 4.675629e+05 4.675629e+05 4.675629e+05 4.675629e+05 4.675628e+05 4.675626e+05 4.675615e+05 4.675607e+05 4.675597e+05 4.675572e+05 4.675540e+05 4.675499e+05 4.675449e+05 4.675378e+05 4.675261e+05 4.675053e+05 4.669876e+05 4.656330e+05 4.651777e+05 4.665334e+05 4.686381e+05 4.706602e+05 4.737072e+05 4.756085e+05 4.767470e+05 4.773721e+05 4.776292e+05 4.776052e+05 4.686035e+05 4.536277e+05 4.407478e+05 4.290010e+05
4.675473e+05 4.675473e+05 4.675473e+05 4.675473e+05 4.675473e+05 4.675472e+05 4.675470e+05 4.675460e+05 4.675452e+05 4.675443e+05 4.675419e+05 4.675387e+05 4.675348e+05 4.675299e+05 4.675229e+05 4.675112e+05 4.674900e+05 4.669485e+05 4.654397e+05 4.646671e+05 4.657066e+05 4.675897e+05 4.694711e+05 4.723673e+05 4.741962e+05 4.752967e+05 4.759028e+05 4.761539e+05 4.761339e+05 4.674900e+05 4.528249e+05 4.400114e+05 4.283642e+05
4.673110e+05 4.673110e+05 4.673110e+05 4.673110e+05 4.673110e+05 4.673109e+05 4.673107e+05 4.673096e+05 4.673089e+05 4.673079e+05 4.673055e+05 4.673023e+05 4.672983e+05 4.672933e+05 4.672861e+05 4.672742e+05 4.672525e+05 4.666866e+05 4.650312e+05 4.639599e+05 4.647019e+05 4.663754e+05 4.681227e+05 4.708745e+05 4.726346e+05 4.736999e+05 4.742896e+05 4.745370e+05 4.745232e+05 4.662457e+05 4.519162e+05 4.391935e+05 4.276574e+05
4.668624e+05 4.668624e+05 4.668624e+05 4.668623e+05 4.668623e+05 4.668622e+05 4.668619e+05 4.668606e+05 4.668596e+05 4.668584e+05 4.668554e+05 4.668515e+05 4.668466e+05 4.668406e+05 4.668323e+05 4.668190e+05 4.667957e+05 4.662004e+05 4.644017e+05 4.630501e+05 4.635158e+05 4.649947e+05 4.666169e+05 4.692333e+05 4.709295e+05 4.719634e+05 4.725401e+05 4.727868e+05 4.727818e+05 4.648808e+05 4.509088e+05 4.382991e+05 4.268843e+05
4.661696e+05 4.661696e+05 4.661696e+05 4.661696e+05 4.661696e+05 4.661695e+05 4.661691e+05 4.661676e+05 4.661665e+05 4.661651e+05 4.661616e+05 4.661571e+05 4.661515e+05 4.661447e+05 4.661354e+05 4.661211e+05 4.660965e+05 4.654770e+05 4.635513e+05 4.619445e+05 4.621556e+05 4.634536e+05 4.649591e+05 4.674495e+05 4.690876e+05 4.700949e+05 4.706626e+05 4.709122e+05 4.709189e+05 4.634056e+05 4.498098e+05 4.373331e+05 4.260482e+05
4.652075e+05 4.652075e+05 4.652075e+05 4.652075e+05 4.652075e+05 4.652074e+05 4.652070e+05 4.652056e+05 4.652045e+05 4.652031e+05 4.651998e+05 4.651958e+05 4.651910e+05 4.651851e+05 4.651772e+05 4.651644e+05 4.651414e+05 4.645172e+05 4.624939e+05 4.606615e+05 4.606366e+05 4.617640e+05 4.631591e+05 4.655316e+05 4.671177e+05 4.681033e+05 4.686664e+05 4.689226e+05 4.689441e+05 4.618297e+05 4.486257e+05 4.363001e+05 4.251528e+05
