9.053083e+08 6.485814e+08 5.474852e+08 3.407600e+08 2.731100e+08 1.581308e+08 1.301263e+08 1.154709e+08 1.132598e+08 1.119314e+08 1.096872e+08 1.069113e+08 1.035941e+08 1.000409e+08 9.649578e+07 9.309638e+07 8.990334e+07 7.701621e+07 6.770263e+07 6.045279e+07 5.458766e+07 4.975411e+07 4.571581e+07 3.936679e+07 3.459726e+07 3.086999e+07 2.786768e+07 2.539262e+07 2.331503e+07 1.277681e+07 8.924881e+06 7.000767e+06 5.848613e+06
1.187599e+08 1.187602e+08 1.187608e+08 1.187709e+08 1.187694e+08 1.173098e+08 1.150449e+08 1.114475e+08 1.110336e+08 1.106122e+08 1.090510e+08 1.064162e+08 1.031062e+08 9.954249e+07 9.599662e+07 9.260861e+07 8.943554e+07 7.667799e+07 6.746234e+07 6.027301e+07 5.444359e+07 4.963098e+07 4.560552e+07 3.927160e+07 3.451225e+07 3.079359e+07 2.779897e+07 2.533080e+07 2.325935e+07 1.275447e+07 8.913729e+06 6.994287e+06 5.844412e+06
1.080222e+08 1.080224e+08 1.080227e+08 1.080311e+08 1.080522e+08 1.081036e+08 1.085185e+08 1.100148e+08 1.096920e+08 1.094690e+08 1.082642e+08 1.057132e+08 1.024157e+08 9.886569e+07 9.534680e+07 9.199554e+07 8.886388e+07 7.629564e+07 6.719946e+07 6.007971e+07 5.429033e+07 4.950103e+07 4.548983e+07 3.917273e+07 3.442460e+07 3.071522e+07 2.772877e+07 2.526784e+07 2.320277e+07 1.273200e+07 8.902537e+06 6.987792e+06 5.840205e+06
1.083090e+08 1.083090e+08 1.083092e+08 1.083140e+08 1.083273e+08 1.085437e+08 1.086051e+08 1.106325e+08 1.108465e+08 1.101305e+08 1.076620e+08 1.047948e+08 1.014778e+08 9.797385e+07 9.452099e+07 9.124031e+07 8.817711e+07 7.586705e+07 6.691326e+07 5.987250e+07 5.412765e+07 4.936406e+07 4.536864e+07 3.907012e+07 3.433426e+07 3.063487e+07 2.765707e+07 2.520372e+07 2.314529e+07 1.270938e+07 8.891305e+06 6.981280e+06 5.835989e+06
1.109775e+08 1.109776e+08 1.109777e+08 1.109806e+08 1.109890e+08 1.111532e+08 1.111413e+08 1.109501e+08 1.111143e+08 1.106507e+08 1.078029e+08 1.040390e+08 1.003782e+08 9.688358e+07 9.351869e+07 9.033879e+07 8.737103e+07 7.539087e+07 6.660317e+07 5.965103e+07 5.395530e+07 4.921993e+07 4.524181e+07 3.896372e+07 3.424120e+07 3.055252e+07 2.758387e+07 2.513845e+07 2.308691e+07 1.268662e+07 8.880034e+06 6.974754e+06 5.831766e+06
1.136024e+08 1.136024e+08 1.136023e+08 1.135999e+08 1.135908e+08 1.133372e+08 1.127709e+08 1.109358e+08 1.103277e+08 1.097275e+08 1.073187e+08 1.035191e+08 9.947118e+07 9.573668e+07 9.239667e+07 8.931590e+07 8.645709e+07 7.486713e+07 6.626886e+07 5.941504e+07 5.377307e+07 4.906847e+07 4.510924e+07 3.885345e+07 3.414541e+07 3.046816e+07 2.750916e+07 2.507201e+07 2.302762e+07 1.266373e+07 8.868723e+06 6.968211e+06 5.827535e+06
1.122285e+08 1.122285e+08 1.122285e+08 1.122290e+08 1.122291e+08 1.120827e+08 1.116061e+08 1.096993e+08 1.086981e+08 1.078312e+08 1.057493e+08 1.025114e+08 9.862581e+07 9.479128e+07 9.131135e+07 8.824262e+07 8.547172e+07 7.429808e+07 6.591035e+07 5.916431e+07 5.358078e+07 4.890954e+07 4.497081e+07 3.873927e+07 3.404685e+07 3.038177e+07 2.743293e+07 2.500442e+07 2.296744e+07 1.264070e+07 8.857373e+06 6.961654e+06 5.823297e+06
1.087902e+08 1.087902e+08 1.087903e+08 1.087904e+08 1.087906e+08 1.087740e+08 1.085924e+08 1.073610e+08 1.064286e+08 1.054822e+08 1.035073e+08 1.008568e+08 9.747257e+07 9.384978e+07 9.039218e+07 8.726230e+07 8.448610e+07 7.368909e+07 6.552820e+07 5.889880e+07 5.337829e+07 4.874301e+07 4.482643e+07 3.862113e+07 3.394549e+07 3.029336e+07 2.735518e+07 2.493567e+07 2.290634e+07 1.261753e+07 8.845985e+06 6.955081e+06 5.819051e+06
1.054370e+08 1.054370e+08 1.054371e+08 1.054372e+08 1.054376e+08 1.054348e+08 1.053671e+08 1.046630e+08 1.039284e+08 1.030360e+08 1.010782e+08 9.878277e+07 9.593586e+07 9.271739e+07 8.946306e+07 8.639982e+07 8.361468e+07 7.304955e+07 6.512368e+07 5.861862e+07 5.316552e+07 4.856878e+07 4.467601e+07 3.849898e+07 3.384132e+07 3.020289e+07 2.727590e+07 2.486576e+07 2.284435e+07 1.259422e+07 8.834558e+06 6.948493e+06 5.814798e+06
1.026155e+08 1.026155e+08 1.026156e+08 1.026157e+08 1.026160e+08 1.026154e+08 1.025740e+08 1.020862e+08 1.014918e+08 1.006757e+08 9.872043e+07 9.657210e+07 9.412371e+07 9.134581e+07 8.841145e+07 8.552662e+07 8.282014e+07 7.239365e+07 6.469895e+07 5.832411e+07 5.294244e+07 4.838676e+07 4.451948e+07 3.837278e+07 3.373432e+07 3.011038e+07 2.719510e+07 2.479469e+07 2.278146e+07 1.257078e+07 8.823093e+06 6.941890e+06 5.810537e+06
1.001985e+08 1.001985e+08 1.001985e+08 1.001986e+08 1.001989e+08 1.001991e+08 1.001516e+08 9.969520e+07 9.917201e+07 9.842233e+07 9.650014e+07 9.440155e+07 9.219334e+07 8.978537e+07 8.720290e+07 8.457130e+07 8.201612e+07 7.174145e+07 6.425726e+07 5.801588e+07 5.270914e+07 4.819693e+07 4.435678e+07 3.824250e+07 3.362447e+07 3.001581e+07 2.711278e+07 2.472246e+07 2.271768e+07 1.254720e+07 8.811589e+06 6.935272e+06 5.806269e+06
8.146098e+07 8.146098e+07 8.146099e+07 8.146099e+07 8.146100e+07 8.146027e+07 8.145205e+07 8.135811e+07 8.120992e+07 8.094751e+07 8.005124e+07 7.875952e+07 7.726204e+07 7.573091e+07 7.427495e+07 7.293486e+07 7.170156e+07 6.599516e+07 6.008456e+07 5.462457e+07 4.993678e+07 4.590342e+07 4.239933e+07 3.671426e+07 3.236890e+07 2.895737e+07 2.620635e+07 2.393729e+07 2.203130e+07 1.230422e+07 8.694528e+06 6.868289e+06 5.763187e+06
6.931226e+07 6.931226e+07 6.931226e+07 6.931226e+07 6.931223e+07 6.931060e+07 6.930262e+07 6.924435e+07 6.915559e+07 6.899851e+07 6.846884e+07 6.771773e+07 6.684184e+07 6.591009e+07 6.496388e+07 6.402892e+07 6.312198e+07 5.913509e+07 5.540518e+07 5.129759e+07 4.713806e+07 4.333979e+07 4.004769e+07 3.482676e+07 3.084774e+07 2.770537e+07 2.515665e+07 2.304389e+07 2.126152e+07 1.204890e+07 8.573978e+06 6.799918e+06 5.719409e+06
5.954787e+07 5.954787e+07 5.954787e+07 5.954786e+07 5.954782e+07 5.954636e+07 5.954144e+07 5.950871e+07 5.945631e+07 5.936268e+07 5.904909e+07 5.861098e+07 5.810634e+07 5.757191e+07 5.702440e+07 5.646927e+07 5.590763e+07 5.303896e+07 5.014221e+07 4.708623e+07 4.384649e+07 4.063952e+07 3.768229e+07 3.280529e+07 2.914790e+07 2.630289e+07 2.398891e+07 2.205869e+07 2.041985e+07 1.178250e+07 8.450254e+06 6.730263e+06 5.674975e+06
5.159398e+07 5.159398e+07 5.159398e+07 5.159397e+07 5.159394e+07 5.159289e+07 5.158931e+07 5.156614e+07 5.153091e+07 5.146940e+07 5.126845e+07 5.099559e+07 5.069049e+07 5.037626e+07 5.006076e+07 4.974298e+07 4.941820e+07 4.754436e+07 4.522061e+07 4.266065e+07 4.003750e+07 3.746011e+07 3.501898e+07 3.077629e+07 2.743913e+07 2.483382e+07 2.274856e+07 2.100929e+07 1.952434e+07 1.150652e+07 8.323697e+06 6.659438e+06 5.629933e+06
4.463872e+07 4.463872e+07 4.463872e+07 4.463872e+07 4.463870e+07 4.463813e+07 4.463618e+07 4.462401e+07 4.460633e+07 4.457605e+07 4.447900e+07 4.435020e+07 4.420952e+07 4.406670e+07 4.392244e+07 4.377243e+07 4.361063e+07 4.246016e+07 4.065519e+07 3.846740e+07 3.622391e+07 3.409010e+07 3.210988e+07 2.861915e+07 2.573951e+07 2.340431e+07 2.150377e+07 1.993441e+07 1.859953e+07 1.122264e+07 8.194675e+06 6.587559e+06 5.584327e+06
3.884737e+07 3.884737e+07 3.884737e+07 3.884737e+07 3.884735e+07 3.884699e+07 3.884577e+07 3.883949e+07 3.883232e+07 3.882122e+07 3.878850e+07 3.874816e+07 3.870658e+07 3.866499e+07 3.862015e+07 3.856654e+07 3.849827e+07 3.779572e+07 3.641405e+07 3.458927e+07 3.266477e+07 3.085176e+07 2.921133e+07 2.638102e+07 2.400288e+07 2.199523e+07 2.030777e+07 1.888512e+07 1.767597e+07 1.093271e+07 8.063577e+06 6.514748e+06 5.538206e+06
3.409873e+07 3.409873e+07 3.409873e+07 3.409873e+07 3.409872e+07 3.409854e+07 3.409794e+07 3.409534e+07 3.409354e+07 3.409174e+07 3.408934e+07 3.409016e+07 3.409452e+07 3.410005e+07 3.410213e+07 3.409518e+07 3.407386e+07 3.363194e+07 3.256797e+07 3.107218e+07 2.944440e+07 2.789709e+07 2.651114e+07 2.418611e+07 2.225837e+07 2.059028e+07 1.913864e+07 1.788028e+07 1.678931e+07 1.063873e+07 7.930808e+06 6.441132e+06 5.491618e+06
3.024864e+07 3.024864e+07 3.024864e+07 3.024864e+07 3.024863e+07 3.024850e+07 3.024808e+07 3.024675e+07 3.024689e+07 3.024848e+07 3.025706e+07 3.027260e+07 3.029319e+07 3.031536e+07 3.033438e+07 3.034518e+07 3.034308e+07 3.003817e+07 2.919198e+07 2.795991e+07 2.658983e+07 2.527037e+07 2.408676e+07 2.213715e+07 2.056642e+07 1.920552e+07 1.799015e+07 1.690450e+07 1.594026e+07 1.034281e+07 7.796790e+06 6.366839e+06 5.444613e+06
2.708910e+07 2.708910e+07 2.708910e+07 2.708909e+07 2.708909e+07 2.708901e+07 2.708873e+07 2.708808e+07 2.708899e+07 2.709178e+07 2.710393e+07 2.712388e+07 2.714905e+07 2.717583e+07 2.719983e+07 2.721652e+07 2.722181e+07 2.699099e+07 2.629162e+07 2.525763e+07 2.409608e+07 2.296696e+07 2.194885e+07 2.028436e+07 1.898081e+07 1.787128e+07 1.687085e+07 1.595472e+07 1.511962e+07 1.004716e+07 7.661952e+06 6.291999e+06 5.397241e+06
2.445821e+07 2.445821e+07 2.445821e+07 2.445821e+07 2.445821e+07 2.445816e+07 2.445799e+07 2.445789e+07 2.445928e+07 2.446268e+07 2.447634e+07 2.449782e+07 2.452430e+07 2.455220e+07 2.457748e+07 2.459611e+07 2.460448e+07 2.441785e+07 2.382044e+07 2.293319e+07 2.193456e+07 2.096010e+07 2.007782e+07 1.863723e+07 1.753211e+07 1.661627e+07 1.579654e+07 1.503546e+07 1.432555e+07 9.754000e+06 7.526731e+06 6.216746e+06 5.349554e+06
2.225865e+07 2.225865e+07 2.225865e+07 2.225865e+07 2.225865e+07 2.225860e+07 2.225845e+07 2.225842e+07 2.225982e+07 2.226318e+07 2.227643e+07 2.229704e+07 2.232217e+07 2.234851e+07 2.237239e+07 2.239019e+07 2.239874e+07 2.223759e+07 2.171332e+07 2.093645e+07 2.006456e+07 1.921427e+07 1.844327e+07 1.718352e+07 1.622911e+07 1.545897e+07 1.478305e+07 1.415522e+07 1.356036e+07 9.465615e+06 7.391569e+06 6.141211e+06 5.301602e+06
2.039027e+07 2.039027e+07 2.039027e+07 2.039027e+07 2.039027e+07 2.039023e+07 2.039011e+07 2.039012e+07 2.039145e+07 2.039456e+07 2.040677e+07 2.042559e+07 2.044844e+07 2.047230e+07 2.049388e+07 2.050997e+07 2.051772e+07 2.037368e+07 1.990567e+07 1.921499e+07 1.844324e+07 1.769296e+07 1.701330e+07 1.590257e+07 1.506665e+07 1.440658e+07 1.384168e+07 1.332299e+07 1.282872e+07 9.184286e+06 7.256906e+06 6.065529e+06 5.253437e+06
1.877692e+07 1.877692e+07 1.877692e+07 1.877692e+07 1.877692e+07 1.877690e+07 1.877682e+07 1.877698e+07 1.877832e+07 1.878132e+07 1.879281e+07 1.881032e+07 1.883145e+07 1.885343e+07 1.887329e+07 1.888813e+07 1.889537e+07 1.876578e+07 1.834365e+07 1.772259e+07 1.703171e+07 1.636284e+07 1.575860e+07 1.477236e+07 1.403283e+07 1.345781e+07 1.297784e+07 1.254576e+07 1.213588e+07 8.912381e+06 7.123182e+06 5.989833e+06 5.205110e+06
1.737955e+07 1.737955e+07 1.737955e+07 1.737955e+07 1.737955e+07 1.737954e+07 1.737949e+07 1.737976e+07 1.738107e+07 1.738392e+07 1.739466e+07 1.741090e+07 1.743036e+07 1.745052e+07 1.746867e+07 1.748216e+07 1.748867e+07 1.736981e+07 1.698503e+07 1.642122e+07 1.579686e+07 1.519519e+07 1.465374e+07 1.377257e+07 1.311360e+07 1.260635e+07 1.219188e+07 1.182739e+07 1.148617e+07 8.652701e+06 6.990829e+06 5.914254e+06 5.156672e+06
1.616371e+07 1.616371e+07 1.616371e+07 1.616371e+07 1.616371e+07 1.616370e+07 1.616365e+07 1.616388e+07 1.616505e+07 1.616762e+07 1.617729e+07 1.619187e+07 1.620930e+07 1.622727e+07 1.624334e+07 1.625511e+07 1.626049e+07 1.614897e+07 1.579518e+07 1.527959e+07 1.471116e+07 1.416590e+07 1.367732e+07 1.288555e+07 1.229519e+07 1.184362e+07 1.148064e+07 1.116876e+07 1.088226e+07 8.405818e+06 6.860276e+06 5.838922e+06 5.108174e+06
1.508985e+07 1.508985e+07 1.508985e+07 1.508985e+07 1.508985e+07 1.508984e+07 1.508980e+07 1.509000e+07 1.509107e+07 1.509339e+07 1.510211e+07 1.511522e+07 1.513088e+07 1.514700e+07 1.516136e+07 1.517177e+07 1.517631e+07 1.507206e+07 1.474588e+07 1.427232e+07 1.375206e+07 1.325500e+07 1.281149e+07 1.209635e+07 1.156512e+07 1.116046e+07 1.083897e+07 1.056833e+07 1.032503e+07 8.170197e+06 6.731941e+06 5.763966e+06 5.059665e+06
1.413341e+07 1.413341e+07 1.413341e+07 1.413341e+07 1.413341e+07 1.413340e+07 1.413337e+07 1.413361e+07 1.413463e+07 1.413681e+07 1.414493e+07 1.415707e+07 1.417153e+07 1.418641e+07 1.419966e+07 1.420925e+07 1.421342e+07 1.411706e+07 1.381598e+07 1.337963e+07 1.290144e+07 1.244611e+07 1.204141e+07 1.139235e+07 1.091246e+07 1.054808e+07 1.026086e+07 1.002302e+07 9.813775e+06 7.944901e+06 6.606235e+06 5.689513e+06 5.011196e+06
1.328342e+07 1.328342e+07 1.328342e+07 1.328342e+07 1.328342e+07 1.328342e+07 1.328341e+07 1.328370e+07 1.328469e+07 1.328677e+07 1.329441e+07 1.330578e+07 1.331927e+07 1.333311e+07 1.334541e+07 1.335430e+07 1.335813e+07 1.326855e+07 1.298949e+07 1.258586e+07 1.214458e+07 1.172567e+07 1.135468e+07 1.076293e+07 1.032782e+07 9.998417e+06 9.740125e+06 9.528883e+06 9.346611e+06 7.729219e+06 6.483566e+06 5.615688e+06 4.962816e+06
1.252953e+07 1.252953e+07 1.252953e+07 1.252953e+07 1.252953e+07 1.252952e+07 1.252950e+07 1.252972e+07 1.253060e+07 1.253247e+07 1.253939e+07 1.254971e+07 1.256196e+07 1.257452e+07 1.258564e+07 1.259359e+07 1.259686e+07 1.251237e+07 1.225244e+07 1.187771e+07 1.146907e+07 1.108221e+07 1.074075e+07 1.019902e+07 9.803082e+06 9.504315e+06 9.270854e+06 9.081591e+06 8.920916e+06 7.522585e+06 6.364341e+06 5.542612e+06 4.914573e+06
1.185337e+07 1.185337e+07 1.185337e+07 1.185337e+07 1.185337e+07 1.185336e+07 1.185334e+07 1.185354e+07 1.185435e+07 1.185607e+07 1.186239e+07 1.187180e+07 1.188297e+07 1.189440e+07 1.190450e+07 1.191165e+07 1.191446e+07 1.183483e+07 1.159236e+07 1.124371e+07 1.086431e+07 1.050599e+07 1.019065e+07 9.692841e+06 9.331288e+06 9.059458e+06 8.847573e+06 8.676803e+06 8.533653e+06 7.324543e+06 6.248993e+06 5.470404e+06 4.866515e+06
1.124265e+07 1.124265e+07 1.124265e+07 1.124265e+07 1.124265e+07 1.124264e+07 1.124264e+07 1.124287e+07 1.124365e+07 1.124526e+07 1.125118e+07 1.125995e+07 1.127034e+07 1.128097e+07 1.129036e+07 1.129701e+07 1.129961e+07 1.122528e+07 1.099917e+07 1.067438e+07 1.032145e+07 9.988760e+06 9.696685e+06 9.237691e+06 8.906401e+06 8.658317e+06 8.465329e+06 8.310352e+06 8.181634e+06 7.134740e+06 6.138074e+06 5.399182e+06 4.818689e+06
1.069186e+07 1.069186e+07 1.069186e+07 1.069186e+07 1.069186e+07 1.069186e+07 1.069186e+07 1.069209e+07 1.069282e+07 1.069434e+07 1.069987e+07 1.070807e+07 1.071779e+07 1.072776e+07 1.073657e+07 1.074284e+07 1.074533e+07 1.067614e+07 1.046510e+07 1.016207e+07 9.833125e+06 9.523530e+06 9.252299e+06 8.827764e+06 8.523168e+06 8.296042e+06 8.119685e+06 7.978351e+06 7.861689e+06 6.952902e+06 6.031879e+06 5.329060e+06 4.771140e+06
1.019491e+07 1.019491e+07 1.019491e+07 1.019491e+07 1.019491e+07 1.019491e+07 1.019491e+07 1.019514e+07 1.019585e+07 1.019729e+07 1.020253e+07 1.021027e+07 1.021945e+07 1.022886e+07 1.023719e+07 1.024314e+07 1.024554e+07 1.018098e+07 9.983573e+06 9.700261e+06 9.393049e+06 9.104316e+06 8.851820e+06 8.457994e+06 8.176994e+06 7.968372e+06 7.806683e+06 7.677235e+06 7.570776e+06 6.778821e+06 5.929903e+06 5.260152e+06 4.723915e+06
9.746228e+06 9.746228e+06 9.746228e+06 9.746228e+06 9.746228e+06 9.746228e+06 9.746229e+06 9.746441e+06 9.747102e+06 9.748458e+06 9.753388e+06 9.760678e+06 9.769321e+06 9.778189e+06 9.786049e+06 9.791670e+06 9.793962e+06 9.733535e+06 9.548509e+06 9.283162e+06 8.995720e+06 8.725899e+06 8.490305e+06 8.123936e+06 7.863827e+06 7.671543e+06 7.522806e+06 7.403769e+06 7.306041e+06 6.612330e+06 5.831783e+06 5.192569e+06 4.677059e+06
9.339124e+06 9.339124e+06 9.339124e+06 9.339124e+06 9.339124e+06 9.339123e+06 9.339121e+06 9.339313e+06 9.339932e+06 9.341207e+06 9.345853e+06 9.352734e+06 9.360905e+06 9.369302e+06 9.376763e+06 9.382127e+06 9.384364e+06 9.327961e+06 9.154478e+06 8.905684e+06 8.636339e+06 8.383731e+06 8.163427e+06 7.821669e+06 7.580082e+06 7.402220e+06 7.264917e+06 7.155032e+06 7.064842e+06 6.453287e+06 5.737227e+06 5.126425e+06 4.630615e+06
8.967841e+06 8.967841e+06 8.967841e+06 8.967841e+06 8.967841e+06 8.967843e+06 8.967847e+06 8.968057e+06 8.968667e+06 8.969908e+06 8.974403e+06 8.981045e+06 8.988927e+06 8.997038e+06 9.004272e+06 9.009530e+06 9.011840e+06 8.959620e+06 8.797030e+06 8.563553e+06 8.310799e+06 8.073867e+06 7.867404e+06 7.547723e+06 7.322569e+06 7.157433e+06 7.030220e+06 6.928398e+06 6.844763e+06 6.301552e+06 5.645981e+06 5.061838e+06 4.584627e+06
8.630629e+06 8.630629e+06 8.630629e+06 8.630629e+06 8.630629e+06 8.630631e+06 8.630635e+06 8.630837e+06 8.631424e+06 8.632617e+06 8.636941e+06 8.643341e+06 8.650950e+06 8.658799e+06 8.665837e+06 8.671018e+06 8.673418e+06 8.625173e+06 8.472658e+06 8.253218e+06 8.015581e+06 7.792867e+06 7.598903e+06 7.299009e+06 7.088437e+06 6.934529e+06 6.816218e+06 6.721508e+06 6.643608e+06 6.156978e+06 5.557814e+06 4.998940e+06 4.539138e+06
8.324836e+06 8.324836e+06 8.324836e+06 8.324836e+06 8.324836e+06 8.324839e+06 8.324846e+06 8.325052e+06 8.325624e+06 8.326780e+06 8.330960e+06 8.337144e+06 8.344500e+06 8.352103e+06 8.358947e+06 8.364040e+06 8.366501e+06 8.321757e+06 8.178305e+06 7.971536e+06 7.747551e+06 7.537660e+06 7.354940e+06 7.072759e+06 6.875131e+06 6.731135e+06 6.620676e+06 6.532249e+06 6.459386e+06 6.019397e+06 5.472518e+06 4.937898e+06 4.494191e+06
8.047958e+06 8.047958e+06 8.047958e+06 8.047958e+06 8.047958e+06 8.047961e+06 8.047968e+06 8.048169e+06 8.048719e+06 8.049830e+06 8.053852e+06 8.059803e+06 8.066886e+06 8.074214e+06 8.080828e+06 8.085783e+06 8.088242e+06 8.046402e+06 7.910955e+06 7.715521e+06 7.503795e+06 7.305430e+06 7.132810e+06 6.866482e+06 6.680359e+06 6.545122e+06 6.441596e+06 6.358724e+06 6.290307e+06 5.888617e+06 5.389901e+06 4.878887e+06 4.449829e+06
7.796798e+06 7.796798e+06 7.796798e+06 7.796798e+06 7.796798e+06 7.796799e+06 7.796803e+06 7.796981e+06 7.797497e+06 7.798550e+06 7.802375e+06 7.808050e+06 7.814815e+06 7.821824e+06 7.828165e+06 7.832933e+06 7.835332e+06 7.795895e+06 7.667547e+06 7.482274e+06 7.281575e+06 7.093585e+06 6.930049e+06 6.677937e+06 6.502065e+06 6.374586e+06 6.277191e+06 6.199239e+06 6.134758e+06 5.764419e+06 5.309792e+06 4.821721e+06 4.406094e+06
7.567212e+06 7.567212e+06 7.567212e+06 7.567212e+06 7.567212e+06 7.567214e+06 7.567221e+06 7.567403e+06 7.567906e+06 7.568923e+06 7.572609e+06 7.578069e+06 7.584574e+06 7.591314e+06 7.597418e+06 7.602023e+06 7.604369e+06 7.567096e+06 7.445169e+06 7.269099e+06 7.078381e+06 6.899773e+06 6.744440e+06 6.505120e+06 6.338412e+06 6.217827e+06 6.125864e+06 6.052279e+06 5.991296e+06 5.646556e+06 5.232037e+06 4.766224e+06 4.363031e+06
7.357342e+06 7.357342e+06 7.357342e+06 7.357342e+06 7.357342e+06 7.357342e+06 7.357344e+06 7.357498e+06 7.357964e+06 7.358919e+06 7.362400e+06 7.367578e+06 7.373763e+06 7.380187e+06 7.386017e+06 7.390428e+06 7.392694e+06 7.357342e+06 7.241289e+06 7.073623e+06 6.891998e+06 6.721915e+06 6.574018e+06 6.346252e+06 6.187768e+06 6.073327e+06 5.986193e+06 5.916492e+06 5.858626e+06 5.534758e+06 5.156500e+06 4.712264e+06 4.320685e+06
7.163503e+06 7.163503e+06 7.163503e+06 7.163503e+06 7.163503e+06 7.163506e+06 7.163512e+06 7.163682e+06 7.164146e+06 7.165081e+06 7.168469e+06 7.173491e+06 7.179482e+06 7.185702e+06 7.191353e+06 7.195645e+06 7.197883e+06 7.164419e+06 7.053797e+06 6.893836e+06 6.720516e+06 6.558201e+06 6.417063e+06 6.199763e+06 6.048683e+06 5.939741e+06 5.856910e+06 5.790673e+06 5.735594e+06 5.428739e+06 5.083060e+06 4.659726e+06 4.279105e+06
6.985738e+06 6.985738e+06 6.985738e+06 6.985738e+06 6.985738e+06 6.985739e+06 6.985740e+06 6.985882e+06 6.986311e+06 6.987190e+06 6.990395e+06 6.995167e+06 7.000876e+06 7.006817e+06 7.012227e+06 7.016348e+06 7.018511e+06 6.986657e+06 6.880972e+06 6.728041e+06 6.562295e+06 6.407055e+06 6.272068e+06 6.064269e+06 5.919878e+06 5.815873e+06 5.736888e+06 5.673747e+06 5.621167e+06 5.328194e+06 5.011613e+06 4.608507e+06 4.238346e+06
6.820957e+06 6.820957e+06 6.820957e+06 6.820957e+06 6.820957e+06 6.820959e+06 6.820965e+06 6.821121e+06 6.821547e+06 6.822410e+06 6.825537e+06 6.830177e+06 6.835720e+06 6.841482e+06 6.846730e+06 6.850736e+06 6.852859e+06 6.822496e+06 6.721280e+06 6.574735e+06 6.415882e+06 6.267087e+06 6.137703e+06 5.938546e+06 5.800216e+06 5.700659e+06 5.625124e+06 5.564758e+06 5.514423e+06 5.232814e+06 4.942067e+06 4.558511e+06 4.198479e+06
6.669117e+06 6.669117e+06 6.669117e+06 6.669117e+06 6.669118e+06 6.669118e+06 6.669119e+06 6.669252e+06 6.669653e+06 6.670472e+06 6.673461e+06 6.677907e+06 6.683224e+06 6.688754e+06 6.693792e+06 6.697638e+06 6.699676e+06 6.670509e+06 6.573289e+06 6.432534e+06 6.279959e+06 6.137047e+06 6.012779e+06 5.821509e+06 5.688691e+06 5.593155e+06 5.520724e+06 5.462851e+06 5.414539e+06 5.142285e+06 4.874342e+06 4.509651e+06 4.159604e+06
6.527958e+06 6.527958e+06 6.527958e+06 6.527958e+06 6.527958e+06 6.527959e+06 6.527961e+06 6.528092e+06 6.528478e+06 6.529268e+06 6.532146e+06 6.536426e+06 6.541539e+06 6.546856e+06 6.551694e+06 6.555384e+06 6.557333e+06 6.529200e+06 6.435603e+06 6.300142e+06 6.153322e+06 6.015808e+06 5.896236e+06 5.712195e+06 5.584408e+06 5.492522e+06 5.422892e+06 5.367265e+06 5.320781e+06 5.056292e+06 4.808368e+06 4.461846e+06 4.121665e+06
6.396013e+06 6.396013e+06 6.396013e+06 6.396013e+06 6.396013e+06 6.396014e+06 6.396017e+06 6.396145e+06 6.396520e+06 6.397283e+06 6.400061e+06 6.404190e+06 6.409122e+06 6.414247e+06 6.418910e+06 6.422463e+06 6.424338e+06 6.397189e+06 6.306954e+06 6.176390e+06 6.034893e+06 5.902368e+06 5.787130e+06 5.609747e+06 5.486572e+06 5.398009e+06 5.330916e+06 5.277318e+06 5.232491e+06 4.974528e+06 4.744083e+06 4.415020e+06 4.084563e+06
6.272636e+06 6.272636e+06 6.272636e+06 6.272636e+06 6.272636e+06 6.272636e+06 6.272637e+06 6.272754e+06 6.273109e+06 6.273836e+06 6.276489e+06 6.280437e+06 6.285156e+06 6.290061e+06 6.294521e+06 6.297915e+06 6.299691e+06 6.273388e+06 6.186273e+06 6.060274e+06 5.923736e+06 5.795851e+06 5.684637e+06 5.513410e+06 5.394474e+06 5.308947e+06 5.244158e+06 5.192400e+06 5.149079e+06 4.896691e+06 4.681433e+06 4.369104e+06 4.048230e+06
6.156198e+06 6.156198e+06 6.156198e+06 6.156198e+06 6.156198e+06 6.156198e+06 6.156198e+06 6.156307e+06 6.156648e+06 6.157348e+06 6.159904e+06 6.163710e+06 6.168259e+06 6.172986e+06 6.177284e+06 6.180551e+06 6.182257e+06 6.156812e+06 6.072657e+06 5.950954e+06 5.819060e+06 5.695505e+06 5.588034e+06 5.422511e+06 5.307482e+06 5.224736e+06 5.162048e+06 5.111964e+06 5.070017e+06 4.822493e+06 4.620368e+06 4.324038e+06 4.012608e+06
6.045890e+06 6.045890e+06 6.045890e+06 6.045890e+06 6.045890e+06 6.045891e+06 6.045893e+06 6.046009e+06 6.046346e+06 6.047033e+06 6.049530e+06 6.053239e+06 6.057666e+06 6.062264e+06 6.066443e+06 6.069622e+06 6.071288e+06 6.046744e+06 5.965411e+06 5.847749e+06 5.720199e+06 5.600679e+06 5.496687e+06 5.336449e+06 5.225025e+06 5.144836e+06 5.084072e+06 5.035518e+06 4.994834e+06 4.751658e+06 4.560841e+06 4.279763e+06 3.977648e+06
5.942385e+06 5.942385e+06 5.942385e+06 5.942385e+06 5.942385e+06 5.942384e+06 5.942384e+06 5.942483e+06 5.942799e+06 5.943449e+06 5.945825e+06 5.949362e+06 5.953590e+06 5.957984e+06 5.961979e+06 5.965013e+06 5.966590e+06 5.942743e+06 5.864000e+06 5.750087e+06 5.626569e+06 5.510792e+06 5.410024e+06 5.254681e+06 5.146591e+06 5.068760e+06 5.009767e+06 4.962623e+06 4.923104e+06 4.683923e+06 4.502809e+06 4.236230e+06 3.943303e+06
5.844031e+06 5.844031e+06 5.844031e+06 5.844031e+06 5.844031e+06 5.844030e+06 5.844030e+06 5.844126e+06 5.844431e+06 5.845060e+06 5.847358e+06 5.850779e+06 5.854866e+06 5.859112e+06 5.862968e+06 5.865891e+06 5.867403e+06 5.844229e+06 5.767871e+06 5.657410e+06 5.537613e+06 5.425297e+06 5.327514e+06 5.176709e+06 5.071713e+06 4.996072e+06 4.938721e+06 4.892884e+06 4.854450e+06 4.619043e+06 4.446231e+06 4.193394e+06 3.909529e+06
5.750193e+06 5.750193e+06 5.750193e+06 5.750193e+06 5.750193e+06 5.750193e+06 5.750194e+06 5.750295e+06 5.750598e+06 5.751218e+06 5.753478e+06 5.756834e+06 5.760838e+06 5.764990e+06 5.768757e+06 5.771612e+06 5.773090e+06 5.750591e+06 5.676427e+06 5.569142e+06 5.452780e+06 5.343668e+06 5.248658e+06 5.102080e+06 4.999974e+06 4.926379e+06 4.870564e+06 4.825949e+06 4.788535e+06 4.556788e+06 4.391065e+06 4.151217e+06 3.876288e+06
5.661250e+06 5.661250e+06 5.661250e+06 5.661250e+06 5.661250e+06 5.661250e+06 5.661250e+06 5.661345e+06 5.661636e+06 5.662234e+06 5.664415e+06 5.667656e+06 5.671521e+06 5.675526e+06 5.679155e+06 5.681895e+06 5.683297e+06 5.661272e+06 5.589071e+06 5.484705e+06 5.371531e+06 5.265409e+06 5.172994e+06 5.030385e+06 4.931001e+06 4.859337e+06 4.804969e+06 4.761509e+06 4.725062e+06 4.496944e+06 4.337273e+06 4.109664e+06 3.843542e+06
5.576403e+06 5.576403e+06 5.576403e+06 5.576403e+06 5.576403e+06 5.576403e+06 5.576400e+06 5.576481e+06 5.576755e+06 5.577322e+06 5.579400e+06 5.582491e+06 5.586178e+06 5.589997e+06 5.593447e+06 5.596036e+06 5.597326e+06 5.575606e+06 5.505188e+06 5.403549e+06 5.293375e+06 5.190076e+06 5.100117e+06 4.961271e+06 4.864472e+06 4.794641e+06 4.741651e+06 4.699290e+06 4.663767e+06 4.439314e+06 4.284815e+06 4.068706e+06 3.811257e+06
5.494187e+06 5.494187e+06 5.494187e+06 5.494187e+06 5.494187e+06 5.494186e+06 5.494183e+06 5.494260e+06 5.494523e+06 5.495069e+06 5.497069e+06 5.500044e+06 5.503591e+06 5.507260e+06 5.510568e+06 5.513035e+06 5.514240e+06 5.492890e+06 5.424215e+06 5.325200e+06 5.217901e+06 5.117303e+06 5.029690e+06 4.894440e+06 4.800110e+06 4.732034e+06 4.680362e+06 4.639056e+06 4.604422e+06 4.383718e+06 4.233651e+06 4.028319e+06 3.779402e+06
5.413968e+06 5.413968e+06 5.413968e+06 5.413968e+06 5.413968e+06 5.413967e+06 5.413966e+06 5.414045e+06 5.414304e+06 5.414840e+06 5.416797e+06 5.419705e+06 5.423167e+06 5.426744e+06 5.429965e+06 5.432365e+06 5.433532e+06 5.412695e+06 5.345780e+06 5.249327e+06 5.144807e+06 5.046809e+06 4.961451e+06 4.829649e+06 4.737686e+06 4.671292e+06 4.620888e+06 4.580599e+06 4.546828e+06 4.329991e+06 4.183742e+06 3.988483e+06 3.747946e+06
5.336089e+06 5.336089e+06 5.336089e+06 5.336089e+06 5.336089e+06 5.336089e+06 5.336088e+06 5.336166e+06 5.336419e+06 5.336942e+06 5.338854e+06 5.341694e+06 5.345074e+06 5.348565e+06 5.351707e+06 5.354046e+06 5.355183e+06 5.334879e+06 5.269692e+06 5.175726e+06 5.073889e+06 4.978392e+06 4.895198e+06 4.766700e+06 4.677005e+06 4.612228e+06 4.563047e+06 4.523744e+06 4.490814e+06 4.277983e+06 4.135048e+06 3.949180e+06 3.716864e+06
5.260556e+06 5.260556e+06 5.260556e+06 5.260556e+06 5.260556e+06 5.260555e+06 5.260554e+06 5.260630e+06 5.260875e+06 5.261383e+06 5.263240e+06 5.266001e+06 5.269288e+06 5.272685e+06 5.275743e+06 5.278021e+06 5.279127e+06 5.259346e+06 5.195831e+06 5.104260e+06 5.004998e+06 4.911896e+06 4.830771e+06 4.705429e+06 4.617904e+06 4.554681e+06 4.506683e+06 4.468340e+06 4.436233e+06 4.227558e+06 4.087531e+06 3.910397e+06 3.686132e+06
5.187468e+06 5.187468e+06 5.187468e+06 5.187468e+06 5.187468e+06 5.187468e+06 5.187468e+06 5.187545e+06 5.187785e+06 5.188278e+06 5.190075e+06 5.192743e+06 5.195921e+06 5.199205e+06 5.202162e+06 5.204359e+06 5.205419e+06 5.186078e+06 5.124135e+06 5.034835e+06 4.938019e+06 4.847192e+06 4.768033e+06 4.645693e+06 4.560242e+06 4.498515e+06 4.451663e+06 4.414258e+06 4.382961e+06 4.178596e+06 4.041150e+06 3.872122e+06 3.655727e+06
5.117142e+06 5.117142e+06 5.117142e+06 5.117142e+06 5.117142e+06 5.117141e+06 5.117140e+06 5.117210e+06 5.117436e+06 5.117904e+06 5.119612e+06 5.122150e+06 5.125175e+06 5.128301e+06 5.131110e+06 5.133184e+06 5.134156e+06 5.115078e+06 5.054547e+06 4.967360e+06 4.872841e+06 4.784156e+06 4.706854e+06 4.587363e+06 4.503895e+06 4.443611e+06 4.397876e+06 4.361391e+06 4.330894e+06 4.130987e+06 3.995868e+06 3.834346e+06 3.625630e+06
5.048915e+06 5.048915e+06 5.048915e+06 5.048915e+06 5.048915e+06 5.048915e+06 5.048913e+06 5.048979e+06 5.049196e+06 5.049643e+06 5.051275e+06 5.053697e+06 5.056581e+06 5.059560e+06 5.062229e+06 5.064183e+06 5.065065e+06 5.046185e+06 4.986937e+06 4.901707e+06 4.809330e+06 4.722657e+06 4.647105e+06 4.530321e+06 4.448757e+06 4.389871e+06 4.345230e+06 4.309652e+06 4.279948e+06 4.084634e+06 3.951647e+06 3.797063e+06 3.595824e+06
4.982390e+06 4.982390e+06 4.982390e+06 4.982390e+06 4.982390e+06 4.982390e+06 4.982389e+06 4.982452e+06 4.982661e+06 4.983092e+06 4.984662e+06 4.986991e+06 4.989763e+06 4.992621e+06 4.995173e+06 4.997027e+06 4.997835e+06 4.979161e+06 4.921107e+06 4.837700e+06 4.747331e+06 4.662554e+06 4.588661e+06 4.474463e+06 4.394736e+06 4.337216e+06 4.293651e+06 4.258971e+06 4.230053e+06 4.039451e+06 3.908447e+06 3.760267e+06 3.566294e+06
4.917422e+06 4.917422e+06 4.917422e+06 4.917422e+06 4.917422e+06 4.917421e+06 4.917420e+06 4.917480e+06 4.917682e+06 4.918097e+06 4.919611e+06 4.921856e+06 4.924525e+06 4.927274e+06 4.929722e+06 4.931487e+06 4.932229e+06 4.913761e+06 4.856832e+06 4.775144e+06 4.686677e+06 4.603706e+06 4.531404e+06 4.419700e+06 4.341764e+06 4.285585e+06 4.243083e+06 4.209294e+06 4.181159e+06 3.995360e+06 3.866232e+06 3.723952e+06 3.537026e+06
4.853749e+06 4.853749e+06 4.853749e+06 4.853749e+06 4.853749e+06 4.853748e+06 4.853746e+06 4.853803e+06 4.853997e+06 4.854399e+06 4.855864e+06 4.858036e+06 4.860617e+06 4.863271e+06 4.865629e+06 4.867317e+06 4.868004e+06 4.849746e+06 4.793891e+06 4.713852e+06 4.627219e+06 4.545996e+06 4.475237e+06 4.365968e+06 4.289792e+06 4.234937e+06 4.193490e+06 4.160585e+06 4.133226e+06 3.952295e+06 3.824966e+06 3.688116e+06 3.508011e+06
4.791104e+06 4.791104e+06 4.791104e+06 4.791104e+06 4.791104e+06 4.791104e+06 4.791103e+06 4.791162e+06 4.791353e+06 4.791748e+06 4.793181e+06 4.795301e+06 4.797816e+06 4.800397e+06 4.802681e+06 4.804305e+06 4.804945e+06 4.786900e+06 4.732094e+06 4.653675e+06 4.568844e+06 4.489339e+06 4.420099e+06 4.313230e+06 4.238793e+06 4.185250e+06 4.144848e+06 4.112820e+06 4.086229e+06 3.910194e+06 3.784614e+06 3.652756e+06 3.479237e+06
4.729810e+06 4.729810e+06 4.729810e+06 4.729810e+06 4.729810e+06 4.729810e+06 4.729809e+06 4.729865e+06 4.730049e+06 4.730426e+06 4.731798e+06 4.733824e+06 4.736227e+06 4.738690e+06 4.740861e+06 4.742388e+06 4.742957e+06 4.725083e+06 4.671337e+06 4.594541e+06 4.511506e+06 4.433706e+06 4.365971e+06 4.261479e+06 4.188762e+06 4.136518e+06 4.097149e+06 4.065985e+06 4.040150e+06 3.869005e+06 3.745140e+06 3.617868e+06 3.450699e+06
4.669859e+06 4.669859e+06 4.669859e+06 4.669859e+06 4.669859e+06 4.669859e+06 4.669857e+06 4.669906e+06 4.670075e+06 4.670426e+06 4.671701e+06 4.673587e+06 4.675828e+06 4.678128e+06 4.680151e+06 4.681555e+06 4.682035e+06 4.664323e+06 4.611653e+06 4.536481e+06 4.455228e+06 4.379118e+06 4.312872e+06 4.210729e+06 4.139713e+06 4.088748e+06 4.050393e+06 4.020077e+06 3.994980e+06 3.828681e+06 3.706512e+06 3.583450e+06 3.422389e+06
4.610687e+06 4.610687e+06 4.610687e+06 4.610687e+06 4.610687e+06 4.610686e+06 4.610684e+06 4.610731e+06 4.610894e+06 4.611230e+06 4.612453e+06 4.614259e+06 4.616403e+06 4.618602e+06 4.620530e+06 4.621856e+06 4.622281e+06 4.604788e+06 4.553169e+06 4.479581e+06 4.400076e+06 4.325627e+06 4.260847e+06 4.161016e+06 4.091668e+06 4.041955e+06 4.004588e+06 3.975094e+06 3.950713e+06 3.789178e+06 3.668696e+06 3.549501e+06 3.394304e+06
4.552339e+06 4.552339e+06 4.552339e+06 4.552339e+06 4.552339e+06 4.552338e+06 4.552338e+06 4.552389e+06 4.552554e+06 4.552889e+06 4.554101e+06 4.555885e+06 4.557996e+06 4.560153e+06 4.562040e+06 4.563331e+06 4.563735e+06 4.546528e+06 4.495943e+06 4.423903e+06 4.346111e+06 4.273290e+06 4.209946e+06 4.112377e+06 4.044654e+06 3.996153e+06 3.959741e+06 3.931038e+06 3.907344e+06 3.750460e+06 3.631663e+06 3.516016e+06 3.366439e+06
4.495466e+06 4.495466e+06 4.495466e+06 4.495466e+06 4.495466e+06 4.495466e+06 4.495465e+06 4.495515e+06 4.495674e+06 4.495999e+06 4.497169e+06 4.498891e+06 4.500927e+06 4.503008e+06 4.504823e+06 4.506058e+06 4.506428e+06 4.489506e+06 4.439974e+06 4.369478e+06 4.293375e+06 4.222153e+06 4.160214e+06 4.064844e+06 3.998691e+06 3.951356e+06 3.915857e+06 3.887907e+06 3.864868e+06 3.712492e+06 3.595381e+06 3.482992e+06 3.338793e+06
4.439970e+06 4.439970e+06 4.439970e+06 4.439970e+06 4.439970e+06 4.439969e+06 4.439968e+06 4.440015e+06 4.440167e+06 4.440477e+06 4.441597e+06 4.443243e+06 4.445192e+06 4.447183e+06 4.448917e+06 4.450089e+06 4.450421e+06 4.433788e+06 4.385317e+06 4.316356e+06 4.241916e+06 4.172257e+06 4.111684e+06 4.018440e+06 3.953793e+06 3.907568e+06 3.872933e+06 3.845696e+06 3.823273e+06 3.675243e+06 3.559821e+06 3.450428e+06 3.311364e+06
4.385628e+06 4.385628e+06 4.385628e+06 4.385628e+06 4.385628e+06 4.385627e+06 4.385626e+06 4.385672e+06 4.385821e+06 4.386125e+06 4.387220e+06 4.388827e+06 4.390728e+06 4.392669e+06 4.394357e+06 4.395494e+06 4.395809e+06 4.379499e+06 4.332064e+06 4.264597e+06 4.191775e+06 4.123631e+06 4.064377e+06 3.973173e+06 3.909959e+06 3.864781e+06 3.830960e+06 3.804392e+06 3.782548e+06 3.638684e+06 3.524955e+06 3.418319e+06 3.284152e+06
4.332653e+06 4.332653e+06 4.332653e+06 4.332653e+06 4.332653e+06 4.332653e+06 4.332653e+06 4.332702e+06 4.332850e+06 4.333152e+06 4.334232e+06 4.335816e+06 4.337685e+06 4.339590e+06 4.341246e+06 4.342360e+06 4.342667e+06 4.326690e+06 4.280261e+06 4.214238e+06 4.142975e+06 4.076286e+06 4.018294e+06 3.929031e+06 3.867170e+06 3.822978e+06 3.789918e+06 3.763975e+06 3.742672e+06 3.602788e+06 3.490758e+06 3.386661e+06 3.257156e+06
4.281421e+06 4.281421e+06 4.281421e+06 4.281421e+06 4.281421e+06 4.281421e+06 4.281421e+06 4.281468e+06 4.281612e+06 4.281903e+06 4.282948e+06 4.284477e+06 4.286282e+06 4.288121e+06 4.289716e+06 4.290784e+06 4.291066e+06 4.275379e+06 4.229921e+06 4.165284e+06 4.095509e+06 4.030205e+06 3.973411e+06 3.885984e+06 3.825397e+06 3.782129e+06 3.749780e+06 3.724420e+06 3.703622e+06 3.567530e+06 3.457201e+06 3.355450e+06 3.230378e+06
4.231798e+06 4.231798e+06 4.231798e+06 4.231798e+06 4.231798e+06 4.231798e+06 4.231798e+06 4.231843e+06 4.231982e+06 4.232262e+06 4.233266e+06 4.234735e+06 4.236468e+06 4.238234e+06 4.239763e+06 4.240779e+06 4.241030e+06 4.225595e+06 4.181046e+06 4.117715e+06 4.049344e+06 3.985345e+06 3.929681e+06 3.843983e+06 3.784595e+06 3.742193e+06 3.710511e+06 3.685696e+06 3.665369e+06 3.532886e+06 3.424262e+06 3.324681e+06 3.203818e+06
4.183634e+06 4.183634e+06 4.183634e+06 4.183634e+06 4.183634e+06 4.183634e+06 4.183634e+06 4.183678e+06 4.183813e+06 4.184086e+06 4.185062e+06 4.186489e+06 4.188170e+06 4.189881e+06 4.191358e+06 4.192331e+06 4.192554e+06 4.177329e+06 4.133597e+06 4.071472e+06 4.004411e+06 3.941638e+06 3.887037e+06 3.802968e+06 3.744709e+06 3.703124e+06 3.672069e+06 3.647767e+06 3.627884e+06 3.498834e+06 3.391915e+06 3.294348e+06 3.177478e+06
4.136855e+06 4.136855e+06 4.136855e+06 4.136855e+06 4.136855e+06 4.136855e+06 4.136855e+06 4.136898e+06 4.137030e+06 4.137296e+06 4.138248e+06 4.139636e+06 4.141270e+06 4.142928e+06 4.144355e+06 4.145285e+06 4.145479e+06 4.130428e+06 4.087443e+06 4.026442e+06 3.960611e+06 3.898993e+06 3.845394e+06 3.762868e+06 3.705681e+06 3.664873e+06 3.634415e+06 3.610599e+06 3.591135e+06 3.465353e+06 3.360139e+06 3.264447e+06 3.151360e+06
4.091404e+06 4.091404e+06 4.091404e+06 4.091404e+06 4.091404e+06 4.091404e+06 4.091404e+06 4.091445e+06 4.091572e+06 4.091828e+06 4.092741e+06 4.094071e+06 4.095634e+06 4.097217e+06 4.098574e+06 4.099446e+06 4.099598e+06 4.084687e+06 4.042419e+06 3.982490e+06 3.917829e+06 3.857309e+06 3.804666e+06 3.723613e+06 3.667454e+06 3.627391e+06 3.597505e+06 3.574154e+06 3.555089e+06 3.432421e+06 3.328912e+06 3.234972e+06 3.125466e+06
4.047062e+06 4.047062e+06 4.047062e+06 4.047062e+06 4.047061e+06 4.047061e+06 4.047060e+06 4.047097e+06 4.047217e+06 4.047459e+06 4.048325e+06 4.049587e+06 4.051071e+06 4.052572e+06 4.053853e+06 4.054661e+06 4.054768e+06 4.039984e+06 3.998405e+06 3.939504e+06 3.875963e+06 3.816495e+06 3.764770e+06 3.685138e+06 3.629975e+06 3.590634e+06 3.561301e+06 3.538398e+06 3.519716e+06 3.400020e+06 3.298211e+06 3.205915e+06 3.099798e+06
4.003424e+06 4.003424e+06 4.003424e+06 4.003424e+06 4.003424e+06 4.003424e+06 4.003423e+06 4.003458e+06 4.003575e+06 4.003811e+06 4.004652e+06 4.005877e+06 4.007316e+06 4.008769e+06 4.010005e+06 4.010776e+06 4.010859e+06 3.996236e+06 3.955313e+06 3.897390e+06 3.834925e+06 3.776473e+06 3.725638e+06 3.647390e+06 3.593199e+06 3.554565e+06 3.525771e+06 3.503302e+06 3.484988e+06 3.368130e+06 3.268019e+06 3.177271e+06 3.074357e+06
3.960502e+06 3.960502e+06 3.960502e+06 3.960502e+06 3.960502e+06 3.960501e+06 3.960501e+06 3.960539e+06 3.960655e+06 3.960890e+06 3.961722e+06 3.962930e+06 3.964344e+06 3.965769e+06 3.966976e+06 3.967723e+06 3.967790e+06 3.953332e+06 3.913035e+06 3.856057e+06 3.794637e+06 3.737178e+06 3.687216e+06 3.610327e+06 3.557092e+06 3.519151e+06 3.490885e+06 3.468838e+06 3.450879e+06 3.336733e+06 3.238316e+06 3.149033e+06 3.049145e+06
3.918596e+06 3.918596e+06 3.918596e+06 3.918596e+06 3.918596e+06 3.918595e+06 3.918595e+06 3.918631e+06 3.918743e+06 3.918968e+06 3.919766e+06 3.920920e+06 3.922270e+06 3.923629e+06 3.924773e+06 3.925467e+06 3.925496e+06 3.911147e+06 3.871464e+06 3.815424e+06 3.755043e+06 3.698568e+06 3.649469e+06 3.573923e+06 3.521631e+06 3.484371e+06 3.456619e+06 3.434982e+06 3.417365e+06 3.305811e+06 3.209083e+06 3.121193e+06 3.024166e+06
3.877656e+06 3.877656e+06 3.877656e+06 3.877656e+06 3.877656e+06 3.877656e+06 3.877655e+06 3.877685e+06 3.877788e+06 3.877995e+06 3.878731e+06 3.879795e+06 3.881042e+06 3.882296e+06 3.883343e+06 3.883956e+06 3.883924e+06 3.869636e+06 3.830566e+06 3.775468e+06 3.716123e+06 3.660626e+06 3.612383e+06 3.538163e+06 3.486797e+06 3.450204e+06 3.422953e+06 3.401712e+06 3.384425e+06 3.275348e+06 3.180303e+06 3.093745e+06 2.999419e+06
3.837213e+06 3.837213e+06 3.837213e+06 3.837213e+06 3.837213e+06 3.837212e+06 3.837211e+06 3.837240e+06 3.837338e+06 3.837534e+06 3.838229e+06 3.839232e+06 3.840406e+06 3.841583e+06 3.842559e+06 3.843111e+06 3.843034e+06 3.828840e+06 3.790381e+06 3.736215e+06 3.677893e+06 3.623360e+06 3.575959e+06 3.503041e+06 3.452581e+06 3.416635e+06 3.389869e+06 3.369009e+06 3.352038e+06 3.245327e+06 3.151961e+06 3.066682e+06 2.974907e+06
3.797112e+06 3.797112e+06 3.797112e+06 3.797112e+06 3.797112e+06 3.797112e+06 3.797112e+06 3.797142e+06 3.797240e+06 3.797435e+06 3.798120e+06 3.799107e+06 3.800258e+06 3.801410e+06 3.802360e+06 3.802892e+06 3.802804e+06 3.788789e+06 3.750949e+06 3.697697e+06 3.640375e+06 3.586784e+06 3.540205e+06 3.468555e+06 3.418972e+06 3.383650e+06 3.357349e+06 3.336853e+06 3.320182e+06 3.215734e+06 3.124040e+06 3.039995e+06 2.950632e+06
3.757665e+06 3.757665e+06 3.757665e+06 3.757665e+06 3.757665e+06 3.757665e+06 3.757665e+06 3.757696e+06 3.757793e+06 3.757987e+06 3.758667e+06 3.759644e+06 3.760784e+06 3.761922e+06 3.762861e+06 3.763386e+06 3.763299e+06 3.749503e+06 3.712284e+06 3.659927e+06 3.603580e+06 3.550904e+06 3.505122e+06 3.434696e+06 3.385957e+06 3.351232e+06 3.325374e+06 3.305224e+06 3.288837e+06 3.186553e+06 3.096526e+06 3.013678e+06 2.926593e+06
3.719120e+06 3.719120e+06 3.719120e+06 3.719120e+06 3.719120e+06 3.719120e+06 3.719120e+06 3.719150e+06 3.719244e+06 3.719431e+06 3.720088e+06 3.721035e+06 3.722140e+06 3.723247e+06 3.724159e+06 3.724666e+06 3.724574e+06 3.710987e+06 3.674383e+06 3.622901e+06 3.567501e+06 3.515712e+06 3.470699e+06 3.401450e+06 3.353517e+06 3.319360e+06 3.293921e+06 3.274098e+06 3.257980e+06 3.157769e+06 3.069404e+06 2.987724e+06 2.902793e+06
