7.818752e+04 4.576759e+04 3.569945e+04 1.832514e+04 1.376500e+04 7.732601e+03 6.436872e+03 5.590082e+03 5.396198e+03 5.264034e+03 5.104117e+03 5.024843e+03 4.994061e+03 4.996086e+03 5.021778e+03 5.065082e+03 5.121554e+03 5.485565e+03 5.699791e+03 5.508790e+03 5.062770e+03 4.646215e+03 4.376291e+03 4.245179e+03 4.499561e+03 5.050832e+03 5.889505e+03 7.036175e+03 8.519872e+03 4.491549e+04 1.065611e+05 1.640651e+05 2.054557e+05
5.969893e+03 5.969901e+03 5.969922e+03 5.970103e+03 5.969019e+03 5.868711e+03 5.689722e+03 5.324754e+03 5.219484e+03 5.139108e+03 5.034736e+03 4.983966e+03 4.970389e+03 4.983925e+03 5.017842e+03 5.067272e+03 5.128428e+03 5.504089e+03 5.720000e+03 5.526187e+03 5.076663e+03 4.657742e+03 4.386664e+03 4.255474e+03 4.511431e+03 5.065380e+03 5.907681e+03 7.058862e+03 8.547888e+03 4.502021e+04 1.067189e+05 1.642248e+05 2.055890e+05
5.258871e+03 5.258874e+03 5.258882e+03 5.259060e+03 5.259358e+03 5.240667e+03 5.203832e+03 5.120803e+03 5.044439e+03 4.998016e+03 4.952741e+03 4.936545e+03 4.943969e+03 4.971263e+03 5.014736e+03 5.071080e+03 5.137374e+03 5.524959e+03 5.741953e+03 5.544729e+03 5.091304e+03 4.669803e+03 4.397464e+03 4.266130e+03 4.523668e+03 5.080330e+03 5.926312e+03 7.082065e+03 8.576486e+03 4.512604e+04 1.068778e+05 1.643851e+05 2.057228e+05
5.004459e+03 5.004460e+03 5.004464e+03 5.004565e+03 5.004801e+03 5.003112e+03 4.973135e+03 4.983455e+03 4.969666e+03 4.935599e+03 4.886873e+03 4.890442e+03 4.917676e+03 4.959420e+03 5.013196e+03 5.076979e+03 5.148725e+03 5.548265e+03 5.765682e+03 5.564428e+03 5.106698e+03 4.682402e+03 4.408697e+03 4.277151e+03 4.536277e+03 5.095690e+03 5.945406e+03 7.105794e+03 8.605677e+03 4.523298e+04 1.070377e+05 1.645462e+05 2.058569e+05
4.877536e+03 4.877537e+03 4.877540e+03 4.877610e+03 4.877790e+03 4.879414e+03 4.868498e+03 4.858218e+03 4.881798e+03 4.893500e+03 4.878915e+03 4.872313e+03 4.900621e+03 4.952090e+03 5.014918e+03 5.085830e+03 5.162959e+03 5.574062e+03 5.791192e+03 5.585282e+03 5.122846e+03 4.695540e+03 4.420366e+03 4.288543e+03 4.549265e+03 5.111466e+03 5.964970e+03 7.130055e+03 8.635468e+03 4.534105e+04 1.071986e+05 1.647080e+05 2.059915e+05
4.808640e+03 4.808641e+03 4.808643e+03 4.808696e+03 4.808844e+03 4.811587e+03 4.810917e+03 4.796317e+03 4.813728e+03 4.842277e+03 4.880640e+03 4.892817e+03 4.913902e+03 4.958507e+03 5.024033e+03 5.099660e+03 5.181127e+03 5.602397e+03 5.818472e+03 5.607284e+03 5.139743e+03 4.709218e+03 4.432474e+03 4.300310e+03 4.562637e+03 5.127665e+03 5.985011e+03 7.154858e+03 8.665868e+03 4.545024e+04 1.073607e+05 1.648705e+05 2.061264e+05
4.780686e+03 4.780687e+03 4.780688e+03 4.780730e+03 4.780847e+03 4.783700e+03 4.788033e+03 4.782332e+03 4.789364e+03 4.812482e+03 4.875810e+03 4.920725e+03 4.953020e+03 4.993083e+03 5.049472e+03 5.122648e+03 5.205408e+03 5.633372e+03 5.847504e+03 5.630416e+03 5.157381e+03 4.723434e+03 4.445020e+03 4.312456e+03 4.576399e+03 5.144294e+03 6.005538e+03 7.180209e+03 8.696886e+03 4.556057e+04 1.075238e+05 1.650338e+05 2.062618e+05
4.788978e+03 4.788978e+03 4.788979e+03 4.789017e+03 4.789123e+03 4.791591e+03 4.796335e+03 4.797662e+03 4.800300e+03 4.814837e+03 4.877067e+03 4.945616e+03 4.998702e+03 5.045498e+03 5.098425e+03 5.162943e+03 5.239858e+03 5.667225e+03 5.878274e+03 5.654657e+03 5.175751e+03 4.738184e+03 4.458006e+03 4.324984e+03 4.590556e+03 5.161360e+03 6.026558e+03 7.206119e+03 8.728532e+03 4.567205e+04 1.076879e+05 1.651977e+05 2.063976e+05
4.816717e+03 4.816717e+03 4.816718e+03 4.816750e+03 4.816843e+03 4.819036e+03 4.823620e+03 4.830904e+03 4.834244e+03 4.844195e+03 4.895941e+03 4.972210e+03 5.043714e+03 5.103815e+03 5.160495e+03 5.221760e+03 5.291237e+03 5.704418e+03 5.910798e+03 5.679988e+03 5.194839e+03 4.753462e+03 4.471429e+03 4.337898e+03 4.605113e+03 5.178868e+03 6.048077e+03 7.232594e+03 8.760813e+03 4.578468e+04 1.078532e+05 1.653624e+05 2.065338e+05
4.853558e+03 4.853559e+03 4.853560e+03 4.853595e+03 4.853693e+03 4.856170e+03 4.862639e+03 4.878203e+03 4.884828e+03 4.894026e+03 4.935616e+03 5.008187e+03 5.089265e+03 5.162662e+03 5.227746e+03 5.290704e+03 5.356872e+03 5.745741e+03 5.945141e+03 5.706398e+03 5.214634e+03 4.769261e+03 4.485289e+03 4.351200e+03 4.620076e+03 5.196826e+03 6.070105e+03 7.259644e+03 8.793739e+03 4.589847e+04 1.080195e+05 1.655278e+05 2.066704e+05
4.910772e+03 4.910772e+03 4.910773e+03 4.910797e+03 4.910867e+03 4.913574e+03 4.921521e+03 4.941671e+03 4.950739e+03 4.960347e+03 4.994304e+03 5.057913e+03 5.139645e+03 5.221674e+03 5.295999e+03 5.364075e+03 5.430506e+03 5.792449e+03 5.981444e+03 5.733891e+03 5.235126e+03 4.785578e+03 4.499583e+03 4.364893e+03 4.635449e+03 5.215239e+03 6.092647e+03 7.287276e+03 8.827318e+03 4.601344e+04 1.081869e+05 1.656940e+05 2.068075e+05
6.006948e+03 6.006948e+03 6.006948e+03 6.006936e+03 6.006896e+03 6.005847e+03 6.004226e+03 6.004424e+03 6.006554e+03 6.009837e+03 6.019004e+03 6.031041e+03 6.047732e+03 6.072996e+03 6.110165e+03 6.159988e+03 6.220424e+03 6.530312e+03 6.532191e+03 6.097444e+03 5.483893e+03 4.978081e+03 4.666628e+03 4.523891e+03 4.812775e+03 5.425820e+03 6.348044e+03 7.597454e+03 9.201014e+03 4.722937e+04 1.099209e+05 1.673954e+05 2.082002e+05
6.951760e+03 6.951760e+03 6.951760e+03 6.951769e+03 6.951799e+03 6.952711e+03 6.955451e+03 6.965594e+03 6.972717e+03 6.981036e+03 7.000698e+03 7.023364e+03 7.047845e+03 7.073328e+03 7.099689e+03 7.127423e+03 7.157191e+03 7.312332e+03 7.217471e+03 6.640525e+03 5.872207e+03 5.259809e+03 4.893401e+03 4.727979e+03 5.037197e+03 5.689229e+03 6.663341e+03 7.975161e+03 9.650020e+03 4.857168e+04 1.117673e+05 1.691704e+05 2.096336e+05
8.121533e+03 8.121533e+03 8.121533e+03 8.121538e+03 8.121553e+03 8.121810e+03 8.122190e+03 8.123903e+03 8.125503e+03 8.127541e+03 8.132580e+03 8.138460e+03 8.144845e+03 8.151447e+03 8.157910e+03 8.163800e+03 8.168606e+03 8.143636e+03 7.859800e+03 7.158382e+03 6.304949e+03 5.628105e+03 5.215174e+03 5.002430e+03 5.320981e+03 6.015036e+03 7.047764e+03 8.429864e+03 1.018414e+04 5.004872e+04 1.137295e+05 1.710196e+05 2.111072e+05
8.867612e+03 8.867612e+03 8.867612e+03 8.867621e+03 8.867649e+03 8.868505e+03 8.870732e+03 8.876876e+03 8.880258e+03 8.883708e+03 8.890701e+03 8.897837e+03 8.905197e+03 8.912740e+03 8.920182e+03 8.926927e+03 8.932045e+03 8.876832e+03 8.485767e+03 7.659205e+03 6.724392e+03 6.009629e+03 5.581447e+03 5.363507e+03 5.693372e+03 6.421516e+03 7.515175e+03 8.973856e+03 1.081502e+04 5.166877e+04 1.158112e+05 1.729436e+05 2.126204e+05
9.505909e+03 9.505909e+03 9.505909e+03 9.505911e+03 9.505917e+03 9.506104e+03 9.506850e+03 9.510845e+03 9.514031e+03 9.517895e+03 9.527432e+03 9.539126e+03 9.552666e+03 9.567602e+03 9.583249e+03 9.598628e+03 9.612411e+03 9.583026e+03 9.144016e+03 8.206071e+03 7.173314e+03 6.410560e+03 5.973459e+03 5.785836e+03 6.161005e+03 6.938848e+03 8.089767e+03 9.625184e+03 1.155808e+04 5.344010e+04 1.180155e+05 1.749425e+05 2.141725e+05
1.036370e+04 1.036370e+04 1.036370e+04 1.036370e+04 1.036371e+04 1.036385e+04 1.036425e+04 1.036585e+04 1.036726e+04 1.036928e+04 1.037545e+04 1.038443e+04 1.039583e+04 1.040899e+04 1.042299e+04 1.043665e+04 1.044842e+04 1.039527e+04 9.882066e+03 8.822855e+03 7.682395e+03 6.861433e+03 6.410200e+03 6.264827e+03 6.713280e+03 7.568988e+03 8.798775e+03 1.041341e+04 1.243543e+04 5.537105e+04 1.203452e+05 1.770164e+05 2.157626e+05
1.134942e+04 1.134942e+04 1.134942e+04 1.134942e+04 1.134942e+04 1.134958e+04 1.135004e+04 1.135184e+04 1.135318e+04 1.135483e+04 1.135910e+04 1.136465e+04 1.137125e+04 1.137845e+04 1.138544e+04 1.139111e+04 1.139392e+04 1.127941e+04 1.066916e+04 9.490645e+03 8.253950e+03 7.381866e+03 6.917799e+03 6.816171e+03 7.352840e+03 8.310384e+03 9.643644e+03 1.136015e+04 1.348033e+04 5.747018e+04 1.228027e+05 1.791649e+05 2.173896e+05
1.226855e+04 1.226855e+04 1.226855e+04 1.226855e+04 1.226854e+04 1.226848e+04 1.226853e+04 1.226914e+04 1.226963e+04 1.227019e+04 1.227146e+04 1.227292e+04 1.227463e+04 1.227638e+04 1.227759e+04 1.227722e+04 1.227371e+04 1.211921e+04 1.144405e+04 1.018593e+04 8.887819e+03 7.986308e+03 7.519333e+03 7.464805e+03 8.094742e+03 9.169880e+03 1.062829e+04 1.246855e+04 1.470764e+04 5.974651e+04 1.253903e+05 1.813875e+05 2.190523e+05
1.295855e+04 1.295855e+04 1.295855e+04 1.295855e+04 1.295857e+04 1.295902e+04 1.296039e+04 1.296536e+04 1.296875e+04 1.297264e+04 1.298165e+04 1.299190e+04 1.300290e+04 1.301404e+04 1.302435e+04 1.303251e+04 1.303676e+04 1.290443e+04 1.221823e+04 1.092834e+04 9.604575e+03 8.695568e+03 8.237300e+03 8.236865e+03 8.962078e+03 1.016309e+04 1.176247e+04 1.374573e+04 1.612261e+04 6.220985e+04 1.281099e+05 1.836832e+05 2.207491e+05
1.385125e+04 1.385125e+04 1.385125e+04 1.385125e+04 1.385125e+04 1.385142e+04 1.385194e+04 1.385377e+04 1.385495e+04 1.385628e+04 1.385953e+04 1.386395e+04 1.386989e+04 1.387724e+04 1.388528e+04 1.389264e+04 1.389735e+04 1.377485e+04 1.308712e+04 1.178068e+04 1.044457e+04 9.537862e+03 9.095403e+03 9.157486e+03 9.981633e+03 1.131297e+04 1.306273e+04 1.520307e+04 1.773377e+04 6.487120e+04 1.309629e+05 1.860508e+05 2.224787e+05
1.477016e+04 1.477016e+04 1.477016e+04 1.477017e+04 1.477020e+04 1.477112e+04 1.477396e+04 1.478449e+04 1.479159e+04 1.479961e+04 1.481788e+04 1.483840e+04 1.486045e+04 1.488311e+04 1.490513e+04 1.492487e+04 1.494023e+04 1.484515e+04 1.414650e+04 1.280910e+04 1.145068e+04 1.054304e+04 1.011823e+04 1.025196e+04 1.118218e+04 1.264759e+04 1.455196e+04 1.685708e+04 1.955259e+04 6.774326e+04 1.339508e+05 1.884889e+05 2.242392e+05
1.630097e+04 1.630097e+04 1.630097e+04 1.630097e+04 1.630097e+04 1.630098e+04 1.630099e+04 1.630111e+04 1.630126e+04 1.630151e+04 1.630258e+04 1.630501e+04 1.630933e+04 1.631553e+04 1.632286e+04 1.632982e+04 1.633418e+04 1.619898e+04 1.545438e+04 1.405847e+04 1.265775e+04 1.174004e+04 1.133244e+04 1.154842e+04 1.259493e+04 1.419848e+04 1.625794e+04 1.872912e+04 2.159406e+04 7.084123e+04 1.370749e+05 1.909958e+05 2.260287e+05
1.770605e+04 1.770605e+04 1.770605e+04 1.770606e+04 1.770609e+04 1.770706e+04 1.771008e+04 1.772152e+04 1.772950e+04 1.773870e+04 1.776000e+04 1.778420e+04 1.781027e+04 1.783707e+04 1.786315e+04 1.788664e+04 1.790515e+04 1.780363e+04 1.702906e+04 1.556088e+04 1.409937e+04 1.316186e+04 1.277100e+04 1.308086e+04 1.425476e+04 1.599974e+04 1.821133e+04 2.084409e+04 2.387636e+04 7.418439e+04 1.403361e+05 1.935693e+05 2.278453e+05
1.981575e+04 1.981575e+04 1.981575e+04 1.981575e+04 1.981575e+04 1.981579e+04 1.981592e+04 1.981646e+04 1.981696e+04 1.981773e+04 1.982077e+04 1.982678e+04 1.983645e+04 1.984959e+04 1.986500e+04 1.988058e+04 1.989344e+04 1.977269e+04 1.894030e+04 1.736938e+04 1.582234e+04 1.485338e+04 1.447793e+04 1.489122e+04 1.620066e+04 1.808705e+04 2.044382e+04 2.322843e+04 2.641980e+04 7.780064e+04 1.437356e+05 1.962074e+05 2.296866e+05
2.203871e+04 2.203871e+04 2.203871e+04 2.203872e+04 2.203875e+04 2.203958e+04 2.204222e+04 2.205310e+04 2.206128e+04 2.207114e+04 2.209522e+04 2.212392e+04 2.215578e+04 2.218924e+04 2.222235e+04 2.225268e+04 2.227723e+04 2.216749e+04 2.125761e+04 1.954864e+04 1.788800e+04 1.687384e+04 1.651005e+04 1.702926e+04 1.847473e+04 2.049615e+04 2.298601e+04 2.590796e+04 2.924508e+04 8.170361e+04 1.472747e+05 1.989076e+05 2.315505e+05
2.512506e+04 2.512506e+04 2.512506e+04 2.512506e+04 2.512506e+04 2.512513e+04 2.512534e+04 2.512596e+04 2.512645e+04 2.512721e+04 2.513033e+04 2.513684e+04 2.514766e+04 2.516269e+04 2.518054e+04 2.519869e+04 2.521361e+04 2.506233e+04 2.404926e+04 2.217222e+04 2.037185e+04 1.929635e+04 1.893528e+04 1.954960e+04 2.111926e+04 2.326030e+04 2.586520e+04 2.890580e+04 3.237157e+04 8.588694e+04 1.509547e+05 2.016672e+05 2.334344e+05
2.828444e+04 2.828444e+04 2.828444e+04 2.828445e+04 2.828448e+04 2.828563e+04 2.828931e+04 2.830432e+04 2.831559e+04 2.832926e+04 2.836301e+04 2.840384e+04 2.844979e+04 2.849852e+04 2.854722e+04 2.859246e+04 2.863020e+04 2.851915e+04 2.740731e+04 2.533656e+04 2.336653e+04 2.220534e+04 2.182785e+04 2.250614e+04 2.417228e+04 2.640711e+04 2.910314e+04 3.224056e+04 3.581579e+04 9.034659e+04 1.547776e+05 2.044835e+05 2.353358e+05
3.281953e+04 3.281953e+04 3.281953e+04 3.281953e+04 3.281953e+04 3.281953e+04 3.281959e+04 3.282007e+04 3.282059e+04 3.282142e+04 3.282472e+04 3.283165e+04 3.284353e+04 3.286044e+04 3.288090e+04 3.290186e+04 3.291896e+04 3.272496e+04 3.146627e+04 2.916152e+04 2.697786e+04 2.568985e+04 2.526034e+04 2.594479e+04 2.766219e+04 2.995515e+04 3.271394e+04 3.592506e+04 3.959040e+04 9.507824e+04 1.587459e+05 2.073535e+05 2.372522e+05
3.730066e+04 3.730066e+04 3.730066e+04 3.730068e+04 3.730074e+04 3.730284e+04 3.730939e+04 3.733511e+04 3.735359e+04 3.737521e+04 3.742621e+04 3.748544e+04 3.755071e+04 3.761953e+04 3.768867e+04 3.775396e+04 3.781031e+04 3.771800e+04 3.636126e+04 3.378789e+04 3.132063e+04 2.983541e+04 2.929423e+04 2.989553e+04 3.160274e+04 3.391123e+04 3.670289e+04 3.996579e+04 4.370398e+04 1.000768e+05 1.628631e+05 2.102742e+05 2.391808e+05
4.377702e+04 4.377702e+04 4.377702e+04 4.377702e+04 4.377703e+04 4.377737e+04 4.377845e+04 4.378340e+04 4.378760e+04 4.379320e+04 4.380956e+04 4.383443e+04 4.386893e+04 4.391243e+04 4.396223e+04 4.401367e+04 4.406049e+04 4.392309e+04 4.236888e+04 3.939937e+04 3.651058e+04 3.471087e+04 3.396787e+04 3.436524e+04 3.598964e+04 3.826920e+04 4.106643e+04 4.436348e+04 4.816150e+04 1.053365e+05 1.671347e+05 2.132428e+05 2.411188e+05
5.105121e+04 5.105121e+04 5.105122e+04 5.105124e+04 5.105132e+04 5.105384e+04 5.106165e+04 5.109146e+04 5.111266e+04 5.113762e+04 5.119767e+04 5.126937e+04 5.135030e+04 5.143726e+04 5.152582e+04 5.161020e+04 5.168331e+04 5.154839e+04 4.969241e+04 4.613409e+04 4.262083e+04 4.034410e+04 3.928215e+04 3.933303e+04 4.079985e+04 4.301115e+04 4.579392e+04 4.911472e+04 5.296568e+04 1.108510e+05 1.715710e+05 2.162562e+05 2.430636e+05
6.074915e+04 6.074915e+04 6.074915e+04 6.074916e+04 6.074918e+04 6.074985e+04 6.075194e+04 6.076058e+04 6.076734e+04 6.077594e+04 6.079942e+04 6.083259e+04 6.087615e+04 6.092873e+04 6.098641e+04 6.104281e+04 6.108940e+04 6.076587e+04 5.841957e+04 5.402717e+04 4.964544e+04 4.670293e+04 4.519194e+04 4.475095e+04 4.599515e+04 4.811120e+04 5.087104e+04 5.421473e+04 5.811901e+04 1.166138e+05 1.761774e+05 2.193116e+05 2.450123e+05
7.128176e+04 7.128176e+04 7.128176e+04 7.128179e+04 7.128187e+04 7.128444e+04 7.129247e+04 7.132386e+04 7.134638e+04 7.137279e+04 7.143555e+04 7.150919e+04 7.159081e+04 7.167643e+04 7.176023e+04 7.183441e+04 7.188921e+04 7.141425e+04 6.844689e+04 6.298414e+04 5.748939e+04 5.369442e+04 5.161061e+04 5.055212e+04 5.152983e+04 5.354194e+04 5.628468e+04 5.966092e+04 6.362617e+04 1.226179e+05 1.809364e+05 2.224063e+05 2.469621e+05
8.390911e+04 8.390911e+04 8.390911e+04 8.390912e+04 8.390914e+04 8.390993e+04 8.391218e+04 8.392075e+04 8.392705e+04 8.393471e+04 8.395442e+04 8.398055e+04 8.401313e+04 8.404998e+04 8.408590e+04 8.411258e+04 8.411893e+04 8.329967e+04 7.954973e+04 7.280731e+04 6.598884e+04 6.118380e+04 5.842776e+04 5.666516e+04 5.736178e+04 5.928242e+04 6.202849e+04 6.545657e+04 6.949637e+04 1.288562e+05 1.858320e+05 2.255379e+05 2.489103e+05
9.654553e+04 9.654553e+04 9.654553e+04 9.654555e+04 9.654560e+04 9.654735e+04 9.655282e+04 9.657445e+04 9.659031e+04 9.660923e+04 9.665531e+04 9.671071e+04 9.677266e+04 9.683637e+04 9.689423e+04 9.693579e+04 9.694786e+04 9.593734e+04 9.139245e+04 8.324435e+04 7.495212e+04 6.902619e+04 6.553457e+04 6.303159e+04 6.346434e+04 6.532606e+04 6.810806e+04 7.161405e+04 7.574523e+04 1.353209e+05 1.908488e+05 2.287045e+05 2.508544e+05
1.104307e+05 1.104307e+05 1.104307e+05 1.104307e+05 1.104307e+05 1.104311e+05 1.104323e+05 1.104373e+05 1.104412e+05 1.104463e+05 1.104606e+05 1.104816e+05 1.105087e+05 1.105378e+05 1.105614e+05 1.105676e+05 1.105415e+05 1.091907e+05 1.037428e+05 9.407180e+04 8.420489e+04 7.709843e+04 7.284884e+04 6.962209e+04 6.983674e+04 7.168706e+04 7.454458e+04 7.815678e+04 8.239567e+04 1.420037e+05 1.959708e+05 2.319046e+05 2.527917e+05
1.242203e+05 1.242203e+05 1.242203e+05 1.242204e+05 1.242204e+05 1.242214e+05 1.242246e+05 1.242368e+05 1.242454e+05 1.242557e+05 1.242808e+05 1.243111e+05 1.243445e+05 1.243755e+05 1.243952e+05 1.243904e+05 1.243445e+05 1.226822e+05 1.163046e+05 1.050706e+05 9.360589e+04 8.532151e+04 8.033493e+04 7.644853e+04 7.651053e+04 7.840358e+04 8.137615e+04 8.511947e+04 8.947749e+04 1.488950e+05 2.011813e+05 2.351383e+05 2.547198e+05
1.380963e+05 1.380963e+05 1.380963e+05 1.380963e+05 1.380963e+05 1.380967e+05 1.380977e+05 1.381019e+05 1.381049e+05 1.381086e+05 1.381180e+05 1.381299e+05 1.381430e+05 1.381523e+05 1.381485e+05 1.381178e+05 1.380418e+05 1.360701e+05 1.288106e+05 1.160773e+05 1.030824e+05 9.368450e+04 8.801912e+04 8.356955e+04 8.355094e+04 8.553707e+04 8.865623e+04 9.254617e+04 9.702550e+04 1.559838e+05 2.064629e+05 2.384077e+05 2.566364e+05
1.511972e+05 1.511972e+05 1.511972e+05 1.511973e+05 1.511973e+05 1.511986e+05 1.512026e+05 1.512170e+05 1.512269e+05 1.512384e+05 1.512663e+05 1.512996e+05 1.513356e+05 1.513678e+05 1.513848e+05 1.513706e+05 1.513047e+05 1.491865e+05 1.411772e+05 1.270765e+05 1.126745e+05 1.022633e+05 9.599607e+04 9.108813e+04 9.105222e+04 9.316744e+04 9.644914e+04 1.004865e+05 1.050763e+05 1.632569e+05 2.117975e+05 2.417164e+05 2.585396e+05
1.646957e+05 1.646957e+05 1.646957e+05 1.646957e+05 1.646957e+05 1.646957e+05 1.646955e+05 1.646956e+05 1.646964e+05 1.646981e+05 1.647045e+05 1.647158e+05 1.647307e+05 1.647435e+05 1.647429e+05 1.647120e+05 1.646284e+05 1.623064e+05 1.535932e+05 1.382323e+05 1.225430e+05 1.112174e+05 1.044207e+05 9.914107e+04 9.912785e+04 1.013846e+05 1.048233e+05 1.089901e+05 1.136638e+05 1.706987e+05 2.171665e+05 2.450507e+05 2.604274e+05
1.777684e+05 1.777684e+05 1.777684e+05 1.777684e+05 1.777685e+05 1.777705e+05 1.777768e+05 1.778015e+05 1.778194e+05 1.778403e+05 1.778903e+05 1.779488e+05 1.780115e+05 1.780704e+05 1.781120e+05 1.781172e+05 1.780619e+05 1.756834e+05 1.663537e+05 1.498222e+05 1.329348e+05 1.207657e+05 1.134878e+05 1.078824e+05 1.078970e+05 1.102778e+05 1.138425e+05 1.181001e+05 1.228146e+05 1.782910e+05 2.225511e+05 2.483967e+05 2.622985e+05
1.923867e+05 1.923867e+05 1.923867e+05 1.923867e+05 1.923867e+05 1.923869e+05 1.923874e+05 1.923895e+05 1.923915e+05 1.923947e+05 1.924054e+05 1.924239e+05 1.924493e+05 1.924758e+05 1.924903e+05 1.924731e+05 1.923979e+05 1.898437e+05 1.798843e+05 1.622046e+05 1.441483e+05 1.311569e+05 1.234068e+05 1.174637e+05 1.174693e+05 1.199238e+05 1.235578e+05 1.278468e+05 1.325430e+05 1.860125e+05 2.279322e+05 2.517418e+05 2.641515e+05
2.071302e+05 2.071302e+05 2.071302e+05 2.071302e+05 2.071303e+05 2.071333e+05 2.071428e+05 2.071801e+05 2.072073e+05 2.072397e+05 2.073181e+05 2.074113e+05 2.075138e+05 2.076155e+05 2.077001e+05 2.077452e+05 2.077221e+05 2.051892e+05 1.946303e+05 1.757674e+05 1.564941e+05 1.426361e+05 1.343733e+05 1.280140e+05 1.279299e+05 1.303761e+05 1.339982e+05 1.382411e+05 1.428462e+05 1.938388e+05 2.332909e+05 2.550743e+05 2.659861e+05
2.250943e+05 2.250943e+05 2.250943e+05 2.250943e+05 2.250943e+05 2.250948e+05 2.250963e+05 2.251027e+05 2.251082e+05 2.251159e+05 2.251392e+05 2.251745e+05 2.252207e+05 2.252703e+05 2.253081e+05 2.253109e+05 2.252480e+05 2.224320e+05 2.110947e+05 1.908896e+05 1.702545e+05 1.554119e+05 1.465430e+05 1.396220e+05 1.393272e+05 1.416556e+05 1.451654e+05 1.492703e+05 1.537015e+05 2.017423e+05 2.386083e+05 2.583826e+05 2.678023e+05
2.439285e+05 2.439285e+05 2.439285e+05 2.439285e+05 2.439286e+05 2.439320e+05 2.439426e+05 2.439837e+05 2.440131e+05 2.440478e+05 2.441315e+05 2.442322e+05 2.443449e+05 2.444592e+05 2.445568e+05 2.446117e+05 2.445907e+05 2.417164e+05 2.295810e+05 2.078585e+05 1.856444e+05 1.696314e+05 1.600127e+05 1.523241e+05 1.516644e+05 1.537449e+05 1.570284e+05 1.608949e+05 1.650641e+05 2.096928e+05 2.438661e+05 2.616553e+05 2.696017e+05
2.662862e+05 2.662862e+05 2.662862e+05 2.662862e+05 2.662862e+05 2.662879e+05 2.662930e+05 2.663156e+05 2.663338e+05 2.663570e+05 2.664184e+05 2.664993e+05 2.665958e+05 2.666974e+05 2.667842e+05 2.668281e+05 2.667925e+05 2.636398e+05 2.504731e+05 2.269214e+05 2.028098e+05 1.853700e+05 1.748118e+05 1.660987e+05 1.648958e+05 1.665861e+05 1.695230e+05 1.730481e+05 1.768669e+05 2.176572e+05 2.490465e+05 2.648812e+05 2.713880e+05
2.914492e+05 2.914492e+05 2.914492e+05 2.914493e+05 2.914494e+05 2.914517e+05 2.914588e+05 2.914862e+05 2.915067e+05 2.915316e+05 2.915948e+05 2.916750e+05 2.917684e+05 2.918637e+05 2.919403e+05 2.919683e+05 2.919085e+05 2.883707e+05 2.739395e+05 2.481922e+05 2.217982e+05 2.026220e+05 1.908982e+05 1.808664e+05 1.789276e+05 1.800813e+05 1.825525e+05 1.856368e+05 1.890218e+05 2.256005e+05 2.541322e+05 2.680496e+05 2.731557e+05
3.190353e+05 3.190353e+05 3.190353e+05 3.190353e+05 3.190354e+05 3.190381e+05 3.190465e+05 3.190803e+05 3.191059e+05 3.191372e+05 3.192171e+05 3.193191e+05 3.194382e+05 3.195612e+05 3.196642e+05 3.197131e+05 3.196641e+05 3.158255e+05 2.999753e+05 2.716579e+05 2.425574e+05 2.212993e+05 2.081594e+05 1.964920e+05 1.936212e+05 1.940967e+05 1.959912e+05 1.985448e+05 2.014224e+05 2.334863e+05 2.591070e+05 2.711499e+05 2.748958e+05
3.501610e+05 3.501610e+05 3.501610e+05 3.501610e+05 3.501611e+05 3.501641e+05 3.501733e+05 3.502098e+05 3.502369e+05 3.502694e+05 3.503499e+05 3.504488e+05 3.505599e+05 3.506688e+05 3.507501e+05 3.507669e+05 3.506722e+05 3.462224e+05 3.285726e+05 2.972099e+05 2.649361e+05 2.412300e+05 2.264136e+05 2.127903e+05 2.087998e+05 2.084685e+05 2.096901e+05 2.116378e+05 2.139484e+05 2.412772e+05 2.639552e+05 2.741722e+05 2.766016e+05
3.841196e+05 3.841196e+05 3.841196e+05 3.841196e+05 3.841196e+05 3.841209e+05 3.841247e+05 3.841399e+05 3.841514e+05 3.841655e+05 3.842021e+05 3.842506e+05 3.843071e+05 3.843581e+05 3.843776e+05 3.843266e+05 3.841541e+05 3.789556e+05 3.592921e+05 3.245169e+05 2.886547e+05 2.621569e+05 2.454153e+05 2.295351e+05 2.242570e+05 2.230113e+05 2.234840e+05 2.247694e+05 2.264702e+05 2.489359e+05 2.686624e+05 2.771069e+05 2.782670e+05
4.185435e+05 4.185435e+05 4.185435e+05 4.185435e+05 4.185436e+05 4.185463e+05 4.185548e+05 4.185887e+05 4.186140e+05 4.186448e+05 4.187217e+05 4.188168e+05 4.189227e+05 4.190216e+05 4.190830e+05 4.190626e+05 4.189041e+05 4.132741e+05 3.916234e+05 3.531831e+05 3.133719e+05 2.837694e+05 2.648761e+05 2.464726e+05 2.397687e+05 2.375275e+05 2.371994e+05 2.377876e+05 2.388549e+05 2.564254e+05 2.732153e+05 2.799450e+05 2.798863e+05
4.555517e+05 4.555517e+05 4.555517e+05 4.555517e+05 4.555518e+05 4.555535e+05 4.555588e+05 4.555811e+05 4.555984e+05 4.556201e+05 4.556766e+05 4.557497e+05 4.558325e+05 4.559068e+05 4.559396e+05 4.558831e+05 4.556757e+05 4.493419e+05 4.254004e+05 3.828972e+05 3.387426e+05 3.057343e+05 2.844860e+05 2.633369e+05 2.551050e+05 2.518177e+05 2.506633e+05 2.505423e+05 2.509721e+05 2.637107e+05 2.776015e+05 2.826783e+05 2.814542e+05
4.941573e+05 4.941573e+05 4.941573e+05 4.941573e+05 4.941574e+05 4.941591e+05 4.941643e+05 4.941841e+05 4.941983e+05 4.942152e+05 4.942569e+05 4.943077e+05 4.943606e+05 4.943962e+05 4.943795e+05 4.942595e+05 4.939702e+05 4.867042e+05 4.601506e+05 4.131998e+05 3.643525e+05 3.276869e+05 3.039215e+05 2.798634e+05 2.700426e+05 2.656909e+05 2.637113e+05 2.628918e+05 2.626991e+05 2.707583e+05 2.818100e+05 2.852991e+05 2.829657e+05
5.328879e+05 5.328879e+05 5.328879e+05 5.328879e+05 5.328879e+05 5.328888e+05 5.328915e+05 5.329020e+05 5.329099e+05 5.329195e+05 5.329436e+05 5.329726e+05 5.329989e+05 5.330016e+05 5.329431e+05 5.327684e+05 5.324060e+05 5.242278e+05 4.949944e+05 4.434324e+05 3.897049e+05 3.492340e+05 3.228549e+05 2.958004e+05 2.843750e+05 2.789736e+05 2.761958e+05 2.747092e+05 2.739264e+05 2.775379e+05 2.858310e+05 2.878005e+05 2.844160e+05
5.706247e+05 5.706247e+05 5.706247e+05 5.706247e+05 5.706247e+05 5.706252e+05 5.706267e+05 5.706327e+05 5.706371e+05 5.706426e+05 5.706564e+05 5.706728e+05 5.706835e+05 5.706661e+05 5.705799e+05 5.703658e+05 5.699468e+05 5.609448e+05 5.291002e+05 4.729408e+05 4.143037e+05 3.699917e+05 3.409759e+05 3.109218e+05 2.979234e+05 2.915179e+05 2.879919e+05 2.858875e+05 2.845613e+05 2.840221e+05 2.896559e+05 2.901766e+05 2.858009e+05
6.068780e+05 6.068780e+05 6.068780e+05 6.068780e+05 6.068780e+05 6.068781e+05 6.068784e+05 6.068798e+05 6.068811e+05 6.068828e+05 6.068876e+05 6.068927e+05 6.068890e+05 6.068529e+05 6.067409e+05 6.064898e+05 6.060176e+05 5.962293e+05 5.618506e+05 5.011873e+05 4.377191e+05 3.896238e+05 3.580170e+05 3.250423e+05 3.105460e+05 3.032089e+05 2.990027e+05 2.963434e+05 2.945312e+05 2.901873e+05 2.932775e+05 2.924218e+05 2.871164e+05
6.411700e+05 6.411700e+05 6.411700e+05 6.411700e+05 6.411700e+05 6.411701e+05 6.411703e+05 6.411710e+05 6.411713e+05 6.411714e+05 6.411708e+05 6.411667e+05 6.411498e+05 6.410947e+05 6.409557e+05 6.406660e+05 6.401389e+05 6.295749e+05 5.927434e+05 5.277318e+05 4.596029e+05 4.078652e+05 3.737740e+05 3.380292e+05 3.221452e+05 3.139683e+05 3.091622e+05 3.060193e+05 3.037846e+05 2.960135e+05 2.966897e+05 2.945319e+05 2.883586e+05
6.730242e+05 6.730242e+05 6.730242e+05 6.730242e+05 6.730242e+05 6.730237e+05 6.730219e+05 6.730150e+05 6.730097e+05 6.730033e+05 6.729868e+05 6.729638e+05 6.729246e+05 6.728431e+05 6.726711e+05 6.723388e+05 6.717548e+05 6.604486e+05 6.213088e+05 5.522053e+05 4.796913e+05 4.245326e+05 3.881174e+05 3.498085e+05 3.326703e+05 3.237558e+05 3.184354e+05 3.148831e+05 3.122915e+05 3.014849e+05 2.998878e+05 2.965031e+05 2.895244e+05
7.016993e+05 7.016993e+05 7.016993e+05 7.016993e+05 7.016993e+05 7.016985e+05 7.016960e+05 7.016861e+05 7.016787e+05 7.016698e+05 7.016472e+05 7.016164e+05 7.015674e+05 7.014726e+05 7.012820e+05 7.009222e+05 7.002978e+05 6.883706e+05 6.471666e+05 5.743427e+05 4.978203e+05 4.395311e+05 4.009936e+05 3.603630e+05 3.421147e+05 3.325668e+05 3.268164e+05 3.229268e+05 3.200419e+05 3.065895e+05 3.028682e+05 2.983325e+05 2.906107e+05
7.270080e+05 7.270080e+05 7.270080e+05 7.270080e+05 7.270080e+05 7.270071e+05 7.270046e+05 7.269943e+05 7.269867e+05 7.269774e+05 7.269539e+05 7.269219e+05 7.268709e+05 7.267723e+05 7.265741e+05 7.262001e+05 7.255512e+05 7.131373e+05 6.701539e+05 5.940417e+05 5.139447e+05 4.528541e+05 4.124179e+05 3.697235e+05 3.505086e+05 3.404262e+05 3.343236e+05 3.301630e+05 3.270430e+05 3.113192e+05 3.056285e+05 3.000182e+05 2.916149e+05
7.491039e+05 7.491039e+05 7.491039e+05 7.491039e+05 7.491039e+05 7.491033e+05 7.491012e+05 7.490929e+05 7.490866e+05 7.490789e+05 7.490592e+05 7.490315e+05 7.489849e+05 7.488899e+05 7.486926e+05 7.483143e+05 7.476523e+05 7.348574e+05 6.903525e+05 6.113713e+05 5.281319e+05 4.645717e+05 4.224614e+05 3.779571e+05 3.579103e+05 3.473817e+05 3.409949e+05 3.366203e+05 3.333159e+05 3.156692e+05 3.081676e+05 3.015586e+05 2.925348e+05
7.684065e+05 7.684065e+05 7.684065e+05 7.684065e+05 7.684065e+05 7.684059e+05 7.684041e+05 7.683968e+05 7.683912e+05 7.683842e+05 7.683663e+05 7.683407e+05 7.682963e+05 7.682027e+05 7.680046e+05 7.676211e+05 7.669465e+05 7.538178e+05 7.079891e+05 6.265061e+05 5.405221e+05 4.748035e+05 4.312314e+05 3.851541e+05 3.643956e+05 3.534961e+05 3.468810e+05 3.423392e+05 3.388920e+05 3.196384e+05 3.104853e+05 3.029534e+05 2.933687e+05
7.852028e+05 7.852028e+05 7.852028e+05 7.852028e+05 7.852028e+05 7.852022e+05 7.852003e+05 7.851928e+05 7.851871e+05 7.851802e+05 7.851622e+05 7.851367e+05 7.850922e+05 7.849976e+05 7.847964e+05 7.844057e+05 7.837174e+05 7.702840e+05 7.232978e+05 6.396428e+05 5.512794e+05 4.836904e+05 4.388521e+05 3.914162e+05 3.700494e+05 3.588396e+05 3.520396e+05 3.473666e+05 3.438094e+05 3.232284e+05 3.125824e+05 3.042026e+05 2.941150e+05
7.996651e+05 7.996651e+05 7.996651e+05 7.996651e+05 7.996650e+05 7.996644e+05 7.996624e+05 7.996542e+05 7.996480e+05 7.996405e+05 7.996211e+05 7.995939e+05 7.995472e+05 7.994495e+05 7.992433e+05 7.988444e+05 7.981425e+05 7.844458e+05 7.364748e+05 6.509678e+05 5.605698e+05 4.913774e+05 4.454516e+05 3.968467e+05 3.749573e+05 3.634840e+05 3.565306e+05 3.517521e+05 3.481088e+05 3.264433e+05 3.144610e+05 3.053069e+05 2.947727e+05
8.118458e+05 8.118458e+05 8.118458e+05 8.118458e+05 8.118458e+05 8.118451e+05 8.118431e+05 8.118357e+05 8.118304e+05 8.118241e+05 8.118081e+05 8.117856e+05 8.117446e+05 8.116531e+05 8.114524e+05 8.110568e+05 8.103541e+05 7.964882e+05 7.477283e+05 6.606792e+05 5.685648e+05 4.980101e+05 4.511549e+05 4.015436e+05 3.792001e+05 3.674970e+05 3.604113e+05 3.555443e+05 3.518313e+05 3.292896e+05 3.161236e+05 3.062677e+05 2.953411e+05
8.221648e+05 8.221648e+05 8.221648e+05 8.221648e+05 8.221648e+05 8.221644e+05 8.221635e+05 8.221595e+05 8.221565e+05 8.221528e+05 8.221431e+05 8.221283e+05 8.220961e+05 8.220139e+05 8.218222e+05 8.214339e+05 8.207353e+05 8.067518e+05 7.573489e+05 6.690102e+05 5.754451e+05 5.037303e+05 4.560781e+05 4.055936e+05 3.828487e+05 3.709389e+05 3.637336e+05 3.587880e+05 3.550157e+05 3.317757e+05 3.175739e+05 3.070870e+05 2.958201e+05
8.311391e+05 8.311391e+05 8.311391e+05 8.311391e+05 8.311391e+05 8.311389e+05 8.311380e+05 8.311347e+05 8.311321e+05 8.311290e+05 8.311206e+05 8.311072e+05 8.310767e+05 8.309961e+05 8.308054e+05 8.304166e+05 8.297147e+05 8.156032e+05 7.656368e+05 6.761897e+05 5.813791e+05 5.086643e+05 4.603207e+05 4.090686e+05 3.859613e+05 3.738597e+05 3.665417e+05 3.615228e+05 3.576974e+05 3.339112e+05 3.188162e+05 3.077670e+05 2.962095e+05
8.389189e+05 8.389189e+05 8.389189e+05 8.389189e+05 8.389189e+05 8.389186e+05 8.389178e+05 8.389143e+05 8.389117e+05 8.389085e+05 8.389002e+05 8.388872e+05 8.388572e+05 8.387770e+05 8.385862e+05 8.381959e+05 8.374901e+05 8.232613e+05 7.728020e+05 6.823923e+05 5.864988e+05 5.129113e+05 4.639599e+05 4.120226e+05 3.885824e+05 3.762989e+05 3.688716e+05 3.637819e+05 3.599071e+05 3.357074e+05 3.198553e+05 3.083108e+05 2.965099e+05
8.456123e+05 8.456123e+05 8.456123e+05 8.456123e+05 8.456123e+05 8.456121e+05 8.456115e+05 8.456090e+05 8.456071e+05 8.456048e+05 8.455986e+05 8.455881e+05 8.455608e+05 8.454831e+05 8.452942e+05 8.449044e+05 8.441968e+05 8.298720e+05 7.789873e+05 6.877394e+05 5.908976e+05 5.165408e+05 4.670492e+05 4.144931e+05 3.907431e+05 3.782853e+05 3.707512e+05 3.655925e+05 3.616714e+05 3.371762e+05 3.206969e+05 3.087217e+05 2.967219e+05
8.513987e+05 8.513987e+05 8.513987e+05 8.513987e+05 8.513987e+05 8.513985e+05 8.513979e+05 8.513953e+05 8.513934e+05 8.513910e+05 8.513847e+05 8.513741e+05 8.513467e+05 8.512690e+05 8.510795e+05 8.506881e+05 8.499770e+05 8.355617e+05 7.843018e+05 6.923167e+05 5.946377e+05 5.195973e+05 4.696217e+05 4.165024e+05 3.924633e+05 3.798388e+05 3.722015e+05 3.669766e+05 3.630127e+05 3.383307e+05 3.213470e+05 3.090031e+05 2.968467e+05
8.563407e+05 8.563407e+05 8.563407e+05 8.563407e+05 8.563407e+05 8.563405e+05 8.563399e+05 8.563373e+05 8.563354e+05 8.563329e+05 8.563266e+05 8.563160e+05 8.562885e+05 8.562103e+05 8.560197e+05 8.556262e+05 8.549112e+05 8.404110e+05 7.888167e+05 6.961788e+05 5.977564e+05 5.221056e+05 4.716944e+05 4.180618e+05 3.937540e+05 3.809729e+05 3.732383e+05 3.679522e+05 3.639506e+05 3.391843e+05 3.218122e+05 3.091592e+05 2.968855e+05
8.604813e+05 8.604813e+05 8.604813e+05 8.604813e+05 8.604813e+05 8.604811e+05 8.604804e+05 8.604777e+05 8.604756e+05 8.604731e+05 8.604663e+05 8.604549e+05 8.604264e+05 8.603468e+05 8.601541e+05 8.597574e+05 8.590376e+05 8.444573e+05 7.925662e+05 6.993518e+05 6.002705e+05 5.240754e+05 4.732729e+05 4.191747e+05 3.946213e+05 3.816969e+05 3.738745e+05 3.685347e+05 3.645026e+05 3.397512e+05 3.220994e+05 3.091941e+05 2.968399e+05
8.638177e+05 8.638177e+05 8.638177e+05 8.638177e+05 8.638177e+05 8.638174e+05 8.638166e+05 8.638132e+05 8.638107e+05 8.638076e+05 8.637994e+05 8.637864e+05 8.637560e+05 8.636742e+05 8.634787e+05 8.630783e+05 8.623536e+05 8.477018e+05 7.955552e+05 7.018410e+05 6.021827e+05 5.255067e+05 4.743561e+05 4.198417e+05 3.950692e+05 3.820189e+05 3.741217e+05 3.687390e+05 3.646857e+05 3.400458e+05 3.222159e+05 3.091123e+05 2.967119e+05
8.663115e+05 8.663115e+05 8.663115e+05 8.663115e+05 8.663115e+05 8.663112e+05 8.663103e+05 8.663068e+05 8.663042e+05 8.663009e+05 8.662922e+05 8.662785e+05 8.662471e+05 8.661640e+05 8.659667e+05 8.655638e+05 8.648355e+05 8.501284e+05 7.977738e+05 7.036403e+05 6.034883e+05 5.263955e+05 4.749412e+05 4.200637e+05 3.951032e+05 3.819486e+05 3.739929e+05 3.685806e+05 3.645173e+05 3.400831e+05 3.221692e+05 3.089184e+05 2.965035e+05
8.679619e+05 8.679619e+05 8.679619e+05 8.679619e+05 8.679619e+05 8.679616e+05 8.679606e+05 8.679566e+05 8.679536e+05 8.679500e+05 8.679404e+05 8.679257e+05 8.678930e+05 8.678083e+05 8.676093e+05 8.672042e+05 8.664731e+05 8.517261e+05 7.992128e+05 7.047425e+05 6.041822e+05 5.267394e+05 4.750286e+05 4.198464e+05 3.947333e+05 3.814991e+05 3.735039e+05 3.680771e+05 3.640162e+05 3.398781e+05 3.219670e+05 3.086172e+05 2.962169e+05
8.687542e+05 8.687542e+05 8.687542e+05 8.687542e+05 8.687542e+05 8.687539e+05 8.687529e+05 8.687488e+05 8.687458e+05 8.687420e+05 8.687323e+05 8.687173e+05 8.686844e+05 8.685993e+05 8.683998e+05 8.679940e+05 8.672619e+05 8.524936e+05 7.998711e+05 7.051467e+05 6.042659e+05 5.265433e+05 4.746266e+05 4.192035e+05 3.939760e+05 3.806889e+05 3.726741e+05 3.672485e+05 3.632031e+05 3.394461e+05 3.216172e+05 3.082135e+05 2.958547e+05
8.687172e+05 8.687172e+05 8.687172e+05 8.687172e+05 8.687172e+05 8.687168e+05 8.687158e+05 8.687117e+05 8.687086e+05 8.687048e+05 8.686950e+05 8.686798e+05 8.686466e+05 8.685613e+05 8.683615e+05 8.679556e+05 8.672233e+05 8.524475e+05 7.997605e+05 7.048627e+05 6.037513e+05 5.258231e+05 4.737546e+05 4.181577e+05 3.928552e+05 3.795417e+05 3.715272e+05 3.661183e+05 3.621009e+05 3.388026e+05 3.211280e+05 3.077124e+05 2.954193e+05
8.678788e+05 8.678788e+05 8.678788e+05 8.678788e+05 8.678788e+05 8.678785e+05 8.678775e+05 8.678733e+05 8.678701e+05 8.678662e+05 8.678562e+05 8.678408e+05 8.678073e+05 8.677217e+05 8.675218e+05 8.671158e+05 8.663838e+05 8.516110e+05 7.989007e+05 7.039107e+05 6.026626e+05 5.246070e+05 4.724432e+05 4.167408e+05 3.914015e+05 3.780864e+05 3.700902e+05 3.647121e+05 3.607341e+05 3.379629e+05 3.205072e+05 3.071187e+05 2.949136e+05
8.662611e+05 8.662611e+05 8.662611e+05 8.662611e+05 8.662611e+05 8.662608e+05 8.662597e+05 8.662554e+05 8.662522e+05 8.662482e+05 8.662379e+05 8.662221e+05 8.661884e+05 8.661025e+05 8.659024e+05 8.654966e+05 8.647652e+05 8.500053e+05 7.973142e+05 7.023187e+05 6.010338e+05 5.229326e+05 4.707313e+05 4.149904e+05 3.896497e+05 3.763552e+05 3.683931e+05 3.630578e+05 3.591289e+05 3.369425e+05 3.197631e+05 3.064375e+05 2.943403e+05
8.638821e+05 8.638821e+05 8.638821e+05 8.638821e+05 8.638820e+05 8.638817e+05 8.638806e+05 8.638762e+05 8.638729e+05 8.638689e+05 8.638583e+05 8.638422e+05 8.638079e+05 8.637216e+05 8.635212e+05 8.631155e+05 8.623848e+05 8.476473e+05 7.950238e+05 7.001187e+05 5.989039e+05 5.208421e+05 4.686615e+05 4.129474e+05 3.876374e+05 3.743825e+05 3.664672e+05 3.611843e+05 3.573121e+05 3.357564e+05 3.189037e+05 3.056739e+05 2.937023e+05
8.607494e+05 8.607494e+05 8.607494e+05 8.607494e+05 8.607494e+05 8.607490e+05 8.607479e+05 8.607431e+05 8.607396e+05 8.607352e+05 8.607239e+05 8.607069e+05 8.606717e+05 8.605845e+05 8.603836e+05 8.599780e+05 8.592485e+05 8.445496e+05 7.920536e+05 6.973463e+05 5.963151e+05 5.183795e+05 4.662778e+05 4.106525e+05 3.854021e+05 3.722025e+05 3.643441e+05 3.591207e+05 3.553106e+05 3.344197e+05 3.179370e+05 3.048327e+05 2.930026e+05
8.568504e+05 8.568504e+05 8.568504e+05 8.568504e+05 8.568504e+05 8.568500e+05 8.568488e+05 8.568440e+05 8.568404e+05 8.568360e+05 8.568249e+05 8.568083e+05 8.567741e+05 8.566885e+05 8.564902e+05 8.560886e+05 8.553649e+05 8.407421e+05 7.884494e+05 6.940527e+05 5.933175e+05 5.155924e+05 4.636248e+05 4.081461e+05 3.829805e+05 3.698487e+05 3.620543e+05 3.568952e+05 3.531508e+05 3.329470e+05 3.168708e+05 3.039190e+05 2.922443e+05
8.522702e+05 8.522702e+05 8.522702e+05 8.522702e+05 8.522702e+05 8.522700e+05 8.522694e+05 8.522670e+05 8.522651e+05 8.522629e+05 8.522569e+05 8.522465e+05 8.522193e+05 8.521416e+05 8.519521e+05 8.515606e+05 8.508487e+05 8.363375e+05 7.843095e+05 6.903175e+05 5.899746e+05 5.125333e+05 4.607483e+05 4.054665e+05 3.804066e+05 3.673523e+05 3.596268e+05 3.545346e+05 3.508575e+05 3.313524e+05 3.157130e+05 3.029374e+05 2.914303e+05
8.473316e+05 8.473316e+05 8.473316e+05 8.473316e+05 8.473316e+05 8.473314e+05 8.473308e+05 8.473284e+05 8.473265e+05 8.473242e+05 8.473183e+05 8.473082e+05 8.472816e+05 8.472052e+05 8.470182e+05 8.466307e+05 8.459253e+05 8.315095e+05 7.797641e+05 6.862345e+05 5.863550e+05 5.092555e+05 4.576926e+05 4.026489e+05 3.777117e+05 3.647418e+05 3.570880e+05 3.520638e+05 3.484541e+05 3.296496e+05 3.144711e+05 3.018928e+05 2.905637e+05
8.420825e+05 8.420825e+05 8.420825e+05 8.420825e+05 8.420825e+05 8.420823e+05 8.420817e+05 8.420793e+05 8.420774e+05 8.420752e+05 8.420693e+05 8.420593e+05 8.420329e+05 8.419570e+05 8.417711e+05 8.413862e+05 8.406852e+05 8.263565e+05 7.749044e+05 6.818788e+05 5.825169e+05 5.058049e+05 4.544958e+05 3.997240e+05 3.749228e+05 3.620424e+05 3.544618e+05 3.495053e+05 3.459621e+05 3.278517e+05 3.131524e+05 3.007898e+05 2.896475e+05
8.365374e+05 8.365374e+05 8.365374e+05 8.365374e+05 8.365374e+05 8.365372e+05 8.365366e+05 8.365341e+05 8.365323e+05 8.365300e+05 8.365240e+05 8.365140e+05 8.364877e+05 8.364123e+05 8.362278e+05 8.358456e+05 8.351496e+05 8.209157e+05 7.697806e+05 6.773017e+05 5.785049e+05 5.022184e+05 4.511894e+05 3.967173e+05 3.720631e+05 3.592760e+05 3.517690e+05 3.468790e+05 3.434005e+05 3.259712e+05 3.117641e+05 2.996328e+05 2.886846e+05
8.307046e+05 8.307046e+05 8.307046e+05 8.307046e+05 8.307046e+05 8.307045e+05 8.307041e+05 8.307025e+05 8.307012e+05 8.306996e+05 8.306953e+05 8.306874e+05 8.306637e+05 8.305916e+05 8.304113e+05 8.300351e+05 8.293473e+05 8.152279e+05 7.644397e+05 6.725485e+05 5.743575e+05 4.985281e+05 4.478006e+05 3.936509e+05 3.691526e+05 3.564614e+05 3.490276e+05 3.442026e+05 3.407866e+05 3.240196e+05 3.103131e+05 2.984263e+05 2.876782e+05
8.247088e+05 8.247088e+05 8.247088e+05 8.247088e+05 8.247088e+05 8.247087e+05 8.247084e+05 8.247072e+05 8.247063e+05 8.247051e+05 8.247021e+05 8.246959e+05 8.246743e+05 8.246051e+05 8.244288e+05 8.240582e+05 8.233784e+05 8.093753e+05 7.589462e+05 6.676681e+05 5.701122e+05 4.947635e+05 4.443537e+05 3.905439e+05 3.662082e+05 3.536146e+05 3.462535e+05 3.414915e+05 3.381354e+05 3.220082e+05 3.088060e+05 2.971745e+05 2.866311e+05
8.186525e+05 8.186525e+05 8.186525e+05 8.186525e+05 8.186525e+05 8.186524e+05 8.186521e+05 8.186508e+05 8.186499e+05 8.186488e+05 8.186457e+05 8.186394e+05 8.186180e+05 8.185492e+05 8.183742e+05 8.180065e+05 8.173319e+05 8.034317e+05 7.533574e+05 6.627032e+05 5.658007e+05 4.909494e+05 4.408695e+05 3.874124e+05 3.632441e+05 3.507492e+05 3.434598e+05 3.387588e+05 3.354601e+05 3.199471e+05 3.072491e+05 2.958814e+05 2.855461e+05
