0.000000e+00 0.000000e+00 0.000000e+00 0.000000e+00 0.000000e+00 5.263339e-98 3.249879e-50 1.087246e-25 1.177016e-20 3.047313e-17 7.446995e-13 4.220175e-10 3.532030e-08 9.736633e-07 1.329592e-05 1.121037e-04 6.600352e-04 1.544553e-01 1.594201e+00 4.744695e+00 8.910553e+00 1.380586e+01 1.943813e+01 3.317079e+01 5.027557e+01 7.021935e+01 9.200444e+01 1.145206e+02 1.367837e+02 2.702197e+02 2.861172e+02 2.712971e+02 2.517212e+02
0.000000e+00 0.000000e+00 0.000000e+00 0.000000e+00 0.000000e+00 1.197442e-96 1.038098e-49 1.679778e-25 1.624268e-20 3.924515e-17 8.862407e-13 4.809717e-10 3.918201e-08 1.060726e-06 1.430314e-05 1.195041e-04 6.988041e-04 1.603575e-01 1.638824e+00 4.848303e+00 9.068688e+00 1.401083e+01 1.968490e+01 3.349443e+01 5.067131e+01 7.067998e+01 9.251806e+01 1.150720e+02 1.373564e+02 2.705315e+02 2.861876e+02 2.712827e+02 2.516825e+02
0.000000e+00 0.000000e+00 0.000000e+00 0.000000e+00 0.000000e+00 1.406499e-94 7.226103e-49 3.416159e-25 2.672279e-20 5.699229e-17 1.126484e-12 5.710929e-10 4.468397e-08 1.178670e-06 1.561753e-05 1.288893e-04 7.468701e-04 1.671876e-01 1.688630e+00 4.961387e+00 9.238682e+00 1.422875e+01 1.994509e+01 3.383173e+01 5.108065e+01 7.115393e+01 9.304444e+01 1.156353e+02 1.379401e+02 2.708451e+02 2.862578e+02 2.712680e+02 2.516435e+02
0.000000e+00 0.000000e+00 0.000000e+00 0.000000e+00 0.000000e+00 2.479797e-92 6.868884e-48 8.343252e-25 5.111635e-20 9.298991e-17 1.528222e-12 7.061259e-10 5.238174e-08 1.336015e-06 1.731118e-05 1.406683e-04 8.059554e-04 1.750613e-01 1.744097e+00 5.084633e+00 9.421226e+00 1.446024e+01 2.021923e+01 3.418310e+01 5.150390e+01 7.164145e+01 9.358378e+01 1.162106e+02 1.385348e+02 2.711603e+02 2.863277e+02 2.712529e+02 2.516042e+02
0.000000e+00 0.000000e+00 0.000000e+00 0.000000e+00 0.000000e+00 5.344668e-90 7.785438e-47 2.256223e-24 1.062486e-19 1.637970e-16 2.206275e-12 9.095109e-10 6.308525e-08 1.544035e-06 1.947373e-05 1.553304e-04 8.780646e-04 1.841051e-01 1.805736e+00 5.218755e+00 9.617031e+00 1.470595e+01 2.050788e+01 3.454892e+01 5.194137e+01 7.214276e+01 9.413628e+01 1.167983e+02 1.391406e+02 2.714773e+02 2.863973e+02 2.712375e+02 2.515647e+02
0.000000e+00 0.000000e+00 0.000000e+00 0.000000e+00 0.000000e+00 1.273074e-87 9.984197e-46 6.618254e-24 2.350916e-19 3.031362e-16 3.318210e-12 1.215617e-09 7.813013e-08 1.819374e-06 2.222616e-05 1.734974e-04 9.656437e-04 1.944596e-01 1.874092e+00 5.364504e+00 9.826833e+00 1.496650e+01 2.081158e+01 3.492960e+01 5.239335e+01 7.265812e+01 9.470211e+01 1.173983e+02 1.397577e+02 2.717959e+02 2.864667e+02 2.712217e+02 2.515249e+02
0.000000e+00 0.000000e+00 0.000000e+00 0.000000e+00 0.000000e+00 3.223109e-85 1.380917e-44 2.076100e-23 5.498147e-19 5.861209e-16 5.136325e-12 1.665689e-09 9.906189e-08 2.187314e-06 2.574849e-05 1.960159e-04 1.071845e-03 2.062840e-01 1.949754e+00 5.522671e+00 1.005139e+01 1.524257e+01 2.113088e+01 3.532553e+01 5.286014e+01 7.318775e+01 9.528146e+01 1.180109e+02 1.403862e+02 2.721161e+02 2.865358e+02 2.712055e+02 2.514849e+02
0.000000e+00 0.000000e+00 0.000000e+00 0.000000e+00 0.000000e+00 8.510336e-83 1.998721e-43 6.875871e-23 1.348657e-18 1.179492e-15 8.155682e-12 2.324212e-09 1.276633e-07 2.671440e-06 3.027478e-05 2.241398e-04 1.200969e-03 2.197629e-01 2.033368e+00 5.694091e+00 1.029150e+01 1.553483e+01 2.146634e+01 3.573712e+01 5.334204e+01 7.373188e+01 9.587451e+01 1.186361e+02 1.410261e+02 2.724380e+02 2.866045e+02 2.711890e+02 2.514446e+02
0.000000e+00 0.000000e+00 0.000000e+00 0.000000e+00 0.000000e+00 2.307036e-80 2.975445e-42 2.369700e-22 3.437634e-18 2.456133e-15 1.326116e-11 3.293961e-09 1.665203e-07 3.299899e-06 3.600137e-05 2.591965e-04 1.359163e-03 2.351155e-01 2.125646e+00 5.879658e+00 1.054798e+01 1.584397e+01 2.181853e+01 3.616474e+01 5.383934e+01 7.429074e+01 9.648144e+01 1.192741e+02 1.416775e+02 2.727615e+02 2.866730e+02 2.711721e+02 2.514041e+02
0.000000e+00 0.000000e+00 0.000000e+00 0.000000e+00 0.000000e+00 6.386450e-78 4.492680e-41 8.371845e-22 9.005700e-18 5.252790e-15 2.201729e-11 4.735500e-09 2.193954e-07 4.111074e-06 4.317355e-05 3.023355e-04 1.551728e-03 2.526083e-01 2.227386e+00 6.080330e+00 1.082170e+01 1.617070e+01 2.218804e+01 3.660880e+01 5.435233e+01 7.486455e+01 9.710242e+01 1.199251e+02 1.423407e+02 2.730866e+02 2.867411e+02 2.711548e+02 2.513633e+02
0.000000e+00 0.000000e+00 0.000000e+00 0.000000e+00 0.000000e+00 1.739899e-75 6.750806e-40 2.987480e-21 2.395889e-17 1.143614e-14 3.717116e-11 6.894773e-09 2.916634e-07 5.157422e-06 5.211150e-05 3.550171e-04 1.783863e-03 2.725728e-01 2.339498e+00 6.297150e+00 1.111356e+01 1.651576e+01 2.257543e+01 3.706968e+01 5.488130e+01 7.545353e+01 9.773761e+01 1.205891e+02 1.430155e+02 2.734132e+02 2.868089e+02 2.711372e+02 2.513223e+02
0.000000e+00 0.000000e+00 0.000000e+00 0.000000e+00 4.690734e-221 6.281238e-51 3.246688e-28 8.896623e-16 4.107428e-13 2.880714e-11 8.332103e-09 3.659564e-07 6.222302e-06 6.128869e-05 4.219296e-04 2.193124e-03 8.940379e-03 7.115075e-01 4.353668e+00 9.691855e+00 1.528698e+01 2.116246e+01 2.757296e+01 4.268832e+01 6.110858e+01 8.222244e+01 1.049056e+02 1.279726e+02 1.504266e+02 2.767587e+02 2.874664e+02 2.709395e+02 2.508977e+02
0.000000e+00 0.000000e+00 0.000000e+00 1.848834e-180 3.227528e-95 5.677077e-26 6.137326e-16 4.817135e-10 1.072056e-08 9.851482e-08 2.184715e-06 2.065910e-05 1.391352e-04 8.326605e-04 4.318471e-03 1.806696e-02 6.050285e-02 2.314252e+00 9.557563e+00 1.693530e+01 2.304482e+01 2.888908e+01 3.520360e+01 5.043006e+01 6.921975e+01 9.071754e+01 1.136507e+02 1.367726e+02 1.590836e+02 2.802271e+02 2.880792e+02 2.707011e+02 2.504466e+02
1.111018e-04 1.111018e-04 1.111009e-04 1.108621e-04 1.110174e-04 1.216236e-04 1.617176e-04 3.484180e-04 5.122871e-04 7.402772e-04 1.463847e-03 2.797935e-03 6.238072e-03 1.972797e-02 6.995118e-02 2.173597e-01 5.632404e-01 9.034101e+00 2.337237e+01 3.163401e+01 3.652221e+01 4.113744e+01 4.657050e+01 6.087507e+01 7.950369e+01 1.011165e+02 1.240873e+02 1.470572e+02 1.690187e+02 2.837822e+02 2.886363e+02 2.704193e+02 2.499683e+02
6.518339e-02 6.518547e-02 6.518557e-02 6.518874e-02 6.519862e-02 6.551228e-02 6.647300e-02 7.035468e-02 7.333591e-02 7.706426e-02 8.762527e-02 1.146586e-01 2.260428e-01 6.034478e-01 1.553841e+00 3.453116e+00 6.647501e+00 4.053171e+01 6.228008e+01 6.154719e+01 5.870335e+01 5.889917e+01 6.200452e+01 7.445938e+01 9.244638e+01 1.136763e+02 1.363458e+02 1.588827e+02 1.802395e+02 2.873808e+02 2.891262e+02 2.700913e+02 2.494623e+02
7.297400e-01 7.297205e-01 7.297209e-01 7.297337e-01 7.297738e-01 7.310553e-01 7.349961e-01 7.507647e-01 7.695988e-01 8.339752e-01 1.559578e+00 4.419912e+00 1.113263e+01 2.279287e+01 3.959726e+01 6.093188e+01 8.553002e+01 1.881420e+02 1.671056e+02 1.185041e+02 9.247273e+01 8.254269e+01 8.118646e+01 9.079127e+01 1.081205e+02 1.288160e+02 1.506784e+02 1.723390e+02 1.927526e+02 2.909743e+02 2.895374e+02 2.697147e+02 2.489279e+02
1.871146e+02 1.871160e+02 1.871203e+02 1.872606e+02 1.876990e+02 2.016607e+02 2.407521e+02 3.415038e+02 3.897809e+02 4.342405e+02 5.115776e+02 5.755513e+02 6.288309e+02 6.732960e+02 7.097980e+02 7.381323e+02 7.571187e+02 6.572787e+02 3.709619e+02 2.022201e+02 1.349122e+02 1.101095e+02 1.029464e+02 1.093074e+02 1.261297e+02 1.463727e+02 1.673274e+02 1.876459e+02 2.066058e+02 2.945101e+02 2.898585e+02 2.692870e+02 2.483646e+02
1.830549e+03 1.830549e+03 1.830549e+03 1.830546e+03 1.830540e+03 1.830321e+03 1.829636e+03 1.826678e+03 1.824114e+03 1.820552e+03 1.809630e+03 1.792958e+03 1.770592e+03 1.742815e+03 1.709252e+03 1.668392e+03 1.617580e+03 1.136966e+03 5.584242e+02 2.770258e+02 1.741247e+02 1.372295e+02 1.255724e+02 1.296022e+02 1.461412e+02 1.659723e+02 1.859466e+02 2.047875e+02 2.219468e+02 2.979341e+02 2.900783e+02 2.688061e+02 2.477722e+02
1.687361e+03 1.687361e+03 1.687361e+03 1.687361e+03 1.687360e+03 1.687334e+03 1.687258e+03 1.686962e+03 1.686744e+03 1.686480e+03 1.685791e+03 1.684740e+03 1.682808e+03 1.678793e+03 1.670575e+03 1.655009e+03 1.628038e+03 1.212522e+03 6.168034e+02 3.140008e+02 2.016888e+02 1.612075e+02 1.482261e+02 1.516419e+02 1.679952e+02 1.872614e+02 2.060941e+02 2.232989e+02 2.385186e+02 3.011929e+02 2.901866e+02 2.682702e+02 2.471503e+02
1.531156e+03 1.531156e+03 1.531156e+03 1.531156e+03 1.531155e+03 1.531152e+03 1.531139e+03 1.531086e+03 1.531050e+03 1.531008e+03 1.530905e+03 1.530716e+03 1.530117e+03 1.528220e+03 1.523291e+03 1.512596e+03 1.492449e+03 1.140766e+03 6.058695e+02 3.262829e+02 2.212320e+02 1.834373e+02 1.716354e+02 1.756998e+02 1.916493e+02 2.099223e+02 2.272963e+02 2.426655e+02 2.558123e+02 3.042378e+02 2.901743e+02 2.676778e+02 2.464988e+02
1.406736e+03 1.406736e+03 1.406736e+03 1.406736e+03 1.406736e+03 1.406736e+03 1.406737e+03 1.406750e+03 1.406768e+03 1.406796e+03 1.406878e+03 1.406940e+03 1.406693e+03 1.405345e+03 1.401353e+03 1.392275e+03 1.374813e+03 1.062921e+03 5.842487e+02 3.335296e+02 2.398827e+02 2.068567e+02 1.971337e+02 2.020414e+02 2.170027e+02 2.336208e+02 2.490637e+02 2.623389e+02 2.732951e+02 3.070270e+02 2.900336e+02 2.670278e+02 2.458176e+02
1.315862e+03 1.315862e+03 1.315862e+03 1.315862e+03 1.315862e+03 1.315870e+03 1.315894e+03 1.315981e+03 1.316042e+03 1.316114e+03 1.316285e+03 1.316444e+03 1.316334e+03 1.315236e+03 1.311743e+03 1.303630e+03 1.287889e+03 1.004765e+03 5.707626e+02 3.450146e+02 2.619400e+02 2.334370e+02 2.255560e+02 2.306059e+02 2.437303e+02 2.579216e+02 2.708844e+02 2.817681e+02 2.904272e+02 3.095299e+02 2.897586e+02 2.663197e+02 2.451070e+02
1.253227e+03 1.253227e+03 1.253227e+03 1.253227e+03 1.253227e+03 1.253235e+03 1.253259e+03 1.253357e+03 1.253432e+03 1.253523e+03 1.253758e+03 1.254014e+03 1.254051e+03 1.253201e+03 1.250160e+03 1.242864e+03 1.228529e+03 9.681571e+02 5.695086e+02 3.636761e+02 2.889459e+02 2.637635e+02 2.568988e+02 2.608681e+02 2.712110e+02 2.822386e+02 2.922084e+02 3.004210e+02 3.066992e+02 3.117302e+02 2.893456e+02 2.655533e+02 2.443670e+02
1.217049e+03 1.217049e+03 1.217049e+03 1.217049e+03 1.217049e+03 1.217057e+03 1.217082e+03 1.217191e+03 1.217280e+03 1.217393e+03 1.217697e+03 1.218063e+03 1.218268e+03 1.217685e+03 1.215090e+03 1.208546e+03 1.195434e+03 9.533089e+02 5.816568e+02 3.902849e+02 3.210216e+02 2.974490e+02 2.904480e+02 2.918733e+02 2.985572e+02 3.058466e+02 3.124519e+02 3.178001e+02 3.216618e+02 3.136324e+02 2.887934e+02 2.647290e+02 2.435982e+02
1.208488e+03 1.208488e+03 1.208488e+03 1.208488e+03 1.208489e+03 1.208507e+03 1.208564e+03 1.208794e+03 1.208966e+03 1.209175e+03 1.209703e+03 1.210337e+03 1.210866e+03 1.210699e+03 1.208674e+03 1.202949e+03 1.191020e+03 9.628817e+02 6.087429e+02 4.251331e+02 3.576441e+02 3.335080e+02 3.249950e+02 3.223731e+02 3.247221e+02 3.279512e+02 3.310317e+02 3.334608e+02 3.349467e+02 3.152776e+02 2.881034e+02 2.638478e+02 2.428010e+02
1.234302e+03 1.234302e+03 1.234302e+03 1.234302e+03 1.234303e+03 1.234342e+03 1.234458e+03 1.234883e+03 1.235191e+03 1.235563e+03 1.236510e+03 1.237702e+03 1.238945e+03 1.239665e+03 1.238718e+03 1.234272e+03 1.223829e+03 1.004617e+03 6.542769e+02 4.687848e+02 3.980351e+02 3.706301e+02 3.590746e+02 3.510291e+02 3.486581e+02 3.477937e+02 3.474226e+02 3.470377e+02 3.462794e+02 3.166483e+02 2.872798e+02 2.629113e+02 2.419763e+02
1.320577e+03 1.320577e+03 1.320577e+03 1.320577e+03 1.320579e+03 1.320645e+03 1.320850e+03 1.321655e+03 1.322252e+03 1.322977e+03 1.324795e+03 1.327048e+03 1.329501e+03 1.331531e+03 1.331927e+03 1.328758e+03 1.319376e+03 1.095598e+03 7.246936e+02 5.223543e+02 4.414263e+02 4.074864e+02 3.912770e+02 3.766643e+02 3.694920e+02 3.647640e+02 3.612209e+02 3.582723e+02 3.554889e+02 3.176607e+02 2.863300e+02 2.619219e+02 2.411248e+02
1.507438e+03 1.507438e+03 1.507438e+03 1.507438e+03 1.507441e+03 1.507516e+03 1.507738e+03 1.508595e+03 1.509229e+03 1.509999e+03 1.511945e+03 1.514392e+03 1.517103e+03 1.519407e+03 1.519961e+03 1.516598e+03 1.506320e+03 1.253862e+03 8.264075e+02 5.868761e+02 4.871871e+02 4.430546e+02 4.205801e+02 3.984942e+02 3.866686e+02 3.784876e+02 3.721931e+02 3.670351e+02 3.625107e+02 3.182610e+02 2.852645e+02 2.608822e+02 2.402476e+02
1.794353e+03 1.794353e+03 1.794353e+03 1.794354e+03 1.794356e+03 1.794425e+03 1.794652e+03 1.795632e+03 1.796397e+03 1.797347e+03 1.799808e+03 1.802979e+03 1.806583e+03 1.809812e+03 1.811041e+03 1.807627e+03 1.795896e+03 1.490904e+03 9.638621e+02 6.630892e+02 5.350354e+02 4.768786e+02 4.465663e+02 4.162457e+02 4.000155e+02 3.888628e+02 3.802961e+02 3.733312e+02 3.673833e+02 3.184151e+02 2.840970e+02 2.597959e+02 2.393459e+02
2.212443e+03 2.212443e+03 2.212443e+03 2.212445e+03 2.212449e+03 2.212576e+03 2.212973e+03 2.214566e+03 2.215769e+03 2.217245e+03 2.221009e+03 2.225753e+03 2.231040e+03 2.235745e+03 2.237711e+03 2.233500e+03 2.218373e+03 1.823330e+03 1.141642e+03 7.518897e+02 5.851786e+02 5.091024e+02 4.694098e+02 4.301222e+02 4.097144e+02 3.960422e+02 3.856649e+02 3.772903e+02 3.702351e+02 3.181058e+02 2.828452e+02 2.586671e+02 2.384211e+02
2.827295e+03 2.827295e+03 2.827295e+03 2.827295e+03 2.827295e+03 2.827285e+03 2.827262e+03 2.827350e+03 2.827542e+03 2.827863e+03 2.828947e+03 2.830604e+03 2.832420e+03 2.833078e+03 2.829893e+03 2.818495e+03 2.792817e+03 2.253181e+03 1.358602e+03 8.528446e+02 6.377700e+02 5.401501e+02 4.896374e+02 4.406499e+02 4.162038e+02 4.003718e+02 3.885749e+02 3.791412e+02 3.712660e+02 3.173324e+02 2.815309e+02 2.575006e+02 2.374747e+02
3.476512e+03 3.476512e+03 3.476512e+03 3.476513e+03 3.476515e+03 3.476592e+03 3.476833e+03 3.477891e+03 3.478754e+03 3.479852e+03 3.482732e+03 3.486345e+03 3.489969e+03 3.491766e+03 3.488195e+03 3.473615e+03 3.440287e+03 2.745312e+03 1.604095e+03 9.632464e+02 6.924034e+02 5.703607e+02 5.078451e+02 4.484964e+02 4.200595e+02 4.023136e+02 3.893917e+02 3.791791e+02 3.707230e+02 3.161097e+02 2.801850e+02 2.563019e+02 2.365083e+02
4.238586e+03 4.238586e+03 4.238586e+03 4.238586e+03 4.238586e+03 4.238573e+03 4.238536e+03 4.238522e+03 4.238635e+03 4.238867e+03 4.239751e+03 4.241107e+03 4.242183e+03 4.240791e+03 4.232592e+03 4.210620e+03 4.165318e+03 3.286719e+03 1.869755e+03 1.080010e+03 7.483043e+02 5.998771e+02 5.245408e+02 4.543337e+02 4.218927e+02 4.023731e+02 3.885210e+02 3.777320e+02 3.688778e+02 3.144660e+02 2.788298e+02 2.550768e+02 2.355239e+02
5.012632e+03 5.012632e+03 5.012632e+03 5.012632e+03 5.012633e+03 5.012669e+03 5.012781e+03 5.013243e+03 5.013607e+03 5.014069e+03 5.015276e+03 5.016675e+03 5.017308e+03 5.014519e+03 5.003096e+03 4.974690e+03 4.917869e+03 3.849316e+03 2.144445e+03 1.199440e+03 8.044551e+02 6.286931e+02 5.401234e+02 4.587711e+02 4.222823e+02 4.010439e+02 3.863686e+02 3.751312e+02 3.660054e+02 3.124415e+02 2.774529e+02 2.538320e+02 2.345234e+02
5.779168e+03 5.779168e+03 5.779168e+03 5.779168e+03 5.779167e+03 5.779168e+03 5.779221e+03 5.779545e+03 5.779818e+03 5.780165e+03 5.781072e+03 5.782074e+03 5.782090e+03 5.778044e+03 5.763847e+03 5.729738e+03 5.662357e+03 4.409482e+03 2.418896e+03 1.318595e+03 8.600979e+02 6.568506e+02 5.549525e+02 4.623378e+02 4.217406e+02 3.987742e+02 3.833114e+02 3.716902e+02 3.623688e+02 3.100856e+02 2.760491e+02 2.525746e+02 2.335089e+02
6.524952e+03 6.524952e+03 6.524952e+03 6.524953e+03 6.524956e+03 6.525038e+03 6.525295e+03 6.526300e+03 6.527021e+03 6.527862e+03 6.529831e+03 6.531870e+03 6.532665e+03 6.528646e+03 6.512826e+03 6.474039e+03 6.397024e+03 4.963963e+03 2.690833e+03 1.436647e+03 9.151483e+02 6.845935e+02 5.694128e+02 4.654903e+02 4.207029e+02 3.959511e+02 3.796821e+02 3.676915e+02 3.582081e+02 3.074539e+02 2.746172e+02 2.513124e+02 2.324827e+02
7.288181e+03 7.288181e+03 7.288181e+03 7.288182e+03 7.288183e+03 7.288214e+03 7.288312e+03 7.288699e+03 7.288986e+03 7.289337e+03 7.290220e+03 7.291100e+03 7.290571e+03 7.284650e+03 7.265474e+03 7.220472e+03 7.132481e+03 5.515650e+03 2.960747e+03 1.553900e+03 9.699859e+02 7.123394e+02 5.839276e+02 4.686282e+02 4.195326e+02 3.928982e+02 3.757638e+02 3.633801e+02 3.537356e+02 3.046057e+02 2.731586e+02 2.500541e+02 2.314471e+02
8.034158e+03 8.034158e+03 8.034158e+03 8.034158e+03 8.034159e+03 8.034174e+03 8.034221e+03 8.034436e+03 8.034619e+03 8.034857e+03 8.035488e+03 8.036045e+03 8.034947e+03 8.027762e+03 8.005764e+03 7.955017e+03 7.856517e+03 6.059946e+03 3.228313e+03 1.671040e+03 1.025330e+03 7.406920e+02 5.989954e+02 4.721218e+02 4.185362e+02 3.898825e+02 3.717919e+02 3.589630e+02 3.491335e+02 3.016019e+02 2.716763e+02 2.488092e+02 2.304047e+02
8.752410e+03 8.752410e+03 8.752410e+03 8.752411e+03 8.752412e+03 8.752446e+03 8.752541e+03 8.752909e+03 8.753180e+03 8.753509e+03 8.754326e+03 8.755061e+03 8.754029e+03 8.746426e+03 8.722735e+03 8.667714e+03 8.560540e+03 6.597052e+03 3.496903e+03 1.790610e+03 1.082761e+03 7.706480e+02 6.152850e+02 4.763443e+02 4.179797e+02 3.871234e+02 3.679586e+02 3.546119e+02 3.445559e+02 2.985024e+02 2.701746e+02 2.475896e+02 2.293581e+02
9.453688e+03 9.453688e+03 9.453688e+03 9.453690e+03 9.453697e+03 9.453907e+03 9.454543e+03 9.456797e+03 9.458332e+03 9.460116e+03 9.464374e+03 9.469138e+03 9.472427e+03 9.468847e+03 9.447880e+03 9.392791e+03 9.280770e+03 7.158661e+03 3.782018e+03 1.919115e+03 1.145251e+03 8.037365e+02 6.336716e+02 4.816754e+02 4.180932e+02 3.847982e+02 3.644182e+02 3.504667e+02 3.401304e+02 2.953646e+02 2.686589e+02 2.464082e+02 2.283099e+02
1.034473e+04 1.034473e+04 1.034473e+04 1.034473e+04 1.034473e+04 1.034474e+04 1.034475e+04 1.034490e+04 1.034512e+04 1.034550e+04 1.034679e+04 1.034859e+04 1.034896e+04 1.034223e+04 1.031699e+04 1.025499e+04 1.013121e+04 7.806905e+03 4.107966e+03 2.065501e+03 1.216491e+03 8.416891e+02 6.550620e+02 4.884492e+02 4.190581e+02 3.830426e+02 3.612905e+02 3.466389e+02 3.359623e+02 2.922424e+02 2.671354e+02 2.452596e+02 2.272631e+02
1.130922e+04 1.130922e+04 1.130922e+04 1.130923e+04 1.130924e+04 1.130956e+04 1.131055e+04 1.131447e+04 1.131729e+04 1.132062e+04 1.132857e+04 1.133755e+04 1.134503e+04 1.134439e+04 1.132285e+04 1.126010e+04 1.112846e+04 8.576003e+03 4.492662e+03 2.236687e+03 1.299240e+03 8.857187e+02 6.800478e+02 4.968615e+02 4.209826e+02 3.819462e+02 3.586631e+02 3.432160e+02 3.321372e+02 2.891849e+02 2.656110e+02 2.441388e+02 2.262206e+02
1.263470e+04 1.263470e+04 1.263470e+04 1.263470e+04 1.263470e+04 1.263474e+04 1.263488e+04 1.263545e+04 1.263594e+04 1.263663e+04 1.263873e+04 1.264148e+04 1.264244e+04 1.263445e+04 1.260338e+04 1.252658e+04 1.237321e+04 9.501519e+03 4.944381e+03 2.434331e+03 1.393782e+03 9.358213e+02 7.085774e+02 5.068908e+02 4.238838e+02 3.815531e+02 3.565958e+02 3.402658e+02 3.287255e+02 2.862364e+02 2.640929e+02 2.430431e+02 2.251855e+02
1.406652e+04 1.406652e+04 1.406652e+04 1.406652e+04 1.406652e+04 1.406662e+04 1.406694e+04 1.406821e+04 1.406914e+04 1.407026e+04 1.407298e+04 1.407575e+04 1.407564e+04 1.406457e+04 1.402673e+04 1.393694e+04 1.376092e+04 1.053108e+04 5.443129e+03 2.651005e+03 1.496978e+03 9.904952e+02 7.398657e+02 5.182948e+02 4.276973e+02 3.818704e+02 3.551281e+02 3.378425e+02 3.257866e+02 2.834356e+02 2.625884e+02 2.419701e+02 2.241614e+02
1.554218e+04 1.554218e+04 1.554218e+04 1.554218e+04 1.554218e+04 1.554219e+04 1.554222e+04 1.554237e+04 1.554250e+04 1.554270e+04 1.554327e+04 1.554355e+04 1.554036e+04 1.552480e+04 1.547935e+04 1.537615e+04 1.517728e+04 1.158509e+04 5.955352e+03 2.874173e+03 1.603658e+03 1.047337e+03 7.726908e+02 5.307085e+02 4.323184e+02 3.828899e+02 3.542917e+02 3.359939e+02 3.233742e+02 2.808159e+02 2.611049e+02 2.409180e+02 2.231518e+02
1.695639e+04 1.695639e+04 1.695639e+04 1.695639e+04 1.695639e+04 1.695638e+04 1.695634e+04 1.695619e+04 1.695609e+04 1.695597e+04 1.695565e+04 1.695461e+04 1.694936e+04 1.693019e+04 1.687800e+04 1.676237e+04 1.654199e+04 1.260365e+04 6.453106e+03 3.092673e+03 1.709052e+03 1.104103e+03 8.059140e+02 5.438054e+02 4.376648e+02 3.846163e+02 3.541241e+02 3.347695e+02 3.215401e+02 2.784050e+02 2.596497e+02 2.398852e+02 2.221616e+02
1.823729e+04 1.823729e+04 1.823729e+04 1.823729e+04 1.823729e+04 1.823729e+04 1.823730e+04 1.823729e+04 1.823728e+04 1.823725e+04 1.823711e+04 1.823617e+04 1.823068e+04 1.821015e+04 1.815399e+04 1.802942e+04 1.779188e+04 1.354710e+04 6.919795e+03 3.300153e+03 1.810491e+03 1.159559e+03 8.389324e+02 5.574494e+02 4.437372e+02 3.870942e+02 3.546826e+02 3.342274e+02 3.203390e+02 2.762256e+02 2.582295e+02 2.388702e+02 2.211970e+02
1.940190e+04 1.940190e+04 1.940190e+04 1.940190e+04 1.940190e+04 1.940194e+04 1.940203e+04 1.940236e+04 1.940260e+04 1.940289e+04 1.940358e+04 1.940365e+04 1.939911e+04 1.937875e+04 1.932058e+04 1.918961e+04 1.893829e+04 1.442100e+04 7.357144e+03 3.497160e+03 1.908242e+03 1.213899e+03 8.719168e+02 5.717849e+02 4.506578e+02 3.904257e+02 3.560523e+02 3.344386e+02 3.198297e+02 2.742952e+02 2.568503e+02 2.378713e+02 2.202559e+02
2.052192e+04 2.052192e+04 2.052192e+04 2.052192e+04 2.052192e+04 2.052197e+04 2.052212e+04 2.052272e+04 2.052318e+04 2.052375e+04 2.052514e+04 2.052610e+04 2.052238e+04 2.050209e+04 2.044193e+04 2.030480e+04 2.004031e+04 1.526292e+04 7.781067e+03 3.690027e+03 2.005208e+03 1.268676e+03 9.058027e+02 5.872486e+02 4.586775e+02 3.947738e+02 3.583470e+02 3.354864e+02 3.200755e+02 2.726263e+02 2.555177e+02 2.368873e+02 2.193342e+02
2.165568e+04 2.165568e+04 2.165568e+04 2.165569e+04 2.165569e+04 2.165574e+04 2.165592e+04 2.165662e+04 2.165716e+04 2.165784e+04 2.165958e+04 2.166105e+04 2.165779e+04 2.163728e+04 2.157490e+04 2.143148e+04 2.115376e+04 1.611578e+04 8.213190e+03 3.888421e+03 2.106101e+03 1.326458e+03 9.421296e+02 6.045185e+02 4.681551e+02 4.003516e+02 3.617038e+02 3.374636e+02 3.211413e+02 2.712264e+02 2.542361e+02 2.359167e+02 2.184288e+02
2.284389e+04 2.284389e+04 2.284389e+04 2.284389e+04 2.284390e+04 2.284402e+04 2.284438e+04 2.284584e+04 2.284693e+04 2.284827e+04 2.285168e+04 2.285524e+04 2.285427e+04 2.283556e+04 2.277309e+04 2.262543e+04 2.233617e+04 1.703108e+04 8.681017e+03 4.104786e+03 2.216958e+03 1.390507e+03 9.828294e+02 6.244239e+02 4.795148e+02 4.074009e+02 3.662702e+02 3.404647e+02 3.230893e+02 2.700987e+02 2.530092e+02 2.349582e+02 2.175376e+02
2.420474e+04 2.420474e+04 2.420474e+04 2.420475e+04 2.420476e+04 2.420502e+04 2.420586e+04 2.420919e+04 2.421168e+04 2.421470e+04 2.422220e+04 2.423060e+04 2.423473e+04 2.422035e+04 2.415969e+04 2.400859e+04 2.370700e+04 1.809185e+04 9.221257e+03 4.353901e+03 2.344504e+03 1.464338e+03 1.029952e+03 6.478303e+02 4.931917e+02 4.161635e+02 3.721888e+02 3.445763e+02 3.259730e+02 2.692418e+02 2.518393e+02 2.340102e+02 2.166584e+02
2.596340e+04 2.596340e+04 2.596340e+04 2.596340e+04 2.596340e+04 2.596356e+04 2.596404e+04 2.596607e+04 2.596766e+04 2.596967e+04 2.597489e+04 2.598075e+04 2.598185e+04 2.596310e+04 2.589482e+04 2.572976e+04 2.540360e+04 1.937524e+04 9.865224e+03 4.648259e+03 2.494533e+03 1.551046e+03 1.085331e+03 6.755206e+02 5.095766e+02 4.268513e+02 3.795796e+02 3.498674e+02 3.298314e+02 2.686502e+02 2.507280e+02 2.330714e+02 2.157891e+02
2.799404e+04 2.799404e+04 2.799404e+04 2.799404e+04 2.799405e+04 2.799420e+04 2.799469e+04 2.799682e+04 2.799851e+04 2.800063e+04 2.800613e+04 2.801225e+04 2.801318e+04 2.799263e+04 2.791861e+04 2.774015e+04 2.738790e+04 2.088316e+04 1.062321e+04 4.994721e+03 2.670962e+03 1.652920e+03 1.150372e+03 7.081033e+02 5.289674e+02 4.396201e+02 3.885252e+02 3.563800e+02 3.346826e+02 2.683143e+02 2.496757e+02 2.321406e+02 2.149280e+02
3.029980e+04 3.029980e+04 3.029980e+04 3.029980e+04 3.029981e+04 3.030009e+04 3.030096e+04 3.030443e+04 3.030704e+04 3.031024e+04 3.031838e+04 3.032773e+04 3.033201e+04 3.031352e+04 3.023748e+04 3.004850e+04 2.967121e+04 2.263499e+04 1.150829e+04 5.399652e+03 2.876903e+03 1.771608e+03 1.226021e+03 7.459519e+02 5.515336e+02 4.545488e+02 3.990583e+02 3.641214e+02 3.405199e+02 2.682206e+02 2.486818e+02 2.312162e+02 2.140734e+02
3.305558e+04 3.305558e+04 3.305558e+04 3.305558e+04 3.305560e+04 3.305600e+04 3.305726e+04 3.306229e+04 3.306606e+04 3.307065e+04 3.308218e+04 3.309542e+04 3.310325e+04 3.308613e+04 3.300588e+04 3.280184e+04 3.239155e+04 2.470512e+04 1.254442e+04 5.869791e+03 3.114475e+03 1.907891e+03 1.312613e+03 7.891499e+02 5.772928e+02 4.716274e+02 4.111548e+02 3.730603e+02 3.473086e+02 2.683526e+02 2.477445e+02 2.302971e+02 2.132234e+02
3.642410e+04 3.642410e+04 3.642410e+04 3.642410e+04 3.642410e+04 3.642422e+04 3.642458e+04 3.642628e+04 3.642776e+04 3.642970e+04 3.643499e+04 3.644081e+04 3.643957e+04 3.640997e+04 3.631025e+04 3.607387e+04 3.561041e+04 2.710774e+04 1.373002e+04 6.402680e+03 3.382143e+03 2.060878e+03 1.409612e+03 8.374607e+02 6.061066e+02 4.907554e+02 4.247324e+02 3.831253e+02 3.549854e+02 2.686904e+02 2.468614e+02 2.293817e+02 2.123764e+02
4.001905e+04 4.001905e+04 4.001905e+04 4.001905e+04 4.001905e+04 4.001917e+04 4.001952e+04 4.002095e+04 4.002205e+04 4.002341e+04 4.002689e+04 4.002987e+04 4.002407e+04 3.998615e+04 3.987030e+04 3.960359e+04 3.908689e+04 2.971457e+04 1.502014e+04 6.983679e+03 3.674398e+03 2.228106e+03 1.515736e+03 8.903847e+02 6.377021e+02 5.117501e+02 4.396537e+02 3.942064e+02 3.634590e+02 2.692116e+02 2.460289e+02 2.284689e+02 2.115309e+02
4.366186e+04 4.366186e+04 4.366186e+04 4.366186e+04 4.366187e+04 4.366206e+04 4.366265e+04 4.366501e+04 4.366677e+04 4.366893e+04 4.367431e+04 4.367942e+04 4.367513e+04 4.363586e+04 4.351149e+04 4.322226e+04 4.265981e+04 3.242774e+04 1.637735e+04 7.599732e+03 3.985977e+03 2.407040e+03 1.629558e+03 9.472917e+02 6.717104e+02 5.343601e+02 4.557326e+02 4.061585e+02 3.726130e+02 2.698917e+02 2.452431e+02 2.275574e+02 2.106854e+02
4.746772e+04 4.746772e+04 4.746772e+04 4.746773e+04 4.746773e+04 4.746801e+04 4.746887e+04 4.747228e+04 4.747480e+04 4.747785e+04 4.748534e+04 4.749284e+04 4.749034e+04 4.745000e+04 4.731721e+04 4.700511e+04 4.639569e+04 3.527016e+04 1.780301e+04 8.248497e+03 4.314746e+03 2.596102e+03 1.749923e+03 1.007506e+03 7.076920e+02 5.582771e+02 4.727406e+02 4.188064e+02 3.823088e+02 2.707046e+02 2.444991e+02 2.266458e+02 2.098384e+02
5.156006e+04 5.156006e+04 5.156006e+04 5.156006e+04 5.156007e+04 5.156034e+04 5.156121e+04 5.156463e+04 5.156715e+04 5.157020e+04 5.157768e+04 5.158497e+04 5.158122e+04 5.153616e+04 5.139045e+04 5.104972e+04 5.038576e+04 3.828880e+04 1.930925e+04 8.931144e+03 4.659631e+03 2.793980e+03 1.875683e+03 1.070266e+03 7.451347e+02 5.831402e+02 4.904133e+02 4.319494e+02 3.923903e+02 2.716231e+02 2.437916e+02 2.257329e+02 2.089887e+02
5.592457e+04 5.592457e+04 5.592457e+04 5.592458e+04 5.592458e+04 5.592477e+04 5.592535e+04 5.592769e+04 5.592944e+04 5.593158e+04 5.593687e+04 5.594134e+04 5.593325e+04 5.587975e+04 5.571652e+04 5.534127e+04 5.461508e+04 4.146950e+04 2.088652e+04 9.641983e+03 5.017094e+03 2.998316e+03 2.005169e+03 1.134624e+03 7.834375e+02 6.085394e+02 5.084562e+02 4.453682e+02 4.026892e+02 2.726198e+02 2.431152e+02 2.248174e+02 2.081349e+02
6.041893e+04 6.041893e+04 6.041893e+04 6.041893e+04 6.041893e+04 6.041897e+04 6.041911e+04 6.041972e+04 6.042026e+04 6.042098e+04 6.042288e+04 6.042310e+04 6.040901e+04 6.034517e+04 6.016215e+04 5.974957e+04 5.895754e+04 4.472717e+04 2.249732e+04 1.036574e+04 5.379983e+03 3.205199e+03 2.135967e+03 1.199408e+03 8.219114e+02 6.340245e+02 5.265549e+02 4.588325e+02 4.130313e+02 2.736670e+02 2.424638e+02 2.238984e+02 2.072760e+02
6.483554e+04 6.483554e+04 6.483554e+04 6.483554e+04 6.483554e+04 6.483558e+04 6.483571e+04 6.483623e+04 6.483660e+04 6.483705e+04 6.483801e+04 6.483648e+04 6.481887e+04 6.474715e+04 6.454683e+04 6.409951e+04 6.324445e+04 4.794913e+04 2.409202e+04 1.108232e+04 5.739074e+03 3.409734e+03 2.265154e+03 1.263288e+03 8.598132e+02 6.591262e+02 5.443891e+02 4.721119e+02 4.232438e+02 2.747382e+02 2.418314e+02 2.229744e+02 2.064108e+02
6.907018e+04 6.907018e+04 6.907018e+04 6.907018e+04 6.907018e+04 6.907018e+04 6.907018e+04 6.907017e+04 6.907017e+04 6.907016e+04 6.906997e+04 6.906689e+04 6.904643e+04 6.896805e+04 6.875234e+04 6.827312e+04 6.735912e+04 5.104750e+04 2.562766e+04 1.177290e+04 6.085269e+03 3.606959e+03 2.389736e+03 1.324911e+03 8.964031e+02 6.833869e+02 5.616511e+02 4.849872e+02 4.331638e+02 2.758078e+02 2.412122e+02 2.220446e+02 2.055385e+02
7.307177e+04 7.307177e+04 7.307177e+04 7.307177e+04 7.307177e+04 7.307176e+04 7.307173e+04 7.307135e+04 7.307097e+04 7.307046e+04 7.306883e+04 7.306356e+04 7.303932e+04 7.295323e+04 7.272133e+04 7.221017e+04 7.123869e+04 5.396233e+04 2.707048e+04 1.242152e+04 6.410532e+03 3.792394e+03 2.506986e+03 1.383045e+03 9.310107e+02 7.063950e+02 5.780659e+02 4.972627e+02 4.426455e+02 2.768519e+02 2.406000e+02 2.211078e+02 2.046581e+02
7.673208e+04 7.673208e+04 7.673208e+04 7.673208e+04 7.673208e+04 7.673195e+04 7.673153e+04 7.672988e+04 7.672863e+04 7.672711e+04 7.672304e+04 7.671464e+04 7.668584e+04 7.659168e+04 7.634403e+04 7.580285e+04 7.477816e+04 5.661999e+04 2.838629e+04 1.301366e+04 6.707970e+03 3.962317e+03 2.614675e+03 1.436692e+03 9.630945e+02 7.278164e+02 5.934083e+02 5.087768e+02 4.515674e+02 2.778489e+02 2.399891e+02 2.201631e+02 2.037690e+02
7.991444e+04 7.991444e+04 7.991444e+04 7.991444e+04 7.991443e+04 7.991428e+04 7.991381e+04 7.991191e+04 7.991049e+04 7.990877e+04 7.990419e+04 7.989503e+04 7.986452e+04 7.976580e+04 7.950705e+04 7.894239e+04 7.787395e+04 5.895505e+04 2.954754e+04 1.353854e+04 6.972747e+03 4.114210e+03 2.711319e+03 1.485191e+03 9.922869e+02 7.474175e+02 6.075162e+02 5.194096e+02 4.598367e+02 2.787792e+02 2.393740e+02 2.192096e+02 2.028704e+02
8.261535e+04 8.261535e+04 8.261535e+04 8.261534e+04 8.261534e+04 8.261519e+04 8.261470e+04 8.261277e+04 8.261132e+04 8.260955e+04 8.260488e+04 8.259552e+04 8.256421e+04 8.246251e+04 8.219550e+04 8.161236e+04 8.050848e+04 6.095167e+04 3.054653e+04 1.399292e+04 7.203350e+03 4.247239e+03 2.796395e+03 1.528271e+03 1.018416e+03 7.650756e+02 6.202955e+02 5.290859e+02 4.673916e+02 2.796260e+02 2.387496e+02 2.182465e+02 2.019619e+02
8.486382e+04 8.486382e+04 8.486382e+04 8.486382e+04 8.486382e+04 8.486374e+04 8.486348e+04 8.486244e+04 8.486166e+04 8.486069e+04 8.485797e+04 8.485086e+04 8.482149e+04 8.472004e+04 8.444890e+04 8.385305e+04 8.272214e+04 6.263945e+04 3.139603e+04 1.438158e+04 7.401714e+03 4.362281e+03 2.870333e+03 1.566042e+03 1.041497e+03 7.807737e+02 6.317180e+02 5.377742e+02 4.742003e+02 2.803748e+02 2.381109e+02 2.172730e+02 2.010431e+02
8.679501e+04 8.679501e+04 8.679501e+04 8.679501e+04 8.679501e+04 8.679492e+04 8.679466e+04 8.679360e+04 8.679281e+04 8.679186e+04 8.678925e+04 8.678237e+04 8.675302e+04 8.665025e+04 8.637427e+04 8.576647e+04 8.461164e+04 6.407925e+04 3.212168e+04 1.471438e+04 7.572072e+03 4.461397e+03 2.934245e+03 1.598901e+03 1.061696e+03 7.945829e+02 6.418113e+02 5.454804e+02 4.802577e+02 2.810141e+02 2.374537e+02 2.162884e+02 2.001136e+02
8.846053e+04 8.846053e+04 8.846053e+04 8.846053e+04 8.846053e+04 8.846049e+04 8.846035e+04 8.845978e+04 8.845936e+04 8.845883e+04 8.845726e+04 8.845155e+04 8.842309e+04 8.831993e+04 8.804032e+04 8.742255e+04 8.624723e+04 6.532509e+04 3.274900e+04 1.500192e+04 7.719259e+03 4.547076e+03 2.989542e+03 1.627404e+03 1.079270e+03 8.066348e+02 6.506447e+02 5.522402e+02 4.855802e+02 2.815346e+02 2.367739e+02 2.152922e+02 1.991731e+02
8.993357e+04 8.993357e+04 8.993357e+04 8.993357e+04 8.993357e+04 8.993353e+04 8.993338e+04 8.993281e+04 8.993239e+04 8.993187e+04 8.993037e+04 8.992473e+04 8.989607e+04 8.979159e+04 8.950783e+04 8.888040e+04 8.768622e+04 6.641834e+04 3.329818e+04 1.525308e+04 7.847572e+03 4.621648e+03 3.037613e+03 1.652147e+03 1.094519e+03 8.170939e+02 6.583128e+02 5.581091e+02 4.902001e+02 2.819294e+02 2.360682e+02 2.142839e+02 1.982217e+02
9.123719e+04 9.123719e+04 9.123719e+04 9.123719e+04 9.123719e+04 9.123716e+04 9.123706e+04 9.123665e+04 9.123634e+04 9.123595e+04 9.123475e+04 9.122941e+04 9.120077e+04 9.109526e+04 9.080790e+04 9.017190e+04 8.896091e+04 6.738581e+04 3.378331e+04 1.547444e+04 7.960376e+03 4.687035e+03 3.079654e+03 1.673685e+03 1.107742e+03 8.261331e+02 6.649211e+02 5.631531e+02 4.941591e+02 2.821940e+02 2.353336e+02 2.132632e+02 1.972592e+02
9.239810e+04 9.239810e+04 9.239810e+04 9.239810e+04 9.239809e+04 9.239806e+04 9.239796e+04 9.239756e+04 9.239726e+04 9.239691e+04 9.239580e+04 9.239056e+04 9.236178e+04 9.225521e+04 9.196453e+04 9.132081e+04 9.009481e+04 6.824610e+04 3.421433e+04 1.567081e+04 8.060210e+03 4.744736e+03 3.116630e+03 1.692492e+03 1.119204e+03 8.339161e+02 6.705746e+02 5.674414e+02 4.975033e+02 2.823255e+02 2.345675e+02 2.122297e+02 1.962856e+02
9.343370e+04 9.343370e+04 9.343370e+04 9.343370e+04 9.343370e+04 9.343368e+04 9.343361e+04 9.343335e+04 9.343315e+04 9.343291e+04 9.343205e+04 9.342707e+04 9.339833e+04 9.329097e+04 9.299746e+04 9.234696e+04 9.110763e+04 6.901463e+04 3.459919e+04 1.584591e+04 8.149032e+03 4.795910e+03 3.149296e+03 1.708953e+03 1.129133e+03 8.405868e+02 6.753693e+02 5.710398e+02 5.002787e+02 2.823231e+02 2.337681e+02 2.111834e+02 1.953012e+02
9.436618e+04 9.436618e+04 9.436618e+04 9.436618e+04 9.436618e+04 9.436616e+04 9.436609e+04 9.436584e+04 9.436565e+04 9.436542e+04 9.436463e+04 9.435970e+04 9.433082e+04 9.422257e+04 9.392635e+04 9.326960e+04 9.201815e+04 6.970501e+04 3.494453e+04 1.600274e+04 8.228360e+03 4.841440e+03 3.178222e+03 1.723361e+03 1.137708e+03 8.462641e+02 6.793878e+02 5.740075e+02 5.025283e+02 2.821872e+02 2.329337e+02 2.101240e+02 1.943060e+02
9.520729e+04 9.520729e+04 9.520729e+04 9.520729e+04 9.520729e+04 9.520728e+04 9.520724e+04 9.520708e+04 9.520696e+04 9.520680e+04 9.520618e+04 9.520142e+04 9.517252e+04 9.506356e+04 9.476495e+04 9.410258e+04 9.284017e+04 7.032777e+04 3.525543e+04 1.614350e+04 8.299275e+03 4.881942e+03 3.203805e+03 1.735925e+03 1.145060e+03 8.510398e+02 6.826974e+02 5.763950e+02 5.042906e+02 2.819194e+02 2.320632e+02 2.090516e+02 1.933005e+02
9.597229e+04 9.597229e+04 9.597229e+04 9.597229e+04 9.597229e+04 9.597227e+04 9.597223e+04 9.597205e+04 9.597191e+04 9.597172e+04 9.597099e+04 9.596605e+04 9.593673e+04 9.582666e+04 9.552539e+04 9.485740e+04 9.358452e+04 7.088950e+04 3.553469e+04 1.626936e+04 8.362354e+03 4.917751e+03 3.226266e+03 1.746774e+03 1.151278e+03 8.549801e+02 6.853497e+02 5.782432e+02 5.055982e+02 2.815226e+02 2.311560e+02 2.079664e+02 1.922849e+02
9.665543e+04 9.665543e+04 9.665543e+04 9.665543e+04 9.665543e+04 9.665540e+04 9.665532e+04 9.665500e+04 9.665476e+04 9.665446e+04 9.665346e+04 9.664817e+04 9.661827e+04 9.650701e+04 9.620314e+04 9.552990e+04 9.424743e+04 7.138852e+04 3.578190e+04 1.638027e+04 8.417636e+03 4.948928e+03 3.245671e+03 1.755964e+03 1.156413e+03 8.581296e+02 6.873828e+02 5.795846e+02 5.064788e+02 2.810002e+02 2.302119e+02 2.068685e+02 1.912596e+02
9.724433e+04 9.724433e+04 9.724433e+04 9.724433e+04 9.724433e+04 9.724430e+04 9.724422e+04 9.724389e+04 9.724363e+04 9.724331e+04 9.724222e+04 9.723677e+04 9.720650e+04 9.709430e+04 9.678825e+04 9.611050e+04 9.481974e+04 7.181891e+04 3.599461e+04 1.647534e+04 8.464773e+03 4.975330e+03 3.261963e+03 1.763503e+03 1.160489e+03 8.605158e+02 6.888243e+02 5.804448e+02 5.069553e+02 2.803566e+02 2.292307e+02 2.057583e+02 1.902251e+02
9.773364e+04 9.773364e+04 9.773364e+04 9.773364e+04 9.773364e+04 9.773360e+04 9.773348e+04 9.773297e+04 9.773259e+04 9.773212e+04 9.773069e+04 9.772480e+04 9.769392e+04 9.758065e+04 9.727251e+04 9.659078e+04 9.529293e+04 7.217405e+04 3.616976e+04 1.655338e+04 8.503268e+03 4.996732e+03 3.275036e+03 1.769373e+03 1.163513e+03 8.621563e+02 6.896945e+02 5.808446e+02 5.070474e+02 2.795964e+02 2.282131e+02 2.046360e+02 1.891819e+02
9.810745e+04 9.810745e+04 9.810745e+04 9.810745e+04 9.810745e+04 9.810741e+04 9.810728e+04 9.810676e+04 9.810638e+04 9.810590e+04 9.810444e+04 9.809849e+04 9.806744e+04 9.795364e+04 9.764419e+04 9.695967e+04 9.565663e+04 7.244765e+04 3.630472e+04 1.661336e+04 8.532693e+03 5.012936e+03 3.284795e+03 1.773555e+03 1.165491e+03 8.630653e+02 6.900110e+02 5.808019e+02 5.067728e+02 2.787252e+02 2.271596e+02 2.035022e+02 1.881305e+02
9.836783e+04 9.836783e+04 9.836783e+04 9.836783e+04 9.836782e+04 9.836778e+04 9.836764e+04 9.836709e+04 9.836667e+04 9.836616e+04 9.836461e+04 9.835854e+04 9.832728e+04 9.821305e+04 9.790263e+04 9.721613e+04 9.590946e+04 7.263786e+04 3.639850e+04 1.665488e+04 8.552870e+03 5.023863e+03 3.291204e+03 1.776047e+03 1.166435e+03 8.632586e+02 6.897910e+02 5.803345e+02 5.061485e+02 2.777483e+02 2.260713e+02 2.023573e+02 1.870715e+02
9.851430e+04 9.851430e+04 9.851430e+04 9.851430e+04 9.851430e+04 9.851425e+04 9.851412e+04 9.851355e+04 9.851313e+04 9.851261e+04 9.851104e+04 9.850495e+04 9.847364e+04 9.835923e+04 9.804835e+04 9.736083e+04 9.605221e+04 7.274567e+04 3.645165e+04 1.667819e+04 8.563929e+03 5.029587e+03 3.294313e+03 1.776881e+03 1.166368e+03 8.627575e+02 6.890545e+02 5.794609e+02 5.051918e+02 2.766719e+02 2.249494e+02 2.012020e+02 1.860055e+02
9.855118e+04 9.855118e+04 9.855118e+04 9.855118e+04 9.855118e+04 9.855114e+04 9.855103e+04 9.855058e+04 9.855024e+04 9.854981e+04 9.854848e+04 9.854266e+04 9.851164e+04 9.839752e+04 9.808686e+04 9.739941e+04 9.609060e+04 7.277560e+04 3.646635e+04 1.668421e+04 8.566291e+03 5.030330e+03 3.294253e+03 1.776118e+03 1.165329e+03 8.615910e+02 6.878254e+02 5.782019e+02 5.039213e+02 2.755020e+02 2.237952e+02 2.000369e+02 1.849331e+02
9.849619e+04 9.849619e+04 9.849619e+04 9.849619e+04 9.849619e+04 9.849615e+04 9.849604e+04 9.849558e+04 9.849523e+04 9.849481e+04 9.849348e+04 9.848769e+04 9.845674e+04 9.834275e+04 9.803236e+04 9.734540e+04 9.603744e+04 7.273567e+04 3.644600e+04 1.667428e+04 8.560560e+03 5.026409e+03 3.291213e+03 1.773846e+03 1.163370e+03 8.597956e+02 6.861317e+02 5.765807e+02 5.023569e+02 2.742450e+02 2.226105e+02 1.988628e+02 1.838549e+02
9.835602e+04 9.835602e+04 9.835602e+04 9.835602e+04 9.835601e+04 9.835598e+04 9.835587e+04 9.835542e+04 9.835508e+04 9.835466e+04 9.835334e+04 9.834758e+04 9.831668e+04 9.820288e+04 9.789294e+04 9.720698e+04 9.590088e+04 7.263210e+04 3.639359e+04 1.664969e+04 8.547369e+03 5.018174e+03 3.285410e+03 1.770170e+03 1.160555e+03 8.574146e+02 6.840062e+02 5.746235e+02 5.005204e+02 2.729073e+02 2.213969e+02 1.976802e+02 1.827717e+02
9.813493e+04 9.813493e+04 9.813493e+04 9.813493e+04 9.813493e+04 9.813489e+04 9.813478e+04 9.813433e+04 9.813399e+04 9.813357e+04 9.813227e+04 9.812652e+04 9.809571e+04 9.798217e+04 9.767295e+04 9.698854e+04 9.568539e+04 7.246879e+04 3.631135e+04 1.661155e+04 8.527306e+03 5.005977e+03 3.277073e+03 1.765208e+03 1.156955e+03 8.544971e+02 6.814852e+02 5.723586e+02 4.984351e+02 2.714956e+02 2.201564e+02 1.964901e+02 1.816841e+02
9.783673e+04 9.783673e+04 9.783673e+04 9.783673e+04 9.783673e+04 9.783669e+04 9.783658e+04 9.783613e+04 9.783579e+04 9.783537e+04 9.783408e+04 9.782839e+04 9.779773e+04 9.768463e+04 9.737646e+04 9.669427e+04 9.539523e+04 7.224960e+04 3.620150e+04 1.656098e+04 8.500984e+03 4.990188e+03 3.266445e+03 1.759087e+03 1.152649e+03 8.510970e+02 6.786082e+02 5.698167e+02 4.961254e+02 2.700165e+02 2.188910e+02 1.952933e+02 1.805928e+02
