2.524914e+05 1.827146e+05 1.839574e+05 1.788334e+05 1.636313e+05 1.207268e+05 1.056139e+05 9.417446e+04 9.186030e+04 9.059090e+04 8.980809e+04 9.029575e+04 9.147969e+04 9.311701e+04 9.509562e+04 9.735965e+04 9.987811e+04 1.155798e+05 1.328622e+05 1.396692e+05 1.265587e+05 1.057210e+05 8.993695e+04 7.645300e+04 7.509474e+04 7.816364e+04 8.290448e+04 8.835486e+04 9.425251e+04 2.037975e+05 4.071184e+05 6.110103e+05 7.660592e+05
1.002659e+05 1.002660e+05 1.002662e+05 1.002664e+05 1.002392e+05 9.839413e+04 9.544178e+04 9.048046e+04 8.956980e+04 8.914431e+04 8.926432e+04 9.019195e+04 9.162324e+04 9.341744e+04 9.550665e+04 9.785586e+04 1.004445e+05 1.163849e+05 1.337258e+05 1.403395e+05 1.269104e+05 1.058602e+05 8.999779e+04 7.651781e+04 7.519791e+04 7.829431e+04 8.305057e+04 8.850870e+04 9.441057e+04 2.041060e+05 4.076307e+05 6.115623e+05 7.665407e+05
8.848635e+04 8.848642e+04 8.848662e+04 8.849159e+04 8.850292e+04 8.835354e+04 8.813299e+04 8.808563e+04 8.763371e+04 8.773276e+04 8.874277e+04 9.015109e+04 9.185148e+04 9.381289e+04 9.601757e+04 9.845419e+04 1.011139e+05 1.172871e+05 1.346661e+05 1.410550e+05 1.272806e+05 1.060055e+05 9.006140e+04 7.658565e+04 7.530478e+04 7.842870e+04 8.320009e+04 8.866560e+04 9.457136e+04 2.044176e+05 4.081465e+05 6.121168e+05 7.670238e+05
8.583666e+04 8.583670e+04 8.583681e+04 8.583997e+04 8.584848e+04 8.595547e+04 8.583279e+04 8.730176e+04 8.783136e+04 8.802460e+04 8.872792e+04 9.028977e+04 9.219868e+04 9.431556e+04 9.663439e+04 9.915906e+04 1.018904e+05 1.182902e+05 1.356851e+05 1.418164e+05 1.276693e+05 1.061568e+05 9.012783e+04 7.665663e+04 7.541543e+04 7.856687e+04 8.335307e+04 8.882558e+04 9.473489e+04 2.047323e+05 4.086657e+05 6.126740e+05 7.675084e+05
8.609680e+04 8.609683e+04 8.609690e+04 8.609901e+04 8.610493e+04 8.623098e+04 8.632020e+04 8.707309e+04 8.807762e+04 8.890860e+04 8.991748e+04 9.105277e+04 9.280299e+04 9.497468e+04 9.737669e+04 9.997948e+04 1.027791e+05 1.193972e+05 1.367843e+05 1.426239e+05 1.280763e+05 1.063141e+05 9.019711e+04 7.673087e+04 7.552995e+04 7.870886e+04 8.350955e+04 8.898866e+04 9.490117e+04 2.050501e+05 4.091884e+05 6.132337e+05 7.679946e+05
8.748163e+04 8.748165e+04 8.748170e+04 8.748321e+04 8.748749e+04 8.758078e+04 8.771195e+04 8.800219e+04 8.870739e+04 8.966999e+04 9.134670e+04 9.259370e+04 9.403130e+04 9.594442e+04 9.830982e+04 1.009462e+05 1.037960e+05 1.206107e+05 1.379649e+05 1.434774e+05 1.285014e+05 1.064772e+05 9.026924e+04 7.680844e+04 7.564841e+04 7.885474e+04 8.366955e+04 8.915485e+04 9.507022e+04 2.053711e+05 4.097147e+05 6.137959e+05 7.684823e+05
8.915788e+04 8.915789e+04 8.915793e+04 8.915908e+04 8.916242e+04 8.924182e+04 8.939044e+04 8.959978e+04 8.998020e+04 9.071284e+04 9.261696e+04 9.427971e+04 9.577497e+04 9.748744e+04 9.959669e+04 1.021341e+05 1.049801e+05 1.219345e+05 1.392273e+05 1.443765e+05 1.289440e+05 1.066460e+05 9.034423e+04 7.688945e+04 7.577089e+04 7.900455e+04 8.383311e+04 8.932418e+04 9.524204e+04 2.056952e+05 4.102445e+05 6.143608e+05 7.689716e+05
9.098485e+04 9.098486e+04 9.098489e+04 9.098583e+04 9.098858e+04 9.105813e+04 9.120884e+04 9.146992e+04 9.169654e+04 9.218700e+04 9.390581e+04 9.586947e+04 9.764216e+04 9.939455e+04 1.013744e+05 1.037023e+05 1.064112e+05 1.233755e+05 1.405721e+05 1.453205e+05 1.294037e+05 1.068202e+05 9.042205e+04 7.697398e+04 7.589748e+04 7.915835e+04 8.400025e+04 8.949666e+04 9.541665e+04 2.060226e+05 4.107778e+05 6.149282e+05 7.694624e+05
9.292137e+04 9.292138e+04 9.292140e+04 9.292220e+04 9.292456e+04 9.298632e+04 9.313351e+04 9.346872e+04 9.366386e+04 9.401323e+04 9.541927e+04 9.742956e+04 9.947503e+04 1.014244e+05 1.034369e+05 1.056777e+05 1.082290e+05 1.249458e+05 1.420005e+05 1.463087e+05 1.298797e+05 1.069996e+05 9.050268e+04 7.706213e+04 7.602824e+04 7.931617e+04 8.417100e+04 8.967229e+04 9.559404e+04 2.063531e+05 4.113146e+05 6.154982e+05 7.699548e+05
9.494702e+04 9.494703e+04 9.494705e+04 9.494774e+04 9.494980e+04 9.500908e+04 9.516657e+04 9.558010e+04 9.579781e+04 9.609328e+04 9.722995e+04 9.910639e+04 1.012901e+05 1.034668e+05 1.056268e+05 1.078958e+05 1.103853e+05 1.266654e+05 1.435145e+05 1.473402e+05 1.303713e+05 1.071838e+05 9.058608e+04 7.715397e+04 7.616323e+04 7.947807e+04 8.434539e+04 8.985110e+04 9.577423e+04 2.066869e+05 4.118551e+05 6.160708e+05 7.704488e+05
9.716947e+04 9.716947e+04 9.716949e+04 9.717016e+04 9.717215e+04 9.722882e+04 9.738324e+04 9.783399e+04 9.808119e+04 9.836844e+04 9.932511e+04 1.009990e+05 1.031770e+05 1.055165e+05 1.078630e+05 1.102464e+05 1.127592e+05 1.285654e+05 1.451178e+05 1.484146e+05 1.308778e+05 1.073726e+05 9.067220e+04 7.724959e+04 7.630254e+04 7.964407e+04 8.452342e+04 9.003309e+04 9.595722e+04 2.070240e+05 4.123991e+05 6.166460e+05 7.709443e+05
1.283368e+05 1.283368e+05 1.283368e+05 1.283373e+05 1.283387e+05 1.283827e+05 1.285141e+05 1.290079e+05 1.293591e+05 1.297722e+05 1.307629e+05 1.319553e+05 1.333805e+05 1.351123e+05 1.372106e+05 1.396795e+05 1.424642e+05 1.577529e+05 1.679381e+05 1.619655e+05 1.367204e+05 1.094799e+05 9.168696e+04 7.843228e+04 7.794509e+04 8.153650e+04 8.650701e+04 9.202821e+04 9.794059e+04 2.105786e+05 4.180397e+05 6.225418e+05 7.759847e+05
1.772273e+05 1.772273e+05 1.772273e+05 1.772277e+05 1.772290e+05 1.772700e+05 1.773963e+05 1.778833e+05 1.782334e+05 1.786435e+05 1.796010e+05 1.806714e+05 1.817872e+05 1.829081e+05 1.840240e+05 1.851508e+05 1.863158e+05 1.928702e+05 1.951051e+05 1.790793e+05 1.445016e+05 1.124810e+05 9.325631e+04 8.013304e+04 8.008491e+04 8.386479e+04 8.885936e+04 9.433577e+04 1.001961e+05 2.144835e+05 4.240556e+05 6.287023e+05 7.811801e+05
2.271217e+05 2.271217e+05 2.271217e+05 2.271216e+05 2.271213e+05 2.271126e+05 2.270869e+05 2.269824e+05 2.269005e+05 2.267978e+05 2.265379e+05 2.262248e+05 2.258787e+05 2.255091e+05 2.251164e+05 2.246969e+05 2.242477e+05 2.214094e+05 2.139758e+05 1.899780e+05 1.500531e+05 1.157190e+05 9.590377e+04 8.275979e+04 8.284355e+04 8.665557e+04 9.157280e+04 9.693769e+04 1.027056e+05 2.187612e+05 4.304613e+05 6.351314e+05 7.865297e+05
2.411565e+05 2.411565e+05 2.411565e+05 2.411566e+05 2.411567e+05 2.411622e+05 2.411791e+05 2.412276e+05 2.412386e+05 2.412284e+05 2.411264e+05 2.409072e+05 2.405719e+05 2.401246e+05 2.395689e+05 2.389063e+05 2.381358e+05 2.323693e+05 2.201471e+05 1.919942e+05 1.508097e+05 1.172568e+05 9.852099e+04 8.646448e+04 8.652463e+04 9.000264e+04 9.465869e+04 9.981954e+04 1.054499e+05 2.234354e+05 4.372712e+05 6.418322e+05 7.920322e+05
2.351831e+05 2.351831e+05 2.351831e+05 2.351830e+05 2.351827e+05 2.351746e+05 2.351496e+05 2.350564e+05 2.349875e+05 2.349017e+05 2.346722e+05 2.343572e+05 2.339540e+05 2.334658e+05 2.328976e+05 2.322523e+05 2.315284e+05 2.262186e+05 2.142053e+05 1.867664e+05 1.480023e+05 1.173552e+05 1.007529e+05 9.063848e+04 9.098083e+04 9.408635e+04 9.820643e+04 1.029982e+05 1.084257e+05 2.285313e+05 4.444990e+05 6.488070e+05 7.976857e+05
2.143783e+05 2.143783e+05 2.143783e+05 2.143783e+05 2.143782e+05 2.143772e+05 2.143735e+05 2.143549e+05 2.143389e+05 2.143180e+05 2.142605e+05 2.141793e+05 2.140709e+05 2.139314e+05 2.137560e+05 2.135385e+05 2.132697e+05 2.104763e+05 2.012774e+05 1.776289e+05 1.436948e+05 1.170931e+05 1.029773e+05 9.495468e+04 9.573547e+04 9.861890e+04 1.022762e+05 1.065724e+05 1.116696e+05 2.340765e+05 4.521575e+05 6.560574e+05 8.034878e+05
1.960453e+05 1.960453e+05 1.960453e+05 1.960453e+05 1.960453e+05 1.960453e+05 1.960450e+05 1.960425e+05 1.960397e+05 1.960356e+05 1.960227e+05 1.960029e+05 1.959753e+05 1.959388e+05 1.958913e+05 1.958285e+05 1.957430e+05 1.943395e+05 1.875714e+05 1.681366e+05 1.396219e+05 1.172829e+05 1.055703e+05 9.932157e+04 1.004665e+05 1.032368e+05 1.065762e+05 1.105109e+05 1.152881e+05 2.401023e+05 4.602592e+05 6.635839e+05 8.094354e+05
1.818207e+05 1.818207e+05 1.818207e+05 1.818207e+05 1.818208e+05 1.818219e+05 1.818252e+05 1.818374e+05 1.818459e+05 1.818558e+05 1.818791e+05 1.819064e+05 1.819363e+05 1.819677e+05 1.819986e+05 1.820252e+05 1.820409e+05 1.813985e+05 1.762744e+05 1.603602e+05 1.367234e+05 1.182410e+05 1.086214e+05 1.036964e+05 1.049982e+05 1.076824e+05 1.108476e+05 1.145848e+05 1.191999e+05 2.466446e+05 4.688156e+05 6.713860e+05 8.155250e+05
1.723390e+05 1.723390e+05 1.723390e+05 1.723390e+05 1.723391e+05 1.723406e+05 1.723451e+05 1.723621e+05 1.723740e+05 1.723881e+05 1.724218e+05 1.724623e+05 1.725086e+05 1.725598e+05 1.726142e+05 1.726686e+05 1.727174e+05 1.723845e+05 1.682337e+05 1.549307e+05 1.352179e+05 1.199096e+05 1.119889e+05 1.079859e+05 1.092440e+05 1.118141e+05 1.149150e+05 1.186253e+05 1.232536e+05 2.537459e+05 4.778379e+05 6.794624e+05 8.217523e+05
1.667436e+05 1.667436e+05 1.667436e+05 1.667436e+05 1.667437e+05 1.667446e+05 1.667474e+05 1.667582e+05 1.667660e+05 1.667754e+05 1.667986e+05 1.668276e+05 1.668622e+05 1.669018e+05 1.669454e+05 1.669904e+05 1.670317e+05 1.667431e+05 1.631176e+05 1.516488e+05 1.348990e+05 1.220435e+05 1.154322e+05 1.120556e+05 1.131551e+05 1.155849e+05 1.186981e+05 1.225335e+05 1.273544e+05 2.614563e+05 4.873365e+05 6.878108e+05 8.281126e+05
1.635552e+05 1.635552e+05 1.635552e+05 1.635552e+05 1.635553e+05 1.635562e+05 1.635589e+05 1.635689e+05 1.635759e+05 1.635839e+05 1.636033e+05 1.636265e+05 1.636535e+05 1.636841e+05 1.637174e+05 1.637513e+05 1.637815e+05 1.634768e+05 1.601678e+05 1.499918e+05 1.354053e+05 1.243613e+05 1.187191e+05 1.157776e+05 1.167037e+05 1.190103e+05 1.222016e+05 1.262874e+05 1.314649e+05 2.698360e+05 4.973215e+05 6.964278e+05 8.346005e+05
1.618512e+05 1.618512e+05 1.618512e+05 1.618512e+05 1.618513e+05 1.618520e+05 1.618543e+05 1.618630e+05 1.618692e+05 1.618765e+05 1.618945e+05 1.619164e+05 1.619419e+05 1.619709e+05 1.620023e+05 1.620341e+05 1.620621e+05 1.617702e+05 1.587021e+05 1.494545e+05 1.364024e+05 1.266388e+05 1.216866e+05 1.190723e+05 1.198910e+05 1.221472e+05 1.254934e+05 1.299356e+05 1.356090e+05 2.789573e+05 5.078028e+05 7.053091e+05 8.412101e+05
1.612575e+05 1.612575e+05 1.612575e+05 1.612575e+05 1.612575e+05 1.612582e+05 1.612604e+05 1.612684e+05 1.612740e+05 1.612806e+05 1.612965e+05 1.613161e+05 1.613391e+05 1.613655e+05 1.613944e+05 1.614239e+05 1.614500e+05 1.611710e+05 1.582824e+05 1.496782e+05 1.376558e+05 1.287429e+05 1.242609e+05 1.219273e+05 1.227586e+05 1.250848e+05 1.286849e+05 1.335822e+05 1.398668e+05 2.889106e+05 5.187900e+05 7.144496e+05 8.479349e+05
1.614831e+05 1.614831e+05 1.614831e+05 1.614831e+05 1.614831e+05 1.614837e+05 1.614856e+05 1.614930e+05 1.614984e+05 1.615048e+05 1.615208e+05 1.615404e+05 1.615635e+05 1.615896e+05 1.616181e+05 1.616468e+05 1.616720e+05 1.613996e+05 1.586245e+05 1.504199e+05 1.390197e+05 1.306229e+05 1.264501e+05 1.244006e+05 1.253950e+05 1.279440e+05 1.319188e+05 1.373703e+05 1.443638e+05 2.998204e+05 5.302930e+05 7.238431e+05 8.547679e+05
1.623846e+05 1.623846e+05 1.623846e+05 1.623846e+05 1.623846e+05 1.623852e+05 1.623869e+05 1.623934e+05 1.623981e+05 1.624037e+05 1.624175e+05 1.624344e+05 1.624540e+05 1.624759e+05 1.624995e+05 1.625227e+05 1.625418e+05 1.622406e+05 1.594986e+05 1.514866e+05 1.404007e+05 1.322868e+05 1.283261e+05 1.266124e+05 1.279366e+05 1.308771e+05 1.353617e+05 1.414698e+05 1.492576e+05 3.117564e+05 5.423220e+05 7.334829e+05 8.617017e+05
1.637320e+05 1.637320e+05 1.637320e+05 1.637321e+05 1.637321e+05 1.637324e+05 1.637333e+05 1.637367e+05 1.637390e+05 1.637417e+05 1.637481e+05 1.637559e+05 1.637650e+05 1.637753e+05 1.637861e+05 1.637957e+05 1.638005e+05 1.634280e+05 1.606513e+05 1.526898e+05 1.417334e+05 1.337848e+05 1.300112e+05 1.287360e+05 1.305631e+05 1.340670e+05 1.392011e+05 1.460691e+05 1.547272e+05 3.247140e+05 5.548881e+05 7.433614e+05 8.687282e+05
1.650492e+05 1.650492e+05 1.650492e+05 1.650492e+05 1.650492e+05 1.650494e+05 1.650497e+05 1.650510e+05 1.650518e+05 1.650528e+05 1.650553e+05 1.650583e+05 1.650618e+05 1.650655e+05 1.650688e+05 1.650699e+05 1.650651e+05 1.646344e+05 1.618095e+05 1.538517e+05 1.429830e+05 1.352077e+05 1.316714e+05 1.309884e+05 1.334923e+05 1.377236e+05 1.436424e+05 1.513690e+05 1.609647e+05 3.387007e+05 5.680036e+05 7.534705e+05 8.758393e+05
1.661478e+05 1.661478e+05 1.661478e+05 1.661478e+05 1.661478e+05 1.661480e+05 1.661483e+05 1.661487e+05 1.661486e+05 1.661484e+05 1.661471e+05 1.661449e+05 1.661418e+05 1.661376e+05 1.661320e+05 1.661232e+05 1.661078e+05 1.656208e+05 1.627620e+05 1.548512e+05 1.441685e+05 1.366945e+05 1.335161e+05 1.336232e+05 1.369718e+05 1.420791e+05 1.489045e+05 1.575788e+05 1.681685e+05 3.537248e+05 5.816829e+05 7.638016e+05 8.830261e+05
1.667749e+05 1.667749e+05 1.667749e+05 1.667749e+05 1.667749e+05 1.667749e+05 1.667749e+05 1.667749e+05 1.667747e+05 1.667742e+05 1.667723e+05 1.667688e+05 1.667636e+05 1.667566e+05 1.667476e+05 1.667350e+05 1.667156e+05 1.662144e+05 1.633868e+05 1.556564e+05 1.453830e+05 1.384402e+05 1.357965e+05 1.369217e+05 1.412702e+05 1.473808e+05 1.552161e+05 1.649120e+05 1.765389e+05 3.697919e+05 5.959437e+05 7.743457e+05 8.902798e+05
1.668818e+05 1.668818e+05 1.668818e+05 1.668818e+05 1.668818e+05 1.668818e+05 1.668820e+05 1.668821e+05 1.668820e+05 1.668817e+05 1.668808e+05 1.668796e+05 1.668781e+05 1.668764e+05 1.668740e+05 1.668692e+05 1.668587e+05 1.664182e+05 1.637213e+05 1.563639e+05 1.468081e+05 1.406949e+05 1.387987e+05 1.411811e+05 1.466667e+05 1.538834e+05 1.628094e+05 1.735826e+05 1.862737e+05 3.869043e+05 6.108102e+05 7.850939e+05 8.975913e+05
1.667773e+05 1.667773e+05 1.667773e+05 1.667773e+05 1.667773e+05 1.667777e+05 1.667788e+05 1.667828e+05 1.667855e+05 1.667885e+05 1.667954e+05 1.668032e+05 1.668117e+05 1.668206e+05 1.668295e+05 1.668369e+05 1.668394e+05 1.664874e+05 1.639915e+05 1.572039e+05 1.487067e+05 1.437519e+05 1.428291e+05 1.467022e+05 1.534400e+05 1.618408e+05 1.719148e+05 1.838003e+05 1.975648e+05 4.050601e+05 6.263237e+05 7.960370e+05 9.049513e+05
1.668802e+05 1.668802e+05 1.668802e+05 1.668802e+05 1.668802e+05 1.668805e+05 1.668816e+05 1.668856e+05 1.668883e+05 1.668914e+05 1.668992e+05 1.669090e+05 1.669213e+05 1.669362e+05 1.669535e+05 1.669716e+05 1.669874e+05 1.667440e+05 1.645135e+05 1.584898e+05 1.513943e+05 1.479261e+05 1.481971e+05 1.537757e+05 1.618591e+05 1.714988e+05 1.827553e+05 1.957670e+05 2.105945e+05 4.242530e+05 6.425069e+05 8.071664e+05 9.123504e+05
1.673892e+05 1.673892e+05 1.673892e+05 1.673892e+05 1.673892e+05 1.673901e+05 1.673929e+05 1.674037e+05 1.674115e+05 1.674208e+05 1.674433e+05 1.674705e+05 1.675021e+05 1.675378e+05 1.675770e+05 1.676182e+05 1.676584e+05 1.675691e+05 1.656687e+05 1.605890e+05 1.552133e+05 1.535341e+05 1.551994e+05 1.626730e+05 1.721763e+05 1.830901e+05 1.955425e+05 2.096728e+05 2.255326e+05 4.444712e+05 6.592980e+05 8.184738e+05 9.197794e+05
1.690267e+05 1.690267e+05 1.690267e+05 1.690267e+05 1.690267e+05 1.690278e+05 1.690308e+05 1.690417e+05 1.690497e+05 1.690592e+05 1.690833e+05 1.691141e+05 1.691517e+05 1.691964e+05 1.692477e+05 1.693043e+05 1.693633e+05 1.694251e+05 1.678961e+05 1.639059e+05 1.605150e+05 1.608803e+05 1.641111e+05 1.736425e+05 1.846251e+05 1.968317e+05 2.104735e+05 2.256933e+05 2.425331e+05 4.656970e+05 6.766414e+05 8.299521e+05 9.272290e+05
1.720133e+05 1.720133e+05 1.720133e+05 1.720133e+05 1.720134e+05 1.720146e+05 1.720184e+05 1.720336e+05 1.720450e+05 1.720589e+05 1.720942e+05 1.721400e+05 1.721962e+05 1.722627e+05 1.723391e+05 1.724237e+05 1.725134e+05 1.727741e+05 1.716576e+05 1.688568e+05 1.676426e+05 1.702483e+05 1.751830e+05 1.869107e+05 1.994206e+05 2.129237e+05 2.277286e+05 2.439862e+05 2.617312e+05 4.879056e+05 6.944825e+05 8.415954e+05 9.346905e+05
1.770732e+05 1.770732e+05 1.770732e+05 1.770732e+05 1.770732e+05 1.770749e+05 1.770801e+05 1.771008e+05 1.771164e+05 1.771354e+05 1.771836e+05 1.772452e+05 1.773200e+05 1.774075e+05 1.775070e+05 1.776168e+05 1.777336e+05 1.781659e+05 1.774330e+05 1.758415e+05 1.769122e+05 1.818965e+05 1.886450e+05 2.026888e+05 2.167630e+05 2.315496e+05 2.474693e+05 2.646884e+05 2.832391e+05 5.110644e+05 7.127644e+05 8.534005e+05 9.421550e+05
1.847894e+05 1.847894e+05 1.847894e+05 1.847895e+05 1.847895e+05 1.847914e+05 1.847971e+05 1.848197e+05 1.848363e+05 1.848565e+05 1.849072e+05 1.849716e+05 1.850496e+05 1.851412e+05 1.852459e+05 1.853623e+05 1.854874e+05 1.860008e+05 1.855774e+05 1.851702e+05 1.885865e+05 1.960557e+05 2.047123e+05 2.211787e+05 2.368392e+05 2.528748e+05 2.698347e+05 2.879116e+05 3.071426e+05 5.351317e+05 7.314272e+05 8.653680e+05 9.496146e+05
1.950398e+05 1.950398e+05 1.950398e+05 1.950398e+05 1.950399e+05 1.950416e+05 1.950471e+05 1.950691e+05 1.950856e+05 1.951059e+05 1.951574e+05 1.952238e+05 1.953052e+05 1.954016e+05 1.955127e+05 1.956373e+05 1.957724e+05 1.963726e+05 1.962537e+05 1.970414e+05 2.028750e+05 2.129360e+05 2.235928e+05 2.425760e+05 2.598216e+05 2.770421e+05 2.949359e+05 3.137364e+05 3.334951e+05 5.600559e+05 7.504079e+05 8.775077e+05 9.570615e+05
2.077757e+05 2.077757e+05 2.077757e+05 2.077757e+05 2.077758e+05 2.077780e+05 2.077848e+05 2.078119e+05 2.078322e+05 2.078568e+05 2.079193e+05 2.079994e+05 2.080972e+05 2.082126e+05 2.083448e+05 2.084924e+05 2.086523e+05 2.093990e+05 2.096141e+05 2.116299e+05 2.199709e+05 2.327424e+05 2.454929e+05 2.670658e+05 2.858604e+05 3.041632e+05 3.228481e+05 3.422057e+05 3.623124e+05 5.857748e+05 7.696412e+05 8.898342e+05 9.644889e+05
2.235386e+05 2.235386e+05 2.235386e+05 2.235386e+05 2.235387e+05 2.235413e+05 2.235494e+05 2.235816e+05 2.236055e+05 2.236345e+05 2.237075e+05 2.238001e+05 2.239119e+05 2.240422e+05 2.241902e+05 2.243542e+05 2.245308e+05 2.253769e+05 2.258814e+05 2.291279e+05 2.400703e+05 2.556787e+05 2.706111e+05 2.948093e+05 3.150686e+05 3.343058e+05 3.535999e+05 3.733161e+05 3.935659e+05 6.122153e+05 7.890596e+05 9.022980e+05 9.718908e+05
2.426904e+05 2.426904e+05 2.426904e+05 2.426905e+05 2.426905e+05 2.426924e+05 2.426983e+05 2.427218e+05 2.427396e+05 2.427617e+05 2.428192e+05 2.428951e+05 2.429904e+05 2.431057e+05 2.432410e+05 2.433951e+05 2.435650e+05 2.444274e+05 2.451812e+05 2.496859e+05 2.633516e+05 2.819296e+05 2.991167e+05 3.259192e+05 3.475019e+05 3.674782e+05 3.871622e+05 4.070099e+05 4.271775e+05 6.392933e+05 8.085944e+05 9.148488e+05 9.792623e+05
2.643215e+05 2.643215e+05 2.643215e+05 2.643215e+05 2.643216e+05 2.643248e+05 2.643347e+05 2.643742e+05 2.644035e+05 2.644388e+05 2.645268e+05 2.646368e+05 2.647679e+05 2.649192e+05 2.650899e+05 2.652783e+05 2.654813e+05 2.664989e+05 2.675788e+05 2.734370e+05 2.899736e+05 3.116388e+05 3.311185e+05 3.604307e+05 3.831370e+05 4.036137e+05 4.234375e+05 4.431686e+05 4.630151e+05 6.669140e+05 8.281766e+05 9.274422e+05 9.866000e+05
2.896980e+05 2.896980e+05 2.896980e+05 2.896980e+05 2.896981e+05 2.897004e+05 2.897077e+05 2.897371e+05 2.897593e+05 2.897867e+05 2.898576e+05 2.899512e+05 2.900684e+05 2.902100e+05 2.903761e+05 2.905652e+05 2.907743e+05 2.918901e+05 2.933103e+05 3.005849e+05 3.200859e+05 3.448864e+05 3.666345e+05 3.982753e+05 4.218532e+05 4.425594e+05 4.622529e+05 4.816083e+05 5.008905e+05 6.949725e+05 8.477370e+05 9.400358e+05 9.939021e+05
3.181121e+05 3.181121e+05 3.181121e+05 3.181121e+05 3.181122e+05 3.181162e+05 3.181285e+05 3.181775e+05 3.182137e+05 3.182574e+05 3.183662e+05 3.185026e+05 3.186656e+05 3.188544e+05 3.190681e+05 3.193046e+05 3.195605e+05 3.208985e+05 3.226930e+05 3.313767e+05 3.538050e+05 3.816629e+05 4.055676e+05 4.392652e+05 4.634240e+05 4.840712e+05 5.033584e+05 5.220798e+05 5.405603e+05 7.233551e+05 8.672077e+05 9.525879e+05 1.001170e+06
3.512443e+05 3.512443e+05 3.512443e+05 3.512443e+05 3.512444e+05 3.512476e+05 3.512577e+05 3.512982e+05 3.513289e+05 3.513667e+05 3.514640e+05 3.515906e+05 3.517466e+05 3.519320e+05 3.521460e+05 3.523866e+05 3.526499e+05 3.540612e+05 3.561098e+05 3.660427e+05 3.911723e+05 4.218486e+05 4.476971e+05 4.830935e+05 5.075191e+05 5.278175e+05 5.464303e+05 5.642731e+05 5.817307e+05 7.519407e+05 8.865220e+05 9.650577e+05 1.008410e+06
3.886208e+05 3.886208e+05 3.886208e+05 3.886208e+05 3.886209e+05 3.886246e+05 3.886362e+05 3.886821e+05 3.887160e+05 3.887572e+05 3.888615e+05 3.889946e+05 3.891567e+05 3.893479e+05 3.895675e+05 3.898140e+05 3.900835e+05 3.915270e+05 3.937280e+05 4.046706e+05 4.321072e+05 4.652040e+05 4.926845e+05 5.293467e+05 5.537162e+05 5.733890e+05 5.910810e+05 6.078247e+05 6.240639e+05 7.806026e+05 9.056156e+05 9.774051e+05 1.015637e+06
4.301790e+05 4.301790e+05 4.301790e+05 4.301790e+05 4.301791e+05 4.301831e+05 4.301952e+05 4.302435e+05 4.302796e+05 4.303238e+05 4.304361e+05 4.305802e+05 4.307560e+05 4.309631e+05 4.312004e+05 4.314657e+05 4.317541e+05 4.332688e+05 4.355568e+05 4.472091e+05 4.764058e+05 5.113787e+05 5.400903e+05 5.775243e+05 6.015194e+05 6.203151e+05 6.368717e+05 6.523299e+05 6.671887e+05 8.092102e+05 9.244269e+05 9.895911e+05 1.022831e+06
4.763310e+05 4.763310e+05 4.763310e+05 4.763311e+05 4.763312e+05 4.763352e+05 4.763477e+05 4.763970e+05 4.764336e+05 4.764782e+05 4.765910e+05 4.767351e+05 4.769103e+05 4.771165e+05 4.773525e+05 4.776160e+05 4.779021e+05 4.793721e+05 4.815664e+05 4.934998e+05 5.237497e+05 5.599234e+05 5.893908e+05 6.270615e+05 6.503800e+05 6.680817e+05 6.833288e+05 6.973560e+05 7.107119e+05 8.376315e+05 9.428974e+05 1.001578e+06 1.029958e+06
5.267675e+05 5.267675e+05 5.267675e+05 5.267676e+05 5.267677e+05 5.267713e+05 5.267825e+05 5.268273e+05 5.268609e+05 5.269019e+05 5.270062e+05 5.271402e+05 5.273039e+05 5.274971e+05 5.277190e+05 5.279670e+05 5.282359e+05 5.295632e+05 5.314652e+05 5.431860e+05 5.736789e+05 6.102916e+05 6.399929e+05 6.773502e+05 6.997187e+05 7.161520e+05 7.299613e+05 7.424574e+05 7.542308e+05 8.657353e+05 9.609720e+05 1.013330e+06 1.036993e+06
5.807427e+05 5.807427e+05 5.807427e+05 5.807427e+05 5.807428e+05 5.807464e+05 5.807575e+05 5.808020e+05 5.808354e+05 5.808760e+05 5.809788e+05 5.811097e+05 5.812678e+05 5.814521e+05 5.816613e+05 5.818922e+05 5.821392e+05 5.832564e+05 5.846827e+05 5.956935e+05 6.255907e+05 6.618513e+05 6.912526e+05 7.277626e+05 7.489477e+05 7.639862e+05 7.762787e+05 7.871909e+05 7.973462e+05 8.933933e+05 9.785996e+05 1.024811e+06 1.043915e+06
6.377975e+05 6.377975e+05 6.377975e+05 6.377975e+05 6.377976e+05 6.378000e+05 6.378074e+05 6.378368e+05 6.378589e+05 6.378861e+05 6.379560e+05 6.380477e+05 6.381620e+05 6.382995e+05 6.384598e+05 6.386402e+05 6.388352e+05 6.396306e+05 6.404349e+05 6.502892e+05 6.787841e+05 7.139202e+05 7.425048e+05 7.776758e+05 7.974935e+05 8.110615e+05 8.218077e+05 8.311301e+05 8.396751e+05 9.204822e+05 9.957331e+05 1.035991e+06 1.050702e+06
6.959512e+05 6.959512e+05 6.959512e+05 6.959513e+05 6.959514e+05 6.959543e+05 6.959634e+05 6.959992e+05 6.960257e+05 6.960577e+05 6.961382e+05 6.962405e+05 6.963643e+05 6.965091e+05 6.966736e+05 6.968543e+05 6.970447e+05 6.976890e+05 6.978718e+05 7.062012e+05 7.325381e+05 7.658164e+05 7.931009e+05 8.264995e+05 8.448186e+05 8.568906e+05 8.661085e+05 8.738791e+05 8.808618e+05 9.468858e+05 1.012330e+06 1.046837e+06 1.057334e+06
7.555608e+05 7.555608e+05 7.555608e+05 7.555608e+05 7.555609e+05 7.555638e+05 7.555728e+05 7.556073e+05 7.556322e+05 7.556621e+05 7.557365e+05 7.558302e+05 7.559430e+05 7.560742e+05 7.562224e+05 7.563838e+05 7.565507e+05 7.569582e+05 7.563716e+05 7.627445e+05 7.861741e+05 8.169000e+05 8.424416e+05 8.736994e+05 8.904413e+05 9.010382e+05 9.087882e+05 9.150838e+05 9.205876e+05 9.724968e+05 1.028351e+06 1.057323e+06 1.063793e+06
8.160974e+05 8.160974e+05 8.160974e+05 8.160974e+05 8.160975e+05 8.160993e+05 8.161048e+05 8.161269e+05 8.161434e+05 8.161635e+05 8.162141e+05 8.162783e+05 8.163558e+05 8.164464e+05 8.165489e+05 8.166597e+05 8.167712e+05 8.167814e+05 8.152278e+05 8.192158e+05 8.390430e+05 8.665884e+05 8.899974e+05 9.188162e+05 9.339502e+05 9.431331e+05 9.495111e+05 9.544410e+05 9.585784e+05 9.972180e+05 1.043764e+06 1.067424e+06 1.070060e+06
8.759549e+05 8.759549e+05 8.759549e+05 8.759549e+05 8.759550e+05 8.759560e+05 8.759592e+05 8.759719e+05 8.759814e+05 8.759931e+05 8.760230e+05 8.760622e+05 8.761111e+05 8.761699e+05 8.762375e+05 8.763101e+05 8.763795e+05 8.760563e+05 8.735240e+05 8.748578e+05 8.905303e+05 9.143719e+05 9.353248e+05 9.614773e+05 9.750147e+05 9.828768e+05 9.880067e+05 9.917047e+05 9.946102e+05 1.020963e+06 1.058537e+06 1.077116e+06 1.076120e+06
9.340663e+05 9.340663e+05 9.340663e+05 9.340663e+05 9.340663e+05 9.340675e+05 9.340712e+05 9.340859e+05 9.340967e+05 9.341098e+05 9.341428e+05 9.341846e+05 9.342352e+05 9.342941e+05 9.343596e+05 9.344274e+05 9.344881e+05 9.339842e+05 9.305399e+05 9.290446e+05 9.401260e+05 9.598393e+05 9.780769e+05 1.001403e+06 1.013389e+06 1.020047e+06 1.024072e+06 1.026689e+06 1.028512e+06 1.043660e+06 1.072647e+06 1.086381e+06 1.081956e+06
9.906502e+05 9.906502e+05 9.906502e+05 9.906502e+05 9.906503e+05 9.906514e+05 9.906551e+05 9.906696e+05 9.906802e+05 9.906930e+05 9.907246e+05 9.907640e+05 9.908108e+05 9.908642e+05 9.909225e+05 9.909805e+05 9.910280e+05 9.903230e+05 9.859047e+05 9.813558e+05 9.874506e+05 1.002683e+06 1.018003e+06 1.038402e+06 1.048912e+06 1.054501e+06 1.057575e+06 1.059269e+06 1.060165e+06 1.065245e+06 1.086072e+06 1.095200e+06 1.087555e+06
1.045666e+06 1.045666e+06 1.045666e+06 1.045666e+06 1.045666e+06 1.045667e+06 1.045668e+06 1.045676e+06 1.045682e+06 1.045688e+06 1.045705e+06 1.045727e+06 1.045753e+06 1.045782e+06 1.045812e+06 1.045838e+06 1.045849e+06 1.044814e+06 1.039267e+06 1.031417e+06 1.032190e+06 1.042673e+06 1.054935e+06 1.072374e+06 1.081505e+06 1.086166e+06 1.088447e+06 1.089377e+06 1.089503e+06 1.085672e+06 1.098797e+06 1.103561e+06 1.092903e+06
1.098369e+06 1.098369e+06 1.098369e+06 1.098369e+06 1.098369e+06 1.098369e+06 1.098367e+06 1.098361e+06 1.098357e+06 1.098352e+06 1.098341e+06 1.098330e+06 1.098317e+06 1.098304e+06 1.098288e+06 1.098264e+06 1.098220e+06 1.096774e+06 1.090029e+06 1.078763e+06 1.074043e+06 1.079639e+06 1.088785e+06 1.103295e+06 1.111165e+06 1.115044e+06 1.116684e+06 1.117003e+06 1.116507e+06 1.104903e+06 1.110808e+06 1.111451e+06 1.097989e+06
1.147300e+06 1.147300e+06 1.147300e+06 1.147300e+06 1.147300e+06 1.147299e+06 1.147297e+06 1.147290e+06 1.147285e+06 1.147279e+06 1.147263e+06 1.147243e+06 1.147219e+06 1.147190e+06 1.147155e+06 1.147108e+06 1.147037e+06 1.145319e+06 1.137507e+06 1.122928e+06 1.112762e+06 1.113491e+06 1.119548e+06 1.131227e+06 1.137962e+06 1.141195e+06 1.142334e+06 1.142181e+06 1.141199e+06 1.122915e+06 1.122098e+06 1.118861e+06 1.102801e+06
1.192119e+06 1.192119e+06 1.192119e+06 1.192119e+06 1.192119e+06 1.192118e+06 1.192117e+06 1.192112e+06 1.192108e+06 1.192103e+06 1.192090e+06 1.192074e+06 1.192054e+06 1.192029e+06 1.191998e+06 1.191954e+06 1.191884e+06 1.190056e+06 1.181364e+06 1.163677e+06 1.148252e+06 1.144249e+06 1.147311e+06 1.156299e+06 1.162023e+06 1.164733e+06 1.165490e+06 1.164986e+06 1.163637e+06 1.139694e+06 1.132661e+06 1.125787e+06 1.107332e+06
1.233290e+06 1.233290e+06 1.233290e+06 1.233290e+06 1.233289e+06 1.233289e+06 1.233288e+06 1.233285e+06 1.233282e+06 1.233278e+06 1.233268e+06 1.233255e+06 1.233238e+06 1.233218e+06 1.233191e+06 1.233151e+06 1.233085e+06 1.231180e+06 1.221696e+06 1.201064e+06 1.180599e+06 1.172051e+06 1.172247e+06 1.178700e+06 1.183523e+06 1.185806e+06 1.186280e+06 1.185522e+06 1.183905e+06 1.155237e+06 1.142497e+06 1.132224e+06 1.111572e+06
1.271216e+06 1.271216e+06 1.271216e+06 1.271216e+06 1.271216e+06 1.271216e+06 1.271215e+06 1.271211e+06 1.271208e+06 1.271204e+06 1.271194e+06 1.271181e+06 1.271165e+06 1.271146e+06 1.271120e+06 1.271081e+06 1.271013e+06 1.269018e+06 1.258758e+06 1.235294e+06 1.209999e+06 1.197111e+06 1.194581e+06 1.198651e+06 1.202659e+06 1.204588e+06 1.204850e+06 1.203912e+06 1.202106e+06 1.169551e+06 1.151608e+06 1.138171e+06 1.115515e+06
1.306148e+06 1.306148e+06 1.306148e+06 1.306148e+06 1.306148e+06 1.306148e+06 1.306147e+06 1.306142e+06 1.306139e+06 1.306134e+06 1.306123e+06 1.306108e+06 1.306090e+06 1.306068e+06 1.306040e+06 1.305997e+06 1.305925e+06 1.303816e+06 1.292779e+06 1.266581e+06 1.236677e+06 1.219665e+06 1.214555e+06 1.216381e+06 1.219637e+06 1.221259e+06 1.221355e+06 1.220291e+06 1.218354e+06 1.182648e+06 1.159999e+06 1.143630e+06 1.119156e+06
1.338189e+06 1.338189e+06 1.338189e+06 1.338189e+06 1.338189e+06 1.338189e+06 1.338188e+06 1.338183e+06 1.338179e+06 1.338174e+06 1.338161e+06 1.338145e+06 1.338124e+06 1.338099e+06 1.338067e+06 1.338019e+06 1.337941e+06 1.335707e+06 1.323905e+06 1.295097e+06 1.260833e+06 1.239936e+06 1.232396e+06 1.232105e+06 1.234653e+06 1.235992e+06 1.235950e+06 1.234792e+06 1.232766e+06 1.194551e+06 1.167677e+06 1.148602e+06 1.122491e+06
1.367408e+06 1.367408e+06 1.367408e+06 1.367408e+06 1.367408e+06 1.367408e+06 1.367406e+06 1.367400e+06 1.367395e+06 1.367390e+06 1.367375e+06 1.367356e+06 1.367332e+06 1.367303e+06 1.367265e+06 1.367212e+06 1.367125e+06 1.364754e+06 1.352214e+06 1.320956e+06 1.282627e+06 1.258110e+06 1.248299e+06 1.246013e+06 1.247880e+06 1.248947e+06 1.248778e+06 1.247545e+06 1.245457e+06 1.205286e+06 1.174653e+06 1.153094e+06 1.125518e+06
1.393833e+06 1.393833e+06 1.393833e+06 1.393833e+06 1.393833e+06 1.393833e+06 1.393830e+06 1.393821e+06 1.393813e+06 1.393805e+06 1.393783e+06 1.393755e+06 1.393721e+06 1.393681e+06 1.393632e+06 1.393565e+06 1.393464e+06 1.390942e+06 1.377717e+06 1.344224e+06 1.302177e+06 1.274331e+06 1.262417e+06 1.258258e+06 1.259467e+06 1.260264e+06 1.259969e+06 1.258670e+06 1.256537e+06 1.214885e+06 1.180941e+06 1.157111e+06 1.128235e+06
1.417203e+06 1.417203e+06 1.417203e+06 1.417203e+06 1.417203e+06 1.417202e+06 1.417199e+06 1.417189e+06 1.417182e+06 1.417173e+06 1.417149e+06 1.417119e+06 1.417082e+06 1.417039e+06 1.416985e+06 1.416914e+06 1.416807e+06 1.414194e+06 1.400407e+06 1.364953e+06 1.319577e+06 1.288713e+06 1.274871e+06 1.268960e+06 1.269534e+06 1.270060e+06 1.269639e+06 1.268278e+06 1.266110e+06 1.223383e+06 1.186554e+06 1.160662e+06 1.130641e+06
1.437551e+06 1.437551e+06 1.437551e+06 1.437551e+06 1.437551e+06 1.437551e+06 1.437549e+06 1.437542e+06 1.437537e+06 1.437530e+06 1.437513e+06 1.437491e+06 1.437463e+06 1.437429e+06 1.437385e+06 1.437324e+06 1.437226e+06 1.434604e+06 1.420395e+06 1.383265e+06 1.334942e+06 1.301361e+06 1.285759e+06 1.278218e+06 1.278179e+06 1.278435e+06 1.277886e+06 1.276463e+06 1.274268e+06 1.230818e+06 1.191510e+06 1.163757e+06 1.132738e+06
1.455420e+06 1.455420e+06 1.455420e+06 1.455420e+06 1.455420e+06 1.455420e+06 1.455418e+06 1.455411e+06 1.455405e+06 1.455399e+06 1.455382e+06 1.455361e+06 1.455336e+06 1.455305e+06 1.455267e+06 1.455211e+06 1.455120e+06 1.452502e+06 1.437955e+06 1.399370e+06 1.348422e+06 1.312383e+06 1.295168e+06 1.286107e+06 1.285483e+06 1.285474e+06 1.284797e+06 1.283315e+06 1.281098e+06 1.237233e+06 1.195826e+06 1.166406e+06 1.134528e+06
1.471092e+06 1.471092e+06 1.471092e+06 1.471092e+06 1.471092e+06 1.471091e+06 1.471090e+06 1.471086e+06 1.471083e+06 1.471078e+06 1.471068e+06 1.471054e+06 1.471037e+06 1.471015e+06 1.470985e+06 1.470939e+06 1.470857e+06 1.468251e+06 1.453407e+06 1.413515e+06 1.360181e+06 1.321885e+06 1.303177e+06 1.292696e+06 1.291514e+06 1.291250e+06 1.290448e+06 1.288910e+06 1.286677e+06 1.242668e+06 1.199521e+06 1.168620e+06 1.136015e+06
1.485026e+06 1.485026e+06 1.485026e+06 1.485026e+06 1.485026e+06 1.485026e+06 1.485025e+06 1.485020e+06 1.485017e+06 1.485013e+06 1.485002e+06 1.484988e+06 1.484971e+06 1.484949e+06 1.484921e+06 1.484876e+06 1.484795e+06 1.482169e+06 1.467031e+06 1.425922e+06 1.370367e+06 1.329967e+06 1.309862e+06 1.298043e+06 1.296335e+06 1.295827e+06 1.294908e+06 1.293321e+06 1.291080e+06 1.247169e+06 1.202617e+06 1.170414e+06 1.137201e+06
1.497330e+06 1.497330e+06 1.497330e+06 1.497330e+06 1.497330e+06 1.497330e+06 1.497329e+06 1.497324e+06 1.497320e+06 1.497316e+06 1.497305e+06 1.497291e+06 1.497273e+06 1.497251e+06 1.497222e+06 1.497177e+06 1.497095e+06 1.494436e+06 1.479011e+06 1.436749e+06 1.379100e+06 1.336714e+06 1.315289e+06 1.302207e+06 1.300002e+06 1.299267e+06 1.298242e+06 1.296615e+06 1.294375e+06 1.250779e+06 1.205135e+06 1.171799e+06 1.138093e+06
1.508074e+06 1.508074e+06 1.508074e+06 1.508074e+06 1.508074e+06 1.508074e+06 1.508072e+06 1.508068e+06 1.508064e+06 1.508060e+06 1.508049e+06 1.508035e+06 1.508017e+06 1.507996e+06 1.507967e+06 1.507922e+06 1.507841e+06 1.505154e+06 1.489458e+06 1.446107e+06 1.386473e+06 1.342200e+06 1.319523e+06 1.305244e+06 1.302573e+06 1.301630e+06 1.300512e+06 1.298856e+06 1.296626e+06 1.253543e+06 1.207097e+06 1.172789e+06 1.138696e+06
1.517355e+06 1.517355e+06 1.517355e+06 1.517355e+06 1.517355e+06 1.517354e+06 1.517353e+06 1.517349e+06 1.517346e+06 1.517342e+06 1.517331e+06 1.517318e+06 1.517301e+06 1.517281e+06 1.517253e+06 1.517208e+06 1.517127e+06 1.514416e+06 1.498466e+06 1.454082e+06 1.392560e+06 1.346493e+06 1.322624e+06 1.307212e+06 1.304106e+06 1.302976e+06 1.301779e+06 1.300105e+06 1.297898e+06 1.255507e+06 1.208525e+06 1.173401e+06 1.139016e+06
1.525284e+06 1.525284e+06 1.525284e+06 1.525284e+06 1.525284e+06 1.525283e+06 1.525282e+06 1.525278e+06 1.525274e+06 1.525270e+06 1.525259e+06 1.525245e+06 1.525228e+06 1.525207e+06 1.525178e+06 1.525133e+06 1.525051e+06 1.522308e+06 1.506112e+06 1.460745e+06 1.397428e+06 1.349655e+06 1.324653e+06 1.308171e+06 1.304661e+06 1.303362e+06 1.302103e+06 1.300425e+06 1.298251e+06 1.256716e+06 1.209444e+06 1.173647e+06 1.139060e+06
1.531901e+06 1.531901e+06 1.531901e+06 1.531901e+06 1.531901e+06 1.531900e+06 1.531899e+06 1.531895e+06 1.531891e+06 1.531887e+06 1.531875e+06 1.531861e+06 1.531843e+06 1.531821e+06 1.531791e+06 1.531744e+06 1.531660e+06 1.528884e+06 1.512449e+06 1.466148e+06 1.401130e+06 1.351742e+06 1.325670e+06 1.308180e+06 1.304297e+06 1.302851e+06 1.301545e+06 1.299876e+06 1.297748e+06 1.257215e+06 1.209876e+06 1.173543e+06 1.138837e+06
1.537239e+06 1.537239e+06 1.537239e+06 1.537239e+06 1.537239e+06 1.537238e+06 1.537237e+06 1.537232e+06 1.537228e+06 1.537224e+06 1.537212e+06 1.537196e+06 1.537176e+06 1.537152e+06 1.537120e+06 1.537070e+06 1.536983e+06 1.534166e+06 1.517501e+06 1.470323e+06 1.403711e+06 1.352808e+06 1.325732e+06 1.307300e+06 1.303076e+06 1.301503e+06 1.300166e+06 1.298519e+06 1.296449e+06 1.257047e+06 1.209846e+06 1.173105e+06 1.138355e+06
1.541281e+06 1.541281e+06 1.541281e+06 1.541281e+06 1.541281e+06 1.541281e+06 1.541279e+06 1.541273e+06 1.541269e+06 1.541263e+06 1.541249e+06 1.541231e+06 1.541209e+06 1.541182e+06 1.541146e+06 1.541093e+06 1.541002e+06 1.538145e+06 1.521271e+06 1.473287e+06 1.405205e+06 1.352900e+06 1.324895e+06 1.305593e+06 1.301060e+06 1.299379e+06 1.298026e+06 1.296415e+06 1.294413e+06 1.256257e+06 1.209377e+06 1.172348e+06 1.137621e+06
1.543969e+06 1.543969e+06 1.543969e+06 1.543969e+06 1.543969e+06 1.543968e+06 1.543967e+06 1.543961e+06 1.543956e+06 1.543951e+06 1.543937e+06 1.543918e+06 1.543896e+06 1.543869e+06 1.543834e+06 1.543781e+06 1.543689e+06 1.540813e+06 1.523765e+06 1.475066e+06 1.405654e+06 1.352074e+06 1.323218e+06 1.303121e+06 1.298312e+06 1.296543e+06 1.295188e+06 1.293624e+06 1.291700e+06 1.254888e+06 1.208492e+06 1.171287e+06 1.136646e+06
1.545372e+06 1.545372e+06 1.545372e+06 1.545372e+06 1.545372e+06 1.545371e+06 1.545370e+06 1.545364e+06 1.545360e+06 1.545355e+06 1.545342e+06 1.545325e+06 1.545304e+06 1.545278e+06 1.545244e+06 1.545192e+06 1.545102e+06 1.542220e+06 1.525037e+06 1.475719e+06 1.405125e+06 1.350394e+06 1.320767e+06 1.299950e+06 1.294895e+06 1.293056e+06 1.291713e+06 1.290206e+06 1.288370e+06 1.252981e+06 1.207216e+06 1.169936e+06 1.135438e+06
1.545599e+06 1.545599e+06 1.545599e+06 1.545599e+06 1.545599e+06 1.545598e+06 1.545597e+06 1.545591e+06 1.545587e+06 1.545582e+06 1.545568e+06 1.545552e+06 1.545531e+06 1.545507e+06 1.545474e+06 1.545424e+06 1.545336e+06 1.542463e+06 1.525182e+06 1.475337e+06 1.403698e+06 1.347937e+06 1.317615e+06 1.296146e+06 1.290874e+06 1.288981e+06 1.287660e+06 1.286220e+06 1.284479e+06 1.250578e+06 1.205571e+06 1.168313e+06 1.134006e+06
1.544740e+06 1.544740e+06 1.544740e+06 1.544740e+06 1.544740e+06 1.544740e+06 1.544739e+06 1.544735e+06 1.544733e+06 1.544729e+06 1.544720e+06 1.544708e+06 1.544693e+06 1.544674e+06 1.544648e+06 1.544604e+06 1.544523e+06 1.541674e+06 1.524324e+06 1.474028e+06 1.401466e+06 1.344782e+06 1.313832e+06 1.291774e+06 1.286312e+06 1.284380e+06 1.283092e+06 1.281725e+06 1.280085e+06 1.247719e+06 1.203580e+06 1.166430e+06 1.132361e+06
1.543075e+06 1.543075e+06 1.543075e+06 1.543075e+06 1.543075e+06 1.543074e+06 1.543073e+06 1.543070e+06 1.543067e+06 1.543063e+06 1.543054e+06 1.543042e+06 1.543027e+06 1.543008e+06 1.542983e+06 1.542940e+06 1.542859e+06 1.540013e+06 1.522592e+06 1.471895e+06 1.398511e+06 1.341000e+06 1.309485e+06 1.286899e+06 1.281270e+06 1.279313e+06 1.278065e+06 1.276778e+06 1.275244e+06 1.244442e+06 1.201265e+06 1.164304e+06 1.130511e+06
1.540648e+06 1.540648e+06 1.540648e+06 1.540648e+06 1.540648e+06 1.540648e+06 1.540646e+06 1.540642e+06 1.540638e+06 1.540634e+06 1.540623e+06 1.540609e+06 1.540592e+06 1.540572e+06 1.540543e+06 1.540498e+06 1.540415e+06 1.537553e+06 1.520060e+06 1.469009e+06 1.394902e+06 1.336658e+06 1.304640e+06 1.281583e+06 1.275811e+06 1.273838e+06 1.272638e+06 1.271435e+06 1.270008e+06 1.240785e+06 1.198648e+06 1.161948e+06 1.128466e+06
1.537399e+06 1.537399e+06 1.537399e+06 1.537399e+06 1.537399e+06 1.537399e+06 1.537398e+06 1.537393e+06 1.537390e+06 1.537385e+06 1.537374e+06 1.537360e+06 1.537342e+06 1.537321e+06 1.537292e+06 1.537246e+06 1.537162e+06 1.534295e+06 1.516754e+06 1.465417e+06 1.390695e+06 1.331817e+06 1.299358e+06 1.275886e+06 1.269992e+06 1.268014e+06 1.266866e+06 1.265748e+06 1.264430e+06 1.236783e+06 1.195751e+06 1.159376e+06 1.126237e+06
1.533329e+06 1.533329e+06 1.533329e+06 1.533329e+06 1.533329e+06 1.533328e+06 1.533327e+06 1.533324e+06 1.533321e+06 1.533317e+06 1.533307e+06 1.533295e+06 1.533280e+06 1.533261e+06 1.533235e+06 1.533192e+06 1.533111e+06 1.530264e+06 1.512711e+06 1.461168e+06 1.385949e+06 1.326536e+06 1.293699e+06 1.269868e+06 1.263871e+06 1.261894e+06 1.260801e+06 1.259769e+06 1.258558e+06 1.232471e+06 1.192594e+06 1.156601e+06 1.123832e+06
1.528578e+06 1.528578e+06 1.528578e+06 1.528578e+06 1.528578e+06 1.528577e+06 1.528576e+06 1.528573e+06 1.528570e+06 1.528567e+06 1.528559e+06 1.528548e+06 1.528535e+06 1.528518e+06 1.528495e+06 1.528455e+06 1.528378e+06 1.525557e+06 1.508021e+06 1.456341e+06 1.380734e+06 1.320881e+06 1.287724e+06 1.263584e+06 1.257501e+06 1.255532e+06 1.254493e+06 1.253545e+06 1.252439e+06 1.227881e+06 1.189197e+06 1.153638e+06 1.121262e+06
1.523265e+06 1.523265e+06 1.523265e+06 1.523265e+06 1.523265e+06 1.523264e+06 1.523264e+06 1.523260e+06 1.523257e+06 1.523254e+06 1.523246e+06 1.523237e+06 1.523225e+06 1.523211e+06 1.523190e+06 1.523154e+06 1.523082e+06 1.520296e+06 1.502798e+06 1.451038e+06 1.375132e+06 1.314919e+06 1.281492e+06 1.257089e+06 1.250933e+06 1.248974e+06 1.247988e+06 1.247121e+06 1.246114e+06 1.223044e+06 1.185579e+06 1.150499e+06 1.118534e+06
