2.316555e+05 1.211202e+05 9.698936e+04 5.436199e+04 4.196961e+04 2.313051e+04 1.766921e+04 1.346075e+04 1.236752e+04 1.156820e+04 1.047795e+04 9.778693e+03 9.306992e+03 8.982341e+03 8.758606e+03 8.606094e+03 8.503859e+03 8.292518e+03 7.946935e+03 7.250828e+03 6.414155e+03 5.654495e+03 5.055263e+03 4.302921e+03 3.958118e+03 3.864521e+03 3.947219e+03 4.174866e+03 4.537498e+03 1.648381e+04 4.060965e+04 6.571928e+04 8.549076e+04
1.581433e+04 1.581433e+04 1.581430e+04 1.581222e+04 1.580134e+04 1.528492e+04 1.421520e+04 1.214928e+04 1.145112e+04 1.088947e+04 1.006101e+04 9.497838e+03 9.107687e+03 8.836798e+03 8.650933e+03 8.526357e+03 8.445393e+03 8.288302e+03 7.957290e+03 7.261665e+03 6.421957e+03 5.659552e+03 5.058595e+03 4.305039e+03 3.960500e+03 3.867804e+03 3.951759e+03 4.180927e+03 4.545312e+03 1.651925e+04 4.067072e+04 6.578693e+04 8.555150e+04
1.195054e+04 1.195054e+04 1.195054e+04 1.195043e+04 1.194964e+04 1.185290e+04 1.160062e+04 1.089972e+04 1.046704e+04 1.011649e+04 9.577899e+03 9.176351e+03 8.883503e+03 8.676056e+03 8.534187e+03 8.441528e+03 8.384461e+03 8.285930e+03 7.969281e+03 7.273406e+03 6.430166e+03 5.664772e+03 5.061990e+03 4.307183e+03 3.962930e+03 3.871167e+03 3.956409e+03 4.187125e+03 4.553289e+03 1.655507e+04 4.073221e+04 6.585491e+04 8.561244e+04
1.027947e+04 1.027947e+04 1.027947e+04 1.027947e+04 1.027930e+04 1.025690e+04 1.013702e+04 9.927914e+03 9.750014e+03 9.525484e+03 9.122786e+03 8.847962e+03 8.649914e+03 8.508459e+03 8.413407e+03 8.354900e+03 8.323341e+03 8.285935e+03 7.983041e+03 7.286065e+03 6.438771e+03 5.670140e+03 5.065436e+03 4.309349e+03 3.965409e+03 3.874610e+03 3.961170e+03 4.193462e+03 4.561433e+03 1.659128e+04 4.079412e+04 6.592320e+04 8.567358e+04
9.349731e+03 9.349732e+03 9.349735e+03 9.349807e+03 9.349954e+03 9.344604e+03 9.294220e+03 9.153961e+03 9.111333e+03 9.034589e+03 8.796487e+03 8.576286e+03 8.432835e+03 8.346655e+03 8.295585e+03 8.270707e+03 8.264775e+03 8.288833e+03 7.998673e+03 7.299643e+03 6.447752e+03 5.675640e+03 5.068921e+03 4.311533e+03 3.967937e+03 3.878135e+03 3.966045e+03 4.199942e+03 4.569744e+03 1.662787e+04 4.085646e+04 6.599182e+04 8.573492e+04
8.755154e+03 8.755154e+03 8.755156e+03 8.755201e+03 8.755295e+03 8.753790e+03 8.733250e+03 8.631538e+03 8.608124e+03 8.595294e+03 8.518217e+03 8.386990e+03 8.275005e+03 8.211345e+03 8.191325e+03 8.194969e+03 8.212425e+03 8.295152e+03 8.016255e+03 7.314123e+03 6.457081e+03 5.681250e+03 5.072432e+03 4.313731e+03 3.970511e+03 3.881743e+03 3.971034e+03 4.206565e+03 4.578227e+03 1.666486e+04 4.091921e+04 6.606076e+04 8.579647e+04
8.346819e+03 8.346820e+03 8.346823e+03 8.346897e+03 8.347092e+03 8.348838e+03 8.342826e+03 8.281170e+03 8.256985e+03 8.254284e+03 8.263097e+03 8.229085e+03 8.171465e+03 8.129356e+03 8.117960e+03 8.136679e+03 8.171522e+03 8.305499e+03 8.035851e+03 7.329476e+03 6.466725e+03 5.686946e+03 5.075954e+03 4.315937e+03 3.973132e+03 3.885435e+03 3.976140e+03 4.213335e+03 4.586884e+03 1.670223e+04 4.098239e+04 6.613001e+04 8.585822e+04
8.069809e+03 8.069809e+03 8.069810e+03 8.069847e+03 8.069944e+03 8.071448e+03 8.070588e+03 8.039823e+03 8.020633e+03 8.016794e+03 8.052536e+03 8.087635e+03 8.092088e+03 8.085160e+03 8.088536e+03 8.110325e+03 8.149817e+03 8.320643e+03 8.057520e+03 7.345662e+03 6.476643e+03 5.692701e+03 5.079470e+03 4.318147e+03 3.975798e+03 3.889212e+03 3.981364e+03 4.220254e+03 4.595718e+03 1.674000e+04 4.104600e+04 6.619960e+04 8.592018e+04
7.874975e+03 7.874975e+03 7.874976e+03 7.875012e+03 7.875111e+03 7.877299e+03 7.881264e+03 7.875512e+03 7.866080e+03 7.863879e+03 7.902346e+03 7.971352e+03 8.026802e+03 8.060798e+03 8.087327e+03 8.118614e+03 8.158705e+03 8.341631e+03 8.081344e+03 7.362636e+03 6.486790e+03 5.698485e+03 5.082963e+03 4.320354e+03 3.978509e+03 3.893074e+03 3.986710e+03 4.227324e+03 4.604731e+03 1.677817e+04 4.111004e+04 6.626950e+04 8.598233e+04
7.752880e+03 7.752880e+03 7.752882e+03 7.752922e+03 7.753038e+03 7.756207e+03 7.763716e+03 7.774658e+03 7.774761e+03 7.777021e+03 7.813082e+03 7.891713e+03 7.978363e+03 8.048818e+03 8.102681e+03 8.149010e+03 8.194511e+03 8.369904e+03 8.107449e+03 7.380355e+03 6.497119e+03 5.704268e+03 5.086413e+03 4.322554e+03 3.981264e+03 3.897024e+03 3.992178e+03 4.234548e+03 4.613926e+03 1.681674e+04 4.117451e+04 6.633973e+04 8.604469e+04
7.697723e+03 7.697724e+03 7.697725e+03 7.697777e+03 7.697931e+03 7.701571e+03 7.709685e+03 7.728412e+03 7.735445e+03 7.742724e+03 7.777468e+03 7.853678e+03 7.953342e+03 8.049187e+03 8.128734e+03 8.193231e+03 8.248018e+03 8.407490e+03 8.136036e+03 7.398786e+03 6.507585e+03 5.710017e+03 5.089804e+03 4.324740e+03 3.984062e+03 3.901061e+03 3.997770e+03 4.241927e+03 4.623305e+03 1.685572e+04 4.123942e+04 6.641028e+04 8.610726e+04
8.720946e+03 8.720946e+03 8.720947e+03 8.720980e+03 8.721082e+03 8.724155e+03 8.732940e+03 8.762868e+03 8.782272e+03 8.803633e+03 8.849612e+03 8.896914e+03 8.945373e+03 8.997816e+03 9.056271e+03 9.119198e+03 9.181363e+03 9.240012e+03 8.643372e+03 7.643649e+03 6.617058e+03 5.761217e+03 5.117213e+03 4.344832e+03 4.014280e+03 3.946542e+03 4.061003e+03 4.324866e+03 4.727867e+03 1.726840e+04 4.191271e+04 6.713384e+04 8.674410e+04
1.052318e+04 1.052318e+04 1.052318e+04 1.052317e+04 1.052314e+04 1.052232e+04 1.052032e+04 1.051326e+04 1.050854e+04 1.050341e+04 1.049248e+04 1.048033e+04 1.046530e+04 1.044518e+04 1.041815e+04 1.038316e+04 1.033958e+04 9.950180e+03 9.128151e+03 7.950683e+03 6.773389e+03 5.825595e+03 5.141376e+03 4.362869e+03 4.049662e+03 4.002770e+03 4.139269e+03 4.426358e+03 4.854060e+03 1.772497e+04 4.263139e+04 6.789060e+04 8.740135e+04
1.097855e+04 1.097855e+04 1.097855e+04 1.097855e+04 1.097855e+04 1.097868e+04 1.097924e+04 1.098105e+04 1.098184e+04 1.098225e+04 1.098145e+04 1.097758e+04 1.096889e+04 1.095271e+04 1.092597e+04 1.088564e+04 1.082921e+04 1.026580e+04 9.264440e+03 8.027311e+03 6.841825e+03 5.887268e+03 5.192675e+03 4.399757e+03 4.098130e+03 4.074454e+03 4.236322e+03 4.549849e+03 5.005230e+03 1.822858e+04 4.339729e+04 6.868116e+04 8.807898e+04
1.099880e+04 1.099880e+04 1.099880e+04 1.099881e+04 1.099882e+04 1.099910e+04 1.099980e+04 1.100098e+04 1.100095e+04 1.100036e+04 1.099735e+04 1.099147e+04 1.098134e+04 1.096455e+04 1.093805e+04 1.089865e+04 1.084334e+04 1.026346e+04 9.205268e+03 7.945336e+03 6.790336e+03 5.882651e+03 5.225410e+03 4.469382e+03 4.180931e+03 4.172497e+03 4.358907e+03 4.700423e+03 5.185690e+03 1.878246e+04 4.421217e+04 6.950602e+04 8.877693e+04
1.073898e+04 1.073898e+04 1.073898e+04 1.073897e+04 1.073897e+04 1.073875e+04 1.073815e+04 1.073662e+04 1.073586e+04 1.073515e+04 1.073377e+04 1.073175e+04 1.072724e+04 1.071741e+04 1.069894e+04 1.066845e+04 1.062281e+04 1.009498e+04 9.072105e+03 7.835229e+03 6.714010e+03 5.851925e+03 5.240946e+03 4.552879e+03 4.301069e+03 4.314432e+03 4.519303e+03 4.885993e+03 5.401449e+03 1.938987e+04 4.507772e+04 7.036560e+04 8.949506e+04
1.049712e+04 1.049712e+04 1.049712e+04 1.049712e+04 1.049713e+04 1.049712e+04 1.049714e+04 1.049748e+04 1.049791e+04 1.049853e+04 1.050032e+04 1.050220e+04 1.050236e+04 1.049797e+04 1.048569e+04 1.046213e+04 1.042412e+04 9.944211e+03 8.973361e+03 7.776362e+03 6.685901e+03 5.854190e+03 5.275963e+03 4.652185e+03 4.450187e+03 4.498630e+03 4.730166e+03 5.119583e+03 5.661289e+03 2.005422e+04 4.599554e+04 7.126022e+04 9.023318e+04
1.043763e+04 1.043763e+04 1.043763e+04 1.043763e+04 1.043764e+04 1.043784e+04 1.043845e+04 1.044073e+04 1.044228e+04 1.044400e+04 1.044781e+04 1.045144e+04 1.045325e+04 1.045054e+04 1.044011e+04 1.041866e+04 1.038313e+04 9.923239e+03 8.982545e+03 7.812879e+03 6.741165e+03 5.924391e+03 5.362816e+03 4.783086e+03 4.630312e+03 4.722151e+03 4.989296e+03 5.409108e+03 5.978278e+03 2.077910e+04 4.696716e+04 7.219009e+04 9.099102e+04
1.055334e+04 1.055334e+04 1.055334e+04 1.055334e+04 1.055335e+04 1.055350e+04 1.055400e+04 1.055602e+04 1.055754e+04 1.055942e+04 1.056414e+04 1.056947e+04 1.057355e+04 1.057344e+04 1.056569e+04 1.054685e+04 1.051375e+04 1.006328e+04 9.129906e+03 7.964860e+03 6.894121e+03 6.077755e+03 5.519852e+03 4.963549e+03 4.850952e+03 4.987571e+03 5.296332e+03 5.753194e+03 6.356362e+03 2.156840e+04 4.799405e+04 7.315535e+04 9.176824e+04
1.090592e+04 1.090592e+04 1.090592e+04 1.090592e+04 1.090593e+04 1.090595e+04 1.090604e+04 1.090649e+04 1.090691e+04 1.090752e+04 1.090933e+04 1.091155e+04 1.091260e+04 1.090971e+04 1.089949e+04 1.087843e+04 1.084329e+04 1.038129e+04 9.429635e+03 8.242518e+03 7.151996e+03 6.321841e+03 5.757364e+03 5.208608e+03 5.124983e+03 5.302017e+03 5.653976e+03 6.152494e+03 6.795135e+03 2.242640e+04 4.907758e+04 7.415599e+04 9.256444e+04
1.133962e+04 1.133962e+04 1.133962e+04 1.133963e+04 1.133965e+04 1.134022e+04 1.134200e+04 1.134879e+04 1.135355e+04 1.135904e+04 1.137168e+04 1.138527e+04 1.139733e+04 1.140438e+04 1.140251e+04 1.138788e+04 1.135707e+04 1.088669e+04 9.892584e+03 8.654645e+03 7.522217e+03 6.664175e+03 6.084265e+03 5.530883e+03 5.465587e+03 5.675303e+03 6.067666e+03 6.609408e+03 7.295613e+03 2.335799e+04 5.021909e+04 7.519192e+04 9.337914e+04
1.222669e+04 1.222669e+04 1.222669e+04 1.222669e+04 1.222670e+04 1.222674e+04 1.222687e+04 1.222730e+04 1.222757e+04 1.222789e+04 1.222869e+04 1.222928e+04 1.222796e+04 1.222169e+04 1.220671e+04 1.217919e+04 1.213561e+04 1.159820e+04 1.052641e+04 9.210556e+03 8.015851e+03 7.116292e+03 6.512138e+03 5.942444e+03 5.884983e+03 6.117884e+03 6.544603e+03 7.128008e+03 7.859891e+03 2.436881e+04 5.141986e+04 7.626294e+04 9.421181e+04
1.301129e+04 1.301129e+04 1.301129e+04 1.301130e+04 1.301132e+04 1.301194e+04 1.301374e+04 1.301991e+04 1.302413e+04 1.302906e+04 1.304096e+04 1.305455e+04 1.306712e+04 1.307454e+04 1.307207e+04 1.305507e+04 1.301946e+04 1.247705e+04 1.133723e+04 9.929194e+03 8.653383e+03 7.696780e+03 7.057050e+03 6.455657e+03 6.393919e+03 6.639322e+03 7.092443e+03 7.713588e+03 8.491254e+03 2.546559e+04 5.268117e+04 7.736875e+04 9.506181e+04
1.431958e+04 1.431958e+04 1.431958e+04 1.431958e+04 1.431958e+04 1.431968e+04 1.431998e+04 1.432112e+04 1.432205e+04 1.432333e+04 1.432714e+04 1.433210e+04 1.433594e+04 1.433470e+04 1.432358e+04 1.429774e+04 1.425277e+04 1.364424e+04 1.239472e+04 1.085718e+04 9.468713e+03 8.431107e+03 7.738344e+03 7.082298e+03 7.001039e+03 7.247320e+03 7.718226e+03 8.372011e+03 9.194093e+03 2.665674e+04 5.400429e+04 7.850894e+04 9.592849e+04
1.574282e+04 1.574282e+04 1.574282e+04 1.574282e+04 1.574283e+04 1.574342e+04 1.574570e+04 1.575544e+04 1.576283e+04 1.577177e+04 1.579349e+04 1.581819e+04 1.584177e+04 1.585865e+04 1.586269e+04 1.584806e+04 1.580969e+04 1.515818e+04 1.376304e+04 1.204439e+04 1.049768e+04 9.344611e+03 8.573816e+03 7.831327e+03 7.712043e+03 7.947239e+03 8.427796e+03 9.109188e+03 9.973710e+03 2.795393e+04 5.539054e+04 7.968300e+04 9.681108e+04
1.802753e+04 1.802753e+04 1.802753e+04 1.802753e+04 1.802754e+04 1.802771e+04 1.802822e+04 1.803002e+04 1.803132e+04 1.803295e+04 1.803743e+04 1.804308e+04 1.804716e+04 1.804450e+04 1.802874e+04 1.799340e+04 1.793271e+04 1.712628e+04 1.549959e+04 1.352736e+04 1.176501e+04 1.045373e+04 9.573919e+03 8.706598e+03 8.529130e+03 8.742150e+03 9.225798e+03 9.930905e+03 1.083615e+04 2.936396e+04 5.684131e+04 8.089034e+04 9.770878e+04
2.042741e+04 2.042741e+04 2.042741e+04 2.042743e+04 2.042746e+04 2.042867e+04 2.043224e+04 2.044464e+04 2.045306e+04 2.046277e+04 2.048531e+04 2.050974e+04 2.053112e+04 2.054229e+04 2.053525e+04 2.050235e+04 2.043703e+04 1.949694e+04 1.759557e+04 1.530890e+04 1.327452e+04 1.176027e+04 1.073834e+04 9.706057e+03 9.451377e+03 9.633540e+03 1.011622e+04 1.084303e+04 1.178819e+04 3.088668e+04 5.835813e+04 8.213030e+04 9.862073e+04
2.357038e+04 2.357038e+04 2.357038e+04 2.357038e+04 2.357039e+04 2.357070e+04 2.357154e+04 2.357463e+04 2.357686e+04 2.357959e+04 2.358655e+04 2.359424e+04 2.359821e+04 2.359098e+04 2.356367e+04 2.350761e+04 2.341526e+04 2.226246e+04 2.002845e+04 1.737108e+04 1.501254e+04 1.325276e+04 1.205717e+04 1.082332e+04 1.047636e+04 1.062266e+04 1.110334e+04 1.185200e+04 1.283747e+04 3.252296e+04 5.994270e+04 8.340214e+04 9.954600e+04
2.682226e+04 2.682226e+04 2.682226e+04 2.682226e+04 2.682227e+04 2.682255e+04 2.682351e+04 2.682807e+04 2.683176e+04 2.683639e+04 2.684820e+04 2.686133e+04 2.686990e+04 2.686474e+04 2.683538e+04 2.677176e+04 2.666533e+04 2.532942e+04 2.274915e+04 1.968275e+04 1.695576e+04 1.491272e+04 1.351601e+04 1.205126e+04 1.160266e+04 1.171221e+04 1.219278e+04 1.296542e+04 1.399271e+04 3.427376e+04 6.159702e+04 8.470507e+04 1.004836e+05
3.041511e+04 3.041511e+04 3.041511e+04 3.041511e+04 3.041512e+04 3.041553e+04 3.041679e+04 3.042183e+04 3.042563e+04 3.043030e+04 3.044206e+04 3.045492e+04 3.046244e+04 3.045438e+04 3.041890e+04 3.034460e+04 3.022170e+04 2.869244e+04 2.573980e+04 2.222183e+04 1.908290e+04 1.672270e+04 1.510236e+04 1.338629e+04 1.283256e+04 1.290799e+04 1.339244e+04 1.419250e+04 1.526385e+04 3.613989e+04 6.332350e+04 8.603827e+04 1.014326e+05
3.435535e+04 3.435535e+04 3.435535e+04 3.435536e+04 3.435538e+04 3.435602e+04 3.435799e+04 3.436557e+04 3.437103e+04 3.437752e+04 3.439309e+04 3.440922e+04 3.441828e+04 3.440850e+04 3.436645e+04 3.427933e+04 3.413623e+04 3.237620e+04 2.899668e+04 2.497202e+04 2.137744e+04 1.867123e+04 1.681068e+04 1.483180e+04 1.417393e+04 1.421981e+04 1.471299e+04 1.554432e+04 1.666208e+04 3.812200e+04 6.512534e+04 8.740087e+04 1.023919e+05
3.870546e+04 3.870546e+04 3.870546e+04 3.870546e+04 3.870547e+04 3.870573e+04 3.870651e+04 3.870956e+04 3.871180e+04 3.871450e+04 3.872110e+04 3.872677e+04 3.872378e+04 3.869955e+04 3.863946e+04 3.852936e+04 3.835705e+04 3.632885e+04 3.248182e+04 2.790908e+04 2.382732e+04 2.075613e+04 1.864593e+04 1.640000e+04 1.564087e+04 1.566161e+04 1.616776e+04 1.703363e+04 1.819971e+04 4.022057e+04 6.700768e+04 8.879202e+04 1.033605e+05
4.302044e+04 4.302044e+04 4.302044e+04 4.302046e+04 4.302049e+04 4.302157e+04 4.302493e+04 4.303766e+04 4.304659e+04 4.305694e+04 4.308089e+04 4.310499e+04 4.311914e+04 4.310814e+04 4.305490e+04 4.294316e+04 4.275915e+04 4.049889e+04 3.617007e+04 3.102422e+04 2.643674e+04 2.299058e+04 2.062640e+04 1.811190e+04 1.725285e+04 1.725061e+04 1.777209e+04 1.867445e+04 1.988978e+04 4.243596e+04 6.897372e+04 9.021090e+04 1.043372e+05
4.805153e+04 4.805153e+04 4.805153e+04 4.805153e+04 4.805153e+04 4.805149e+04 4.805138e+04 4.805096e+04 4.805076e+04 4.805068e+04 4.805091e+04 4.804890e+04 4.803524e+04 4.799437e+04 4.790811e+04 4.775890e+04 4.753161e+04 4.493720e+04 4.008072e+04 3.433893e+04 2.923366e+04 2.540595e+04 2.278368e+04 1.999509e+04 1.903258e+04 1.900573e+04 1.954232e+04 2.048141e+04 2.174574e+04 4.476836e+04 7.101774e+04 9.165673e+04 1.053211e+05
5.276888e+04 5.276888e+04 5.276888e+04 5.276890e+04 5.276894e+04 5.277009e+04 5.277309e+04 5.278364e+04 5.279115e+04 5.280014e+04 5.282184e+04 5.284412e+04 5.285488e+04 5.283547e+04 5.276469e+04 5.262237e+04 5.239137e+04 4.958773e+04 4.424127e+04 3.790355e+04 3.227014e+04 2.804946e+04 2.515878e+04 2.207977e+04 2.100319e+04 2.094590e+04 2.149485e+04 2.246923e+04 2.378105e+04 4.721777e+04 7.313458e+04 9.312881e+04 1.063109e+05
5.833819e+04 5.833819e+04 5.833819e+04 5.833820e+04 5.833820e+04 5.833838e+04 5.833895e+04 5.834140e+04 5.834362e+04 5.834676e+04 5.835592e+04 5.836536e+04 5.836288e+04 5.832861e+04 5.823949e+04 5.807331e+04 5.781105e+04 5.469960e+04 4.880076e+04 4.181977e+04 3.562058e+04 3.097725e+04 2.779500e+04 2.439412e+04 2.318582e+04 2.308884e+04 2.364547e+04 2.465235e+04 2.600900e+04 4.978391e+04 7.531922e+04 9.462663e+04 1.073056e+05
6.434222e+04 6.434222e+04 6.434222e+04 6.434222e+04 6.434225e+04 6.434302e+04 6.434542e+04 6.435501e+04 6.436222e+04 6.437100e+04 6.439254e+04 6.441419e+04 6.442148e+04 6.439192e+04 6.429980e+04 6.412064e+04 6.383361e+04 6.039516e+04 5.387957e+04 4.618323e+04 3.935513e+04 3.423969e+04 3.072920e+04 2.696114e+04 2.559849e+04 2.545073e+04 2.600932e+04 2.704490e+04 2.844257e+04 5.246612e+04 7.756630e+04 9.614991e+04 1.083042e+05
7.116131e+04 7.116131e+04 7.116131e+04 7.116132e+04 7.116135e+04 7.116233e+04 7.116536e+04 7.117690e+04 7.118509e+04 7.119476e+04 7.121757e+04 7.123943e+04 7.124456e+04 7.120836e+04 7.110263e+04 7.090048e+04 7.057906e+04 6.676189e+04 5.955834e+04 5.106169e+04 4.352446e+04 3.787288e+04 3.398772e+04 2.979859e+04 2.825711e+04 2.804711e+04 2.860141e+04 2.966094e+04 3.109453e+04 5.526318e+04 7.987011e+04 9.769882e+04 1.093056e+05
7.873496e+04 7.873496e+04 7.873496e+04 7.873496e+04 7.873498e+04 7.873566e+04 7.873803e+04 7.874789e+04 7.875537e+04 7.876454e+04 7.878712e+04 7.880929e+04 7.881362e+04 7.877275e+04 7.865534e+04 7.843152e+04 7.807594e+04 7.385631e+04 6.589582e+04 5.650289e+04 4.816302e+04 4.190153e+04 3.758977e+04 3.292255e+04 3.117798e+04 3.089441e+04 3.143744e+04 3.251474e+04 3.397740e+04 5.817322e+04 8.222452e+04 9.927454e+04 1.103089e+05
8.717822e+04 8.717822e+04 8.717822e+04 8.717822e+04 8.717824e+04 8.717879e+04 8.718057e+04 8.718874e+04 8.719542e+04 8.720390e+04 8.722544e+04 8.724658e+04 8.724824e+04 8.720035e+04 8.706840e+04 8.681938e+04 8.642526e+04 8.175969e+04 7.295324e+04 6.254894e+04 5.329980e+04 4.634792e+04 4.155514e+04 3.635247e+04 3.438079e+04 3.401136e+04 3.453428e+04 3.562086e+04 3.710330e+04 6.119350e+04 8.462303e+04 1.008788e+05 1.113132e+05
9.648602e+04 9.648602e+04 9.648602e+04 9.648604e+04 9.648609e+04 9.648755e+04 9.649211e+04 9.650987e+04 9.652266e+04 9.653782e+04 9.657376e+04 9.660918e+04 9.662216e+04 9.657885e+04 9.644070e+04 9.617109e+04 9.573902e+04 9.057357e+04 8.079994e+04 6.924481e+04 5.896781e+04 5.124079e+04 4.591144e+04 4.011522e+04 3.789031e+04 3.741956e+04 3.790995e+04 3.899380e+04 4.048350e+04 6.432032e+04 8.705882e+04 1.025060e+05 1.123177e+05
1.071926e+05 1.071926e+05 1.071926e+05 1.071926e+05 1.071926e+05 1.071930e+05 1.071944e+05 1.072001e+05 1.072047e+05 1.072107e+05 1.072265e+05 1.072400e+05 1.072288e+05 1.071562e+05 1.069805e+05 1.066612e+05 1.061641e+05 1.003715e+05 8.948751e+04 7.663440e+04 6.520831e+04 5.662047e+04 5.069802e+04 4.424605e+04 4.173599e+04 4.114250e+04 4.158257e+04 4.264707e+04 4.412765e+04 6.754881e+04 8.952477e+04 1.041504e+05 1.133217e+05
1.184596e+05 1.184596e+05 1.184596e+05 1.184596e+05 1.184597e+05 1.184615e+05 1.184673e+05 1.184901e+05 1.185069e+05 1.185268e+05 1.185743e+05 1.186212e+05 1.186400e+05 1.185887e+05 1.184194e+05 1.180868e+05 1.175527e+05 1.111586e+05 9.906271e+04 8.477320e+04 7.207753e+04 6.254120e+04 5.596547e+04 4.878593e+04 4.594909e+04 4.520318e+04 4.556852e+04 4.659183e+04 4.804278e+04 7.087288e+04 9.201354e+04 1.058070e+05 1.143247e+05
1.316243e+05 1.316243e+05 1.316243e+05 1.316243e+05 1.316243e+05 1.316247e+05 1.316261e+05 1.316319e+05 1.316366e+05 1.316427e+05 1.316587e+05 1.316712e+05 1.316521e+05 1.315566e+05 1.313329e+05 1.309313e+05 1.303094e+05 1.231100e+05 1.096284e+05 9.374280e+04 7.964771e+04 6.906730e+04 6.177004e+04 5.377580e+04 5.055819e+04 4.962093e+04 4.988027e+04 5.083535e+04 5.223221e+04 7.428508e+04 9.451763e+04 1.074706e+05 1.153262e+05
1.453404e+05 1.453404e+05 1.453404e+05 1.453404e+05 1.453405e+05 1.453426e+05 1.453492e+05 1.453753e+05 1.453943e+05 1.454170e+05 1.454705e+05 1.455224e+05 1.455390e+05 1.454685e+05 1.452519e+05 1.448332e+05 1.441651e+05 1.362227e+05 1.212566e+05 1.036255e+05 8.799364e+04 7.626220e+04 6.816382e+04 5.924927e+04 5.558421e+04 5.440813e+04 5.452420e+04 5.537965e+04 5.669459e+04 7.777660e+04 9.702945e+04 1.091364e+05 1.163264e+05
1.612430e+05 1.612430e+05 1.612430e+05 1.612430e+05 1.612430e+05 1.612437e+05 1.612459e+05 1.612552e+05 1.612628e+05 1.612727e+05 1.612983e+05 1.613197e+05 1.613014e+05 1.611873e+05 1.609127e+05 1.604161e+05 1.596452e+05 1.507223e+05 1.340681e+05 1.145058e+05 9.718071e+04 8.417615e+04 7.518449e+04 6.522621e+04 6.103661e+04 5.956791e+04 5.949920e+04 6.022046e+04 6.142323e+04 8.133720e+04 9.954134e+04 1.107995e+05 1.173258e+05
1.781153e+05 1.781153e+05 1.781153e+05 1.781153e+05 1.781154e+05 1.781173e+05 1.781231e+05 1.781451e+05 1.781606e+05 1.781790e+05 1.782221e+05 1.782595e+05 1.782510e+05 1.781337e+05 1.778360e+05 1.772896e+05 1.764369e+05 1.665390e+05 1.480824e+05 1.264250e+05 1.072460e+05 9.283537e+04 8.284794e+04 7.170913e+04 6.691158e+04 6.509321e+04 6.479608e+04 6.534686e+04 6.640579e+04 8.495528e+04 1.020457e+05 1.124548e+05 1.183259e+05
1.965696e+05 1.965696e+05 1.965696e+05 1.965696e+05 1.965696e+05 1.965709e+05 1.965754e+05 1.965937e+05 1.966075e+05 1.966244e+05 1.966652e+05 1.967000e+05 1.966845e+05 1.965495e+05 1.962157e+05 1.956077e+05 1.946619e+05 1.837165e+05 1.633289e+05 1.394046e+05 1.182001e+05 1.022396e+05 9.114616e+04 7.868306e+04 7.319270e+04 7.096739e+04 7.039788e+04 7.074141e+04 7.162426e+04 8.861793e+04 1.045349e+05 1.140976e+05 1.193241e+05
2.165995e+05 2.165995e+05 2.165995e+05 2.165995e+05 2.165995e+05 2.166006e+05 2.166042e+05 2.166188e+05 2.166303e+05 2.166445e+05 2.166792e+05 2.167054e+05 2.166750e+05 2.165120e+05 2.161300e+05 2.154466e+05 2.143923e+05 2.022971e+05 1.798247e+05 1.534414e+05 1.300243e+05 1.123617e+05 1.000487e+05 8.611831e+04 7.985320e+04 7.716570e+04 7.628080e+04 7.638059e+04 7.705524e+04 9.231107e+04 1.070016e+05 1.157230e+05 1.203165e+05
2.378201e+05 2.378201e+05 2.378201e+05 2.378202e+05 2.378202e+05 2.378219e+05 2.378273e+05 2.378488e+05 2.378649e+05 2.378845e+05 2.379317e+05 2.379710e+05 2.379491e+05 2.377825e+05 2.373756e+05 2.366376e+05 2.354916e+05 2.222463e+05 1.975480e+05 1.684968e+05 1.426686e+05 1.231494e+05 1.095063e+05 9.397478e+04 8.685908e+04 8.365712e+04 8.241509e+04 8.223529e+04 8.267012e+04 9.601955e+04 1.094384e+05 1.173264e+05 1.212999e+05
2.609642e+05 2.609642e+05 2.609642e+05 2.609642e+05 2.609642e+05 2.609660e+05 2.609715e+05 2.609936e+05 2.610101e+05 2.610301e+05 2.610777e+05 2.611143e+05 2.610810e+05 2.608860e+05 2.604248e+05 2.595980e+05 2.583216e+05 2.436803e+05 2.164712e+05 1.844895e+05 1.560458e+05 1.345264e+05 1.194556e+05 1.022061e+05 9.417139e+04 9.040544e+04 8.876559e+04 8.827105e+04 8.843536e+04 9.972742e+04 1.118384e+05 1.189032e+05 1.222714e+05
2.857728e+05 2.857728e+05 2.857728e+05 2.857728e+05 2.857728e+05 2.857734e+05 2.857752e+05 2.857824e+05 2.857878e+05 2.857946e+05 2.858094e+05 2.858049e+05 2.857188e+05 2.854524e+05 2.848931e+05 2.839335e+05 2.824830e+05 2.662316e+05 2.363083e+05 2.012168e+05 1.700169e+05 1.463954e+05 1.298242e+05 1.107627e+05 1.017471e+05 9.736931e+04 9.529162e+04 9.444809e+04 9.431254e+04 1.034181e+05 1.141946e+05 1.204490e+05 1.232283e+05
3.103542e+05 3.103542e+05 3.103542e+05 3.103542e+05 3.103543e+05 3.103556e+05 3.103598e+05 3.103757e+05 3.103871e+05 3.104006e+05 3.104302e+05 3.104393e+05 3.103592e+05 3.100820e+05 3.094848e+05 3.084508e+05 3.068813e+05 2.892239e+05 2.566609e+05 2.184454e+05 1.844396e+05 1.586619e+05 1.405424e+05 1.195927e+05 1.095381e+05 1.045011e+05 1.019463e+05 1.007210e+05 1.002585e+05 1.070746e+05 1.165007e+05 1.219597e+05 1.241681e+05
3.353815e+05 3.353815e+05 3.353815e+05 3.353815e+05 3.353816e+05 3.353829e+05 3.353871e+05 3.354035e+05 3.354157e+05 3.354305e+05 3.354641e+05 3.354774e+05 3.353961e+05 3.351037e+05 3.344673e+05 3.333601e+05 3.316751e+05 3.126409e+05 2.774480e+05 2.360864e+05 1.992352e+05 1.712577e+05 1.515484e+05 1.286391e+05 1.174877e+05 1.117450e+05 1.086755e+05 1.070385e+05 1.062254e+05 1.106801e+05 1.187504e+05 1.234314e+05 1.250882e+05
3.613061e+05 3.613061e+05 3.613061e+05 3.613061e+05 3.613062e+05 3.613074e+05 3.613111e+05 3.613262e+05 3.613375e+05 3.613511e+05 3.613815e+05 3.613881e+05 3.612910e+05 3.609652e+05 3.602676e+05 3.590625e+05 3.572347e+05 3.366757e+05 2.987237e+05 2.541201e+05 2.143527e+05 1.841201e+05 1.627752e+05 1.378327e+05 1.255278e+05 1.190355e+05 1.154179e+05 1.133440e+05 1.121616e+05 1.142177e+05 1.209381e+05 1.248603e+05 1.259862e+05
3.878400e+05 3.878400e+05 3.878400e+05 3.878400e+05 3.878400e+05 3.878409e+05 3.878435e+05 3.878539e+05 3.878616e+05 3.878710e+05 3.878909e+05 3.878824e+05 3.877604e+05 3.873912e+05 3.866217e+05 3.853068e+05 3.833234e+05 3.611602e+05 3.203622e+05 2.724401e+05 2.296937e+05 1.971543e+05 1.741302e+05 1.470851e+05 1.335756e+05 1.262968e+05 1.221048e+05 1.195761e+05 1.180126e+05 1.176713e+05 1.230582e+05 1.262432e+05 1.268600e+05
4.143881e+05 4.143881e+05 4.143881e+05 4.143881e+05 4.143882e+05 4.143888e+05 4.143907e+05 4.143986e+05 4.144047e+05 4.144121e+05 4.144266e+05 4.144090e+05 4.142684e+05 4.138621e+05 4.130272e+05 4.116087e+05 4.094757e+05 3.857321e+05 3.420967e+05 2.908466e+05 2.450979e+05 2.102217e+05 1.854877e+05 1.562873e+05 1.415352e+05 1.334446e+05 1.286630e+05 1.256710e+05 1.237231e+05 1.210256e+05 1.251060e+05 1.275769e+05 1.277074e+05
4.406079e+05 4.406079e+05 4.406079e+05 4.406079e+05 4.406079e+05 4.406085e+05 4.406104e+05 4.406180e+05 4.406235e+05 4.406300e+05 4.406414e+05 4.406167e+05 4.404595e+05 4.400185e+05 4.391211e+05 4.376031e+05 4.353260e+05 4.100496e+05 3.636374e+05 3.091023e+05 2.603671e+05 2.231511e+05 1.966957e+05 1.653139e+05 1.493013e+05 1.403904e+05 1.350174e+05 1.315653e+05 1.292388e+05 1.242663e+05 1.270770e+05 1.288588e+05 1.285264e+05
4.662236e+05 4.662236e+05 4.662236e+05 4.662236e+05 4.662236e+05 4.662239e+05 4.662248e+05 4.662286e+05 4.662315e+05 4.662348e+05 4.662382e+05 4.662020e+05 4.660246e+05 4.655471e+05 4.645874e+05 4.629725e+05 4.605563e+05 4.338074e+05 3.847079e+05 3.269637e+05 2.752881e+05 2.357550e+05 2.075880e+05 1.740323e+05 1.567665e+05 1.470463e+05 1.410959e+05 1.371990e+05 1.345097e+05 1.273807e+05 1.289672e+05 1.300863e+05 1.293152e+05
4.908615e+05 4.908615e+05 4.908615e+05 4.908615e+05 4.908616e+05 4.908619e+05 4.908632e+05 4.908679e+05 4.908714e+05 4.908755e+05 4.908805e+05 4.908438e+05 4.906586e+05 4.901576e+05 4.891493e+05 4.874517e+05 4.849110e+05 4.567685e+05 4.050688e+05 3.441974e+05 2.896460e+05 2.478418e+05 2.179962e+05 1.823126e+05 1.638296e+05 1.533323e+05 1.468341e+05 1.425195e+05 1.394922e+05 1.303576e+05 1.307732e+05 1.312575e+05 1.300720e+05
5.146880e+05 5.146880e+05 5.146880e+05 5.146880e+05 5.146880e+05 5.146884e+05 5.146896e+05 5.146939e+05 5.146966e+05 5.146992e+05 5.146986e+05 5.146506e+05 5.144434e+05 5.139019e+05 5.128263e+05 5.110268e+05 5.083427e+05 4.787463e+05 4.244683e+05 3.605493e+05 3.032139e+05 2.592184e+05 2.277576e+05 1.900380e+05 1.704036e+05 1.591816e+05 1.521795e+05 1.474847e+05 1.441517e+05 1.331874e+05 1.324920e+05 1.323705e+05 1.307953e+05
5.371041e+05 5.371041e+05 5.371041e+05 5.371041e+05 5.371041e+05 5.371033e+05 5.371008e+05 5.370908e+05 5.370833e+05 5.370739e+05 5.370445e+05 5.369606e+05 5.367070e+05 5.361026e+05 5.349406e+05 5.330239e+05 5.301862e+05 4.991666e+05 4.424564e+05 3.756831e+05 3.157426e+05 2.696970e+05 2.367272e+05 1.971150e+05 1.764237e+05 1.645468e+05 1.570955e+05 1.520653e+05 1.484639e+05 1.358624e+05 1.341213e+05 1.334239e+05 1.314838e+05
5.565585e+05 5.565585e+05 5.565585e+05 5.565585e+05 5.565585e+05 5.565578e+05 5.565558e+05 5.565476e+05 5.565413e+05 5.565333e+05 5.565069e+05 5.564245e+05 5.561665e+05 5.555452e+05 5.543464e+05 5.523661e+05 5.494321e+05 5.173241e+05 4.585613e+05 3.892880e+05 3.270244e+05 2.791342e+05 2.448022e+05 2.034858e+05 1.818535e+05 1.694025e+05 1.615633e+05 1.562462e+05 1.524161e+05 1.383770e+05 1.356593e+05 1.344166e+05 1.321361e+05
5.733608e+05 5.733608e+05 5.733608e+05 5.733607e+05 5.733607e+05 5.733601e+05 5.733580e+05 5.733497e+05 5.733434e+05 5.733357e+05 5.733101e+05 5.732285e+05 5.729682e+05 5.723364e+05 5.711129e+05 5.690879e+05 5.660836e+05 5.331265e+05 4.726689e+05 4.012638e+05 3.369830e+05 2.874764e+05 2.519467e+05 2.091356e+05 1.866876e+05 1.737469e+05 1.655818e+05 1.600260e+05 1.560065e+05 1.407270e+05 1.371045e+05 1.353478e+05 1.327512e+05
5.878813e+05 5.878813e+05 5.878813e+05 5.878813e+05 5.878813e+05 5.878810e+05 5.878800e+05 5.878758e+05 5.878726e+05 5.878686e+05 5.878519e+05 5.877797e+05 5.875261e+05 5.868937e+05 5.856569e+05 5.836004e+05 5.805422e+05 5.468766e+05 4.849643e+05 4.117122e+05 3.456771e+05 2.947637e+05 2.581935e+05 2.140921e+05 1.909498e+05 1.775994e+05 1.691661e+05 1.634161e+05 1.592429e+05 1.429103e+05 1.384560e+05 1.362171e+05 1.333283e+05
6.007643e+05 6.007643e+05 6.007643e+05 6.007643e+05 6.007643e+05 6.007639e+05 6.007629e+05 6.007585e+05 6.007553e+05 6.007511e+05 6.007340e+05 6.006606e+05 6.004027e+05 5.997590e+05 5.984994e+05 5.964043e+05 5.932875e+05 5.589455e+05 4.957140e+05 4.208187e+05 3.532398e+05 3.010981e+05 2.636257e+05 2.184162e+05 1.946868e+05 1.809961e+05 1.723438e+05 1.664373e+05 1.621412e+05 1.449261e+05 1.397136e+05 1.370242e+05 1.338666e+05
6.121370e+05 6.121370e+05 6.121370e+05 6.121370e+05 6.121370e+05 6.121366e+05 6.121355e+05 6.121310e+05 6.121276e+05 6.121232e+05 6.121057e+05 6.120308e+05 6.117684e+05 6.111135e+05 6.098319e+05 6.077000e+05 6.045282e+05 5.695617e+05 5.051349e+05 4.287717e+05 3.598285e+05 3.066108e+05 2.683535e+05 2.221885e+05 1.979591e+05 1.839831e+05 1.751503e+05 1.691169e+05 1.647222e+05 1.467752e+05 1.408774e+05 1.377692e+05 1.343655e+05
6.220781e+05 6.220781e+05 6.220781e+05 6.220781e+05 6.220781e+05 6.220780e+05 6.220778e+05 6.220767e+05 6.220758e+05 6.220743e+05 6.220635e+05 6.219959e+05 6.217384e+05 6.210829e+05 6.197908e+05 6.176347e+05 6.144213e+05 5.789208e+05 5.134323e+05 4.357626e+05 3.656104e+05 3.114435e+05 2.724966e+05 2.254960e+05 2.008321e+05 1.866102e+05 1.776241e+05 1.714850e+05 1.670097e+05 1.484597e+05 1.419477e+05 1.384524e+05 1.348247e+05
6.310705e+05 6.310705e+05 6.310705e+05 6.310705e+05 6.310705e+05 6.310704e+05 6.310702e+05 6.310691e+05 6.310683e+05 6.310671e+05 6.310573e+05 6.309907e+05 6.307323e+05 6.300706e+05 6.287635e+05 6.265798e+05 6.233232e+05 5.873130e+05 5.208472e+05 4.419921e+05 3.707515e+05 3.157336e+05 2.761698e+05 2.284209e+05 2.033670e+05 1.889249e+05 1.798028e+05 1.735717e+05 1.690278e+05 1.499826e+05 1.429255e+05 1.390744e+05 1.352439e+05
6.393229e+05 6.393229e+05 6.393229e+05 6.393229e+05 6.393229e+05 6.393228e+05 6.393224e+05 6.393209e+05 6.393197e+05 6.393181e+05 6.393072e+05 6.392384e+05 6.389751e+05 6.383028e+05 6.369762e+05 6.347609e+05 6.314582e+05 5.949500e+05 5.275711e+05 4.476262e+05 3.753910e+05 3.195965e+05 2.794683e+05 2.310315e+05 2.056158e+05 1.909682e+05 1.817196e+05 1.754041e+05 1.707993e+05 1.513479e+05 1.438122e+05 1.396359e+05 1.356231e+05
6.468181e+05 6.468181e+05 6.468181e+05 6.468181e+05 6.468181e+05 6.468180e+05 6.468176e+05 6.468160e+05 6.468148e+05 6.468132e+05 6.468023e+05 6.467331e+05 6.464675e+05 6.457882e+05 6.444467e+05 6.422061e+05 6.388648e+05 6.019189e+05 5.337161e+05 4.527770e+05 3.796277e+05 3.231148e+05 2.824613e+05 2.333777e+05 2.076174e+05 1.927721e+05 1.834016e+05 1.770058e+05 1.723442e+05 1.525602e+05 1.446093e+05 1.401379e+05 1.359623e+05
6.536495e+05 6.536495e+05 6.536495e+05 6.536495e+05 6.536495e+05 6.536495e+05 6.536496e+05 6.536500e+05 6.536503e+05 6.536504e+05 6.536436e+05 6.535788e+05 6.533158e+05 6.526350e+05 6.512851e+05 6.490262e+05 6.456545e+05 6.083286e+05 5.393807e+05 4.575270e+05 3.835276e+05 3.263409e+05 2.851910e+05 2.354907e+05 2.093976e+05 1.943593e+05 1.848694e+05 1.783953e+05 1.736797e+05 1.536246e+05 1.453188e+05 1.405816e+05 1.362618e+05
6.600939e+05 6.600939e+05 6.600939e+05 6.600939e+05 6.600939e+05 6.600939e+05 6.600940e+05 6.600943e+05 6.600944e+05 6.600944e+05 6.600872e+05 6.600211e+05 6.597549e+05 6.590667e+05 6.577028e+05 6.554208e+05 6.520151e+05 6.143121e+05 5.446541e+05 4.619338e+05 3.871281e+05 3.293006e+05 2.876774e+05 2.373857e+05 2.109709e+05 1.957445e+05 1.861376e+05 1.795872e+05 1.748197e+05 1.545467e+05 1.459427e+05 1.409681e+05 1.365219e+05
6.661487e+05 6.661487e+05 6.661487e+05 6.661487e+05 6.661487e+05 6.661487e+05 6.661486e+05 6.661481e+05 6.661477e+05 6.661471e+05 6.661383e+05 6.660698e+05 6.657991e+05 6.651023e+05 6.637232e+05 6.614174e+05 6.579772e+05 6.199043e+05 5.495613e+05 4.660105e+05 3.904347e+05 3.319963e+05 2.899219e+05 2.390663e+05 2.123434e+05 1.969361e+05 1.872162e+05 1.805922e+05 1.757753e+05 1.553323e+05 1.464837e+05 1.412991e+05 1.367430e+05
6.717487e+05 6.717487e+05 6.717487e+05 6.717487e+05 6.717487e+05 6.717487e+05 6.717485e+05 6.717478e+05 6.717471e+05 6.717461e+05 6.717360e+05 6.716653e+05 6.713901e+05 6.706847e+05 6.692908e+05 6.669618e+05 6.634883e+05 6.250614e+05 5.540664e+05 4.697288e+05 3.934260e+05 3.344124e+05 2.919139e+05 2.405286e+05 2.135161e+05 1.979383e+05 1.881118e+05 1.814186e+05 1.765558e+05 1.559875e+05 1.469442e+05 1.415759e+05 1.369258e+05
6.768121e+05 6.768121e+05 6.768121e+05 6.768121e+05 6.768121e+05 6.768119e+05 6.768114e+05 6.768093e+05 6.768078e+05 6.768057e+05 6.767930e+05 6.767187e+05 6.764380e+05 6.757234e+05 6.743146e+05 6.719632e+05 6.684581e+05 6.297009e+05 5.581020e+05 4.730384e+05 3.960664e+05 3.365242e+05 2.936366e+05 2.417656e+05 2.144876e+05 1.987534e+05 1.888293e+05 1.820730e+05 1.771689e+05 1.565184e+05 1.473270e+05 1.418004e+05 1.370710e+05
6.812099e+05 6.812099e+05 6.812099e+05 6.812099e+05 6.812099e+05 6.812098e+05 6.812092e+05 6.812068e+05 6.812049e+05 6.812024e+05 6.811883e+05 6.811115e+05 6.808263e+05 6.801037e+05 6.786818e+05 6.763103e+05 6.727767e+05 6.337245e+05 5.615893e+05 4.758819e+05 3.983168e+05 3.383059e+05 2.950728e+05 2.427703e+05 2.152564e+05 1.993833e+05 1.893728e+05 1.825612e+05 1.776217e+05 1.569314e+05 1.476352e+05 1.419741e+05 1.371794e+05
6.848487e+05 6.848487e+05 6.848487e+05 6.848487e+05 6.848487e+05 6.848484e+05 6.848474e+05 6.848434e+05 6.848404e+05 6.848365e+05 6.848194e+05 6.847386e+05 6.844477e+05 6.837167e+05 6.822822e+05 6.798926e+05 6.763342e+05 6.370344e+05 5.644531e+05 4.782078e+05 4.001436e+05 3.397359e+05 2.962091e+05 2.435381e+05 2.158222e+05 1.998306e+05 1.897468e+05 1.828891e+05 1.779210e+05 1.572327e+05 1.478718e+05 1.420991e+05 1.372517e+05
6.875765e+05 6.875765e+05 6.875765e+05 6.875765e+05 6.875765e+05 6.875762e+05 6.875751e+05 6.875711e+05 6.875681e+05 6.875643e+05 6.875472e+05 6.874663e+05 6.871745e+05 6.864407e+05 6.850005e+05 6.826013e+05 6.790281e+05 6.395576e+05 5.666440e+05 4.799838e+05 4.015268e+05 3.408024e+05 2.970387e+05 2.440682e+05 2.161873e+05 2.000993e+05 1.899568e+05 1.830632e+05 1.780740e+05 1.574287e+05 1.480399e+05 1.421770e+05 1.372891e+05
6.894485e+05 6.894485e+05 6.894485e+05 6.894485e+05 6.894485e+05 6.894482e+05 6.894473e+05 6.894436e+05 6.894408e+05 6.894373e+05 6.894208e+05 6.893404e+05 6.890487e+05 6.883139e+05 6.868708e+05 6.844659e+05 6.808839e+05 6.413027e+05 5.681616e+05 4.812073e+05 4.024645e+05 3.415051e+05 2.975632e+05 2.443643e+05 2.163569e+05 2.001955e+05 1.900094e+05 1.830905e+05 1.780881e+05 1.575257e+05 1.481427e+05 1.422099e+05 1.372924e+05
6.905395e+05 6.905395e+05 6.905395e+05 6.905395e+05 6.905395e+05 6.905392e+05 6.905383e+05 6.905345e+05 6.905317e+05 6.905281e+05 6.905113e+05 6.904305e+05 6.901380e+05 6.894017e+05 6.879559e+05 6.855469e+05 6.819588e+05 6.423099e+05 5.690316e+05 4.818948e+05 4.029684e+05 3.418536e+05 2.977912e+05 2.444344e+05 2.163388e+05 2.001270e+05 1.899126e+05 1.829791e+05 1.779716e+05 1.575301e+05 1.481835e+05 1.421997e+05 1.372628e+05
6.908634e+05 6.908634e+05 6.908634e+05 6.908634e+05 6.908634e+05 6.908631e+05 6.908621e+05 6.908581e+05 6.908550e+05 6.908511e+05 6.908337e+05 6.907522e+05 6.904587e+05 6.897212e+05 6.882740e+05 6.858632e+05 6.822730e+05 6.426037e+05 5.692797e+05 4.820697e+05 4.030588e+05 3.418653e+05 2.977375e+05 2.442906e+05 2.161435e+05 1.999036e+05 1.896756e+05 1.827379e+05 1.777330e+05 1.574480e+05 1.481657e+05 1.421483e+05 1.372014e+05
6.904156e+05 6.904156e+05 6.904156e+05 6.904156e+05 6.904155e+05 6.904152e+05 6.904142e+05 6.904101e+05 6.904070e+05 6.904031e+05 6.903859e+05 6.903048e+05 6.900124e+05 6.892768e+05 6.878326e+05 6.854260e+05 6.818412e+05 6.422160e+05 5.689446e+05 4.817685e+05 4.027659e+05 3.415643e+05 2.974222e+05 2.439478e+05 2.157837e+05 1.995366e+05 1.893087e+05 1.823768e+05 1.773818e+05 1.572859e+05 1.480925e+05 1.420577e+05 1.371092e+05
6.892816e+05 6.892816e+05 6.892816e+05 6.892816e+05 6.892816e+05 6.892815e+05 6.892811e+05 6.892793e+05 6.892779e+05 6.892761e+05 6.892639e+05 6.891890e+05 6.889038e+05 6.881768e+05 6.867426e+05 6.843479e+05 6.807770e+05 6.412513e+05 5.681088e+05 4.810507e+05 4.021321e+05 3.409820e+05 2.968696e+05 2.434235e+05 2.152734e+05 1.990382e+05 1.888232e+05 1.819060e+05 1.769277e+05 1.570498e+05 1.479672e+05 1.419300e+05 1.369876e+05
6.877787e+05 6.877787e+05 6.877787e+05 6.877787e+05 6.877787e+05 6.877785e+05 6.877781e+05 6.877763e+05 6.877749e+05 6.877730e+05 6.877608e+05 6.876862e+05 6.874019e+05 6.866769e+05 6.852466e+05 6.828580e+05 6.792960e+05 6.398619e+05 5.668738e+05 4.799828e+05 4.012025e+05 3.401511e+05 2.961054e+05 2.427359e+05 2.146277e+05 1.984214e+05 1.882307e+05 1.813362e+05 1.763805e+05 1.567458e+05 1.477930e+05 1.417670e+05 1.368377e+05
6.859403e+05 6.859403e+05 6.859403e+05 6.859403e+05 6.859403e+05 6.859400e+05 6.859393e+05 6.859361e+05 6.859338e+05 6.859307e+05 6.859158e+05 6.858379e+05 6.855506e+05 6.848234e+05 6.833925e+05 6.810058e+05 6.774488e+05 6.380984e+05 5.652850e+05 4.786035e+05 4.000095e+05 3.390990e+05 2.951530e+05 2.419036e+05 2.138620e+05 1.976997e+05 1.875431e+05 1.806784e+05 1.757504e+05 1.563798e+05 1.475733e+05 1.415706e+05 1.366606e+05
6.836165e+05 6.836165e+05 6.836165e+05 6.836165e+05 6.836165e+05 6.836162e+05 6.836154e+05 6.836123e+05 6.836099e+05 6.836067e+05 6.835915e+05 6.835133e+05 6.832261e+05 6.825002e+05 6.810727e+05 6.786925e+05 6.751458e+05 6.359175e+05 5.633348e+05 4.769253e+05 3.985737e+05 3.378481e+05 2.940339e+05 2.409447e+05 2.129915e+05 1.968864e+05 1.867724e+05 1.799433e+05 1.750474e+05 1.559576e+05 1.473112e+05 1.413429e+05 1.364577e+05
6.807767e+05 6.807767e+05 6.807767e+05 6.807767e+05 6.807767e+05 6.807766e+05 6.807762e+05 6.807741e+05 6.807725e+05 6.807703e+05 6.807574e+05 6.806823e+05 6.803996e+05 6.796804e+05 6.782629e+05 6.758968e+05 6.723689e+05 6.333195e+05 5.610385e+05 4.749713e+05 3.969202e+05 3.364223e+05 2.927701e+05 2.398770e+05 2.120314e+05 1.959945e+05 1.859302e+05 1.791415e+05 1.742811e+05 1.554849e+05 1.470097e+05 1.410855e+05 1.362301e+05
6.775975e+05 6.775975e+05 6.775975e+05 6.775975e+05 6.775975e+05 6.775974e+05 6.775970e+05 6.775956e+05 6.775945e+05 6.775929e+05 6.775818e+05 6.775093e+05 6.772307e+05 6.765181e+05 6.751109e+05 6.727597e+05 6.692524e+05 6.304039e+05 5.584661e+05 4.727908e+05 3.950850e+05 3.348494e+05 2.913843e+05 2.387179e+05 2.109958e+05 1.950364e+05 1.850277e+05 1.782831e+05 1.734609e+05 1.549669e+05 1.466720e+05 1.408005e+05 1.359790e+05
6.742247e+05 6.742247e+05 6.742247e+05 6.742247e+05 6.742247e+05 6.742246e+05 6.742242e+05 6.742227e+05 6.742216e+05 6.742200e+05 6.742088e+05 6.741365e+05 6.738590e+05 6.731498e+05 6.717494e+05 6.694100e+05 6.659203e+05 6.272676e+05 5.556881e+05 4.704329e+05 3.931033e+05 3.331563e+05 2.898982e+05 2.374834e+05 2.098982e+05 1.940238e+05 1.840751e+05 1.773777e+05 1.725957e+05 1.544090e+05 1.463008e+05 1.404895e+05 1.357057e+05
