7.975490e+07 4.858093e+07 3.851195e+07 2.161004e+07 1.717605e+07 1.079771e+07 9.293384e+06 8.463689e+06 8.330235e+06 8.258156e+06 8.181439e+06 8.110390e+06 8.010218e+06 7.880383e+06 7.731852e+06 7.576371e+06 7.422663e+06 6.787972e+06 6.346773e+06 5.973838e+06 5.596513e+06 5.203625e+06 4.821002e+06 4.213743e+06 3.918981e+06 3.937376e+06 4.225010e+06 4.734418e+06 5.418957e+06 1.382768e+07 1.677249e+07 1.622563e+07 1.469566e+07
8.675404e+06 8.675422e+06 8.675473e+06 8.676373e+06 8.676735e+06 8.585021e+06 8.457066e+06 8.216811e+06 8.186310e+06 8.169395e+06 8.141756e+06 8.086544e+06 7.990060e+06 7.859681e+06 7.709675e+06 7.553062e+06 7.398915e+06 6.768740e+06 6.333409e+06 5.964270e+06 5.589247e+06 5.197911e+06 4.816559e+06 4.211775e+06 3.919689e+06 3.940952e+06 4.231580e+06 4.744005e+06 5.431445e+06 1.384799e+07 1.678112e+07 1.622642e+07 1.469310e+07
8.056586e+06 8.056593e+06 8.056614e+06 8.057160e+06 8.058488e+06 8.054659e+06 8.063271e+06 8.115307e+06 8.081503e+06 8.080509e+06 8.092006e+06 8.052676e+06 7.960185e+06 7.829726e+06 7.678974e+06 7.522143e+06 7.368530e+06 6.746547e+06 6.318613e+06 5.953882e+06 5.581442e+06 5.191822e+06 4.811856e+06 4.209709e+06 3.920415e+06 3.944632e+06 4.238321e+06 4.753812e+06 5.444190e+06 1.386846e+07 1.678976e+07 1.622719e+07 1.469052e+07
8.024099e+06 8.024102e+06 8.024111e+06 8.024372e+06 8.025055e+06 8.031591e+06 8.009769e+06 8.112963e+06 8.136595e+06 8.118301e+06 8.063842e+06 8.011803e+06 7.918486e+06 7.787845e+06 7.637502e+06 7.481921e+06 7.330288e+06 6.721164e+06 6.302319e+06 5.942637e+06 5.573079e+06 5.185345e+06 4.806883e+06 4.207544e+06 3.921159e+06 3.948419e+06 4.245235e+06 4.763845e+06 5.457198e+06 1.388910e+07 1.679842e+07 1.622794e+07 1.468792e+07
8.073449e+06 8.073451e+06 8.073456e+06 8.073602e+06 8.073992e+06 8.079519e+06 8.070418e+06 8.084682e+06 8.138966e+06 8.165475e+06 8.111017e+06 7.996798e+06 7.872237e+06 7.734847e+06 7.584496e+06 7.431426e+06 7.283365e+06 6.692414e+06 6.284466e+06 5.930502e+06 5.564134e+06 5.178465e+06 4.801632e+06 4.205276e+06 3.921923e+06 3.952314e+06 4.252327e+06 4.774107e+06 5.470473e+06 1.390991e+07 1.680710e+07 1.622867e+07 1.468530e+07
8.124913e+06 8.124914e+06 8.124918e+06 8.125017e+06 8.125287e+06 8.129857e+06 8.129265e+06 8.104067e+06 8.126015e+06 8.156184e+06 8.140242e+06 8.014837e+06 7.848089e+06 7.680478e+06 7.523259e+06 7.371780e+06 7.228093e+06 6.660229e+06 6.265012e+06 5.917448e+06 5.554586e+06 5.171168e+06 4.796094e+06 4.202903e+06 3.922708e+06 3.956321e+06 4.259599e+06 4.784602e+06 5.484017e+06 1.393088e+07 1.681579e+07 1.622938e+07 1.468266e+07
8.172242e+06 8.172243e+06 8.172245e+06 8.172318e+06 8.172523e+06 8.176569e+06 8.179967e+06 8.146635e+06 8.131586e+06 8.130436e+06 8.112266e+06 8.005291e+06 7.832176e+06 7.642909e+06 7.464822e+06 7.307752e+06 7.166839e+06 6.624741e+06 6.243946e+06 5.903450e+06 5.544415e+06 5.163440e+06 4.790259e+06 4.200424e+06 3.923514e+06 3.960443e+06 4.267055e+06 4.795333e+06 5.497835e+06 1.395203e+07 1.682449e+07 1.623007e+07 1.467999e+07
8.220862e+06 8.220862e+06 8.220864e+06 8.220923e+06 8.221091e+06 8.224765e+06 8.227385e+06 8.176775e+06 8.132522e+06 8.095207e+06 8.038177e+06 7.944340e+06 7.789276e+06 7.603156e+06 7.418062e+06 7.250215e+06 7.104978e+06 6.586366e+06 6.221302e+06 5.888493e+06 5.533604e+06 5.155268e+06 4.784121e+06 4.197836e+06 3.924343e+06 3.964681e+06 4.274698e+06 4.806304e+06 5.511930e+06 1.397335e+07 1.683321e+07 1.623074e+07 1.467730e+07
8.275151e+06 8.275152e+06 8.275154e+06 8.275204e+06 8.275346e+06 8.271104e+06 8.246497e+06 8.151714e+06 8.088318e+06 8.027130e+06 7.930349e+06 7.837201e+06 7.707167e+06 7.542517e+06 7.367178e+06 7.200575e+06 7.051774e+06 6.545896e+06 6.197177e+06 5.872577e+06 5.522140e+06 5.146640e+06 4.777670e+06 4.195137e+06 3.925196e+06 3.969038e+06 4.282532e+06 4.817518e+06 5.526307e+06 1.399484e+07 1.684194e+07 1.623138e+07 1.467459e+07
8.146657e+06 8.146657e+06 8.146656e+06 8.146635e+06 8.146552e+06 8.141981e+06 8.120071e+06 8.031818e+06 7.971295e+06 7.907468e+06 7.794375e+06 7.699182e+06 7.590994e+06 7.455391e+06 7.302186e+06 7.147876e+06 7.004030e+06 6.504576e+06 6.171753e+06 5.855723e+06 5.510015e+06 5.137547e+06 4.770900e+06 4.192326e+06 3.926074e+06 3.973518e+06 4.290560e+06 4.828981e+06 5.540969e+06 1.401650e+07 1.685069e+07 1.623201e+07 1.467186e+07
7.897742e+06 7.897742e+06 7.897742e+06 7.897737e+06 7.897715e+06 7.896274e+06 7.888663e+06 7.839163e+06 7.795810e+06 7.744105e+06 7.638055e+06 7.545398e+06 7.453816e+06 7.346083e+06 7.220418e+06 7.086340e+06 6.954638e+06 6.464210e+06 6.145312e+06 5.837976e+06 5.497231e+06 5.127983e+06 4.763806e+06 4.189401e+06 3.926978e+06 3.978123e+06 4.298785e+06 4.840694e+06 5.555920e+06 1.403833e+07 1.685945e+07 1.623261e+07 1.466910e+07
6.462227e+06 6.462227e+06 6.462228e+06 6.462233e+06 6.462250e+06 6.462689e+06 6.463766e+06 6.466468e+06 6.467393e+06 6.467339e+06 6.461607e+06 6.445341e+06 6.419402e+06 6.388781e+06 6.358728e+06 6.331991e+06 6.308446e+06 6.168335e+06 5.932860e+06 5.652422e+06 5.343799e+06 5.009152e+06 4.675619e+06 4.154048e+06 3.937888e+06 4.031675e+06 4.392677e+06 4.972481e+06 5.722136e+06 1.426594e+07 1.694757e+07 1.623730e+07 1.464026e+07
5.984550e+06 5.984550e+06 5.984550e+06 5.984551e+06 5.984553e+06 5.984565e+06 5.984467e+06 5.983497e+06 5.982390e+06 5.980701e+06 5.975144e+06 5.966172e+06 5.953514e+06 5.937357e+06 5.918449e+06 5.898015e+06 5.877444e+06 5.795453e+06 5.699550e+06 5.506029e+06 5.220735e+06 4.893758e+06 4.576856e+06 4.112913e+06 3.955125e+06 4.101512e+06 4.510412e+06 5.133613e+06 5.921352e+06 1.451037e+07 1.703624e+07 1.623941e+07 1.460903e+07
5.551040e+06 5.551040e+06 5.551040e+06 5.551040e+06 5.551041e+06 5.551046e+06 5.551036e+06 5.550773e+06 5.550493e+06 5.550155e+06 5.549533e+06 5.549209e+06 5.549042e+06 5.548514e+06 5.546984e+06 5.543914e+06 5.539007e+06 5.491654e+06 5.418269e+06 5.287920e+06 5.071547e+06 4.793515e+06 4.508294e+06 4.090625e+06 3.988700e+06 4.193772e+06 4.656891e+06 5.328433e+06 6.157467e+06 1.477110e+07 1.712474e+07 1.623863e+07 1.457529e+07
5.279182e+06 5.279182e+06 5.279182e+06 5.279183e+06 5.279184e+06 5.279199e+06 5.279213e+06 5.279163e+06 5.279108e+06 5.279102e+06 5.279642e+06 5.281394e+06 5.284299e+06 5.287736e+06 5.290890e+06 5.292993e+06 5.293446e+06 5.262895e+06 5.183256e+06 5.059116e+06 4.881846e+06 4.661166e+06 4.432332e+06 4.101266e+06 4.060257e+06 4.320295e+06 4.839766e+06 5.562693e+06 6.435059e+06 1.504726e+07 1.721227e+07 1.623462e+07 1.453891e+07
5.081607e+06 5.081607e+06 5.081607e+06 5.081606e+06 5.081602e+06 5.081473e+06 5.081079e+06 5.079714e+06 5.078843e+06 5.077946e+06 5.076493e+06 5.076022e+06 5.076635e+06 5.077934e+06 5.079310e+06 5.080154e+06 5.079950e+06 5.053017e+06 4.976329e+06 4.854775e+06 4.696435e+06 4.517334e+06 4.344318e+06 4.125304e+06 4.172079e+06 4.499085e+06 5.072332e+06 5.844972e+06 6.760236e+06 1.533763e+07 1.729796e+07 1.622707e+07 1.449979e+07
4.844683e+06 4.844683e+06 4.844683e+06 4.844683e+06 4.844682e+06 4.844674e+06 4.844636e+06 4.844426e+06 4.844259e+06 4.844100e+06 4.844094e+06 4.844883e+06 4.846536e+06 4.848755e+06 4.851080e+06 4.853038e+06 4.854222e+06 4.839423e+06 4.779350e+06 4.673749e+06 4.536248e+06 4.390864e+06 4.265458e+06 4.160845e+06 4.314163e+06 4.727533e+06 5.367982e+06 6.189559e+06 7.142021e+06 1.564063e+07 1.738086e+07 1.621565e+07 1.445782e+07
4.629439e+06 4.629439e+06 4.629439e+06 4.629439e+06 4.629439e+06 4.629444e+06 4.629452e+06 4.629454e+06 4.629458e+06 4.629510e+06 4.630031e+06 4.631473e+06 4.633896e+06 4.637003e+06 4.640349e+06 4.643485e+06 4.646035e+06 4.641924e+06 4.599455e+06 4.516125e+06 4.405508e+06 4.294704e+06 4.213383e+06 4.217845e+06 4.485683e+06 5.000639e+06 5.722759e+06 6.604232e+06 7.594312e+06 1.595436e+07 1.745999e+07 1.620001e+07 1.441289e+07
4.448800e+06 4.448800e+06 4.448800e+06 4.448800e+06 4.448799e+06 4.448778e+06 4.448704e+06 4.448390e+06 4.448165e+06 4.447955e+06 4.447926e+06 4.448890e+06 4.451003e+06 4.454010e+06 4.457477e+06 4.460965e+06 4.464109e+06 4.467199e+06 4.440430e+06 4.381447e+06 4.302762e+06 4.231030e+06 4.195619e+06 4.307794e+06 4.692459e+06 5.318345e+06 6.133805e+06 7.084712e+06 8.118790e+06 1.627670e+07 1.753430e+07 1.617984e+07 1.436491e+07
4.257382e+06 4.257382e+06 4.257382e+06 4.257382e+06 4.257381e+06 4.257359e+06 4.257287e+06 4.256984e+06 4.256778e+06 4.256624e+06 4.256966e+06 4.258864e+06 4.262534e+06 4.267616e+06 4.273517e+06 4.279664e+06 4.285602e+06 4.304183e+06 4.297660e+06 4.266919e+06 4.225333e+06 4.198487e+06 4.213937e+06 4.439002e+06 4.943099e+06 5.684871e+06 6.600992e+06 7.628201e+06 8.710540e+06 1.660532e+07 1.760274e+07 1.615481e+07 1.431378e+07
4.053852e+06 4.053852e+06 4.053852e+06 4.053852e+06 4.053852e+06 4.053839e+06 4.053795e+06 4.053615e+06 4.053524e+06 4.053566e+06 4.054812e+06 4.058642e+06 4.065359e+06 4.074389e+06 4.084829e+06 4.095831e+06 4.106754e+06 4.150121e+06 4.169967e+06 4.172038e+06 4.172439e+06 4.196274e+06 4.268698e+06 4.616771e+06 5.246081e+06 6.107075e+06 7.126882e+06 8.233199e+06 9.365311e+06 1.693788e+07 1.766427e+07 1.612463e+07 1.425943e+07
3.857465e+06 3.857465e+06 3.857465e+06 3.857465e+06 3.857465e+06 3.857458e+06 3.857433e+06 3.857332e+06 3.857321e+06 3.857530e+06 3.859706e+06 3.865710e+06 3.875963e+06 3.889638e+06 3.905452e+06 3.922219e+06 3.939062e+06 4.011575e+06 4.061333e+06 4.099422e+06 4.145611e+06 4.225166e+06 4.360748e+06 4.844857e+06 5.608678e+06 6.592558e+06 7.715850e+06 8.899520e+06 1.007904e+07 1.727208e+07 1.771785e+07 1.608901e+07 1.420176e+07
3.676695e+06 3.676695e+06 3.676695e+06 3.676695e+06 3.676695e+06 3.676692e+06 3.676682e+06 3.676643e+06 3.676701e+06 3.677072e+06 3.680229e+06 3.688594e+06 3.702731e+06 3.721526e+06 3.743267e+06 3.766387e+06 3.789741e+06 3.894038e+06 3.975907e+06 4.052265e+06 4.147203e+06 4.286841e+06 4.491592e+06 5.126505e+06 6.036941e+06 7.148286e+06 8.372676e+06 9.627694e+06 1.084785e+07 1.760587e+07 1.776252e+07 1.604768e+07 1.414074e+07
3.514936e+06 3.514936e+06 3.514936e+06 3.514936e+06 3.514936e+06 3.514934e+06 3.514928e+06 3.514910e+06 3.515013e+06 3.515527e+06 3.519680e+06 3.530552e+06 3.548864e+06 3.573187e+06 3.601338e+06 3.631328e+06 3.661718e+06 3.800190e+06 3.916204e+06 4.032863e+06 4.179192e+06 4.383018e+06 4.663013e+06 5.464888e+06 6.535906e+06 7.779788e+06 9.101122e+06 1.041784e+07 1.166761e+07 1.793783e+07 1.779739e+07 1.600043e+07 1.407629e+07
3.371489e+06 3.371489e+06 3.371489e+06 3.371489e+06 3.371489e+06 3.371489e+06 3.371488e+06 3.371497e+06 3.371648e+06 3.372316e+06 3.377556e+06 3.391173e+06 3.414062e+06 3.444446e+06 3.479621e+06 3.517134e+06 3.555217e+06 3.730833e+06 3.883372e+06 4.042423e+06 4.242720e+06 4.514937e+06 4.876681e+06 5.863130e+06 7.109588e+06 8.490564e+06 9.902729e+06 1.126837e+07 1.253312e+07 1.826807e+07 1.782169e+07 1.594706e+07 1.400839e+07
3.245268e+06 3.245268e+06 3.245268e+06 3.245268e+06 3.245268e+06 3.245268e+06 3.245266e+06 3.245277e+06 3.245463e+06 3.246281e+06 3.252680e+06 3.269297e+06 3.297220e+06 3.334288e+06 3.377214e+06 3.423028e+06 3.469597e+06 3.685946e+06 3.877612e+06 4.080951e+06 4.337669e+06 4.682845e+06 5.133685e+06 6.323991e+06 7.760630e+06 9.281455e+06 1.077581e+07 1.217487e+07 1.343715e+07 1.859289e+07 1.783476e+07 1.588741e+07 1.393701e+07
3.133695e+06 3.133695e+06 3.133695e+06 3.133695e+06 3.133695e+06 3.133697e+06 3.133701e+06 3.133737e+06 3.133979e+06 3.134982e+06 3.142719e+06 3.162735e+06 3.196332e+06 3.240915e+06 3.292545e+06 3.347665e+06 3.403725e+06 3.664901e+06 3.897646e+06 4.146206e+06 4.461563e+06 4.885091e+06 5.433829e+06 6.849269e+06 8.489589e+06 1.014984e+07 1.171458e+07 1.312911e+07 1.436969e+07 1.890400e+07 1.783614e+07 1.582138e+07 1.386214e+07
3.036463e+06 3.036463e+06 3.036463e+06 3.036463e+06 3.036463e+06 3.036463e+06 3.036464e+06 3.036496e+06 3.036777e+06 3.037963e+06 3.047148e+06 3.070932e+06 3.110859e+06 3.163839e+06 3.225171e+06 3.290613e+06 3.357116e+06 3.665640e+06 3.938697e+06 4.231681e+06 4.608147e+06 5.117284e+06 5.775075e+06 7.439076e+06 9.293961e+06 1.108874e+07 1.270840e+07 1.411848e+07 1.531739e+07 1.919424e+07 1.782553e+07 1.574891e+07 1.378379e+07
2.951007e+06 2.951007e+06 2.951007e+06 2.951007e+06 2.951007e+06 2.951011e+06 2.951021e+06 2.951090e+06 2.951443e+06 2.952865e+06 2.963729e+06 2.991744e+06 3.038669e+06 3.100798e+06 3.172544e+06 3.248867e+06 3.326150e+06 3.680210e+06 3.989324e+06 4.325288e+06 4.767337e+06 5.372708e+06 6.153820e+06 8.091223e+06 1.016708e+07 1.208582e+07 1.374128e+07 1.512575e+07 1.626348e+07 1.945703e+07 1.780286e+07 1.566999e+07 1.370198e+07
2.878089e+06 2.878089e+06 2.878089e+06 2.878089e+06 2.878089e+06 2.878090e+06 2.878094e+06 2.878143e+06 2.878525e+06 2.880116e+06 2.892385e+06 2.924058e+06 2.977072e+06 3.047159e+06 3.127920e+06 3.213593e+06 3.300049e+06 3.691713e+06 4.031850e+06 4.411843e+06 4.928112e+06 5.644605e+06 6.566135e+06 8.800617e+06 1.109700e+07 1.312276e+07 1.479168e+07 1.612929e+07 1.718813e+07 1.968645e+07 1.776829e+07 1.558466e+07 1.361675e+07
2.815705e+06 2.815705e+06 2.815705e+06 2.815705e+06 2.815706e+06 2.815709e+06 2.815718e+06 2.815797e+06 2.816224e+06 2.817949e+06 2.831131e+06 2.865089e+06 2.921883e+06 2.996924e+06 3.083335e+06 3.174918e+06 3.267233e+06 3.684401e+06 4.051783e+06 4.480403e+06 5.083591e+06 5.929163e+06 7.008968e+06 9.558354e+06 1.206541e+07 1.417481e+07 1.583297e+07 1.710388e+07 1.806928e+07 1.987747e+07 1.772235e+07 1.549303e+07 1.352817e+07
2.764233e+06 2.764233e+06 2.764233e+06 2.764233e+06 2.764233e+06 2.764234e+06 2.764237e+06 2.764293e+06 2.764713e+06 2.766459e+06 2.779902e+06 2.814603e+06 2.872685e+06 2.949469e+06 3.037922e+06 3.131706e+06 3.226279e+06 3.655759e+06 4.046785e+06 4.529931e+06 5.234152e+06 6.226645e+06 7.479780e+06 1.035025e+07 1.304693e+07 1.521127e+07 1.683444e+07 1.802202e+07 1.888393e+07 2.002600e+07 1.766616e+07 1.539527e+07 1.343631e+07
2.720996e+06 2.720996e+06 2.720996e+06 2.720996e+06 2.720996e+06 2.720999e+06 2.721009e+06 2.721090e+06 2.721524e+06 2.723277e+06 2.736675e+06 2.771198e+06 2.828965e+06 2.905333e+06 2.993325e+06 3.086655e+06 3.180835e+06 3.612140e+06 4.023761e+06 4.567262e+06 5.385558e+06 6.539221e+06 7.974145e+06 1.115528e+07 1.400934e+07 1.619695e+07 1.776339e+07 1.885589e+07 1.960975e+07 2.012912e+07 1.760038e+07 1.529159e+07 1.334125e+07
2.686797e+06 2.686797e+06 2.686797e+06 2.686797e+06 2.686797e+06 2.686799e+06 2.686803e+06 2.686863e+06 2.687274e+06 2.688967e+06 2.701991e+06 2.735606e+06 2.791888e+06 2.866324e+06 2.952124e+06 3.043177e+06 3.135146e+06 3.561053e+06 3.991744e+06 4.601499e+06 5.544380e+06 6.867032e+06 8.482649e+06 1.194514e+07 1.491535e+07 1.709488e+07 1.858773e+07 1.957965e+07 2.022690e+07 2.018508e+07 1.752356e+07 1.518228e+07 1.324312e+07
2.659321e+06 2.659321e+06 2.659321e+06 2.659321e+06 2.659321e+06 2.659325e+06 2.659338e+06 2.659429e+06 2.659847e+06 2.661504e+06 2.674099e+06 2.706518e+06 2.760755e+06 2.832470e+06 2.915135e+06 3.002891e+06 3.091610e+06 3.508056e+06 3.958215e+06 4.640158e+06 5.714172e+06 7.204944e+06 8.988980e+06 1.268572e+07 1.572609e+07 1.787002e+07 1.927920e+07 2.017181e+07 2.071968e+07 2.019335e+07 1.743477e+07 1.506767e+07 1.314204e+07
2.640717e+06 2.640717e+06 2.640717e+06 2.640717e+06 2.640717e+06 2.640719e+06 2.640725e+06 2.640785e+06 2.641165e+06 2.642721e+06 2.654671e+06 2.685508e+06 2.737145e+06 2.805454e+06 2.884230e+06 2.967915e+06 3.052630e+06 3.457167e+06 3.928500e+06 4.687520e+06 5.893226e+06 7.540890e+06 9.469913e+06 1.334057e+07 1.640564e+07 1.849330e+07 1.981632e+07 2.061728e+07 2.107798e+07 2.015450e+07 1.733346e+07 1.494818e+07 1.303816e+07
2.627677e+06 2.627677e+06 2.627677e+06 2.627677e+06 2.627677e+06 2.627683e+06 2.627702e+06 2.627811e+06 2.628207e+06 2.629724e+06 2.641136e+06 2.670435e+06 2.719424e+06 2.784196e+06 2.858883e+06 2.938254e+06 3.018709e+06 3.410804e+06 3.905680e+06 4.743541e+06 6.073018e+06 7.855332e+06 9.896704e+06 1.387517e+07 1.692554e+07 1.894492e+07 2.018657e+07 2.090877e+07 2.129802e+07 2.007017e+07 1.721933e+07 1.482428e+07 1.293164e+07
2.623307e+06 2.623307e+06 2.623307e+06 2.623307e+06 2.623307e+06 2.623310e+06 2.623318e+06 2.623386e+06 2.623735e+06 2.625136e+06 2.635819e+06 2.663337e+06 2.709394e+06 2.770322e+06 2.840614e+06 2.915383e+06 2.991324e+06 3.370790e+06 3.890379e+06 4.802519e+06 6.237295e+06 8.122242e+06 1.023814e+07 1.426167e+07 1.726842e+07 1.921660e+07 2.038753e+07 2.104715e+07 2.138244e+07 1.994286e+07 1.709231e+07 1.469653e+07 1.282266e+07
2.624925e+06 2.624925e+06 2.624925e+06 2.624925e+06 2.624925e+06 2.624930e+06 2.624946e+06 2.625039e+06 2.625387e+06 2.626723e+06 2.636786e+06 2.662627e+06 2.705841e+06 2.762991e+06 2.828930e+06 2.899126e+06 2.970577e+06 3.337742e+06 3.879750e+06 4.852477e+06 6.363820e+06 8.313562e+06 1.046646e+07 1.448367e+07 1.743031e+07 1.931209e+07 2.042655e+07 2.104097e+07 2.133978e+07 1.977578e+07 1.695252e+07 1.456567e+07 1.271142e+07
2.634593e+06 2.634593e+06 2.634593e+06 2.634593e+06 2.634593e+06 2.634597e+06 2.634611e+06 2.634693e+06 2.635016e+06 2.636259e+06 2.645636e+06 2.669727e+06 2.710022e+06 2.763322e+06 2.824845e+06 2.890413e+06 2.957323e+06 3.311072e+06 3.867007e+06 4.877551e+06 6.430828e+06 8.407842e+06 1.056557e+07 1.454033e+07 1.742124e+07 1.924618e+07 2.031938e+07 2.090507e+07 2.118326e+07 1.957269e+07 1.680028e+07 1.443248e+07 1.259811e+07
2.650734e+06 2.650734e+06 2.650734e+06 2.650734e+06 2.650735e+06 2.650740e+06 2.650757e+06 2.650849e+06 2.651160e+06 2.652327e+06 2.661068e+06 2.683483e+06 2.720956e+06 2.770516e+06 2.827731e+06 2.888754e+06 2.951152e+06 3.288566e+06 3.844438e+06 4.865901e+06 6.427538e+06 8.399992e+06 1.053814e+07 1.444761e+07 1.726352e+07 1.904229e+07 2.008786e+07 2.065868e+07 2.092938e+07 1.933769e+07 1.663608e+07 1.429672e+07 1.248297e+07
2.673785e+06 2.673785e+06 2.673785e+06 2.673785e+06 2.673785e+06 2.673789e+06 2.673800e+06 2.673869e+06 2.674145e+06 2.675212e+06 2.683276e+06 2.703998e+06 2.738662e+06 2.784523e+06 2.837485e+06 2.894009e+06 2.951885e+06 3.269689e+06 3.811710e+06 4.820124e+06 6.362452e+06 8.305626e+06 1.040617e+07 1.423503e+07 1.698786e+07 1.872897e+07 1.975711e+07 2.032331e+07 2.059625e+07 1.907507e+07 1.646055e+07 1.415819e+07 1.236624e+07
2.701549e+06 2.701549e+06 2.701549e+06 2.701549e+06 2.701549e+06 2.701554e+06 2.701571e+06 2.701661e+06 2.701933e+06 2.702940e+06 2.710430e+06 2.729608e+06 2.761656e+06 2.804035e+06 2.852971e+06 2.905207e+06 2.958732e+06 3.255768e+06 3.775669e+06 4.754905e+06 6.258211e+06 8.153869e+06 1.020308e+07 1.393852e+07 1.662798e+07 1.833605e+07 1.935280e+07 1.992070e+07 2.020215e+07 1.878915e+07 1.627447e+07 1.401685e+07 1.224816e+07
2.735218e+06 2.735218e+06 2.735218e+06 2.735218e+06 2.735218e+06 2.735221e+06 2.735230e+06 2.735288e+06 2.735522e+06 2.736428e+06 2.743273e+06 2.760867e+06 2.790303e+06 2.829250e+06 2.874242e+06 2.922293e+06 2.971580e+06 3.247853e+06 3.742531e+06 4.684652e+06 6.137552e+06 7.973843e+06 9.961797e+06 1.359248e+07 1.621554e+07 1.789128e+07 1.889879e+07 1.947117e+07 1.976429e+07 1.848417e+07 1.607871e+07 1.387274e+07 1.212901e+07
2.771936e+06 2.771936e+06 2.771936e+06 2.771936e+06 2.771936e+06 2.771941e+06 2.771956e+06 2.772035e+06 2.772267e+06 2.773120e+06 2.779449e+06 2.795646e+06 2.822709e+06 2.858499e+06 2.899835e+06 2.943988e+06 2.989307e+06 3.245790e+06 3.715009e+06 4.617591e+06 6.015350e+06 7.786291e+06 9.707108e+06 1.322440e+07 1.577666e+07 1.741808e+07 1.841560e+07 1.899249e+07 1.929796e+07 1.816416e+07 1.587422e+07 1.372593e+07 1.200908e+07
2.812983e+06 2.812983e+06 2.812983e+06 2.812983e+06 2.812983e+06 2.812985e+06 2.812992e+06 2.813040e+06 2.813235e+06 2.813996e+06 2.819745e+06 2.834523e+06 2.859245e+06 2.891959e+06 2.929758e+06 2.970157e+06 3.011666e+06 3.249196e+06 3.693719e+06 4.557059e+06 5.899033e+06 7.602976e+06 9.454361e+06 1.285337e+07 1.533073e+07 1.693465e+07 1.791971e+07 1.849934e+07 1.881605e+07 1.783288e+07 1.566203e+07 1.357653e+07 1.188873e+07
2.855648e+06 2.855648e+06 2.855648e+06 2.855648e+06 2.855649e+06 2.855652e+06 2.855663e+06 2.855723e+06 2.855912e+06 2.856618e+06 2.861891e+06 2.875410e+06 2.898011e+06 2.927910e+06 2.962454e+06 2.999384e+06 3.037365e+06 3.257194e+06 3.678289e+06 4.503885e+06 5.791528e+06 7.429459e+06 9.211703e+06 1.249113e+07 1.489083e+07 1.645404e+07 1.742352e+07 1.800315e+07 1.832896e+07 1.749376e+07 1.544318e+07 1.342470e+07 1.176838e+07
2.900117e+06 2.900117e+06 2.900117e+06 2.900117e+06 2.900117e+06 2.900119e+06 2.900128e+06 2.900176e+06 2.900345e+06 2.900984e+06 2.905785e+06 2.918103e+06 2.938702e+06 2.965954e+06 2.997447e+06 3.031131e+06 3.065811e+06 3.269074e+06 3.668100e+06 4.457871e+06 5.693551e+06 7.267821e+06 8.982784e+06 1.214408e+07 1.446500e+07 1.598495e+07 1.693580e+07 1.751241e+07 1.784465e+07 1.714987e+07 1.521874e+07 1.327060e+07 1.164802e+07
2.945606e+06 2.945606e+06 2.945606e+06 2.945606e+06 2.945606e+06 2.945608e+06 2.945614e+06 2.945651e+06 2.945799e+06 2.946375e+06 2.950727e+06 2.961916e+06 2.980638e+06 3.005415e+06 3.034055e+06 3.064706e+06 3.096305e+06 3.284114e+06 3.662461e+06 4.418446e+06 5.604850e+06 7.118401e+06 8.768751e+06 1.181517e+07 1.405764e+07 1.553270e+07 1.646233e+07 1.703307e+07 1.736899e+07 1.680390e+07 1.498976e+07 1.311442e+07 1.152755e+07
2.990512e+06 2.990512e+06 2.990512e+06 2.990512e+06 2.990512e+06 2.990514e+06 2.990520e+06 2.990557e+06 2.990694e+06 2.991220e+06 2.995187e+06 3.005376e+06 3.022421e+06 3.044977e+06 3.071053e+06 3.098975e+06 3.127798e+06 3.301569e+06 3.660725e+06 4.384964e+06 5.524806e+06 6.980734e+06 8.569471e+06 1.150528e+07 1.367071e+07 1.510017e+07 1.600664e+07 1.656901e+07 1.690603e+07 1.645820e+07 1.475728e+07 1.295637e+07 1.140691e+07
3.035469e+06 3.035469e+06 3.035469e+06 3.035469e+06 3.035469e+06 3.035472e+06 3.035481e+06 3.035527e+06 3.035662e+06 3.036152e+06 3.039785e+06 3.049078e+06 3.064602e+06 3.085135e+06 3.108869e+06 3.134291e+06 3.160565e+06 3.321355e+06 3.662536e+06 4.356854e+06 5.452686e+06 6.854013e+06 8.384183e+06 1.121411e+07 1.330466e+07 1.468855e+07 1.557056e+07 1.612256e+07 1.645842e+07 1.611471e+07 1.452227e+07 1.279668e+07 1.128611e+07
3.081579e+06 3.081579e+06 3.081579e+06 3.081579e+06 3.081579e+06 3.081581e+06 3.081584e+06 3.081610e+06 3.081719e+06 3.082149e+06 3.085407e+06 3.093790e+06 3.107823e+06 3.126397e+06 3.147880e+06 3.170910e+06 3.194754e+06 3.343235e+06 3.667439e+06 4.333482e+06 5.387676e+06 6.737271e+06 8.211839e+06 1.094075e+07 1.295902e+07 1.429794e+07 1.515475e+07 1.569487e+07 1.602768e+07 1.577507e+07 1.428568e+07 1.263557e+07 1.116517e+07
3.126478e+06 3.126478e+06 3.126478e+06 3.126478e+06 3.126479e+06 3.126480e+06 3.126486e+06 3.126518e+06 3.126623e+06 3.127019e+06 3.129984e+06 3.137590e+06 3.150310e+06 3.167141e+06 3.186606e+06 3.207484e+06 3.229133e+06 3.366362e+06 3.674714e+06 4.314098e+06 5.328903e+06 6.629478e+06 8.051275e+06 1.068398e+07 1.263279e+07 1.392776e+07 1.475911e+07 1.528628e+07 1.561452e+07 1.544060e+07 1.404837e+07 1.247330e+07 1.104410e+07
3.170678e+06 3.170678e+06 3.170678e+06 3.170678e+06 3.170678e+06 3.170680e+06 3.170686e+06 3.170716e+06 3.170812e+06 3.171171e+06 3.173854e+06 3.180731e+06 3.192228e+06 3.207441e+06 3.225038e+06 3.243925e+06 3.263545e+06 3.390344e+06 3.683828e+06 4.298030e+06 5.275531e+06 6.529622e+06 7.901322e+06 1.044245e+07 1.232474e+07 1.357706e+07 1.438303e+07 1.489656e+07 1.521907e+07 1.511234e+07 1.381113e+07 1.231010e+07 1.092294e+07
3.214325e+06 3.214325e+06 3.214325e+06 3.214325e+06 3.214325e+06 3.214326e+06 3.214330e+06 3.214353e+06 3.214437e+06 3.214758e+06 3.217167e+06 3.223352e+06 3.233698e+06 3.247390e+06 3.263231e+06 3.280246e+06 3.297957e+06 3.414919e+06 3.694327e+06 4.284658e+06 5.226774e+06 6.436745e+06 7.760857e+06 1.021485e+07 1.203353e+07 1.324465e+07 1.402562e+07 1.452511e+07 1.484104e+07 1.479111e+07 1.357470e+07 1.214623e+07 1.080175e+07
3.256726e+06 3.256726e+06 3.256726e+06 3.256726e+06 3.256726e+06 3.256727e+06 3.256730e+06 3.256748e+06 3.256820e+06 3.257105e+06 3.259260e+06 3.264802e+06 3.274076e+06 3.286351e+06 3.300557e+06 3.315827e+06 3.331757e+06 3.439504e+06 3.705630e+06 4.273348e+06 5.181890e+06 6.349958e+06 7.628843e+06 9.999911e+06 1.175783e+07 1.292929e+07 1.368580e+07 1.417113e+07 1.447987e+07 1.447748e+07 1.333973e+07 1.198194e+07 1.068055e+07
3.297410e+06 3.297410e+06 3.297410e+06 3.297410e+06 3.297410e+06 3.297411e+06 3.297414e+06 3.297433e+06 3.297500e+06 3.297756e+06 3.299684e+06 3.304633e+06 3.312910e+06 3.323865e+06 3.336544e+06 3.350188e+06 3.364459e+06 3.463618e+06 3.717258e+06 4.263571e+06 5.140239e+06 6.268478e+06 7.504343e+06 9.796443e+06 1.149636e+07 1.262973e+07 1.336247e+07 1.383366e+07 1.413482e+07 1.417186e+07 1.310678e+07 1.181747e+07 1.055941e+07
3.336670e+06 3.336670e+06 3.336670e+06 3.336670e+06 3.336670e+06 3.336671e+06 3.336675e+06 3.336692e+06 3.336753e+06 3.336981e+06 3.338690e+06 3.343077e+06 3.350411e+06 3.360117e+06 3.371355e+06 3.383463e+06 3.396168e+06 3.487217e+06 3.729014e+06 4.254973e+06 5.101307e+06 6.191626e+06 7.386522e+06 9.603375e+06 1.124792e+07 1.234476e+07 1.305448e+07 1.351173e+07 1.380507e+07 1.387452e+07 1.287637e+07 1.165307e+07 1.043838e+07
3.374729e+06 3.374729e+06 3.374729e+06 3.374729e+06 3.374729e+06 3.374730e+06 3.374733e+06 3.374750e+06 3.374803e+06 3.375004e+06 3.376507e+06 3.380360e+06 3.386800e+06 3.395322e+06 3.405190e+06 3.415836e+06 3.427048e+06 3.510319e+06 3.740751e+06 4.247246e+06 5.064628e+06 6.118786e+06 7.274624e+06 9.419724e+06 1.101140e+07 1.207325e+07 1.276075e+07 1.320431e+07 1.348975e+07 1.358557e+07 1.264891e+07 1.148897e+07 1.031753e+07
3.411580e+06 3.411580e+06 3.411580e+06 3.411580e+06 3.411580e+06 3.411580e+06 3.411581e+06 3.411586e+06 3.411626e+06 3.411794e+06 3.413080e+06 3.416403e+06 3.421968e+06 3.429337e+06 3.437875e+06 3.447103e+06 3.456868e+06 3.532604e+06 3.752098e+06 4.239964e+06 5.029703e+06 6.049364e+06 7.167948e+06 9.244596e+06 1.078579e+07 1.181413e+07 1.248022e+07 1.291046e+07 1.318799e+07 1.330505e+07 1.242478e+07 1.132540e+07 1.019690e+07
3.446142e+06 3.446142e+06 3.446142e+06 3.446142e+06 3.446142e+06 3.446142e+06 3.446142e+06 3.446146e+06 3.446180e+06 3.446321e+06 3.447416e+06 3.450247e+06 3.454989e+06 3.461269e+06 3.468550e+06 3.476435e+06 3.484828e+06 3.553417e+06 3.762509e+06 4.232633e+06 4.996027e+06 5.982798e+06 7.065852e+06 9.077181e+06 1.057014e+07 1.156642e+07 1.221193e+07 1.262922e+07 1.289892e+07 1.303290e+07 1.220427e+07 1.116258e+07 1.007656e+07
3.478060e+06 3.478060e+06 3.478060e+06 3.478060e+06 3.478060e+06 3.478060e+06 3.478060e+06 3.478064e+06 3.478092e+06 3.478210e+06 3.479125e+06 3.481491e+06 3.485455e+06 3.490705e+06 3.496795e+06 3.503410e+06 3.510506e+06 3.572353e+06 3.771602e+06 4.224870e+06 4.963182e+06 5.918605e+06 6.967773e+06 8.916752e+06 1.036363e+07 1.132922e+07 1.195496e+07 1.235973e+07 1.262174e+07 1.276901e+07 1.198764e+07 1.100071e+07 9.956582e+06
3.507465e+06 3.507465e+06 3.507465e+06 3.507465e+06 3.507465e+06 3.507464e+06 3.507463e+06 3.507459e+06 3.507477e+06 3.507568e+06 3.508301e+06 3.510213e+06 3.513425e+06 3.517685e+06 3.522633e+06 3.528032e+06 3.533888e+06 3.589310e+06 3.779206e+06 4.216441e+06 4.930863e+06 5.856395e+06 6.873224e+06 8.762661e+06 1.016550e+07 1.110171e+07 1.170848e+07 1.210115e+07 1.235564e+07 1.251319e+07 1.177506e+07 1.083997e+07 9.837023e+06
3.533772e+06 3.533772e+06 3.533772e+06 3.533772e+06 3.533772e+06 3.533771e+06 3.533770e+06 3.533765e+06 3.533777e+06 3.533847e+06 3.534418e+06 3.535916e+06 3.538438e+06 3.541783e+06 3.545676e+06 3.549950e+06 3.554657e+06 3.604092e+06 3.785167e+06 4.207170e+06 4.898828e+06 5.795840e+06 6.781791e+06 8.614332e+06 9.975048e+06 1.088314e+07 1.147172e+07 1.185274e+07 1.209991e+07 1.226525e+07 1.156670e+07 1.068056e+07 9.717950e+06
3.556811e+06 3.556811e+06 3.556811e+06 3.556811e+06 3.556811e+06 3.556810e+06 3.556809e+06 3.556804e+06 3.556812e+06 3.556863e+06 3.557290e+06 3.558414e+06 3.560308e+06 3.562821e+06 3.565754e+06 3.569002e+06 3.572662e+06 3.616599e+06 3.789394e+06 4.196937e+06 4.866895e+06 5.736673e+06 6.693114e+06 8.471249e+06 9.791672e+06 1.067285e+07 1.124399e+07 1.161380e+07 1.185387e+07 1.202495e+07 1.136266e+07 1.052264e+07 9.599428e+06
3.576829e+06 3.576829e+06 3.576829e+06 3.576829e+06 3.576829e+06 3.576829e+06 3.576827e+06 3.576822e+06 3.576826e+06 3.576860e+06 3.577155e+06 3.577936e+06 3.579255e+06 3.581006e+06 3.583057e+06 3.585366e+06 3.588066e+06 3.626919e+06 3.791911e+06 4.185689e+06 4.834923e+06 5.678663e+06 6.606877e+06 8.332955e+06 9.614814e+06 1.047022e+07 1.102464e+07 1.138367e+07 1.161688e+07 1.179204e+07 1.116300e+07 1.036635e+07 9.481523e+06
3.594102e+06 3.594102e+06 3.594102e+06 3.594102e+06 3.594102e+06 3.594102e+06 3.594100e+06 3.594095e+06 3.594097e+06 3.594116e+06 3.594290e+06 3.594756e+06 3.595544e+06 3.596591e+06 3.597828e+06 3.599266e+06 3.601074e+06 3.635168e+06 3.792745e+06 4.173374e+06 4.802782e+06 5.621601e+06 6.522794e+06 8.199037e+06 9.443977e+06 1.027471e+07 1.081310e+07 1.116178e+07 1.138836e+07 1.156627e+07 1.096777e+07 1.021184e+07 9.364300e+06
3.608897e+06 3.608897e+06 3.608897e+06 3.608897e+06 3.608897e+06 3.608896e+06 3.608893e+06 3.608882e+06 3.608876e+06 3.608875e+06 3.608923e+06 3.609080e+06 3.609357e+06 3.609732e+06 3.610194e+06 3.610806e+06 3.611768e+06 3.641341e+06 3.791841e+06 4.159888e+06 4.770316e+06 5.565273e+06 6.440594e+06 8.069122e+06 9.278712e+06 1.008580e+07 1.060884e+07 1.094758e+07 1.116778e+07 1.134736e+07 1.077697e+07 1.005921e+07 9.247821e+06
3.620684e+06 3.620684e+06 3.620684e+06 3.620684e+06 3.620684e+06 3.620683e+06 3.620680e+06 3.620668e+06 3.620659e+06 3.620644e+06 3.620584e+06 3.620465e+06 3.620281e+06 3.620047e+06 3.619804e+06 3.619662e+06 3.619851e+06 3.645236e+06 3.789035e+06 4.145074e+06 4.737348e+06 5.509470e+06 6.360026e+06 7.942874e+06 9.118615e+06 9.903070e+06 1.041139e+07 1.074059e+07 1.095464e+07 1.113505e+07 1.059059e+07 9.908591e+06 9.132148e+06
3.629333e+06 3.629333e+06 3.629333e+06 3.629333e+06 3.629333e+06 3.629332e+06 3.629329e+06 3.629318e+06 3.629305e+06 3.629279e+06 3.629124e+06 3.628758e+06 3.628160e+06 3.627375e+06 3.626494e+06 3.625668e+06 3.625154e+06 3.646685e+06 3.784168e+06 4.128775e+06 4.703712e+06 5.454000e+06 6.280864e+06 7.819992e+06 8.963321e+06 9.726093e+06 1.022030e+07 1.054036e+07 1.074850e+07 1.092907e+07 1.040861e+07 9.760065e+06 9.017342e+06
3.635068e+06 3.635068e+06 3.635068e+06 3.635068e+06 3.635068e+06 3.635067e+06 3.635065e+06 3.635052e+06 3.635037e+06 3.634998e+06 3.634752e+06 3.634151e+06 3.633160e+06 3.631854e+06 3.630370e+06 3.628900e+06 3.627724e+06 3.645638e+06 3.777152e+06 4.110885e+06 4.669283e+06 5.398711e+06 6.202922e+06 7.700213e+06 8.812507e+06 9.554505e+06 1.003520e+07 1.034648e+07 1.054894e+07 1.072918e+07 1.023097e+07 9.613716e+06 8.903461e+06
3.637939e+06 3.637939e+06 3.637939e+06 3.637939e+06 3.637939e+06 3.637938e+06 3.637934e+06 3.637919e+06 3.637900e+06 3.637847e+06 3.637511e+06 3.636684e+06 3.635317e+06 3.633515e+06 3.631460e+06 3.629380e+06 3.627581e+06 3.642088e+06 3.767963e+06 4.091363e+06 4.633996e+06 5.343504e+06 6.126058e+06 7.583312e+06 8.665882e+06 9.387975e+06 9.855708e+06 1.015857e+07 1.035558e+07 1.053511e+07 1.005762e+07 9.469612e+06 8.790561e+06
3.637786e+06 3.637786e+06 3.637786e+06 3.637786e+06 3.637786e+06 3.637785e+06 3.637781e+06 3.637766e+06 3.637743e+06 3.637681e+06 3.637266e+06 3.636236e+06 3.634529e+06 3.632277e+06 3.629701e+06 3.627065e+06 3.624695e+06 3.636068e+06 3.756648e+06 4.070245e+06 4.597853e+06 5.288336e+06 6.050179e+06 7.469102e+06 8.523190e+06 9.226201e+06 9.681509e+06 9.976302e+06 1.016807e+07 1.034664e+07 9.888475e+06 9.327811e+06 8.678695e+06
3.634751e+06 3.634751e+06 3.634751e+06 3.634751e+06 3.634751e+06 3.634750e+06 3.634747e+06 3.634732e+06 3.634708e+06 3.634637e+06 3.634152e+06 3.632939e+06 3.630924e+06 3.628265e+06 3.625218e+06 3.622079e+06 3.619193e+06 3.627710e+06 3.743342e+06 4.047644e+06 4.560923e+06 5.233218e+06 5.975234e+06 7.357428e+06 8.384205e+06 9.068915e+06 9.512305e+06 9.799356e+06 9.986105e+06 1.016352e+07 9.723464e+06 9.188358e+06 8.567914e+06
3.629056e+06 3.629056e+06 3.629056e+06 3.629056e+06 3.629056e+06 3.629055e+06 3.629052e+06 3.629037e+06 3.629012e+06 3.628934e+06 3.628389e+06 3.627015e+06 3.624729e+06 3.621710e+06 3.618246e+06 3.614661e+06 3.611319e+06 3.617265e+06 3.728273e+06 4.023739e+06 4.523325e+06 5.178199e+06 5.901207e+06 7.248161e+06 8.248726e+06 8.915870e+06 9.347825e+06 9.627450e+06 9.809382e+06 9.985548e+06 9.562497e+06 9.051289e+06 8.458265e+06
3.621236e+06 3.621236e+06 3.621236e+06 3.621236e+06 3.621236e+06 3.621235e+06 3.621233e+06 3.621225e+06 3.621201e+06 3.621120e+06 3.620527e+06 3.619013e+06 3.616485e+06 3.613141e+06 3.609301e+06 3.605312e+06 3.601553e+06 3.605119e+06 3.711738e+06 3.998746e+06 4.485193e+06 5.123339e+06 5.828087e+06 7.141186e+06 8.116571e+06 8.766847e+06 9.187826e+06 9.460326e+06 9.637640e+06 9.812506e+06 9.405484e+06 8.916630e+06 8.349793e+06
3.612044e+06 3.612044e+06 3.612044e+06 3.612044e+06 3.612044e+06 3.612043e+06 3.612041e+06 3.612031e+06 3.612006e+06 3.611916e+06 3.611263e+06 3.609600e+06 3.606825e+06 3.603155e+06 3.598938e+06 3.594547e+06 3.590375e+06 3.591600e+06 3.693965e+06 3.972822e+06 4.446622e+06 5.068673e+06 5.755856e+06 7.036395e+06 7.987573e+06 8.621643e+06 9.032083e+06 9.297749e+06 9.470636e+06 9.644199e+06 9.252331e+06 8.784399e+06 8.242539e+06
3.601211e+06 3.601211e+06 3.601211e+06 3.601211e+06 3.601211e+06 3.601210e+06 3.601207e+06 3.601192e+06 3.601162e+06 3.601062e+06 3.600350e+06 3.598544e+06 3.595535e+06 3.591559e+06 3.586989e+06 3.582222e+06 3.577663e+06 3.576679e+06 3.674977e+06 3.946001e+06 4.407633e+06 5.014193e+06 5.684471e+06 6.933680e+06 7.861579e+06 8.480073e+06 8.880394e+06 9.139503e+06 9.308148e+06 9.480441e+06 9.102940e+06 8.654606e+06 8.136540e+06
3.588300e+06 3.588300e+06 3.588300e+06 3.588300e+06 3.588300e+06 3.588299e+06 3.588296e+06 3.588281e+06 3.588250e+06 3.588145e+06 3.587389e+06 3.585469e+06 3.582266e+06 3.578032e+06 3.573163e+06 3.568075e+06 3.563185e+06 3.560247e+06 3.654735e+06 3.918272e+06 4.368214e+06 4.959869e+06 5.613877e+06 6.832937e+06 7.738445e+06 8.341970e+06 8.732573e+06 8.985394e+06 9.149974e+06 9.321057e+06 8.957215e+06 8.527252e+06 8.031832e+06
3.573695e+06 3.573695e+06 3.573695e+06 3.573695e+06 3.573695e+06 3.573694e+06 3.573692e+06 3.573683e+06 3.573654e+06 3.573547e+06 3.572759e+06 3.570740e+06 3.567365e+06 3.562901e+06 3.557763e+06 3.552385e+06 3.547195e+06 3.542452e+06 3.633316e+06 3.889668e+06 4.328364e+06 4.905673e+06 5.544019e+06 6.734068e+06 7.618042e+06 8.207180e+06 8.588453e+06 8.835243e+06 8.995932e+06 9.165883e+06 8.815057e+06 8.402333e+06 7.928446e+06
3.558029e+06 3.558029e+06 3.558029e+06 3.558029e+06 3.558029e+06 3.558029e+06 3.558027e+06 3.558017e+06 3.557986e+06 3.557874e+06 3.557042e+06 3.554913e+06 3.551355e+06 3.546648e+06 3.541232e+06 3.535554e+06 3.530055e+06 3.523492e+06 3.610819e+06 3.860228e+06 4.288086e+06 4.851581e+06 5.474853e+06 6.636988e+06 7.500255e+06 8.075568e+06 8.447884e+06 8.688891e+06 8.845853e+06 9.014763e+06 8.676370e+06 8.279840e+06 7.826408e+06
3.541080e+06 3.541080e+06 3.541080e+06 3.541080e+06 3.541080e+06 3.541079e+06 3.541076e+06 3.541060e+06 3.541025e+06 3.540903e+06 3.540021e+06 3.537778e+06 3.534036e+06 3.529089e+06 3.523396e+06 3.517424e+06 3.511622e+06 3.503289e+06 3.587205e+06 3.829932e+06 4.247363e+06 4.797569e+06 5.406339e+06 6.541626e+06 7.384984e+06 7.947013e+06 8.310730e+06 8.546193e+06 8.699588e+06 8.867550e+06 8.541057e+06 8.159758e+06 7.725745e+06
3.522278e+06 3.522278e+06 3.522278e+06 3.522278e+06 3.522278e+06 3.522277e+06 3.522274e+06 3.522258e+06 3.522221e+06 3.522095e+06 3.521177e+06 3.518842e+06 3.514945e+06 3.509794e+06 3.503865e+06 3.497640e+06 3.491576e+06 3.481672e+06 3.562399e+06 3.798756e+06 4.206190e+06 4.743630e+06 5.338460e+06 6.447929e+06 7.272145e+06 7.821411e+06 8.176872e+06 8.407018e+06 8.556998e+06 8.724110e+06 8.409024e+06 8.042066e+06 7.626476e+06
3.501765e+06 3.501765e+06 3.501765e+06 3.501765e+06 3.501765e+06 3.501764e+06 3.501762e+06 3.501750e+06 3.501716e+06 3.501589e+06 3.500648e+06 3.498241e+06 3.494217e+06 3.488893e+06 3.482763e+06 3.476322e+06 3.470034e+06 3.458739e+06 3.536485e+06 3.766772e+06 4.164622e+06 4.689799e+06 5.271225e+06 6.355863e+06 7.161671e+06 7.698668e+06 8.046203e+06 8.271249e+06 8.417959e+06 8.584312e+06 8.280178e+06 7.926742e+06 7.528619e+06
3.480148e+06 3.480148e+06 3.480148e+06 3.480148e+06 3.480148e+06 3.480147e+06 3.480145e+06 3.480133e+06 3.480098e+06 3.479967e+06 3.478997e+06 3.476513e+06 3.472363e+06 3.466872e+06 3.460548e+06 3.453900e+06 3.447397e+06 3.434779e+06 3.509671e+06 3.734128e+06 4.122762e+06 4.636140e+06 5.204669e+06 6.265408e+06 7.053505e+06 7.578708e+06 7.918628e+06 8.138781e+06 8.282359e+06 8.448036e+06 8.154430e+06 7.813758e+06 7.432190e+06
3.457527e+06 3.457527e+06 3.457527e+06 3.457527e+06 3.457527e+06 3.457526e+06 3.457524e+06 3.457513e+06 3.457477e+06 3.457343e+06 3.456347e+06 3.453795e+06 3.449529e+06 3.443884e+06 3.437382e+06 3.430541e+06 3.423839e+06 3.409963e+06 3.482111e+06 3.700953e+06 4.080712e+06 4.582726e+06 5.138830e+06 6.176555e+06 6.947603e+06 7.461459e+06 7.794061e+06 8.009518e+06 8.150093e+06 8.315167e+06 8.031690e+06 7.703084e+06 7.337200e+06
3.433994e+06 3.433994e+06 3.433994e+06 3.433994e+06 3.433994e+06 3.433993e+06 3.433991e+06 3.433980e+06 3.433943e+06 3.433806e+06 3.432784e+06 3.430166e+06 3.425790e+06 3.419999e+06 3.413329e+06 3.406307e+06 3.399418e+06 3.384357e+06 3.453885e+06 3.667335e+06 4.038549e+06 4.529613e+06 5.073745e+06 6.089294e+06 6.843924e+06 7.346860e+06 7.672426e+06 7.883372e+06 8.021067e+06 8.185599e+06 7.911874e+06 7.594689e+06 7.243657e+06
3.409584e+06 3.409584e+06 3.409584e+06 3.409584e+06 3.409584e+06 3.409583e+06 3.409582e+06 3.409571e+06 3.409534e+06 3.409395e+06 3.408351e+06 3.405673e+06 3.401195e+06 3.395269e+06 3.388442e+06 3.381253e+06 3.374190e+06 3.358031e+06 3.425076e+06 3.633353e+06 3.996343e+06 4.476856e+06 5.009447e+06 6.003622e+06 6.742433e+06 7.234857e+06 7.553653e+06 7.760264e+06 7.895194e+06 8.059229e+06 7.794898e+06 7.488536e+06 7.151569e+06
3.384466e+06 3.384466e+06 3.384466e+06 3.384466e+06 3.384466e+06 3.384466e+06 3.384464e+06 3.384454e+06 3.384417e+06 3.384275e+06 3.383210e+06 3.380477e+06 3.375904e+06 3.369853e+06 3.362882e+06 3.355538e+06 3.348315e+06 3.331131e+06 3.395803e+06 3.599106e+06 3.954169e+06 4.424507e+06 4.945968e+06 5.919532e+06 6.643099e+06 7.125396e+06 7.437677e+06 7.640119e+06 7.772391e+06 7.935960e+06 7.680680e+06 7.384590e+06 7.060938e+06
3.358781e+06 3.358781e+06 3.358781e+06 3.358781e+06 3.358781e+06 3.358780e+06 3.358779e+06 3.358768e+06 3.358730e+06 3.358586e+06 3.357502e+06 3.354717e+06 3.350059e+06 3.343896e+06 3.336794e+06 3.329310e+06 3.321940e+06 3.303793e+06 3.366184e+06 3.564687e+06 3.912099e+06 4.372618e+06 4.883339e+06 5.837023e+06 6.545892e+06 7.018431e+06 7.324438e+06 7.522866e+06 7.652582e+06 7.815703e+06 7.569145e+06 7.282814e+06 6.971765e+06
