3.285854e+07 1.900512e+07 1.484933e+07 8.524104e+06 7.115169e+06 5.146759e+06 4.539436e+06 4.073978e+06 3.955541e+06 3.847886e+06 3.520513e+06 2.975876e+06 2.376145e+06 1.877652e+06 1.509614e+06 1.245308e+06 1.053555e+06 5.994810e+05 4.437981e+05 3.757380e+05 3.427749e+05 3.263872e+05 3.185673e+05 3.146419e+05 3.163214e+05 3.188373e+05 3.207361e+05 3.218533e+05 3.225278e+05 3.848573e+05 5.634435e+05 7.476967e+05 8.851994e+05
4.314497e+06 4.314504e+06 4.314522e+06 4.314728e+06 4.314172e+06 4.248092e+06 4.139312e+06 3.918379e+06 3.851196e+06 3.773502e+06 3.475311e+06 2.941748e+06 2.347657e+06 1.853607e+06 1.489504e+06 1.228584e+06 1.039648e+06 5.935155e+05 4.408792e+05 3.742095e+05 3.419736e+05 3.260005e+05 3.184285e+05 3.147441e+05 3.165003e+05 3.190217e+05 3.208963e+05 3.219807e+05 3.226244e+05 3.850522e+05 5.638876e+05 7.481942e+05 8.856313e+05
3.880681e+06 3.880683e+06 3.880690e+06 3.880852e+06 3.881172e+06 3.869452e+06 3.846678e+06 3.801602e+06 3.746764e+06 3.687121e+06 3.419568e+06 2.899603e+06 2.312946e+06 1.824834e+06 1.465868e+06 1.209244e+06 1.023790e+06 5.870210e+05 4.377804e+05 3.726140e+05 3.411490e+05 3.256089e+05 3.182928e+05 3.148534e+05 3.166853e+05 3.192100e+05 3.210587e+05 3.221091e+05 3.227212e+05 3.852492e+05 5.643349e+05 7.486941e+05 8.860645e+05
3.726489e+06 3.726490e+06 3.726493e+06 3.726584e+06 3.726806e+06 3.726839e+06 3.707723e+06 3.725883e+06 3.712983e+06 3.656406e+06 3.371497e+06 2.853059e+06 2.272807e+06 1.791548e+06 1.438801e+06 1.187353e+06 1.006037e+06 5.800203e+05 4.345112e+05 3.709563e+05 3.403036e+05 3.252140e+05 3.181611e+05 3.149700e+05 3.168762e+05 3.194023e+05 3.212234e+05 3.222384e+05 3.228180e+05 3.854482e+05 5.647854e+05 7.491963e+05 8.864992e+05
3.658525e+06 3.658526e+06 3.658528e+06 3.658590e+06 3.658755e+06 3.660867e+06 3.655430e+06 3.655138e+06 3.666157e+06 3.637066e+06 3.357486e+06 2.815959e+06 2.230672e+06 1.754810e+06 1.408739e+06 1.163146e+06 9.865366e+05 5.725476e+05 4.310837e+05 3.692416e+05 3.394403e+05 3.248174e+05 3.180344e+05 3.150944e+05 3.170734e+05 3.195986e+05 3.213901e+05 3.223684e+05 3.229148e+05 3.856493e+05 5.652390e+05 7.497009e+05 8.869352e+05
3.633617e+06 3.633617e+06 3.633619e+06 3.633669e+06 3.633807e+06 3.636402e+06 3.637761e+06 3.628983e+06 3.629159e+06 3.603803e+06 3.340050e+06 2.791449e+06 2.194795e+06 1.717501e+06 1.376817e+06 1.137175e+06 9.656014e+05 5.646516e+05 4.275125e+05 3.674760e+05 3.385619e+05 3.244205e+05 3.179134e+05 3.152267e+05 3.172767e+05 3.197987e+05 3.215588e+05 3.224992e+05 3.230116e+05 3.858525e+05 5.656958e+05 7.502078e+05 8.873726e+05
3.637509e+06 3.637510e+06 3.637511e+06 3.637553e+06 3.637671e+06 3.640339e+06 3.644354e+06 3.631891e+06 3.613784e+06 3.571959e+06 3.301801e+06 2.757763e+06 2.161239e+06 1.683969e+06 1.345416e+06 1.110489e+06 9.437873e+05 5.563991e+05 4.238154e+05 3.656664e+05 3.376717e+05 3.240251e+05 3.177992e+05 3.153673e+05 3.174862e+05 3.200027e+05 3.217295e+05 3.226305e+05 3.231081e+05 3.860579e+05 5.661558e+05 7.507171e+05 8.878114e+05
3.663382e+06 3.663383e+06 3.663384e+06 3.663420e+06 3.663524e+06 3.666046e+06 3.668061e+06 3.637052e+06 3.599971e+06 3.536911e+06 3.243807e+06 2.705615e+06 2.120013e+06 1.650030e+06 1.316291e+06 1.084943e+06 9.219886e+05 5.478800e+05 4.200140e+05 3.638204e+05 3.367730e+05 3.236328e+05 3.176926e+05 3.155163e+05 3.177019e+05 3.202104e+05 3.219019e+05 3.227624e+05 3.232044e+05 3.862653e+05 5.666190e+05 7.512288e+05 8.882516e+05
3.706340e+06 3.706338e+06 3.706330e+06 3.706106e+06 3.705545e+06 3.695422e+06 3.674558e+06 3.607284e+06 3.556280e+06 3.478971e+06 3.167293e+06 2.635823e+06 2.067718e+06 1.611697e+06 1.286697e+06 1.060832e+06 9.015165e+05 5.392115e+05 4.161340e+05 3.619466e+05 3.358695e+05 3.232455e+05 3.175945e+05 3.156740e+05 3.179238e+05 3.204218e+05 3.220760e+05 3.228946e+05 3.233004e+05 3.864750e+05 5.670855e+05 7.517428e+05 8.886931e+05
3.598150e+06 3.598150e+06 3.598149e+06 3.598109e+06 3.597939e+06 3.591845e+06 3.573875e+06 3.511056e+06 3.462135e+06 3.385002e+06 3.072919e+06 2.553349e+06 2.005944e+06 1.567978e+06 1.255011e+06 1.036600e+06 8.820077e+05 5.305421e+05 4.122065e+05 3.600549e+05 3.349653e+05 3.228649e+05 3.175058e+05 3.158406e+05 3.181518e+05 3.206367e+05 3.222517e+05 3.230271e+05 3.233960e+05 3.866868e+05 5.675553e+05 7.522592e+05 8.891361e+05
3.405287e+06 3.405287e+06 3.405286e+06 3.405280e+06 3.405256e+06 3.404172e+06 3.398883e+06 3.365314e+06 3.328950e+06 3.262002e+06 2.965425e+06 2.463996e+06 1.938603e+06 1.520064e+06 1.220944e+06 1.011499e+06 8.626115e+05 5.220571e+05 4.082686e+05 3.581568e+05 3.340647e+05 3.224931e+05 3.174275e+05 3.160162e+05 3.183860e+05 3.208550e+05 3.224289e+05 3.231598e+05 3.234910e+05 3.869008e+05 5.680283e+05 7.527780e+05 8.895804e+05
2.291392e+06 2.291392e+06 2.291392e+06 2.291392e+06 2.291391e+06 2.291335e+06 2.291056e+06 2.288574e+06 2.280564e+06 2.253809e+06 2.083555e+06 1.754967e+06 1.398419e+06 1.113769e+06 9.127333e+05 7.742813e+05 6.773530e+05 4.567711e+05 3.783863e+05 3.428801e+05 3.267164e+05 3.198535e+05 3.174732e+05 3.183047e+05 3.210417e+05 3.231915e+05 3.242452e+05 3.244665e+05 3.243884e+05 3.891674e+05 5.729424e+05 7.580981e+05 8.940997e+05
1.836508e+06 1.836508e+06 1.836508e+06 1.836508e+06 1.836509e+06 1.836521e+06 1.836527e+06 1.835757e+06 1.830472e+06 1.810672e+06 1.679482e+06 1.423425e+06 1.144739e+06 9.220279e+05 7.646814e+05 6.563794e+05 5.807827e+05 4.148575e+05 3.632000e+05 3.402971e+05 3.285088e+05 3.227613e+05 3.206699e+05 3.218019e+05 3.242016e+05 3.256752e+05 3.260142e+05 3.256286e+05 3.251068e+05 3.916801e+05 5.782022e+05 7.636615e+05 8.987569e+05
1.613163e+06 1.613163e+06 1.613163e+06 1.613164e+06 1.613164e+06 1.613163e+06 1.613148e+06 1.612469e+06 1.607942e+06 1.590965e+06 1.478502e+06 1.259252e+06 1.021082e+06 8.312604e+05 6.975956e+05 6.059064e+05 5.420721e+05 4.018366e+05 3.591636e+05 3.428356e+05 3.354878e+05 3.315529e+05 3.293168e+05 3.277285e+05 3.279944e+05 3.281741e+05 3.275616e+05 3.264914e+05 3.255259e+05 3.944651e+05 5.838238e+05 7.694718e+05 9.035509e+05
1.465124e+06 1.465124e+06 1.465124e+06 1.465124e+06 1.465123e+06 1.465095e+06 1.465000e+06 1.464127e+06 1.459986e+06 1.444924e+06 1.346082e+06 1.153982e+06 9.456066e+05 7.797074e+05 6.630006e+05 5.830161e+05 5.273673e+05 4.045671e+05 3.655550e+05 3.501116e+05 3.438362e+05 3.409985e+05 3.391844e+05 3.360565e+05 3.332373e+05 3.308523e+05 3.288360e+05 3.269611e+05 3.255602e+05 3.975523e+05 5.898230e+05 7.755321e+05 9.084801e+05
1.330029e+06 1.330029e+06 1.330029e+06 1.330029e+06 1.330028e+06 1.330017e+06 1.329975e+06 1.329360e+06 1.325869e+06 1.312955e+06 1.227818e+06 1.062148e+06 8.823272e+05 7.390445e+05 6.381227e+05 5.688325e+05 5.205091e+05 4.127939e+05 3.767785e+05 3.607913e+05 3.533201e+05 3.497532e+05 3.476461e+05 3.437157e+05 3.389830e+05 3.342104e+05 3.301029e+05 3.270937e+05 3.252121e+05 4.009765e+05 5.962150e+05 7.818446e+05 9.135425e+05
1.205784e+06 1.205784e+06 1.205784e+06 1.205784e+06 1.205784e+06 1.205777e+06 1.205752e+06 1.205293e+06 1.202386e+06 1.191489e+06 1.119300e+06 9.785237e+05 8.254562e+05 7.032365e+05 6.169148e+05 5.574381e+05 5.157754e+05 4.214666e+05 3.882306e+05 3.718037e+05 3.626818e+05 3.574159e+05 3.540920e+05 3.489682e+05 3.432632e+05 3.371281e+05 3.315482e+05 3.272323e+05 3.246333e+05 4.047787e+05 6.030146e+05 7.884105e+05 9.187355e+05
1.098099e+06 1.098099e+06 1.098099e+06 1.098099e+06 1.098098e+06 1.098090e+06 1.098060e+06 1.097641e+06 1.095155e+06 1.085888e+06 1.024583e+06 9.050219e+05 7.749158e+05 6.708610e+05 5.971711e+05 5.461976e+05 5.103042e+05 4.275283e+05 3.967869e+05 3.802993e+05 3.699357e+05 3.630184e+05 3.581907e+05 3.513313e+05 3.450487e+05 3.384670e+05 3.322795e+05 3.273274e+05 3.241831e+05 4.090073e+05 6.102362e+05 7.952302e+05 9.240559e+05
1.002925e+06 1.002925e+06 1.002925e+06 1.002925e+06 1.002924e+06 1.002921e+06 1.002909e+06 1.002603e+06 1.000530e+06 9.927057e+05 9.407147e+05 8.391047e+05 7.283359e+05 6.395491e+05 5.764798e+05 5.326731e+05 5.016636e+05 4.288246e+05 4.004774e+05 3.843852e+05 3.734670e+05 3.654870e+05 3.594695e+05 3.508925e+05 3.441387e+05 3.377008e+05 3.316887e+05 3.268041e+05 3.236890e+05 4.137197e+05 6.178933e+05 8.023030e+05 9.294998e+05
9.200756e+05 9.200756e+05 9.200756e+05 9.200756e+05 9.200755e+05 9.200720e+05 9.200603e+05 9.197917e+05 9.180125e+05 9.113118e+05 8.667875e+05 7.797082e+05 6.846635e+05 6.083329e+05 5.539545e+05 5.160327e+05 4.890521e+05 4.246230e+05 3.986354e+05 3.833710e+05 3.725717e+05 3.642479e+05 3.576301e+05 3.479056e+05 3.408332e+05 3.348458e+05 3.295633e+05 3.253695e+05 3.228371e+05 4.189838e+05 6.259991e+05 8.096273e+05 9.350630e+05
8.462076e+05 8.462076e+05 8.462076e+05 8.462076e+05 8.462075e+05 8.462057e+05 8.461993e+05 8.459832e+05 8.444597e+05 8.386886e+05 8.002457e+05 7.249505e+05 6.426549e+05 5.764475e+05 5.291685e+05 4.960937e+05 4.724697e+05 4.153576e+05 3.917583e+05 3.776521e+05 3.674817e+05 3.594193e+05 3.527892e+05 3.427232e+05 3.356361e+05 3.302765e+05 3.260408e+05 3.229902e+05 3.215178e+05 4.248790e+05 6.345660e+05 8.172006e+05 9.407406e+05
7.811960e+05 7.811960e+05 7.811960e+05 7.811959e+05 7.811959e+05 7.811939e+05 7.811871e+05 7.809966e+05 7.796661e+05 7.746243e+05 7.410173e+05 6.751464e+05 6.030863e+05 5.450357e+05 5.034989e+05 4.743618e+05 4.534798e+05 4.025034e+05 3.811409e+05 3.683288e+05 3.590746e+05 3.516680e+05 3.454664e+05 3.358145e+05 3.291042e+05 3.245261e+05 3.214949e+05 3.198558e+05 3.197913e+05 4.314983e+05 6.436064e+05 8.250191e+05 9.465270e+05
7.236651e+05 7.236651e+05 7.236651e+05 7.236651e+05 7.236651e+05 7.236644e+05 7.236619e+05 7.235077e+05 7.223446e+05 7.179085e+05 6.882622e+05 6.300655e+05 5.663087e+05 5.148574e+05 4.779623e+05 4.520143e+05 4.333652e+05 3.875398e+05 3.682318e+05 3.567217e+05 3.484902e+05 3.419335e+05 3.364220e+05 3.277441e+05 3.217914e+05 3.181567e+05 3.164094e+05 3.163084e+05 3.178605e+05 4.389503e+05 6.531319e+05 8.330785e+05 9.524163e+05
6.736611e+05 6.736611e+05 6.736611e+05 6.736611e+05 6.736610e+05 6.736598e+05 6.736556e+05 6.735107e+05 6.724643e+05 6.684841e+05 6.419017e+05 5.897229e+05 5.325511e+05 4.863983e+05 4.532820e+05 4.299689e+05 4.131915e+05 3.718152e+05 3.543582e+05 3.440664e+05 3.368411e+05 3.311842e+05 3.264776e+05 3.191156e+05 3.142283e+05 3.116970e+05 3.112862e+05 3.127648e+05 3.160271e+05 4.473661e+05 6.631543e+05 8.413732e+05 9.584019e+05
6.294187e+05 6.294187e+05 6.294187e+05 6.294187e+05 6.294187e+05 6.294186e+05 6.294181e+05 6.293001e+05 6.283668e+05 6.247926e+05 6.008640e+05 5.538366e+05 5.022500e+05 4.605465e+05 4.305692e+05 4.094223e+05 3.941713e+05 3.564221e+05 3.405443e+05 3.313433e+05 3.250529e+05 3.202694e+05 3.163906e+05 3.105141e+05 3.069089e+05 3.056237e+05 3.065955e+05 3.096544e+05 3.146430e+05 4.569217e+05 6.736854e+05 8.498970e+05 9.644768e+05
5.913722e+05 5.913722e+05 5.913722e+05 5.913722e+05 5.913722e+05 5.913713e+05 5.913688e+05 5.912556e+05 5.904000e+05 5.871319e+05 5.652669e+05 5.222999e+05 4.751646e+05 4.370536e+05 4.096521e+05 3.903170e+05 3.763692e+05 3.418591e+05 3.274481e+05 3.192568e+05 3.138321e+05 3.098721e+05 3.068009e+05 3.024704e+05 3.002846e+05 3.003608e+05 3.027590e+05 3.073843e+05 3.140700e+05 4.677006e+05 6.847372e+05 8.586428e+05 9.706336e+05
5.580840e+05 5.580840e+05 5.580840e+05 5.580840e+05 5.580840e+05 5.580840e+05 5.580838e+05 5.579862e+05 5.572031e+05 5.542007e+05 5.340927e+05 4.945686e+05 4.512082e+05 4.161505e+05 3.909469e+05 3.731661e+05 3.603435e+05 3.286792e+05 3.155943e+05 3.083318e+05 3.037113e+05 3.005256e+05 2.982298e+05 2.954506e+05 2.947632e+05 2.962864e+05 3.001499e+05 3.063233e+05 3.146543e+05 4.796717e+05 6.963225e+05 8.676030e+05 9.768645e+05
5.292529e+05 5.292529e+05 5.292529e+05 5.292529e+05 5.292530e+05 5.292533e+05 5.292545e+05 5.291705e+05 5.284512e+05 5.256810e+05 5.071019e+05 4.705648e+05 4.304673e+05 3.980368e+05 3.747153e+05 3.582604e+05 3.463964e+05 3.171955e+05 3.053274e+05 2.989476e+05 2.950968e+05 2.926530e+05 2.911056e+05 2.898621e+05 2.907140e+05 2.937426e+05 2.991000e+05 3.068000e+05 3.167129e+05 4.928237e+05 7.084556e+05 8.767694e+05 9.831611e+05
5.049364e+05 5.049364e+05 5.049364e+05 5.049364e+05 5.049365e+05 5.049372e+05 5.049396e+05 5.048661e+05 5.041974e+05 5.016127e+05 4.842617e+05 4.501401e+05 4.127085e+05 3.824573e+05 3.607301e+05 3.454279e+05 3.344214e+05 3.075688e+05 2.969251e+05 2.914277e+05 2.883346e+05 2.866138e+05 2.857953e+05 2.860672e+05 2.884754e+05 2.930426e+05 2.999082e+05 3.091067e+05 3.205297e+05 5.071465e+05 7.211526e+05 8.861333e+05 9.895151e+05
4.849742e+05 4.849742e+05 4.849742e+05 4.849742e+05 4.849742e+05 4.849744e+05 4.849749e+05 4.848985e+05 4.842636e+05 4.818234e+05 4.654768e+05 4.333650e+05 3.981763e+05 3.697800e+05 3.494285e+05 3.351364e+05 3.248937e+05 3.002086e+05 2.907375e+05 2.860964e+05 2.837431e+05 2.827306e+05 2.826275e+05 2.843968e+05 2.883620e+05 2.944780e+05 3.028467e+05 3.135033e+05 3.263548e+05 5.226265e+05 7.344336e+05 8.956861e+05 9.959179e+05
4.685809e+05 4.685809e+05 4.685809e+05 4.685809e+05 4.685810e+05 4.685828e+05 4.685885e+05 4.685362e+05 4.679508e+05 4.656640e+05 4.502779e+05 4.200302e+05 3.868960e+05 3.601854e+05 3.410764e+05 3.276926e+05 3.181353e+05 2.954079e+05 2.870342e+05 2.832237e+05 2.816028e+05 2.812960e+05 2.819054e+05 2.851608e+05 2.906708e+05 2.983217e+05 3.081647e+05 3.202209e+05 3.344059e+05 5.392455e+05 7.483259e+05 9.054190e+05 1.002361e+06
4.568390e+05 4.568390e+05 4.568390e+05 4.568391e+05 4.568391e+05 4.568402e+05 4.568437e+05 4.567868e+05 4.562247e+05 4.540424e+05 4.393912e+05 4.106207e+05 3.791429e+05 3.538131e+05 3.357411e+05 3.231329e+05 3.141755e+05 2.932744e+05 2.860038e+05 2.830484e+05 2.821827e+05 2.825974e+05 2.839264e+05 2.886589e+05 2.956844e+05 3.048287e+05 3.160889e+05 3.294626e+05 3.448683e+05 5.569794e+05 7.628771e+05 9.153234e+05 1.008834e+06
4.486977e+05 4.486977e+05 4.486977e+05 4.486977e+05 4.486978e+05 4.487003e+05 4.487082e+05 4.486708e+05 4.481445e+05 4.460694e+05 4.320835e+05 4.046140e+05 3.745952e+05 3.504963e+05 3.333676e+05 3.214825e+05 3.130991e+05 2.940381e+05 2.879253e+05 2.858702e+05 2.857913e+05 2.869454e+05 2.889987e+05 2.951840e+05 3.036690e+05 3.142325e+05 3.268200e+05 3.414015e+05 3.578939e+05 5.757983e+05 7.781109e+05 9.253912e+05 1.015330e+06
4.451077e+05 4.451077e+05 4.451077e+05 4.451077e+05 4.451077e+05 4.451092e+05 4.451136e+05 4.450661e+05 4.445516e+05 4.425452e+05 4.290713e+05 4.026602e+05 3.738617e+05 3.508165e+05 3.345146e+05 3.232788e+05 3.154231e+05 2.981373e+05 2.931945e+05 2.920588e+05 2.927782e+05 2.946716e+05 2.974365e+05 3.050149e+05 3.148667e+05 3.267374e+05 3.405268e+05 3.561768e+05 3.735991e+05 5.956657e+05 7.939491e+05 9.356151e+05 1.021840e+06
4.453956e+05 4.453956e+05 4.453956e+05 4.453956e+05 4.453957e+05 4.453993e+05 4.454099e+05 4.453879e+05 4.449086e+05 4.429937e+05 4.300546e+05 4.046755e+05 3.770412e+05 3.549951e+05 3.394787e+05 3.288641e+05 3.215178e+05 3.059807e+05 3.022075e+05 3.019870e+05 3.034901e+05 3.060960e+05 3.095339e+05 3.183980e+05 3.294810e+05 3.425075e+05 3.573386e+05 3.738880e+05 3.920608e+05 6.165379e+05 8.103226e+05 9.459889e+05 1.028355e+06
4.515649e+05 4.515649e+05 4.515649e+05 4.515650e+05 4.515650e+05 4.515674e+05 4.515748e+05 4.515427e+05 4.510680e+05 4.491925e+05 4.365696e+05 4.118703e+05 3.850516e+05 3.637458e+05 3.488456e+05 3.387453e+05 3.318409e+05 3.179427e+05 3.153153e+05 3.159819e+05 3.182254e+05 3.214870e+05 3.255306e+05 3.355231e+05 3.476601e+05 3.616551e+05 3.773360e+05 3.945897e+05 4.133130e+05 6.383636e+05 8.271651e+05 9.565085e+05 1.034866e+06
4.623522e+05 4.623522e+05 4.623522e+05 4.623522e+05 4.623523e+05 4.623556e+05 4.623659e+05 4.623469e+05 4.618916e+05 4.600691e+05 4.477667e+05 4.237086e+05 3.976465e+05 3.770284e+05 3.627066e+05 3.530955e+05 3.466167e+05 3.343198e+05 3.327968e+05 3.342878e+05 3.371934e+05 3.410229e+05 3.455785e+05 3.565007e+05 3.694821e+05 3.842302e+05 4.005440e+05 4.182858e+05 4.373437e+05 6.610832e+05 8.444092e+05 9.671724e+05 1.041367e+06
4.785009e+05 4.785009e+05 4.785009e+05 4.785009e+05 4.785011e+05 4.785053e+05 4.785185e+05 4.785107e+05 4.780705e+05 4.762885e+05 4.642370e+05 4.406944e+05 4.152588e+05 3.952284e+05 3.814152e+05 3.722445e+05 3.661548e+05 3.553368e+05 3.548089e+05 3.570124e+05 3.604686e+05 3.647561e+05 3.697146e+05 3.813464e+05 3.949455e+05 4.102143e+05 4.269278e+05 4.449269e+05 4.640923e+05 6.846283e+05 8.619855e+05 9.779837e+05 1.047850e+06
5.001364e+05 5.001364e+05 5.001364e+05 5.001365e+05 5.001365e+05 5.001401e+05 5.001517e+05 5.001405e+05 4.997049e+05 4.979479e+05 4.860829e+05 4.629455e+05 4.380157e+05 4.184696e+05 4.050832e+05 3.962870e+05 3.905311e+05 3.809830e+05 3.812887e+05 3.840706e+05 3.879606e+05 3.925979e+05 3.978543e+05 4.099806e+05 4.239687e+05 4.395192e+05 4.563905e+05 4.744085e+05 4.934495e+05 7.089217e+05 8.798229e+05 9.889559e+05 1.054309e+06
5.270881e+05 5.270881e+05 5.270881e+05 5.270882e+05 5.270882e+05 5.270906e+05 5.270980e+05 5.270736e+05 5.266339e+05 5.248850e+05 5.131285e+05 4.902592e+05 4.656866e+05 4.464998e+05 4.334419e+05 4.249415e+05 4.194535e+05 4.109457e+05 4.119425e+05 4.152021e+05 4.194415e+05 4.243471e+05 4.298153e+05 4.422417e+05 4.563964e+05 4.719894e+05 4.887748e+05 5.065720e+05 5.252572e+05 7.338771e+05 8.978490e+05 1.000108e+06 1.060738e+06
5.578595e+05 5.578595e+05 5.578595e+05 5.578595e+05 5.578596e+05 5.578640e+05 5.578776e+05 5.578736e+05 5.574509e+05 5.557346e+05 5.441425e+05 5.215880e+05 4.973895e+05 4.785529e+05 4.658007e+05 4.575687e+05 4.523213e+05 4.447530e+05 4.463880e+05 4.500867e+05 4.546324e+05 4.597505e+05 4.653600e+05 4.779061e+05 4.920092e+05 5.074075e+05 5.238657e+05 5.412066e+05 5.593111e+05 7.593997e+05 9.159908e+05 1.011386e+06 1.067132e+06
5.928563e+05 5.928563e+05 5.928563e+05 5.928564e+05 5.928564e+05 5.928588e+05 5.928663e+05 5.928395e+05 5.924039e+05 5.906805e+05 5.791297e+05 5.567283e+05 5.327644e+05 5.141871e+05 5.016898e+05 4.937001e+05 4.886814e+05 4.820552e+05 4.843352e+05 4.884597e+05 4.932753e+05 4.985484e+05 5.042238e+05 5.166992e+05 5.305284e+05 5.454970e+05 5.613935e+05 5.780526e+05 5.953639e+05 7.853868e+05 9.341755e+05 1.022737e+06 1.073488e+06
6.305003e+05 6.305003e+05 6.305003e+05 6.305004e+05 6.305005e+05 6.305050e+05 6.305190e+05 6.305181e+05 6.301047e+05 6.284191e+05 6.170333e+05 5.949295e+05 5.713179e+05 5.530756e+05 5.408777e+05 5.331562e+05 5.283814e+05 5.227131e+05 5.256130e+05 5.301106e+05 5.351225e+05 5.404613e+05 5.461027e+05 5.582892e+05 5.716153e+05 5.859246e+05 6.010376e+05 6.168056e+05 6.331295e+05 8.117289e+05 9.523313e+05 1.034114e+06 1.079804e+06
6.724534e+05 6.724534e+05 6.724534e+05 6.724535e+05 6.724536e+05 6.724562e+05 6.724643e+05 6.724407e+05 6.720128e+05 6.703155e+05 6.589448e+05 6.369456e+05 6.135158e+05 5.954894e+05 5.835135e+05 5.760089e+05 5.714413e+05 5.666161e+05 5.700264e+05 5.747745e+05 5.798539e+05 5.851301e+05 5.906124e+05 6.022704e+05 6.148669e+05 6.283026e+05 6.424311e+05 6.571223e+05 6.722890e+05 8.383107e+05 9.703883e+05 1.045474e+06 1.086081e+06
7.168711e+05 7.168711e+05 7.168711e+05 7.168711e+05 7.168713e+05 7.168755e+05 7.168889e+05 7.168860e+05 7.164760e+05 7.148097e+05 7.035766e+05 6.818281e+05 6.586972e+05 6.409561e+05 6.292341e+05 6.219538e+05 6.175855e+05 6.134596e+05 6.171882e+05 6.220033e+05 6.269875e+05 6.320574e+05 6.372516e+05 6.481536e+05 6.598183e+05 6.721954e+05 6.851692e+05 6.986287e+05 7.124982e+05 8.650130e+05 9.882789e+05 1.056775e+06 1.092321e+06
7.650252e+05 7.650252e+05 7.650252e+05 7.650252e+05 7.650253e+05 7.650275e+05 7.650342e+05 7.650064e+05 7.645805e+05 7.629004e+05 7.516705e+05 7.299953e+05 7.069937e+05 6.893998e+05 6.778194e+05 6.706666e+05 6.664098e+05 6.626208e+05 6.664086e+05 6.711055e+05 6.758535e+05 6.806017e+05 6.854079e+05 6.953793e+05 7.059567e+05 7.171322e+05 7.288204e+05 7.409296e+05 7.533963e+05 8.917141e+05 1.005939e+06 1.067975e+06 1.098533e+06
8.146903e+05 8.146903e+05 8.146903e+05 8.146904e+05 8.146905e+05 8.146942e+05 8.147057e+05 8.146947e+05 8.142820e+05 8.126233e+05 8.014819e+05 7.799494e+05 7.570923e+05 7.396110e+05 7.281104e+05 7.210137e+05 7.167967e+05 7.130659e+05 7.167562e+05 7.212396e+05 7.256823e+05 7.300510e+05 7.344156e+05 7.433543e+05 7.527455e+05 7.626254e+05 7.729408e+05 7.836211e+05 7.946159e+05 9.182916e+05 1.023307e+06 1.079034e+06 1.104736e+06
8.665527e+05 8.665527e+05 8.665527e+05 8.665527e+05 8.665528e+05 8.665541e+05 8.665596e+05 8.665276e+05 8.660973e+05 8.644079e+05 8.531304e+05 8.313713e+05 8.082889e+05 7.906440e+05 7.790411e+05 7.718840e+05 7.676316e+05 7.638210e+05 7.673778e+05 7.716290e+05 7.757516e+05 7.797252e+05 7.836307e+05 7.914947e+05 7.996530e+05 8.081905e+05 8.170893e+05 8.263023e+05 8.357930e+05 9.446243e+05 1.040326e+06 1.089915e+06 1.110907e+06
9.182212e+05 9.182212e+05 9.182212e+05 9.182212e+05 9.182213e+05 9.182217e+05 9.182229e+05 9.181739e+05 9.177274e+05 9.160067e+05 9.045803e+05 8.825688e+05 8.592378e+05 8.414155e+05 8.297037e+05 8.224826e+05 8.181914e+05 8.142717e+05 8.176653e+05 8.216670e+05 8.254607e+05 8.290339e+05 8.324758e+05 8.392565e+05 8.461741e+05 8.533631e+05 8.608420e+05 8.685873e+05 8.765769e+05 9.705940e+05 1.056944e+06 1.100580e+06 1.117015e+06
9.679445e+05 9.679445e+05 9.679445e+05 9.679445e+05 9.679446e+05 9.679468e+05 9.679538e+05 9.679254e+05 9.674934e+05 9.657904e+05 9.544071e+05 9.324365e+05 9.091302e+05 8.913155e+05 8.795988e+05 8.723646e+05 8.680541e+05 8.639805e+05 8.671514e+05 8.708669e+05 8.743097e+05 8.774701e+05 8.804432e+05 8.861463e+05 8.918435e+05 8.977123e+05 9.038033e+05 9.101149e+05 9.166385e+05 9.960871e+05 1.073112e+06 1.110995e+06 1.123033e+06
1.017450e+06 1.017450e+06 1.017450e+06 1.017450e+06 1.017450e+06 1.017451e+06 1.017452e+06 1.017403e+06 1.016954e+06 1.015229e+06 1.003771e+06 9.816894e+05 9.582674e+05 9.403544e+05 9.285584e+05 9.212574e+05 9.168875e+05 9.125439e+05 9.154236e+05 9.188013e+05 9.218560e+05 9.245813e+05 9.270772e+05 9.317194e+05 9.362413e+05 9.408487e+05 9.456152e+05 9.505571e+05 9.556777e+05 1.020996e+06 1.088788e+06 1.121126e+06 1.128939e+06
1.064393e+06 1.064393e+06 1.064393e+06 1.064393e+06 1.064393e+06 1.064394e+06 1.064397e+06 1.064350e+06 1.063906e+06 1.062193e+06 1.050799e+06 1.028826e+06 1.005504e+06 9.876540e+05 9.758822e+05 9.685771e+05 9.641834e+05 9.595748e+05 9.620877e+05 9.650552e+05 9.676726e+05 9.699389e+05 9.719556e+05 9.755779e+05 9.789989e+05 9.824321e+05 9.859644e+05 9.896254e+05 9.934294e+05 1.045221e+06 1.103931e+06 1.130944e+06 1.134712e+06
1.109179e+06 1.109179e+06 1.109179e+06 1.109179e+06 1.109179e+06 1.109181e+06 1.109185e+06 1.109144e+06 1.108709e+06 1.107017e+06 1.095736e+06 1.073954e+06 1.050818e+06 1.033090e+06 1.021375e+06 1.014078e+06 1.009657e+06 1.004671e+06 1.006690e+06 1.009169e+06 1.011318e+06 1.013128e+06 1.014691e+06 1.017379e+06 1.019807e+06 1.022178e+06 1.024588e+06 1.027076e+06 1.029667e+06 1.068671e+06 1.118509e+06 1.140420e+06 1.140333e+06
1.152763e+06 1.152763e+06 1.152763e+06 1.152763e+06 1.152763e+06 1.152765e+06 1.152768e+06 1.152727e+06 1.152293e+06 1.150609e+06 1.139378e+06 1.117667e+06 1.094559e+06 1.076793e+06 1.064988e+06 1.057568e+06 1.053006e+06 1.047283e+06 1.048686e+06 1.050666e+06 1.052384e+06 1.053795e+06 1.054968e+06 1.056859e+06 1.058426e+06 1.059866e+06 1.061277e+06 1.062711e+06 1.064204e+06 1.091264e+06 1.132491e+06 1.149528e+06 1.145782e+06
1.194739e+06 1.194739e+06 1.194739e+06 1.194739e+06 1.194739e+06 1.194739e+06 1.194739e+06 1.194685e+06 1.194241e+06 1.192538e+06 1.181209e+06 1.159290e+06 1.135906e+06 1.117856e+06 1.105786e+06 1.098124e+06 1.093343e+06 1.086783e+06 1.087645e+06 1.089232e+06 1.090624e+06 1.091732e+06 1.092602e+06 1.093849e+06 1.094697e+06 1.095337e+06 1.095877e+06 1.096382e+06 1.096896e+06 1.112928e+06 1.145851e+06 1.158247e+06 1.151043e+06
1.233663e+06 1.233663e+06 1.233663e+06 1.233663e+06 1.233663e+06 1.233663e+06 1.233661e+06 1.233598e+06 1.233140e+06 1.231399e+06 1.219845e+06 1.197500e+06 1.173654e+06 1.155230e+06 1.142886e+06 1.135022e+06 1.130084e+06 1.123020e+06 1.123548e+06 1.124873e+06 1.126032e+06 1.126915e+06 1.127552e+06 1.128284e+06 1.128535e+06 1.128496e+06 1.128286e+06 1.127981e+06 1.127636e+06 1.133602e+06 1.158570e+06 1.166556e+06 1.156100e+06
1.268752e+06 1.268752e+06 1.268752e+06 1.268752e+06 1.268752e+06 1.268752e+06 1.268754e+06 1.268703e+06 1.268250e+06 1.266505e+06 1.254871e+06 1.232327e+06 1.208237e+06 1.189592e+06 1.177069e+06 1.169060e+06 1.164001e+06 1.156500e+06 1.156721e+06 1.157804e+06 1.158754e+06 1.159439e+06 1.159876e+06 1.160169e+06 1.159912e+06 1.159295e+06 1.158444e+06 1.157442e+06 1.156353e+06 1.153235e+06 1.170631e+06 1.174439e+06 1.160938e+06
1.301591e+06 1.301591e+06 1.301591e+06 1.301591e+06 1.301591e+06 1.301591e+06 1.301593e+06 1.301542e+06 1.301088e+06 1.299333e+06 1.287619e+06 1.264897e+06 1.240580e+06 1.221720e+06 1.209009e+06 1.200837e+06 1.195633e+06 1.187574e+06 1.187410e+06 1.188211e+06 1.188932e+06 1.189413e+06 1.189653e+06 1.189540e+06 1.188837e+06 1.187723e+06 1.186326e+06 1.184732e+06 1.183009e+06 1.171788e+06 1.182021e+06 1.181880e+06 1.165543e+06
1.332580e+06 1.332580e+06 1.332580e+06 1.332580e+06 1.332580e+06 1.332579e+06 1.332578e+06 1.332514e+06 1.332046e+06 1.330265e+06 1.318417e+06 1.295434e+06 1.270809e+06 1.251668e+06 1.238719e+06 1.230345e+06 1.224966e+06 1.216265e+06 1.215680e+06 1.216173e+06 1.216648e+06 1.216911e+06 1.216948e+06 1.216441e+06 1.215334e+06 1.213792e+06 1.211933e+06 1.209844e+06 1.207590e+06 1.189231e+06 1.192731e+06 1.188870e+06 1.169903e+06
1.360341e+06 1.360341e+06 1.360341e+06 1.360341e+06 1.360341e+06 1.360341e+06 1.360339e+06 1.360276e+06 1.359806e+06 1.358018e+06 1.346108e+06 1.322985e+06 1.298182e+06 1.278867e+06 1.265763e+06 1.257249e+06 1.251743e+06 1.242518e+06 1.241542e+06 1.241726e+06 1.241940e+06 1.241972e+06 1.241798e+06 1.240905e+06 1.239434e+06 1.237527e+06 1.235290e+06 1.232796e+06 1.230107e+06 1.205544e+06 1.202756e+06 1.195398e+06 1.174006e+06
1.385066e+06 1.385066e+06 1.385066e+06 1.385066e+06 1.385066e+06 1.385066e+06 1.385064e+06 1.385000e+06 1.384531e+06 1.382741e+06 1.370817e+06 1.347652e+06 1.322784e+06 1.303393e+06 1.290208e+06 1.281611e+06 1.276020e+06 1.266372e+06 1.265016e+06 1.264875e+06 1.264810e+06 1.264599e+06 1.264213e+06 1.262957e+06 1.261173e+06 1.258972e+06 1.256435e+06 1.253625e+06 1.250593e+06 1.220716e+06 1.212093e+06 1.201460e+06 1.177843e+06
1.407098e+06 1.407098e+06 1.407098e+06 1.407098e+06 1.407098e+06 1.407097e+06 1.407096e+06 1.407035e+06 1.406569e+06 1.404786e+06 1.392888e+06 1.369757e+06 1.344904e+06 1.325498e+06 1.312271e+06 1.303613e+06 1.297948e+06 1.287850e+06 1.286064e+06 1.285565e+06 1.285211e+06 1.284766e+06 1.284186e+06 1.282627e+06 1.280603e+06 1.278184e+06 1.275429e+06 1.272386e+06 1.269096e+06 1.234746e+06 1.220744e+06 1.207051e+06 1.181406e+06
1.426912e+06 1.426912e+06 1.426912e+06 1.426912e+06 1.426912e+06 1.426912e+06 1.426911e+06 1.426851e+06 1.426388e+06 1.424612e+06 1.412750e+06 1.389661e+06 1.364815e+06 1.345367e+06 1.332061e+06 1.323300e+06 1.317516e+06 1.306808e+06 1.304535e+06 1.303686e+06 1.303081e+06 1.302451e+06 1.301730e+06 1.299969e+06 1.297795e+06 1.295244e+06 1.292352e+06 1.289154e+06 1.285684e+06 1.247640e+06 1.228713e+06 1.212171e+06 1.184686e+06
1.444767e+06 1.444767e+06 1.444767e+06 1.444767e+06 1.444767e+06 1.444767e+06 1.444766e+06 1.444706e+06 1.444241e+06 1.442458e+06 1.430538e+06 1.407311e+06 1.382275e+06 1.362631e+06 1.349141e+06 1.340209e+06 1.334269e+06 1.322945e+06 1.320284e+06 1.319196e+06 1.318441e+06 1.317714e+06 1.316929e+06 1.315088e+06 1.312862e+06 1.310260e+06 1.307303e+06 1.304020e+06 1.300439e+06 1.259409e+06 1.236006e+06 1.216820e+06 1.187678e+06
1.460593e+06 1.460593e+06 1.460593e+06 1.460593e+06 1.460593e+06 1.460593e+06 1.460590e+06 1.460521e+06 1.460045e+06 1.458233e+06 1.446144e+06 1.422578e+06 1.397153e+06 1.377171e+06 1.363415e+06 1.354277e+06 1.348174e+06 1.336370e+06 1.333488e+06 1.332296e+06 1.331493e+06 1.330751e+06 1.329967e+06 1.328149e+06 1.325949e+06 1.323361e+06 1.320400e+06 1.317088e+06 1.313452e+06 1.270074e+06 1.242632e+06 1.221002e+06 1.190377e+06
1.473571e+06 1.473571e+06 1.473571e+06 1.473571e+06 1.473571e+06 1.473570e+06 1.473568e+06 1.473500e+06 1.473021e+06 1.471196e+06 1.459002e+06 1.435212e+06 1.409520e+06 1.389301e+06 1.375355e+06 1.366068e+06 1.359844e+06 1.347681e+06 1.344646e+06 1.343395e+06 1.342583e+06 1.341858e+06 1.341103e+06 1.339359e+06 1.337230e+06 1.334698e+06 1.331772e+06 1.328472e+06 1.324825e+06 1.279658e+06 1.248602e+06 1.224721e+06 1.192780e+06
1.484225e+06 1.484225e+06 1.484225e+06 1.484225e+06 1.484225e+06 1.484224e+06 1.484223e+06 1.484161e+06 1.483683e+06 1.481854e+06 1.469610e+06 1.445706e+06 1.419875e+06 1.399530e+06 1.385481e+06 1.376108e+06 1.369811e+06 1.357391e+06 1.354209e+06 1.352886e+06 1.352051e+06 1.351332e+06 1.350602e+06 1.348931e+06 1.346882e+06 1.344420e+06 1.341550e+06 1.338289e+06 1.334660e+06 1.288190e+06 1.253928e+06 1.227984e+06 1.194886e+06
1.493327e+06 1.493327e+06 1.493327e+06 1.493327e+06 1.493327e+06 1.493326e+06 1.493326e+06 1.493265e+06 1.492788e+06 1.490955e+06 1.478683e+06 1.454713e+06 1.428799e+06 1.408373e+06 1.394252e+06 1.384814e+06 1.378458e+06 1.365793e+06 1.362447e+06 1.361026e+06 1.360141e+06 1.359405e+06 1.358680e+06 1.357055e+06 1.355069e+06 1.352673e+06 1.349863e+06 1.346650e+06 1.343058e+06 1.295703e+06 1.258625e+06 1.230798e+06 1.196692e+06
1.501174e+06 1.501174e+06 1.501174e+06 1.501174e+06 1.501174e+06 1.501174e+06 1.501173e+06 1.501112e+06 1.500634e+06 1.498798e+06 1.486501e+06 1.462474e+06 1.436487e+06 1.415989e+06 1.401802e+06 1.392304e+06 1.385891e+06 1.372989e+06 1.369479e+06 1.367954e+06 1.367007e+06 1.366238e+06 1.365500e+06 1.363883e+06 1.361932e+06 1.359583e+06 1.356824e+06 1.353663e+06 1.350118e+06 1.302232e+06 1.262709e+06 1.233174e+06 1.198200e+06
1.507843e+06 1.507843e+06 1.507843e+06 1.507843e+06 1.507843e+06 1.507843e+06 1.507841e+06 1.507776e+06 1.507295e+06 1.505453e+06 1.493125e+06 1.469041e+06 1.442983e+06 1.422418e+06 1.408169e+06 1.398615e+06 1.392151e+06 1.379041e+06 1.375388e+06 1.373768e+06 1.372757e+06 1.371944e+06 1.371176e+06 1.369531e+06 1.367582e+06 1.365256e+06 1.362536e+06 1.359422e+06 1.355928e+06 1.307813e+06 1.266197e+06 1.235121e+06 1.199410e+06
1.512930e+06 1.512930e+06 1.512930e+06 1.512930e+06 1.512930e+06 1.512930e+06 1.512928e+06 1.512863e+06 1.512382e+06 1.510543e+06 1.498230e+06 1.474171e+06 1.448134e+06 1.427576e+06 1.413322e+06 1.403754e+06 1.397269e+06 1.384028e+06 1.380262e+06 1.378554e+06 1.377473e+06 1.376604e+06 1.375789e+06 1.374080e+06 1.372101e+06 1.369777e+06 1.367082e+06 1.364011e+06 1.360571e+06 1.312487e+06 1.269107e+06 1.236651e+06 1.200326e+06
1.516545e+06 1.516545e+06 1.516545e+06 1.516545e+06 1.516545e+06 1.516545e+06 1.516544e+06 1.516483e+06 1.516007e+06 1.514178e+06 1.501922e+06 1.477965e+06 1.452034e+06 1.431554e+06 1.417349e+06 1.407805e+06 1.401329e+06 1.388035e+06 1.384174e+06 1.382374e+06 1.381209e+06 1.380264e+06 1.379385e+06 1.377580e+06 1.375550e+06 1.373213e+06 1.370535e+06 1.367505e+06 1.364120e+06 1.316293e+06 1.271459e+06 1.237776e+06 1.200950e+06
1.519195e+06 1.519195e+06 1.519195e+06 1.519195e+06 1.519195e+06 1.519194e+06 1.519194e+06 1.519133e+06 1.518659e+06 1.516839e+06 1.504640e+06 1.480794e+06 1.454979e+06 1.434588e+06 1.420438e+06 1.410925e+06 1.404463e+06 1.391121e+06 1.387150e+06 1.385236e+06 1.383965e+06 1.382928e+06 1.381972e+06 1.380057e+06 1.377968e+06 1.375615e+06 1.372955e+06 1.369968e+06 1.366645e+06 1.319273e+06 1.273271e+06 1.238509e+06 1.201287e+06
1.520970e+06 1.520970e+06 1.520970e+06 1.520970e+06 1.520970e+06 1.520970e+06 1.520969e+06 1.520909e+06 1.520438e+06 1.518628e+06 1.506493e+06 1.482764e+06 1.457070e+06 1.436766e+06 1.422666e+06 1.413176e+06 1.406718e+06 1.393269e+06 1.389144e+06 1.387087e+06 1.385698e+06 1.384566e+06 1.383535e+06 1.381521e+06 1.379388e+06 1.377031e+06 1.374398e+06 1.371462e+06 1.368208e+06 1.321468e+06 1.274565e+06 1.238863e+06 1.201343e+06
1.521938e+06 1.521938e+06 1.521938e+06 1.521938e+06 1.521938e+06 1.521938e+06 1.521937e+06 1.521876e+06 1.521408e+06 1.519608e+06 1.507539e+06 1.483931e+06 1.458350e+06 1.438114e+06 1.424038e+06 1.414541e+06 1.408057e+06 1.394385e+06 1.390054e+06 1.387847e+06 1.386351e+06 1.385145e+06 1.384062e+06 1.381992e+06 1.379845e+06 1.377508e+06 1.374920e+06 1.372047e+06 1.368872e+06 1.322919e+06 1.275361e+06 1.238852e+06 1.201122e+06
1.521902e+06 1.521902e+06 1.521902e+06 1.521902e+06 1.521902e+06 1.521902e+06 1.521900e+06 1.521837e+06 1.521369e+06 1.519576e+06 1.507559e+06 1.484042e+06 1.458540e+06 1.438341e+06 1.424263e+06 1.414739e+06 1.408212e+06 1.394292e+06 1.389781e+06 1.387468e+06 1.385913e+06 1.384675e+06 1.383578e+06 1.381510e+06 1.379393e+06 1.377103e+06 1.374579e+06 1.371785e+06 1.368700e+06 1.323666e+06 1.275680e+06 1.238491e+06 1.200632e+06
1.520553e+06 1.520553e+06 1.520553e+06 1.520553e+06 1.520553e+06 1.520552e+06 1.520551e+06 1.520488e+06 1.520021e+06 1.518232e+06 1.506239e+06 1.482759e+06 1.457286e+06 1.437097e+06 1.423015e+06 1.413476e+06 1.406931e+06 1.392915e+06 1.388348e+06 1.386014e+06 1.384462e+06 1.383238e+06 1.382163e+06 1.380151e+06 1.378099e+06 1.375883e+06 1.373440e+06 1.370737e+06 1.367751e+06 1.323752e+06 1.275543e+06 1.237793e+06 1.199880e+06
1.518166e+06 1.518166e+06 1.518166e+06 1.518166e+06 1.518166e+06 1.518166e+06 1.518165e+06 1.518105e+06 1.517641e+06 1.515857e+06 1.503878e+06 1.480416e+06 1.454956e+06 1.434772e+06 1.420688e+06 1.411145e+06 1.404595e+06 1.390563e+06 1.386003e+06 1.383691e+06 1.382169e+06 1.380981e+06 1.379945e+06 1.378015e+06 1.376048e+06 1.373921e+06 1.371572e+06 1.368968e+06 1.366088e+06 1.323214e+06 1.274972e+06 1.236774e+06 1.198873e+06
1.515142e+06 1.515142e+06 1.515142e+06 1.515142e+06 1.515142e+06 1.515142e+06 1.515141e+06 1.515082e+06 1.514618e+06 1.512838e+06 1.500885e+06 1.477471e+06 1.452056e+06 1.431899e+06 1.417826e+06 1.408282e+06 1.401724e+06 1.387637e+06 1.383045e+06 1.380729e+06 1.379221e+06 1.378060e+06 1.377057e+06 1.375206e+06 1.373328e+06 1.371294e+06 1.369043e+06 1.366542e+06 1.363771e+06 1.322093e+06 1.273987e+06 1.235447e+06 1.197619e+06
1.511391e+06 1.511391e+06 1.511391e+06 1.511391e+06 1.511391e+06 1.511391e+06 1.511389e+06 1.511328e+06 1.510866e+06 1.509092e+06 1.497191e+06 1.473878e+06 1.448567e+06 1.428484e+06 1.414454e+06 1.404930e+06 1.398378e+06 1.384245e+06 1.379601e+06 1.377257e+06 1.375742e+06 1.374590e+06 1.373608e+06 1.371820e+06 1.370021e+06 1.368075e+06 1.365920e+06 1.363520e+06 1.360859e+06 1.320427e+06 1.272610e+06 1.233827e+06 1.196128e+06
1.506733e+06 1.506733e+06 1.506733e+06 1.506733e+06 1.506733e+06 1.506732e+06 1.506731e+06 1.506670e+06 1.506212e+06 1.504453e+06 1.492647e+06 1.469515e+06 1.444391e+06 1.424446e+06 1.410502e+06 1.401028e+06 1.394503e+06 1.380373e+06 1.375692e+06 1.373322e+06 1.371796e+06 1.370645e+06 1.369674e+06 1.367931e+06 1.366198e+06 1.364331e+06 1.362263e+06 1.359961e+06 1.357404e+06 1.318251e+06 1.270861e+06 1.231929e+06 1.194407e+06
1.501439e+06 1.501439e+06 1.501439e+06 1.501439e+06 1.501439e+06 1.501439e+06 1.501439e+06 1.501384e+06 1.500933e+06 1.499195e+06 1.487510e+06 1.464596e+06 1.439697e+06 1.419918e+06 1.406080e+06 1.396668e+06 1.390177e+06 1.376070e+06 1.371362e+06 1.368969e+06 1.367430e+06 1.366275e+06 1.365309e+06 1.363598e+06 1.361917e+06 1.360117e+06 1.358128e+06 1.355916e+06 1.353459e+06 1.315603e+06 1.268761e+06 1.229766e+06 1.192465e+06
1.496111e+06 1.496111e+06 1.496111e+06 1.496111e+06 1.496111e+06 1.496110e+06 1.496110e+06 1.496055e+06 1.495608e+06 1.493883e+06 1.482281e+06 1.459526e+06 1.434791e+06 1.415135e+06 1.401372e+06 1.392002e+06 1.385533e+06 1.371416e+06 1.366665e+06 1.364242e+06 1.362685e+06 1.361523e+06 1.360558e+06 1.358868e+06 1.357226e+06 1.355481e+06 1.353562e+06 1.351430e+06 1.349067e+06 1.312516e+06 1.266330e+06 1.227353e+06 1.190312e+06
1.490650e+06 1.490650e+06 1.490650e+06 1.490650e+06 1.490650e+06 1.490649e+06 1.490648e+06 1.490589e+06 1.490141e+06 1.488422e+06 1.476875e+06 1.454234e+06 1.429621e+06 1.410054e+06 1.396347e+06 1.387008e+06 1.380552e+06 1.366411e+06 1.361617e+06 1.359163e+06 1.357589e+06 1.356419e+06 1.355454e+06 1.353777e+06 1.352165e+06 1.350464e+06 1.348604e+06 1.346546e+06 1.344269e+06 1.309024e+06 1.263589e+06 1.224703e+06 1.187957e+06
1.484507e+06 1.484507e+06 1.484507e+06 1.484507e+06 1.484507e+06 1.484507e+06 1.484506e+06 1.484447e+06 1.484002e+06 1.482295e+06 1.470832e+06 1.448350e+06 1.423904e+06 1.404464e+06 1.390839e+06 1.381550e+06 1.375124e+06 1.361016e+06 1.356210e+06 1.353745e+06 1.352164e+06 1.350992e+06 1.350026e+06 1.348356e+06 1.346764e+06 1.345098e+06 1.343288e+06 1.341297e+06 1.339102e+06 1.305158e+06 1.260555e+06 1.221830e+06 1.185410e+06
1.477670e+06 1.477670e+06 1.477670e+06 1.477670e+06 1.477670e+06 1.477670e+06 1.477669e+06 1.477615e+06 1.477177e+06 1.475489e+06 1.464140e+06 1.441870e+06 1.417647e+06 1.398379e+06 1.384870e+06 1.375657e+06 1.369281e+06 1.355269e+06 1.350485e+06 1.348026e+06 1.346445e+06 1.345270e+06 1.344302e+06 1.342630e+06 1.341049e+06 1.339410e+06 1.337644e+06 1.335714e+06 1.333597e+06 1.300949e+06 1.257249e+06 1.218746e+06 1.182678e+06
1.470599e+06 1.470599e+06 1.470599e+06 1.470599e+06 1.470599e+06 1.470599e+06 1.470598e+06 1.470544e+06 1.470111e+06 1.468441e+06 1.457205e+06 1.435154e+06 1.411164e+06 1.392076e+06 1.378688e+06 1.369554e+06 1.363228e+06 1.349302e+06 1.344528e+06 1.342062e+06 1.340470e+06 1.339282e+06 1.338302e+06 1.336617e+06 1.335038e+06 1.333421e+06 1.331695e+06 1.329824e+06 1.327783e+06 1.296427e+06 1.253688e+06 1.215466e+06 1.179772e+06
1.463420e+06 1.463420e+06 1.463420e+06 1.463420e+06 1.463420e+06 1.463419e+06 1.463419e+06 1.463365e+06 1.462936e+06 1.461283e+06 1.450161e+06 1.428331e+06 1.404576e+06 1.385667e+06 1.372399e+06 1.363339e+06 1.357058e+06 1.343181e+06 1.338378e+06 1.335877e+06 1.334252e+06 1.333037e+06 1.332035e+06 1.330325e+06 1.328744e+06 1.327148e+06 1.325464e+06 1.323652e+06 1.321687e+06 1.291620e+06 1.249891e+06 1.212000e+06 1.176701e+06
1.456106e+06 1.456106e+06 1.456106e+06 1.456106e+06 1.456106e+06 1.456106e+06 1.456106e+06 1.456052e+06 1.455628e+06 1.453990e+06 1.442976e+06 1.421355e+06 1.397822e+06 1.379086e+06 1.365930e+06 1.356940e+06 1.350701e+06 1.336850e+06 1.331997e+06 1.329441e+06 1.327770e+06 1.326520e+06 1.325492e+06 1.323756e+06 1.322178e+06 1.320608e+06 1.318970e+06 1.317222e+06 1.315335e+06 1.286553e+06 1.245874e+06 1.208361e+06 1.173474e+06
1.448638e+06 1.448638e+06 1.448638e+06 1.448638e+06 1.448638e+06 1.448637e+06 1.448637e+06 1.448584e+06 1.448163e+06 1.446540e+06 1.435620e+06 1.414183e+06 1.390848e+06 1.372264e+06 1.359209e+06 1.350279e+06 1.344074e+06 1.330229e+06 1.325315e+06 1.322701e+06 1.320986e+06 1.319705e+06 1.318658e+06 1.316911e+06 1.315350e+06 1.313818e+06 1.312236e+06 1.310558e+06 1.308755e+06 1.281254e+06 1.241654e+06 1.204561e+06 1.170099e+06
