1.514905e+06 8.212060e+05 6.723596e+05 4.588893e+05 3.838761e+05 2.342824e+05 1.954078e+05 1.696927e+05 1.638652e+05 1.599824e+05 1.554992e+05 1.534684e+05 1.527475e+05 1.526342e+05 1.525541e+05 1.520001e+05 1.505551e+05 1.260048e+05 9.175208e+04 6.852811e+04 5.526689e+04 4.753121e+04 4.270248e+04 3.719729e+04 3.430388e+04 3.282560e+04 3.246653e+04 3.323000e+04 3.522246e+04 1.345420e+05 3.177189e+05 4.844562e+05 6.028660e+05
1.814815e+05 1.814818e+05 1.814824e+05 1.814874e+05 1.814530e+05 1.783636e+05 1.728075e+05 1.616138e+05 1.585219e+05 1.562543e+05 1.535059e+05 1.523449e+05 1.521174e+05 1.522942e+05 1.523758e+05 1.518956e+05 1.504644e+05 1.257116e+05 9.143188e+04 6.829398e+04 5.510759e+04 4.742010e+04 4.262092e+04 3.714636e+04 3.426835e+04 3.280165e+04 3.245462e+04 3.323239e+04 3.524211e+04 1.348366e+05 3.181882e+05 4.849227e+05 6.032495e+05
1.594266e+05 1.594267e+05 1.594269e+05 1.594328e+05 1.594437e+05 1.588885e+05 1.577517e+05 1.554257e+05 1.533079e+05 1.521247e+05 1.512010e+05 1.510680e+05 1.514245e+05 1.519353e+05 1.521946e+05 1.517886e+05 1.503640e+05 1.253753e+05 9.108015e+04 6.804279e+04 5.493905e+04 4.730356e+04 4.253586e+04 3.709360e+04 3.423174e+04 3.277709e+04 3.244252e+04 3.323496e+04 3.526232e+04 1.351345e+05 3.186606e+05 4.853913e+05 6.036341e+05
1.514070e+05 1.514071e+05 1.514072e+05 1.514112e+05 1.514210e+05 1.514459e+05 1.507163e+05 1.515058e+05 1.513360e+05 1.505367e+05 1.494688e+05 1.498727e+05 1.507475e+05 1.515868e+05 1.520205e+05 1.516803e+05 1.502502e+05 1.249906e+05 9.069514e+04 6.777407e+04 5.476112e+04 4.718151e+04 4.244724e+04 3.703900e+04 3.419403e+04 3.275193e+04 3.243021e+04 3.323773e+04 3.528311e+04 1.354357e+05 3.191362e+05 4.858619e+05 6.040199e+05
1.483134e+05 1.483134e+05 1.483135e+05 1.483161e+05 1.483230e+05 1.484170e+05 1.482128e+05 1.482607e+05 1.491664e+05 1.497018e+05 1.495666e+05 1.495561e+05 1.503487e+05 1.513456e+05 1.518892e+05 1.515804e+05 1.501218e+05 1.245516e+05 9.027509e+04 6.748739e+04 5.457367e+04 4.705391e+04 4.235504e+04 3.698252e+04 3.415521e+04 3.272615e+04 3.241772e+04 3.324070e+04 3.530450e+04 1.357402e+05 3.196149e+05 4.863346e+05 6.044068e+05
1.472522e+05 1.472523e+05 1.472523e+05 1.472542e+05 1.472593e+05 1.473489e+05 1.473579e+05 1.470312e+05 1.476481e+05 1.486158e+05 1.499709e+05 1.504182e+05 1.508529e+05 1.514733e+05 1.519059e+05 1.515306e+05 1.499917e+05 1.240526e+05 8.981840e+04 6.718240e+04 5.437661e+04 4.692072e+04 4.225922e+04 3.692416e+04 3.411526e+04 3.269976e+04 3.240504e+04 3.324389e+04 3.532649e+04 1.360480e+05 3.200969e+05 4.868094e+05 6.047949e+05
1.471291e+05 1.471291e+05 1.471292e+05 1.471306e+05 1.471346e+05 1.472188e+05 1.473229e+05 1.471260e+05 1.473633e+05 1.481102e+05 1.501319e+05 1.514704e+05 1.520975e+05 1.523850e+05 1.523161e+05 1.516322e+05 1.499027e+05 1.234894e+05 8.932380e+04 6.685886e+04 5.416991e+04 4.678191e+04 4.215977e+04 3.686389e+04 3.407418e+04 3.267275e+04 3.239218e+04 3.324731e+04 3.534912e+04 1.363592e+05 3.205820e+05 4.872863e+05 6.051841e+05
1.476281e+05 1.476281e+05 1.476282e+05 1.476294e+05 1.476329e+05 1.477156e+05 1.478685e+05 1.479272e+05 1.480230e+05 1.484878e+05 1.504119e+05 1.523670e+05 1.534639e+05 1.537353e+05 1.533050e+05 1.520972e+05 1.499470e+05 1.228614e+05 8.879063e+04 6.651671e+04 5.395355e+04 4.663748e+04 4.205667e+04 3.680169e+04 3.403196e+04 3.264512e+04 3.237915e+04 3.325098e+04 3.537238e+04 1.366739e+05 3.210704e+05 4.877653e+05 6.055745e+05
1.486550e+05 1.486550e+05 1.486551e+05 1.486562e+05 1.486594e+05 1.487397e+05 1.489158e+05 1.491943e+05 1.493086e+05 1.496198e+05 1.511630e+05 1.532330e+05 1.547002e+05 1.551242e+05 1.545206e+05 1.529243e+05 1.502870e+05 1.221733e+05 8.821912e+04 6.615608e+04 5.372762e+04 4.648745e+04 4.194991e+04 3.673754e+04 3.398859e+04 3.261688e+04 3.236595e+04 3.325490e+04 3.539632e+04 1.369920e+05 3.215620e+05 4.882463e+05 6.059661e+05
1.501475e+05 1.501475e+05 1.501475e+05 1.501485e+05 1.501515e+05 1.502296e+05 1.504201e+05 1.508626e+05 1.510548e+05 1.513233e+05 1.524809e+05 1.542820e+05 1.558065e+05 1.563449e+05 1.556802e+05 1.538240e+05 1.508087e+05 1.214367e+05 8.761074e+04 6.577741e+04 5.349226e+04 4.633186e+04 4.183949e+04 3.667145e+04 3.394406e+04 3.258802e+04 3.235260e+04 3.325909e+04 3.542094e+04 1.373135e+05 3.220569e+05 4.887295e+05 6.063588e+05
1.520821e+05 1.520821e+05 1.520821e+05 1.520831e+05 1.520859e+05 1.521645e+05 1.523676e+05 1.529284e+05 1.531986e+05 1.534710e+05 1.542978e+05 1.556124e+05 1.568643e+05 1.573329e+05 1.566082e+05 1.545849e+05 1.512964e+05 1.206733e+05 8.696850e+04 6.538151e+04 5.324773e+04 4.617080e+04 4.172544e+04 3.660338e+04 3.389836e+04 3.255854e+04 3.233909e+04 3.326356e+04 3.544626e+04 1.376386e+05 3.225550e+05 4.892147e+05 6.067526e+05
1.557405e+05 1.557405e+05 1.557405e+05 1.557405e+05 1.557402e+05 1.557308e+05 1.556910e+05 1.554334e+05 1.551886e+05 1.548556e+05 1.539088e+05 1.525853e+05 1.509061e+05 1.488792e+05 1.464487e+05 1.434878e+05 1.398429e+05 1.108856e+05 8.016672e+04 6.103332e+04 5.046741e+04 4.431703e+04 4.040544e+04 3.581608e+04 3.337680e+04 3.223053e+04 3.219790e+04 3.332737e+04 3.574267e+04 1.410876e+05 3.277178e+05 4.941830e+05 6.107543e+05
1.241566e+05 1.241566e+05 1.241566e+05 1.241566e+05 1.241565e+05 1.241540e+05 1.241431e+05 1.240883e+05 1.240418e+05 1.239805e+05 1.238027e+05 1.235172e+05 1.230420e+05 1.222510e+05 1.210006e+05 1.191626e+05 1.166500e+05 9.534347e+04 7.226508e+04 5.702424e+04 4.800598e+04 4.251287e+04 3.897354e+04 3.487670e+04 3.275036e+04 3.185118e+04 3.205663e+04 3.343985e+04 3.613435e+04 1.449186e+05 3.332196e+05 4.993634e+05 6.148697e+05
1.040709e+05 1.040709e+05 1.040709e+05 1.040709e+05 1.040709e+05 1.040693e+05 1.040624e+05 1.040318e+05 1.040079e+05 1.039779e+05 1.038959e+05 1.037643e+05 1.035256e+05 1.030819e+05 1.023104e+05 1.010887e+05 9.932244e+04 8.296115e+04 6.470695e+04 5.270675e+04 4.549651e+04 4.090211e+04 3.777778e+04 3.397497e+04 3.208470e+04 3.145600e+04 3.194389e+04 3.362933e+04 3.665125e+04 1.491614e+05 3.390719e+05 5.047572e+05 6.190972e+05
9.017804e+04 9.017804e+04 9.017804e+04 9.017803e+04 9.017801e+04 9.017694e+04 9.017296e+04 9.015524e+04 9.014156e+04 9.012456e+04 9.007831e+04 9.000092e+04 8.984857e+04 8.954517e+04 8.899317e+04 8.809215e+04 8.675992e+04 7.381009e+04 5.876316e+04 4.874298e+04 4.278750e+04 3.903253e+04 3.645189e+04 3.319199e+04 3.153517e+04 3.112768e+04 3.191409e+04 3.394038e+04 3.733452e+04 1.538465e+05 3.452851e+05 5.103654e+05 6.234348e+05
7.971231e+04 7.971231e+04 7.971231e+04 7.971231e+04 7.971229e+04 7.971153e+04 7.970883e+04 7.969656e+04 7.968695e+04 7.967504e+04 7.964293e+04 7.958857e+04 7.947714e+04 7.924719e+04 7.881904e+04 7.810955e+04 7.704921e+04 6.649465e+04 5.388657e+04 4.529912e+04 4.017440e+04 3.701373e+04 3.491343e+04 3.234190e+04 3.110270e+04 3.099276e+04 3.206323e+04 3.444149e+04 3.824152e+04 1.590053e+05 3.518687e+05 5.161877e+05 6.278800e+05
7.134750e+04 7.134750e+04 7.134750e+04 7.134749e+04 7.134745e+04 7.134623e+04 7.134241e+04 7.132832e+04 7.131841e+04 7.130668e+04 7.127660e+04 7.122870e+04 7.113429e+04 7.094229e+04 7.058597e+04 6.999523e+04 6.911093e+04 6.025028e+04 4.955682e+04 4.218229e+04 3.774761e+04 3.504620e+04 3.332513e+04 3.142001e+04 3.071800e+04 3.103678e+04 3.248821e+04 3.523894e+04 3.945275e+04 1.646697e+05 3.588310e+05 5.222232e+05 6.324296e+05
6.409312e+04 6.409312e+04 6.409312e+04 6.409312e+04 6.409310e+04 6.409260e+04 6.409092e+04 6.408381e+04 6.407834e+04 6.407156e+04 6.405312e+04 6.402035e+04 6.394861e+04 6.379392e+04 6.349877e+04 6.300268e+04 6.225460e+04 5.470305e+04 4.558319e+04 3.930018e+04 3.552621e+04 3.325274e+04 3.186093e+04 3.054618e+04 3.041123e+04 3.125199e+04 3.318657e+04 3.640495e+04 4.108137e+04 1.708731e+05 3.661789e+05 5.284700e+05 6.370803e+05
5.785828e+04 5.785828e+04 5.785828e+04 5.785828e+04 5.785827e+04 5.785792e+04 5.785683e+04 5.785236e+04 5.784901e+04 5.784494e+04 5.783368e+04 5.781131e+04 5.775606e+04 5.762929e+04 5.738061e+04 5.695730e+04 5.631508e+04 4.981496e+04 4.202175e+04 3.671821e+04 3.357756e+04 3.172623e+04 3.064860e+04 2.986684e+04 3.027666e+04 3.168301e+04 3.418115e+04 3.795543e+04 4.318149e+04 1.776506e+05 3.739181e+05 5.349253e+05 6.418278e+05
5.256680e+04 5.256680e+04 5.256680e+04 5.256680e+04 5.256680e+04 5.256677e+04 5.256666e+04 5.256578e+04 5.256488e+04 5.256361e+04 5.255920e+04 5.254626e+04 5.250565e+04 5.240317e+04 5.219432e+04 5.183272e+04 5.127976e+04 4.566477e+04 3.900291e+04 3.455913e+04 3.200061e+04 3.055509e+04 2.978390e+04 2.950567e+04 3.043010e+04 3.241131e+04 3.552512e+04 3.993004e+04 4.578520e+04 1.850398e+05 3.820532e+05 5.415852e+05 6.466679e+05
4.827776e+04 4.827776e+04 4.827776e+04 4.827776e+04 4.827776e+04 4.827781e+04 4.827793e+04 4.827833e+04 4.827865e+04 4.827907e+04 4.827954e+04 4.827408e+04 4.824544e+04 4.816303e+04 4.798720e+04 4.767692e+04 4.719839e+04 4.232723e+04 3.662537e+04 3.292341e+04 3.088398e+04 2.981709e+04 2.934298e+04 2.955841e+04 3.098204e+04 3.353696e+04 3.729632e+04 4.238863e+04 4.894240e+04 1.930818e+05 3.905874e+05 5.484450e+05 6.515956e+05
4.500547e+04 4.500547e+04 4.500547e+04 4.500547e+04 4.500548e+04 4.500570e+04 4.500634e+04 4.500879e+04 4.501054e+04 4.501261e+04 4.501707e+04 4.501701e+04 4.499690e+04 4.492920e+04 4.477844e+04 4.450815e+04 4.408871e+04 3.982779e+04 3.493383e+04 3.186986e+04 3.029084e+04 2.957495e+04 2.938942e+04 3.010343e+04 3.203133e+04 3.516523e+04 3.958977e+04 4.540968e+04 5.271762e+04 2.018225e+05 3.995228e+05 5.554993e+05 6.566054e+05
4.269521e+04 4.269521e+04 4.269521e+04 4.269522e+04 4.269522e+04 4.269539e+04 4.269597e+04 4.269877e+04 4.270108e+04 4.270402e+04 4.271118e+04 4.271544e+04 4.270238e+04 4.264677e+04 4.251633e+04 4.227829e+04 4.190651e+04 3.814627e+04 3.393542e+04 3.142794e+04 3.026520e+04 2.988108e+04 2.998151e+04 3.121357e+04 3.367025e+04 3.740184e+04 4.251092e+04 4.908725e+04 5.718993e+04 2.113148e+05 4.088605e+05 5.627413e+05 6.616914e+05
4.131148e+04 4.131148e+04 4.131148e+04 4.131148e+04 4.131149e+04 4.131183e+04 4.131286e+04 4.131674e+04 4.131952e+04 4.132282e+04 4.133057e+04 4.133572e+04 4.132511e+04 4.127553e+04 4.115747e+04 4.094133e+04 4.060408e+04 3.724451e+04 3.361996e+04 3.161432e+04 3.084407e+04 3.078677e+04 3.118061e+04 3.296605e+04 3.599244e+04 4.035431e+04 4.617204e+04 5.352735e+04 6.245176e+04 2.216229e+05 4.186008e+05 5.701640e+05 6.668475e+05
4.070168e+04 4.070168e+04 4.070168e+04 4.070168e+04 4.070170e+04 4.070217e+04 4.070354e+04 4.070880e+04 4.071265e+04 4.071730e+04 4.072836e+04 4.073770e+04 4.073268e+04 4.069140e+04 4.058639e+04 4.039063e+04 4.008377e+04 3.707045e+04 3.397602e+04 3.244937e+04 3.207161e+04 3.235337e+04 3.306023e+04 3.545036e+04 3.909995e+04 4.413545e+04 5.069128e+04 5.884482e+04 6.860650e+04 2.328355e+05 4.287435e+05 5.777591e+05 6.720670e+05
4.088462e+04 4.088462e+04 4.088462e+04 4.088462e+04 4.088463e+04 4.088489e+04 4.088579e+04 4.088994e+04 4.089328e+04 4.089750e+04 4.090825e+04 4.091839e+04 4.091593e+04 4.087998e+04 4.078464e+04 4.060488e+04 4.032268e+04 3.761140e+04 3.501948e+04 3.397775e+04 3.401508e+04 3.466441e+04 3.571505e+04 3.877399e+04 4.310802e+04 4.886656e+04 5.619293e+04 6.516105e+04 7.576557e+04 2.449974e+05 4.392881e+05 5.855180e+05 6.773428e+05
4.184293e+04 4.184293e+04 4.184293e+04 4.184293e+04 4.184294e+04 4.184328e+04 4.184440e+04 4.184975e+04 4.185413e+04 4.185971e+04 4.187399e+04 4.188866e+04 4.189179e+04 4.186297e+04 4.177737e+04 4.161169e+04 4.135016e+04 3.890708e+04 3.681296e+04 3.628553e+04 3.677782e+04 3.783464e+04 3.926693e+04 4.306535e+04 4.814720e+04 5.467906e+04 6.280764e+04 7.260227e+04 8.404552e+04 2.580910e+05 4.502342e+05 5.934314e+05 6.826677e+05
4.367423e+04 4.367423e+04 4.367423e+04 4.367424e+04 4.367425e+04 4.367479e+04 4.367660e+04 4.368423e+04 4.369007e+04 4.369726e+04 4.371533e+04 4.373460e+04 4.374328e+04 4.372125e+04 4.364437e+04 4.349075e+04 4.324677e+04 4.105453e+04 3.947620e+04 3.950816e+04 4.050376e+04 4.201207e+04 4.386540e+04 4.847312e+04 5.436291e+04 6.171428e+04 7.067168e+04 8.129768e+04 9.356501e+04 2.721026e+05 4.615821e+05 6.014897e+05 6.880342e+05
4.650785e+04 4.650785e+04 4.650785e+04 4.650786e+04 4.650790e+04 4.650912e+04 4.651274e+04 4.652592e+04 4.653528e+04 4.654639e+04 4.657324e+04 4.660209e+04 4.662076e+04 4.660895e+04 4.654292e+04 4.640207e+04 4.617500e+04 4.422687e+04 4.318880e+04 4.382600e+04 4.537092e+04 4.737151e+04 4.968213e+04 5.516247e+04 6.191290e+04 7.012161e+04 7.992531e+04 9.137726e+04 1.044418e+05 2.870136e+05 4.733335e+05 6.096828e+05 6.934345e+05
5.060546e+04 5.060546e+04 5.060546e+04 5.060547e+04 5.060551e+04 5.060686e+04 5.061105e+04 5.062785e+04 5.064044e+04 5.065578e+04 5.069387e+04 5.073715e+04 5.077225e+04 5.077752e+04 5.072832e+04 5.060424e+04 5.039554e+04 4.867439e+04 4.817771e+04 4.944825e+04 5.157712e+04 5.410357e+04 5.690262e+04 6.331020e+04 7.096379e+04 8.005558e+04 9.070998e+04 1.029689e+05 1.167896e+05 3.027991e+05 4.854926e+05 6.180007e+05 6.988608e+05
5.660519e+04 5.660519e+04 5.660519e+04 5.660520e+04 5.660523e+04 5.660606e+04 5.660868e+04 5.662015e+04 5.662943e+04 5.664125e+04 5.667236e+04 5.670927e+04 5.673826e+04 5.673651e+04 5.667843e+04 5.654383e+04 5.632493e+04 5.469802e+04 5.468492e+04 5.659015e+04 5.932549e+04 6.240535e+04 6.571996e+04 7.310068e+04 8.168727e+04 9.167208e+04 1.031646e+05 1.161945e+05 1.307139e+05 3.194269e+05 4.980692e+05 6.264331e+05 7.043051e+05
6.424449e+04 6.424449e+04 6.424449e+04 6.424451e+04 6.424456e+04 6.424633e+04 6.425186e+04 6.427385e+04 6.429025e+04 6.431015e+04 6.435941e+04 6.441539e+04 6.446172e+04 6.447272e+04 6.442061e+04 6.428469e+04 6.405896e+04 6.248358e+04 6.291285e+04 6.545420e+04 6.881800e+04 7.247806e+04 7.633326e+04 8.472307e+04 9.425595e+04 1.051237e+05 1.174208e+05 1.311661e+05 1.463084e+05 3.368583e+05 5.110867e+05 6.349703e+05 7.097594e+05
7.408813e+04 7.408813e+04 7.408813e+04 7.408814e+04 7.408819e+04 7.408964e+04 7.409417e+04 7.411247e+04 7.412636e+04 7.414347e+04 7.418688e+04 7.423700e+04 7.427658e+04 7.427782e+04 7.421080e+04 7.405403e+04 7.380295e+04 7.220318e+04 7.304918e+04 7.624222e+04 8.026323e+04 8.453121e+04 8.894864e+04 9.836787e+04 1.088378e+05 1.205533e+05 1.335972e+05 1.479797e+05 1.636498e+05 3.550485e+05 5.245540e+05 6.436027e+05 7.152158e+05
8.588077e+04 8.588077e+04 8.588077e+04 8.588079e+04 8.588086e+04 8.588295e+04 8.588949e+04 8.591557e+04 8.593505e+04 8.595876e+04 8.601765e+04 8.608475e+04 8.613986e+04 8.615147e+04 8.608635e+04 8.592154e+04 8.565368e+04 8.403136e+04 8.530062e+04 8.917501e+04 9.388469e+04 9.878376e+04 1.037760e+05 1.142195e+05 1.255878e+05 1.380863e+05 1.517920e+05 1.667102e+05 1.827931e+05 3.739468e+05 5.384111e+05 6.523217e+05 7.206667e+05
1.002067e+05 1.002067e+05 1.002067e+05 1.002067e+05 1.002068e+05 1.002091e+05 1.002163e+05 1.002444e+05 1.002653e+05 1.002909e+05 1.003545e+05 1.004272e+05 1.004863e+05 1.004964e+05 1.004207e+05 1.002342e+05 9.993499e+04 9.822548e+04 9.991124e+04 1.044921e+05 1.099127e+05 1.154525e+05 1.210160e+05 1.324436e+05 1.446365e+05 1.578212e+05 1.720754e+05 1.874045e+05 2.037667e+05 3.934975e+05 5.526036e+05 6.611195e+05 7.261045e+05
1.172751e+05 1.172751e+05 1.172751e+05 1.172751e+05 1.172751e+05 1.172771e+05 1.172832e+05 1.173078e+05 1.173264e+05 1.173492e+05 1.174072e+05 1.174736e+05 1.175238e+05 1.175190e+05 1.174186e+05 1.171965e+05 1.168523e+05 1.150112e+05 1.171186e+05 1.224229e+05 1.285595e+05 1.347292e+05 1.408393e+05 1.531696e+05 1.660764e+05 1.798185e+05 1.944818e+05 2.100760e+05 2.265678e+05 4.136396e+05 5.670784e+05 6.699898e+05 7.315220e+05
1.367749e+05 1.367749e+05 1.367749e+05 1.367750e+05 1.367750e+05 1.367779e+05 1.367867e+05 1.368221e+05 1.368487e+05 1.368813e+05 1.369627e+05 1.370563e+05 1.371333e+05 1.371498e+05 1.370603e+05 1.368360e+05 1.364771e+05 1.345943e+05 1.371412e+05 1.431615e+05 1.499912e+05 1.567543e+05 1.633627e+05 1.764733e+05 1.899490e+05 2.040917e+05 2.190025e+05 2.346989e+05 2.511587e+05 4.343074e+05 5.817816e+05 6.789287e+05 7.369123e+05
1.598559e+05 1.598559e+05 1.598559e+05 1.598559e+05 1.598560e+05 1.598594e+05 1.598698e+05 1.599110e+05 1.599413e+05 1.599780e+05 1.600688e+05 1.601715e+05 1.602541e+05 1.602671e+05 1.601598e+05 1.599001e+05 1.594890e+05 1.573524e+05 1.601901e+05 1.668434e+05 1.743017e+05 1.815928e+05 1.886286e+05 2.023616e+05 2.162342e+05 2.305999e+05 2.455806e+05 2.612055e+05 2.774646e+05 4.554307e+05 5.966578e+05 6.879357e+05 7.422690e+05
1.867309e+05 1.867309e+05 1.867309e+05 1.867310e+05 1.867311e+05 1.867339e+05 1.867431e+05 1.867797e+05 1.868072e+05 1.868408e+05 1.869245e+05 1.870179e+05 1.870846e+05 1.870685e+05 1.869123e+05 1.865796e+05 1.860723e+05 1.834129e+05 1.863321e+05 1.934914e+05 2.014834e+05 2.092149e+05 2.165903e+05 2.307634e+05 2.448443e+05 2.592434e+05 2.741088e+05 2.894841e+05 3.053729e+05 4.769351e+05 6.116505e+05 6.970179e+05 7.475864e+05
2.168276e+05 2.168276e+05 2.168276e+05 2.168276e+05 2.168277e+05 2.168304e+05 2.168388e+05 2.168732e+05 2.168994e+05 2.169315e+05 2.170119e+05 2.170997e+05 2.171539e+05 2.171107e+05 2.169049e+05 2.164954e+05 2.158836e+05 2.125968e+05 2.154547e+05 2.229966e+05 2.314159e+05 2.394890e+05 2.471076e+05 2.615281e+05 2.756233e+05 2.898644e+05 3.044299e+05 3.193805e+05 3.347343e+05 4.987418e+05 6.267025e+05 7.061864e+05 7.528594e+05
2.497856e+05 2.497856e+05 2.497856e+05 2.497856e+05 2.497857e+05 2.497890e+05 2.497992e+05 2.498395e+05 2.498695e+05 2.499057e+05 2.499946e+05 2.500890e+05 2.501420e+05 2.500816e+05 2.498339e+05 2.493520e+05 2.486366e+05 2.446656e+05 2.473411e+05 2.551413e+05 2.638770e+05 2.721899e+05 2.799544e+05 2.944318e+05 3.083526e+05 3.222513e+05 3.363406e+05 3.507011e+05 3.653660e+05 5.207689e+05 6.417565e+05 7.154017e+05 7.580836e+05
2.857446e+05 2.857446e+05 2.857446e+05 2.857446e+05 2.857447e+05 2.857470e+05 2.857540e+05 2.857823e+05 2.858038e+05 2.858305e+05 2.858973e+05 2.859654e+05 2.859843e+05 2.858745e+05 2.855545e+05 2.849717e+05 2.841258e+05 2.793411e+05 2.816938e+05 2.896233e+05 2.985644e+05 3.070181e+05 3.148351e+05 3.291891e+05 3.427593e+05 3.561455e+05 3.695975e+05 3.832180e+05 3.970561e+05 5.429313e+05 6.567560e+05 7.246246e+05 7.632558e+05
3.235521e+05 3.235521e+05 3.235521e+05 3.235521e+05 3.235522e+05 3.235555e+05 3.235658e+05 3.236070e+05 3.236375e+05 3.236744e+05 3.237639e+05 3.238540e+05 3.238871e+05 3.237744e+05 3.234244e+05 3.227772e+05 3.218300e+05 3.162482e+05 3.181598e+05 3.260904e+05 3.351270e+05 3.436247e+05 3.514048e+05 3.654675e+05 3.785282e+05 3.912509e+05 4.039248e+05 4.166758e+05 4.295691e+05 5.651416e+05 6.716456e+05 7.338205e+05 7.683740e+05
3.640268e+05 3.640268e+05 3.640268e+05 3.640268e+05 3.640269e+05 3.640291e+05 3.640362e+05 3.640646e+05 3.640861e+05 3.641126e+05 3.641783e+05 3.642404e+05 3.642369e+05 3.640707e+05 3.636407e+05 3.628793e+05 3.617809e+05 3.551508e+05 3.564066e+05 3.641791e+05 3.731894e+05 3.816304e+05 3.892854e+05 4.029010e+05 4.153128e+05 4.272445e+05 4.390235e+05 4.507994e+05 4.626529e+05 5.873113e+05 6.863719e+05 7.429570e+05 7.734375e+05
4.060594e+05 4.060594e+05 4.060594e+05 4.060595e+05 4.060595e+05 4.060622e+05 4.060706e+05 4.061040e+05 4.061288e+05 4.061590e+05 4.062315e+05 4.062965e+05 4.062847e+05 4.060880e+05 4.055937e+05 4.047256e+05 4.034743e+05 3.956696e+05 3.960654e+05 4.035050e+05 4.123544e+05 4.206323e+05 4.280743e+05 4.411008e+05 4.527473e+05 4.637867e+05 4.745809e+05 4.853020e+05 4.960458e+05 6.093514e+05 7.008838e+05 7.520027e+05 7.784482e+05
4.496468e+05 4.496468e+05 4.496468e+05 4.496468e+05 4.496469e+05 4.496485e+05 4.496534e+05 4.496734e+05 4.496889e+05 4.497082e+05 4.497554e+05 4.497891e+05 4.497350e+05 4.494760e+05 4.488887e+05 4.478880e+05 4.464605e+05 4.373582e+05 4.367176e+05 4.436495e+05 4.521980e+05 4.602058e+05 4.673516e+05 4.796669e+05 4.904582e+05 5.005324e+05 5.102801e+05 5.198937e+05 5.294835e+05 6.311736e+05 7.151331e+05 7.609276e+05 7.834119e+05
4.934500e+05 4.934500e+05 4.934500e+05 4.934500e+05 4.934501e+05 4.934530e+05 4.934620e+05 4.934963e+05 4.935209e+05 4.935503e+05 4.936192e+05 4.936737e+05 4.936322e+05 4.933664e+05 4.927403e+05 4.916574e+05 4.900976e+05 4.797600e+05 4.779309e+05 4.841729e+05 4.922790e+05 4.999154e+05 5.066924e+05 5.182015e+05 5.280771e+05 5.371421e+05 5.458094e+05 5.542897e+05 5.627061e+05 6.526918e+05 7.290750e+05 7.697024e+05 7.883413e+05
5.385473e+05 5.385473e+05 5.385473e+05 5.385473e+05 5.385473e+05 5.385488e+05 5.385540e+05 5.385760e+05 5.385927e+05 5.386132e+05 5.386612e+05 5.386889e+05 5.386082e+05 5.382799e+05 5.375554e+05 5.363273e+05 5.345692e+05 5.226405e+05 5.193040e+05 5.246337e+05 5.321567e+05 5.393336e+05 5.456853e+05 5.563247e+05 5.652532e+05 5.732924e+05 5.808715e+05 5.882171e+05 5.954645e+05 6.738225e+05 7.426681e+05 7.782991e+05 7.932209e+05
5.837461e+05 5.837461e+05 5.837461e+05 5.837461e+05 5.837462e+05 5.837470e+05 5.837496e+05 5.837611e+05 5.837704e+05 5.837821e+05 5.838090e+05 5.838084e+05 5.836860e+05 5.832913e+05 5.824627e+05 5.810806e+05 5.791108e+05 5.654330e+05 5.603505e+05 5.645848e+05 5.714131e+05 5.780654e+05 5.839539e+05 5.936897e+05 6.016639e+05 6.086837e+05 6.151894e+05 6.214214e+05 6.275256e+05 6.944866e+05 7.558747e+05 7.866910e+05 7.980270e+05
6.278263e+05 6.278263e+05 6.278263e+05 6.278263e+05 6.278264e+05 6.278282e+05 6.278338e+05 6.278561e+05 6.278727e+05 6.278926e+05 6.279373e+05 6.279538e+05 6.278395e+05 6.274312e+05 6.265514e+05 6.250657e+05 6.229289e+05 6.075654e+05 6.006125e+05 6.036299e+05 6.096878e+05 6.157723e+05 6.211740e+05 6.299917e+05 6.370217e+05 6.430466e+05 6.485128e+05 6.536714e+05 6.586769e+05 7.146097e+05 7.686610e+05 7.948531e+05 8.027413e+05
6.718278e+05 6.718278e+05 6.718278e+05 6.718278e+05 6.718278e+05 6.718289e+05 6.718323e+05 6.718459e+05 6.718561e+05 6.718683e+05 6.718937e+05 6.718835e+05 6.717276e+05 6.712500e+05 6.702577e+05 6.686016e+05 6.662267e+05 6.488267e+05 6.397793e+05 6.414671e+05 6.466950e+05 6.521782e+05 6.570752e+05 6.649691e+05 6.710759e+05 6.761442e+05 6.806204e+05 6.847621e+05 6.887295e+05 7.341235e+05 7.809972e+05 8.027618e+05 8.073476e+05
7.145940e+05 7.145940e+05 7.145940e+05 7.145940e+05 7.145940e+05 7.145940e+05 7.145942e+05 7.145949e+05 7.145954e+05 7.145960e+05 7.145927e+05 7.145449e+05 7.143361e+05 7.137780e+05 7.126622e+05 7.108255e+05 7.082029e+05 6.887248e+05 6.775361e+05 6.778444e+05 6.822006e+05 6.870536e+05 6.914293e+05 6.983976e+05 7.036108e+05 7.077728e+05 7.113220e+05 7.145173e+05 7.175209e+05 7.529663e+05 7.928572e+05 8.103954e+05 8.118310e+05
7.546274e+05 7.546274e+05 7.546274e+05 7.546274e+05 7.546275e+05 7.546286e+05 7.546321e+05 7.546449e+05 7.546537e+05 7.546638e+05 7.546819e+05 7.546553e+05 7.544593e+05 7.538925e+05 7.527307e+05 7.507951e+05 7.480092e+05 7.268158e+05 7.136203e+05 7.125469e+05 7.159995e+05 7.201955e+05 7.240355e+05 7.300838e+05 7.344438e+05 7.377621e+05 7.404600e+05 7.427914e+05 7.449166e+05 7.710835e+05 8.042187e+05 8.177343e+05 8.161777e+05
7.932320e+05 7.932320e+05 7.932320e+05 7.932320e+05 7.932321e+05 7.932332e+05 7.932365e+05 7.932482e+05 7.932560e+05 7.932647e+05 7.932792e+05 7.932455e+05 7.930323e+05 7.924263e+05 7.911887e+05 7.891268e+05 7.861532e+05 7.631667e+05 7.479080e+05 7.453968e+05 7.479036e+05 7.514181e+05 7.547140e+05 7.598637e+05 7.634261e+05 7.659767e+05 7.679105e+05 7.694704e+05 7.708109e+05 7.884278e+05 8.150631e+05 8.247607e+05 8.203749e+05
8.303439e+05 8.303439e+05 8.303439e+05 8.303439e+05 8.303439e+05 8.303438e+05 8.303435e+05 8.303420e+05 8.303409e+05 8.303394e+05 8.303290e+05 8.302631e+05 8.300039e+05 8.293274e+05 8.279811e+05 8.257590e+05 8.225638e+05 7.976366e+05 7.802150e+05 7.762044e+05 7.777322e+05 7.805538e+05 7.833109e+05 7.876068e+05 7.904454e+05 7.923181e+05 7.935850e+05 7.944730e+05 7.951282e+05 8.049599e+05 8.253753e+05 8.314591e+05 8.244104e+05
8.646082e+05 8.646082e+05 8.646082e+05 8.646082e+05 8.646082e+05 8.646081e+05 8.646078e+05 8.646063e+05 8.646052e+05 8.646037e+05 8.645930e+05 8.645242e+05 8.642535e+05 8.635460e+05 8.621353e+05 8.598014e+05 8.564356e+05 8.297881e+05 8.102836e+05 8.047804e+05 8.053295e+05 8.074699e+05 8.097115e+05 8.132256e+05 8.154321e+05 8.167275e+05 8.174314e+05 8.177510e+05 8.178221e+05 8.206479e+05 8.351435e+05 8.378160e+05 8.282732e+05
8.962298e+05 8.962298e+05 8.962298e+05 8.962298e+05 8.962298e+05 8.962298e+05 8.962300e+05 8.962306e+05 8.962309e+05 8.962309e+05 8.962237e+05 8.961570e+05 8.958814e+05 8.951519e+05 8.936896e+05 8.912605e+05 8.877448e+05 8.595005e+05 8.379795e+05 8.310075e+05 8.306006e+05 8.320911e+05 8.338570e+05 8.366840e+05 8.383629e+05 8.391878e+05 8.394342e+05 8.392884e+05 8.388750e+05 8.354675e+05 8.443592e+05 8.438203e+05 8.319530e+05
9.256392e+05 9.256392e+05 9.256392e+05 9.256392e+05 9.256392e+05 9.256392e+05 9.256394e+05 9.256398e+05 9.256400e+05 9.256399e+05 9.256320e+05 9.255621e+05 9.252747e+05 9.245148e+05 9.229903e+05 9.204541e+05 9.167748e+05 8.868612e+05 8.632865e+05 8.548535e+05 8.535244e+05 8.544113e+05 8.557533e+05 8.580021e+05 8.592620e+05 8.597222e+05 8.596130e+05 8.590994e+05 8.582954e+05 8.494015e+05 8.530165e+05 8.494627e+05 8.354404e+05
9.529339e+05 9.529339e+05 9.529339e+05 9.529339e+05 9.529339e+05 9.529336e+05 9.529327e+05 9.529288e+05 9.529259e+05 9.529222e+05 9.529051e+05 9.528217e+05 9.525107e+05 9.517063e+05 9.501028e+05 9.474393e+05 9.435737e+05 9.118705e+05 8.862022e+05 8.763415e+05 8.741476e+05 8.744926e+05 8.754706e+05 8.772538e+05 8.781985e+05 8.783911e+05 8.780184e+05 8.772250e+05 8.761149e+05 8.624396e+05 8.611126e+05 8.547364e+05 8.387272e+05
9.777338e+05 9.777338e+05 9.777338e+05 9.777338e+05 9.777338e+05 9.777330e+05 9.777306e+05 9.777211e+05 9.777140e+05 9.777054e+05 9.776764e+05 9.775764e+05 9.772382e+05 9.763854e+05 9.746990e+05 9.719047e+05 9.678501e+05 9.343848e+05 9.067232e+05 8.955455e+05 8.925798e+05 8.924581e+05 8.931355e+05 8.945581e+05 8.952777e+05 8.952850e+05 8.947264e+05 8.937277e+05 8.923838e+05 8.745775e+05 8.686469e+05 8.596364e+05 8.418058e+05
9.995087e+05 9.995087e+05 9.995087e+05 9.995087e+05 9.995086e+05 9.995078e+05 9.995054e+05 9.994955e+05 9.994881e+05 9.994791e+05 9.994488e+05 9.993451e+05 9.989954e+05 9.981137e+05 9.963689e+05 9.934746e+05 9.892684e+05 9.543100e+05 9.249261e+05 9.126143e+05 9.089924e+05 9.084824e+05 9.089171e+05 9.100662e+05 9.106305e+05 9.105153e+05 9.098306e+05 9.086854e+05 9.071665e+05 8.858166e+05 8.756212e+05 8.641597e+05 8.446698e+05
1.018372e+06 1.018372e+06 1.018372e+06 1.018372e+06 1.018372e+06 1.018372e+06 1.018370e+06 1.018365e+06 1.018361e+06 1.018355e+06 1.018333e+06 1.018238e+06 1.017891e+06 1.017001e+06 1.015224e+06 1.012264e+06 1.007950e+06 9.718251e+05 9.410314e+05 9.277746e+05 9.236038e+05 9.227713e+05 9.230084e+05 9.239453e+05 9.244002e+05 9.242041e+05 9.234346e+05 9.221853e+05 9.205359e+05 8.961631e+05 8.820394e+05 8.683051e+05 8.473139e+05
1.035008e+06 1.035008e+06 1.035008e+06 1.035008e+06 1.035008e+06 1.035008e+06 1.035008e+06 1.035006e+06 1.035005e+06 1.035003e+06 1.034988e+06 1.034901e+06 1.034558e+06 1.033661e+06 1.031859e+06 1.028846e+06 1.024444e+06 9.873441e+05 9.553562e+05 9.412902e+05 9.366464e+05 9.355358e+05 9.356033e+05 9.363619e+05 9.367306e+05 9.364750e+05 9.356441e+05 9.343178e+05 9.325686e+05 9.056276e+05 8.879074e+05 8.720733e+05 8.497334e+05
1.050037e+06 1.050037e+06 1.050037e+06 1.050037e+06 1.050037e+06 1.050037e+06 1.050037e+06 1.050035e+06 1.050034e+06 1.050032e+06 1.050019e+06 1.049934e+06 1.049590e+06 1.048682e+06 1.046852e+06 1.043785e+06 1.039297e+06 1.001290e+06 9.682087e+05 9.534066e+05 9.483326e+05 9.469678e+05 9.468787e+05 9.474693e+05 9.477552e+05 9.474445e+05 9.465605e+05 9.451706e+05 9.433407e+05 9.142242e+05 8.932326e+05 8.754666e+05 8.519251e+05
1.063840e+06 1.063840e+06 1.063840e+06 1.063840e+06 1.063840e+06 1.063840e+06 1.063840e+06 1.063841e+06 1.063841e+06 1.063841e+06 1.063833e+06 1.063751e+06 1.063407e+06 1.062488e+06 1.060627e+06 1.057503e+06 1.052924e+06 1.013993e+06 9.798365e+05 9.643246e+05 9.588382e+05 9.572273e+05 9.569831e+05 9.573985e+05 9.575905e+05 9.572160e+05 9.562757e+05 9.548253e+05 9.529244e+05 9.219701e+05 8.980241e+05 8.784886e+05 8.538863e+05
1.076763e+06 1.076763e+06 1.076763e+06 1.076763e+06 1.076764e+06 1.076764e+06 1.076764e+06 1.076763e+06 1.076763e+06 1.076762e+06 1.076750e+06 1.076661e+06 1.076305e+06 1.075360e+06 1.073453e+06 1.070254e+06 1.065568e+06 1.025646e+06 9.904033e+05 9.741901e+05 9.682965e+05 9.664383e+05 9.660329e+05 9.662542e+05 9.663318e+05 9.658767e+05 9.648692e+05 9.633543e+05 9.613852e+05 9.288851e+05 9.022923e+05 8.811444e+05 8.556157e+05
1.088599e+06 1.088599e+06 1.088599e+06 1.088599e+06 1.088599e+06 1.088598e+06 1.088597e+06 1.088594e+06 1.088591e+06 1.088587e+06 1.088569e+06 1.088472e+06 1.088100e+06 1.087129e+06 1.085176e+06 1.081905e+06 1.077115e+06 1.036255e+06 9.999810e+05 9.830929e+05 9.767978e+05 9.746877e+05 9.741115e+05 9.741137e+05 9.740522e+05 9.734960e+05 9.724068e+05 9.708196e+05 9.687814e+05 9.349910e+05 9.060487e+05 8.834404e+05 8.571126e+05
1.099029e+06 1.099029e+06 1.099029e+06 1.099029e+06 1.099029e+06 1.099029e+06 1.099028e+06 1.099027e+06 1.099025e+06 1.099023e+06 1.099008e+06 1.098914e+06 1.098542e+06 1.097562e+06 1.095585e+06 1.092269e+06 1.087406e+06 1.045790e+06 1.008605e+06 9.910866e+05 9.843979e+05 9.820300e+05 9.812719e+05 9.810291e+05 9.808038e+05 9.801261e+05 9.789406e+05 9.772727e+05 9.751631e+05 9.403111e+05 9.093062e+05 8.853838e+05 8.583773e+05
1.108349e+06 1.108349e+06 1.108349e+06 1.108349e+06 1.108349e+06 1.108349e+06 1.108348e+06 1.108346e+06 1.108345e+06 1.108343e+06 1.108329e+06 1.108234e+06 1.107860e+06 1.106870e+06 1.104872e+06 1.101517e+06 1.096594e+06 1.054330e+06 1.016325e+06 9.982066e+05 9.911265e+05 9.884926e+05 9.875414e+05 9.870302e+05 9.866204e+05 9.858047e+05 9.845110e+05 9.827558e+05 9.805733e+05 9.448702e+05 9.120783e+05 8.869831e+05 8.594112e+05
1.116697e+06 1.116697e+06 1.116697e+06 1.116697e+06 1.116697e+06 1.116696e+06 1.116696e+06 1.116694e+06 1.116692e+06 1.116690e+06 1.116674e+06 1.116578e+06 1.116199e+06 1.115198e+06 1.113179e+06 1.109788e+06 1.104809e+06 1.061952e+06 1.023172e+06 1.004466e+06 9.969897e+05 9.940808e+05 9.929270e+05 9.921303e+05 9.915221e+05 9.905577e+05 9.891489e+05 9.873033e+05 9.850491e+05 9.486945e+05 9.143796e+05 8.882475e+05 8.602162e+05
1.124074e+06 1.124074e+06 1.124074e+06 1.124074e+06 1.124074e+06 1.124074e+06 1.124073e+06 1.124071e+06 1.124069e+06 1.124066e+06 1.124051e+06 1.123954e+06 1.123571e+06 1.122562e+06 1.120525e+06 1.117104e+06 1.112076e+06 1.068674e+06 1.029143e+06 1.009850e+06 1.001973e+06 9.987835e+05 9.974221e+05 9.963319e+05 9.955197e+05 9.944034e+05 9.928787e+05 9.909445e+05 9.886233e+05 9.518108e+05 9.162251e+05 8.891867e+05 8.607951e+05
1.130509e+06 1.130509e+06 1.130509e+06 1.130509e+06 1.130509e+06 1.130509e+06 1.130508e+06 1.130506e+06 1.130504e+06 1.130501e+06 1.130485e+06 1.130387e+06 1.130001e+06 1.128985e+06 1.126933e+06 1.123482e+06 1.118410e+06 1.074479e+06 1.034206e+06 1.014329e+06 1.006052e+06 1.002582e+06 1.001014e+06 9.996332e+05 9.986204e+05 9.973565e+05 9.957215e+05 9.937057e+05 9.913259e+05 9.542470e+05 9.176308e+05 8.898115e+05 8.611514e+05
1.136030e+06 1.136030e+06 1.136030e+06 1.136030e+06 1.136030e+06 1.136030e+06 1.136029e+06 1.136027e+06 1.136024e+06 1.136021e+06 1.136003e+06 1.135902e+06 1.135510e+06 1.134481e+06 1.132408e+06 1.128923e+06 1.123799e+06 1.079323e+06 1.038316e+06 1.017868e+06 1.009202e+06 1.005462e+06 1.003694e+06 1.002034e+06 1.000831e+06 9.994314e+05 9.976977e+05 9.956124e+05 9.931867e+05 9.560316e+05 9.186131e+05 8.901326e+05 8.612894e+05
1.140493e+06 1.140493e+06 1.140493e+06 1.140493e+06 1.140493e+06 1.140493e+06 1.140491e+06 1.140485e+06 1.140481e+06 1.140475e+06 1.140451e+06 1.140341e+06 1.139938e+06 1.138894e+06 1.136796e+06 1.133276e+06 1.128101e+06 1.083114e+06 1.041427e+06 1.020445e+06 1.011413e+06 1.007415e+06 1.005459e+06 1.003538e+06 1.002164e+06 1.000645e+06 9.988300e+05 9.966917e+05 9.942360e+05 9.571939e+05 9.191886e+05 8.901616e+05 8.612138e+05
1.143576e+06 1.143576e+06 1.143576e+06 1.143576e+06 1.143576e+06 1.143576e+06 1.143574e+06 1.143568e+06 1.143564e+06 1.143558e+06 1.143535e+06 1.143427e+06 1.143024e+06 1.141978e+06 1.139872e+06 1.136336e+06 1.131132e+06 1.085776e+06 1.043516e+06 1.022056e+06 1.012684e+06 1.008448e+06 1.006316e+06 1.004159e+06 1.002636e+06 1.001021e+06 9.991451e+05 9.969737e+05 9.945069e+05 9.577638e+05 9.193745e+05 8.899101e+05 8.609299e+05
1.145443e+06 1.145443e+06 1.145443e+06 1.145443e+06 1.145443e+06 1.145442e+06 1.145441e+06 1.145437e+06 1.145434e+06 1.145429e+06 1.145409e+06 1.145304e+06 1.144905e+06 1.143860e+06 1.141753e+06 1.138209e+06 1.132990e+06 1.087359e+06 1.044612e+06 1.022720e+06 1.013034e+06 1.008575e+06 1.006283e+06 1.003918e+06 1.002273e+06 1.000587e+06 9.986750e+05 9.964927e+05 9.940352e+05 9.577717e+05 9.191884e+05 8.893901e+05 8.604436e+05
1.146330e+06 1.146330e+06 1.146330e+06 1.146330e+06 1.146330e+06 1.146330e+06 1.146329e+06 1.146324e+06 1.146321e+06 1.146317e+06 1.146296e+06 1.146191e+06 1.145791e+06 1.144745e+06 1.142634e+06 1.139081e+06 1.133846e+06 1.087964e+06 1.044767e+06 1.022468e+06 1.012488e+06 1.007825e+06 1.005389e+06 1.002847e+06 1.001110e+06 9.993814e+05 9.974581e+05 9.952880e+05 9.928609e+05 9.572487e+05 9.186478e+05 8.886138e+05 8.597610e+05
1.146286e+06 1.146286e+06 1.146286e+06 1.146286e+06 1.146286e+06 1.146285e+06 1.146284e+06 1.146280e+06 1.146277e+06 1.146272e+06 1.146252e+06 1.146147e+06 1.145747e+06 1.144699e+06 1.142584e+06 1.139023e+06 1.133773e+06 1.087650e+06 1.044018e+06 1.021334e+06 1.011082e+06 1.006234e+06 1.003674e+06 1.000989e+06 9.991922e+05 9.974483e+05 9.955393e+05 9.934042e+05 9.910278e+05 9.562258e+05 9.177705e+05 8.875932e+05 8.588889e+05
1.145359e+06 1.145359e+06 1.145359e+06 1.145359e+06 1.145359e+06 1.145358e+06 1.145357e+06 1.145353e+06 1.145349e+06 1.145345e+06 1.145324e+06 1.145217e+06 1.144816e+06 1.143765e+06 1.141644e+06 1.138073e+06 1.132806e+06 1.086442e+06 1.042399e+06 1.019360e+06 1.008863e+06 1.003855e+06 1.001191e+06 9.984006e+05 9.965736e+05 9.948411e+05 9.929697e+05 9.908903e+05 9.885834e+05 9.547347e+05 9.165744e+05 8.863406e+05 8.578340e+05
1.143528e+06 1.143528e+06 1.143528e+06 1.143528e+06 1.143528e+06 1.143527e+06 1.143526e+06 1.143521e+06 1.143516e+06 1.143511e+06 1.143489e+06 1.143380e+06 1.142976e+06 1.141921e+06 1.139795e+06 1.136214e+06 1.130931e+06 1.084354e+06 1.039952e+06 1.016604e+06 1.005899e+06 1.000758e+06 9.980121e+05 9.951489e+05 9.933181e+05 9.916195e+05 9.898054e+05 9.877994e+05 9.855780e+05 9.528069e+05 9.150773e+05 8.848682e+05 8.566035e+05
1.140733e+06 1.140733e+06 1.140733e+06 1.140733e+06 1.140733e+06 1.140733e+06 1.140731e+06 1.140726e+06 1.140722e+06 1.140717e+06 1.140695e+06 1.140588e+06 1.140185e+06 1.139132e+06 1.137006e+06 1.133424e+06 1.128135e+06 1.081422e+06 1.036746e+06 1.013150e+06 1.002274e+06 9.970267e+05 9.942177e+05 9.913093e+05 9.894950e+05 9.878475e+05 9.861059e+05 9.841871e+05 9.820638e+05 9.504739e+05 9.132970e+05 8.831880e+05 8.552049e+05
1.137128e+06 1.137128e+06 1.137128e+06 1.137128e+06 1.137127e+06 1.137127e+06 1.137127e+06 1.137124e+06 1.137121e+06 1.137118e+06 1.137101e+06 1.137000e+06 1.136604e+06 1.135557e+06 1.133437e+06 1.129859e+06 1.124573e+06 1.077781e+06 1.032898e+06 1.009103e+06 9.980874e+05 9.927531e+05 9.898951e+05 9.869603e+05 9.851761e+05 9.835910e+05 9.819322e+05 9.801102e+05 9.780939e+05 9.477669e+05 9.112512e+05 8.813121e+05 8.536455e+05
1.133028e+06 1.133028e+06 1.133028e+06 1.133028e+06 1.133028e+06 1.133028e+06 1.133027e+06 1.133024e+06 1.133022e+06 1.133019e+06 1.133002e+06 1.132900e+06 1.132503e+06 1.131456e+06 1.129337e+06 1.125758e+06 1.120468e+06 1.073599e+06 1.028537e+06 1.004570e+06 9.934344e+05 9.880268e+05 9.851289e+05 9.821790e+05 9.804319e+05 9.789150e+05 9.773445e+05 9.756247e+05 9.737210e+05 9.447169e+05 9.089572e+05 8.792522e+05 8.519330e+05
1.128424e+06 1.128424e+06 1.128424e+06 1.128424e+06 1.128424e+06 1.128423e+06 1.128422e+06 1.128418e+06 1.128414e+06 1.128410e+06 1.128390e+06 1.128285e+06 1.127884e+06 1.126835e+06 1.124712e+06 1.121132e+06 1.115842e+06 1.068929e+06 1.023736e+06 9.996323e+05 9.883972e+05 9.829273e+05 9.799958e+05 9.770363e+05 9.753287e+05 9.738815e+05 9.724008e+05 9.707850e+05 9.689960e+05 9.413541e+05 9.064323e+05 8.770199e+05 8.500750e+05
1.123157e+06 1.123157e+06 1.123157e+06 1.123157e+06 1.123157e+06 1.123157e+06 1.123156e+06 1.123151e+06 1.123148e+06 1.123144e+06 1.123123e+06 1.123018e+06 1.122619e+06 1.121573e+06 1.119457e+06 1.115886e+06 1.110609e+06 1.063763e+06 1.018541e+06 9.943527e+05 9.830421e+05 9.775211e+05 9.745612e+05 9.715953e+05 9.699266e+05 9.685475e+05 9.671552e+05 9.656425e+05 9.639676e+05 9.377078e+05 9.036934e+05 8.746266e+05 8.480793e+05
1.117261e+06 1.117261e+06 1.117261e+06 1.117261e+06 1.117261e+06 1.117261e+06 1.117261e+06 1.117260e+06 1.117259e+06 1.117257e+06 1.117244e+06 1.117147e+06 1.116759e+06 1.115727e+06 1.113630e+06 1.110084e+06 1.104837e+06 1.058169e+06 1.013011e+06 9.887874e+05 9.774245e+05 9.718635e+05 9.688804e+05 9.659107e+05 9.642791e+05 9.629649e+05 9.616575e+05 9.602446e+05 9.586813e+05 9.338067e+05 9.007569e+05 8.720833e+05 8.459533e+05
1.111154e+06 1.111154e+06 1.111154e+06 1.111154e+06 1.111154e+06 1.111154e+06 1.111153e+06 1.111152e+06 1.111151e+06 1.111150e+06 1.111137e+06 1.111042e+06 1.110657e+06 1.109632e+06 1.107548e+06 1.104021e+06 1.098800e+06 1.052305e+06 1.007229e+06 9.829924e+05 9.715924e+05 9.660007e+05 9.629996e+05 9.600292e+05 9.584329e+05 9.571797e+05 9.559526e+05 9.546350e+05 9.531790e+05 9.296781e+05 8.976389e+05 8.694009e+05 8.437048e+05
1.104949e+06 1.104949e+06 1.104949e+06 1.104949e+06 1.104949e+06 1.104949e+06 1.104948e+06 1.104946e+06 1.104945e+06 1.104943e+06 1.104928e+06 1.104832e+06 1.104446e+06 1.103423e+06 1.101345e+06 1.097830e+06 1.092627e+06 1.046264e+06 1.001258e+06 9.770142e+05 9.655875e+05 9.599732e+05 9.569592e+05 9.539918e+05 9.524290e+05 9.512327e+05 9.500806e+05 9.488529e+05 9.474990e+05 9.253485e+05 8.943551e+05 8.665897e+05 8.413412e+05
1.098538e+06 1.098538e+06 1.098538e+06 1.098538e+06 1.098538e+06 1.098538e+06 1.098538e+06 1.098535e+06 1.098533e+06 1.098531e+06 1.098515e+06 1.098417e+06 1.098032e+06 1.097011e+06 1.094941e+06 1.091439e+06 1.086255e+06 1.040039e+06 9.951210e+05 9.708872e+05 9.594457e+05 9.538168e+05 9.507949e+05 9.478341e+05 9.463034e+05 9.451597e+05 9.440772e+05 9.429334e+05 9.416758e+05 9.208428e+05 8.909206e+05 8.636600e+05 8.388698e+05
1.091833e+06 1.091833e+06 1.091833e+06 1.091833e+06 1.091833e+06 1.091833e+06 1.091832e+06 1.091830e+06 1.091828e+06 1.091825e+06 1.091810e+06 1.091713e+06 1.091330e+06 1.090316e+06 1.088258e+06 1.084775e+06 1.079619e+06 1.033609e+06 9.888335e+05 9.646394e+05 9.531989e+05 9.475641e+05 9.445391e+05 9.415877e+05 9.400873e+05 9.389919e+05 9.379735e+05 9.369078e+05 9.357405e+05 9.161848e+05 8.873499e+05 8.606216e+05 8.362980e+05
