3.720554e+07 2.061442e+07 1.632980e+07 1.154624e+07 1.102151e+07 9.563205e+06 8.524536e+06 7.615880e+06 7.422595e+06 7.316932e+06 7.263524e+06 7.333424e+06 7.474032e+06 7.658088e+06 7.869180e+06 8.096371e+06 8.332086e+06 9.519095e+06 1.070994e+07 1.203191e+07 1.353313e+07 1.512682e+07 1.662247e+07 1.863022e+07 1.913818e+07 1.868944e+07 1.781030e+07 1.678874e+07 1.575836e+07 8.983262e+06 6.293732e+06 5.056125e+06 4.376516e+06
8.147152e+06 8.147161e+06 8.147182e+06 8.147215e+06 8.145094e+06 7.991245e+06 7.739860e+06 7.313525e+06 7.232458e+06 7.196375e+06 7.221078e+06 7.331731e+06 7.496264e+06 7.695280e+06 7.915845e+06 8.148778e+06 8.387538e+06 9.569361e+06 1.074844e+07 1.206330e+07 1.355996e+07 1.514842e+07 1.663676e+07 1.862675e+07 1.912013e+07 1.866278e+07 1.777963e+07 1.675685e+07 1.572684e+07 8.967157e+06 6.285748e+06 5.051757e+06 4.373874e+06
7.167430e+06 7.167435e+06 7.167450e+06 7.167812e+06 7.168597e+06 7.152533e+06 7.125657e+06 7.105048e+06 7.066305e+06 7.077801e+06 7.183481e+06 7.339654e+06 7.530134e+06 7.744536e+06 7.974173e+06 8.212017e+06 8.452776e+06 9.624342e+06 1.078907e+07 1.209586e+07 1.358754e+07 1.517039e+07 1.665108e+07 1.862271e+07 1.910126e+07 1.863528e+07 1.774819e+07 1.672431e+07 1.569475e+07 8.950948e+06 6.277736e+06 5.047380e+06 4.371229e+06
6.908695e+06 6.908699e+06 6.908708e+06 6.908962e+06 6.909645e+06 6.918177e+06 6.907294e+06 7.026384e+06 7.075006e+06 7.101389e+06 7.193353e+06 7.368784e+06 7.579718e+06 7.807566e+06 8.044955e+06 8.286440e+06 8.527905e+06 9.683732e+06 1.083157e+07 1.212943e+07 1.361576e+07 1.519268e+07 1.666536e+07 1.861807e+07 1.908153e+07 1.860692e+07 1.771598e+07 1.669110e+07 1.566211e+07 8.934635e+06 6.269698e+06 5.042994e+06 4.368579e+06
6.907912e+06 6.907914e+06 6.907920e+06 6.908105e+06 6.908626e+06 6.919244e+06 6.929096e+06 7.005409e+06 7.099927e+06 7.184499e+06 7.311207e+06 7.457507e+06 7.657396e+06 7.888849e+06 8.129829e+06 8.372531e+06 8.612891e+06 9.747048e+06 1.087560e+07 1.216382e+07 1.364450e+07 1.521520e+07 1.667954e+07 1.861277e+07 1.906093e+07 1.857768e+07 1.768298e+07 1.665722e+07 1.562891e+07 8.918219e+06 6.261632e+06 5.038599e+06 4.365926e+06
7.021021e+06 7.021023e+06 7.021028e+06 7.021172e+06 7.021592e+06 7.031514e+06 7.049365e+06 7.099368e+06 7.174949e+06 7.274643e+06 7.461855e+06 7.620133e+06 7.794091e+06 8.001197e+06 8.233891e+06 8.472275e+06 8.708317e+06 9.813686e+06 1.092077e+07 1.219881e+07 1.367362e+07 1.523785e+07 1.669354e+07 1.860677e+07 1.903942e+07 1.854755e+07 1.764918e+07 1.662266e+07 1.559514e+07 8.901700e+06 6.253540e+06 5.034195e+06 4.363269e+06
7.196167e+06 7.196169e+06 7.196173e+06 7.196292e+06 7.196642e+06 7.205645e+06 7.225642e+06 7.272310e+06 7.323444e+06 7.406045e+06 7.613444e+06 7.805184e+06 7.980957e+06 8.166139e+06 8.370047e+06 8.591029e+06 8.816438e+06 9.883037e+06 1.096664e+07 1.223415e+07 1.370299e+07 1.526054e+07 1.670730e+07 1.860003e+07 1.901699e+07 1.851651e+07 1.761459e+07 1.658743e+07 1.556081e+07 8.885079e+06 6.245421e+06 5.029782e+06 4.360609e+06
7.411620e+06 7.411621e+06 7.411624e+06 7.411725e+06 7.412027e+06 7.420158e+06 7.440033e+06 7.489617e+06 7.527314e+06 7.589109e+06 7.778683e+06 7.991336e+06 8.184479e+06 8.365318e+06 8.548739e+06 8.740900e+06 8.942601e+06 9.954645e+06 1.101276e+07 1.226959e+07 1.373244e+07 1.528317e+07 1.672074e+07 1.859251e+07 1.899359e+07 1.848455e+07 1.757919e+07 1.655151e+07 1.552592e+07 8.868357e+06 6.237276e+06 5.025361e+06 4.357945e+06
7.655576e+06 7.655577e+06 7.655580e+06 7.655667e+06 7.655930e+06 7.663201e+06 7.681994e+06 7.733654e+06 7.766037e+06 7.813379e+06 7.971330e+06 8.181399e+06 8.389353e+06 8.576773e+06 8.751067e+06 8.922542e+06 9.096869e+06 1.002838e+07 1.105871e+07 1.230487e+07 1.376183e+07 1.530562e+07 1.673376e+07 1.858415e+07 1.896921e+07 1.845165e+07 1.754297e+07 1.651491e+07 1.549045e+07 8.851534e+06 6.229105e+06 5.020931e+06 4.355277e+06
7.919562e+06 7.919562e+06 7.919565e+06 7.919642e+06 7.919874e+06 7.926415e+06 7.943884e+06 7.995691e+06 8.026394e+06 8.065619e+06 8.193692e+06 8.384412e+06 8.594179e+06 8.788802e+06 8.961557e+06 9.120020e+06 9.273177e+06 1.010464e+07 1.110417e+07 1.233976e+07 1.379099e+07 1.532779e+07 1.674631e+07 1.857491e+07 1.894382e+07 1.841781e+07 1.750593e+07 1.647762e+07 1.545441e+07 8.834610e+06 6.220908e+06 5.016493e+06 4.352606e+06
8.197846e+06 8.197846e+06 8.197849e+06 8.197917e+06 8.198122e+06 8.204019e+06 8.220145e+06 8.270690e+06 8.300823e+06 8.335923e+06 8.441114e+06 8.605583e+06 8.803536e+06 8.998124e+06 9.170700e+06 9.321501e+06 9.458965e+06 1.018460e+07 1.114898e+07 1.237406e+07 1.381979e+07 1.534957e+07 1.675829e+07 1.856474e+07 1.891740e+07 1.838300e+07 1.746807e+07 1.643964e+07 1.541781e+07 8.817587e+06 6.212685e+06 5.012046e+06 4.349931e+06
1.127130e+07 1.127130e+07 1.127130e+07 1.127134e+07 1.127144e+07 1.127174e+07 1.126471e+07 1.122134e+07 1.118926e+07 1.115253e+07 1.106849e+07 1.097455e+07 1.087845e+07 1.079127e+07 1.072332e+07 1.068087e+07 1.066571e+07 1.092943e+07 1.162914e+07 1.271403e+07 1.408247e+07 1.553343e+07 1.683404e+07 1.840320e+07 1.859137e+07 1.797955e+07 1.704272e+07 1.602142e+07 1.502033e+07 8.642007e+06 6.129092e+06 4.967131e+06 4.322996e+06
1.017302e+07 1.017302e+07 1.017302e+07 1.017303e+07 1.017304e+07 1.017353e+07 1.017485e+07 1.017924e+07 1.018196e+07 1.018478e+07 1.018974e+07 1.019219e+07 1.019137e+07 1.018915e+07 1.019034e+07 1.020166e+07 1.023000e+07 1.074953e+07 1.179927e+07 1.308014e+07 1.443148e+07 1.573756e+07 1.685506e+07 1.812499e+07 1.814633e+07 1.747254e+07 1.653202e+07 1.553402e+07 1.456693e+07 8.457242e+06 6.043184e+06 4.921465e+06 4.295746e+06
9.750076e+06 9.750076e+06 9.750077e+06 9.750084e+06 9.750106e+06 9.750778e+06 9.752800e+06 9.760502e+06 9.766071e+06 9.772711e+06 9.788884e+06 9.808326e+06 9.830953e+06 9.858303e+06 9.893684e+06 9.941423e+06 1.000585e+07 1.066050e+07 1.182359e+07 1.324603e+07 1.468050e+07 1.594463e+07 1.691258e+07 1.779627e+07 1.760324e+07 1.687242e+07 1.594313e+07 1.498312e+07 1.406228e+07 8.264193e+06 5.955214e+06 4.875137e+06 4.268215e+06
1.029700e+07 1.029700e+07 1.029700e+07 1.029699e+07 1.029697e+07 1.029625e+07 1.029395e+07 1.028583e+07 1.028088e+07 1.027575e+07 1.026564e+07 1.025650e+07 1.024980e+07 1.024852e+07 1.025722e+07 1.028121e+07 1.032530e+07 1.091701e+07 1.202389e+07 1.338142e+07 1.475841e+07 1.595385e+07 1.681976e+07 1.744141e+07 1.703605e+07 1.621607e+07 1.529659e+07 1.438187e+07 1.351554e+07 8.063931e+06 5.865461e+06 4.828242e+06 4.240440e+06
1.037371e+07 1.037371e+07 1.037371e+07 1.037371e+07 1.037372e+07 1.037398e+07 1.037474e+07 1.037753e+07 1.037949e+07 1.038177e+07 1.038710e+07 1.039335e+07 1.040138e+07 1.041407e+07 1.043618e+07 1.047326e+07 1.053029e+07 1.117518e+07 1.226632e+07 1.351623e+07 1.473839e+07 1.578060e+07 1.651655e+07 1.695068e+07 1.643377e+07 1.555929e+07 1.463001e+07 1.375188e+07 1.294078e+07 7.857685e+06 5.774222e+06 4.780876e+06 4.212457e+06
1.060536e+07 1.060536e+07 1.060536e+07 1.060536e+07 1.060537e+07 1.060560e+07 1.060629e+07 1.060886e+07 1.061070e+07 1.061288e+07 1.061820e+07 1.062486e+07 1.063383e+07 1.064796e+07 1.067190e+07 1.071099e+07 1.077000e+07 1.141440e+07 1.245799e+07 1.358808e+07 1.463388e+07 1.548575e+07 1.605850e+07 1.630996e+07 1.574806e+07 1.488017e+07 1.397401e+07 1.312484e+07 1.235704e+07 7.646824e+06 5.681812e+06 4.733141e+06 4.184306e+06
1.099861e+07 1.099861e+07 1.099861e+07 1.099861e+07 1.099861e+07 1.099851e+07 1.099819e+07 1.099691e+07 1.099601e+07 1.099500e+07 1.099282e+07 1.099082e+07 1.099028e+07 1.099413e+07 1.100687e+07 1.103365e+07 1.107903e+07 1.163548e+07 1.256691e+07 1.355834e+07 1.443472e+07 1.510307e+07 1.550968e+07 1.556853e+07 1.498348e+07 1.416088e+07 1.331030e+07 1.251190e+07 1.178796e+07 7.432837e+06 5.588560e+06 4.685140e+06 4.156022e+06
1.117874e+07 1.117874e+07 1.117874e+07 1.117874e+07 1.117874e+07 1.117879e+07 1.117891e+07 1.117929e+07 1.117949e+07 1.117966e+07 1.117978e+07 1.117962e+07 1.118008e+07 1.118364e+07 1.119433e+07 1.121680e+07 1.125523e+07 1.173730e+07 1.255305e+07 1.341141e+07 1.413955e+07 1.465079e+07 1.491087e+07 1.478495e+07 1.417430e+07 1.340883e+07 1.263276e+07 1.190151e+07 1.123361e+07 7.217313e+06 5.494806e+06 4.636977e+06 4.127645e+06
1.122323e+07 1.122323e+07 1.122323e+07 1.122323e+07 1.122323e+07 1.122321e+07 1.122313e+07 1.122268e+07 1.122224e+07 1.122166e+07 1.122004e+07 1.121803e+07 1.121658e+07 1.121799e+07 1.122587e+07 1.124436e+07 1.127716e+07 1.169943e+07 1.241545e+07 1.315790e+07 1.376190e+07 1.414543e+07 1.428612e+07 1.400081e+07 1.335944e+07 1.264523e+07 1.194731e+07 1.129155e+07 1.068765e+07 7.001912e+06 5.400896e+06 4.588757e+06 4.099212e+06
1.111826e+07 1.111826e+07 1.111826e+07 1.111826e+07 1.111826e+07 1.111826e+07 1.111826e+07 1.111821e+07 1.111815e+07 1.111806e+07 1.111775e+07 1.111737e+07 1.111767e+07 1.112059e+07 1.112924e+07 1.114720e+07 1.117769e+07 1.155522e+07 1.218461e+07 1.282510e+07 1.332401e+07 1.360441e+07 1.365130e+07 1.323925e+07 1.256805e+07 1.189363e+07 1.126667e+07 1.068611e+07 1.014935e+07 6.788338e+06 5.307184e+06 4.540587e+06 4.070761e+06
1.097974e+07 1.097974e+07 1.097974e+07 1.097974e+07 1.097974e+07 1.097972e+07 1.097966e+07 1.097940e+07 1.097918e+07 1.097890e+07 1.097815e+07 1.097725e+07 1.097686e+07 1.097870e+07 1.098551e+07 1.100041e+07 1.102622e+07 1.135155e+07 1.189472e+07 1.244023e+07 1.284730e+07 1.304340e+07 1.301769e+07 1.251118e+07 1.181687e+07 1.117252e+07 1.060482e+07 1.009275e+07 9.621338e+06 6.578323e+06 5.214023e+06 4.492572e+06 4.042329e+06
1.079347e+07 1.079347e+07 1.079347e+07 1.079347e+07 1.079347e+07 1.079343e+07 1.079331e+07 1.079280e+07 1.079239e+07 1.079188e+07 1.079055e+07 1.078891e+07 1.078757e+07 1.078803e+07 1.079265e+07 1.080418e+07 1.082507e+07 1.109883e+07 1.156045e+07 1.201942e+07 1.234677e+07 1.247419e+07 1.239323e+07 1.182080e+07 1.111321e+07 1.049315e+07 9.973226e+06 9.519869e+06 9.108193e+06 6.373612e+06 5.121766e+06 4.444816e+06 4.013954e+06
1.053558e+07 1.053558e+07 1.053558e+07 1.053558e+07 1.053557e+07 1.053554e+07 1.053541e+07 1.053490e+07 1.053451e+07 1.053403e+07 1.053279e+07 1.053125e+07 1.052993e+07 1.053010e+07 1.053381e+07 1.054338e+07 1.056094e+07 1.079362e+07 1.118616e+07 1.157134e+07 1.183224e+07 1.190515e+07 1.178347e+07 1.116909e+07 1.045868e+07 9.860618e+06 9.379341e+06 8.974632e+06 8.615046e+06 6.176005e+06 5.030763e+06 4.397420e+06 3.985670e+06
1.022453e+07 1.022453e+07 1.022453e+07 1.022453e+07 1.022453e+07 1.022450e+07 1.022439e+07 1.022394e+07 1.022359e+07 1.022317e+07 1.022205e+07 1.022067e+07 1.021943e+07 1.021944e+07 1.022246e+07 1.023051e+07 1.024540e+07 1.044435e+07 1.077980e+07 1.110435e+07 1.131179e+07 1.134291e+07 1.119262e+07 1.055568e+07 9.851945e+06 9.275825e+06 8.826801e+06 8.461967e+06 8.146426e+06 5.987599e+06 4.941360e+06 4.350487e+06 3.957513e+06
9.875362e+06 9.875362e+06 9.875362e+06 9.875362e+06 9.875361e+06 9.875329e+06 9.875223e+06 9.874760e+06 9.874398e+06 9.873947e+06 9.872780e+06 9.871332e+06 9.869985e+06 9.869707e+06 9.872022e+06 9.878693e+06 9.891306e+06 1.006247e+07 1.035156e+07 1.062745e+07 1.079304e+07 1.079319e+07 1.062408e+07 9.979674e+06 9.290449e+06 8.737281e+06 8.316384e+06 7.984504e+06 7.705627e+06 5.808938e+06 4.853893e+06 4.304115e+06 3.929517e+06
9.492573e+06 9.492573e+06 9.492573e+06 9.492572e+06 9.492571e+06 9.492545e+06 9.492458e+06 9.492088e+06 9.491799e+06 9.491441e+06 9.490516e+06 9.489372e+06 9.488341e+06 9.488263e+06 9.490472e+06 9.496504e+06 9.507746e+06 9.658567e+06 9.911628e+06 1.014940e+07 1.028292e+07 1.026088e+07 1.008060e+07 9.440029e+06 8.771281e+06 8.242351e+06 7.847038e+06 7.542974e+06 7.294547e+06 5.639106e+06 4.768691e+06 4.258398e+06 3.901715e+06
9.096125e+06 9.096125e+06 9.096125e+06 9.096125e+06 9.096124e+06 9.096104e+06 9.096037e+06 9.095755e+06 9.095538e+06 9.095269e+06 9.094575e+06 9.093725e+06 9.093008e+06 9.093166e+06 9.095374e+06 9.100989e+06 9.111233e+06 9.246210e+06 9.470707e+06 9.678423e+06 9.787416e+06 9.749913e+06 9.564183e+06 8.935608e+06 8.291581e+06 7.788002e+06 7.416709e+06 7.136768e+06 6.913840e+06 5.477602e+06 4.686073e+06 4.213429e+06 3.874139e+06
8.701797e+06 8.701797e+06 8.701797e+06 8.701797e+06 8.701797e+06 8.701780e+06 8.701726e+06 8.701499e+06 8.701323e+06 8.701105e+06 8.700540e+06 8.699845e+06 8.699279e+06 8.699504e+06 8.701568e+06 8.706682e+06 8.715939e+06 8.837102e+06 9.037759e+06 9.221078e+06 9.311088e+06 9.263084e+06 9.076070e+06 8.465188e+06 7.848690e+06 7.371208e+06 7.022901e+06 6.764446e+06 6.563194e+06 5.324073e+06 4.606353e+06 4.169298e+06 3.846819e+06
8.315414e+06 8.315414e+06 8.315414e+06 8.315414e+06 8.315414e+06 8.315397e+06 8.315342e+06 8.315120e+06 8.314951e+06 8.314744e+06 8.314214e+06 8.313574e+06 8.313060e+06 8.313267e+06 8.315142e+06 8.319774e+06 8.328147e+06 8.437554e+06 8.618310e+06 8.781673e+06 8.856907e+06 8.802080e+06 8.616781e+06 8.027457e+06 7.440180e+06 6.989129e+06 6.663017e+06 6.424127e+06 6.241640e+06 5.178254e+06 4.529842e+06 4.126090e+06 3.819785e+06
7.938149e+06 7.938149e+06 7.938149e+06 7.938149e+06 7.938149e+06 7.938138e+06 7.938103e+06 7.937956e+06 7.937841e+06 7.937698e+06 7.937323e+06 7.936870e+06 7.936550e+06 7.936901e+06 7.938778e+06 7.943167e+06 7.950956e+06 8.051189e+06 8.215725e+06 8.362834e+06 8.426573e+06 8.367669e+06 8.186235e+06 7.621020e+06 7.063834e+06 6.639175e+06 6.334539e+06 6.113749e+06 5.947803e+06 5.039948e+06 4.456867e+06 4.083889e+06 3.793065e+06
7.576985e+06 7.576985e+06 7.576985e+06 7.576985e+06 7.576985e+06 7.576975e+06 7.576944e+06 7.576816e+06 7.576720e+06 7.576601e+06 7.576298e+06 7.575941e+06 7.575725e+06 7.576141e+06 7.577971e+06 7.582112e+06 7.589376e+06 7.681806e+06 7.832671e+06 7.966237e+06 8.020907e+06 7.959935e+06 7.783897e+06 7.244420e+06 6.717614e+06 6.319005e+06 6.035113e+06 5.831235e+06 5.680095e+06 4.909004e+06 4.387836e+06 4.042773e+06 3.766687e+06
7.234159e+06 7.234159e+06 7.234159e+06 7.234159e+06 7.234159e+06 7.234153e+06 7.234134e+06 7.234054e+06 7.233991e+06 7.233910e+06 7.233700e+06 7.233452e+06 7.233344e+06 7.233826e+06 7.235614e+06 7.239533e+06 7.246323e+06 7.331826e+06 7.470710e+06 7.592630e+06 7.639995e+06 7.578432e+06 7.408894e+06 6.896167e+06 6.399637e+06 6.026505e+06 5.762574e+06 5.574575e+06 5.436848e+06 4.785315e+06 4.322974e+06 4.002818e+06 3.740675e+06
6.911811e+06 6.911811e+06 6.911811e+06 6.911811e+06 6.911811e+06 6.911805e+06 6.911784e+06 6.911699e+06 6.911634e+06 6.911554e+06 6.911346e+06 6.911108e+06 6.911004e+06 6.911449e+06 6.913106e+06 6.916733e+06 6.923015e+06 7.002021e+06 7.130125e+06 7.241851e+06 7.283306e+06 7.222328e+06 7.060133e+06 6.574775e+06 6.108149e+06 5.759753e+06 5.514943e+06 5.341872e+06 5.216396e+06 4.668794e+06 4.261928e+06 3.964100e+06 3.715054e+06
6.607554e+06 6.607554e+06 6.607554e+06 6.607554e+06 6.607554e+06 6.607550e+06 6.607536e+06 6.607474e+06 6.607425e+06 6.607364e+06 6.607205e+06 6.607024e+06 6.606973e+06 6.607435e+06 6.609018e+06 6.612426e+06 6.618289e+06 6.691599e+06 6.810178e+06 6.913094e+06 6.949924e+06 6.890573e+06 6.736425e+06 6.278797e+06 5.841516e+06 5.516991e+06 5.290408e+06 5.131357e+06 5.017118e+06 4.559364e+06 4.204440e+06 3.926690e+06 3.689849e+06
6.321525e+06 6.321525e+06 6.321525e+06 6.321525e+06 6.321524e+06 6.321520e+06 6.321505e+06 6.321445e+06 6.321399e+06 6.321342e+06 6.321197e+06 6.321036e+06 6.321000e+06 6.321444e+06 6.322934e+06 6.326118e+06 6.331584e+06 6.399771e+06 6.509992e+06 6.605436e+06 6.638873e+06 6.582107e+06 6.436604e+06 6.006853e+06 5.598213e+06 5.296600e+06 5.087303e+06 4.941383e+06 4.837469e+06 4.456942e+06 4.150295e+06 3.890660e+06 3.665081e+06
6.052414e+06 6.052414e+06 6.052414e+06 6.052414e+06 6.052414e+06 6.052410e+06 6.052396e+06 6.052341e+06 6.052298e+06 6.052247e+06 6.052117e+06 6.051977e+06 6.051960e+06 6.052396e+06 6.053812e+06 6.056812e+06 6.061943e+06 6.125746e+06 6.228840e+06 6.318129e+06 6.349323e+06 6.295986e+06 6.159596e+06 5.757648e+06 5.376806e+06 5.097071e+06 4.904086e+06 4.770418e+06 4.675985e+06 4.361429e+06 4.099297e+06 3.856087e+06 3.640773e+06
5.799230e+06 5.799230e+06 5.799230e+06 5.799230e+06 5.799230e+06 5.799229e+06 5.799224e+06 5.799201e+06 5.799183e+06 5.799160e+06 5.799098e+06 5.799038e+06 5.799100e+06 5.799594e+06 5.801011e+06 5.803916e+06 5.808819e+06 5.869112e+06 5.966308e+06 6.050665e+06 6.080625e+06 6.031401e+06 5.904433e+06 5.529963e+06 5.175941e+06 4.916991e+06 4.739319e+06 4.617030e+06 4.531285e+06 4.272701e+06 4.051264e+06 3.823054e+06 3.616946e+06
5.563519e+06 5.563519e+06 5.563519e+06 5.563519e+06 5.563519e+06 5.563517e+06 5.563513e+06 5.563496e+06 5.563482e+06 5.563465e+06 5.563421e+06 5.563385e+06 5.563472e+06 5.563975e+06 5.565356e+06 5.568148e+06 5.572831e+06 5.630077e+06 5.722309e+06 5.802722e+06 5.832247e+06 5.787623e+06 5.670211e+06 5.322636e+06 4.994328e+06 4.755018e+06 4.591648e+06 4.479879e+06 4.402065e+06 4.190604e+06 4.006018e+06 3.791677e+06 3.593620e+06
5.344657e+06 5.344657e+06 5.344657e+06 5.344657e+06 5.344657e+06 5.344657e+06 5.344657e+06 5.344656e+06 5.344654e+06 5.344650e+06 5.344641e+06 5.344649e+06 5.344781e+06 5.345316e+06 5.346690e+06 5.349408e+06 5.353924e+06 5.408639e+06 5.496710e+06 5.573975e+06 5.603665e+06 5.563937e+06 5.456047e+06 5.134540e+06 4.830724e+06 4.609874e+06 4.459793e+06 4.357699e+06 4.287099e+06 4.114948e+06 3.963390e+06 3.762074e+06 3.570816e+06
5.142990e+06 5.142990e+06 5.142990e+06 5.142990e+06 5.142990e+06 5.142991e+06 5.142995e+06 5.143011e+06 5.143021e+06 5.143032e+06 5.143058e+06 5.143107e+06 5.143283e+06 5.143848e+06 5.145219e+06 5.147875e+06 5.152247e+06 5.204783e+06 5.289299e+06 5.364018e+06 5.394292e+06 5.359594e+06 5.261041e+06 4.964567e+06 4.683926e+06 4.480333e+06 4.342537e+06 4.249297e+06 4.185226e+06 4.045512e+06 3.923217e+06 3.734086e+06 3.548555e+06
4.958704e+06 4.958704e+06 4.958704e+06 4.958704e+06 4.958704e+06 4.958706e+06 4.958710e+06 4.958727e+06 4.958739e+06 4.958753e+06 4.958789e+06 4.958853e+06 4.959045e+06 4.959616e+06 4.960963e+06 4.963545e+06 4.967774e+06 5.018330e+06 5.099725e+06 5.172337e+06 5.203464e+06 5.173788e+06 5.084268e+06 4.811618e+06 4.552762e+06 4.365215e+06 4.238720e+06 4.153542e+06 4.095352e+06 3.982045e+06 3.885344e+06 3.707560e+06 3.526858e+06
4.790989e+06 4.790989e+06 4.790989e+06 4.790989e+06 4.790989e+06 4.790991e+06 4.790998e+06 4.791025e+06 4.791045e+06 4.791069e+06 4.791127e+06 4.791218e+06 4.791436e+06 4.792023e+06 4.793358e+06 4.795882e+06 4.799989e+06 4.848804e+06 4.927454e+06 4.998297e+06 5.030436e+06 5.005665e+06 4.924772e+06 4.674599e+06 4.436090e+06 4.263385e+06 4.147236e+06 4.069364e+06 4.016443e+06 3.924266e+06 3.849624e+06 3.682374e+06 3.505748e+06
4.639484e+06 4.639484e+06 4.639484e+06 4.639484e+06 4.639484e+06 4.639487e+06 4.639496e+06 4.639529e+06 4.639554e+06 4.639584e+06 4.639659e+06 4.639771e+06 4.640011e+06 4.640610e+06 4.641936e+06 4.644408e+06 4.648408e+06 4.695669e+06 4.771871e+06 4.841189e+06 4.874400e+06 4.854326e+06 4.781575e+06 4.552429e+06 4.332803e+06 4.173753e+06 4.067033e+06 3.995749e+06 3.947525e+06 3.871875e+06 3.815916e+06 3.658414e+06 3.485251e+06
4.503813e+06 4.503813e+06 4.503813e+06 4.503813e+06 4.503813e+06 4.503816e+06 4.503825e+06 4.503863e+06 4.503891e+06 4.503925e+06 4.504010e+06 4.504134e+06 4.504386e+06 4.504989e+06 4.506293e+06 4.508707e+06 4.512595e+06 4.558375e+06 4.632306e+06 4.700244e+06 4.734501e+06 4.718837e+06 4.653679e+06 4.444037e+06 4.241824e+06 4.095277e+06 3.997109e+06 3.931739e+06 3.887678e+06 3.824552e+06 3.784085e+06 3.635577e+06 3.465399e+06
4.383226e+06 4.383226e+06 4.383226e+06 4.383226e+06 4.383226e+06 4.383229e+06 4.383238e+06 4.383275e+06 4.383301e+06 4.383334e+06 4.383417e+06 4.383540e+06 4.383789e+06 4.384378e+06 4.385648e+06 4.387993e+06 4.391765e+06 4.436131e+06 4.507946e+06 4.574600e+06 4.609820e+06 4.598226e+06 4.540067e+06 4.348372e+06 4.162119e+06 4.026960e+06 3.936517e+06 3.876430e+06 3.836039e+06 3.781967e+06 3.754005e+06 3.613763e+06 3.446237e+06
4.276386e+06 4.276386e+06 4.276386e+06 4.276386e+06 4.276386e+06 4.276390e+06 4.276402e+06 4.276449e+06 4.276483e+06 4.276524e+06 4.276627e+06 4.276773e+06 4.277044e+06 4.277647e+06 4.278911e+06 4.281216e+06 4.284903e+06 4.328032e+06 4.397901e+06 4.463342e+06 4.499401e+06 4.491495e+06 4.439717e+06 4.264402e+06 4.092691e+06 3.967860e+06 3.884363e+06 3.828972e+06 3.791794e+06 3.743779e+06 3.725554e+06 3.592873e+06 3.427834e+06
4.183268e+06 4.183268e+06 4.183268e+06 4.183268e+06 4.183268e+06 4.183271e+06 4.183281e+06 4.183322e+06 4.183352e+06 4.183389e+06 4.183484e+06 4.183620e+06 4.183877e+06 4.184458e+06 4.185681e+06 4.187913e+06 4.191487e+06 4.233332e+06 4.301304e+06 4.365531e+06 4.402256e+06 4.397627e+06 4.351596e+06 4.191120e+06 4.032590e+06 3.917081e+06 3.839804e+06 3.788567e+06 3.754184e+06 3.709646e+06 3.698617e+06 3.572817e+06 3.410134e+06
4.102305e+06 4.102305e+06 4.102305e+06 4.102305e+06 4.102305e+06 4.102308e+06 4.102317e+06 4.102353e+06 4.102382e+06 4.102417e+06 4.102509e+06 4.102645e+06 4.102903e+06 4.103477e+06 4.104676e+06 4.106857e+06 4.110340e+06 4.151028e+06 4.217191e+06 4.280180e+06 4.317365e+06 4.315584e+06 4.274672e+06 4.127548e+06 3.980907e+06 3.873780e+06 3.802048e+06 3.754466e+06 3.722495e+06 3.679227e+06 3.673082e+06 3.553505e+06 3.393042e+06
4.032727e+06 4.032727e+06 4.032727e+06 4.032727e+06 4.032727e+06 4.032732e+06 4.032746e+06 4.032801e+06 4.032841e+06 4.032890e+06 4.033011e+06 4.033176e+06 4.033458e+06 4.034044e+06 4.035233e+06 4.037371e+06 4.040769e+06 4.080290e+06 4.144607e+06 4.206256e+06 4.243663e+06 4.244302e+06 4.207908e+06 4.072736e+06 3.936782e+06 3.837163e+06 3.770356e+06 3.725971e+06 3.696060e+06 3.652181e+06 3.648845e+06 3.534852e+06 3.376490e+06
3.974675e+06 3.974675e+06 3.974675e+06 3.974675e+06 3.974675e+06 3.974677e+06 3.974684e+06 3.974710e+06 3.974730e+06 3.974753e+06 3.974815e+06 3.974910e+06 3.975113e+06 3.975609e+06 3.976691e+06 3.978695e+06 3.981923e+06 4.020007e+06 4.082374e+06 4.142590e+06 4.180013e+06 4.182693e+06 4.150272e+06 4.025772e+06 3.899397e+06 3.806484e+06 3.744031e+06 3.702424e+06 3.674256e+06 3.628178e+06 3.625802e+06 3.516778e+06 3.360417e+06
3.924115e+06 3.924115e+06 3.924115e+06 3.924115e+06 3.924115e+06 3.924118e+06 3.924128e+06 3.924166e+06 3.924194e+06 3.924229e+06 3.924315e+06 3.924438e+06 3.924668e+06 3.925182e+06 3.926263e+06 3.928236e+06 3.931394e+06 3.968443e+06 4.029093e+06 4.087944e+06 4.125271e+06 4.129684e+06 4.100764e+06 3.985789e+06 3.867987e+06 3.781046e+06 3.722426e+06 3.683214e+06 3.656500e+06 3.606893e+06 3.603854e+06 3.499208e+06 3.344767e+06
3.881718e+06 3.881718e+06 3.881718e+06 3.881718e+06 3.881719e+06 3.881721e+06 3.881730e+06 3.881765e+06 3.881791e+06 3.881823e+06 3.881905e+06 3.882023e+06 3.882246e+06 3.882748e+06 3.883801e+06 3.885722e+06 3.888796e+06 3.924808e+06 3.983792e+06 4.041284e+06 4.078405e+06 4.084285e+06 4.058451e+06 3.951975e+06 3.841832e+06 3.760195e+06 3.704931e+06 3.667768e+06 3.642245e+06 3.588015e+06 3.582906e+06 3.482069e+06 3.329487e+06
3.846849e+06 3.846849e+06 3.846849e+06 3.846849e+06 3.846849e+06 3.846852e+06 3.846861e+06 3.846893e+06 3.846917e+06 3.846944e+06 3.847014e+06 3.847114e+06 3.847311e+06 3.847773e+06 3.848768e+06 3.850603e+06 3.853554e+06 3.888362e+06 3.945595e+06 4.001676e+06 4.038482e+06 4.045593e+06 4.022478e+06 3.923581e+06 3.820269e+06 3.743324e+06 3.690982e+06 3.655551e+06 3.630983e+06 3.571244e+06 3.562866e+06 3.465295e+06 3.314529e+06
3.817865e+06 3.817865e+06 3.817865e+06 3.817865e+06 3.817865e+06 3.817867e+06 3.817872e+06 3.817891e+06 3.817906e+06 3.817924e+06 3.817970e+06 3.818043e+06 3.818208e+06 3.818629e+06 3.819567e+06 3.821320e+06 3.824158e+06 3.857851e+06 3.913446e+06 3.968181e+06 4.004629e+06 4.012788e+06 3.992073e+06 3.899923e+06 3.802682e+06 3.729867e+06 3.680049e+06 3.646064e+06 3.622237e+06 3.556293e+06 3.543643e+06 3.448826e+06 3.299845e+06
3.793112e+06 3.793112e+06 3.793112e+06 3.793112e+06 3.793112e+06 3.793114e+06 3.793121e+06 3.793149e+06 3.793169e+06 3.793194e+06 3.793256e+06 3.793348e+06 3.793531e+06 3.793965e+06 3.794902e+06 3.796631e+06 3.799416e+06 3.832297e+06 3.886493e+06 3.940012e+06 3.976097e+06 3.985149e+06 3.966545e+06 3.880377e+06 3.788504e+06 3.719300e+06 3.671640e+06 3.638839e+06 3.615563e+06 3.542891e+06 3.525151e+06 3.432603e+06 3.285391e+06
3.773233e+06 3.773233e+06 3.773233e+06 3.773233e+06 3.773233e+06 3.773235e+06 3.773242e+06 3.773268e+06 3.773288e+06 3.773312e+06 3.773373e+06 3.773464e+06 3.773645e+06 3.774071e+06 3.774989e+06 3.776679e+06 3.779398e+06 3.811456e+06 3.864293e+06 3.916617e+06 3.952285e+06 3.962061e+06 3.945287e+06 3.864375e+06 3.777212e+06 3.711137e+06 3.665297e+06 3.633441e+06 3.610546e+06 3.530780e+06 3.507307e+06 3.416576e+06 3.271124e+06
3.757974e+06 3.757974e+06 3.757974e+06 3.757974e+06 3.757974e+06 3.757976e+06 3.757983e+06 3.758009e+06 3.758028e+06 3.758051e+06 3.758108e+06 3.758191e+06 3.758360e+06 3.758765e+06 3.759645e+06 3.761275e+06 3.763904e+06 3.795013e+06 3.846409e+06 3.897484e+06 3.932644e+06 3.942966e+06 3.927746e+06 3.851399e+06 3.768323e+06 3.704923e+06 3.660592e+06 3.629466e+06 3.606800e+06 3.519721e+06 3.490029e+06 3.400697e+06 3.257006e+06
3.746539e+06 3.746539e+06 3.746539e+06 3.746539e+06 3.746539e+06 3.746540e+06 3.746544e+06 3.746559e+06 3.746571e+06 3.746584e+06 3.746620e+06 3.746677e+06 3.746814e+06 3.747180e+06 3.748007e+06 3.749563e+06 3.752091e+06 3.782233e+06 3.832207e+06 3.882039e+06 3.916632e+06 3.927337e+06 3.913409e+06 3.840967e+06 3.761386e+06 3.700237e+06 3.657126e+06 3.626535e+06 3.603966e+06 3.509489e+06 3.473239e+06 3.384924e+06 3.242999e+06
3.737477e+06 3.737477e+06 3.737477e+06 3.737477e+06 3.737477e+06 3.737479e+06 3.737484e+06 3.737503e+06 3.737516e+06 3.737533e+06 3.737575e+06 3.737640e+06 3.737783e+06 3.738148e+06 3.738962e+06 3.740486e+06 3.742957e+06 3.772347e+06 3.821071e+06 3.869743e+06 3.903743e+06 3.914687e+06 3.901804e+06 3.832632e+06 3.755983e+06 3.696684e+06 3.654528e+06 3.624298e+06 3.601713e+06 3.499877e+06 3.456865e+06 3.369218e+06 3.229067e+06
3.731000e+06 3.731000e+06 3.731000e+06 3.731000e+06 3.731000e+06 3.731001e+06 3.731006e+06 3.731025e+06 3.731038e+06 3.731055e+06 3.731098e+06 3.731163e+06 3.731307e+06 3.731667e+06 3.732467e+06 3.733960e+06 3.736377e+06 3.765082e+06 3.812642e+06 3.860196e+06 3.893554e+06 3.904583e+06 3.892495e+06 3.825976e+06 3.751720e+06 3.693896e+06 3.652452e+06 3.622431e+06 3.599736e+06 3.490694e+06 3.440835e+06 3.353547e+06 3.215179e+06
3.727087e+06 3.727087e+06 3.727087e+06 3.727087e+06 3.727087e+06 3.727088e+06 3.727093e+06 3.727110e+06 3.727123e+06 3.727139e+06 3.727180e+06 3.727242e+06 3.727381e+06 3.727731e+06 3.728510e+06 3.729965e+06 3.732321e+06 3.760309e+06 3.806683e+06 3.853075e+06 3.885694e+06 3.896628e+06 3.885078e+06 3.820605e+06 3.748228e+06 3.691530e+06 3.650581e+06 3.620637e+06 3.597758e+06 3.481768e+06 3.425083e+06 3.337880e+06 3.201306e+06
3.725487e+06 3.725487e+06 3.725487e+06 3.725487e+06 3.725487e+06 3.725488e+06 3.725492e+06 3.725508e+06 3.725519e+06 3.725533e+06 3.725570e+06 3.725627e+06 3.725758e+06 3.726094e+06 3.726848e+06 3.728260e+06 3.730549e+06 3.757772e+06 3.802890e+06 3.848033e+06 3.879785e+06 3.890431e+06 3.879160e+06 3.816145e+06 3.745161e+06 3.689269e+06 3.648623e+06 3.618648e+06 3.595528e+06 3.472939e+06 3.409546e+06 3.322190e+06 3.187420e+06
3.725839e+06 3.725839e+06 3.725839e+06 3.725839e+06 3.725839e+06 3.725841e+06 3.725844e+06 3.725860e+06 3.725871e+06 3.725884e+06 3.725918e+06 3.725970e+06 3.726092e+06 3.726411e+06 3.727133e+06 3.728493e+06 3.730704e+06 3.757080e+06 3.800850e+06 3.844650e+06 3.875412e+06 3.885588e+06 3.874352e+06 3.812238e+06 3.742197e+06 3.686824e+06 3.646317e+06 3.616226e+06 3.592828e+06 3.464069e+06 3.394165e+06 3.306457e+06 3.173497e+06
3.727666e+06 3.727666e+06 3.727666e+06 3.727666e+06 3.727666e+06 3.727667e+06 3.727669e+06 3.727675e+06 3.727680e+06 3.727686e+06 3.727701e+06 3.727730e+06 3.727824e+06 3.728108e+06 3.728782e+06 3.730074e+06 3.732191e+06 3.757660e+06 3.800040e+06 3.842454e+06 3.872143e+06 3.881694e+06 3.870270e+06 3.808547e+06 3.739042e+06 3.683938e+06 3.643434e+06 3.613163e+06 3.589466e+06 3.455033e+06 3.378886e+06 3.290659e+06 3.159516e+06
3.729837e+06 3.729837e+06 3.729837e+06 3.729837e+06 3.729837e+06 3.729838e+06 3.729839e+06 3.729845e+06 3.729850e+06 3.729855e+06 3.729868e+06 3.729894e+06 3.729982e+06 3.730253e+06 3.730900e+06 3.732147e+06 3.734193e+06 3.758859e+06 3.799928e+06 3.840985e+06 3.869558e+06 3.878359e+06 3.866551e+06 3.804761e+06 3.735434e+06 3.680385e+06 3.639778e+06 3.609283e+06 3.585283e+06 3.445723e+06 3.363659e+06 3.274782e+06 3.145456e+06
3.732137e+06 3.732137e+06 3.732137e+06 3.732137e+06 3.732137e+06 3.732138e+06 3.732139e+06 3.732144e+06 3.732148e+06 3.732152e+06 3.732163e+06 3.732187e+06 3.732269e+06 3.732529e+06 3.733154e+06 3.734360e+06 3.736344e+06 3.760276e+06 3.800116e+06 3.839861e+06 3.867292e+06 3.875233e+06 3.862865e+06 3.800601e+06 3.731145e+06 3.675979e+06 3.635187e+06 3.604443e+06 3.580148e+06 3.436044e+06 3.348438e+06 3.258811e+06 3.131303e+06
3.734433e+06 3.734433e+06 3.734433e+06 3.734433e+06 3.734433e+06 3.734433e+06 3.734433e+06 3.734434e+06 3.734435e+06 3.734436e+06 3.734439e+06 3.734452e+06 3.734521e+06 3.734762e+06 3.735358e+06 3.736519e+06 3.738435e+06 3.761649e+06 3.800312e+06 3.838772e+06 3.865025e+06 3.872000e+06 3.858911e+06 3.795823e+06 3.725986e+06 3.670568e+06 3.629535e+06 3.598533e+06 3.573960e+06 3.425920e+06 3.333183e+06 3.242735e+06 3.117041e+06
3.736255e+06 3.736255e+06 3.736255e+06 3.736255e+06 3.736255e+06 3.736256e+06 3.736256e+06 3.736256e+06 3.736257e+06 3.736257e+06 3.736258e+06 3.736269e+06 3.736334e+06 3.736566e+06 3.737143e+06 3.738271e+06 3.740134e+06 3.762716e+06 3.800269e+06 3.837456e+06 3.862478e+06 3.868376e+06 3.854422e+06 3.790220e+06 3.719805e+06 3.664035e+06 3.622727e+06 3.591471e+06 3.566645e+06 3.415284e+06 3.317856e+06 3.226547e+06 3.102658e+06
3.737523e+06 3.737523e+06 3.737523e+06 3.737523e+06 3.737523e+06 3.737523e+06 3.737525e+06 3.737530e+06 3.737534e+06 3.737539e+06 3.737552e+06 3.737575e+06 3.737653e+06 3.737894e+06 3.738472e+06 3.739584e+06 3.741412e+06 3.763413e+06 3.799842e+06 3.835695e+06 3.859395e+06 3.864104e+06 3.849160e+06 3.783620e+06 3.712485e+06 3.656299e+06 3.614699e+06 3.583202e+06 3.558156e+06 3.404086e+06 3.302426e+06 3.210238e+06 3.088146e+06
3.738905e+06 3.738905e+06 3.738905e+06 3.738905e+06 3.738905e+06 3.738905e+06 3.738906e+06 3.738912e+06 3.738915e+06 3.738919e+06 3.738928e+06 3.738946e+06 3.739012e+06 3.739233e+06 3.739776e+06 3.740836e+06 3.742585e+06 3.763767e+06 3.798865e+06 3.833235e+06 3.855503e+06 3.858928e+06 3.842907e+06 3.775883e+06 3.703944e+06 3.647306e+06 3.605414e+06 3.573697e+06 3.548463e+06 3.392285e+06 3.286865e+06 3.193805e+06 3.073496e+06
3.739879e+06 3.739879e+06 3.739879e+06 3.739879e+06 3.739879e+06 3.739878e+06 3.739875e+06 3.739862e+06 3.739852e+06 3.739840e+06 3.739811e+06 3.739782e+06 3.739795e+06 3.739953e+06 3.740420e+06 3.741384e+06 3.743014e+06 3.763201e+06 3.796853e+06 3.829681e+06 3.850482e+06 3.852594e+06 3.835467e+06 3.766905e+06 3.694126e+06 3.637028e+06 3.594856e+06 3.562944e+06 3.537560e+06 3.379853e+06 3.271149e+06 3.177244e+06 3.058703e+06
3.738271e+06 3.738271e+06 3.738271e+06 3.738271e+06 3.738271e+06 3.738270e+06 3.738266e+06 3.738254e+06 3.738244e+06 3.738233e+06 3.738207e+06 3.738182e+06 3.738197e+06 3.738353e+06 3.738807e+06 3.739740e+06 3.741315e+06 3.760800e+06 3.793213e+06 3.824626e+06 3.844041e+06 3.844892e+06 3.826690e+06 3.756616e+06 3.683006e+06 3.625460e+06 3.583028e+06 3.550951e+06 3.525453e+06 3.366772e+06 3.255257e+06 3.160555e+06 3.043763e+06
3.734450e+06 3.734450e+06 3.734450e+06 3.734450e+06 3.734450e+06 3.734450e+06 3.734449e+06 3.734444e+06 3.734441e+06 3.734436e+06 3.734426e+06 3.734419e+06 3.734453e+06 3.734625e+06 3.735086e+06 3.736011e+06 3.737557e+06 3.756486e+06 3.787804e+06 3.817921e+06 3.836044e+06 3.835711e+06 3.816494e+06 3.744983e+06 3.670580e+06 3.612611e+06 3.569947e+06 3.537738e+06 3.512164e+06 3.353034e+06 3.239175e+06 3.143737e+06 3.028675e+06
3.729456e+06 3.729456e+06 3.729456e+06 3.729456e+06 3.729456e+06 3.729456e+06 3.729455e+06 3.729449e+06 3.729444e+06 3.729438e+06 3.729421e+06 3.729406e+06 3.729428e+06 3.729582e+06 3.730013e+06 3.730892e+06 3.732372e+06 3.750593e+06 3.780754e+06 3.809589e+06 3.826475e+06 3.825027e+06 3.804861e+06 3.732007e+06 3.656864e+06 3.598508e+06 3.555645e+06 3.523337e+06 3.497725e+06 3.338639e+06 3.222890e+06 3.126792e+06 3.013438e+06
3.722843e+06 3.722843e+06 3.722843e+06 3.722843e+06 3.722843e+06 3.722842e+06 3.722838e+06 3.722826e+06 3.722816e+06 3.722804e+06 3.722774e+06 3.722743e+06 3.722746e+06 3.722873e+06 3.723268e+06 3.724094e+06 3.725500e+06 3.742994e+06 3.772019e+06 3.799624e+06 3.815345e+06 3.812856e+06 3.791810e+06 3.717714e+06 3.641889e+06 3.583188e+06 3.540160e+06 3.507791e+06 3.482177e+06 3.323593e+06 3.206393e+06 3.109721e+06 2.998053e+06
3.713876e+06 3.713876e+06 3.713876e+06 3.713876e+06 3.713876e+06 3.713875e+06 3.713871e+06 3.713859e+06 3.713851e+06 3.713840e+06 3.713815e+06 3.713790e+06 3.713799e+06 3.713930e+06 3.714321e+06 3.715129e+06 3.716498e+06 3.733463e+06 3.761523e+06 3.788031e+06 3.802689e+06 3.799245e+06 3.777387e+06 3.702147e+06 3.625701e+06 3.566697e+06 3.523544e+06 3.491149e+06 3.465571e+06 3.307911e+06 3.189679e+06 3.092528e+06 2.982523e+06
3.703081e+06 3.703081e+06 3.703081e+06 3.703081e+06 3.703081e+06 3.703081e+06 3.703079e+06 3.703073e+06 3.703068e+06 3.703063e+06 3.703048e+06 3.703036e+06 3.703059e+06 3.703201e+06 3.703595e+06 3.704396e+06 3.705740e+06 3.722251e+06 3.749438e+06 3.774937e+06 3.788611e+06 3.784277e+06 3.761665e+06 3.685363e+06 3.608354e+06 3.549093e+06 3.505853e+06 3.473470e+06 3.447963e+06 3.291612e+06 3.172745e+06 3.075219e+06 2.966851e+06
3.691227e+06 3.691227e+06 3.691227e+06 3.691227e+06 3.691227e+06 3.691226e+06 3.691225e+06 3.691218e+06 3.691213e+06 3.691206e+06 3.691189e+06 3.691173e+06 3.691189e+06 3.691321e+06 3.691696e+06 3.692464e+06 3.693759e+06 3.709727e+06 3.736010e+06 3.760512e+06 3.773234e+06 3.768050e+06 3.744721e+06 3.667425e+06 3.589908e+06 3.530437e+06 3.487152e+06 3.454817e+06 3.429416e+06 3.274721e+06 3.155592e+06 3.057796e+06 2.951042e+06
3.678111e+06 3.678111e+06 3.678111e+06 3.678111e+06 3.678111e+06 3.678110e+06 3.678108e+06 3.678097e+06 3.678089e+06 3.678080e+06 3.678055e+06 3.678030e+06 3.678036e+06 3.678152e+06 3.678503e+06 3.679235e+06 3.680477e+06 3.695898e+06 3.721301e+06 3.744839e+06 3.756645e+06 3.750644e+06 3.726630e+06 3.648403e+06 3.570434e+06 3.510800e+06 3.467512e+06 3.435262e+06 3.409999e+06 3.257266e+06 3.138222e+06 3.040267e+06 2.935101e+06
3.663352e+06 3.663352e+06 3.663352e+06 3.663352e+06 3.663352e+06 3.663351e+06 3.663349e+06 3.663338e+06 3.663331e+06 3.663321e+06 3.663299e+06 3.663277e+06 3.663286e+06 3.663404e+06 3.663751e+06 3.664468e+06 3.665682e+06 3.680684e+06 3.705319e+06 3.727972e+06 3.738912e+06 3.732132e+06 3.707465e+06 3.628368e+06 3.550006e+06 3.490261e+06 3.447009e+06 3.414879e+06 3.389784e+06 3.239280e+06 3.120640e+06 3.022637e+06 2.919034e+06
3.647295e+06 3.647295e+06 3.647295e+06 3.647295e+06 3.647295e+06 3.647295e+06 3.647294e+06 3.647290e+06 3.647286e+06 3.647282e+06 3.647272e+06 3.647264e+06 3.647288e+06 3.647418e+06 3.647773e+06 3.648487e+06 3.649683e+06 3.664324e+06 3.688237e+06 3.710037e+06 3.720134e+06 3.712596e+06 3.687302e+06 3.607397e+06 3.528704e+06 3.468898e+06 3.425724e+06 3.393746e+06 3.368847e+06 3.220796e+06 3.102852e+06 3.004913e+06 2.902848e+06
3.630699e+06 3.630699e+06 3.630699e+06 3.630699e+06 3.630699e+06 3.630699e+06 3.630698e+06 3.630693e+06 3.630690e+06 3.630686e+06 3.630674e+06 3.630665e+06 3.630685e+06 3.630808e+06 3.631147e+06 3.631835e+06 3.632990e+06 3.647154e+06 3.670262e+06 3.691163e+06 3.700401e+06 3.692111e+06 3.666212e+06 3.585567e+06 3.506611e+06 3.446798e+06 3.403741e+06 3.371944e+06 3.347263e+06 3.201850e+06 3.084867e+06 2.987103e+06 2.886551e+06
3.613448e+06 3.613448e+06 3.613448e+06 3.613448e+06 3.613448e+06 3.613447e+06 3.613444e+06 3.613434e+06 3.613426e+06 3.613417e+06 3.613393e+06 3.613368e+06 3.613371e+06 3.613470e+06 3.613779e+06 3.614424e+06 3.615521e+06 3.629133e+06 3.651384e+06 3.671363e+06 3.679743e+06 3.670721e+06 3.644251e+06 3.562955e+06 3.483811e+06 3.424044e+06 3.381141e+06 3.349552e+06 3.325110e+06 3.182481e+06 3.066695e+06 2.969213e+06 2.870150e+06
3.594845e+06 3.594845e+06 3.594845e+06 3.594845e+06 3.594845e+06 3.594844e+06 3.594842e+06 3.594831e+06 3.594823e+06 3.594814e+06 3.594789e+06 3.594764e+06 3.594763e+06 3.594857e+06 3.595152e+06 3.595773e+06 3.596831e+06 3.609982e+06 3.631455e+06 3.650575e+06 3.658151e+06 3.648453e+06 3.621471e+06 3.539634e+06 3.460387e+06 3.400721e+06 3.358007e+06 3.326648e+06 3.302461e+06 3.162726e+06 3.048348e+06 2.951252e+06 2.853653e+06
3.574875e+06 3.574875e+06 3.574875e+06 3.574875e+06 3.574875e+06 3.574874e+06 3.574873e+06 3.574866e+06 3.574861e+06 3.574855e+06 3.574839e+06 3.574823e+06 3.574832e+06 3.574933e+06 3.575230e+06 3.575843e+06 3.576879e+06 3.589670e+06 3.610463e+06 3.628807e+06 3.635657e+06 3.625356e+06 3.597935e+06 3.515683e+06 3.436422e+06 3.376911e+06 3.334418e+06 3.303309e+06 3.279388e+06 3.142624e+06 3.029836e+06 2.933227e+06 2.837070e+06
3.554062e+06 3.554062e+06 3.554062e+06 3.554062e+06 3.554062e+06 3.554061e+06 3.554060e+06 3.554053e+06 3.554048e+06 3.554042e+06 3.554026e+06 3.554011e+06 3.554021e+06 3.554121e+06 3.554411e+06 3.555008e+06 3.556016e+06 3.568432e+06 3.588559e+06 3.606169e+06 3.612348e+06 3.601512e+06 3.573722e+06 3.491185e+06 3.411996e+06 3.352693e+06 3.310449e+06 3.279606e+06 3.255961e+06 3.122213e+06 3.011174e+06 2.915146e+06 2.820408e+06
3.532555e+06 3.532555e+06 3.532555e+06 3.532555e+06 3.532555e+06 3.532555e+06 3.532553e+06 3.532545e+06 3.532539e+06 3.532532e+06 3.532515e+06 3.532497e+06 3.532503e+06 3.532595e+06 3.532872e+06 3.533445e+06 3.534416e+06 3.546421e+06 3.565877e+06 3.582773e+06 3.588326e+06 3.577014e+06 3.548923e+06 3.466223e+06 3.387189e+06 3.328139e+06 3.286170e+06 3.255606e+06 3.232242e+06 3.101531e+06 2.992374e+06 2.897017e+06 2.803675e+06
3.510239e+06 3.510239e+06 3.510239e+06 3.510239e+06 3.510239e+06 3.510239e+06 3.510237e+06 3.510228e+06 3.510222e+06 3.510214e+06 3.510195e+06 3.510175e+06 3.510177e+06 3.510263e+06 3.510527e+06 3.511078e+06 3.512015e+06 3.523634e+06 3.542460e+06 3.558694e+06 3.563678e+06 3.551954e+06 3.523626e+06 3.440877e+06 3.362073e+06 3.303318e+06 3.261645e+06 3.231369e+06 3.208292e+06 3.080614e+06 2.973451e+06 2.878849e+06 2.786882e+06
3.487020e+06 3.487020e+06 3.487020e+06 3.487020e+06 3.487020e+06 3.487019e+06 3.487017e+06 3.487009e+06 3.487003e+06 3.486995e+06 3.486976e+06 3.486957e+06 3.486961e+06 3.487046e+06 3.487304e+06 3.487843e+06 3.488757e+06 3.500067e+06 3.518352e+06 3.534003e+06 3.538489e+06 3.526418e+06 3.497917e+06 3.415223e+06 3.336715e+06 3.278290e+06 3.236931e+06 3.206952e+06 3.184162e+06 3.059497e+06 2.954418e+06 2.860650e+06 2.770036e+06
