6.015169e+01 5.495229e+00 1.947946e+00 1.750290e-01 6.329880e-02 1.286416e-02 1.242519e-01 5.124285e-01 6.644417e-01 7.877257e-01 9.813252e-01 1.139620e+00 1.284938e+00 1.428279e+00 1.576146e+00 1.736813e+00 1.937533e+00 1.485697e+01 1.766530e+02 7.064343e+02 1.475672e+03 2.153799e+03 2.590626e+03 2.868422e+03 2.749341e+03 2.507454e+03 2.249316e+03 2.011452e+03 1.803916e+03 9.487194e+02 1.148227e+03 1.701527e+03 2.266848e+03
2.775027e-03 2.775998e-03 2.775998e-03 2.775981e-03 2.944452e-03 1.018697e-01 3.204564e-01 6.597640e-01 7.806117e-01 8.810105e-01 1.047338e+00 1.192295e+00 1.331030e+00 1.471225e+00 1.617754e+00 1.778268e+00 1.980931e+00 1.540583e+01 1.821784e+02 7.241411e+02 1.506196e+03 2.191373e+03 2.629265e+03 2.900342e+03 2.772403e+03 2.523324e+03 2.260019e+03 2.018600e+03 1.808656e+03 9.488525e+02 1.149131e+03 1.703085e+03 2.268609e+03
6.918708e-01 6.928557e-01 6.928687e-01 6.929507e-01 6.931734e-01 6.977270e-01 7.314623e-01 8.624131e-01 9.264788e-01 9.926727e-01 1.124874e+00 1.254395e+00 1.385542e+00 1.521960e+00 1.666681e+00 1.826703e+00 2.031393e+00 1.604364e+01 1.883817e+02 7.435709e+02 1.539168e+03 2.231496e+03 2.670153e+03 2.933666e+03 2.796244e+03 2.539604e+03 2.270932e+03 2.025850e+03 1.813442e+03 9.489837e+02 1.150042e+03 1.704651e+03 2.270378e+03
9.640870e-01 9.656662e-01 9.658150e-01 9.658735e-01 9.660212e-01 9.689027e-01 9.736962e-01 1.031982e+00 1.072632e+00 1.114439e+00 1.210059e+00 1.323468e+00 1.447267e+00 1.579973e+00 1.722781e+00 1.882172e+00 2.089158e+00 1.678252e+01 1.953342e+02 7.648673e+02 1.574758e+03 2.274313e+03 2.713399e+03 2.968441e+03 2.820879e+03 2.556298e+03 2.282053e+03 2.033201e+03 1.818272e+03 9.491131e+02 1.150961e+03 1.706226e+03 2.272154e+03
1.098694e+00 1.098699e+00 1.098701e+00 1.098742e+00 1.098863e+00 1.102065e+00 1.110199e+00 1.150339e+00 1.187089e+00 1.226675e+00 1.308642e+00 1.403708e+00 1.517078e+00 1.645443e+00 1.786112e+00 1.944754e+00 2.154439e+00 1.763602e+01 2.031134e+02 7.881841e+02 1.613140e+03 2.319973e+03 2.759110e+03 3.004711e+03 2.846321e+03 2.573408e+03 2.293381e+03 2.040649e+03 1.823144e+03 9.492406e+02 1.151886e+03 1.707810e+03 2.273937e+03
1.212675e+00 1.212477e+00 1.212479e+00 1.212518e+00 1.212634e+00 1.216240e+00 1.226071e+00 1.258197e+00 1.287977e+00 1.325547e+00 1.408525e+00 1.497891e+00 1.600809e+00 1.720780e+00 1.857687e+00 2.014961e+00 2.227669e+00 1.861957e+01 2.118044e+02 8.136859e+02 1.654502e+03 2.368636e+03 2.807401e+03 3.042521e+03 2.872585e+03 2.590937e+03 2.304915e+03 2.048194e+03 1.828056e+03 9.493662e+02 1.152819e+03 1.709402e+03 2.275727e+03
1.331310e+00 1.331326e+00 1.331326e+00 1.331361e+00 1.331465e+00 1.334394e+00 1.342168e+00 1.368320e+00 1.391293e+00 1.423402e+00 1.505489e+00 1.597189e+00 1.697516e+00 1.811071e+00 1.940664e+00 2.094286e+00 2.309834e+00 1.975099e+01 2.215008e+02 8.415495e+02 1.699041e+03 2.420464e+03 2.858388e+03 3.081916e+03 2.899684e+03 2.608887e+03 2.316653e+03 2.055832e+03 1.833006e+03 9.494898e+02 1.153759e+03 1.711004e+03 2.277525e+03
1.445598e+00 1.445364e+00 1.444899e+00 1.444792e+00 1.444888e+00 1.447676e+00 1.455330e+00 1.480544e+00 1.499917e+00 1.527025e+00 1.603825e+00 1.698207e+00 1.801118e+00 1.913247e+00 2.038170e+00 2.186189e+00 2.402949e+00 2.105131e+01 2.323065e+02 8.719658e+02 1.746964e+03 2.475628e+03 2.912190e+03 3.122942e+03 2.927631e+03 2.627257e+03 2.328592e+03 2.063561e+03 1.837992e+03 9.496115e+02 1.154706e+03 1.712614e+03 2.279331e+03
1.559825e+00 1.559786e+00 1.559780e+00 1.559832e+00 1.559923e+00 1.562608e+00 1.570202e+00 1.595942e+00 1.614140e+00 1.638216e+00 1.708488e+00 1.802517e+00 1.909026e+00 2.023168e+00 2.146640e+00 2.291664e+00 2.510653e+00 2.254577e+01 2.443380e+02 9.051417e+02 1.798492e+03 2.534306e+03 2.968929e+03 3.165643e+03 2.956436e+03 2.646048e+03 2.340731e+03 2.071378e+03 1.843012e+03 9.497311e+02 1.155660e+03 1.714233e+03 2.281143e+03
1.681500e+00 1.680287e+00 1.679992e+00 1.679983e+00 1.680070e+00 1.682674e+00 1.690196e+00 1.716568e+00 1.734724e+00 1.757431e+00 1.822250e+00 1.913324e+00 2.021644e+00 2.138746e+00 2.263026e+00 2.407514e+00 2.632528e+00 2.426525e+01 2.577272e+02 9.413027e+02 1.853862e+03 2.596686e+03 3.028733e+03 3.210064e+03 2.986110e+03 2.665261e+03 2.353065e+03 2.079280e+03 1.848062e+03 9.498488e+02 1.156622e+03 1.715862e+03 2.282963e+03
1.810101e+00 1.809155e+00 1.807857e+00 1.807165e+00 1.807249e+00 1.809798e+00 1.817266e+00 1.844141e+00 1.862660e+00 1.885015e+00 1.946185e+00 2.033216e+00 2.140861e+00 2.259754e+00 2.385486e+00 2.531332e+00 2.766313e+00 2.624822e+01 2.726249e+02 9.806961e+02 1.913325e+03 2.662962e+03 3.091731e+03 3.256247e+03 3.016664e+03 2.684893e+03 2.365592e+03 2.087264e+03 1.853140e+03 9.499643e+02 1.157592e+03 1.717499e+03 2.284791e+03
3.640846e+00 3.640453e+00 3.640465e+00 3.640492e+00 3.640574e+00 3.643135e+00 3.650970e+00 3.681143e+00 3.701986e+00 3.724582e+00 3.767836e+00 3.800403e+00 3.819658e+00 3.831405e+00 3.865166e+00 4.042597e+00 4.735838e+00 7.375193e+01 5.590231e+02 1.633094e+03 2.805631e+03 3.591682e+03 3.929336e+03 3.824224e+03 3.371856e+03 2.903528e+03 2.500380e+03 2.170703e+03 1.904837e+03 9.510013e+02 1.167709e+03 1.734378e+03 2.303479e+03
4.015180e+00 4.015193e+00 4.015194e+00 4.015194e+00 4.015196e+00 4.015226e+00 4.015250e+00 4.014687e+00 4.013078e+00 4.009475e+00 3.993827e+00 3.966157e+00 3.937115e+00 3.994385e+00 4.532971e+00 6.683580e+00 1.278327e+01 2.767499e+02 1.398144e+03 3.177453e+03 4.613615e+03 5.246759e+03 5.274022e+03 4.610376e+03 3.816004e+03 3.156893e+03 2.647336e+03 2.257006e+03 1.955711e+03 9.518121e+02 1.178635e+03 1.752204e+03 2.322933e+03
2.799999e+00 2.800012e+00 2.800011e+00 2.800015e+00 2.800024e+00 2.800338e+00 2.801312e+00 2.805109e+00 2.807912e+00 2.811324e+00 2.822049e+00 2.905684e+00 3.674752e+00 7.548243e+00 2.014892e+01 5.067753e+01 1.109533e+02 1.241084e+03 3.887451e+03 6.654224e+03 8.041849e+03 8.037385e+03 7.341184e+03 5.641926e+03 4.334624e+03 3.429819e+03 2.795923e+03 2.339484e+03 2.001611e+03 9.523961e+02 1.190433e+03 1.771017e+03 2.343170e+03
2.725699e+00 2.725736e+00 2.725737e+00 2.725747e+00 2.725778e+00 2.726785e+00 2.729855e+00 2.741877e+00 2.754460e+00 2.822698e+00 4.864853e+00 2.052591e+01 7.787397e+01 2.150669e+02 4.677699e+02 8.602799e+02 1.402611e+03 5.944769e+03 1.115943e+04 1.402145e+04 1.389892e+04 1.216146e+04 1.011157e+04 6.872087e+03 4.899057e+03 3.700924e+03 2.933159e+03 2.410629e+03 2.038190e+03 9.527759e+02 1.203168e+03 1.790859e+03 2.364208e+03
4.235668e+00 4.235487e+00 4.235487e+00 4.235504e+00 4.235556e+00 4.237242e+00 4.589886e+00 9.735556e+01 3.198725e+02 7.353999e+02 2.160162e+03 4.194558e+03 6.564337e+03 9.054336e+03 1.152744e+04 1.390459e+04 1.614281e+04 2.471056e+04 2.824286e+04 2.666846e+04 2.208850e+04 1.716988e+04 1.316645e+04 8.091298e+03 5.433492e+03 3.947577e+03 3.047841e+03 2.464049e+03 2.061889e+03 9.530038e+02 1.216909e+03 1.811769e+03 2.386064e+03
7.674347e+04 7.674347e+04 7.674346e+04 7.674306e+04 7.674183e+04 7.670228e+04 7.657428e+04 7.597004e+04 7.544767e+04 7.477523e+04 7.308442e+04 7.115842e+04 6.921644e+04 6.738255e+04 6.570694e+04 6.419524e+04 6.282923e+04 5.701953e+04 4.997039e+04 4.019497e+04 2.992110e+04 2.159043e+04 1.570437e+04 9.032167e+03 5.834196e+03 4.130186e+03 3.130501e+03 2.497093e+03 2.071047e+03 9.531664e+02 1.231731e+03 1.833791e+03 2.408754e+03
7.615790e+04 7.615790e+04 7.615789e+04 7.615787e+04 7.615779e+04 7.615532e+04 7.614747e+04 7.611448e+04 7.608766e+04 7.605243e+04 7.595046e+04 7.579296e+04 7.556147e+04 7.523970e+04 7.481662e+04 7.428592e+04 7.364370e+04 6.855447e+04 5.947492e+04 4.677732e+04 3.394851e+04 2.391446e+04 1.703878e+04 9.512777e+03 6.033545e+03 4.218235e+03 3.166681e+03 2.506861e+03 2.066780e+03 9.533892e+02 1.247712e+03 1.856964e+03 2.432295e+03
6.674894e+04 6.674894e+04 6.674894e+04 6.674894e+04 6.674894e+04 6.674879e+04 6.674832e+04 6.674586e+04 6.674338e+04 6.673971e+04 6.672804e+04 6.670948e+04 6.668203e+04 6.664151e+04 6.658014e+04 6.648584e+04 6.634240e+04 6.413251e+04 5.750123e+04 4.621961e+04 3.393690e+04 2.401568e+04 1.711907e+04 9.527987e+03 6.026343e+03 4.205357e+03 3.151187e+03 2.489487e+03 2.048340e+03 9.538391e+02 1.264937e+03 1.881331e+03 2.456699e+03
5.877766e+04 5.877766e+04 5.877766e+04 5.877766e+04 5.877766e+04 5.877772e+04 5.877786e+04 5.877780e+04 5.877733e+04 5.877646e+04 5.877325e+04 5.876781e+04 5.875956e+04 5.874688e+04 5.872579e+04 5.868888e+04 5.862481e+04 5.725595e+04 5.218838e+04 4.269938e+04 3.183768e+04 2.279480e+04 1.638283e+04 9.207336e+03 5.858343e+03 4.107430e+03 3.088876e+03 2.446038e+03 2.015410e+03 9.547257e+02 1.283493e+03 1.906934e+03 2.481981e+03
5.240554e+04 5.240554e+04 5.240554e+04 5.240554e+04 5.240553e+04 5.240534e+04 5.240472e+04 5.240246e+04 5.240100e+04 5.239937e+04 5.239567e+04 5.239128e+04 5.238583e+04 5.237800e+04 5.236452e+04 5.233928e+04 5.229284e+04 5.120035e+04 4.695034e+04 3.876211e+04 2.919929e+04 2.111155e+04 1.530225e+04 8.710569e+03 5.593696e+03 3.952032e+03 2.991448e+03 2.381310e+03 1.969877e+03 9.563009e+02 1.303475e+03 1.933812e+03 2.508152e+03
4.724902e+04 4.724902e+04 4.724902e+04 4.724902e+04 4.724902e+04 4.724906e+04 4.724915e+04 4.724941e+04 4.724956e+04 4.724971e+04 4.724993e+04 4.724991e+04 4.724929e+04 4.724689e+04 4.723977e+04 4.722249e+04 4.718667e+04 4.624793e+04 4.250753e+04 3.524116e+04 2.669946e+04 1.942921e+04 1.417363e+04 8.159826e+03 5.288768e+03 3.767229e+03 2.872936e+03 2.302129e+03 1.914979e+03 9.588584e+02 1.324983e+03 1.962009e+03 2.535223e+03
4.313120e+04 4.313120e+04 4.313120e+04 4.313120e+04 4.313121e+04 4.313126e+04 4.313140e+04 4.313188e+04 4.313219e+04 4.313253e+04 4.313326e+04 4.313400e+04 4.313445e+04 4.313361e+04 4.312883e+04 4.311518e+04 4.308500e+04 4.224789e+04 3.887016e+04 3.228854e+04 2.453706e+04 1.792530e+04 1.313319e+04 7.626320e+03 4.982069e+03 3.575099e+03 2.746075e+03 2.215606e+03 1.854544e+03 9.627353e+02 1.348124e+03 1.991566e+03 2.563203e+03
3.981807e+04 3.981807e+04 3.981807e+04 3.981807e+04 3.981807e+04 3.981813e+04 3.981828e+04 3.981882e+04 3.981918e+04 3.981957e+04 3.982046e+04 3.982141e+04 3.982217e+04 3.982180e+04 3.981789e+04 3.980590e+04 3.977880e+04 3.901313e+04 3.591009e+04 2.985755e+04 2.272617e+04 1.664020e+04 1.222545e+04 7.143018e+03 4.695322e+03 3.390163e+03 2.620520e+03 2.127908e+03 1.792312e+03 9.683211e+02 1.373012e+03 2.022523e+03 2.592100e+03
3.712363e+04 3.712363e+04 3.712363e+04 3.712363e+04 3.712363e+04 3.712366e+04 3.712373e+04 3.712393e+04 3.712405e+04 3.712417e+04 3.712444e+04 3.712474e+04 3.712491e+04 3.712416e+04 3.712029e+04 3.710909e+04 3.708402e+04 3.637425e+04 3.348986e+04 2.785934e+04 2.122412e+04 1.556136e+04 1.145300e+04 6.720517e+03 4.438445e+03 3.220554e+03 2.502616e+03 2.043696e+03 1.731481e+03 9.761030e+02 1.399767e+03 2.054922e+03 2.621922e+03
3.488005e+04 3.488005e+04 3.488005e+04 3.488005e+04 3.488006e+04 3.488025e+04 3.488078e+04 3.488262e+04 3.488386e+04 3.488527e+04 3.488845e+04 3.489184e+04 3.489507e+04 3.489721e+04 3.489613e+04 3.488784e+04 3.486621e+04 3.420550e+04 3.149878e+04 2.621098e+04 1.997910e+04 1.466093e+04 1.080287e+04 6.358402e+03 4.214370e+03 3.069977e+03 2.395986e+03 1.966103e+03 1.674511e+03 9.863683e+02 1.428520e+03 2.088805e+03 2.652672e+03
3.309517e+04 3.309517e+04 3.309517e+04 3.309517e+04 3.309517e+04 3.309515e+04 3.309508e+04 3.309465e+04 3.309428e+04 3.309380e+04 3.309259e+04 3.309116e+04 3.308953e+04 3.308711e+04 3.308207e+04 3.307070e+04 3.304725e+04 3.241382e+04 2.985008e+04 2.484440e+04 1.894487e+04 1.391044e+04 1.025850e+04 6.051829e+03 4.022471e+03 2.939471e+03 2.302343e+03 1.897002e+03 1.623124e+03 9.991749e+02 1.459411e+03 2.124213e+03 2.684355e+03
3.150288e+04 3.150288e+04 3.150288e+04 3.150289e+04 3.150289e+04 3.150311e+04 3.150365e+04 3.150546e+04 3.150670e+04 3.150814e+04 3.151153e+04 3.151538e+04 3.151933e+04 3.152250e+04 3.152292e+04 3.151694e+04 3.149900e+04 3.091100e+04 2.847553e+04 2.370772e+04 1.808507e+04 1.328604e+04 9.804757e+03 5.794893e+03 3.860643e+03 2.828671e+03 2.222213e+03 1.837355e+03 1.578416e+03 1.014642e+03 1.492589e+03 2.161188e+03 2.716972e+03
3.028318e+04 3.028318e+04 3.028318e+04 3.028318e+04 3.028318e+04 3.028316e+04 3.028309e+04 3.028276e+04 3.028250e+04 3.028218e+04 3.028148e+04 3.028083e+04 3.028023e+04 3.027912e+04 3.027576e+04 3.026675e+04 3.024677e+04 2.967569e+04 2.733928e+04 2.276701e+04 1.737371e+04 1.276963e+04 9.429476e+03 5.582140e+03 3.726425e+03 2.736609e+03 2.155470e+03 1.787532e+03 1.541023e+03 1.032913e+03 1.528221e+03 2.199772e+03 2.750525e+03
2.920962e+04 2.920962e+04 2.920962e+04 2.920962e+04 2.920962e+04 2.920966e+04 2.920978e+04 2.921027e+04 2.921067e+04 2.921118e+04 2.921256e+04 2.921438e+04 2.921643e+04 2.921798e+04 2.921727e+04 2.921094e+04 2.919385e+04 2.865156e+04 2.640343e+04 2.199511e+04 1.679156e+04 1.234789e+04 9.123486e+03 5.409096e+03 3.617538e+03 2.662156e+03 2.101684e+03 1.747560e+03 1.511260e+03 1.054147e+03 1.566488e+03 2.240010e+03 2.785013e+03
2.836133e+04 2.836133e+04 2.836133e+04 2.836133e+04 2.836133e+04 2.836131e+04 2.836124e+04 2.836120e+04 2.836129e+04 2.836150e+04 2.836231e+04 2.836364e+04 2.836538e+04 2.836687e+04 2.836642e+04 2.836079e+04 2.834498e+04 2.782518e+04 2.565057e+04 2.137626e+04 1.632628e+04 1.201176e+04 8.880264e+03 5.272315e+03 3.532073e+03 2.604251e+03 2.060332e+03 1.717296e+03 1.489250e+03 1.078518e+03 1.607598e+03 2.281943e+03 2.820432e+03
2.769509e+04 2.769509e+04 2.769509e+04 2.769509e+04 2.769509e+04 2.769515e+04 2.769533e+04 2.769613e+04 2.769681e+04 2.769768e+04 2.770000e+04 2.770300e+04 2.770646e+04 2.770967e+04 2.771092e+04 2.770702e+04 2.769309e+04 2.719201e+04 2.507341e+04 2.090187e+04 1.597010e+04 1.175511e+04 8.695187e+03 5.169212e+03 3.468519e+03 2.561991e+03 2.030911e+03 1.696530e+03 1.475013e+03 1.106214e+03 1.651816e+03 2.325618e+03 2.856781e+03
2.725207e+04 2.725207e+04 2.725207e+04 2.725207e+04 2.725207e+04 2.725206e+04 2.725201e+04 2.725192e+04 2.725198e+04 2.725213e+04 2.725282e+04 2.725405e+04 2.725573e+04 2.725726e+04 2.725702e+04 2.725192e+04 2.723717e+04 2.674234e+04 2.466114e+04 2.056282e+04 1.571620e+04 1.157300e+04 8.564708e+03 5.097835e+03 3.425712e+03 2.534655e+03 2.012992e+03 1.685060e+03 1.468527e+03 1.137442e+03 1.699367e+03 2.371081e+03 2.894052e+03
2.693687e+04 2.693687e+04 2.693687e+04 2.693687e+04 2.693688e+04 2.693693e+04 2.693708e+04 2.693774e+04 2.693828e+04 2.693897e+04 2.694087e+04 2.694343e+04 2.694648e+04 2.694938e+04 2.695051e+04 2.694679e+04 2.693349e+04 2.645029e+04 2.439798e+04 2.034940e+04 1.555845e+04 1.146144e+04 8.486074e+03 5.056721e+03 3.402781e+03 2.521696e+03 2.006244e+03 1.682721e+03 1.469773e+03 1.172425e+03 1.750264e+03 2.418380e+03 2.932241e+03
2.678712e+04 2.678712e+04 2.678712e+04 2.678712e+04 2.678712e+04 2.678714e+04 2.678730e+04 2.678811e+04 2.678877e+04 2.678960e+04 2.679176e+04 2.679460e+04 2.679802e+04 2.680143e+04 2.680326e+04 2.680047e+04 2.678832e+04 2.631481e+04 2.428049e+04 2.025778e+04 1.549356e+04 1.141786e+04 8.457384e+03 5.044815e+03 3.399106e+03 2.522731e+03 2.010438e+03 1.689410e+03 1.478756e+03 1.211406e+03 1.804545e+03 2.467568e+03 2.971339e+03
2.679521e+04 2.679521e+04 2.679521e+04 2.679521e+04 2.679522e+04 2.679540e+04 2.679597e+04 2.679821e+04 2.679982e+04 2.680170e+04 2.680617e+04 2.681139e+04 2.681708e+04 2.682259e+04 2.682628e+04 2.682511e+04 2.681436e+04 2.634508e+04 2.431169e+04 2.028722e+04 1.551966e+04 1.144052e+04 8.477276e+03 5.061385e+03 3.414277e+03 2.537523e+03 2.025451e+03 1.705094e+03 1.495530e+03 1.254645e+03 1.862261e+03 2.518701e+03 3.011338e+03
2.702194e+04 2.702194e+04 2.702194e+04 2.702194e+04 2.702194e+04 2.702200e+04 2.702219e+04 2.702292e+04 2.702345e+04 2.702410e+04 2.702572e+04 2.702783e+04 2.703033e+04 2.703270e+04 2.703338e+04 2.702937e+04 2.701594e+04 2.653431e+04 2.448370e+04 2.043204e+04 1.563331e+04 1.152743e+04 8.544601e+03 5.105971e+03 3.448078e+03 2.565972e+03 2.051259e+03 1.729817e+03 1.520203e+03 1.302421e+03 1.923459e+03 2.571841e+03 3.052228e+03
2.732733e+04 2.732733e+04 2.732733e+04 2.732733e+04 2.732733e+04 2.732733e+04 2.732734e+04 2.732757e+04 2.732791e+04 2.732844e+04 2.733016e+04 2.733277e+04 2.733615e+04 2.733968e+04 2.734170e+04 2.733910e+04 2.732705e+04 2.684752e+04 2.477956e+04 2.068482e+04 1.583152e+04 1.167741e+04 8.658845e+03 5.178452e+03 3.500488e+03 2.608109e+03 2.087941e+03 1.763705e+03 1.552951e+03 1.355031e+03 1.988187e+03 2.627064e+03 3.093998e+03
2.775962e+04 2.775962e+04 2.775962e+04 2.775962e+04 2.775962e+04 2.775978e+04 2.776022e+04 2.776185e+04 2.776304e+04 2.776448e+04 2.776811e+04 2.777269e+04 2.777808e+04 2.778364e+04 2.778771e+04 2.778713e+04 2.777701e+04 2.730059e+04 2.520782e+04 2.105011e+04 1.611667e+04 1.189169e+04 8.820683e+03 5.279076e+03 3.571656e+03 2.664083e+03 2.135671e+03 1.806968e+03 1.594024e+03 1.412789e+03 2.056485e+03 2.684470e+03 3.136638e+03
2.837884e+04 2.837884e+04 2.837884e+04 2.837884e+04 2.837885e+04 2.837909e+04 2.837982e+04 2.838239e+04 2.838414e+04 2.838617e+04 2.839104e+04 2.839692e+04 2.840360e+04 2.841041e+04 2.841562e+04 2.841600e+04 2.840655e+04 2.792346e+04 2.578725e+04 2.153818e+04 1.649388e+04 1.217280e+04 9.031407e+03 5.408295e+03 3.661859e+03 2.734148e+03 2.194721e+03 1.859909e+03 1.643755e+03 1.476026e+03 2.128389e+03 2.744177e+03 3.180137e+03
2.922134e+04 2.922134e+04 2.922134e+04 2.922134e+04 2.922134e+04 2.922135e+04 2.922138e+04 2.922162e+04 2.922191e+04 2.922239e+04 2.922397e+04 2.922653e+04 2.923005e+04 2.923396e+04 2.923658e+04 2.923461e+04 2.922289e+04 2.872035e+04 2.652193e+04 2.215237e+04 1.696540e+04 1.252209e+04 9.291846e+03 5.566529e+03 3.771436e+03 2.818650e+03 2.265467e+03 1.922931e+03 1.702573e+03 1.545087e+03 2.203927e+03 2.806101e+03 3.224483e+03
3.015173e+04 3.015173e+04 3.015173e+04 3.015174e+04 3.015175e+04 3.015200e+04 3.015278e+04 3.015586e+04 3.015808e+04 3.016070e+04 3.016697e+04 3.017438e+04 3.018260e+04 3.019082e+04 3.019716e+04 3.019819e+04 3.018859e+04 2.967561e+04 2.740498e+04 2.288976e+04 1.753013e+04 1.293928e+04 9.602067e+03 5.754088e+03 3.900790e+03 2.918050e+03 2.348407e+03 1.996560e+03 1.771021e+03 1.620333e+03 2.283121e+03 2.870151e+03 3.269666e+03
3.133945e+04 3.133945e+04 3.133945e+04 3.133945e+04 3.133945e+04 3.133946e+04 3.133949e+04 3.133962e+04 3.133978e+04 3.134005e+04 3.134110e+04 3.134302e+04 3.134589e+04 3.134917e+04 3.135108e+04 3.134810e+04 3.133472e+04 3.079249e+04 2.843296e+04 2.374698e+04 1.818610e+04 1.342348e+04 9.961834e+03 5.971310e+03 4.050457e+03 3.032966e+03 2.444200e+03 2.081470e+03 1.849774e+03 1.702133e+03 2.365981e+03 2.936245e+03 3.315679e+03
3.256761e+04 3.256761e+04 3.256761e+04 3.256762e+04 3.256762e+04 3.256789e+04 3.256871e+04 3.257196e+04 3.257434e+04 3.257715e+04 3.258395e+04 3.259204e+04 3.260102e+04 3.261001e+04 3.261697e+04 3.261815e+04 3.260782e+04 3.205305e+04 2.959895e+04 2.472081e+04 1.893181e+04 1.397421e+04 1.037125e+04 6.218822e+03 4.221237e+03 3.164255e+03 2.553710e+03 2.178515e+03 1.939660e+03 1.790868e+03 2.452510e+03 3.004297e+03 3.362516e+03
3.406892e+04 3.406892e+04 3.406892e+04 3.406892e+04 3.406892e+04 3.406893e+04 3.406896e+04 3.406912e+04 3.406931e+04 3.406963e+04 3.407082e+04 3.407293e+04 3.407600e+04 3.407942e+04 3.408128e+04 3.407776e+04 3.406290e+04 3.347172e+04 3.090558e+04 2.581156e+04 1.976765e+04 1.459222e+04 1.083132e+04 6.497832e+03 4.414354e+03 3.313101e+03 2.678072e+03 2.288769e+03 2.041695e+03 1.886921e+03 2.542700e+03 3.074216e+03 3.410179e+03
3.559591e+04 3.559591e+04 3.559591e+04 3.559592e+04 3.559592e+04 3.559621e+04 3.559711e+04 3.560061e+04 3.560309e+04 3.560600e+04 3.561296e+04 3.562125e+04 3.563055e+04 3.563995e+04 3.564724e+04 3.564834e+04 3.563697e+04 3.503133e+04 3.235065e+04 2.702105e+04 2.069623e+04 1.528011e+04 1.134449e+04 6.810427e+03 4.631624e+03 3.481123e+03 2.818747e+03 2.413566e+03 2.157096e+03 1.990678e+03 2.636529e+03 3.145902e+03 3.458684e+03
3.740114e+04 3.740114e+04 3.740114e+04 3.740114e+04 3.740114e+04 3.740116e+04 3.740124e+04 3.740186e+04 3.740253e+04 3.740347e+04 3.740624e+04 3.741022e+04 3.741530e+04 3.742070e+04 3.742425e+04 3.742173e+04 3.740660e+04 3.676184e+04 3.394763e+04 2.835758e+04 2.172391e+04 1.604315e+04 1.191517e+04 7.159881e+03 4.875629e+03 3.670466e+03 2.977586e+03 2.554535e+03 2.287313e+03 2.102518e+03 2.733963e+03 3.219245e+03 3.508075e+03
3.929533e+04 3.929533e+04 3.929533e+04 3.929533e+04 3.929534e+04 3.929558e+04 3.929620e+04 3.929851e+04 3.930020e+04 3.930225e+04 3.930740e+04 3.931396e+04 3.932173e+04 3.932985e+04 3.933598e+04 3.933567e+04 3.932199e+04 3.865379e+04 3.570291e+04 2.983182e+04 2.286106e+04 1.689004e+04 1.255045e+04 7.550967e+03 5.149866e+03 3.883888e+03 3.156872e+03 2.713624e+03 2.434035e+03 2.222811e+03 2.834952e+03 3.294128e+03 3.558269e+03
4.139115e+04 4.139115e+04 4.139115e+04 4.139115e+04 4.139116e+04 4.139148e+04 4.139248e+04 4.139619e+04 4.139880e+04 4.140186e+04 4.140929e+04 4.141837e+04 4.142881e+04 4.143964e+04 4.144834e+04 4.145017e+04 4.143784e+04 4.074349e+04 3.764411e+04 3.146624e+04 2.412549e+04 1.783452e+04 1.326084e+04 7.990230e+03 5.458858e+03 4.124806e+03 3.359352e+03 2.893123e+03 2.599205e+03 2.351905e+03 2.939426e+03 3.370422e+03 3.609138e+03
4.379312e+04 4.379312e+04 4.379312e+04 4.379312e+04 4.379312e+04 4.379321e+04 4.379347e+04 4.379455e+04 4.379541e+04 4.379654e+04 4.379975e+04 4.380444e+04 4.381061e+04 4.381747e+04 4.382258e+04 4.382111e+04 4.380545e+04 4.307081e+04 3.980882e+04 3.329443e+04 2.554391e+04 1.889637e+04 1.406086e+04 8.486076e+03 5.808170e+03 4.397314e+03 3.588242e+03 3.095659e+03 2.785015e+03 2.490120e+03 3.047299e+03 3.447990e+03 3.660572e+03
4.631147e+04 4.631147e+04 4.631147e+04 4.631147e+04 4.631148e+04 4.631183e+04 4.631292e+04 4.631728e+04 4.632055e+04 4.632454e+04 4.633471e+04 4.634775e+04 4.636340e+04 4.638055e+04 4.639639e+04 4.640558e+04 4.639989e+04 4.567310e+04 4.225413e+04 3.536773e+04 2.715409e+04 2.010170e+04 1.496870e+04 9.048535e+03 6.204320e+03 4.706147e+03 3.847220e+03 3.324191e+03 2.993893e+03 2.637737e+03 3.158460e+03 3.526686e+03 3.712466e+03
4.935819e+04 4.935819e+04 4.935819e+04 4.935820e+04 4.935822e+04 4.935872e+04 4.936030e+04 4.936659e+04 4.937130e+04 4.937702e+04 4.939146e+04 4.940963e+04 4.943102e+04 4.945424e+04 4.947608e+04 4.949071e+04 4.948923e+04 4.873206e+04 4.509641e+04 3.775794e+04 2.900043e+04 2.147919e+04 1.600410e+04 9.688696e+03 6.654637e+03 5.056643e+03 4.140399e+03 3.581995e+03 3.228485e+03 2.794987e+03 3.272777e+03 3.606357e+03 3.764711e+03
5.315682e+04 5.315682e+04 5.315682e+04 5.315682e+04 5.315683e+04 5.315690e+04 5.315714e+04 5.315845e+04 5.315973e+04 5.316151e+04 5.316669e+04 5.317411e+04 5.318364e+04 5.319422e+04 5.320285e+04 5.320366e+04 5.318744e+04 5.231386e+04 4.838088e+04 4.050147e+04 3.111281e+04 2.305261e+04 1.718568e+04 1.041836e+04 7.167200e+03 5.454723e+03 4.472316e+03 3.872630e+03 3.491624e+03 2.962036e+03 3.390092e+03 3.686839e+03 3.817198e+03
5.714175e+04 5.714175e+04 5.714175e+04 5.714175e+04 5.714175e+04 5.714183e+04 5.714209e+04 5.714382e+04 5.714554e+04 5.714789e+04 5.715459e+04 5.716400e+04 5.717595e+04 5.718930e+04 5.720081e+04 5.720418e+04 5.718952e+04 5.626834e+04 5.206053e+04 4.360323e+04 3.351310e+04 2.484499e+04 1.853316e+04 1.125053e+04 7.750963e+03 5.906913e+03 4.847906e+03 4.199913e+03 3.786287e+03 3.138976e+03 3.510220e+03 3.767963e+03 3.869819e+03
6.141733e+04 6.141733e+04 6.141733e+04 6.141733e+04 6.141735e+04 6.141795e+04 6.141981e+04 6.142727e+04 6.143287e+04 6.143972e+04 6.145727e+04 6.147994e+04 6.150740e+04 6.153814e+04 6.156834e+04 6.159081e+04 6.159449e+04 6.069597e+04 5.622640e+04 4.713458e+04 3.625220e+04 2.689191e+04 2.007209e+04 1.220021e+04 8.415919e+03 6.420362e+03 5.272480e+03 4.567860e+03 4.115537e+03 3.325807e+03 3.632948e+03 3.849554e+03 3.922459e+03
6.668191e+04 6.668191e+04 6.668191e+04 6.668192e+04 6.668194e+04 6.668275e+04 6.668526e+04 6.669531e+04 6.670284e+04 6.671202e+04 6.673523e+04 6.676460e+04 6.679940e+04 6.683769e+04 6.687510e+04 6.690365e+04 6.691126e+04 6.594529e+04 6.109211e+04 5.121761e+04 3.940023e+04 2.923675e+04 2.183199e+04 1.328422e+04 9.173136e+03 7.002832e+03 5.751656e+03 4.980606e+03 4.482439e+03 3.522425e+03 3.758035e+03 3.931428e+03 3.975005e+03
7.319205e+04 7.319205e+04 7.319205e+04 7.319205e+04 7.319205e+04 7.319219e+04 7.319262e+04 7.319489e+04 7.319706e+04 7.320006e+04 7.320868e+04 7.322094e+04 7.323661e+04 7.325422e+04 7.326961e+04 7.327468e+04 7.325676e+04 7.208301e+04 6.670683e+04 5.589702e+04 4.299776e+04 3.191415e+04 2.384124e+04 1.452097e+04 1.003478e+04 7.662627e+03 6.291249e+03 5.442286e+03 4.889946e+03 3.728611e+03 3.885210e+03 4.013400e+03 4.027343e+03
8.003702e+04 8.003702e+04 8.003702e+04 8.003702e+04 8.003702e+04 8.003715e+04 8.003756e+04 8.003932e+04 8.004089e+04 8.004313e+04 8.005001e+04 8.006062e+04 8.007503e+04 8.009181e+04 8.010654e+04 8.011046e+04 8.008978e+04 7.881037e+04 7.295154e+04 6.115756e+04 4.707166e+04 3.495988e+04 2.613241e+04 1.593170e+04 1.101423e+04 8.408426e+03 6.897062e+03 5.956845e+03 5.340750e+03 3.944018e+03 4.014173e+03 4.095279e+03 4.079356e+03
8.717738e+04 8.717738e+04 8.717739e+04 8.717739e+04 8.717743e+04 8.717841e+04 8.718148e+04 8.719374e+04 8.720294e+04 8.721416e+04 8.724262e+04 8.727885e+04 8.732208e+04 8.737006e+04 8.741733e+04 8.745377e+04 8.746386e+04 8.622491e+04 7.994606e+04 6.711438e+04 5.171489e+04 3.844232e+04 2.875427e+04 1.754179e+04 1.212578e+04 9.248877e+03 7.574556e+03 6.527798e+03 5.837096e+03 4.168159e+03 4.144596e+03 4.176871e+03 4.130928e+03
9.585115e+04 9.585115e+04 9.585115e+04 9.585116e+04 9.585120e+04 9.585240e+04 9.585617e+04 9.587116e+04 9.588230e+04 9.589584e+04 9.592994e+04 9.597331e+04 9.602540e+04 9.608408e+04 9.614362e+04 9.619310e+04 9.621551e+04 9.493276e+04 8.811219e+04 7.404159e+04 5.709540e+04 4.246293e+04 3.176962e+04 1.937860e+04 1.338338e+04 1.019183e+04 8.328379e+03 7.157911e+03 6.380569e+03 4.400402e+03 4.276123e+03 4.257979e+03 4.181943e+03
1.063658e+05 1.063658e+05 1.063658e+05 1.063658e+05 1.063659e+05 1.063671e+05 1.063709e+05 1.063861e+05 1.063977e+05 1.064120e+05 1.064489e+05 1.064970e+05 1.065558e+05 1.066230e+05 1.066921e+05 1.067507e+05 1.067799e+05 1.053792e+05 9.781983e+04 8.219580e+04 6.337119e+04 4.711511e+04 3.523463e+04 2.146534e+04 1.479832e+04 1.124333e+04 9.161817e+03 7.848871e+03 6.971872e+03 4.639966e+03 4.408373e+03 4.338408e+03 4.232287e+03
1.189761e+05 1.189761e+05 1.189761e+05 1.189762e+05 1.189762e+05 1.189778e+05 1.189826e+05 1.190022e+05 1.190168e+05 1.190347e+05 1.190800e+05 1.191377e+05 1.192064e+05 1.192828e+05 1.193590e+05 1.194209e+05 1.194469e+05 1.178058e+05 1.092440e+05 9.169100e+04 7.061259e+04 5.244252e+04 3.917747e+04 2.381521e+04 1.637731e+04 1.240671e+04 1.007630e+04 8.600978e+03 7.610619e+03 4.885920e+03 4.540943e+03 4.417962e+03 4.281847e+03
1.340250e+05 1.340250e+05 1.340250e+05 1.340250e+05 1.340250e+05 1.340254e+05 1.340267e+05 1.340323e+05 1.340372e+05 1.340437e+05 1.340621e+05 1.340879e+05 1.341209e+05 1.341581e+05 1.341920e+05 1.342075e+05 1.341812e+05 1.320648e+05 1.222384e+05 1.024321e+05 7.877295e+04 5.842707e+04 4.359328e+04 2.643002e+04 1.812171e+04 1.368212e+04 1.107107e+04 9.412899e+03 8.295167e+03 5.137186e+03 4.673409e+03 4.496443e+03 4.330511e+03
1.498138e+05 1.498138e+05 1.498138e+05 1.498138e+05 1.498138e+05 1.498142e+05 1.498154e+05 1.498204e+05 1.498243e+05 1.498292e+05 1.498428e+05 1.498621e+05 1.498872e+05 1.499156e+05 1.499389e+05 1.499407e+05 1.498951e+05 1.474437e+05 1.363838e+05 1.142020e+05 8.775103e+04 6.502385e+04 4.846191e+04 2.930427e+04 2.002825e+04 1.506647e+04 1.214296e+04 1.028149e+04 9.022486e+03 5.392551e+03 4.805332e+03 4.573661e+03 4.378172e+03
1.659736e+05 1.659736e+05 1.659736e+05 1.659737e+05 1.659737e+05 1.659752e+05 1.659800e+05 1.659990e+05 1.660133e+05 1.660307e+05 1.660745e+05 1.661299e+05 1.661953e+05 1.662664e+05 1.663327e+05 1.663751e+05 1.663639e+05 1.638062e+05 1.516037e+05 1.269601e+05 9.752487e+04 7.221907e+04 5.377300e+04 3.242987e+04 2.208975e+04 1.655329e+04 1.328621e+04 1.120165e+04 9.788077e+03 5.650678e+03 4.936262e+03 4.649425e+03 4.424726e+03
1.842255e+05 1.842255e+05 1.842255e+05 1.842255e+05 1.842255e+05 1.842271e+05 1.842318e+05 1.842508e+05 1.842649e+05 1.842822e+05 1.843261e+05 1.843823e+05 1.844499e+05 1.845248e+05 1.845956e+05 1.846414e+05 1.846292e+05 1.818038e+05 1.682644e+05 1.408840e+05 1.081661e+05 8.003389e+04 5.952616e+04 3.579508e+04 2.429438e+04 1.813241e+04 1.449230e+04 1.216625e+04 1.058594e+04 5.910128e+03 5.065740e+03 4.723552e+03 4.470071e+03
2.046136e+05 2.046136e+05 2.046136e+05 2.046137e+05 2.046137e+05 2.046152e+05 2.046198e+05 2.046382e+05 2.046520e+05 2.046688e+05 2.047116e+05 2.047663e+05 2.048317e+05 2.049031e+05 2.049679e+05 2.050027e+05 2.049713e+05 2.017235e+05 1.865698e+05 1.560775e+05 1.197073e+05 8.846457e+04 6.570302e+04 3.937749e+04 2.662350e+04 1.978915e+04 1.574966e+04 1.316606e+04 1.140859e+04 6.169381e+03 5.193306e+03 4.795863e+03 4.514112e+03
2.269517e+05 2.269517e+05 2.269517e+05 2.269517e+05 2.269518e+05 2.269528e+05 2.269560e+05 2.269688e+05 2.269787e+05 2.269908e+05 2.270226e+05 2.270641e+05 2.271145e+05 2.271687e+05 2.272131e+05 2.272218e+05 2.271546e+05 2.233628e+05 2.063594e+05 1.724138e+05 1.320484e+05 9.743216e+04 7.224119e+04 4.313676e+04 2.904962e+04 2.150384e+04 1.704367e+04 1.418985e+04 1.224721e+04 6.426863e+03 5.318503e+03 4.866187e+03 4.556757e+03
2.505112e+05 2.505112e+05 2.505112e+05 2.505112e+05 2.505112e+05 2.505122e+05 2.505154e+05 2.505281e+05 2.505376e+05 2.505492e+05 2.505783e+05 2.506147e+05 2.506568e+05 2.506987e+05 2.507252e+05 2.507079e+05 2.506025e+05 2.462085e+05 2.272009e+05 1.895630e+05 1.449569e+05 1.067770e+05 7.902925e+04 4.701294e+04 3.153612e+04 2.325202e+04 1.835692e+04 1.522470e+04 1.309188e+04 6.680981e+03 5.440882e+03 4.934361e+03 4.597921e+03
2.748067e+05 2.748067e+05 2.748067e+05 2.748067e+05 2.748067e+05 2.748070e+05 2.748080e+05 2.748120e+05 2.748149e+05 2.748186e+05 2.748285e+05 2.748418e+05 2.748578e+05 2.748705e+05 2.748637e+05 2.748064e+05 2.746502e+05 2.695981e+05 2.485105e+05 2.070717e+05 1.581129e+05 1.162822e+05 8.591937e+04 5.093065e+04 3.403920e+04 2.500552e+04 1.966999e+04 1.625651e+04 1.393198e+04 6.930149e+03 5.560009e+03 5.000230e+03 4.637525e+03
2.987206e+05 2.987206e+05 2.987206e+05 2.987206e+05 2.987206e+05 2.987209e+05 2.987219e+05 2.987258e+05 2.987286e+05 2.987319e+05 2.987397e+05 2.987486e+05 2.987568e+05 2.987576e+05 2.987331e+05 2.986495e+05 2.984544e+05 2.927860e+05 2.696499e+05 2.244438e+05 1.711644e+05 1.257080e+05 9.274762e+04 5.480694e+04 3.651140e+04 2.673436e+04 2.096250e+04 1.727068e+04 1.475663e+04 7.172827e+03 5.675468e+03 5.063652e+03 4.675495e+03
3.218592e+05 3.218592e+05 3.218592e+05 3.218592e+05 3.218592e+05 3.218590e+05 3.218584e+05 3.218557e+05 3.218537e+05 3.218512e+05 3.218451e+05 3.218374e+05 3.218267e+05 3.218060e+05 3.217565e+05 3.216416e+05 3.214050e+05 3.151419e+05 2.900447e+05 2.412179e+05 1.837765e+05 1.348225e+05 9.935391e+04 5.855986e+04 3.890572e+04 2.840895e+04 2.221443e+04 1.825293e+04 1.555525e+04 7.407548e+03 5.786866e+03 5.124493e+03 4.711764e+03
3.434757e+05 3.434757e+05 3.434757e+05 3.434757e+05 3.434757e+05 3.434754e+05 3.434747e+05 3.434718e+05 3.434693e+05 3.434661e+05 3.434572e+05 3.434449e+05 3.434272e+05 3.433965e+05 3.433325e+05 3.431962e+05 3.429276e+05 3.361322e+05 3.092141e+05 2.570034e+05 1.956615e+05 1.434239e+05 1.055970e+05 6.211572e+04 4.117938e+04 3.000209e+04 2.340733e+04 1.919008e+04 1.631803e+04 7.632952e+03 5.893839e+03 5.182632e+03 4.746272e+03
3.633064e+05 3.633064e+05 3.633064e+05 3.633064e+05 3.633064e+05 3.633058e+05 3.633038e+05 3.632961e+05 3.632902e+05 3.632831e+05 3.632649e+05 3.632415e+05 3.632111e+05 3.631659e+05 3.630843e+05 3.629254e+05 3.626255e+05 3.553487e+05 3.267839e+05 2.714956e+05 2.065937e+05 1.513522e+05 1.113640e+05 6.541421e+04 4.329666e+04 3.149077e+04 2.452536e+04 2.007071e+04 1.703644e+04 7.847811e+03 5.996057e+03 5.237962e+03 4.778965e+03
3.808932e+05 3.808932e+05 3.808932e+05 3.808932e+05 3.808932e+05 3.808926e+05 3.808906e+05 3.808825e+05 3.808764e+05 3.808688e+05 3.808494e+05 3.808240e+05 3.807908e+05 3.807412e+05 3.806528e+05 3.804823e+05 3.801632e+05 3.724961e+05 3.424965e+05 2.844863e+05 2.164183e+05 1.584963e+05 1.165750e+05 6.841133e+04 4.523067e+04 3.285716e+04 2.555599e+04 2.088562e+04 1.770347e+04 8.051049e+03 6.093222e+03 5.290387e+03 4.809798e+03
3.962256e+05 3.962256e+05 3.962256e+05 3.962256e+05 3.962256e+05 3.962248e+05 3.962225e+05 3.962132e+05 3.962061e+05 3.961976e+05 3.961757e+05 3.961474e+05 3.961107e+05 3.960568e+05 3.959623e+05 3.957825e+05 3.954478e+05 3.874575e+05 3.562333e+05 2.958722e+05 2.250540e+05 1.647955e+05 1.211846e+05 7.108019e+04 4.696401e+04 3.408920e+04 2.649041e+04 2.162811e+04 1.831393e+04 8.241759e+03 6.185076e+03 5.339825e+03 4.838732e+03
4.092603e+05 4.092603e+05 4.092603e+05 4.092603e+05 4.092603e+05 4.092595e+05 4.092572e+05 4.092478e+05 4.092408e+05 4.092323e+05 4.092107e+05 4.091828e+05 4.091466e+05 4.090929e+05 4.089975e+05 4.088140e+05 4.084707e+05 4.002296e+05 3.679865e+05 3.056401e+05 2.324852e+05 1.702344e+05 1.251789e+05 7.341008e+04 4.848846e+04 3.518044e+04 2.732348e+04 2.229404e+04 1.886440e+04 8.419217e+03 6.271403e+03 5.386207e+03 4.865733e+03
4.201380e+05 4.201380e+05 4.201380e+05 4.201380e+05 4.201379e+05 4.201372e+05 4.201351e+05 4.201263e+05 4.201197e+05 4.201116e+05 4.200911e+05 4.200645e+05 4.200296e+05 4.199772e+05 4.198822e+05 4.196973e+05 4.193486e+05 4.109116e+05 3.778361e+05 3.138474e+05 2.387485e+05 1.748345e+05 1.285700e+05 7.540408e+04 4.980390e+04 3.612960e+04 2.805354e+04 2.288169e+04 1.935325e+04 8.582883e+03 6.352026e+03 5.429480e+03 4.890778e+03
4.290228e+05 4.290228e+05 4.290228e+05 4.290227e+05 4.290227e+05 4.290220e+05 4.290198e+05 4.290111e+05 4.290046e+05 4.289967e+05 4.289770e+05 4.289516e+05 4.289185e+05 4.288680e+05 4.287748e+05 4.285902e+05 4.282391e+05 4.196552e+05 3.859156e+05 3.205978e+05 2.439166e+05 1.786439e+05 1.313893e+05 7.707605e+04 5.091675e+04 3.693968e+04 2.868191e+04 2.339148e+04 1.978043e+04 8.732400e+03 6.426811e+03 5.469602e+03 4.913848e+03
4.360937e+05 4.360937e+05 4.360937e+05 4.360937e+05 4.360936e+05 4.360931e+05 4.360913e+05 4.360841e+05 4.360786e+05 4.360720e+05 4.360551e+05 4.360331e+05 4.360037e+05 4.359573e+05 4.358679e+05 4.356862e+05 4.353356e+05 4.266476e+05 3.923918e+05 3.260241e+05 2.480846e+05 1.817277e+05 1.336810e+05 7.844740e+04 5.183831e+04 3.761704e+04 2.921228e+04 2.382562e+04 2.014724e+04 8.867589e+03 6.495666e+03 5.506548e+03 4.934932e+03
4.416021e+05 4.416021e+05 4.416021e+05 4.416021e+05 4.416021e+05 4.416015e+05 4.415997e+05 4.415925e+05 4.415871e+05 4.415806e+05 4.415643e+05 4.415434e+05 4.415159e+05 4.414717e+05 4.413849e+05 4.412054e+05 4.408556e+05 4.320939e+05 3.974479e+05 3.302728e+05 2.513592e+05 1.841598e+05 1.354961e+05 7.954404e+04 5.258302e+04 3.817036e+04 2.965016e+04 2.418770e+04 2.045608e+04 8.988439e+03 6.558538e+03 5.540303e+03 4.954026e+03
4.457092e+05 4.457092e+05 4.457092e+05 4.457092e+05 4.457092e+05 4.457088e+05 4.457075e+05 4.457022e+05 4.456982e+05 4.456934e+05 4.456810e+05 4.456647e+05 4.456423e+05 4.456037e+05 4.455225e+05 4.453480e+05 4.450020e+05 4.361978e+05 4.012677e+05 3.334917e+05 2.538484e+05 1.860159e+05 1.368876e+05 8.039380e+04 5.316706e+04 3.860975e+04 3.000222e+04 2.448230e+04 2.071018e+04 9.095092e+03 6.615416e+03 5.570867e+03 4.971131e+03
4.487022e+05 4.487022e+05 4.487022e+05 4.487022e+05 4.487022e+05 4.487017e+05 4.487004e+05 4.486951e+05 4.486911e+05 4.486862e+05 4.486738e+05 4.486577e+05 4.486357e+05 4.485979e+05 4.485176e+05 4.483440e+05 4.479984e+05 4.391568e+05 4.040223e+05 3.358174e+05 2.556529e+05 1.873676e+05 1.379067e+05 8.102442e+04 5.360705e+04 3.894600e+04 3.027581e+04 2.471462e+04 2.091332e+04 9.187826e+03 6.666326e+03 5.598253e+03 4.986256e+03
4.506536e+05 4.506536e+05 4.506536e+05 4.506536e+05 4.506535e+05 4.506532e+05 4.506521e+05 4.506476e+05 4.506443e+05 4.506402e+05 4.506297e+05 4.506159e+05 4.505965e+05 4.505614e+05 4.504838e+05 4.503127e+05 4.499690e+05 4.411092e+05 4.058459e+05 3.373643e+05 2.568607e+05 1.882793e+05 1.386001e+05 8.146232e+04 5.391935e+04 3.918997e+04 3.047855e+04 2.489018e+04 2.106960e+04 9.267035e+03 6.711328e+03 5.622485e+03 4.999414e+03
4.517158e+05 4.517158e+05 4.517158e+05 4.517158e+05 4.517158e+05 4.517155e+05 4.517143e+05 4.517098e+05 4.517065e+05 4.517023e+05 4.516918e+05 4.516781e+05 4.516591e+05 4.516247e+05 4.515482e+05 4.513785e+05 4.510362e+05 4.421737e+05 4.068522e+05 3.382307e+05 2.575487e+05 1.888083e+05 1.390103e+05 8.173203e+04 5.411949e+04 3.935223e+04 3.061800e+04 2.501459e+04 2.118329e+04 9.333214e+03 6.750513e+03 5.643598e+03 5.010624e+03
4.519494e+05 4.519494e+05 4.519494e+05 4.519494e+05 4.519494e+05 4.519492e+05 4.519484e+05 4.519454e+05 4.519431e+05 4.519403e+05 4.519329e+05 4.519230e+05 4.519082e+05 4.518783e+05 4.518066e+05 4.516418e+05 4.513046e+05 4.424653e+05 4.071516e+05 3.385102e+05 2.577889e+05 1.890075e+05 1.391764e+05 8.185614e+04 5.422194e+04 3.944279e+04 3.070144e+04 2.509334e+04 2.125863e+04 9.386935e+03 6.784004e+03 5.661639e+03 5.019912e+03
4.515679e+05 4.515679e+05 4.515679e+05 4.515679e+05 4.515679e+05 4.515677e+05 4.515669e+05 4.515639e+05 4.515616e+05 4.515587e+05 4.515516e+05 4.515421e+05 4.515281e+05 4.514996e+05 4.514296e+05 4.512671e+05 4.509327e+05 4.421196e+05 4.068591e+05 3.382942e+05 2.576491e+05 1.889261e+05 1.391339e+05 8.185527e+04 5.423999e+04 3.947094e+04 3.073572e+04 2.513168e+04 2.129975e+04 9.428833e+03 6.811948e+03 5.676664e+03 5.027306e+03
4.506420e+05 4.506420e+05 4.506420e+05 4.506420e+05 4.506420e+05 4.506418e+05 4.506412e+05 4.506387e+05 4.506367e+05 4.506343e+05 4.506282e+05 4.506201e+05 4.506077e+05 4.505809e+05 4.505131e+05 4.503532e+05 4.500220e+05 4.412425e+05 4.060729e+05 3.376633e+05 2.571900e+05 1.886078e+05 1.389150e+05 8.174793e+04 5.418565e+04 3.944514e+04 3.072717e+04 2.513451e+04 2.131054e+04 9.459583e+03 6.834513e+03 5.688737e+03 5.032842e+03
4.492651e+05 4.492651e+05 4.492651e+05 4.492651e+05 4.492651e+05 4.492649e+05 4.492644e+05 4.492621e+05 4.492604e+05 4.492583e+05 4.492530e+05 4.492459e+05 4.492348e+05 4.492096e+05 4.491438e+05 4.489862e+05 4.486582e+05 4.399193e+05 4.048733e+05 3.366855e+05 2.564635e+05 1.880909e+05 1.385477e+05 8.155043e+04 5.406957e+04 3.937299e+04 3.068155e+04 2.510635e+04 2.129466e+04 9.479891e+03 6.851890e+03 5.697933e+03 5.036556e+03
4.475157e+05 4.475157e+05 4.475157e+05 4.475157e+05 4.475157e+05 4.475155e+05 4.475150e+05 4.475127e+05 4.475110e+05 4.475089e+05 4.475038e+05 4.474970e+05 4.474865e+05 4.474622e+05 4.473976e+05 4.472420e+05 4.469169e+05 4.382239e+05 4.033292e+05 3.354186e+05 2.555142e+05 1.874080e+05 1.380559e+05 8.127686e+04 5.390104e+04 3.926119e+04 3.060397e+04 2.505130e+04 2.125544e+04 9.490472e+03 6.864281e+03 5.704330e+03 5.038491e+03
